;Exported by	: joomb
;Date			: 12.04.2023 15:08:23
;File			: H:\git\gem2-mdl-soldiers\models\building\house_uk\house_uk_001.max
{skeleton
	{bone "hs_ua_piece_07"
		{orientation
			1 	 0 	 0
			0 	 -1 	 0
			0 	 0 	 1
		}
		{poly "hs_ua_piece_07"}
		{bone "fix02"
			{Position -10.4147 	 34.4151 	 -25.5973}
		}
		{bone "fix01"
			{Position -30.9584 	 -66.8358 	 -34.5394}
		}
	}
}
{"volumes"
	{"roof01"
		{polyhedron}
		{bone "hs_ua_piece_07"}
		{matrix34
			0 	 0.5736 	 0.8192
			-1 	 0 	 0
			0 	 -0.8192 	 0.5736
			-11.0486 	 23.7616 	 -15.3958
		}
	}
	{"roof02"
		{polyhedron}
		{bone "hs_ua_piece_07"}
		{matrix34
			-0.6428 	 0 	 0.766
			0 	 -1 	 0
			0.766 	 0 	 0.6428
			-28.0046 	 -25.7824 	 -8.2789
		}
	}
	{"roof03"
		{polyhedron}
		{bone "hs_ua_piece_07"}
		{matrix34
			0 	 0.5736 	 -0.8192
			-1 	 0 	 0
			0 	 0.8192 	 0.5736
			-3.4369 	 -30.5544 	 -2.0093
		}
	}
	{"roof04"
		{polyhedron}
		{bone "hs_ua_piece_07"}
		{matrix34
			-0.7071 	 0 	 0.7071
			0 	 -1 	 0
			0.7071 	 0 	 0.7071
			-33.7618 	 -1.7469 	 -16.8647
		}
	}
}
