;Exported by:	 tolokolnikova
;Date:			 08.06.2018 15:35:15
;File:			 D:\gem2\gem2-mdl-soldiers\models\building\building_ua01\building_07_v2_x_recover.max
{skeleton
	{bone "b_ua_07_piece09_point"
		{orientation
			1 	 0 	 0
			0 	 -1 	 0
			0 	 0 	 1
		}
		{bone "piece01"
			{matrix34
				-1 	 0 	 0
				0 	 -1 	 0
				0 	 0 	 1
				15.9157 	 31.634 	 -3.855
			}
			{poly "piece01"}
		}
		{bone "sub_piece01"
			{matrix34
				-1 	 0 	 0
				0 	 -1 	 0
				0 	 0 	 1
				-34.9994 	 18.0061 	 9.6093
			}
			{poly "sub_piece01"}
		}
		{bone "sub_piece02"
			{Position -11.925 	 -13.5579 	 14.5028}
			{poly "sub_piece02"}
		}
		{bone "sub_piece03"
			{matrix34
				0 	 1 	 0
				-1 	 0 	 0
				0 	 0 	 1
				32.7867 	 -1.0291 	 10.1364
			}
			{poly "sub_piece03"}
		}
		{bone "sub_piece04"
			{matrix34
				-1 	 0 	 0
				0 	 -1 	 0
				0 	 0 	 1
				2.1448 	 10.4501 	 20.1739
			}
			{poly "sub_piece04"}
		}
		{bone "sub_piece05"
			{Position -56.6132 	 -0.1453 	 30.855}
			{poly "sub_piece05"}
		}
	}
}
{volume "piece01"
	{box 26.9244 1.37795 19.5316}
	{bone "piece01"}
	{matrix34
		1 	 0 	 0
		0 	 0.766 	 -0.6428
		0 	 0.6428 	 0.766
		2.6782 	 0.3493 	 -0.7108
	}
}
{volume "sub_piece01"
	{box 33.6555 1.37795 11.0348}
	{bone "sub_piece01"}
	{matrix34
		1 	 0 	 0
		0 	 0.766 	 -0.6428
		0 	 0.6428 	 0.766
		0.968 	 -8.4221 	 -7.3685
	}
}
{volume "sub_piece02"
	{box 33.6555 1.37795 29.2974}
	{bone "sub_piece02"}
	{matrix34
		1 	 0 	 0
		0 	 0.766 	 -0.6428
		0 	 0.6428 	 0.766
		-1.928 	 -5.5575 	 -3.6393
	}
}
{volume "sub_piece03"
	{box 33.6555 1.37795 11.0348}
	{bone "sub_piece03"}
	{matrix34
		1 	 0 	 0
		0 	 0.766 	 -0.6428
		0 	 0.6428 	 0.766
		0.968 	 -8.4221 	 -7.3685
	}
}
{volume "sub_piece04"
	{box 33.6555 1.37795 11.0348}
	{bone "sub_piece04"}
	{matrix34
		1 	 0 	 0
		0 	 0.766 	 -0.6428
		0 	 0.6428 	 0.766
		0.968 	 -0.2833 	 -0.0897
	}
}
{volume "sub_piece05"
	{box 20.9055 18.134 16.1732}
	{bone "sub_piece05"}
	{matrix34
		0 	 -1 	 0
		1 	 0 	 0
		0 	 0 	 1
		0 	 0 	 1.5469
	}
}
