;Exported by: klimenko
;Date:        Thu Mar 29 18:31:49 2007
;File:        D:\-Project-\-3DWork-\idustrial\admin_plant_3x.max
{Skeleton
	{bone "corner16"
		{Orientation
			1	0	0
			0	-1	0
			0	0	1
		}
		{bone "piece01"
			{Position -8.703	46.7522	85.9471}
			{poly "piece01"}
		}
		{bone "piece02"
			{Position -6.15381	4.07091	102.504}
			{poly "piece02"}
		}
		{bone "piece03"
			{Position -63.9837	43.8341	109.342}
			{poly "piece03"}
		}
		{bone "piece04"
			{Position -20.1722	43.8341	106.461}
			{poly "piece04"}
		}
		{bone "piece05"
			{Position -48.9191	46.7522	85.4986}
			{poly "piece05"}
		}
		{bone "piece06"
			{Position 46.4182	4.55067	205.617}
			{poly "piece06"}
		}
		{bone "piece07"
			{Position 18.1001	-31.3441	147.786}
			{poly "piece07"}
		}
		{bone "piece08"
			{Position 59.319	-6.98855	140.871}
			{poly "piece08"}
		}
		{bone "piece09"
			{Position 63.6447	-13.4931	169.95}
			{poly "piece09"}
		}
		{bone "piece10"
			{Position 77.7765	4.07091	103.173}
			{poly "piece10"}
		}
		{bone "piece11"
			{Position 77.7765	27.2566	104.211}
			{poly "piece11"}
		}
		{bone "piece12"
			{Position 73.6112	46.7522	96.5668}
			{poly "piece12"}
		}
		{bone "sub_piece01"
			{Position -2.95959	-1.56052	140.871}
			{poly "sub_piece01"}
		}
		{bone "sub_piece02"
			{Position -49.873	-15.1612	171.839}
			{poly "sub_piece02"}
		}
		{bone "sub_piece03"
			{Position 77.4957	46.7522	126.004}
			{poly "sub_piece03"}
		}
		{bone "sub_piece04"
			{Position 33.0663	46.7523	119.946}
			{poly "sub_piece04"}
		}
		{bone "sub_piece05"
			{Position -5.90308	46.7522	112.943}
			{poly "sub_piece05"}
		}
		{bone "sub_piece06"
			{Position 34.1521	46.7756	89.2475}
			{poly "sub_piece06"}
		}
		{bone "sub_piece07"
			{Position -5.3927	24.9769	122.714}
			{poly "sub_piece07"}
		}
		{bone "sub_piece08"
			{Position -41.3297	46.7522	122.375}
			{poly "sub_piece08"}
		}
		{bone "sub_piece09"
			{Position 17.6013	43.8341	109.341}
			{poly "sub_piece09"}
		}
		{bone "sub_piece10"
			{Position 53.3007	45.5933	106.87}
			{poly "sub_piece10"}
		}
		{bone "sub_piece11"
			{Position -28.0055	-24.4998	119.011}
			{poly "sub_piece11"}
		}
		{bone "sub_piece12"
			{Position 61.8737	-24.5262	107.377}
			{poly "sub_piece12"}
		}
		{bone "sub_piece13"
			{Position -1.19189	-24.4967	101.218}
			{poly "sub_piece13"}
		}
	}
}
{Volume "piece01"
	{Box 28.5855 4.92126 22.2406}
	{Bone "piece01"}
}
{Volume "piece02"
	{Box 4.92731 14.6757 34.434}
	{Bone "piece02"}
	{Position 0	0	0}
}
{Volume "piece03"
	{Box 2.30209 4.86522 35.4477}
	{Bone "piece03"}
	{Matrix34
		0.997808	-0.00203145	0.0661419
		0	0.999529	0.0307013
		-0.0661732	-0.0306342	0.997338
		-12.1688	-2.91312e-005	1.88353e-005
	}
}
{Volume "piece04"
	{Box 25.5789 6.48692 35.4477}
	{Bone "piece04"}
	{Position 5.03324e-005	0	0}
}
{Volume "piece05"
	{Box 28.1666 4.92126 14.5732}
	{Bone "piece05"}
}
{Volume "piece06"
	{Box 13.0945 14.3221 57.4332}
	{Bone "piece06"}
	{Position 0	0	0}
}
{Volume "piece07"
	{Box 142.995 5.90552 5.90552}
	{Bone "piece07"}
	{Matrix34
		0.996417	0	-0.0845785
		0	1	0
		0.0845785	0	0.996417
		-1.58645e-005	0	0
	}
}
{Volume "piece08"
	{Box 5.90552 100.598 5.90552}
	{Bone "piece08"}
	{Matrix34
		1	0	0
		0	0.988743	0.149623
		0	-0.149623	0.988743
		0	0	0
	}
}
{Volume "piece09"
	{Box 64.2825 61.8795 4.20533}
	{Bone "piece09"}
	{Matrix34
		1	0	0
		0	0.898582	-0.438805
		0	0.438805	0.898582
		0	-0.678533	3.642
	}
}
{Volume "piece10"
	{Box 4.92731 14.6757 24.9488}
	{Bone "piece10"}
	{Position 0	0	0}
}
{Volume "piece11"
	{Box 4.92731 18.4115 29.4229}
	{Bone "piece11"}
}
{Volume "piece12"
	{Box 33.0945 4.92126 34.2743}
	{Bone "piece12"}
	{Position 0	0	0}
}
{Volume "sub_piece01"
	{Box 5.90552 89.742 5.90552}
	{Bone "sub_piece01"}
	{Matrix34
		1	0	0
		0	0.987444	0.157972
		0	-0.157972	0.987444
		0	0	0
	}
}
{Volume "sub_piece02"
	{Box 26.8472 51.4714 2.77288}
	{Bone "sub_piece02"}
	{Matrix34
		0.89476	0.391023	-0.215649
		-0.446231	0.801102	-0.39889
		0.0167816	0.453141	0.891281
		20.0104	12.6466	-5.50659
	}
}
{Volume "sub_piece03"
	{Box 23.5862 4.92126 25.6202}
	{Bone "sub_piece03"}
	{Position 0	0	0}
}
{Volume "sub_piece04"
	{Box 30.1445 4.92135 15.1475}
	{Bone "sub_piece04"}
	{Position 0	0	0}
}
{Volume "sub_piece05"
	{Box 13.7735 4.92126 26.9546}
	{Bone "sub_piece05"}
	{Position 0	0	0}
}
{Volume "sub_piece06"
	{Box 10.4688 4.92126 22.9554}
	{Bone "sub_piece06"}
}
{Volume "sub_piece07"
	{Box 4.92126 30.7483 26.2871}
	{Bone "sub_piece07"}
	{Position 0	0	0}
}
{Volume "sub_piece08"
	{Box 24.685 4.92126 22.6435}
	{Bone "sub_piece08"}
}
{Volume "sub_piece09"
	{Box 7.09175 3.89215 35.4477}
	{Bone "sub_piece09"}
	{Position 9.45056	0	0}
}
{Volume "sub_piece10"
	{Box 2.78463 2.11391 26.56}
	{Bone "sub_piece10"}
}
{Volume "sub_piece11"
	{Box 24.8262 4.93918 24.7546}
	{Bone "sub_piece11"}
	{Position 0	0	0}
}
{Volume "sub_piece12"
	{Box 25.7308 4.93595 39.1154}
	{Bone "sub_piece12"}
}
{Volume "sub_piece13"
	{Box 25.0742 4.93935 25.4092}
	{Bone "sub_piece13"}
	{Position 0	0	0}
}
