;Exported by:	 Evhen
;Date:			 18.05.2020 11:44:53
;File:			 D:\gem2-mdl-soldiers\models\entourage\tower_water_001\tower_water_001.max
{skeleton
	{bone "tower_water_x"
		{orientation
			1 	 0 	 0
			0 	 -1 	 0
			0 	 0 	 1
		}
		{bone "ground"
			{parameters "land;ground;"}
			{Position 0.003 	 0 	 -1.2929}
			{poly "ground" {ground}}
		}
		{bone "piece02"
			{Position 51.3714 	 -32.8328 	 144.589}
			{poly "piece02"}
			{bone "sub_piece02"
				{Position -14.7127 	 -0.1594 	 -19.1963}
				{poly "sub_piece02"}
			}
		}
		{bone "piece04"
			{Position 53.9868 	 30.4222 	 153.902}
			{poly "piece04"}
			{bone "sub_piece04"
				{Position 0.0544 	 -21.1687 	 8.4555}
				{poly "sub_piece04"}
			}
		}
		{bone "piece03"
			{Position -50.408 	 32.4751 	 144.589}
			{poly "piece03"}
			{bone "sub_piece03"
				{Position 23.2784 	 -0.229 	 -12.3385}
				{poly "sub_piece03"}
			}
		}
		{bone "piece01"
			{Position -53.2075 	 -32.3777 	 153.936}
			{poly "piece01"}
			{bone "sub_piece01"
				{Position 21.3281 	 -0.4027 	 2.4649}
				{poly "sub_piece01"}
			}
		}
		{bone "sub_piece13"
			{matrix34
				0.9986 	 0 	 -0.0523
				0 	 1 	 0
				0.0523 	 0 	 0.9986
				-40.0127 	 42.4781 	 108.384
			}
			{poly "sub_piece13"}
		}
		{bone "piece13"
			{Position -40.0075 	 34.3209 	 21.24}
			{poly "piece13"}
		}
		{bone "piece15"
			{Position 34.6557 	 -41.5274 	 138.908}
			{poly "piece15"}
		}
		{bone "piece05"
			{Position -57.3047 	 -35.389 	 40.8233}
			{poly "piece05"}
		}
		{bone "piece06"
			{Position -0.1871 	 -34.816 	 58.7807}
			{poly "piece06"}
		}
		{bone "piece07"
			{Position 55.86 	 -34.0378 	 77.6472}
			{poly "piece07"}
		}
		{bone "piece08"
			{Position 56.1461 	 35.7274 	 39.0606}
			{poly "piece08"}
		}
		{bone "piece09"
			{Position -0.0928 	 35.1058 	 50.969}
			{poly "piece09"}
		}
		{bone "piece10"
			{Position -56.2138 	 32.4863 	 76.8254}
			{poly "piece10"}
		}
		{bone "land_detail"
			{Position -0.0133 	 -0.0636 	 8.0723}
			{poly "land_detail"}
		}
		{bone "piece14"
			{Position 12.6263 	 32.4829 	 163.197}
			{poly "piece14"}
		}
		{bone "sub_piece15"
			{Position -9.8422 	 -23.5283 	 114.946}
			{poly "sub_piece15"}
		}
		{bone "piece12"
			{matrix34
				0.9976 	 0 	 -0.0698
				0 	 1 	 0
				0.0698 	 0 	 0.9976
				15.3733 	 -12.5831 	 55.3614
			}
			{poly "piece12"}
		}
		{bone "piece11"
			{Position -15.4438 	 -2.2035 	 18.6827}
			{poly "piece11"}
		}
		{bone "sub_piece05"
			{Position -26.969 	 -35.8134 	 85.3834}
			{poly "sub_piece05"}
		}
		{bone "sub_piece06"
			{Position 29.2515 	 -38.671 	 32.2602}
			{poly "sub_piece06"}
		}
		{bone "sub_piece11"
			{Position 16.0119 	 -7.4209 	 174.638}
			{poly "sub_piece11"}
		}
		{bone "sub_piece12"
			{Position 6.8253 	 33.4642 	 134.593}
			{poly "sub_piece12"}
		}
		{bone "sub_piece10"
			{Position 14.068 	 -33.4642 	 155.485}
			{poly "sub_piece10"}
		}
		{bone "sub_piece07"
			{Position -57.3479 	 0.7695 	 85.3889}
			{poly "sub_piece07"}
		}
		{bone "sub_piece09"
			{Position 28.1373 	 35.735 	 85.2637}
			{poly "sub_piece09"}
		}
		{bone "sub_piece08"
			{Position 60.1134 	 -1.2493 	 31.5041}
			{poly "sub_piece08"}
		}
		{bone "sub_piece14"
			{Position -28.3952 	 38.5517 	 31.8503}
			{poly "sub_piece14"}
		}
	}
}
{volume "piece01_volume"
	{box 3.86582 15.9553 62.2153}
	{bone "piece01"}
	{Position -0.9129 	 5.8492 	 -9.1702}
}
{volume "piece02_volume"
	{box 3.86582 8.42438 62.2153}
	{bone "piece01"}
	{matrix34
		0 	 -1 	 0
		1 	 0 	 0
		0 	 0 	 1
		5.1491 	 -0.1765 	 -9.1702
	}
}
{volume "piece03_volume"
	{box 1.70096 1.27642 18.6646}
	{bone "piece01"}
	{Position -1.0256 	 -0.4867 	 31.0593}
}
{volume "piece04_volume"
	{box 3.94352 8.71753 61.8496}
	{bone "piece02"}
	{matrix34
		-1 	 0 	 0
		0 	 -1 	 0
		0 	 0 	 1
		2.5994 	 2.9986 	 -0.0673
	}
}
{volume "piece05_volume"
	{box 3.86582 9.51804 61.8496}
	{bone "piece02"}
	{matrix34
		0 	 -1 	 0
		1 	 0 	 0
		0 	 0 	 1
		-4.4667 	 0.2598 	 -0.0673
	}
}
{volume "piece06_volume"
	{box 3.86582 11.8069 62.2153}
	{bone "piece03"}
	{Position -3.7124 	 -4.1967 	 0.1776}
}
{volume "piece07_volume"
	{box 3.86582 17.5227 62.2153}
	{bone "piece03"}
	{matrix34
		0 	 -1 	 0
		1 	 0 	 0
		0 	 0 	 1
		7.1661 	 0.0029 	 0.1776
	}
}
{volume "piece08_volume"
	{box 3.86582 13.3418 61.8496}
	{bone "piece04"}
	{matrix34
		0 	 -1 	 0
		1 	 0 	 0
		0 	 0 	 1
		-4.8489 	 2.0558 	 -9.381
	}
}
{volume "piece09_volume"
	{box 3.86582 7.20457 61.8496}
	{bone "piece04"}
	{matrix34
		-1 	 0 	 0
		0 	 -1 	 0
		0 	 0 	 1
		-0.016 	 -4.4427 	 -9.381
	}
}
{volume "piece10_volume"
	{box 1.70096 1.27642 18.6646}
	{bone "piece04"}
	{Position 0.1553 	 2.407 	 31.0933}
}
{volume "piece11_volume"
	{box 2.79383 2.84827 56.1834}
	{bone "piece05"}
	{matrix34
		0.0027 	 -0.9986 	 0.0523
		0.9986 	 0 	 -0.0523
		0.0523 	 0.0523 	 0.9973
		0.3405 	 0.056 	 0.1674
	}
}
{volume "piece12_volume"
	{box 2.79383 2.84827 53.4566}
	{bone "piece06"}
	{matrix34
		0 	 -0.9986 	 0.0523
		1 	 0 	 0
		0 	 0.0523 	 0.9986
		0.1909 	 0.587 	 0.0197
	}
}
{volume "piece13_volume"
	{box 2.79383 2.84827 55.0764}
	{bone "piece07"}
	{matrix34
		-0.0027 	 -0.9986 	 0.0523
		0.9986 	 0 	 0.0523
		-0.0523 	 0.0523 	 0.9973
		-1.151 	 0.572 	 -0.0588
	}
}
{volume "piece14_volume"
	{box 2.79383 2.84827 54.5147}
	{bone "piece08"}
	{matrix34
		0 	 -0.9986 	 -0.0523
		0.9986 	 -0.0027 	 0.0523
		-0.0523 	 -0.0523 	 0.9973
		0.6682 	 -0.3905 	 0.1179
	}
}
{volume "piece15_volume"
	{box 2.79383 2.84827 46.8826}
	{bone "piece09"}
	{matrix34
		-0.0027 	 -0.9986 	 -0.0523
		1 	 -0.0027 	 0
		0 	 -0.0523 	 0.9986
		0.1895 	 -0.3478 	 0.1433
	}
}
{volume "piece16_volume"
	{box 2.79383 2.84827 53.915}
	{bone "piece10"}
	{matrix34
		-0.0055 	 -0.9986 	 -0.052
		0.9986 	 -0.0027 	 -0.0524
		0.0522 	 -0.0523 	 0.9973
		1.4823 	 0.7579 	 1.8424
	}
}
{volume "piece17_volume"
	{cylinder 4.47837 7.59886}
	{bone "piece11"}
	{matrix34
		1 	 0 	 0
		0 	 0 	 1
		0 	 -1 	 0
		0.0182 	 0.5703 	 -4.1129
	}
}
{volume "piece18_volume"
	{cylinder 3.0005 20.7799}
	{bone "piece11"}
	{matrix34
		1 	 0 	 0
		0 	 0.1736 	 0.9848
		0 	 -0.9848 	 0.1736
		0.0182 	 -0.1377 	 -3.826
	}
}
{volume "piece19_volume"
	{cylinder 3.49313 0.622649}
	{bone "piece11"}
	{Position 0.0182 	 0.4871 	 8.8614}
}
{volume "piece20_volume"
	{cylinder 2.99406 38.7238}
	{bone "piece12"}
	{Position -0.0007 	 0.022 	 0.278}
}
{volume "piece21_volume"
	{cylinder 1.79135 6.23107}
	{bone "piece13"}
	{Position -0.0036 	 -8.0287 	 -9.4997}
}
{volume "piece22_volume"
	{cylinder 1.79135 18.6172}
	{bone "piece13"}
	{Position -0.0036 	 8.1507 	 3.6938}
}
{volume "piece23_volume"
	{box 3.86582 28.3868 16.2335}
	{bone "piece14"}
	{matrix34
		0 	 -1 	 0
		1 	 0 	 0
		0 	 0 	 1
		-0.1751 	 -0.005 	 4.1087
	}
}
{volume "piece24_volume"
	{box 0.579873 12.659 41.4392}
	{bone "piece15"}
	{matrix34
		0 	 -1 	 0
		1 	 0 	 0
		0 	 0 	 1
		0.0034 	 0.02 	 -0.8872
	}
}
{volume "sub_piece01_volume"
	{box 3.86582 21.3137 30.7904}
	{bone "sub_piece01"}
	{matrix34
		0 	 -1 	 0
		1 	 0 	 0
		0 	 0 	 1
		0.2841 	 0.2261 	 3.664
	}
}
{volume "sub_piece02_volume"
	{box 3.86582 15.7999 18.6452}
	{bone "sub_piece02"}
	{matrix34
		0 	 -1 	 0
		1 	 0 	 0
		0 	 0 	 1
		-2.6121 	 0.4193 	 -2.4732
	}
}
{volume "sub_piece03_volume"
	{box 3.86582 17.5227 26.7526}
	{bone "sub_piece03"}
	{matrix34
		0 	 -1 	 0
		1 	 0 	 0
		0 	 0 	 1
		2.1371 	 0.2319 	 -5.2153
	}
}
{volume "sub_piece04_volume"
	{box 3.86582 20.6771 23.8135}
	{bone "sub_piece04"}
	{matrix34
		-1 	 0 	 0
		0 	 -1 	 0
		0 	 0 	 1
		-0.0704 	 0.2333 	 1.3462
	}
}
{volume "sub_piece05_volume"
	{box 2.79383 2.84827 66.8582}
	{bone "sub_piece05"}
	{matrix34
		-0.0373 	 -0.9991 	 0.021
		0.7009 	 -0.0112 	 0.7132
		-0.7123 	 0.0413 	 0.7007
		-0.1467 	 -0.1873 	 0.1213
	}
}
{volume "sub_piece06_volume"
	{box 2.79383 2.84827 70.8158}
	{bone "sub_piece06"}
	{matrix34
		-0.038 	 -0.9991 	 0.0197
		0.6756 	 -0.0112 	 0.7372
		-0.7363 	 0.0413 	 0.6754
		0.0021 	 0.4058 	 0.0055
	}
}
{volume "sub_piece07_volume"
	{box 2.79383 2.84827 76.8458}
	{bone "sub_piece07"}
	{matrix34
		0.9954 	 -0.0284 	 -0.0918
		0.0906 	 0.5954 	 0.7983
		0.032 	 -0.8029 	 0.5952
		0.1004 	 -0.0105 	 0.2482
	}
}
{volume "sub_piece08_volume"
	{box 2.79383 2.84827 81.6223}
	{bone "sub_piece08"}
	{matrix34
		-0.9952 	 0.0279 	 -0.0937
		-0.092 	 -0.5912 	 0.8012
		-0.033 	 0.806 	 0.591
		-0.0204 	 -0.2216 	 -0.0113
	}
}
{volume "sub_piece09_volume"
	{box 2.79383 2.84827 68.0186}
	{bone "sub_piece09"}
	{matrix34
		-0.0407 	 -0.9952 	 -0.0889
		0.697 	 -0.092 	 0.7111
		-0.7159 	 -0.033 	 0.6974
		0.452 	 -0.1392 	 0.5578
	}
}
{volume "sub_piece10_volume"
	{box 0.773164 32.417 17.9242}
	{bone "sub_piece10"}
	{matrix34
		0 	 -1 	 0
		1 	 0 	 0
		0 	 0 	 1
		-0.7543 	 -0.027 	 -0.6751
	}
}
{volume "sub_piece11_volume"
	{box 16.8055 28.3868 0.487004}
	{bone "sub_piece11"}
	{matrix34
		0 	 -1 	 0
		1 	 0 	 0
		0 	 0 	 1
		-1.0157 	 -0.4726 	 -0.0018
	}
}
{volume "sub_piece12_volume"
	{box 0.773164 32.417 17.9242}
	{bone "sub_piece12"}
	{matrix34
		0 	 -1 	 0
		1 	 0 	 0
		0 	 0 	 1
		-0.2757 	 -0.3443 	 -1.2165
	}
}
{volume "sub_piece13_volume"
	{cylinder 1.79135 75.7683}
	{bone "sub_piece13"}
	{Position -0.0036 	 -0.0065 	 0.1955}
}
{volume "sub_piece14_volume"
	{box 2.79383 2.84827 69.4066}
	{bone "sub_piece14"}
	{matrix34
		-0.0407 	 -0.9952 	 -0.0889
		0.697 	 -0.092 	 0.7111
		-0.7159 	 -0.033 	 0.6974
		-0.1198 	 -0.0389 	 0.2338
	}
}
{volume "sub_piece15_volume"
	{box 23.1563 37.5962 3.36755}
	{bone "sub_piece15"}
	{matrix34
		0 	 -1 	 0
		1 	 0 	 0
		0 	 0 	 1
		-0.3469 	 0.65 	 0.3344
	}
}
