;Exported by:	 tolokolnikova
;Date:			 05.04.2016 16:55:22
;File:			 D:\gem2\gem2-mdl-soldiers\models\entourage\baricade\baricade_2010.max
{skeleton
	{bone "barrage3a_g2_x"
		{orientation
			1 	 0 	 0
			0 	 -1 	 0
			0 	 0 	 1
		}
		{bone "piece06"
			{Position 3.0735 	 -58.7813 	 5.4054}
			{poly "piece06"}
		}
		{bone "piece02"
			{Position -2.7322 	 -22.2979 	 10.0932}
			{poly "piece02"}
		}
		{bone "piece03"
			{Position -2.2402 	 18.2749 	 11.4597}
			{poly "piece03"}
		}
		{bone "piece04"
			{Position -2.2943 	 61.4207 	 10.3278}
			{poly "piece04"}
		}
		{bone "piece05"
			{Position -2.0824 	 -60.823 	 10.1437}
			{poly "piece05"}
		}
		{bone "piece01"
			{Position 1.7949 	 58.8444 	 6.4435}
			{poly "piece01"}
		}
	}
}
{volume "piece01"
	{cylinder 1.32929 28.6461}
	{bone "piece01"}
	{matrix34
		0.8026 	 0.0069 	 -0.5964
		-0.0394 	 0.9984 	 -0.0415
		0.5952 	 0.0568 	 0.8016
		-0.1084 	 0.1743 	 -0.5821
	}
}
{volume "piece02"
	{cylinder 1.73711 36.7304}
	{bone "piece02"}
	{matrix34
		0.9246 	 0.0359 	 0.3792
		0.0006 	 0.9954 	 -0.0957
		-0.3809 	 0.0887 	 0.9203
		0.1053 	 0.321 	 -0.3223
	}
}
{volume "piece03"
	{cylinder 1.89898 38.7678}
	{bone "piece03"}
	{matrix34
		0.8583 	 -0.3032 	 0.414
		0.2709 	 0.9529 	 0.1362
		-0.4358 	 -0.0047 	 0.9
		0.2039 	 -0.0445 	 0.008
	}
}
{volume "piece04"
	{cylinder 1.89898 36.7258}
	{bone "piece04"}
	{matrix34
		0.9176 	 0.0298 	 0.3964
		-0.0189 	 0.9993 	 -0.0314
		-0.397 	 0.0213 	 0.9176
		-0.1471 	 0.2082 	 -0.2956
	}
}
{volume "piece05"
	{cylinder 1.92159 34.9165}
	{bone "piece05"}
	{matrix34
		0.9583 	 -0.018 	 0.2852
		0.0023 	 0.9985 	 0.0552
		-0.2857 	 -0.0522 	 0.9569
		-0.3177 	 -0.2734 	 -0.5697
	}
}
{volume "piece06"
	{cylinder 1.44119 26.8857}
	{bone "piece06"}
	{matrix34
		0.7893 	 -0.0563 	 -0.6114
		0.0945 	 0.9951 	 0.0303
		0.6067 	 -0.0817 	 0.7908
		-0.2358 	 -0.4955 	 0.1522
	}
}
