;Exported by:	 tolokolnikova
;Date:			 08.06.2018 15:35:15
;File:			 D:\gem2\gem2-mdl-soldiers\models\building\building_ua01\building_07_v2_x_recover.max
{skeleton
	{bone "b_ua_07_piece08_point"
		{orientation
			1 	 0 	 0
			0 	 -1 	 0
			0 	 0 	 1
		}
		{bone "b_ua_07_piece08"
			{matrix34
				-1 	 0 	 0
				0 	 -1 	 0
				0 	 0 	 1
				-31.0442 	 65.3826 	 -36.7177
			}
			{poly "b_ua_07_piece08"}
		}
		{bone "piece02"
			{matrix34
				-0.7708 	 0.001 	 0.6371
				0.0003 	 -1 	 0.0019
				0.6371 	 0.0016 	 0.7708
				-23.9899 	 0.2138 	 16.271
			}
			{poly "piece02"}
		}
		{bone "piece04"
			{matrix34
				0 	 -1 	 0
				1 	 0 	 0
				0 	 0 	 1
				-24.2247 	 18.5109 	 18.8669
			}
			{poly "piece04"}
		}
		{bone "piece05"
			{matrix34
				0 	 -1 	 0
				1 	 0 	 0
				0 	 0 	 1
				-5.24 	 19.1342 	 42.3851
			}
			{poly "piece05"}
		}
		{bone "piece01"
			{matrix34
				-1 	 0 	 0
				0 	 -1 	 0
				0 	 0 	 1
				-18.3581 	 64.8152 	 9.6548
			}
			{poly "piece01"}
		}
		{bone "piece06"
			{matrix34
				-1 	 0 	 0
				0 	 -1 	 0
				0 	 0 	 1
				3.3848 	 44.2928 	 31.9213
			}
			{poly "piece06"}
		}
		{bone "piece03"
			{Position 19.7861 	 60.5426 	 -0.8915}
			{poly "piece03"}
		}
	}
}
{volume "piece01"
	{box 33.6555 1.37795 11.0348}
	{bone "piece01"}
	{matrix34
		1 	 0 	 0
		0 	 0.766 	 -0.6428
		0 	 0.6428 	 0.766
		0.968 	 -8.422 	 -7.3685
	}
}
{volume "piece02"
	{box 3.35209 3.22441 26.4497}
	{bone "piece02"}
	{matrix34
		-0.001 	 1 	 -0.0016
		-1 	 -0.001 	 -0.0074
		-0.0074 	 0.0016 	 1
		-0.1079 	 -0.3375 	 -1.8028
	}
}
{volume "piece03"
	{box 53.6888 8.87477 2.29905}
	{bone "piece03"}
	{Position 1.0603 	 -0.0582 	 0.1451}
}
{volume "piece04"
	{box 26.9244 1.37795 19.5316}
	{bone "piece04"}
	{matrix34
		1 	 0 	 0
		0 	 0.766 	 -0.6428
		0 	 0.6428 	 0.766
		2.6782 	 -0.1992 	 -0.2505
	}
}
{volume "piece05"
	{box 25.2416 1.37795 11.0348}
	{bone "piece05"}
	{matrix34
		1 	 0 	 0
		0 	 0.766 	 -0.6428
		0 	 0.6428 	 0.766
		-0.7175 	 -0.2833 	 -0.0897
	}
}
{volume "piece06"
	{box 33.6555 1.37795 28.4185}
	{bone "piece06"}
	{matrix34
		1 	 0 	 0
		0 	 0.766 	 -0.6428
		0 	 0.6428 	 0.766
		1.9818 	 -5.84 	 -3.976
	}
}
{volume "vol_01"
	{box 6.88976 6.88976 24.2204}
	{bone "b_ua_07_piece08"}
	{matrix34
		-1 	 0 	 0
		0 	 -1 	 0
		0 	 0 	 1
		-0.1023 	 -0.0619 	 -18.8761
	}
}
