;Exported by	: Oleksandr Tsaprylov
;Date			: 03.02.2023 17:53:33
;File			: E:\projects\gem2-mdl-soldiers\models\entourage\shed_wood_destroyed\shed_wood_destroyed.max
{skeleton
	{bone "shed_wood_destroyed_b_piece_001"
		{orientation
			1 	 0 	 0
			0 	 -1 	 0
			0 	 0 	 1
		}
		{poly "shed_wood_destroyed_b_piece_001"}
		{bone "fix4"
			{Position 18.8295 	 92.8075 	 66.7454}
		}
		{bone "fix3"
			{Position 29.9079 	 -96.7016 	 67.4496}
		}
	}
}
{obstacle "obstacle01"
	{obb2
		{center -33.0973 1.88071}
		{extent 2.85834 2.80016}
		{axis -1 0}
	}
	{rotate}
}
{obstacle "obstacle02"
	{obb2
		{center 48.9673 1.88071}
		{extent 2.85834 2.80016}
		{axis -1 0}
	}
	{rotate}
}
{"volumes"
	{"body01"
		{box 3.93701 3.93701 134.416}
		{bone "shed_wood_destroyed_b_piece_001"}
		{Position 49.023 	 -1.8807 	 67.2081}
	}
	{"body02"
		{box 3.93701 3.93701 134.416}
		{bone "shed_wood_destroyed_b_piece_001"}
		{Position -33.0425 	 -1.7427 	 67.2081}
	}
	{"body03"
		{box 2.3622 2.98768 48.3772}
		{bone "shed_wood_destroyed_b_piece_001"}
		{matrix34
			1 	 0 	 0
			0 	 0.5736 	 0.8192
			0 	 -0.8192 	 0.5736
			49.315 	 18.096 	 121.867
		}
	}
	{"body04"
		{box 2.3622 2.98768 69.6164}
		{bone "shed_wood_destroyed_b_piece_001"}
		{matrix34
			1 	 0 	 0
			0 	 0.5736 	 0.8192
			0 	 -0.8192 	 0.5736
			-33.0674 	 26.22 	 116.178
		}
	}
	{"body05"
		{box 2.3622 2.98768 65.3144}
		{bone "shed_wood_destroyed_b_piece_001"}
		{matrix34
			-1 	 0 	 0
			0 	 -0.5736 	 0.8192
			0 	 0.8192 	 0.5736
			15.0958 	 -28.8837 	 116.83
		}
	}
	{"body06"
		{box 2.3622 2.98768 47.8982}
		{bone "shed_wood_destroyed_b_piece_001"}
		{matrix34
			-1 	 0 	 0
			0 	 -0.5736 	 0.8192
			0 	 0.8192 	 0.5736
			49.3 	 -21.9908 	 121.656
		}
	}
	{"body07"
		{box 2.3622 2.98768 97.7362}
		{bone "shed_wood_destroyed_b_piece_001"}
		{matrix34
			-1 	 0 	 0
			0 	 0 	 1
			0 	 1 	 0
			-33.3643 	 -0.7224 	 69.3248
		}
	}
	{"body08"
		{box 2.3622 2.98768 70.5839}
		{bone "shed_wood_destroyed_b_piece_001"}
		{matrix34
			-1 	 0 	 0
			0 	 0 	 1
			0 	 1 	 0
			49.2158 	 -4.3101 	 69.3248
		}
	}
	{"body09"
		{box 2.3622 2.98768 48.3076}
		{bone "shed_wood_destroyed_b_piece_001"}
		{matrix34
			-1 	 0 	 0
			0 	 0 	 1
			0 	 1 	 0
			49.2158 	 -2.3446 	 89.4719
		}
	}
	{"body10"
		{box 2.3622 2.98768 75.843}
		{bone "shed_wood_destroyed_b_piece_001"}
		{matrix34
			-1 	 0 	 0
			0 	 0 	 1
			0 	 1 	 0
			49.2158 	 -1.6305 	 108.987
		}
	}
	{"body11"
		{box 2.3622 2.98768 98.5476}
		{bone "shed_wood_destroyed_b_piece_001"}
		{matrix34
			0 	 -1 	 0
			0 	 0 	 1
			-1 	 0 	 0
			6.1732 	 -2.3288 	 135.528
		}
	}
	{"body12"
		{box 2.3622 2.98768 103.475}
		{bone "shed_wood_destroyed_b_piece_001"}
		{matrix34
			0 	 -1 	 0
			0 	 0 	 1
			-1 	 0 	 0
			1.2173 	 9.9863 	 129.74
		}
	}
	{"body13"
		{box 1.58472 14.6714 82.9273}
		{bone "shed_wood_destroyed_b_piece_001"}
		{matrix34
			0 	 -0.5736 	 -0.8192
			0 	 -0.8192 	 0.5736
			-1 	 0 	 0
			7.7271 	 14.6515 	 124.87
		}
	}
	{"body14"
		{box 1.58472 12.1772 22.4366}
		{bone "shed_wood_destroyed_b_piece_001"}
		{matrix34
			0 	 -0.5736 	 -0.8192
			0 	 -0.8192 	 0.5736
			-1 	 0 	 0
			-37.5228 	 40.992 	 103.324
		}
	}
	{"body15"
		{box 2.3622 2.98768 59.2982}
		{bone "shed_wood_destroyed_b_piece_001"}
		{matrix34
			-1 	 0 	 0
			0 	 -0.5736 	 0.8192
			0 	 0.8192 	 0.5736
			-32.7051 	 -26.1289 	 118.759
		}
	}
}
