;Exported by	: KobaA
;Date			: 16.01.2024 17:41:34
;File			: d:\git\gem2-mdl-soldiers\models\building\house_d\d_001_x_fort.max
{skeleton
	{bone "d001_piece09_point"
		{orientation
			1 	 0 	 0
			0 	 -1 	 0
			0 	 0 	 1
		}
		{bone "piece01"
			{Position 29.9123 	 30.0939 	 0.9722}
			{poly "piece01"}
		}
		{bone "piece02"
			{Position 29.9123 	 -1.5176 	 -18.9946}
			{poly "piece02"}
		}
		{bone "piece03"
			{Position 29.9123 	 -21.9916 	 4.2097}
			{poly "piece03"}
		}
		{bone "sub_piece01"
			{Position 24.1978 	 7.5533 	 -32.7673}
			{poly "sub_piece01"}
		}
		{bone "sub_piece02"
			{Position 29.9123 	 -30.3625 	 -26.989}
			{poly "sub_piece02"}
		}
		{bone "sub_piece03"
			{Position 29.9123 	 24.2378 	 -18.9061}
			{poly "sub_piece03"}
		}
		{bone "sub_piece04"
			{Position 29.9123 	 -26.9562 	 -11.9222}
			{poly "sub_piece04"}
		}
		{bone "sub_piece06"
			{matrix34
				-0.3907 	 0 	 -0.9205
				0 	 -1 	 0
				0.9205 	 0 	 -0.3907
				14.973 	 -11.5865 	 26.0423
			}
			{poly "sub_piece06"}
		}
		{bone "sub_piece05"
			{matrix34
				0 	 -1 	 0
				0.919 	 0 	 -0.3942
				0.3942 	 0 	 0.919
				1.7213 	 30.2806 	 31.6617
			}
			{poly "sub_piece05"}
		}
		{bone "sub_piece07"
			{matrix34
				-0.3907 	 0 	 -0.9205
				0 	 -1 	 0
				0.9205 	 0 	 -0.3907
				26.9672 	 24.5636 	 21
			}
			{poly "sub_piece07"}
		}
	}
}
{"volumes"
	{"piece01"
		{box 5.90551 24.4651 14.1501}
		{bone "piece01"}
		{Position 0 	 -1.6556 	 -0.2833}
	}
	{"piece02"
		{box 5.90551 24.4651 14.1501}
		{bone "piece02"}
		{Position 0 	 -1.7284 	 -0.4174}
	}
	{"piece03"
		{box 5.90551 23.0563 11.545}
		{bone "piece03"}
		{matrix34
			1 	 0 	 0
			0 	 0.9848 	 -0.1736
			0 	 0.1736 	 0.9848
			0 	 0.6598 	 1.1007
		}
	}
	{"sub_piece01"
		{box 5.90551 15.1684 10.7102}
		{bone "sub_piece01"}
		{Position 0 	 -0.1438 	 0.3196}
	}
	{"sub_piece02"
		{box 5.90551 8.06687 9.08286}
		{bone "sub_piece02"}
		{matrix34
			1 	 0 	 0
			0 	 0 	 1
			0 	 -1 	 0
			0 	 0.3902 	 1.2344
		}
	}
	{"sub_piece03"
		{box 5.90551 15.1684 12.3106}
		{bone "sub_piece03"}
		{Position 0 	 -0.1438 	 0.0479}
	}
	{"sub_piece04"
		{box 5.90551 13.2244 9.5609}
		{bone "sub_piece04"}
		{Position 0 	 0 	 0.9177}
	}
	{"sub_piece05"
		{box 11.6938 12.7576 0.734194}
		{bone "sub_piece05"}
		{matrix34
			0 	 -1 	 -0.005
			1 	 0 	 0
			0 	 -0.005 	 1
			-1.3226 	 -0.0607 	 0.1707
		}
	}
	{"sub_piece06"
		{box 18.3528 12.8865 0.734194}
		{bone "sub_piece06"}
		{matrix34
			-0.0012 	 0 	 1
			0 	 -1 	 0
			1 	 0 	 0.0012
			0.1567 	 1.4573 	 -0.9012
		}
	}
	{"sub_piece07"
		{box 16.2414 12.8865 0.734194}
		{bone "sub_piece07"}
		{matrix34
			-0.0012 	 0 	 1
			0 	 -1 	 0
			1 	 0 	 0.0012
			0.1316 	 1.8383 	 0.0057
		}
	}
}
