;Exported by:	 tolokolnikova
;Date:			 13.04.2018 16:52:42
;File:			 D:\gem2\gem2-mdl-soldiers\models\building\building_ua01\building_ua02_v2_x.max
{skeleton
	{bone "b_ua_02_piece09_point"
		{orientation
			1 	 0 	 0
			0 	 -1 	 0
			0 	 0 	 1
		}
		{bone "b_ua_02_piece_009"
			{Position -46.7577 	 73.2255 	 -17.1902}
			{poly "b_ua_02_piece_009"}
		}
		{bone "sub_piece01"
			{matrix34
				-0.0066 	 -0.7906 	 0.6122
				-1 	 0.0086 	 0.0003
				0.0055 	 0.6122 	 0.7907
				-4.883 	 -6.5862 	 18.2346
			}
			{poly "sub_piece01"}
		}
		{bone "sub_piece02"
			{Position 21.1568 	 12.9004 	 5.0114}
			{poly "sub_piece02"}
		}
		{bone "piece01"
			{matrix34
				0 	 -1 	 0
				0 	 0 	 1
				-1 	 0 	 0
				12.7026 	 -6.8197 	 -5.8143
			}
			{poly "piece01"}
		}
		{bone "piece02"
			{matrix34
				0 	 -1 	 0
				0.7071 	 0 	 0.7071
				-0.7071 	 0 	 0.7071
				-29.9409 	 -8.3247 	 -7.5215
			}
			{poly "piece02"}
		}
		{bone "piece03"
			{matrix34
				0 	 -1 	 0
				0.9397 	 0 	 0.342
				-0.342 	 0 	 0.9397
				25.4131 	 -8.3247 	 -0.4351
			}
			{poly "piece03"}
		}
		{bone revolute "attach1"
			{matrix34
				0 	 -1 	 0
				1 	 0 	 0
				0 	 0 	 1
				-3.0599 	 7.0447 	 -36.4975
			}
		}
		{bone revolute "attach2"
			{matrix34
				0 	 -1 	 0
				1 	 0 	 0
				0 	 0 	 1
				12.5044 	 9.4122 	 -36.4975
			}
		}
		{bone "debris_land_001"
			{parameters "commonmesh;land;ground;"}
			{matrix34
				0 	 1 	 0
				-1 	 0 	 0
				0 	 0 	 1
				9.026 	 -22.9961 	 -37.8905
			}
			{poly "debris_land_001" {ground}}
		}
		{bone "fort_wall"
			{matrix34
				-1 	 0 	 0
				0 	 -1 	 0
				0 	 0 	 1
				1.0178 	 -15.2133 	 -32.2752
			}
		}
		{bone "stones_001"
			{parameters "commonmesh;land;ground;"}
			{matrix34
				0 	 1 	 0
				-1 	 0 	 0
				0 	 0 	 1
				9.026 	 -25.4336 	 -40.9332
			}
			{poly "stones_001" {ground}}
		}
	}
}
{volume "piece01"
	{box 6.49606 19.2828 8.76925}
	{bone "piece01"}
	{matrix34
		1 	 0 	 0
		0 	 0.9397 	 0.342
		0 	 -0.342 	 0.9397
		0.0024 	 -1.1802 	 1.0333
	}
}
{volume "piece02"
	{box 6.49606 18.4914 15.6874}
	{bone "piece02"}
	{matrix34
		1 	 0 	 0
		0 	 0.7071 	 -0.7071
		0 	 0.7071 	 0.7071
		0 	 1.1003 	 0.1122
	}
}
{volume "piece03"
	{box 6.49606 12.2043 10.1968}
	{bone "piece03"}
	{Position 0 	 -0.3321 	 -0.5387}
}
{volume "sub_piece01"
	{box 23.9129 2.84027 3.13748}
	{bone "sub_piece01"}
	{matrix34
		-0.0002 	 0.0002 	 1
		-0.0003 	 1 	 -0.0002
		1 	 0.0003 	 0.0002
		0.8242 	 3.4753 	 -0.5434
	}
}
{volume "sub_piece02"
	{box 41.2292 11.3611 3.13748}
	{bone "sub_piece02"}
	{matrix34
		0 	 -1 	 0
		1 	 0 	 0
		0 	 0 	 1
		0.1988 	 0.615 	 -0.5018
	}
}
{volume "target_vol_001"
	{box 9.84252 11.811 15.6501}
	{bone "b_ua_02_piece09_point"}
	{matrix34
		0 	 -1 	 0
		1 	 0 	 0
		0 	 0 	 1
		-3.0599 	 7.0447 	 -14.6092
	}
}
{volume "target_vol_002"
	{box 9.84252 11.811 15.6501}
	{bone "b_ua_02_piece09_point"}
	{matrix34
		0 	 -1 	 0
		1 	 0 	 0
		0 	 0 	 1
		12.5044 	 9.4122 	 -14.6092
	}
}
{volume "vol022"
	{box 6.50583 46.3911 23.6395}
	{bone "b_ua_02_piece_009"}
	{matrix34
		0 	 1 	 0
		-1 	 0 	 0
		0 	 0 	 1
		74.8264 	 -80.9549 	 -13.9639
	}
}
{volume "vol023"
	{box 6.50583 26.4429 12.2926}
	{bone "b_ua_02_piece_009"}
	{matrix34
		0 	 1 	 0
		-1 	 0 	 0
		0 	 0 	 1
		81.3007 	 -80.9549 	 3.7386
	}
}
{volume "vol024"
	{polyhedron}
	{bone "b_ua_02_piece_009"}
	{matrix34
		0 	 1 	 0
		-1 	 0 	 0
		0 	 0 	 1
		15.1017 	 -80.9549 	 -25.7836
	}
}
