;Exported by:	 joomb
;Date:			 22.03.2022 16:56:29
;File:			 D:\git\gem2-mdl-soldiers\models\unit\vehicle\Autoblinda_41\Autoblinda_41_x.max
{skeleton
	{bone "basis"
		{parameters "wheelradius=0.56;steermax=25;"}
		{orientation
			1 	 0 	 0
			0 	 -1 	 0
			0 	 0 	 1
		}
		{bone "body"
			{parameters "id=body;"}
			{animation
				{sequence "break" {file "body_b"}{speed 0.5}}
			}
			{Position -3.1307 	 0 	 21.6517}
			{LODView
				{poly "body"}
				{poly "body_lod1"}
				{poly "body_lod2"}
				{poly "body_lod3"}
			}
			{bone "doorl1"
				{parameters "id=body;"}
				{matrix34
					-1 	 0 	 0
					0 	 -0.8966 	 -0.4427
					0 	 -0.4427 	 0.8966
					-1.8019 	 16.0853 	 10.3675
				}
				{LODView
					{poly "doorl1"}
					{poly "doorl1_lod1"}
					{poly "doorl1_lod2"}
					{poly "doorl1_lod3"}
				}
			}
			{bone "doorl2"
				{parameters "id=body;"}
				{matrix34
					-0.9666 	 0.0001 	 0.2565
					0.0452 	 -0.9843 	 0.1707
					0.2525 	 0.1765 	 0.9514
					-2.5567 	 17.8484 	 3.7355
				}
				{LODView
					{poly "doorl2"}
					{poly "doorl2_lod1"}
					{poly "doorl2_lod2"}
					{poly "doorl2_lod3"}
				}
			}
			{bone "doorr1"
				{parameters "id=body;"}
				{matrix34
					-1 	 0 	 0
					0 	 -0.8916 	 0.4528
					0 	 0.4528 	 0.8916
					-1.8019 	 -16.0853 	 10.3675
				}
				{LODView
					{poly "doorr1"}
					{poly "doorr1_lod1"}
					{poly "doorr1_lod2"}
					{poly "doorr1_lod3"}
				}
			}
			{bone "doorr2"
				{parameters "id=body;"}
				{matrix34
					-0.9676 	 -0.0447 	 0.2485
					-0.0014 	 -0.9833 	 -0.1821
					0.2525 	 -0.1765 	 0.9514
					-2.5567 	 -17.8484 	 3.7355
				}
				{LODView
					{poly "doorr2"}
					{poly "doorr2_lod1"}
					{poly "doorr2_lod2"}
					{poly "doorr2_lod3"}
				}
			}
			{bone revolute "turret"
				{parameters "id=turret;"}
				{animation
					{sequence "break" {file "turret_b"}{speed 0.5}}
				}
				{speed 0.005}
				{Position 10.3725 	 0 	 14.1525}
				{LODView
					{poly "turret"}
					{poly "turret_lod1"}
					{poly "turret_lod2"}
					{poly "turret_lod3"}
				}
				{bone "cover1"
					{parameters "id=turret;"}
					{matrix34
						-1 	 0 	 0
						0 	 0 	 1
						0 	 1 	 0
						1.2966 	 2.6602 	 10.738
					}
					{LODView
						{poly "cover1"}
						{poly "cover1_lod1"}
						{poly "cover1_lod2"}
						{poly "cover1_lod3"}
					}
				}
				{bone revolute "gun_rot"
					{parameters "id=gun;"}
					{limits -15 15}
					{speed 0.001}
					{matrix34
						1 	 0 	 0
						0 	 0 	 1
						0 	 -1 	 0
						10.7427 	 -0.0002 	 5.3596
					}
					{LODView
						{poly "gun_rot"}
						{poly "gun_rot_lod1"}
						{poly "gun_rot_lod2"}
						{poly "gun_rot_lod3"}
					}
					{bone "gun"
						{parameters "id=gun;"}
						{matrix34
							1 	 0 	 0
							0 	 0 	 -1
							0 	 1 	 0
							15.3731 	 -0.273 	 0
						}
						{LODView
							{poly "gun"}
							{poly "gun_lod1"}
							{poly "gun_lod2"}
							{poly "gun_lod3"}
						}
						{bone "foresight1"
							{Position 12.1124 	 0 	 0.606}
						}
					}
					{bone revolute "mgun1"
						{parameters "id=turret;ikspeed2=80;"}
						{limits -15 15}
						{Position 3.4886 	 -0.809 	 -2.8761}
						{LODView
							{poly "mgun1"}
							{poly "mgun1_lod1"}
							{poly "mgun1_lod2"}
							{poly "mgun1_lod3"}
						}
						{bone "foresight4"
							{matrix34
								1 	 0 	 0
								0 	 0 	 -1
								0 	 1 	 0
								2.7386 	 0 	 0
							}
						}
					}
				}
				{bone "cover2"
					{matrix34
						0 	 -1 	 0
						0 	 0 	 1
						-1 	 0 	 0
						-8.9922 	 0.0005 	 9.9298
					}
					{LODView
						{poly "cover2"}
						{poly "cover2_lod1"}
						{poly "cover2_lod2"}
						{poly "cover2_lod3"}
					}
				}
				{bone "visor1"
					{Position -3.9093 	 0 	 13.362}
				}
				{bone "fxfire2"
					{matrix34
						0 	 0 	 1
						0 	 1 	 0
						-1 	 0 	 0
						-2.394 	 0 	 8.3884
					}
				}
			}
			{bone socket "mgun2"
				{parameters "id=body;ikspeed2=80;"}
				{limits 15}
				{matrix34
					0 	 -1 	 0
					0 	 0 	 1
					-1 	 0 	 0
					-12.2712 	 -4.5434 	 10.8068
				}
				{LODView
					{poly "mgun2"}
					{poly "mgun2_lod1"}
					{poly "mgun2_lod2"}
					{poly "mgun2_lod3"}
				}
				{bone "foresight5"
					{matrix34
						0 	 0 	 1
						1 	 0 	 0
						0 	 1 	 0
						0 	 0.54 	 9.6502
					}
				}
			}
			{bone "cover3"
				{parameters "id=body;"}
				{matrix34
					0.9397 	 0 	 0.342
					0.342 	 0 	 -0.9397
					0 	 1 	 0
					28.7329 	 10.6345 	 12.1813
				}
				{LODView
					{poly "cover3"}
					{poly "cover3_lod1"}
					{poly "cover3_lod2"}
					{poly "cover3_lod3"}
				}
			}
			{bone "antena"
				{parameters "id=body;"}
				{matrix34
					0.0349 	 0 	 0.9994
					0 	 1 	 0
					-0.9994 	 0 	 0.0349
					24.8254 	 15.2601 	 12.8512
				}
				{LODView
					{poly "antena"}
					{poly "antena_lod1"}
					{poly "antena_lod2"}
					{poly "antena_lod3"}
				}
			}
			{bone "engine"
				{parameters "id=engine;"}
				{animation
					{sequence "break" {file "engine_b"}{speed 0.5}}
				}
				{Position -32.9398 	 -0.6318 	 0.3215}
				{LODView
					{poly "engine"}
					{poly "engine_lod1"}
					{poly "engine_lod2"}
					{poly "engine_lod3"}
				}
				{bone "cover4"
					{parameters "id=engine;"}
					{matrix34
						0 	 1 	 0
						-0.1219 	 0 	 0.9925
						0.9925 	 0 	 0.1219
						-0.2627 	 0.6333 	 6.634
					}
					{LODView
						{poly "cover4"}
						{poly "cover4_lod1"}
						{poly "cover4_lod2"}
						{poly "cover4_lod3"}
					}
				}
				{bone "cover5"
					{parameters "id=engine;"}
					{matrix34
						0 	 1 	 0
						-0.1219 	 0 	 0.9925
						0.9925 	 0 	 0.1219
						-0.2627 	 0.6333 	 6.634
					}
					{LODView
						{poly "cover5"}
						{poly "cover5_lod1"}
						{poly "cover5_lod2"}
						{poly "cover5_lod3"}
					}
				}
				{bone "fxfire1"
					{matrix34
						0 	 0 	 1
						0 	 1 	 0
						-1 	 0 	 0
						0 	 0 	 5.633
					}
				}
			}
			{bone "headlightr"
				{Position 28.7008 	 -11.2423 	 9.195}
			}
			{bone "headlightl"
				{Position 28.7008 	 11.2423 	 9.195}
			}
			{bone "fxlight"
				{Position 30.8134 	 0 	 9.195}
			}
			{bone "fxsmoke1"
				{matrix34
					-0.2588 	 -0.9513 	 -0.1677
					0.9659 	 -0.2549 	 -0.0449
					0 	 -0.1736 	 0.9848
					-47.9601 	 -18.5856 	 -7.1657
				}
			}
			{bone "link2"
				{Position 50.7832 	 0 	 -10.7656}
			}
			{bone "visor2"
				{matrix34
					-1 	 0 	 0
					0 	 -1 	 0
					0 	 0 	 1
					-14.1476 	 7.461 	 10.8709
				}
			}
			{bone "fxfire3"
				{matrix34
					0 	 0 	 1
					0 	 1 	 0
					-1 	 0 	 0
					10.6787 	 0 	 12.8058
				}
			}
			{bone "enumerator"
				{parameters "id=body;"}
				{matrix34
					0.9671 	 -0.2111 	 -0.1418
					0.2543 	 0.8127 	 0.5242
					0.0046 	 -0.543 	 0.8397
					18.5951 	 16.0802 	 9.3746
				}
				{poly "enumerator"}
			}
			{bone "enumerator1"
				{parameters "id=body;"}
				{matrix34
					-0.9671 	 0.2111 	 -0.1418
					-0.2543 	 -0.8127 	 0.5242
					-0.0046 	 0.543 	 0.8397
					18.9872 	 -16.089 	 9.3746
				}
				{poly "enumerator1"}
			}
		}
		{bone "pivot_front"
			{Position 31.6323 	 0 	 10.5533}
			{bone revolute "align_front"
				{limits -3 3}
				{speed 0.001}
				{matrix34
					0 	 0 	 1
					0 	 -1 	 0
					1 	 0 	 0
					0 	 0 	 0
				}
				{bone "fxtracel1"
					{matrix34
						0.5 	 0 	 -0.866
						0 	 1 	 0
						0.866 	 0 	 0.5
						-10.5533 	 -16.8619 	 -5.8124
					}
				}
				{bone "fxtracer1"
					{matrix34
						0.5 	 0 	 -0.866
						0 	 1 	 0
						0.866 	 0 	 0.5
						-10.5533 	 16.1873 	 -5.8123
					}
				}
				{bone revolute "steerl1"
					{matrix34
						0 	 0 	 1
						0 	 1 	 0
						-1 	 0 	 0
						-0.0002 	 -13.1222 	 0
					}
					{bone "capl1"
						{parameters "id=wheelleft1;"}
						{orientation
							1 	 0 	 0
							0 	 -1 	 0
							0 	 0 	 -1
						}
						{LODView
							{poly "capl1"}
							{poly "capl1_lod1"}
							{poly "capl1_lod2"}
							{poly "capl1_lod3"}
						}
						{bone revolute "wheell1"
							{parameters "id=wheelleft1;radius=0.56;"}
							{matrix34
								1 	 0 	 0
								0 	 0 	 -1
								0 	 1 	 0
								0 	 3.7397 	 0.0001
							}
							{LODView
								{poly "wheell1"}
								{poly "wheell1_lod1"}
								{poly "wheell1_lod2"}
								{poly "wheell1_lod3"}
							}
						}
					}
				}
				{bone revolute "steerr1"
					{matrix34
						0 	 0 	 1
						0 	 1 	 0
						-1 	 0 	 0
						-0.0001 	 13.1222 	 0
					}
					{bone "capr1"
						{parameters "id=wheelright1;"}
						{orientation
							1 	 0 	 0
							0 	 -1 	 0
							0 	 0 	 -1
						}
						{LODView
							{poly "capr1"}
							{poly "capr1_lod1"}
							{poly "capr1_lod2"}
							{poly "capr1_lod3"}
						}
						{bone revolute "wheelr1"
							{parameters "id=wheelright1;radius=0.56;"}
							{matrix34
								1 	 0 	 0
								0 	 0 	 -1
								0 	 1 	 0
								0 	 -3.7397 	 0.0001
							}
							{LODView
								{poly "wheelr1"}
								{poly "wheelr1_lod1"}
								{poly "wheelr1_lod2"}
								{poly "wheelr1_lod3"}
							}
						}
					}
				}
			}
		}
		{bone "pivot_back"
			{parameters "lastpose=undefined;"}
			{Position -31.7384 	 0 	 10.5533}
			{bone revolute "align_back"
				{limits -3 3}
				{speed 0.001}
				{matrix34
					0 	 0 	 1
					0 	 -1 	 0
					1 	 0 	 0
					0 	 0 	 0
				}
				{bone "capl2"
					{parameters "id=wheelleft2;"}
					{matrix34
						0 	 0 	 1
						0 	 -1 	 0
						1 	 0 	 0
						-0.0001 	 -13.1222 	 0
					}
					{LODView
						{poly "capl2"}
						{poly "capl2_lod1"}
						{poly "capl2_lod2"}
						{poly "capl2_lod3"}
					}
					{bone revolute "wheell2"
						{parameters "id=wheelleft2;radius=0.56;"}
						{matrix34
							1 	 0 	 0
							0 	 0 	 -1
							0 	 1 	 0
							0 	 3.7397 	 0.0001
						}
						{LODView
							{poly "wheell2"}
							{poly "wheell2_lod1"}
							{poly "wheell2_lod2"}
							{poly "wheell2_lod3"}
						}
					}
				}
				{bone "capr2"
					{parameters "id=wheelright2;"}
					{matrix34
						0 	 0 	 1
						0 	 -1 	 0
						1 	 0 	 0
						-0.0001 	 13.1222 	 0
					}
					{LODView
						{poly "capr2"}
						{poly "capr2_lod1"}
						{poly "capr2_lod2"}
						{poly "capr2_lod3"}
					}
					{bone revolute "wheelr2"
						{parameters "id=wheelright2;radius=0.56;"}
						{matrix34
							1 	 0 	 0
							0 	 0 	 -1
							0 	 1 	 0
							0 	 -3.7397 	 0.0001
						}
						{LODView
							{poly "wheelr2"}
							{poly "wheelr2_lod1"}
							{poly "wheelr2_lod2"}
							{poly "wheelr2_lod3"}
						}
					}
				}
				{bone "fxtracel2"
					{matrix34
						0.5 	 0 	 -0.866
						0 	 1 	 0
						0.866 	 0 	 0.5
						-10.5533 	 -16.8619 	 -6.5027
					}
				}
				{bone "fxtracer2"
					{matrix34
						0.5 	 0 	 -0.866
						0 	 1 	 0
						0.866 	 0 	 0.5
						-10.5533 	 16.1873 	 -6.5027
					}
				}
			}
		}
		{bone "emit2"
			{parameters "group=crew;"}
			{matrix34
				0 	 1 	 0
				-1 	 0 	 0
				0 	 0 	 1
				-9.2833 	 -30.9533 	 0
			}
		}
		{bone "emit1"
			{parameters "group=crew;"}
			{matrix34
				0 	 -1 	 0
				1 	 0 	 0
				0 	 0 	 1
				-9.2833 	 30.9533 	 0
			}
		}
	}
}
{volume "body01"
	{box 39.5079 27.3913 0.984252}
	{bone "body"}
	{Position 8.2497 	 0 	 13.6467}
}
{volume "body02"
	{box 29.5276 1.9685 9.07461}
	{bone "body"}
	{matrix34
		1 	 0 	 0
		0 	 0.8829 	 -0.4695
		0 	 0.4695 	 0.8829
		13.4925 	 -14.8637 	 9.8305
	}
}
{volume "body03"
	{box 29.5276 1.9685 9.07461}
	{bone "body"}
	{matrix34
		1 	 0 	 0
		0 	 0.891 	 0.454
		0 	 -0.454 	 0.891
		13.585 	 14.7338 	 10.0299
	}
}
{volume "body04"
	{box 1.9685 29.9213 9.05512}
	{bone "body"}
	{matrix34
		0.9204 	 0.0175 	 -0.3907
		-0.0161 	 0.9998 	 0.0068
		0.3907 	 0 	 0.9205
		-12.7717 	 0 	 9.9624
	}
}
{volume "body05"
	{box 1.9685 29.9213 9.07461}
	{bone "body"}
	{matrix34
		0.9336 	 0 	 0.3584
		0 	 1 	 0
		-0.3584 	 0 	 0.9336
		28.3726 	 0 	 9.9691
	}
}
{volume "body06"
	{polyhedron}
	{bone "body"}
	{matrix34
		0.8387 	 0 	 -0.5446
		0 	 1 	 0
		0.5446 	 0 	 0.8387
		38.577 	 0 	 -3.1935
	}
}
{volume "body07"
	{polyhedron}
	{bone "body"}
	{Position 6.7369 	 12.9871 	 -13.1867}
}
{volume "body08"
	{polyhedron}
	{bone "body"}
	{Position 6.7369 	 -12.9743 	 -13.1867}
}
{volume "body09"
	{polyhedron}
	{bone "body"}
	{Position -29.6119 	 0 	 -14.8702}
}
{volume "body10"
	{box 7.87402 10.0581 0.590551}
	{bone "body"}
	{Position 36.0292 	 -14.1299 	 2.2315}
}
{volume "body11"
	{box 7.87402 10.0581 0.590551}
	{bone "body"}
	{Position 36.0292 	 14.1299 	 2.2315}
}
{volume "body12"
	{box 9.99791 10.0581 0.590551}
	{bone "body"}
	{matrix34
		0.6428 	 0 	 -0.766
		0 	 1 	 0
		0.766 	 0 	 0.6428
		43.086 	 -14.1299 	 -1.8155
	}
}
{volume "body13"
	{box 9.99791 10.0581 0.590551}
	{bone "body"}
	{matrix34
		0.6428 	 0 	 -0.766
		0 	 1 	 0
		0.766 	 0 	 0.6428
		43.086 	 14.1299 	 -1.8155
	}
}
{volume "body14"
	{box 8.35622 0.393701 7.82867}
	{bone "body"}
	{matrix34
		1 	 0 	 0
		0 	 0.9816 	 -0.1908
		0 	 0.1908 	 0.9816
		-8.0468 	 14.1137 	 -11.1182
	}
}
{volume "body15"
	{box 8.35622 0.393701 7.82867}
	{bone "body"}
	{matrix34
		1 	 0 	 0
		0 	 0.9816 	 0.1908
		0 	 -0.1908 	 0.9816
		-8.0468 	 -14.1049 	 -11.1182
	}
}
{volume "doorl1"
	{box 9.91811 0.393701 7.82867}
	{bone "doorl1"}
	{matrix34
		-0.9962 	 0.0781 	 0.0386
		-0.0783 	 -0.9969 	 -0.0034
		0.0382 	 -0.0064 	 0.9992
		4.897 	 0.3775 	 -0.8024
	}
}
{volume "doorl2"
	{box 8.37463 0.393701 13.8841}
	{bone "doorl2"}
	{matrix34
		-0.9666 	 0.0452 	 0.2525
		-0.0488 	 -0.9988 	 -0.0082
		0.2518 	 -0.0203 	 0.9676
		4.2538 	 0.5864 	 -5.7758
	}
}
{volume "doorr1"
	{box 9.91811 0.393701 7.82867}
	{bone "doorr1"}
	{matrix34
		-0.9848 	 -0.1548 	 0.0786
		0.1547 	 -0.9879 	 -0.0075
		0.0788 	 0.0048 	 0.9969
		5.5202 	 -0.0516 	 -0.9063
	}
}
{volume "doorr2"
	{box 8.20961 0.393701 13.6105}
	{bone "doorr2"}
	{matrix34
		-0.9676 	 -0.0014 	 0.2525
		0.0036 	 -1 	 0.0082
		0.2524 	 0.0089 	 0.9676
		4.236 	 -0.5963 	 -5.811
	}
}
{volume "engine01"
	{polyhedron}
	{bone "engine"}
	{matrix34
		0.9925 	 0 	 0.1219
		0 	 1 	 0
		-0.1219 	 0 	 0.9925
		-2.5282 	 0.6318 	 3.4428
	}
}
{volume "engine02"
	{cylinder 2.00128 13.1579}
	{bone "engine"}
	{matrix34
		0.6841 	 -0.1206 	 -0.7193
		0.1736 	 0.9848 	 0
		0.7084 	 -0.1249 	 0.6947
		-8.4283 	 -15.4917 	 -1.3084
	}
}
{volume "gun01"
	{box 9.84252 3.24967 3.55572}
	{bone "gun"}
	{Position -6.7365 	 0 	 0.059}
}
{volume "gun02"
	{cylinder 0.448701 14.1732}
	{bone "gun"}
	{matrix34
		0 	 0 	 -1
		0 	 1 	 0
		1 	 0 	 0
		5.0471 	 -0.0073 	 0.5876
	}
}
{volume "mgun2"
	{box 5.96616 1.19824 1.99851}
	{bone "mgun2"}
	{matrix34
		0 	 0 	 -1
		-1 	 0 	 0
		0 	 1 	 0
		0 	 0.2284 	 4.2028
	}
}
{volume "ram"
	{polyhedron}
	{bone "body"}
	{Position -0.3396 	 0 	 -21.6517}
}
{volume "turret01"
	{polyhedron}
	{bone "turret"}
	{Position 0.8653 	 0 	 0.3435}
}
{volume "turret02"
	{polyhedron}
	{bone "turret"}
	{matrix34
		1 	 0 	 0
		0 	 0 	 -1
		0 	 1 	 0
		10.1521 	 -4.6427 	 5.3596
	}
}
{volume "wheelleft1"
	{cylinder 11.0236 5.77861}
	{bone "wheell1"}
	{matrix34
		0 	 1 	 0
		-1 	 0 	 0
		0 	 0 	 1
		0 	 0.2361 	 -0.4634
	}
}
{volume "wheelleft2"
	{cylinder 11.0236 5.77861}
	{bone "wheell2"}
	{matrix34
		-1 	 0 	 0
		0 	 -1 	 0
		0 	 0 	 1
		0 	 0 	 -0.4633
	}
}
{volume "wheelright1"
	{cylinder 11.0236 5.77861}
	{bone "wheelr1"}
	{matrix34
		0 	 1 	 0
		-1 	 0 	 0
		0 	 0 	 1
		0 	 0.2361 	 0.5832
	}
}
{volume "wheelright2"
	{cylinder 11.0236 5.77861}
	{bone "wheelr2"}
	{matrix34
		-1 	 0 	 0
		0 	 -1 	 0
		0 	 0 	 1
		0 	 0 	 0.5832
	}
}
