;Exported by	: KobaA
;Date			: 16.01.2024 17:50:30
;File			: d:\git\gem2-mdl-soldiers\models\building\house_d\d_001_fort.max
{skeleton
	{bone "d001_piece17"
		{orientation
			1 	 0 	 0
			0 	 -1 	 0
			0 	 0 	 1
		}
		{poly "d001_piece17"}
		{bone "fix26"
			{Position -65.0818 	 10.8809 	 -22.8097}
		}
		{bone "fix27"
			{Position 58.6893 	 10.8809 	 -22.8097}
		}
		{bone "fix28"
			{Position -10.5971 	 -79.1377 	 0.2915}
		}
		{bone "fix29"
			{Position -10.5971 	 86.2988 	 0.2915}
		}
	}
}
{"volumes"
	{"roof01"
		{box 2.06693 15.2163 30.5857}
		{bone "d001_piece17"}
		{matrix34
			0.3907 	 0 	 0.9205
			0 	 1 	 0
			-0.9205 	 0 	 0.3907
			12.7187 	 -41.3418 	 -3.6859
		}
	}
	{"roof02"
		{box 2.06693 72.4585 30.5857}
		{bone "d001_piece17"}
		{matrix34
			0.3907 	 0 	 0.9205
			0 	 1 	 0
			-0.9205 	 0 	 0.3907
			12.7187 	 10.2842 	 -3.6859
		}
	}
	{"roof03"
		{box 2.06693 78.6517 25.2125}
		{bone "d001_piece17"}
		{matrix34
			0.3907 	 0 	 -0.9205
			0 	 -1 	 0
			-0.9205 	 0 	 -0.3907
			-14.5657 	 2.7288 	 -1.5872
		}
	}
}
