;Exported by:	 Oleksandr Tsaprylov
;Date:			 17.11.2022 21:15:40
;File:			 E:\projects\gem2-mdl-soldiers\models\entourage\barrack\barrack_final.max
{skeleton
	{bone "barrack_1_l_piece_x"
		{orientation
			1 	 0 	 0
			0 	 -1 	 0
			0 	 0 	 1
		}
		{bone "piece08"
			{Position -17.5862 	 -15.1181 	 66.5545}
			{poly "piece08"}
		}
		{bone "piece05"
			{Position -2.4855 	 22.5545 	 84.2138}
			{poly "piece05"}
		}
		{bone "piece06"
			{Position 14.2654 	 -19.1662 	 61.1839}
			{poly "piece06"}
		}
		{bone "piece07"
			{Position -10.2567 	 -41.5727 	 28.7339}
			{poly "piece07"}
		}
		{bone "piece02"
			{matrix34
				0.025 	 -0.2529 	 0.9672
				-0.3741 	 0.8948 	 0.2436
				-0.927 	 -0.3679 	 -0.0723
				-33.0518 	 13.3313 	 65.9928
			}
			{poly "piece02"}
		}
		{bone "piece04"
			{matrix34
				0.1424 	 0.4702 	 0.871
				0.3246 	 0.8091 	 -0.4899
				-0.9351 	 0.3525 	 -0.0374
				-32.7655 	 4.5728 	 12.8377
			}
			{poly "piece04"}
		}
		{bone "piece01"
			{Position -36.3593 	 -21.9269 	 28.2746}
			{poly "piece01"}
		}
		{bone "piece09"
			{Position -29.356 	 24.112 	 82.5364}
			{poly "piece09"}
		}
		{bone "piece10"
			{Position 29.3684 	 16.5097 	 74.5778}
			{poly "piece10"}
		}
		{bone "piece03"
			{matrix34
				0.0453 	 0.463 	 0.8852
				0.3643 	 0.8174 	 -0.4462
				-0.9302 	 0.3427 	 -0.1316
				-33.0518 	 -10.8569 	 55.288
			}
			{poly "piece03"}
		}
		{bone "body"
			{poly "body"}
		}
		{bone "piece11"
			{matrix34
				0 	 -1 	 0
				1 	 0 	 0
				0 	 0 	 1
				-32.5183 	 36.6491 	 27.1411
			}
			{poly "piece11"}
		}
		{bone "ground1"
			{parameters "land;ground;"}
			{Position 128.511 	 39.3701 	 0}
			{visibility 0}
			{poly "ground1" {ground}}
		}
	}
}
{volume "piece01"
	{box 6.84698 9.44497 19.1452}
	{bone "piece01"}
	{Position -0.0651 	 -0.0035 	 -0.3005}
}
{volume "piece02"
	{box 1.2 23.2768 21.1525}
	{bone "piece02"}
	{matrix34
		0.025 	 -0.3741 	 -0.927
		-0.2529 	 0.8948 	 -0.3679
		0.9672 	 0.2436 	 -0.0723
		-0.8657 	 -0.218 	 0.0647
	}
}
{volume "piece03"
	{box 1.2 19.237 17.9563}
	{bone "piece03"}
	{matrix34
		0.0453 	 0.3643 	 -0.9302
		0.463 	 0.8174 	 0.3427
		0.8852 	 -0.4462 	 -0.1316
		-0.914 	 0.4607 	 0.136
	}
}
{volume "piece04"
	{box 0.944883 23.7494 15.8905}
	{bone "piece04"}
	{matrix34
		0.1424 	 0.3246 	 -0.9351
		0.4702 	 0.8091 	 0.3525
		0.871 	 -0.4899 	 -0.0374
		-0.3496 	 -0.4482 	 -0.2088
	}
}
{volume "piece05"
	{box 1.86427 48.7058 22.2241}
	{bone "piece05"}
	{matrix34
		0 	 0.2107 	 -0.9776
		-1 	 0 	 0
		0 	 0.9776 	 0.2107
		0 	 -0.3872 	 0.8988
	}
}
{volume "piece06"
	{box 2.38295 27.5493 38.9684}
	{bone "piece06"}
	{matrix34
		0 	 0.7157 	 -0.6984
		-1 	 0 	 0
		0 	 0.6984 	 0.7157
		0 	 -3.3042 	 -1.1054
	}
}
{volume "piece07"
	{box 1.6063 27.5493 28.4441}
	{bone "piece07"}
	{matrix34
		0 	 0.9436 	 -0.331
		-1 	 0 	 0
		0 	 0.331 	 0.9436
		0 	 -1.129 	 0.2945
	}
}
{volume "piece08"
	{box 1.57989 17.2569 28.0572}
	{bone "piece08"}
	{matrix34
		0 	 0.502 	 -0.8649
		-1 	 0 	 0
		0 	 0.8649 	 0.502
		-1.3999 	 -0.1985 	 0.2871
	}
}
{volume "piece09_1"
	{box 3.60628 2.9846 24.9202}
	{bone "piece09"}
	{matrix34
		1 	 0 	 0
		0 	 0.2868 	 -0.958
		0 	 0.958 	 0.2868
		0 	 -11.9093 	 -0.6222
	}
}
{volume "piece09_2"
	{box 3.60628 2.9846 24.1075}
	{bone "piece09"}
	{matrix34
		1 	 0 	 0
		0 	 0.0711 	 -0.9975
		0 	 0.9975 	 0.0711
		0 	 11.4906 	 3.6412
	}
}
{volume "piece10_1"
	{box 3.60628 2.9846 24.9202}
	{bone "piece10"}
	{matrix34
		1 	 0 	 0
		0 	 0.2282 	 -0.9736
		0 	 0.9736 	 0.2282
		0.34 	 2.9817 	 9.1807
	}
}
{volume "piece10_2"
	{box 3.60628 2.9846 24.1075}
	{bone "piece10"}
	{matrix34
		1 	 0 	 0
		0 	 -0.0496 	 -0.9988
		0 	 0.9988 	 -0.0496
		0.34 	 26.664 	 11.4882
	}
}
{volume "piece10_3"
	{box 3.60628 2.9846 20.1853}
	{bone "piece10"}
	{matrix34
		1 	 0 	 0
		0 	 0.4519 	 -0.8921
		0 	 0.8921 	 0.4519
		0.34 	 -16.9824 	 2.15
	}
}
{volume "piece10_4"
	{box 3.60628 2.9846 17.3594}
	{bone "piece10"}
	{matrix34
		1 	 0 	 0
		0 	 0.6159 	 -0.7878
		0 	 0.7878 	 0.6159
		0.34 	 -32.1301 	 -7.2862
	}
}
{volume "piece11"
	{box 0.56693 12.5872 26.2194}
	{bone "piece11"}
	{matrix34
		0 	 1 	 0
		-1 	 0 	 0
		0 	 0 	 1
		0.3869 	 -0.0003 	 -0.3923
	}
}
