;Exported by	: KobaA
;Date			: 05.03.2024 12:19:15
;File			: d:\git\gem2-mdl-soldiers\models\building\house_40\house_40_new_cut_x.max
{skeleton
	{bone "house_40_g2_piece_006_x"
		{orientation
			1 	 0 	 0
			0 	 -1 	 0
			0 	 0 	 1
		}
		{bone "sub_piece01"
			{matrix34
				1 	 0 	 0
				0 	 0.9848 	 -0.1736
				0 	 0.1736 	 0.9848
				16.7144 	 13.4763 	 33.5377
			}
			{poly "sub_piece01"}
		}
		{bone "sub_piece03"
			{matrix34
				0 	 -1 	 0
				-0.4226 	 0 	 0.9063
				-0.9063 	 0 	 -0.4226
				-1.3675 	 20.6694 	 35.0331
			}
			{poly "sub_piece03"}
		}
		{bone "sub_piece02"
			{matrix34
				0 	 -1 	 0
				-0.2588 	 0 	 -0.9659
				0.9659 	 0 	 -0.2588
				-16.677 	 20.6694 	 40.351
			}
			{poly "sub_piece02"}
		}
		{bone "piece01"
			{matrix34
				0.9063 	 0 	 -0.4226
				0 	 1 	 0
				0.4226 	 0 	 0.9063
				-17.33 	 20.6694 	 30.0897
			}
			{poly "piece01"}
		}
		{bone "fort_wall"
			{matrix34
				0 	 -1 	 0
				1 	 0 	 0
				0 	 0 	 1
				25.304 	 -20.2976 	 9.8425
			}
		}
		{bone "attach2"
			{matrix34
				0 	 1 	 0
				-1 	 0 	 0
				0 	 0 	 1
				-1.4818 	 8.3724 	 0
			}
		}
		{bone "attach3"
			{matrix34
				0 	 1 	 0
				-1 	 0 	 0
				0 	 0 	 1
				-18.325 	 8.3724 	 0
			}
		}
		{bone "attach1"
			{Position 5.5512 	 -0.2165 	 0}
		}
		{bone "wall_x"
			{Position -5.4148 	 7.0939 	 15.4956}
			{poly "wall_x"}
		}
		{bone "debris_land_005"
			{matrix34
				0 	 -1 	 0
				1 	 0 	 0
				0 	 0 	 1
				-41.4821 	 48.0868 	 0.4193
			}
			{poly "debris_land_005"}
		}
	}
}
{"volumes"
	{"body01"
		{box 5.90552 31.1973 21.8861}
		{bone "wall_x"}
		{matrix34
			-1 	 0 	 0
			0 	 -1 	 0
			0 	 0 	 1
			22.1471 	 -4.8694 	 -4.5526
		}
	}
	{"body02"
		{polyhedron}
		{bone "wall_x"}
		{matrix34
			0 	 1 	 0
			-1 	 0 	 0
			0 	 0 	 1
			1.722 	 13.5287 	 -15.4956
		}
	}
	{"body03"
		{box 5.90552 13.2057 20.5742}
		{bone "wall_x"}
		{Position -22.3248 	 17.1985 	 -5.2085}
	}
	{"piece01"
		{box 5.9055 7.19114 16.5354}
		{bone "piece01"}
		{matrix34
			0 	 -1 	 0
			-0.0872 	 0 	 0.9962
			-0.9962 	 0 	 -0.0872
			-0.0485 	 0 	 0.4787
		}
	}
	{"sub_piece01"
		{box 5.9055 4.02704 6.49158}
		{bone "sub_piece01"}
		{Position 0 	 -0.4081 	 -0.0536}
	}
	{"sub_piece02"
		{box 5.9055 4.38444 5.55118}
		{bone "sub_piece02"}
		{Position 0 	 0.0437 	 0.1881}
	}
	{"sub_piece03"
		{box 5.9055 4.02704 6.49158}
		{bone "sub_piece03"}
		{Position 0 	 -0.4081 	 -0.0536}
	}
	{"target_vol_01"
		{box 11.811 11.811 13.7795}
		{bone "wall_x"}
		{Position 10.9661 	 -7.3105 	 1.2367}
	}
	{"target_vol_02"
		{box 11.811 11.811 13.7795}
		{bone "wall_x"}
		{matrix34
			0 	 1 	 0
			-1 	 0 	 0
			0 	 0 	 1
			3.933 	 1.2785 	 1.2367
		}
	}
	{"target_vol_03"
		{box 11.811 11.811 19.685}
		{bone "wall_x"}
		{matrix34
			0 	 -1 	 0
			1 	 0 	 0
			0 	 0 	 1
			-12.9102 	 1.2784 	 4.1894
		}
	}
}
