;Exported by:	 tolokolnikova
;Date:			 27.06.2017 14:25:19
;File:			 D:\gem2\gem2-mdl-soldiers\models\building\water_mill\water_mill_01_x_fort.max
{skeleton
	{bone "house_80_piers_piece03_point"
		{orientation
			1 	 0 	 0
			0 	 -1 	 0
			0 	 0 	 1
		}
		{bone "piece01"
			{matrix34
				0.9021 	 0 	 -0.4315
				0 	 1 	 0
				0.4315 	 0 	 0.9021
				0 	 0 	 0
			}
			{poly "piece01"}
		}
		{bone "piece02"
			{matrix34
				0.9021 	 0 	 -0.4315
				0 	 1 	 0
				0.4315 	 0 	 0.9021
				0 	 0 	 0
			}
			{poly "piece02"}
		}
	}
}
{volume "piece01"
	{box 15.1199 5.88687 26.961}
	{bone "piece01"}
	{matrix34
		0.4137 	 0 	 0.9104
		0 	 1 	 0
		-0.9104 	 0 	 0.4137
		-3.5142 	 14.2196 	 1.7974
	}
}
{volume "piece02"
	{box 15.1199 5.88687 26.961}
	{bone "piece02"}
	{matrix34
		1 	 0 	 0.0098
		0 	 1 	 0
		-0.0098 	 0 	 1
		-0.1333 	 -1.2369 	 5.8783
	}
}
