;Exported by	: KobaA
;Date			: 01.11.2023 17:09:29
;File			: D:\git\gem2-mdl-soldiers\models\fence\fence_wood_r\fence_wood_r.max
{skeleton
	{bone "fence_wood_r4_basis_x"
		{orientation
			1 	 0 	 0
			0 	 -1 	 0
			0 	 0 	 1
		}
		{bone "piece01"
			{matrix34
				-0.2153 	 0.1041 	 -0.971
				-0.2222 	 -0.9735 	 -0.0551
				-0.9509 	 0.2039 	 0.2327
				-4.7165 	 -14.7728 	 1.3532
			}
			{poly "piece01"}
		}
		{bone "piece02"
			{matrix34
				-0.5008 	 0.4551 	 -0.7362
				-0.217 	 -0.8895 	 -0.4022
				-0.8379 	 -0.0417 	 0.5442
				-5.747 	 -12.3492 	 6.2092
			}
			{poly "piece02"}
		}
		{bone "piece03"
			{matrix34
				-0.8512 	 0.1766 	 -0.4943
				0.028 	 -0.9251 	 -0.3787
				-0.5242 	 -0.3362 	 0.7824
				-4.7666 	 -11.7568 	 9.6414
			}
			{poly "piece03"}
		}
		{bone "piece04"
			{matrix34
				-0.9312 	 -0.1642 	 -0.3256
				0.1736 	 -0.9848 	 0
				-0.3206 	 -0.0565 	 0.9455
				-2.4921 	 1.315 	 13.3283
			}
			{poly "piece04"}
		}
		{bone "piece05"
			{matrix34
				-0.9513 	 -0.1677 	 -0.2588
				0.1736 	 -0.9848 	 0
				-0.2549 	 -0.0449 	 0.9659
				-0.2517 	 7.6335 	 6.649
			}
			{poly "piece05"}
		}
		{bone "piece06"
			{matrix34
				-0.2003 	 0.1641 	 -0.9659
				-0.7042 	 -0.7096 	 0.0255
				-0.6812 	 0.6853 	 0.2577
				-6.4054 	 -0.1615 	 1.2575
			}
			{poly "piece06"}
		}
		{bone "piece07"
			{matrix34
				-0.8873 	 0.4088 	 -0.2135
				-0.4103 	 -0.9111 	 -0.0394
				-0.2107 	 0.0527 	 0.9761
				-0.0014 	 -2.8135 	 1.1009
			}
			{poly "piece07"}
		}
		{bone "piece08"
			{matrix34
				0.962 	 0.1688 	 0.2145
				-0.1745 	 0.9846 	 0.0079
				-0.2099 	 -0.0451 	 0.9767
				-2.2648 	 10.4774 	 14.4463
			}
			{poly "piece08"}
		}
		{bone "piece09"
			{matrix34
				-0.759 	 -0.4884 	 -0.4306
				-0.1368 	 -0.527 	 0.8388
				-0.6366 	 0.6955 	 0.3332
				-2.086 	 -4.0943 	 8.0653
			}
			{poly "piece09"}
		}
		{bone "piece10"
			{matrix34
				-0.9109 	 0.3516 	 -0.2159
				-0.2433 	 -0.0352 	 0.9693
				0.3332 	 0.9355 	 0.1176
				-2.3634 	 -5.0019 	 2.5467
			}
			{poly "piece10"}
		}
	}
}
{"volumes"
	{"piece01"
		{box 0.615686 2.42107 13.6555}
		{bone "piece01"}
		{matrix34
			1 	 0 	 0
			0 	 1 	 -0.0027
			0 	 0.0027 	 1
			-0.04 	 -0.0105 	 -0.4157
		}
	}
	{"piece02"
		{box 0.460686 2.42107 10.1051}
		{bone "piece02"}
		{matrix34
			1 	 0 	 0
			0 	 0.9995 	 0.0322
			0 	 -0.0322 	 0.9995
			-0.04 	 -0.0412 	 0.0367
		}
	}
	{"piece03"
		{box 0.590551 2.42107 10.1051}
		{bone "piece03"}
		{Position -0.0401 	 0.0667 	 -0.0071}
	}
	{"piece04"
		{box 0.540686 2.42107 10.1051}
		{bone "piece04"}
		{Position 0.0425 	 -0.0936 	 0.0065}
	}
	{"piece05"
		{box 0.460686 2.42107 12.025}
		{bone "piece05"}
		{Position -0.0051 	 -0.0953 	 -0.1192}
	}
	{"piece06"
		{box 0.460686 2.42107 12.025}
		{bone "piece06"}
		{Position 0.0045 	 -0.1483 	 0.0573}
	}
	{"piece07"
		{box 0.460686 2.42107 8.1851}
		{bone "piece07"}
		{matrix34
			1 	 0.0054 	 0.0005
			-0.0054 	 1 	 0
			-0.0005 	 -0.0001 	 1
			0.0162 	 -0.0039 	 -0.2543
		}
	}
	{"piece08"
		{box 0.460686 2.42107 15.5123}
		{bone "piece08"}
		{matrix34
			-0.9999 	 -0.001 	 -0.0107
			0.0009 	 -1 	 0.0081
			-0.0107 	 0.0081 	 0.9999
			0.0215 	 0.054 	 0.0225
		}
	}
	{"piece09"
		{box 0.627319 17.7665 1.50361}
		{bone "piece09"}
		{matrix34
			0.7986 	 0.1822 	 0.5736
			0.5893 	 -0.0437 	 -0.8067
			-0.1219 	 0.9823 	 -0.1422
			0.102 	 0.0535 	 -0.0054
		}
	}
	{"piece10"
		{box 0.627319 11.6716 1.50361}
		{bone "piece10"}
		{matrix34
			0.9712 	 0.2215 	 0.0872
			0.1003 	 -0.0487 	 -0.9938
			-0.2159 	 0.9739 	 -0.0695
			0.0573 	 -0.1175 	 0.171
		}
	}
}
