;Exported by:	 Oleksandr Tsaprylov
;Date:			 19.07.2022 18:19:10
;File:			 E:\projects\gem2-mdl-soldiers\models\entourage\bridge_wood\bridge_wood_02.max
{skeleton
	{bone "bridge_wood_05_piece_003"
		{orientation
			1 	 0 	 0
			0 	 -1 	 0
			0 	 0 	 1
		}
		{poly "bridge_wood_05_piece_003"}
		{bone "fix1"
		}
	}
}
{volume "body01"
	{box 4.2519 4.14406 25.115}
	{bone "bridge_wood_05_piece_003"}
	{Position -2.7798 	 -33.6202 	 -1.6838}
}
{volume "body02"
	{box 2.84877 65.0829 2.0092}
	{bone "bridge_wood_05_piece_003"}
	{matrix34
		1 	 0 	 0
		0 	 0.999 	 0.0451
		0 	 -0.0451 	 0.999
		-2.7798 	 0.0199 	 10.397
	}
}
{volume "body03"
	{box 2.18504 2.07203 15.8224}
	{bone "bridge_wood_05_piece_003"}
	{matrix34
		1 	 0 	 0
		0 	 0.9999 	 -0.0102
		0 	 0.0102 	 0.9999
		-2.7006 	 0.7158 	 1.7174
	}
}
{volume "body04"
	{box 4.2519 4.14406 25.115}
	{bone "bridge_wood_05_piece_003"}
	{Position -2.7798 	 33.6495 	 1.3579}
}
{volume "body05"
	{box 2.18504 2.07203 15.8224}
	{bone "bridge_wood_05_piece_003"}
	{matrix34
		1 	 0 	 0
		0 	 0.9953 	 0.0968
		0 	 -0.0968 	 0.9953
		-2.7006 	 -62.5122 	 -2.6873
	}
}
{volume "body06"
	{box 2.84877 43.6342 2.0092}
	{bone "bridge_wood_05_piece_003"}
	{matrix34
		1 	 0 	 0
		0 	 0.9944 	 0.1053
		0 	 -0.1053 	 0.9944
		-2.6996 	 -57.0081 	 6.3046
	}
}
{volume "body07"
	{box 2.84877 18.5096 2.0092}
	{bone "bridge_wood_05_piece_003"}
	{matrix34
		1 	 0 	 0
		0 	 0.9991 	 -0.0423
		0 	 0.0423 	 0.9991
		-2.7798 	 44.288 	 11.271
	}
}
