;Exported by: sk
;Date:        Tue Apr 11 11:17:38 2006
;File:        D:\-Projects1_5-\-3DWork-\-Model-\Soldier\Ger_mgun\New\ger-mgun.max
{Skeleton
	{extension "/properties/animation/human/human_anm.ext"}
	{bone revolute "basis"
		{limits -30 30}
		{speed 0.1}
		{Orientation
			1	0	0
			0	-1	0
			0	0	1
		}
		{bone "body"
			{Matrix34
				0	0	1
				0	-1	0
				1	0	0
				0	0.0344553	19.9224
			}
			{bone "foot1l"
				{Matrix34
					-0.98708	-0.0934723	0.130139
					0.130661	0.000539103	0.991427
					0.0927407	-0.995622	-0.0116811
					-0.143509	-2.13095	-0.488995
				}
				{bone "foot2l"
					{Matrix34
						0.999809	-0.019512	-0.000643478
						0.019512	0.99981	-0.000235942
						0.000647967	0.000223224	1
						9.37838	-0.0471723	0
					}
					{bone "bone06"
						{Matrix34
							0.22138	0.973964	0.0488401
							-0.972284	0.216583	0.0880678
							0.0751968	-0.0669829	0.994916
							8.74023	0.113252	0.00567914
						}
					}
					{bone "foot3l"
						{Matrix34
							0.378071	0.873574	0.30648
							-0.0384702	-0.315942	0.947998
							0.924977	-0.370202	-0.0858422
							9.2003	-0.34629	-0.0729972
						}
						{bone "bone07"
							{Position 2.60015	0	0}
						}
					}
				}
			}
			{bone "foot1r"
				{Matrix34
					-0.985379	0.091353	0.143812
					0.143426	-0.0108105	0.989602
					0.0919581	0.99576	-0.00244995
					-0.143516	2.17103	-0.488755
				}
				{bone "foot2r"
					{Matrix34
						0.968473	-0.249119	-0.000212887
						0.24912	0.968473	-7.98883e-005
						0.000225935	2.42284e-005	1
						9.37831	-0.0472298	0
					}
					{bone "bone03"
						{Matrix34
							0.22138	0.973964	0.0488399
							-0.972284	0.216583	0.0880678
							0.0751968	-0.066983	0.994916
							8.74023	0.113252	0.00567885
						}
					}
					{bone "foot3r"
						{Matrix34
							0.1906	0.924472	0.330188
							-0.0244452	0.340719	-0.939847
							-0.981363	0.171063	0.0875401
							9.2003	-0.34629	-0.0729974
						}
						{bone "bone05"
							{Position 2.60015	0	0}
						}
					}
				}
			}
			{bone revolute "ik_leftright"
				{limits -20 20}
				{speed 0.1}
				{Matrix34
					0	0	1
					0	-1	0
					1	0	0
					1.90354	0.0344552	0
				}
				{bone revolute "ik_updown"
					{limits -40 20}
					{speed 0.1}
					{Matrix34
						1	0	0
						0	0	1
						0	-1	0
						-0.115551	0	1.66811
					}
					{bone "head"
						{Matrix34
							1	0	0
							0	0	-1
							0	1	0
							0	7.21458	0
						}
						{bone "visor"
							{Matrix34
								1	0	0
								0	1	0
								0	0	1
								2.31916	0	2.33291
							}
						}
					}
					{bone "gun_back"
						{Matrix34
							-0.0803584	0.992827	0.0885298
							-0.113716	0.0791053	-0.990359
							-0.990258	-0.0896507	0.106544
							-3.05684	-4.12582	2.68184
						}
					}
					{bone "clavicle_right"
						{Position -0.13918	6.12487	1.17254}
						{bone "hand1r"
							{Matrix34
								-0.0508874	-0.451101	0.891021
								0.998665	-0.0150785	0.0494011
								-0.00884971	0.892345	0.451267
								0.0503404	-0.225972	2.95336
							}
							{bone "hand2r"
								{Matrix34
									0.710548	0.703649	0
									-0.703649	0.710548	0
									0	0	1
									6.26812	0	0
								}
								{bone "hand3r"
									{Matrix34
										0.982611	-0.185676	0
										0.185677	0.982611	0
										0	0	1
										5.19218	0	0
									}
								}
								{bone "right_hand"
									{Matrix34
										0.996867	0.0770291	-0.0179754
										-0.0634423	0.914363	0.399894
										0.04724	-0.397502	0.916385
										5.7784	0.0492968	0.169273
									}
								}
								{bone "hand_rot1r"
									{Matrix34
										0.00333555	-0.999958	0.00855833
										-0.999992	-0.00331819	0.00210688
										-0.00207915	-0.00856454	-0.999961
										5.19224	0	0
									}
									{visibility 0}
									{bone "palm1r"
										{Matrix34
											-0.987462	-0.121604	-0.100651
											-0.0703699	-0.231655	0.970249
											-0.141302	0.965168	0.220194
											0.121389	-0.163002	0.149545
										}
										{visibility 0}
										{bone "palm2r"
											{Matrix34
												-0.0075723	0.507051	-0.861883
												0.00245745	0.861915	0.507047
												0.999968	0.00172148	-0.0077731
												0.146145	0.242287	-1.25751
											}
											{visibility 0}
											{bone "palm3r"
												{Matrix34
													0.576834	0.816863	0
													-0.816862	0.576832	0
													0	0	1
													0.58188	-0.000114553	0
												}
												{visibility 0}
											}
										}
									}
								}
							}
						}
					}
					{bone "clavicle_left"
						{Position -0.13918	6.12487	-1.18112}
						{bone "hand1l"
							{Matrix34
								-0.0973852	-0.483896	-0.86969
								0.995131	-0.0606452	-0.0776888
								-0.015149	-0.873022	0.487446
								0.0503409	-0.225973	-2.95273
							}
							{bone "hand2l"
								{Matrix34
									0.599051	0.800711	0
									-0.800711	0.599051	0
									0	0	1
									6.26812	0	0
								}
								{bone "hand3l"
									{Matrix34
										0.982611	-0.185676	0
										0.185677	0.982611	0
										0	0	1
										5.19218	0	0
									}
								}
								{bone "left_hand"
									{Matrix34
										0.275673	0.823505	-0.495827
										0.00418856	-0.516838	-0.856073
										-0.961242	0.233919	-0.145927
										5.99778	-0.667301	0.409921
									}
								}
								{bone "hand_rot1l"
									{Matrix34
										0.00130204	-0.999931	0.011637
										-0.999999	-0.00131443	-0.00103838
										0.00105364	-0.0116363	-0.999932
										5.25744	-0.000655145	-0.00162311
									}
									{bone "palm1l"
										{Matrix34
											0.965404	0.249251	-0.0766089
											-0.0261254	-0.199862	-0.979476
											-0.259446	0.947591	-0.186435
											0.0886889	-0.337659	-0.0916086
										}
										{bone "palm2l"
											{Matrix34
												-0.0057704	0.491343	-0.870947
												-0.00434955	-0.870966	-0.491324
												-0.999974	0.000953834	0.00716164
												-0.0738367	0.242493	-1.26342
											}
											{bone "palm3l"
												{Matrix34
													0.578449	-0.815719	0
													0.815719	0.578449	0
													0	0	1
													0.578553	0.000165364	0
												}
											}
										}
									}
								}
							}
						}
					}
				}
			}
			{bone revolute "placement"
				{Matrix34
					0	0	1
					0	-1	0
					1	0	0
					0.783108	0.034456	-1.61785
				}
			}
		}
		{bone revolute "foresight2rot"
			{limits -20 20}
			{speed 0.1}
			{Position 13.7429	0.0246876	27.5947}
		}
		{bone "skin"
			{Matrix34
				0.906309	0	-0.422617
				0	-1	0
				0.422617	0	0.906309
				-0.115372	-6.89244e-005	26.9396
			}
			{LODView
				{VolumeView "skin.ply"}
				{VolumeView "skin_lod1.ply"}
			}
		}
	}
}
