;Exported by	: KobaA
;Date			: 12.01.2024 13:48:14
;File			: d:\git\gem2-mdl-soldiers\models\building\house_001b_g2\house_001b_g2_x.max
{skeleton
	{bone "house_001b_piece_011_x"
		{orientation
			1 	 0 	 0
			0 	 -1 	 0
			0 	 0 	 1
		}
		{bone "sub_piece00"
			{matrix34
				0 	 1 	 0
				-0.766 	 0 	 0.6428
				0.6428 	 0 	 0.766
				16.6498 	 4.1994 	 33.2128
			}
			{poly "sub_piece00"}
		}
		{bone "sub_piece01"
			{matrix34
				0 	 1 	 0
				-0.766 	 0 	 0.6428
				0.6428 	 0 	 0.766
				25.9151 	 3.0805 	 25.5896
			}
			{poly "sub_piece01"}
		}
		{bone "piece04"
			{matrix34
				0 	 1 	 0
				-0.9848 	 0 	 0.1736
				0.1736 	 0 	 0.9848
				1.3126 	 1.6932 	 45.3287
			}
			{poly "piece04"}
		}
		{bone "sub_piece02"
			{matrix34
				0 	 1 	 0
				-0.766 	 0 	 0.6428
				0.6428 	 0 	 0.766
				6.5375 	 -18.9716 	 43.8211
			}
			{poly "sub_piece02"}
		}
		{bone "piece05"
			{matrix34
				0 	 1 	 0
				-0.766 	 0 	 0.6428
				0.6428 	 0 	 0.766
				22.5064 	 -19.0517 	 30.2699
			}
			{poly "piece05"}
		}
		{bone "sub_piece03"
			{Position -4.0612 	 16.7323 	 8.9036}
			{poly "sub_piece03"}
		}
		{bone "sub_piece04"
			{Position 1.1625 	 16.7323 	 -5.0748}
			{poly "sub_piece04"}
		}
		{bone "sub_piece05"
			{Position 21.5928 	 16.7323 	 17.1376}
			{poly "sub_piece05"}
		}
		{bone "piece02"
			{Position -6.2065 	 16.7323 	 -8.8826}
			{poly "piece02"}
		}
		{bone "sub_piece06"
			{Position -19.4196 	 16.7323 	 1.987}
			{poly "sub_piece06"}
		}
		{bone "piece01"
			{Position 15.0583 	 16.7323 	 10.8125}
			{poly "piece01"}
		}
		{bone "piece03"
			{Position 14.9099 	 16.7323 	 29.0872}
			{poly "piece03"}
		}
		{bone "sub_piece07"
			{Position 2.7941 	 16.7323 	 40.7086}
			{poly "sub_piece07"}
		}
		{bone "piece06"
			{matrix34
				0 	 -1 	 0
				0.766 	 0 	 0.6428
				-0.6428 	 0 	 0.766
				-22.3375 	 7.4317 	 30.2699
			}
			{poly "piece06"}
		}
		{bone "piece00"
			{Position -12.9795 	 16.7323 	 25.9801}
			{poly "piece00"}
		}
		{bone "sub_piece09"
			{matrix34
				0 	 -1 	 0
				0.766 	 0 	 0.6428
				-0.6428 	 0 	 0.766
				-27.7165 	 -16.3018 	 24.0879
			}
			{poly "sub_piece09"}
		}
		{bone "piece07"
			{matrix34
				0 	 -1 	 0
				0.9848 	 0 	 0.1736
				-0.1736 	 0 	 0.9848
				-1.1436 	 -13.3133 	 45.3287
			}
			{poly "piece07"}
		}
		{bone "sub_piece10"
			{matrix34
				0 	 -1 	 0
				0.766 	 0 	 0.6428
				-0.6428 	 0 	 0.766
				-6.3686 	 7.3515 	 43.8211
			}
			{poly "sub_piece10"}
		}
		{bone "sub_piece11"
			{matrix34
				0 	 -1 	 0
				0.766 	 0 	 0.6428
				-0.6428 	 0 	 0.766
				-16.4809 	 -18.1507 	 33.2128
			}
			{poly "sub_piece11"}
		}
		{bone "sub_piece08"
			{Position 14.2355 	 16.7323 	 -4.1208}
			{poly "sub_piece08"}
		}
	}
}
{"volumes"
	{"piece00_volume001"
		{box 5.90551 29.1979 19.6095}
		{bone "piece00"}
		{matrix34
			0 	 1 	 0
			0.766 	 0 	 0.6428
			0.6428 	 0 	 -0.766
			-0.1963 	 0.0454 	 -1.4141
		}
	}
	{"piece01_volume001"
		{box 5.90551 10.5595 17.1625}
		{bone "piece01"}
		{matrix34
			0 	 1 	 0
			-0.999 	 0 	 -0.0436
			-0.0436 	 0 	 0.999
			-1.9778 	 0.0453 	 -0.0556
		}
	}
	{"piece02_volume001"
		{box 5.90551 9.96872 9.24086}
		{bone "piece02"}
		{matrix34
			0 	 1 	 0
			0.7373 	 0 	 -0.6756
			-0.6756 	 0 	 -0.7373
			-2.004 	 0.0452 	 -0.7699
		}
	}
	{"piece03_volume001"
		{box 5.90551 13.9038 13.5052}
		{bone "piece03"}
		{matrix34
			0 	 1 	 0
			-0.7373 	 0 	 -0.6756
			-0.6756 	 0 	 0.7373
			-1.9442 	 0.0452 	 -0.1962
		}
	}
	{"piece04_volume001"
		{box 2.3622 2.3622 31.7436}
		{bone "piece04"}
		{matrix34
			0 	 -1 	 0
			0 	 0 	 -1
			1 	 0 	 0
			0.9955 	 -0.0214 	 -0.0131
		}
	}
	{"piece05_volume001"
		{box 14.6248 0.984252 14.6338}
		{bone "piece05"}
		{matrix34
			0 	 -1 	 0
			0 	 0 	 -1
			1 	 0 	 0
			0.5323 	 0.4682 	 0.052
		}
	}
	{"piece06_volume001"
		{box 14.6248 0.984252 14.6338}
		{bone "piece06"}
		{matrix34
			0 	 1 	 0
			0 	 0 	 -1
			-1 	 0 	 0
			0.7043 	 0.436 	 -0.0317
		}
	}
	{"piece07_volume001"
		{box 2.3622 2.3622 31.7436}
		{bone "piece07"}
		{matrix34
			0 	 1 	 0
			0 	 0 	 -1
			-1 	 0 	 0
			0.749 	 0.0279 	 -0.0167
		}
	}
	{"sub_piece00_volume001"
		{box 2.3622 2.3622 31.7436}
		{bone "sub_piece00"}
		{matrix34
			0 	 -0.866 	 0.5
			0 	 -0.5 	 -0.866
			1 	 0 	 0
			-1.5105 	 3.2653 	 -0.5305
		}
	}
	{"sub_piece01_volume001"
		{box 2.3622 2.3622 31.7436}
		{bone "sub_piece01"}
		{matrix34
			0 	 -0.866 	 0.5
			0 	 -0.5 	 -0.866
			1 	 0 	 0
			-0.3914 	 0.2982 	 -0.3313
		}
	}
	{"sub_piece02_volume001"
		{box 14.6248 0.984252 14.6338}
		{bone "sub_piece02"}
		{matrix34
			0 	 -1 	 0
			0 	 0 	 -1
			1 	 0 	 0
			0.4519 	 -0.4271 	 -0.0641
		}
	}
	{"sub_piece03_volume001"
		{box 5.90551 18.0105 12.3828}
		{bone "sub_piece03"}
		{matrix34
			0 	 1 	 0
			-1 	 0 	 0
			0 	 0 	 1
			1.1029 	 0.0453 	 -3.3932
		}
	}
	{"sub_piece04_volume001"
		{box 5.90551 12.0105 11.8473}
		{bone "sub_piece04"}
		{matrix34
			0 	 1 	 0
			0.3827 	 0 	 -0.9239
			-0.9239 	 0 	 -0.3827
			1.363 	 0.0452 	 0.326
		}
	}
	{"sub_piece05_volume001"
		{box 5.90551 14.0442 10.4691}
		{bone "sub_piece05"}
		{matrix34
			0 	 1 	 0
			-0.7373 	 0 	 -0.6756
			-0.6756 	 0 	 0.7373
			1.8305 	 0.0452 	 0.535
		}
	}
	{"sub_piece06_volume001"
		{box 5.90551 20.2365 9.24086}
		{bone "sub_piece06"}
		{matrix34
			0 	 1 	 0
			0.5 	 0 	 -0.866
			-0.866 	 0 	 -0.5
			0.9197 	 0.0452 	 0.6744
		}
	}
	{"sub_piece07_volume001"
		{box 5.90551 13.9038 8.91341}
		{bone "sub_piece07"}
		{matrix34
			0 	 1 	 0
			0.7071 	 0 	 -0.7071
			-0.7071 	 0 	 -0.7071
			-0.917 	 0.0452 	 -0.2329
		}
	}
	{"sub_piece08_volume001"
		{box 5.90551 8.12273 8.66793}
		{bone "sub_piece08"}
		{matrix34
			0 	 1 	 0
			-0.766 	 0 	 -0.6428
			-0.6428 	 0 	 0.766
			-0.1982 	 0.0453 	 0.5583
		}
	}
	{"sub_piece09_volume001"
		{box 2.3622 2.3622 30.2834}
		{bone "sub_piece09"}
		{matrix34
			0 	 0.866 	 -0.5
			0 	 -0.5 	 -0.866
			-1 	 0 	 0
			0.0235 	 0.307 	 -0.3483
		}
	}
	{"sub_piece10_volume001"
		{box 14.6248 0.984252 14.6338}
		{bone "sub_piece10"}
		{matrix34
			0 	 1 	 0
			0 	 0 	 -1
			-1 	 0 	 0
			0.6241 	 -0.518 	 -0.1479
		}
	}
	{"sub_piece11_volume001"
		{box 2.3622 2.3622 31.7436}
		{bone "sub_piece11"}
		{matrix34
			0 	 0.866 	 -0.5
			0 	 -0.5 	 -0.866
			-1 	 0 	 0
			-0.5478 	 3.2878 	 -0.5553
		}
	}
}
