;Exported by:	 tolokolnikova
;Date:			 27.06.2017 14:26:06
;File:			 D:\gem2\gem2-mdl-soldiers\models\building\shed_village_001\villige_fort_x.max
{skeleton
	{bone "shed_village_piece_005_point"
		{orientation
			1 	 0 	 0
			0 	 -1 	 0
			0 	 0 	 1
		}
		{bone "piece01"
			{Position 17.9322 	 -26.0472 	 1.6051}
			{poly "piece01"}
		}
		{bone "piece02"
			{Position -7.0237 	 -26.0472 	 4.2503}
			{poly "piece02"}
		}
		{bone "piece03"
			{Position 26.1206 	 -26.0472 	 18.647}
			{poly "piece03"}
		}
		{bone "piece04"
			{Position -18.2665 	 -26.0472 	 18.6751}
			{poly "piece04"}
		}
		{bone "piece05"
			{Position 6.377 	 -26.0472 	 26.7754}
			{poly "piece05"}
		}
		{bone "sub_piece01"
			{Position 35.1106 	 -26.0472 	 2.8841}
			{poly "sub_piece01"}
		}
		{bone "sub_piece02"
			{Position 21.5502 	 -26.0472 	 -11.0801}
			{poly "sub_piece02"}
		}
		{bone "sub_piece03"
			{Position 1.6958 	 -26.0472 	 13.3818}
			{poly "sub_piece03"}
		}
		{bone "sub_piece04"
			{matrix34
				0.7349 	 0 	 0.6782
				0 	 1 	 0
				-0.6782 	 0 	 0.7349
				-23.9047 	 -26.0472 	 4.2728
			}
			{poly "sub_piece04"}
		}
		{bone "sub_piece05"
			{Position 3.7058 	 -26.0472 	 -8.8923}
			{poly "sub_piece05"}
		}
		{bone "piece06"
			{matrix34
				0 	 1 	 0
				-1 	 0 	 0
				0 	 0 	 1
				41.758 	 -17.9002 	 14.2283
			}
			{poly "piece06"}
		}
		{bone "piece07"
			{matrix34
				0 	 0.866 	 -0.5
				-1 	 0 	 0
				0 	 0.5 	 0.866
				41.758 	 -15.2175 	 0.204
			}
			{poly "piece07"}
		}
		{bone "sub_piece08"
			{matrix34
				0 	 1 	 0
				-0.4226 	 0 	 0.9063
				-0.9063 	 0 	 -0.4226
				-4.8599 	 -22.5093 	 33.58
			}
			{poly "sub_piece08"}
		}
		{bone "sub_piece07"
			{matrix34
				0 	 1 	 0
				0.9063 	 0 	 -0.4226
				0.4226 	 0 	 0.9063
				15.5281 	 -7.573 	 33.5864
			}
			{poly "sub_piece07"}
		}
		{bone "sub_piece10"
			{matrix34
				0 	 1 	 0
				0.9063 	 0 	 -0.4226
				0.4226 	 0 	 0.9063
				34.7728 	 -21.4612 	 24.6542
			}
			{poly "sub_piece10"}
		}
		{bone "sub_piece09"
			{matrix34
				0 	 1 	 0
				-0.4226 	 0 	 0.9063
				-0.9063 	 0 	 -0.4226
				-25.782 	 -25.0126 	 23.8505
			}
			{poly "sub_piece09"}
		}
		{bone "sub_piece06"
			{matrix34
				0 	 -1 	 0
				1 	 0 	 0
				0 	 0 	 1
				-31.0876 	 -24.532 	 9.7538
			}
			{poly "sub_piece06"}
		}
		{bone "shed_village_piece_005"
			{poly "shed_village_piece_005"}
		}
		{bone revolute "attach1"
			{matrix34
				0 	 -1 	 0
				1 	 0 	 0
				0 	 0 	 1
				24.4778 	 -12.6737 	 -34.1901
			}
		}
		{bone revolute "attach2"
			{matrix34
				0 	 -1 	 0
				1 	 0 	 0
				0 	 0 	 1
				4.6767 	 -12.6737 	 -34.1901
			}
		}
		{bone "debris_land_001"
			{parameters "commonmesh;land;ground;"}
			{matrix34
				0 	 1 	 0
				-1 	 0 	 0
				0 	 0 	 1
				27.191 	 -38.882 	 -34.1776
			}
			{poly "debris_land_001" {ground}}
		}
		{bone "fort_wall"
			{matrix34
				-1 	 0 	 0
				0 	 -1 	 0
				0 	 0 	 1
				19.1828 	 -34.9316 	 -28.5673
			}
		}
		{bone "stones_001"
			{parameters "commonmesh;land;ground;"}
			{matrix34
				0 	 1 	 0
				-1 	 0 	 0
				0 	 0 	 1
				27.191 	 -38.8686 	 -34.1776
			}
			{poly "stones_001" {ground}}
		}
		{bone "debris_land_002"
			{parameters "commonmesh;land;ground;"}
			{matrix34
				0 	 1 	 0
				-1 	 0 	 0
				0 	 0 	 1
				-13.9351 	 -34.8301 	 -34.1776
			}
			{poly "debris_land_002" {ground}}
		}
	}
}
{volume "piece01"
	{box 5.90551 19.8824 12.9907}
	{bone "piece01"}
	{matrix34
		0 	 1 	 0
		-1 	 0 	 0
		0 	 0 	 1
		-0.0645 	 -0.0486 	 0.3151
	}
}
{volume "piece02"
	{box 5.90551 19.8824 12.9907}
	{bone "piece02"}
	{matrix34
		0 	 1 	 0
		-1 	 0 	 0
		0 	 0 	 1
		0.3703 	 -0.0486 	 0.2076
	}
}
{volume "piece03"
	{box 5.90551 16.5024 16.6281}
	{bone "piece03"}
	{matrix34
		0 	 1 	 0
		-1 	 0 	 0
		0 	 0 	 1
		-0.3029 	 -0.0486 	 -0.5938
	}
}
{volume "piece04"
	{box 5.90551 19.4134 12.0071}
	{bone "piece04"}
	{matrix34
		0 	 1 	 0
		-1 	 0 	 0
		0 	 0 	 1
		0.5476 	 -0.0486 	 -0.0487
	}
}
{volume "piece05"
	{box 5.90551 11.2216 13.8013}
	{bone "piece05"}
	{matrix34
		0 	 1 	 0
		-1 	 0 	 0
		0 	 0 	 1
		0.3839 	 -0.0486 	 -0.6163
	}
}
{volume "piece06"
	{box 5.90551 17.8851 11.2056}
	{bone "piece06"}
	{matrix34
		0 	 1 	 0
		-1 	 0 	 0
		0 	 0 	 1
		-0.4347 	 -0.0506 	 0.1817
	}
}
{volume "piece07"
	{box 5.90551 14.1945 9.30068}
	{bone "piece07"}
	{matrix34
		0 	 1 	 0
		-0.866 	 0 	 -0.5
		-0.5 	 0 	 0.866
		-0.4512 	 -0.0506 	 1.9121
	}
}
{volume "sub_piece01"
	{box 5.90551 7.5028 7.33937}
	{bone "sub_piece01"}
	{matrix34
		0 	 1 	 0
		-1 	 0 	 0
		0 	 0 	 1
		0.3427 	 -0.0486 	 -0.4357
	}
}
{volume "sub_piece02"
	{box 5.90551 8.34651 6.89819}
	{bone "sub_piece02"}
	{matrix34
		0 	 1 	 0
		-1 	 0 	 0
		0 	 0 	 1
		0.0525 	 -0.0486 	 -0.4387
	}
}
{volume "sub_piece03"
	{box 5.90551 8.35062 5.84581}
	{bone "sub_piece03"}
	{matrix34
		0 	 1 	 0
		-1 	 0 	 0
		0 	 0 	 1
		-0.116 	 -0.0486 	 0.1065
	}
}
{volume "sub_piece04"
	{box 5.90551 6.5612 8.70376}
	{bone "sub_piece04"}
	{matrix34
		0 	 1 	 0
		-1 	 0 	 0
		0 	 0 	 1
		-0.1436 	 -0.0486 	 0.2252
	}
}
{volume "sub_piece05"
	{box 5.90551 8.34651 6.89819}
	{bone "sub_piece05"}
	{matrix34
		0 	 1 	 0
		-1 	 0 	 0
		0 	 0 	 1
		-0.6342 	 -0.0486 	 0.6775
	}
}
{volume "sub_piece06"
	{box 5.90551 6.64214 7.5997}
	{bone "sub_piece06"}
	{matrix34
		0 	 1 	 0
		-1 	 0 	 0
		0 	 0 	 1
		0.3339 	 -0.0112 	 -0.0455
	}
}
{volume "sub_piece07"
	{box 1.9685 17.277 22.5341}
	{bone "sub_piece07"}
	{matrix34
		0.0031 	 -0.0116 	 -0.9999
		-0.9991 	 0.0432 	 -0.0036
		-0.0432 	 -0.999 	 0.0114
		-0.5675 	 -0.0626 	 -0.2951
	}
}
{volume "sub_piece08"
	{box 1.9685 17.277 20.8649}
	{bone "sub_piece08"}
	{matrix34
		-0.0031 	 -0.9999 	 -0.0116
		0.9991 	 -0.0036 	 0.0432
		0.0432 	 0.0114 	 -0.999
		-0.46 	 -0.092 	 0.3099
	}
}
{volume "sub_piece09"
	{box 1.9685 14.8582 12.3103}
	{bone "sub_piece09"}
	{matrix34
		-0.0031 	 -0.9999 	 -0.0116
		0.9991 	 -0.0036 	 0.0432
		0.0432 	 0.0114 	 -0.999
		-0.2254 	 -0.3741 	 0.1298
	}
}
{volume "sub_piece10"
	{box 1.9685 21.5962 14.9035}
	{bone "sub_piece10"}
	{matrix34
		0 	 0 	 -1
		-1 	 0 	 0
		0 	 -1 	 0
		-0.243 	 -2.8578 	 -0.2472
	}
}
{volume "target_vol_001"
	{box 9.84252 11.811 15.6501}
	{bone "shed_village_piece_005_point"}
	{matrix34
		0 	 -1 	 0
		1 	 0 	 0
		0 	 0 	 1
		24.4778 	 -26.6971 	 -10.3626
	}
}
{volume "target_vol_002"
	{box 9.84252 11.811 15.6501}
	{bone "shed_village_piece_005_point"}
	{matrix34
		0 	 -1 	 0
		1 	 0 	 0
		0 	 0 	 1
		4.6767 	 -26.6971 	 -10.3626
	}
}
{volume "vol_01"
	{box 6.31434 11.849 32.8566}
	{bone "shed_village_piece_005"}
	{Position -31.146 	 -23.1969 	 -17.7493}
}
{volume "vol_02"
	{box 6.31434 16.5631 32.8566}
	{bone "shed_village_piece_005"}
	{matrix34
		0 	 1 	 0
		-1 	 0 	 0
		0 	 0 	 1
		-19.5609 	 -26.0481 	 -17.7493
	}
}
{volume "vol_03"
	{box 6.31434 44.2293 21.3568}
	{bone "shed_village_piece_005"}
	{matrix34
		0 	 1 	 0
		-1 	 0 	 0
		0 	 0 	 1
		10.2294 	 -26.0481 	 -23.4992
	}
}
{volume "vol_04"
	{box 6.31434 11.9419 30.9673}
	{bone "shed_village_piece_005"}
	{matrix34
		0 	 1 	 0
		-1 	 0 	 0
		0 	 0 	 1
		38.9121 	 -26.0481 	 -18.6939
	}
}
{volume "vol_05"
	{polyhedron}
	{bone "shed_village_piece_005"}
	{matrix34
		-1 	 0 	 0
		0 	 -1 	 0
		0 	 0 	 1
		41.5862 	 -14.9794 	 -34.1776
	}
}
