;Exported by:	 Цаприлов Олександр
;Date:			 01.09.2020 11:20:24
;File:			 E:\projects\gem2-mdl-soldiers\models\entourage\wine_furniture\wine_furniture.max
{skeleton
	{bone "wine_furniture_04_x"
		{orientation
			1 	 0 	 0
			0 	 -1 	 0
			0 	 0 	 1
		}
		{bone "piece01"
			{Position 2.6798 	 -4.0075 	 4.9801}
			{poly "piece01"}
		}
		{bone "piece02"
			{matrix34
				0.9848 	 0 	 0.1736
				0 	 1 	 0
				-0.1736 	 0 	 0.9848
				-2.7675 	 2.6275 	 4.4703
			}
			{poly "piece02"}
		}
		{bone "piece03"
			{matrix34
				0.8192 	 0.4056 	 0.4056
				-0.5736 	 0.5792 	 0.5792
				0 	 -0.7071 	 0.7071
				2.3976 	 3.5142 	 8.1959
			}
			{poly "piece03"}
		}
	}
}
{volume "piece01"
	{box 6.30321 1.89074 7.07593}
	{bone "piece01"}
	{matrix34
		0.9962 	 0.0872 	 0
		-0.0872 	 0.9962 	 0
		0 	 0 	 1
		0.0027 	 -0.1718 	 -0.5563
	}
}
{volume "piece02"
	{box 8.32024 2.17435 7.07593}
	{bone "piece02"}
	{matrix34
		0.2233 	 0.9747 	 0
		-0.9747 	 0.2233 	 0
		0 	 0 	 1
		-0.6665 	 0.2301 	 0.0114
	}
}
{volume "piece03"
	{box 1.50554 5.29491 7.30315}
	{bone "piece03"}
	{matrix34
		0.6428 	 0.766 	 0
		-0.766 	 0.6428 	 0
		0 	 0 	 1
		0.3637 	 0.3723 	 -1.1437
	}
}
