;Exported by	: KobaA
;Date			: 17.01.2024 13:26:44
;File			: d:\git\gem2-mdl-soldiers\models\building\water_mill\water_mill_fort_cut.max
{skeleton
	{bone "h_80_g2_piece17"
		{orientation
			1 	 0 	 0
			0 	 -1 	 0
			0 	 0 	 1
		}
		{poly "h_80_g2_piece17"}
		{bone "fix29"
			{Position -8.3159 	 -16.7218 	 -27.7606}
		}
		{bone "fix28"
			{Position -32.6668 	 -16.7218 	 -11.7059}
		}
		{bone "fix27"
			{Position 27.1774 	 -16.7218 	 -11.7059}
		}
	}
}
{"volumes"
	{"body1"
		{box 43.9315 5.90551 17.0471}
		{bone "h_80_g2_piece17"}
		{Position -1.2329 	 -16.7217 	 -11.0155}
	}
	{"body2"
		{box 14.2654 5.90551 8.8645}
		{bone "h_80_g2_piece17"}
		{matrix34
			0.866 	 0 	 -0.5
			0 	 1 	 0
			0.5 	 0 	 0.866
			-1.2793 	 -16.7217 	 -20.3221
		}
	}
	{"roof1"
		{box 6.59569 2.05539 14.6547}
		{bone "h_80_g2_piece17"}
		{matrix34
			1 	 0 	 0
			0 	 0.5649 	 -0.8252
			0 	 0.8252 	 0.5649
			-21.2403 	 -16.3948 	 3.2107
		}
	}
	{"roof2"
		{box 38.7982 2.05539 47.2733}
		{bone "h_80_g2_piece17"}
		{matrix34
			1 	 0 	 0
			0 	 0.5649 	 -0.8252
			0 	 0.8252 	 0.5649
			1.6017 	 -2.9367 	 12.4234
		}
	}
	{"roof3"
		{box 3.3638 2.05539 14.6547}
		{bone "h_80_g2_piece17"}
		{matrix34
			1 	 0 	 0
			0 	 0.5649 	 -0.8252
			0 	 0.8252 	 0.5649
			-19.4983 	 6.6381 	 18.9778
		}
	}
}
