;Exported by	: KobaA
;Date			: 17.01.2024 12:28:21
;File			: d:\git\gem2-mdl-soldiers\models\building\water_mill\water_mill_01_x_fort.max
{skeleton
	{bone "h_80a_g2_piece05_point"
		{orientation
			1 	 0 	 0
			0 	 -1 	 0
			0 	 0 	 1
		}
		{bone "piece02"
			{Position -7.1403 	 13.3962 	 -10.7112}
			{poly "piece02"}
		}
		{bone "piece01"
			{Position 14.4929 	 13.3863 	 -11.4361}
			{poly "piece01"}
		}
		{bone "sub_piece01"
			{Position 3.2485 	 13.6443 	 -4.7584}
			{poly "sub_piece01"}
		}
		{bone "piece04"
			{matrix34
				1 	 0 	 0
				0 	 0.6428 	 0.766
				0 	 0.766 	 -0.6428
				-14.4064 	 0.0319 	 13.1372
			}
			{poly "piece04"}
		}
		{bone "piece03"
			{matrix34
				1 	 0 	 0
				0 	 0.6428 	 0.766
				0 	 0.766 	 -0.6428
				17.7237 	 11.6442 	 3.3936
			}
			{poly "piece03"}
		}
	}
}
{"volumes"
	{"piece01"
		{box 15.21 5.90551 10.1453}
		{bone "piece01"}
		{matrix34
			0.8192 	 0 	 0.5736
			0 	 1 	 0
			-0.5736 	 0 	 0.8192
			-0.0779 	 0 	 0.6021
		}
	}
	{"piece02"
		{box 10.7351 5.90551 16.4273}
		{bone "piece02"}
		{Position -0.0186 	 0 	 0.6552}
	}
	{"piece03"
		{box 13.3628 1.9685 14.6989}
		{bone "piece03"}
		{matrix34
			-1 	 0 	 0
			0 	 -1 	 0
			0 	 0 	 1
			0.0414 	 -0.094 	 2.8067
		}
	}
	{"piece04"
		{box 21.7793 1.9685 15.3396}
		{bone "piece04"}
		{matrix34
			-1 	 0 	 0
			0 	 -1 	 0
			0 	 0 	 1
			-0.2518 	 -0.0942 	 -3.0527
		}
	}
	{"sub_piece01"
		{box 6.12299 5.90551 6.49299}
		{bone "sub_piece01"}
		{Position 0.1352 	 0 	 0.1633}
	}
}
