;Exported by:	 joomb
;Date:			 04.08.2020 14:07:37
;File:			 D:\Git\gem2-mdl-soldiers\models\unit\vehicle\ds_39\DS_39_stan_x.max
{skeleton
	{bone revolute "basis"
		{speed 0.01}
		{orientation
			1 	 0 	 0
			0 	 -1 	 0
			0 	 0 	 1
		}
		{bone "body"
			{parameters "id=body;"}
			{Position 0 	 0 	 15.2362}
			{LODView
				{poly "body"}
				{poly "body_lod1"}
				{poly "body_lod2"}
				{poly "body_lod3"}
			}
			{bone revolute "turret"
				{parameters "id=turret;"}
				{limits -15 15}
				{speed 0.01}
				{Position 0 	 0 	 7.3103}
				{LODView
					{poly "turret"}
					{poly "turret_lod1"}
					{poly "turret_lod2"}
					{poly "turret_lod3"}
				}
				{bone revolute "gun_rot"
					{parameters "id=gun;"}
					{limits -45 5}
					{speed 0.08}
					{matrix34
						1 	 0 	 0
						0 	 0 	 1
						0 	 -1 	 0
						0 	 0 	 3.1178
					}
					{LODView
						{poly "gun_rot"}
						{poly "gun_rot_lod1"}
						{poly "gun_rot_lod2"}
						{poly "gun_rot_lod3"}
					}
					{bone "mgun"
						{Position -5.4751 	 -0.6803 	 0}
					}
				}
				{bone "shield"
					{parameters "id=turret;"}
					{matrix34
						1 	 0 	 0
						0 	 0 	 -1
						0 	 1 	 0
						0.3131 	 1.2784 	 7.0718
					}
					{LODView
						{poly "shield"}
						{poly "shield_lod1"}
						{poly "shield_lod2"}
						{poly "shield_lod3"}
					}
				}
				{bone "visor"
					{Position 0.4358 	 0 	 6.375}
				}
				{bone "gunner"
					{Position -22.7847 	 0.0104 	 -22.5465}
				}
				{bone "commander"
					{Position -13.3623 	 -17.6175 	 -22.5465}
				}
			}
			{bone "stand"
				{parameters "id=body;"}
				{matrix34
					0.6293 	 0 	 0.7771
					0 	 1 	 0
					-0.7771 	 0 	 0.6293
					-1.0102 	 0 	 6.1622
				}
				{LODView
					{poly "stand"}
					{poly "stand_lod1"}
					{poly "stand_lod2"}
					{poly "stand_lod3"}
				}
			}
			{bone "support1"
				{parameters "id=body;"}
				{matrix34
					0.7736 	 -0.6317 	 0.0492
					0.3942 	 0.4191 	 -0.8179
					0.4961 	 0.6522 	 0.5732
					0.3813 	 0.9786 	 6.1728
				}
				{LODView
					{poly "support1"}
					{poly "support1_lod1"}
					{poly "support1_lod2"}
					{poly "support1_lod3"}
				}
			}
			{bone "support2"
				{parameters "id=body;"}
				{matrix34
					0.3422 	 -0.4603 	 -0.8192
					0.8026 	 0.5965 	 0
					0.4887 	 -0.6574 	 0.5736
					0.3729 	 -0.984 	 6.1818
				}
				{LODView
					{poly "support2"}
					{poly "support2_lod1"}
					{poly "support2_lod2"}
					{poly "support2_lod3"}
				}
			}
		}
		{bone "emit2"
			{Position -5.1788 	 -9.8425 	 0}
		}
		{bone "emit1"
			{Position -5.1788 	 9.8425 	 0}
		}
		{bone "driver1"
			{Position 15.5647 	 7.7602 	 0}
		}
		{bone "driver2"
			{Position 15.5647 	 -4.146 	 0}
		}
	}
}
{volume "body"
	{polyhedron}
	{bone "body"}
	{Position -0.0026 	 0 	 6.1932}
}
{volume "gun_rot01"
	{polyhedron}
	{bone "gun_rot"}
	{matrix34
		1 	 0 	 0
		0 	 0 	 -1
		0 	 1 	 0
		-2.0088 	 -0.9056 	 0
	}
}
{volume "gun_rot02"
	{polyhedron}
	{bone "gun_rot"}
	{matrix34
		1 	 0 	 0
		0 	 0 	 -1
		0 	 1 	 0
		-1.8446 	 -4.2349 	 4.3705
	}
}
{volume "shield"
	{polyhedron}
	{bone "shield"}
	{matrix34
		1 	 0 	 0
		0 	 0 	 1
		0 	 -1 	 0
		0.2398 	 -2.4369 	 -0.8538
	}
}
{volume "stand"
	{cylinder 0.492126 20.6693}
	{bone "stand"}
	{matrix34
		0.4772 	 0 	 -0.8788
		0 	 1 	 0
		0.8788 	 0 	 0.4772
		-10.7059 	 -0.0055 	 -4.1592
	}
}
{volume "support1"
	{cylinder 0.492126 21.2598}
	{bone "support1"}
	{matrix34
		0.7858 	 0.3917 	 0.4786
		-0.6049 	 0.326 	 0.7265
		0.1286 	 -0.8604 	 0.4931
		-0.9721 	 9.2612 	 -5.2906
	}
}
{volume "support2"
	{cylinder 0.492126 21.2598}
	{bone "support2"}
	{matrix34
		0.2123 	 0.8023 	 0.5579
		-0.307 	 0.5968 	 -0.7414
		-0.9277 	 -0.0138 	 0.373
		10.4433 	 -0.0644 	 -4.1179
	}
}
{volume "turret"
	{polyhedron}
	{bone "turret"}
	{Position 0.4358 	 -0.0988 	 0.0218}
}
