;Exported by	: KobaA
;Date			: 10.05.2024 14:53:42
;File			: d:\git\gem2-mdl-soldiers\models\landscape\trench\constructor.max
{skeleton
	{bone "basis_002"
		{orientation
			1 	 0 	 0
			0 	 -1 	 0
			0 	 0 	 1
		}
		{bone "trench"
			{parameters "land;ground;"}
			{poly "trench" {ground}{DecalTarget}{NoCastShadows}}
			{bone "point"
				{Position 45.2639 	 -18.2682 	 -23.0818}
			}
			{bone "point1"
				{Position 12.9934 	 -18.2682 	 -23.0818}
			}
			{bone "point2"
				{Position -42.4009 	 -18.2682 	 -23.0818}
			}
			{bone "point3"
				{Position -13.5952 	 -18.2682 	 -23.0818}
			}
			{bone "wood"
				{parameters "align;"}
				{poly "wood"}
			}
			{bone "grass"
				{parameters "align;"}
				{poly "grass"}
			}
			{bone "point6"
				{Position 45.2639 	 18.0265 	 -23.0818}
			}
			{bone "point7"
				{Position 12.9934 	 18.0265 	 -23.0818}
			}
			{bone "point4"
				{Position -42.4009 	 18.0265 	 -23.0818}
			}
			{bone "point5"
				{Position -13.5952 	 18.0265 	 -23.0818}
			}
			{bone "detail1"
				{parameters "land;ground;"}
				{orientation
					-0.0785 	 0.9969 	 0
					-0.9969 	 -0.0785 	 0
					0 	 0 	 1
				}
				{poly "detail1" {ground}}
			}
		}
	}
}
{obstacle "body"
	{obb2
		{center 45.7062 19.8329}
		{extent 15.748 3.73011}
		{axis 1 0}
	}
	{rotate}
}
{obstacle "body1"
	{obb2
		{center 15.0861 19.8329}
		{extent 14.0157 3.73011}
		{axis 1 0}
	}
	{rotate}
}
{obstacle "body2"
	{obb2
		{center -43.5661 19.8329}
		{extent 16.5354 3.73011}
		{axis 1 0}
	}
	{rotate}
}
{obstacle "body3"
	{obb2
		{center -13.0797 19.8329}
		{extent 13.5591 3.73011}
		{axis 1 0}
	}
	{rotate}
}
{obstacle "body4"
	{obb2
		{center -43.6329 -19.7793}
		{extent 15.748 3.73012}
		{axis 1 0}
	}
	{rotate}
}
{obstacle "body5"
	{obb2
		{center -13.0129 -19.7793}
		{extent 14.0158 3.73012}
		{axis 1 0}
	}
	{rotate}
}
{obstacle "body6"
	{obb2
		{center 45.6393 -19.7792}
		{extent 16.5354 3.73012}
		{axis 1 0}
	}
	{rotate}
}
{obstacle "body7"
	{obb2
		{center 15.1529 -19.7793}
		{extent 13.5591 3.73012}
		{axis 1 0}
	}
	{rotate}
}
{area "cut"
	{polygon2
		{radius 0}
		{vertex -64.7778 25.2851}
		{vertex -64.7778 -19.9677}
		{vertex 67.0942 -19.9677}
		{vertex 67.0942 25.2851}
	}
	{rotate}
}
{"volumes"
	{"body"
		{box 31.4961 3.93701 25.5906}
		{bone "point"}
		{matrix34
			1 	 0 	 0
			0 	 0.9903 	 0.1392
			0 	 -0.1392 	 0.9903
			0.4422 	 -1.5647 	 11.7878
		}
	}
	{"body1"
		{box 28.0315 3.93701 25.5906}
		{bone "point1"}
		{matrix34
			1 	 0 	 0
			0 	 0.9903 	 0.1392
			0 	 -0.1392 	 0.9903
			2.0927 	 -1.5647 	 11.7878
		}
	}
	{"body2"
		{box 33.0709 3.93701 25.5906}
		{bone "point2"}
		{matrix34
			1 	 0 	 0
			0 	 0.9903 	 0.1392
			0 	 -0.1392 	 0.9903
			-1.1652 	 -1.5647 	 11.7878
		}
	}
	{"body3"
		{box 27.1181 3.93701 25.5906}
		{bone "point3"}
		{matrix34
			1 	 0 	 0
			0 	 0.9903 	 0.1392
			0 	 -0.1392 	 0.9903
			0.5156 	 -1.5647 	 11.7878
		}
	}
	{"body4"
		{box 31.4961 3.93701 25.5906}
		{bone "point4"}
		{matrix34
			-1 	 0 	 0
			0 	 -0.9903 	 0.1392
			0 	 0.1392 	 0.9903
			-1.2321 	 1.7528 	 11.7878
		}
	}
	{"body5"
		{box 28.0315 3.93701 25.5906}
		{bone "point5"}
		{matrix34
			-1 	 0 	 0
			0 	 -0.9903 	 0.1392
			0 	 0.1392 	 0.9903
			0.5823 	 1.7528 	 11.7878
		}
	}
	{"body6"
		{box 33.0709 3.93701 25.5906}
		{bone "point6"}
		{matrix34
			-1 	 0 	 0
			0 	 -0.9903 	 0.1392
			0 	 0.1392 	 0.9903
			0.3754 	 1.7527 	 11.7878
		}
	}
	{"body7"
		{box 27.1181 3.93701 25.5906}
		{bone "point7"}
		{matrix34
			-1 	 0 	 0
			0 	 -0.9903 	 0.1392
			0 	 0.1392 	 0.9903
			2.1595 	 1.7527 	 11.7878
		}
	}
}
