;Exported by:	 tolokolnikova
;Date:			 11.05.2016 12:24:03
;File:			 D:\gem2\gem2-mdl-soldiers\models\entourage\barricade_cobl_g2\barricade_new_vik_work.max
{skeleton
	{bone "b2_c1_point"
		{orientation
			1 	 0 	 0
			0 	 -1 	 0
			0 	 0 	 1
		}
		{bone "piece01"
			{matrix34
				0.7071 	 -0.7071 	 0
				0.7071 	 0.7071 	 0
				0 	 0 	 1
				8.0135 	 -8.3436 	 14.732
			}
			{poly "piece01"}
		}
		{bone "piece02"
			{matrix34
				0.7071 	 -0.7071 	 0
				0.7071 	 0.7071 	 0
				0 	 0 	 1
				4.2647 	 -4.5842 	 8.6629
			}
			{poly "piece02"}
		}
		{bone "piece03"
			{matrix34
				0.3618 	 -0.9323 	 0
				0.9323 	 0.3618 	 0
				0 	 0 	 1
				18.8784 	 2.3428 	 5.8756
			}
			{poly "piece03"}
		}
	}
}
{volume "piece01"
	{box 10.5596 0.834564 10.9961}
	{bone "piece01"}
	{matrix34
		-0.0415 	 0.9988 	 0.0272
		-0.0231 	 -0.0282 	 0.9993
		0.9989 	 0.0408 	 0.0242
		0.0095 	 0.169 	 -0.1226
	}
}
{volume "piece02"
	{box 10.5596 0.834564 10.9961}
	{bone "piece02"}
	{matrix34
		0 	 1 	 0
		-1 	 0 	 0
		0 	 0 	 1
		0.2207 	 -0.0079 	 0.0912
	}
}
{volume "piece03"
	{cylinder 2.77186 15.6312}
	{bone "piece03"}
	{matrix34
		0.0813 	 -0.0315 	 0.9962
		0.0223 	 0.9993 	 0.0298
		-0.9964 	 0.0198 	 0.0819
		-0.2249 	 0.6064 	 0.5202
	}
}
