;Exported by:	 vic
;Date:			 29.11.2016 10:39:02
;File:			 D:\-Project_vtv_online-\-3DWork-\building\house_vtv_221\house_001_g2_x2.max
{skeleton
	{bone "house_001_g2_piece_010_x"
		{parameters "lastpose=undefined;"}
		{orientation
			1 	 0 	 0
			0 	 -1 	 0
			0 	 0 	 1
		}
		{bone "piece00"
			{parameters "lastpose=undefined;"}
			{matrix34
				1 	 0 	 0
				0 	 0 	 1
				0 	 -1 	 0
				-11.5473 	 -22.5424 	 8.0786
			}
			{poly "piece00"}
		}
		{bone "piece01"
			{parameters "lastpose=undefined;"}
			{matrix34
				0.9763 	 0 	 0.2164
				-0.2164 	 0 	 0.9763
				0 	 -1 	 0
				-26.3663 	 -22.5209 	 7.0537
			}
			{poly "piece01"}
		}
		{bone "piece02"
			{parameters "lastpose=undefined;"}
			{matrix34
				0.4226 	 0 	 -0.9063
				0.9063 	 0 	 0.4226
				0 	 -1 	 0
				27.1761 	 -22.5424 	 -8.7857
			}
			{poly "piece02"}
		}
		{bone "sub_piece17"
			{parameters "lastpose=undefined;"}
			{matrix34
				1 	 0 	 0
				0 	 0 	 1
				0 	 -1 	 0
				29.8452 	 -22.5424 	 24.5147
			}
			{poly "sub_piece17"}
		}
		{bone "sub_piece16"
			{parameters "lastpose=undefined;"}
			{matrix34
				0.2588 	 0 	 -0.9659
				0.9659 	 0 	 0.2588
				0 	 -1 	 0
				26.4282 	 -22.5424 	 11.0441
			}
			{poly "sub_piece16"}
		}
		{bone "piece03"
			{parameters "lastpose=undefined;"}
			{matrix34
				1 	 0 	 0
				0 	 0 	 1
				0 	 -1 	 0
				21.0074 	 -22.5424 	 -21.6224
			}
			{poly "piece03"}
		}
		{bone "piece04"
			{parameters "lastpose=undefined;"}
			{matrix34
				-1 	 0 	 0
				0 	 -1 	 0
				0 	 0 	 1
				-4.2146 	 20.1027 	 11.4987
			}
			{poly "piece04"}
		}
		{bone "piece05"
			{parameters "lastpose=undefined;"}
			{matrix34
				-1 	 0 	 0
				0 	 -1 	 0
				0 	 0 	 1
				4.1969 	 1.995 	 11.4987
			}
			{poly "piece05"}
		}
		{bone "sub_piece15"
			{parameters "lastpose=undefined;"}
			{matrix34
				0 	 0.3007 	 -0.9537
				0 	 0.9537 	 0.3007
				1 	 0 	 0
				36.903 	 17.1416 	 14.7388
			}
			{poly "sub_piece15"}
		}
		{bone "piece06"
			{parameters "lastpose=undefined;"}
			{matrix34
				-1 	 0 	 0
				0 	 -1 	 0
				0 	 0 	 1
				-12.5871 	 -18.2617 	 11.4987
			}
			{poly "piece06"}
		}
		{bone "sub_piece14"
			{parameters "lastpose=undefined;"}
			{matrix34
				1 	 0 	 0
				0 	 0 	 1
				0 	 -1 	 0
				-3.4285 	 -22.5986 	 -14.4654
			}
			{poly "sub_piece14"}
		}
		{bone "sub_piece13"
			{parameters "lastpose=undefined;"}
			{matrix34
				0 	 0.3007 	 -0.9537
				0 	 0.9537 	 0.3007
				1 	 0 	 0
				36.903 	 18.1459 	 5.0158
			}
			{poly "sub_piece13"}
		}
		{bone "sub_piece12"
			{parameters "lastpose=undefined;"}
			{matrix34
				0 	 1 	 0
				0 	 0 	 1
				1 	 0 	 0
				36.903 	 -11.4628 	 8.5405
			}
			{poly "sub_piece12"}
		}
		{bone "sub_piece11"
			{parameters "lastpose=undefined;"}
			{matrix34
				0 	 1 	 0
				0 	 0 	 1
				1 	 0 	 0
				36.903 	 -3.8353 	 5.973
			}
			{poly "sub_piece11"}
		}
		{bone "sub_piece10"
			{parameters "lastpose=undefined;"}
			{matrix34
				0 	 0.2588 	 0.9659
				0 	 -0.9659 	 0.2588
				1 	 0 	 0
				36.903 	 7.0693 	 11.2362
			}
			{poly "sub_piece10"}
		}
		{bone "piece15"
			{parameters "lastpose=undefined;"}
			{matrix34
				1 	 0 	 0
				0 	 0 	 1
				0 	 -1 	 0
				12.5837 	 -22.4901 	 25.9052
			}
			{poly "piece15"}
		}
		{bone "sub_piece09"
			{parameters "lastpose=undefined;"}
			{matrix34
				0 	 1 	 0
				0 	 0 	 1
				1 	 0 	 0
				36.903 	 -20.114 	 -13.7417
			}
			{poly "sub_piece09"}
		}
		{bone "piece07"
			{parameters "lastpose=undefined;"}
			{matrix34
				0 	 1 	 0
				0 	 0 	 1
				1 	 0 	 0
				36.903 	 -13.736 	 -4.6312
			}
			{poly "piece07"}
		}
		{bone "piece08"
			{parameters "lastpose=undefined;"}
			{matrix34
				0.9239 	 0 	 0.3827
				-0.3827 	 0 	 0.9239
				0 	 -1 	 0
				-20.3797 	 -22.5209 	 27.0024
			}
			{poly "piece08"}
		}
		{bone "piece09"
			{parameters "lastpose=undefined;"}
			{matrix34
				1 	 0 	 0
				0 	 0 	 1
				0 	 -1 	 0
				5.3591 	 -22.5424 	 -4.9007
			}
			{poly "piece09"}
		}
		{bone "sub_piece08"
			{parameters "lastpose=undefined;"}
			{matrix34
				0 	 1 	 0
				0 	 0 	 1
				1 	 0 	 0
				36.903 	 -20.2031 	 6.2316
			}
			{poly "sub_piece08"}
		}
		{bone "sub_piece07"
			{parameters "lastpose=undefined;"}
			{matrix34
				1 	 0 	 0
				0 	 0 	 1
				0 	 -1 	 0
				6.4479 	 -22.5424 	 -19.5603
			}
			{poly "sub_piece07"}
		}
		{bone "sub_piece06"
			{parameters "lastpose=undefined;"}
			{matrix34
				0.3007 	 0 	 0.9537
				-0.9537 	 0 	 0.3007
				0 	 -1 	 0
				4.5489 	 -22.5424 	 7.8244
			}
			{poly "sub_piece06"}
		}
		{bone "sub_piece05"
			{parameters "lastpose=undefined;"}
			{matrix34
				-0.6756 	 0 	 0.7373
				-0.7373 	 0 	 -0.6756
				0 	 -1 	 0
				-4.2986 	 -22.5424 	 1.6222
			}
			{poly "sub_piece05"}
		}
		{bone "sub_piece04"
			{parameters "lastpose=undefined;"}
			{matrix34
				1 	 0 	 0
				0 	 0 	 1
				0 	 -1 	 0
				21.5209 	 -22.5424 	 20.1388
			}
			{poly "sub_piece04"}
		}
		{bone "sub_piece03"
			{parameters "lastpose=undefined;"}
			{matrix34
				1 	 0 	 0
				0 	 0 	 1
				0 	 -1 	 0
				15.2146 	 -22.5424 	 -10.7467
			}
			{poly "sub_piece03"}
		}
		{bone "sub_piece02"
			{parameters "lastpose=undefined;"}
			{matrix34
				1 	 0 	 0
				0 	 0 	 1
				0 	 -1 	 0
				12.4822 	 -22.5424 	 16.7352
			}
			{poly "sub_piece02"}
		}
		{bone "piece10"
			{parameters "lastpose=undefined;"}
			{matrix34
				0 	 0.7373 	 -0.6756
				0 	 0.6756 	 0.7373
				1 	 0 	 0
				36.903 	 -14.2307 	 25.5913
			}
			{poly "piece10"}
		}
		{bone "sub_piece01"
			{parameters "lastpose=undefined;"}
			{matrix34
				0 	 -0.0436 	 -0.999
				0 	 0.999 	 -0.0436
				1 	 0 	 0
				36.903 	 5.0659 	 24.8381
			}
			{poly "sub_piece01"}
		}
		{bone "piece11"
			{parameters "lastpose=undefined;"}
			{matrix34
				1 	 0 	 0
				0 	 0 	 1
				0 	 -1 	 0
				16.6957 	 -22.5424 	 3.0543
			}
			{poly "piece11"}
		}
		{bone "piece13"
			{parameters "lastpose=undefined;"}
			{matrix34
				1 	 0 	 0
				0 	 0 	 1
				0 	 -1 	 0
				-2.4263 	 -22.5424 	 19.2453
			}
			{poly "piece13"}
		}
		{bone "sub_piece00"
			{parameters "lastpose=undefined;"}
			{matrix34
				0 	 1 	 0
				0 	 0 	 1
				1 	 0 	 0
				36.903 	 -11.7745 	 -18.9957
			}
			{poly "sub_piece00"}
		}
		{bone "piece14"
			{parameters "lastpose=undefined;"}
			{matrix34
				0 	 1 	 0
				0 	 0 	 1
				1 	 0 	 0
				36.903 	 14.9817 	 23.4458
			}
			{poly "piece14"}
		}
		{bone "piece12"
			{parameters "lastpose=undefined;"}
			{matrix34
				0 	 1 	 0
				0 	 0 	 1
				1 	 0 	 0
				36.903 	 -4.214 	 18.332
			}
			{poly "piece12"}
		}
	}
}
{volume "piece00_volume030"
	{box 5.90551 5.47672 7.78311}
	{bone "piece00"}
	{matrix34
		0 	 0 	 -1
		-0.766 	 0.6428 	 0
		0.6428 	 0.766 	 0
		-0.016 	 -0.0395 	 0.0078
	}
}
{volume "piece01_volume013"
	{box 5.90551 11.2134 8.49687}
	{bone "piece01"}
	{matrix34
		0 	 0 	 -1
		-0.9914 	 0.1305 	 0
		0.1305 	 0.9914 	 0
		0.1109 	 -0.2239 	 0.0079
	}
}
{volume "piece02_volume021"
	{box 5.90551 10.664 8.12962}
	{bone "piece02"}
	{matrix34
		0 	 0 	 -1
		-0.9239 	 -0.3827 	 0
		-0.3827 	 0.9239 	 0
		0.1279 	 0.0375 	 0.0079
	}
}
{volume "piece03_volume023"
	{box 5.90551 9.44403 7.21503}
	{bone "piece03"}
	{matrix34
		0 	 0 	 -1
		-0.9962 	 0.0872 	 0
		0.0872 	 0.9962 	 0
		-0.0047 	 0.1603 	 0.0078
	}
}
{volume "piece04_volume012"
	{box 29.9394 2.95276 2.95276}
	{bone "piece04"}
	{Position -1.0401 	 -0.0039 	 -0.0115}
}
{volume "piece05_volume011"
	{box 37.898 2.95276 2.95276}
	{bone "piece05"}
	{Position -0.7728 	 -0.0021 	 -0.0115}
}
{volume "piece06_volume010"
	{box 31.8471 2.95276 2.95276}
	{bone "piece06"}
	{Position -0.8136 	 0 	 -0.0115}
}
{volume "piece07_volume020"
	{box 5.90551 10.664 8.12962}
	{bone "piece07"}
	{matrix34
		0 	 0 	 -1
		-0.9239 	 -0.3827 	 0
		-0.3827 	 0.9239 	 0
		0.1279 	 0.0375 	 0.0078
	}
}
{volume "piece08_volume012"
	{box 5.90551 11.2134 8.49687}
	{bone "piece08"}
	{matrix34
		0 	 0 	 -1
		-0.9914 	 0.1305 	 0
		0.1305 	 0.9914 	 0
		0.1109 	 -0.2239 	 0.0079
	}
}
{volume "piece09_volume026"
	{box 5.90551 6.81481 9.49004}
	{bone "piece09"}
	{matrix34
		0 	 0 	 -1
		-0.9962 	 -0.0872 	 0
		-0.0872 	 0.9962 	 0
		-0.5865 	 -0.6934 	 0.0078
	}
}
{volume "piece10_volume023"
	{box 5.90551 9.44403 7.21503}
	{bone "piece10"}
	{matrix34
		0 	 0 	 -1
		-0.9962 	 0.0872 	 0
		0.0872 	 0.9962 	 0
		-0.0047 	 0.1603 	 0.0078
	}
}
{volume "piece11_volume029"
	{box 5.90551 5.47672 7.78311}
	{bone "piece11"}
	{matrix34
		0 	 0 	 -1
		-0.766 	 0.6428 	 0
		0.6428 	 0.766 	 0
		-0.016 	 -0.0395 	 0.0078
	}
}
{volume "piece12_volume029"
	{box 5.90551 5.47672 7.78311}
	{bone "piece12"}
	{matrix34
		0 	 0 	 -1
		-0.766 	 0.6428 	 0
		0.6428 	 0.766 	 0
		-0.016 	 -0.0395 	 0.0078
	}
}
{volume "piece13_volume020"
	{box 5.90551 5.4969 7.09019}
	{bone "piece13"}
	{matrix34
		0 	 0 	 -1
		-0.6428 	 -0.766 	 0
		-0.766 	 0.6428 	 0
		-0.0464 	 -0.0583 	 0.0079
	}
}
{volume "piece14_volume024"
	{box 5.90551 6.81481 6.63639}
	{bone "piece14"}
	{matrix34
		0 	 0 	 -1
		-0.9239 	 0.3827 	 0
		0.3827 	 0.9239 	 0
		-0.1501 	 -0.4527 	 0.0078
	}
}
{volume "piece15_volume029"
	{box 5.90551 6.24346 4.5142}
	{bone "piece15"}
	{matrix34
		0 	 0 	 -1
		-0.766 	 0.6428 	 0
		0.6428 	 0.766 	 0
		-1.0853 	 -0.2134 	 0.0078
	}
}
{volume "sub_piece00_volume019"
	{box 5.90551 5.4969 7.09019}
	{bone "sub_piece00"}
	{matrix34
		0 	 0 	 -1
		-0.6428 	 -0.766 	 0
		-0.766 	 0.6428 	 0
		-0.0464 	 -0.0583 	 0.0079
	}
}
{volume "sub_piece01_volume028"
	{box 5.90551 3.72566 8.19275}
	{bone "sub_piece01"}
	{matrix34
		0 	 0 	 -1
		-1 	 0 	 0
		0 	 1 	 0
		-0.0099 	 0.0559 	 0.0078
	}
}
{volume "sub_piece02_volume019"
	{box 5.90551 7.74211 3.67368}
	{bone "sub_piece02"}
	{matrix34
		0 	 0 	 -1
		-0.866 	 -0.5 	 0
		-0.5 	 0.866 	 0
		-0.0596 	 0.1191 	 0.0079
	}
}
{volume "sub_piece03_volume016"
	{box 5.90551 6.18979 7.30731}
	{bone "sub_piece03"}
	{matrix34
		0 	 0 	 -1
		-0.9763 	 0.2164 	 0
		0.2164 	 0.9763 	 0
		0.1307 	 -0.2882 	 0.0079
	}
}
{volume "sub_piece04_volume012"
	{box 5.90551 3.83767 7.89189}
	{bone "sub_piece04"}
	{matrix34
		0 	 0 	 -1
		-0.999 	 -0.0436 	 0
		-0.0436 	 0.999 	 0
		0.3341 	 -0.0514 	 0.0079
	}
}
{volume "sub_piece05_volume028"
	{box 5.90551 3.72566 8.19275}
	{bone "sub_piece05"}
	{matrix34
		0 	 0 	 -1
		-1 	 0 	 0
		0 	 1 	 0
		-0.0099 	 0.0559 	 0.0078
	}
}
{volume "sub_piece06_volume027"
	{box 5.90551 5.2474 8.44613}
	{bone "sub_piece06"}
	{matrix34
		0 	 0 	 -1
		-0.887 	 0.4617 	 0
		0.4617 	 0.887 	 0
		0.1895 	 -0.0721 	 0.0078
	}
}
{volume "sub_piece07_volume025"
	{box 5.90551 6.81481 6.63639}
	{bone "sub_piece07"}
	{matrix34
		0 	 0 	 -1
		-0.9239 	 0.3827 	 0
		0.3827 	 0.9239 	 0
		-0.1501 	 -0.4527 	 0.0078
	}
}
{volume "sub_piece08_volume017"
	{box 5.90551 5.91001 7.4973}
	{bone "sub_piece08"}
	{matrix34
		0 	 0 	 -1
		-0.999 	 -0.0436 	 0
		-0.0436 	 0.999 	 0
		-0.1518 	 -0.3633 	 0.0079
	}
}
{volume "sub_piece09_volume018"
	{box 5.90551 7.74211 3.67368}
	{bone "sub_piece09"}
	{matrix34
		0 	 0 	 -1
		-0.866 	 -0.5 	 0
		-0.5 	 0.866 	 0
		-0.0596 	 0.1191 	 0.0079
	}
}
{volume "sub_piece10_volume014"
	{box 5.90551 5.15816 8.49687}
	{bone "sub_piece10"}
	{matrix34
		0 	 0 	 -1
		-0.9763 	 0.2164 	 0
		0.2164 	 0.9763 	 0
		-0.0201 	 0.1824 	 0.0079
	}
}
{volume "sub_piece11_volume015"
	{box 5.90551 6.18979 7.30731}
	{bone "sub_piece11"}
	{matrix34
		0 	 0 	 -1
		-0.9763 	 0.2164 	 0
		0.2164 	 0.9763 	 0
		0.1307 	 -0.2882 	 0.0079
	}
}
{volume "sub_piece12_volume011"
	{box 5.90551 3.83767 7.89189}
	{bone "sub_piece12"}
	{matrix34
		0 	 0 	 -1
		-0.999 	 -0.0436 	 0
		-0.0436 	 0.999 	 0
		0.3341 	 -0.0514 	 0.0079
	}
}
{volume "sub_piece13_volume027"
	{box 5.90551 3.72566 8.19275}
	{bone "sub_piece13"}
	{matrix34
		0 	 0 	 -1
		-1 	 0 	 0
		0 	 1 	 0
		-0.0099 	 0.0559 	 0.0078
	}
}
{volume "sub_piece14_volume020"
	{box 5.90551 7.67807 5.77203}
	{bone "sub_piece14"}
	{matrix34
		0 	 0 	 -1
		-0.9962 	 0.0872 	 0
		0.0872 	 0.9962 	 0
		0.0465 	 -0.0391 	 0.0078
	}
}
{volume "sub_piece15_volume026"
	{box 5.90551 5.2474 8.44613}
	{bone "sub_piece15"}
	{matrix34
		0 	 0 	 -1
		-0.887 	 0.4617 	 0
		0.4617 	 0.887 	 0
		0.1895 	 -0.0721 	 0.0078
	}
}
{volume "sub_piece16_volume015"
	{box 5.90551 5.15816 8.49687}
	{bone "sub_piece16"}
	{matrix34
		0 	 0 	 -1
		-0.9763 	 0.2164 	 0
		0.2164 	 0.9763 	 0
		-0.0201 	 0.1824 	 0.0079
	}
}
{volume "sub_piece17_volume018"
	{box 5.90551 5.91001 7.4973}
	{bone "sub_piece17"}
	{matrix34
		0 	 0 	 -1
		-0.999 	 -0.0436 	 0
		-0.0436 	 0.999 	 0
		-0.1518 	 -0.3633 	 0.0079
	}
}
