;Exported by	: KobaA
;Date			: 26.03.2024 16:06:35
;File			: d:\git\gem2-mdl-soldiers\models\entourage\sandbags\dot_sack_lod.max
{skeleton
	{bone "dot_sack_piece_001_x"
		{orientation
			1 	 0 	 0
			0 	 -1 	 0
			0 	 0 	 1
		}
		{bone "piece01"
			{matrix34
				0.8977 	 0.4237 	 -0.1209
				-0.4273 	 0.9041 	 -0.0049
				0.1072 	 0.056 	 0.9927
				-15.3741 	 -17.6345 	 3.298
			}
			{poly "piece01"}
		}
		{bone "piece02"
			{matrix34
				0.9842 	 -0.1592 	 0.0776
				0.1425 	 0.9721 	 0.1865
				-0.1051 	 -0.1725 	 0.9794
				-11.4123 	 1.399 	 3.298
			}
			{poly "piece01"}
		}
		{bone "piece03"
			{matrix34
				-0.9854 	 -0.1566 	 0.067
				0.1332 	 -0.9537 	 -0.2697
				0.1061 	 -0.2569 	 0.9606
				-4.5991 	 -4.6388 	 10.5178
			}
			{poly "piece01"}
		}
		{bone "piece04"
			{matrix34
				-0.5474 	 0.8306 	 0.1018
				-0.8368 	 -0.545 	 -0.0533
				0.0112 	 -0.1144 	 0.9934
				6.4431 	 2.2174 	 3.7901
			}
			{poly "piece01"}
		}
		{bone "piece05"
			{matrix34
				0.1531 	 -0.9634 	 0.2199
				0.9869 	 0.1376 	 -0.0844
				0.0511 	 0.23 	 0.9719
				6.3673 	 0.5866 	 9.2319
			}
			{poly "piece01"}
		}
		{bone "piece06"
			{matrix34
				-0.2048 	 -0.9542 	 -0.2179
				0.8499 	 -0.2838 	 0.4439
				-0.4855 	 -0.0943 	 0.8692
				17.9913 	 4.8461 	 8.6171
			}
			{poly "piece01"}
		}
		{bone "piece07"
			{matrix34
				-0.1981 	 0.7747 	 -0.6005
				-0.9699 	 -0.2435 	 0.0058
				-0.1417 	 0.5836 	 0.7996
				11.4167 	 8.9205 	 12.7548
			}
			{poly "piece01"}
		}
		{bone "piece08"
			{matrix34
				-0.2476 	 0.9683 	 -0.0332
				-0.9689 	 -0.2475 	 0.0073
				-0.0012 	 0.034 	 0.9994
				15.5671 	 14.9832 	 2.8662
			}
			{poly "piece01"}
		}
		{bone "piece09"
			{matrix34
				-0.9436 	 -0.331 	 0.0101
				0.3311 	 -0.943 	 0.0325
				-0.0012 	 0.034 	 0.9994
				1.673 	 13.916 	 2.8662
			}
			{poly "piece01"}
		}
		{bone "piece10"
			{matrix34
				-0.9436 	 -0.331 	 0.0101
				0.3311 	 -0.943 	 0.0325
				-0.0012 	 0.034 	 0.9994
				-18.7487 	 -8.0747 	 2.8662
			}
			{poly "piece01"}
		}
		{bone "piece11"
			{matrix34
				0.5158 	 -0.834 	 -0.1959
				0.8435 	 0.5344 	 -0.0541
				0.1498 	 -0.1373 	 0.9791
				-16.1713 	 -0.7296 	 8.2512
			}
			{poly "piece01"}
		}
		{bone "piece12"
			{matrix34
				0.039 	 0.997 	 -0.0674
				-0.905 	 0.0067 	 -0.4253
				-0.4235 	 0.0775 	 0.9026
				20.8164 	 1.5301 	 3.2828
			}
			{poly "piece01"}
		}
		{bone "piece13"
			{matrix34
				0.4924 	 0.8619 	 -0.1209
				-0.8686 	 0.4955 	 -0.0049
				0.0557 	 0.1074 	 0.9927
				-2.169 	 -6.7968 	 3.298
			}
			{poly "piece01"}
		}
	}
}
{"volumes"
	{"piece01"
		{box 12.2247 7.47282 3.70425}
		{bone "piece01"}
		{Position 0.4723 	 0 	 -0.0577}
	}
	{"piece02"
		{box 12.2247 7.47282 3.70425}
		{bone "piece02"}
		{Position 0.4724 	 0 	 -0.0577}
	}
	{"piece03"
		{box 12.2247 7.47282 3.70425}
		{bone "piece03"}
		{Position 0.4724 	 0 	 -0.0577}
	}
	{"piece04"
		{box 12.2247 7.47282 3.70425}
		{bone "piece04"}
		{Position 0.4724 	 0 	 -0.0577}
	}
	{"piece05"
		{box 12.2247 7.47282 3.70425}
		{bone "piece05"}
		{Position 0.4724 	 0 	 -0.0577}
	}
	{"piece06"
		{box 12.2247 7.47282 3.70425}
		{bone "piece06"}
		{Position 0.4724 	 0 	 -0.0578}
	}
	{"piece07"
		{box 12.2247 7.47282 3.70425}
		{bone "piece07"}
		{Position 0.4724 	 0 	 -0.0577}
	}
	{"piece08"
		{box 12.2247 7.47282 3.70425}
		{bone "piece08"}
		{Position 0.4724 	 0 	 -0.0577}
	}
	{"piece09"
		{box 12.2247 7.47282 3.70425}
		{bone "piece09"}
		{Position 0.4724 	 0 	 -0.0577}
	}
	{"piece10"
		{box 12.2247 7.47282 3.70425}
		{bone "piece10"}
		{Position 0.4724 	 0 	 -0.0577}
	}
	{"piece11"
		{box 12.2247 7.47282 3.70425}
		{bone "piece11"}
		{Position 0.4724 	 0 	 -0.0578}
	}
	{"piece12"
		{box 12.2247 7.47282 3.70425}
		{bone "piece12"}
		{Position 0.4724 	 0 	 -0.0577}
	}
	{"piece13"
		{box 12.2247 7.47282 3.70425}
		{bone "piece13"}
		{Position 0.4724 	 0 	 -0.0577}
	}
}
