;Exported by	: joomb
;Date			: 10.04.2023 14:17:30
;File			: H:\git\gem2-mdl-soldiers\models\building\house_D\D_005_cut_fort2v_part.max
{skeleton
	{bone "d005_piece04"
		{orientation
			1 	 0 	 0
			0 	 -1 	 0
			0 	 0 	 1
		}
		{poly "d005_piece04"}
		{bone revolute "attach1"
			{matrix34
				0 	 -1 	 0
				1 	 0 	 0
				0 	 0 	 1
				-4.5873 	 -8.6294 	 -21.4405
			}
		}
		{bone "fort_wall"
			{matrix34
				-1 	 0 	 0
				0 	 -1 	 0
				0 	 0 	 1
				-7.5134 	 -30.8874 	 -17.7937
			}
		}
	}
}
{"volumes"
	{"body01"
		{box 35.0905 5.90551 48.2408}
		{bone "d005_piece04"}
		{Position -13.6093 	 -22.3759 	 -9.3568}
	}
	{"body02"
		{polyhedron}
		{bone "d005_piece04"}
		{Position 21.2126 	 -22.3759 	 -33.4771}
	}
	{"body03"
		{polyhedron}
		{bone "d005_piece04"}
		{matrix34
			0 	 -1 	 0
			1 	 0 	 0
			0 	 0 	 1
			-28.229 	 -9.9299 	 -23.6835
		}
	}
	{"body04"
		{polyhedron}
		{bone "d005_piece04"}
		{matrix34
			0 	 -1 	 0
			1 	 0 	 0
			0 	 0 	 1
			-28.229 	 0.7367 	 -19.9625
		}
	}
	{"roof1"
		{box 34.7323 0.984252 40.7526}
		{bone "d005_piece04"}
		{matrix34
			1 	 0 	 0
			0 	 -0.2993 	 0.9541
			0 	 -0.9541 	 -0.2993
			1.2198 	 4.7456 	 25.6241
		}
	}
	{"roof2"
		{box 19.0055 0.984252 46.0504}
		{bone "d005_piece04"}
		{matrix34
			1 	 0 	 0
			0 	 -0.2993 	 0.9541
			0 	 -0.9541 	 -0.2993
			-25.5534 	 -7.317 	 21.8398
		}
	}
	{"roof3"
		{box 23.1867 0.984252 15.1782}
		{bone "d005_piece04"}
		{matrix34
			1 	 0 	 0
			0 	 -0.2993 	 0.9541
			0 	 -0.9541 	 -0.2993
			-4.4802 	 -21.6462 	 16.5847
		}
	}
}
