;Exported by	: KobaA
;Date			: 16.04.2024 10:38:29
;File			: d:\git\gem2-mdl-soldiers\models\entourage\flagshtok\flagshtok_animation.max
{skeleton
	{animation
		{sequence "flattern" {speed 0.65}}
		{sequence "flattern2" {speed 0.65}}
		{sequence "flattern3" {speed 0.65}}
		{sequence "flattern4" {speed 0.65}}
	}
	{bone "basis"
		{orientation
			1 	 0 	 0
			0 	 -1 	 0
			0 	 0 	 1
		}
		{bone "handle"
			{Position 0.3569 	 0.0044 	 143.375}
		}
		{bone prizmatic "flag"
			{limits 0 3.25}
			{Position 1.9442 	 0.0044 	 54.7632}
			{bone "flag_center_005"
				{matrix34
					-0.9798 	 -0.0082 	 0.2
					0.1997 	 0.0257 	 0.9795
					-0.0132 	 0.9996 	 -0.0236
					4.0518 	 -0.1243 	 -1.3418
				}
			}
			{bone "flag_center_006"
				{matrix34
					-0.8238 	 -0.0392 	 0.5655
					0.5663 	 -0.0114 	 0.8241
					-0.0259 	 0.9992 	 0.0316
					15.5474 	 -1.3512 	 -7.747
				}
			}
			{bone "flag_center_007"
				{matrix34
					-0.9093 	 -0.4151 	 0.0278
					0.0358 	 -0.0116 	 0.9993
					-0.4145 	 0.9097 	 0.0254
					25.2483 	 2.9703 	 -12.661
				}
			}
			{bone "flag_center_008"
				{matrix34
					-0.8416 	 0.2728 	 0.4662
					0.4506 	 -0.1214 	 0.8844
					0.2979 	 0.9544 	 -0.0208
					33.9032 	 1.7722 	 -18.1001
				}
			}
			{bone "flag_down_005"
				{matrix34
					-0.9591 	 0.002 	 0.2831
					0.283 	 -0.0076 	 0.9591
					0.0041 	 1 	 0.0067
					2.5876 	 0.0711 	 -9.4889
				}
			}
			{bone "flag_down_006"
				{matrix34
					-0.8029 	 -0.0077 	 0.5961
					0.5945 	 0.0634 	 0.8016
					-0.0439 	 0.998 	 -0.0463
					15.1463 	 -0.9695 	 -16.539
				}
			}
			{bone "flag_down_007"
				{matrix34
					-0.9506 	 -0.1343 	 0.28
					0.2898 	 -0.0599 	 0.9552
					-0.1115 	 0.9891 	 0.0958
					25.3272 	 1.7799 	 -20.7585
				}
			}
			{bone "flag_down_008"
				{matrix34
					-0.9213 	 0.0761 	 0.3812
					0.3553 	 -0.2329 	 0.9053
					0.1577 	 0.9695 	 0.1875
					35.105 	 6.1009 	 -24.8686
				}
			}
			{bone "flag_up_005"
				{matrix34
					-1 	 -0.0084 	 -0.0004
					-0.0003 	 -0.0146 	 0.9999
					-0.0084 	 0.9999 	 0.0146
					3.3667 	 0.0215 	 6.8386
				}
			}
			{bone "flag_up_006"
				{matrix34
					-0.8098 	 -0.0192 	 0.5864
					0.5859 	 0.0247 	 0.81
					-0.03 	 0.9995 	 -0.0088
					15.3869 	 0.4267 	 -0.5598
				}
			}
			{bone "flag_up_007"
				{matrix34
					-0.9179 	 0.1378 	 0.3721
					0.3874 	 0.109 	 0.9154
					0.0856 	 0.9845 	 -0.1534
					25.4778 	 3.1913 	 -4.8568
				}
			}
			{bone "flag_up_008"
				{matrix34
					-0.7911 	 -0.3969 	 0.4654
					0.4966 	 0.0273 	 0.8676
					-0.3571 	 0.9175 	 0.1755
					33.1899 	 -2.6124 	 -11.1098
				}
			}
			{bone prizmatic "flag_mesh"
				{parameters "commonmesh;id=flag;"}
				{limits 0 3.25}
				{matrix34
					0 	 0 	 -1
					-1 	 0 	 0
					0 	 1 	 0
					21.9859 	 0 	 2.4878
				}
				{poly "flag_mesh"}
			}
			{bone prizmatic "flag_mesh_1"
				{parameters "commonmesh;id=flag;"}
				{limits 0 3.25}
				{matrix34
					0 	 0 	 -1
					-1 	 0 	 0
					0 	 1 	 0
					21.9859 	 0 	 2.4878
				}
				{poly "flag_mesh_1"}
			}
		}
		{bone "flag_point"
			{Position 0.3331 	 -0.0152 	 0}
			{poly "flag_point"}
		}
	}
}
{"volumes"
	{"body"
		{cylinder 1.9685 142.566}
		{bone "flag_point"}
		{Position 0.0037 	 0.0152 	 67.7471}
	}
}
