;Exported by	: KobaA
;Date			: 11.01.2024 14:04:15
;File			: d:\git\gem2-mdl-soldiers\models\building\house_001a_g2\house_001a_g2_x.max
{skeleton
	{bone "house_001a_piece_007_x"
		{orientation
			1 	 0 	 0
			0 	 -1 	 0
			0 	 0 	 1
		}
		{bone "sub_piece04"
			{Position -4.0507 	 -6.9243 	 14.2201}
			{poly "sub_piece04"}
		}
		{bone "piece02"
			{matrix34
				1 	 0 	 0
				0 	 0.866 	 0.5
				0 	 -0.5 	 0.866
				-3.199 	 -17.152 	 8.9016
			}
			{poly "piece02"}
		}
		{bone "sub_piece05"
			{matrix34
				1 	 0 	 0
				0 	 0 	 -1
				0 	 1 	 0
				7.8162 	 -3.8814 	 -4.5196
			}
			{poly "sub_piece05"}
		}
		{bone "piece00"
			{Position -6.8899 	 24.8777 	 -15.7972}
			{poly "piece00"}
		}
		{bone "piece03"
			{Position -1.7533 	 -3.1945 	 5.608}
			{poly "piece03"}
			{bone "sub_piece01"
				{Position -5.1363 	 7.9256 	 9.5204}
				{poly "sub_piece01"}
			}
			{bone "sub_piece03"
				{Position -1.0556 	 0.156 	 -14.7931}
				{poly "sub_piece03"}
			}
		}
		{bone "piece01"
			{Position -6.8899 	 9.2757 	 -7.266}
			{poly "piece01"}
			{bone "sub_piece02"
				{Position 0 	 -0.4498 	 -12.9578}
				{poly "sub_piece02"}
			}
			{bone "sub_piece00"
				{Position 0 	 1.0072 	 9.16}
				{poly "sub_piece00"}
			}
		}
	}
}
{"volumes"
	{"piece00"
		{box 5.90551 13.4873 20.5447}
		{bone "piece00"}
		{matrix34
			-1 	 0 	 0
			0 	 -0.9537 	 -0.3007
			0 	 -0.3007 	 0.9537
			-0.0016 	 -0.9811 	 0.9419
		}
	}
	{"piece01"
		{box 5.90551 12.2033 11.7105}
		{bone "piece01"}
		{matrix34
			-1 	 0 	 0
			0 	 -0.9962 	 0.0872
			0 	 0.0872 	 0.9962
			-0.0016 	 -0.1491 	 -1.2241
		}
	}
	{"piece02"
		{box 2.3622 2.3622 29.4336}
		{bone "piece02"}
		{matrix34
			0 	 0 	 1
			0 	 1 	 0
			-1 	 0 	 0
			-1.4835 	 -0.01 	 0.0031
		}
	}
	{"piece03"
		{box 5.90551 14.6098 20.4605}
		{bone "piece03"}
		{matrix34
			0 	 1 	 0
			-1 	 0 	 0
			0 	 0 	 1
			-0.5475 	 -3.6705 	 -1.1514
		}
	}
	{"sub_piece00"
		{box 5.90551 12.2033 11.7105}
		{bone "sub_piece00"}
		{matrix34
			-1 	 0 	 0
			0 	 -0.9763 	 -0.2164
			0 	 -0.2164 	 0.9763
			-0.0016 	 -0.4368 	 1.1078
		}
	}
	{"sub_piece01"
		{box 5.90551 10.0067 13.1157}
		{bone "sub_piece01"}
		{matrix34
			-1 	 0 	 0
			0 	 -0.866 	 -0.5
			0 	 -0.5 	 0.866
			-0.0019 	 -0.1078 	 -0.6688
		}
	}
	{"sub_piece02"
		{box 5.90551 7.82262 15.6139}
		{bone "sub_piece02"}
		{matrix34
			-1 	 0 	 0
			0 	 -0.3007 	 -0.9537
			0 	 -0.9537 	 0.3007
			-0.0016 	 -0.1002 	 1.213
		}
	}
	{"sub_piece03"
		{box 5.90551 10.0067 13.1157}
		{bone "sub_piece03"}
		{matrix34
			-1 	 0 	 0
			0 	 -0.9848 	 0.1736
			0 	 0.1736 	 0.9848
			-4.0826 	 -0.1663 	 1.0182
		}
	}
	{"sub_piece04"
		{box 2.3622 2.3622 29.4336}
		{bone "sub_piece04"}
		{matrix34
			0 	 0 	 1
			0 	 1 	 0
			-1 	 0 	 0
			-0.8113 	 -0.01 	 -0.0018
		}
	}
	{"sub_piece05"
		{box 2.95276 2.95276 21.4866}
		{bone "sub_piece05"}
		{matrix34
			0 	 -1 	 0
			0 	 0 	 1
			-1 	 0 	 0
			-8.9636 	 -0.0041 	 0.0042
		}
	}
}
