;Exported by	: KobaA
;Date			: 05.03.2024 14:51:58
;File			: d:\git\gem2-mdl-soldiers\models\building\trainstation\water_tower_001_x.max
{skeleton
	{bone "water_tower_001_piece_022_x"
		{orientation
			1 	 0 	 0
			0 	 -1 	 0
			0 	 0 	 1
		}
		{bone "sub_piece01"
			{matrix34
				-0.5373 	 0.8434 	 0
				-0.8434 	 -0.5373 	 0
				0 	 0 	 1
				1.1616 	 22.0512 	 7.4052
			}
			{poly "sub_piece01"}
		}
		{bone "piece09"
			{matrix34
				-0.9239 	 0.3827 	 0
				-0.3827 	 -0.9239 	 0
				0 	 0 	 1
				-24.276 	 18.6621 	 7.28
			}
			{poly "piece09"}
		}
		{bone "piece10"
			{matrix34
				-0.9239 	 0.3827 	 0
				-0.3827 	 -0.9239 	 0
				0 	 0 	 1
				-21.7301 	 -21.12 	 7.28
			}
			{poly "piece10"}
		}
		{bone "piece06"
			{matrix34
				0.9239 	 -0.3827 	 0
				0.3827 	 0.9239 	 0
				0 	 0 	 1
				2.7836 	 -30.2662 	 7.4052
			}
			{poly "piece06"}
		}
		{bone "piece05"
			{matrix34
				-0.3827 	 -0.9239 	 0
				0.9239 	 -0.3827 	 0
				0 	 0 	 1
				32.9357 	 -2.3402 	 7.4052
			}
			{poly "piece05"}
		}
		{bone "sub_piece16"
			{matrix34
				-0.3827 	 0.9239 	 0
				-0.9239 	 -0.3827 	 0
				0 	 0 	 1
				29.2374 	 24.8383 	 7.28
			}
			{poly "sub_piece16"}
		}
		{bone "sub_piece02"
			{matrix34
				-1 	 0 	 0
				0 	 1 	 0
				0 	 0 	 -1
				-6.2455 	 18.2829 	 -16.8793
			}
			{poly "sub_piece02"}
		}
		{bone "piece07"
			{matrix34
				1 	 0 	 0
				0 	 -1 	 0
				0 	 0 	 -1
				10.9481 	 -22.9325 	 -12.1548
			}
			{poly "piece07"}
		}
		{bone "sub_piece03"
			{matrix34
				0.9239 	 -0.3825 	 0
				0.3825 	 0.9239 	 0
				0 	 0 	 1
				7.969 	 -49.3565 	 21.2859
			}
			{poly "sub_piece03"}
		}
		{bone "sub_piece04"
			{matrix34
				0.9239 	 -0.3825 	 0
				0.3825 	 0.9239 	 0
				0 	 0 	 1
				41.9002 	 -3.3561 	 23.3657
			}
			{poly "sub_piece04"}
		}
		{bone "sub_piece12"
			{matrix34
				-0.3825 	 -0.9239 	 0
				0.9239 	 -0.3825 	 0
				0 	 0 	 1
				23.7262 	 27.2746 	 25.0084
			}
			{poly "sub_piece12"}
		}
		{bone "sub_piece06"
			{matrix34
				0.9239 	 -0.3825 	 0
				0.3825 	 0.9239 	 0
				0 	 0 	 1
				-38.6184 	 -8.9959 	 22.8507
			}
			{poly "sub_piece06"}
		}
		{bone "sub_piece07"
			{matrix34
				0.9239 	 -0.3825 	 0
				0.3825 	 0.9239 	 0
				0 	 0 	 1
				-23.5667 	 -31.3109 	 23.3054
			}
			{poly "sub_piece07"}
		}
		{bone "sub_piece08"
			{matrix34
				0.9238 	 0.3828 	 0
				-0.3828 	 0.9238 	 0
				0 	 0 	 1
				-9.5616 	 -13.7448 	 44.8705
			}
			{poly "sub_piece08"}
		}
		{bone "sub_piece09"
			{matrix34
				0.9239 	 -0.3825 	 0
				0.3825 	 0.9239 	 0
				0 	 0 	 1
				-11.1011 	 8.5869 	 45.7099
			}
			{poly "sub_piece09"}
		}
		{bone "piece04"
			{matrix34
				-0.9238 	 -0.3828 	 0
				0.3828 	 -0.9238 	 0
				0 	 0 	 1
				14.3052 	 10.8088 	 45.3689
			}
			{poly "piece04"}
		}
		{bone "sub_piece17"
			{matrix34
				-0.9239 	 0.3825 	 0
				-0.3825 	 -0.9239 	 0
				0 	 0 	 1
				15.8038 	 -13.2365 	 45.7099
			}
			{poly "sub_piece17"}
		}
		{bone "sub_piece11"
			{matrix34
				-0.3828 	 0.9238 	 0
				-0.9238 	 -0.3828 	 0
				0 	 0 	 1
				37.2501 	 23.6222 	 21.7186
			}
			{poly "sub_piece11"}
		}
		{bone "sub_piece10"
			{matrix34
				-0.3828 	 0.9238 	 0
				-0.9238 	 -0.3828 	 0
				0 	 0 	 1
				-3.7788 	 -40.8956 	 24.0437
			}
			{poly "sub_piece10"}
		}
		{bone "piece03"
			{matrix34
				0.9238 	 0.3828 	 0
				-0.3828 	 0.9238 	 0
				0 	 0 	 1
				27.9194 	 -28.7642 	 24.0254
			}
			{poly "piece03"}
		}
		{bone "sub_piece05"
			{matrix34
				0.9239 	 -0.3825 	 0
				0.3825 	 0.9239 	 0
				0 	 0 	 1
				-19.9914 	 21.8322 	 24.9436
			}
			{poly "sub_piece05"}
		}
		{bone "piece02"
			{matrix34
				-0.3825 	 -0.9239 	 0
				0.9239 	 -0.3825 	 0
				0 	 0 	 1
				-36.526 	 0.0119 	 23.7615
			}
			{poly "piece02"}
		}
		{bone "piece01"
			{matrix34
				0.3828 	 -0.9238 	 0
				0.9238 	 0.3828 	 0
				0 	 0 	 1
				2.7 	 35.8165 	 23.9826
			}
			{poly "piece01"}
		}
		{bone "sub_piece13"
			{matrix34
				-0.6268 	 0.3871 	 -0.6762
				0.3195 	 -0.6638 	 -0.6762
				-0.7107 	 -0.6399 	 0.2924
				-20.5639 	 -10.3885 	 26.1093
			}
			{poly "sub_piece13"}
		}
		{bone "piece08"
			{matrix34
				-0.717 	 -0.1694 	 -0.6762
				0.6953 	 -0.2435 	 -0.6762
				-0.05 	 -0.955 	 0.2924
				-8.1503 	 -24.2301 	 26.1093
			}
			{poly "piece08"}
		}
		{bone "sub_piece14"
			{matrix34
				0.1694 	 -0.717 	 -0.6762
				0.2435 	 0.6953 	 -0.6762
				0.955 	 -0.05 	 0.2924
				24.2566 	 -12.8264 	 26.1093
			}
			{poly "sub_piece14"}
		}
		{bone "sub_piece15"
			{matrix34
				0.3871 	 0.6268 	 -0.6762
				-0.6638 	 -0.3195 	 -0.6762
				-0.6399 	 0.7107 	 0.2924
				-5.7124 	 20.5904 	 26.1093
			}
			{poly "sub_piece15"}
		}
	}
}
{"volumes"
	{"piece01"
		{box 19.1774 29.7377 1.54371}
		{bone "piece01"}
		{matrix34
			0.3828 	 0.9238 	 0
			-0.8844 	 0.3665 	 -0.2891
			-0.267 	 0.1107 	 0.9573
			-1.4291 	 -0.4911 	 -0.1946
		}
	}
	{"piece02"
		{box 8.9557 26.3206 1.34303}
		{bone "piece02"}
		{matrix34
			-0.9239 	 -0.3825 	 0
			0.3662 	 -0.8845 	 -0.2891
			0.1106 	 -0.2671 	 0.9573
			-1.8957 	 1.5487 	 0.5456
		}
	}
	{"piece03"
		{box 18.6577 30.1897 1.34303}
		{bone "piece03"}
		{matrix34
			-0.9239 	 -0.3825 	 0
			0.3662 	 -0.8845 	 -0.2891
			0.1106 	 -0.2671 	 0.9573
			-0.5504 	 -1.1349 	 0.01
		}
	}
	{"piece04"
		{box 9.01338 18.6277 1.31976}
		{bone "piece04"}
		{matrix34
			-0.3825 	 0.9239 	 0
			-0.8845 	 -0.3662 	 -0.2891
			-0.2671 	 -0.1106 	 0.9573
			-0.0714 	 0.9721 	 0.05
		}
	}
	{"piece05"
		{box 18.8926 7.373 2.25931}
		{bone "piece05"}
		{matrix34
			0.9239 	 0.3827 	 0
			-0.3827 	 0.9239 	 0
			0 	 0 	 1
			0.0635 	 -0.1533 	 0.1114
		}
	}
	{"piece06"
		{box 18.8926 7.373 2.25931}
		{bone "piece06"}
		{matrix34
			0.9239 	 0.3827 	 0
			-0.3827 	 0.9239 	 0
			0 	 0 	 1
			0.0635 	 -0.1533 	 0.1114
		}
	}
	{"piece07"
		{box 3.44866 3.48046 30.018}
		{bone "piece07"}
		{matrix34
			0 	 -1 	 0
			1 	 0 	 0
			0 	 0 	 1
			0 	 0 	 -1.561
		}
	}
	{"piece08"
		{box 3.11205 3.07662 22.5587}
		{bone "piece08"}
		{matrix34
			0.0497 	 -0.99 	 0.1321
			0.768 	 -0.0467 	 -0.6388
			0.6385 	 0.1332 	 0.758
			5.9184 	 1.1649 	 6.6411
		}
	}
	{"piece09"
		{box 27.3806 7.59489 2.4732}
		{bone "piece09"}
		{matrix34
			0.9239 	 0.3827 	 0
			-0.3827 	 0.9239 	 0
			0 	 0 	 1
			0.0861 	 -0.2079 	 0.1143
		}
	}
	{"piece10"
		{box 27.3806 7.59489 2.4732}
		{bone "piece10"}
		{matrix34
			0.9239 	 0.3827 	 0
			-0.3827 	 0.9239 	 0
			0 	 0 	 1
			0.0861 	 -0.2079 	 0.1143
		}
	}
	{"sub_piece01"
		{box 18.8926 7.373 2.25931}
		{bone "sub_piece01"}
		{matrix34
			0.9239 	 0.3827 	 0
			-0.3827 	 0.9239 	 0
			0 	 0 	 1
			0.0635 	 -0.1532 	 0.1114
		}
	}
	{"sub_piece02"
		{box 3.44866 3.48046 40.5648}
		{bone "sub_piece02"}
		{matrix34
			0 	 -1 	 0
			1 	 0 	 0
			0 	 0 	 1
			0 	 0 	 -1.0121
		}
	}
	{"sub_piece03"
		{box 8.9557 28.2168 1.34303}
		{bone "sub_piece03"}
		{matrix34
			-0.9239 	 -0.3825 	 0
			0.3662 	 -0.8845 	 -0.2891
			0.1106 	 -0.2671 	 0.9573
			-1.5278 	 0.6603 	 0.2598
		}
	}
	{"sub_piece04"
		{box 18.6577 28.0764 1.34303}
		{bone "sub_piece04"}
		{matrix34
			0.3825 	 -0.9239 	 0
			0.8845 	 0.3662 	 -0.2891
			0.2671 	 0.1106 	 0.9573
			-0.0495 	 1.2799 	 0.2335
		}
	}
	{"sub_piece05"
		{box 18.6577 18.8112 1.34303}
		{bone "sub_piece05"}
		{matrix34
			0.3828 	 0.9238 	 0
			-0.8844 	 0.3665 	 -0.2891
			-0.267 	 0.1107 	 0.9573
			-2.4076 	 -0.4587 	 0.0596
		}
	}
	{"sub_piece06"
		{box 9.70201 15.8014 1.34303}
		{bone "sub_piece06"}
		{matrix34
			-0.3825 	 0.9239 	 0
			-0.8845 	 -0.3662 	 -0.2891
			-0.2671 	 -0.1106 	 0.9573
			-0.1793 	 -0.7486 	 0.1872
		}
	}
	{"sub_piece07"
		{box 18.6577 26.3357 1.34303}
		{bone "sub_piece07"}
		{matrix34
			-0.9238 	 0.3828 	 0
			-0.3665 	 -0.8844 	 -0.2891
			-0.1107 	 -0.267 	 0.9573
			-2.8491 	 -0.2285 	 -0.0055
		}
	}
	{"sub_piece08"
		{box 9.70201 15.8014 1.34303}
		{bone "sub_piece08"}
		{matrix34
			-0.3825 	 0.9239 	 0
			-0.8845 	 -0.3662 	 -0.2891
			-0.2671 	 -0.1106 	 0.9573
			-0.1793 	 -0.7486 	 0.0983
		}
	}
	{"sub_piece09"
		{box 9.50433 19.3295 1.54371}
		{bone "sub_piece09"}
		{matrix34
			0.3828 	 0.9238 	 0
			-0.8844 	 0.3665 	 -0.2891
			-0.267 	 0.1107 	 0.9573
			0.2839 	 0.505 	 -0.2286
		}
	}
	{"sub_piece10"
		{box 9.50433 19.3295 1.54371}
		{bone "sub_piece10"}
		{matrix34
			0.3828 	 0.9238 	 0
			-0.8844 	 0.3665 	 -0.2891
			-0.267 	 0.1107 	 0.9573
			0.284 	 0.505 	 -0.2286
		}
	}
	{"sub_piece11"
		{box 8.9557 28.2168 1.34303}
		{bone "sub_piece11"}
		{matrix34
			-0.9239 	 -0.3825 	 0
			0.3662 	 -0.8845 	 -0.2891
			0.1106 	 -0.2671 	 0.9573
			-1.5278 	 0.6603 	 0.2598
		}
	}
	{"sub_piece12"
		{box 9.50433 19.3295 1.54371}
		{bone "sub_piece12"}
		{matrix34
			0.3828 	 0.9238 	 0
			-0.8844 	 0.3665 	 -0.2891
			-0.267 	 0.1107 	 0.9573
			0.284 	 0.505 	 -0.2286
		}
	}
	{"sub_piece13"
		{box 3.11205 3.07662 22.5587}
		{bone "sub_piece13"}
		{matrix34
			0.0497 	 -0.99 	 0.1321
			0.768 	 -0.0467 	 -0.6388
			0.6385 	 0.1332 	 0.758
			5.9184 	 1.1649 	 6.6411
		}
	}
	{"sub_piece14"
		{box 3.11205 3.07662 22.5587}
		{bone "sub_piece14"}
		{matrix34
			0.0497 	 -0.99 	 0.1321
			0.768 	 -0.0467 	 -0.6388
			0.6385 	 0.1332 	 0.758
			5.9184 	 1.1649 	 6.6411
		}
	}
	{"sub_piece15"
		{box 3.11205 3.07662 22.5587}
		{bone "sub_piece15"}
		{matrix34
			0.0497 	 -0.99 	 0.1321
			0.768 	 -0.0467 	 -0.6388
			0.6385 	 0.1332 	 0.758
			5.9184 	 1.1649 	 6.6411
		}
	}
	{"sub_piece16"
		{box 27.3806 7.59489 2.4732}
		{bone "sub_piece16"}
		{matrix34
			0.9239 	 0.3827 	 0
			-0.3827 	 0.9239 	 0
			0 	 0 	 1
			0.0861 	 -0.2079 	 0.1143
		}
	}
	{"sub_piece17"
		{box 9.50433 19.3295 1.54371}
		{bone "sub_piece17"}
		{matrix34
			0.3828 	 0.9238 	 0
			-0.8844 	 0.3665 	 -0.2891
			-0.267 	 0.1107 	 0.9573
			0.284 	 0.505 	 -0.2286
		}
	}
}
