;Exported by:	 tolokolnikova
;Date:			 23.03.2018 09:15:39
;File:			 D:\gem2\gem2-mdl-soldiers\models\building\building_ua01\building_06_v2_x.max
{skeleton
	{bone "b_ua_06_piece08_point"
		{orientation
			1 	 0 	 0
			0 	 -1 	 0
			0 	 0 	 1
		}
		{bone "b_ua_06_piece08"
			{Position 23.7523 	 33.9876 	 -13.8558}
			{poly "b_ua_06_piece08"}
		}
		{bone "sub_piece08"
			{Position 25.6373 	 -17.5894 	 -16.6089}
			{poly "sub_piece08"}
		}
		{bone "sub_piece07"
			{matrix34
				0.9063 	 0.0147 	 0.4224
				-0.2113 	 -0.8497 	 0.4831
				0.366 	 -0.5271 	 -0.767
				16.3707 	 -16.0617 	 29.8642
			}
			{poly "sub_piece07"}
		}
		{bone "sub_piece01"
			{Position -10.6518 	 -1.3028 	 14.5535}
			{poly "sub_piece01"}
		}
		{bone "sub_piece02"
			{Position -6.2547 	 -24.8256 	 14.5669}
			{poly "sub_piece02"}
		}
		{bone "sub_piece03"
			{Position -5.6346 	 -30.175 	 14.9576}
			{poly "sub_piece03"}
		}
		{bone "sub_piece04"
			{matrix34
				1 	 0 	 0
				0 	 0.8192 	 -0.5736
				0 	 0.5736 	 0.8192
				-7.4381 	 -21.6219 	 25.9367
			}
			{poly "sub_piece04"}
		}
		{bone "sub_piece05"
			{Position 8.8802 	 0.5637 	 14.5535}
			{poly "sub_piece05"}
		}
		{bone "piece01"
			{Position 23.6373 	 -22.6237 	 -1.0563}
			{poly "piece01"}
		}
		{bone "sub_piece09"
			{Position 25.6396 	 29.8832 	 -16.1408}
			{poly "sub_piece09"}
		}
		{bone "sub_piece10"
			{Position 24.4286 	 18.7796 	 -21.2696}
			{poly "sub_piece10"}
		}
		{bone "sub_piece11"
			{Position 24.5207 	 -13.6519 	 -21.0007}
			{poly "sub_piece11"}
		}
		{bone "sub_piece06"
			{matrix34
				0.0872 	 0.9962 	 0
				-0.9962 	 0.0872 	 0
				0 	 0 	 1
				23.5417 	 -2.2321 	 14.5669
			}
			{poly "sub_piece06"}
		}
		{bone "sub_piece12"
			{Position 24.4286 	 1.1023 	 -21.2696}
			{poly "sub_piece12"}
		}
	}
}
{volume "piece01"
	{cylinder 1.91912 30.3256}
	{bone "piece01"}
	{Position 0 	 0.1136 	 -0.454}
}
{volume "sub_piece01"
	{box 31.8384 10.822 1.48196}
	{bone "sub_piece01"}
	{matrix34
		0 	 1 	 0
		-1 	 0 	 0
		0 	 0 	 1
		-0.0536 	 -1.2644 	 0.0381
	}
}
{volume "sub_piece02"
	{box 31.8384 4.66464 1.48196}
	{bone "sub_piece02"}
	{Position -0.4529 	 1.3191 	 0.0247}
}
{volume "sub_piece03"
	{box 31.8384 4.66464 1.48196}
	{bone "sub_piece03"}
	{matrix34
		1 	 0 	 0
		0 	 -0.5 	 0.866
		0 	 -0.866 	 -0.5
		-1.0729 	 -0.2087 	 -0.1041
	}
}
{volume "sub_piece04"
	{box 2.95276 2.95276 15.0505}
	{bone "sub_piece04"}
	{Position -1.1288 	 0.234 	 -4.3174}
}
{volume "sub_piece05"
	{box 31.8384 10.822 1.48196}
	{bone "sub_piece05"}
	{matrix34
		0 	 1 	 0
		-1 	 0 	 0
		0 	 0 	 1
		-0.0536 	 2.8856 	 0.0381
	}
}
{volume "sub_piece06"
	{box 31.8384 4.66464 1.48196}
	{bone "sub_piece06"}
	{Position -0.4529 	 1.3192 	 0.0247}
}
{volume "sub_piece07"
	{box 3.89764 3.93701 35.2113}
	{bone "sub_piece07"}
	{matrix34
		-0.1899 	 -0.9815 	 0.0226
		-0.9813 	 0.189 	 -0.0367
		0.0317 	 -0.0291 	 -0.9991
		-0.1522 	 0.1553 	 3.026
	}
}
{volume "sub_piece08"
	{cylinder 1.0939 17.2856}
	{bone "sub_piece08"}
	{matrix34
		0.999 	 -0.0445 	 0
		0 	 0 	 -1
		0.0445 	 0.999 	 0
		0.0001 	 -0.0154 	 -0.0643
	}
}
{volume "sub_piece09"
	{cylinder 1.0939 33.3612}
	{bone "sub_piece09"}
	{matrix34
		1 	 -0.0063 	 -0.0025
		-0.0021 	 0.0554 	 -0.9985
		0.0064 	 0.9984 	 0.0554
		0.0532 	 -0.2913 	 0.1765
	}
}
{volume "sub_piece10"
	{cylinder 0.786841 7.88466}
	{bone "sub_piece10"}
	{Position 0.0072 	 -0.0115 	 -0.5241}
}
{volume "sub_piece11"
	{cylinder 0.786841 7.88466}
	{bone "sub_piece11"}
	{Position 0 	 0 	 -0.793}
}
{volume "sub_piece12"
	{cylinder 0.786841 7.88466}
	{bone "sub_piece12"}
	{Position 0.0072 	 0.1061 	 -0.5241}
}
