;Exported by	: joomb
;Date			: 07.04.2023 16:26:59
;File			: H:\git\gem2-mdl-soldiers\models\building\house_D\D_004_cup1.max
{skeleton
	{bone "d004_piece19b"
		{orientation
			1 	 0 	 0
			0 	 -1 	 0
			0 	 0 	 1
		}
		{poly "d004_piece19b"}
		{bone revolute "attach1"
			{matrix34
				0 	 1 	 0
				-1 	 0 	 0
				0 	 0 	 1
				-5.5742 	 2.8511 	 -27.3294
			}
		}
		{bone "fort_wall"
			{matrix34
				0 	 1 	 0
				-1 	 0 	 0
				0 	 0 	 1
				-23.1546 	 -4.4665 	 -33.5301
			}
		}
		{bone revolute "attach2"
			{matrix34
				-1 	 0 	 0
				0 	 -1 	 0
				0 	 0 	 1
				-5.5742 	 -17.6897 	 -27.3294
			}
		}
	}
}
{"volumes"
	{"body01"
		{polyhedron}
		{bone "d004_piece19b"}
		{matrix34
			0 	 1 	 0
			-1 	 0 	 0
			0 	 0 	 1
			-14.5326 	 -32.4668 	 -2.2617
		}
	}
	{"body02"
		{polyhedron}
		{bone "d004_piece19b"}
		{matrix34
			0 	 1 	 0
			-1 	 0 	 0
			0 	 0 	 1
			-14.5326 	 -5.0877 	 -49.0242
		}
	}
	{"body03"
		{box 19.9282 5.90551 80.365}
		{bone "d004_piece19b"}
		{Position -7.3905 	 16.4774 	 -8.8417}
	}
	{"body04"
		{box 1.9685 1.9685 44.1675}
		{bone "d004_piece19b"}
		{Position -10.5261 	 34.2307 	 -5.7983}
	}
	{"roof1"
		{box 24.888 0.984252 22.5709}
		{bone "d004_piece19b"}
		{matrix34
			1 	 0 	 0
			0 	 -0.3584 	 -0.9336
			0 	 0.9336 	 -0.3584
			-9.1969 	 -8.558 	 41.9927
		}
	}
	{"roof2"
		{polyhedron}
		{bone "d004_piece19b"}
		{matrix34
			1 	 0 	 0
			0 	 -0.3584 	 -0.9336
			0 	 0.9336 	 -0.3584
			-9.1969 	 1.9409 	 37.9626
		}
	}
	{"roof3"
		{box 20.9431 0.984252 17.2208}
		{bone "d004_piece19b"}
		{matrix34
			0 	 1 	 0
			0.3584 	 0 	 -0.9336
			-0.9336 	 0 	 -0.3584
			-6.6104 	 28.6409 	 19.8226
		}
	}
}
