;Exported by:	 tolokolnikova
;Date:			 27.04.2016 10:40:09
;File:			 D:\gem2\gem2-mdl-soldiers\models\building\hangar_wood\HW2_x.max
{skeleton
	{bone "hangar_piece_11"
		{orientation
			1 	 0 	 0
			0 	 -1 	 0
			0 	 0 	 1
		}
		{bone "sub_piece02"
			{matrix34
				-1 	 0 	 0
				0 	 -1 	 0
				0 	 0 	 1
				-16.6116 	 -26.8419 	 17.3336
			}
			{poly "sub_piece02"}
		}
		{bone "sub_piece01"
			{matrix34
				-1 	 0 	 0
				0 	 -1 	 0
				0 	 0 	 1
				39.0539 	 -27.0306 	 29.2012
			}
			{poly "sub_piece01"}
		}
		{bone "piece08"
			{matrix34
				0.4226 	 0 	 0.9063
				0 	 -1 	 0
				0.9063 	 0 	 -0.4226
				8.0885 	 -26.9908 	 -25.8363
			}
			{poly "piece08"}
		}
		{bone "piece07"
			{matrix34
				-1 	 0 	 0
				0 	 -1 	 0
				0 	 0 	 1
				-27.7271 	 -26.9398 	 -3.1442
			}
			{poly "piece07"}
		}
		{bone "piece06"
			{matrix34
				-1 	 0 	 0
				0 	 -1 	 0
				0 	 0 	 1
				-16.9615 	 -26.9838 	 -24.8511
			}
			{poly "piece06"}
		}
		{bone "piece05"
			{matrix34
				0.3907 	 0 	 -0.9205
				0 	 -1 	 0
				-0.9205 	 0 	 -0.3907
				4.1859 	 -26.9742 	 23.1588
			}
			{poly "piece05"}
		}
		{bone "piece04"
			{matrix34
				0.6428 	 0 	 -0.766
				0 	 -1 	 0
				-0.766 	 0 	 -0.6428
				1.5801 	 -26.9879 	 -37.3762
			}
			{poly "piece04"}
		}
		{bone "piece03"
			{matrix34
				0.8192 	 0 	 -0.5736
				0 	 -1 	 0
				-0.5736 	 0 	 -0.8192
				-46.3734 	 -26.9908 	 15.1251
			}
			{poly "piece03"}
		}
		{bone "piece02"
			{matrix34
				0.0242 	 0 	 -0.9997
				0 	 -1 	 0
				-0.9997 	 0 	 -0.0242
				30.9324 	 -26.946 	 -27.1159
			}
			{poly "piece02"}
		}
		{bone "piece01"
			{matrix34
				0.9976 	 0 	 0.0698
				0 	 -1 	 0
				0.0698 	 0 	 -0.9976
				38.027 	 -26.9273 	 0.6572
			}
			{poly "piece01"}
		}
		{bone "sub_piece03"
			{matrix34
				-1 	 0 	 0
				0 	 -1 	 0
				0 	 0 	 1
				24.8489 	 -26.9909 	 20.9095
			}
			{poly "sub_piece03"}
		}
		{bone "sub_piece05"
			{matrix34
				1 	 0 	 0
				0 	 -0.1392 	 0.9903
				0 	 -0.9903 	 -0.1392
				-14.7824 	 33.9319 	 45.5815
			}
			{poly "sub_piece05"}
		}
		{bone "sub_piece09"
			{Position -24.7429 	 8.3172 	 41.9816}
			{poly "sub_piece09"}
		}
		{bone "sub_piece08"
			{Position 6.1832 	 -4.8938 	 40.2816}
			{poly "sub_piece08"}
		}
		{bone "sub_piece06"
			{matrix34
				1 	 0 	 0
				0 	 -0.1392 	 0.9903
				0 	 -0.9903 	 -0.1392
				37.1126 	 10.8504 	 42.3376
			}
			{poly "sub_piece06"}
		}
		{bone "sub_piece04"
			{matrix34
				1 	 0 	 0
				0 	 -0.1392 	 0.9903
				0 	 -0.9903 	 -0.1392
				-31.46 	 -32.5742 	 36.1501
			}
			{poly "sub_piece04"}
		}
		{bone "sub_piece07"
			{Position 21.5185 	 -31.1501 	 36.4427}
			{poly "sub_piece07"}
		}
	}
}
{volume "piece01"
	{box 22.6546 5.02991 22.3721}
	{bone "piece01"}
	{matrix34
		0.7193 	 0 	 -0.6947
		0 	 1 	 0
		0.6947 	 0 	 0.7193
		0.5986 	 0 	 1.405
	}
}
{volume "piece02"
	{box 22.6546 5.02991 18.3451}
	{bone "piece02"}
	{Position 0.132 	 0 	 0.4039}
}
{volume "piece03"
	{box 22.6546 5.02991 15.9801}
	{bone "piece03"}
	{matrix34
		0.8829 	 0 	 -0.4695
		0 	 1 	 0
		0.4695 	 0 	 0.8829
		0.7889 	 0 	 -1.0419
	}
}
{volume "piece04"
	{box 17.2175 5.02991 12.3047}
	{bone "piece04"}
	{matrix34
		0.9994 	 0 	 0.0349
		0 	 1 	 0
		-0.0349 	 0 	 0.9994
		-0.0911 	 0 	 0.476
	}
}
{volume "piece05"
	{box 18.1817 5.02991 13.9511}
	{bone "piece05"}
	{matrix34
		-0.4226 	 0 	 0.9063
		0 	 1 	 0
		-0.9063 	 0 	 -0.4226
		-0.1335 	 0 	 -0.3404
	}
}
{volume "piece06"
	{box 23.2497 5.03493 19.3691}
	{bone "piece06"}
	{Position -0.5087 	 0 	 0.5663}
}
{volume "piece07"
	{box 23.2497 5.03493 19.3691}
	{bone "piece07"}
	{Position 0 	 0 	 -0.305}
}
{volume "piece08"
	{box 22.6546 5.02991 15.9801}
	{bone "piece08"}
	{matrix34
		0.8829 	 0 	 -0.4695
		0 	 1 	 0
		0.4695 	 0 	 0.8829
		0.7889 	 0 	 -1.0419
	}
}
{volume "sub_piece01"
	{box 11.0908 5.02991 10.6029}
	{bone "sub_piece01"}
	{matrix34
		0.9994 	 0 	 0.0349
		0 	 1 	 0
		-0.0349 	 0 	 0.9994
		0.233 	 0 	 0.4825
	}
}
{volume "sub_piece02"
	{box 9.46961 5.02991 9.72068}
	{bone "sub_piece02"}
	{matrix34
		0.9994 	 0 	 0.0349
		0 	 1 	 0
		-0.0349 	 0 	 0.9994
		0.189 	 0 	 0.1695
	}
}
{volume "sub_piece03"
	{box 14.7255 5.02991 7.83024}
	{bone "sub_piece03"}
	{matrix34
		0.891 	 0 	 0.454
		0 	 1 	 0
		-0.454 	 0 	 0.891
		0.076 	 0 	 -0.6438
	}
}
{volume "sub_piece04"
	{box 24.3151 1.19832 25.8059}
	{bone "sub_piece04"}
	{matrix34
		1 	 0 	 0
		0 	 -0.9994 	 -0.0349
		0 	 0.0349 	 -0.9994
		0 	 -0.2844 	 0.2674
	}
}
{volume "sub_piece05"
	{box 32.6771 1.19832 25.8059}
	{bone "sub_piece05"}
	{matrix34
		1 	 0 	 0
		0 	 -0.9999 	 -0.0154
		0 	 0.0154 	 -0.9999
		0.3657 	 0.29 	 0.145
	}
}
{volume "sub_piece06"
	{box 24.3151 1.19832 25.8059}
	{bone "sub_piece06"}
	{matrix34
		1 	 0 	 0
		0 	 -0.9994 	 -0.0349
		0 	 0.0349 	 -0.9994
		0 	 -0.2844 	 0.2674
	}
}
{volume "sub_piece07"
	{box 35.8394 1.19832 16.5215}
	{bone "sub_piece07"}
	{matrix34
		1 	 0 	 0
		0 	 0.1544 	 -0.988
		0 	 0.988 	 0.1544
		1.6443 	 1.7489 	 0.77
	}
}
{volume "sub_piece08"
	{box 19.2685 1.19832 14.121}
	{bone "sub_piece08"}
	{matrix34
		1 	 0 	 0
		0 	 0.1544 	 -0.988
		0 	 0.988 	 0.1544
		0.64 	 0.0229 	 0.5507
	}
}
{volume "sub_piece09"
	{box 23.4981 1.19832 24.7736}
	{bone "sub_piece09"}
	{matrix34
		1 	 0 	 0
		0 	 0.1544 	 -0.988
		0 	 0.988 	 0.1544
		0.2914 	 -0.8337 	 0.2175
	}
}
