;Exported by:	 KobaA
;Date:			 05.10.2022 15:21:04
;File:			 G:\gem2-mdl-soldiers\models\unit\vehicle\bmw_r75_usa\bmw_r75_bullet_usa.max
{skeleton
	{bone "basis"
		{parameters "wheelradius=0.32;steermax=30;"}
		{orientation
			1 	 0 	 0
			0 	 -1 	 0
			0 	 0 	 1
		}
		{bone "body"
			{parameters "id=body;"}
			{matrix34
				0 	 1 	 0
				-0.8706 	 0 	 -0.492
				-0.492 	 0 	 0.8706
				7.66 	 10.31 	 15.6458
			}
			{LODView
				{poly "body"}
				{poly "body_lod1"}
				{poly "body_lod2"}
				{poly "body_lod3"}
			}
			{bone "body1"
				{parameters "id=body;"}
				{matrix34
					-1 	 0 	 0
					0 	 -0.8706 	 -0.492
					0 	 -0.492 	 0.8706
					-14.8705 	 13.7274 	 2.6209
				}
				{LODView
					{poly "body1"}
					{poly "body1_lod1"}
					{poly "body1_lod2"}
					{poly "body1_lod3"}
				}
				{bone "spare"
					{parameters "id=body1;"}
					{matrix34
						-1 	 0 	 0
						0 	 -0.0862 	 0.9963
						0 	 0.9963 	 0.0862
						-0.0745 	 -13.5682 	 7.8669
					}
					{LODView
						{poly "spare"}
						{poly "spare_lod1"}
						{poly "spare_lod2"}
						{poly "spare_lod3"}
					}
				}
				{bone "skin_ressora_l"
					{matrix34
						0 	 1 	 0
						-1 	 0 	 0
						0 	 0 	 1
						-6.2354 	 -11.9795 	 -1.6329
					}
				}
				{bone "skin_ressora_r"
					{matrix34
						0 	 1 	 0
						-1 	 0 	 0
						0 	 0 	 1
						6.0455 	 -11.9795 	 -1.6329
					}
				}
				{bone "gunner"
					{matrix34
						0 	 1 	 0
						-1 	 0 	 0
						0 	 0 	 1
						1.5104 	 9.9404 	 -2.6679
					}
				}
				{bone "detail1"
					{parameters "id=body;"}
					{Position 6.3747 	 14.0715 	 -0.554}
					{LODView
						{poly "detail1"}
						{poly "detail1_lod1"}
						{poly "detail1_lod2"}
						{poly "detail1_lod3"}
					}
				}
				{bone "detail2"
					{parameters "id=body;"}
					{Position -6.4308 	 14.1423 	 -0.5515}
					{LODView
						{poly "detail2"}
						{poly "detail2_lod1"}
						{poly "detail2_lod2"}
						{poly "detail2_lod3"}
					}
				}
				{bone revolute "gun_rot"
					{matrix34
						0 	 1 	 0
						-1 	 0 	 0
						0 	 0 	 1
						0.182 	 6.811 	 7.4737
					}
					{bone revolute "mgun"
						{orientation
							1 	 0 	 0
							0 	 0 	 1
							0 	 -1 	 0
						}
					}
				}
				{bone "visor2"
					{matrix34
						0 	 1 	 0
						-1 	 0 	 0
						0 	 0 	 1
						0.0473 	 10.0207 	 10.3837
					}
				}
			}
			{bone "wheel_chair_ressora"
				{parameters "id=body;"}
				{matrix34
					1 	 0 	 0
					0 	 0.8706 	 0.492
					0 	 -0.492 	 0.8706
					0 	 0 	 0
				}
				{LODView
					{poly "wheel_chair_ressora"}
					{poly "wheel_chair_ressora_lod1"}
					{poly "wheel_chair_ressora_lod2"}
					{poly "wheel_chair_ressora_lod3"}
				}
			}
			{bone "mass_centre"
				{matrix34
					0 	 -0.8706 	 -0.492
					1 	 0 	 0
					0 	 -0.492 	 0.8706
					-20.5467 	 25.5935 	 2.3689
				}
			}
			{bone "fxsmoke1"
				{matrix34
					0 	 -0.8706 	 -0.492
					1 	 0 	 0
					0 	 -0.492 	 0.8706
					-3.3807 	 31.1967 	 11.9349
				}
			}
			{bone "fxlight"
				{matrix34
					0 	 -0.8706 	 -0.492
					1 	 0 	 0
					0 	 -0.492 	 0.8706
					-0.0357 	 -5.9376 	 -0.7138
				}
			}
			{bone "passenger"
				{matrix34
					0 	 -0.8706 	 -0.492
					1 	 0 	 0
					0 	 -0.492 	 0.8706
					0.0021 	 13.1808 	 6.8809
				}
			}
			{bone "fxstop1"
				{matrix34
					0 	 -0.8706 	 -0.492
					1 	 0 	 0
					0 	 -0.492 	 0.8706
					0.2799 	 30.1098 	 11.5742
				}
			}
			{bone "driver"
				{matrix34
					0 	 -0.8244 	 -0.566
					1 	 0 	 0
					0 	 -0.566 	 0.8244
					-0.2556 	 5.7186 	 0.0885
				}
			}
			{bone "visor1"
				{matrix34
					0 	 -0.8706 	 -0.492
					1 	 0 	 0
					0 	 -0.492 	 0.8706
					0.5646 	 -0.3841 	 7.2243
				}
			}
			{bone "enumerator"
				{parameters "id=body;"}
				{matrix34
					0.0926 	 -0.9632 	 -0.2523
					0.9956 	 0.0855 	 0.0392
					-0.0162 	 -0.2548 	 0.9669
					2.1151 	 11.2221 	 -0.1452
				}
				{poly "enumerator"}
			}
			{bone "usa"
				{parameters "id=body;"}
				{matrix34
					-0.0938 	 0.9626 	 0.2543
					-0.0163 	 -0.2569 	 0.9663
					0.9955 	 0.0865 	 0.0398
					3.0226 	 7.0125 	 3.6417
				}
				{poly "usa"}
			}
		}
		{bone "emit1"
			{matrix34
				0 	 -1 	 0
				1 	 0 	 0
				0 	 0 	 1
				-17.1602 	 21.1763 	 0
			}
		}
		{bone "emit2"
			{parameters "lastpose=undefined;"}
			{matrix34
				0 	 -1 	 0
				1 	 0 	 0
				0 	 0 	 1
				-5.9823 	 21.1763 	 0
			}
		}
		{bone "emit3"
			{parameters "lastpose=undefined;"}
			{matrix34
				0 	 1 	 0
				-1 	 0 	 0
				0 	 0 	 1
				-0.8411 	 -23.0508 	 0
			}
		}
		{bone "pivot_back"
			{parameters "lastpose=undefined;"}
			{Position -13.0962 	 -3.0767 	 6.1726}
			{bone revolute "wheel3"
				{parameters "id=wheel3;"}
				{matrix34
					-1 	 0 	 0
					0 	 0 	 1
					0 	 1 	 0
					2.01 	 -10.6817 	 0.2314
				}
				{LODView
					{poly "wheel3"}
					{poly "wheel3_lod1"}
					{poly "wheel3_lod2"}
					{poly "wheel3_lod3"}
				}
			}
			{bone revolute "wheel2"
				{parameters "id=wheel2;"}
				{matrix34
					-1 	 0 	 0
					0 	 0 	 1
					0 	 1 	 0
					-2.2208 	 13.3938 	 0.2314
				}
				{LODView
					{poly "wheel2"}
					{poly "wheel2_lod1"}
					{poly "wheel2_lod2"}
					{poly "wheel2_lod3"}
				}
			}
			{bone "fxtrace2"
				{Position -7.1759 	 13.5463 	 -6.1726}
			}
			{bone "fxtrace3"
				{Position -1.925 	 -10.973 	 -6.1726}
			}
		}
		{bone "pivot_front"
			{Position 15.211 	 9.9698 	 6.1726}
			{bone revolute "steer"
				{parameters "id=body;"}
				{matrix34
					-0.866 	 0 	 -0.5
					0 	 1 	 0
					0.5 	 0 	 -0.866
					-7.3567 	 0.3451 	 9.1423
				}
				{LODView
					{poly "steer"}
					{poly "steer_lod1"}
					{poly "steer_lod2"}
					{poly "steer_lod3"}
				}
				{bone "ressora"
					{parameters "id=body;"}
					{matrix34
						0.1322 	 0 	 -0.9912
						0 	 1 	 0
						0.9912 	 0 	 0.1322
						-1.8769 	 0.0059 	 11.4558
					}
					{LODView
						{poly "ressora"}
						{poly "ressora_lod1"}
						{poly "ressora_lod2"}
						{poly "ressora_lod3"}
					}
				}
				{bone "fxtrace1"
					{matrix34
						-0.866 	 0 	 0.5
						0 	 1 	 0
						-0.5 	 0 	 -0.866
						4.927 	 0.1595 	 14.8351
					}
				}
				{bone revolute "wheel1"
					{parameters "id=wheel1;"}
					{matrix34
						0.866 	 0 	 -0.5
						-0.5 	 0 	 -0.866
						0 	 1 	 0
						-1.8768 	 0.007 	 11.4558
					}
					{LODView
						{poly "wheel1"}
						{poly "wheel1_lod1"}
						{poly "wheel1_lod2"}
						{poly "wheel1_lod3"}
					}
				}
			}
		}
	}
}
{volume "body01"
	{polyhedron}
	{bone "body1"}
	{matrix34
		0 	 1 	 0
		-1 	 0 	 0
		0 	 0 	 1
		-0.1485 	 -11.1361 	 -2.5554
	}
}
{volume "body02"
	{box 10.1875 8.38516 0.657663}
	{bone "body1"}
	{matrix34
		0 	 0.9962 	 -0.0872
		-1 	 0 	 0
		0 	 0.0872 	 0.9962
		-0.1016 	 2.3736 	 -4.1734
	}
}
{volume "body03"
	{polyhedron}
	{bone "body1"}
	{matrix34
		0 	 1 	 0
		-1 	 0 	 0
		0 	 0 	 1
		-0.896 	 14.2253 	 -4.8614
	}
}
{volume "engine"
	{box 13.8334 5.40231 6.07388}
	{bone "body"}
	{matrix34
		0 	 -0.8706 	 -0.492
		1 	 0 	 0
		0 	 -0.492 	 0.8706
		0.0085 	 11.1568 	 -3.0512
	}
}
{volume "fuel"
	{box 4.91422 8.18293 4.4655}
	{bone "body"}
	{matrix34
		1 	 0 	 0
		0 	 0.9659 	 0.2588
		0 	 -0.2588 	 0.9659
		0 	 5.7513 	 1.9943
	}
}
{volume "spare"
	{cylinder 6.48282 2.76056}
	{bone "spare"}
	{matrix34
		1 	 0 	 0
		0 	 0 	 -1
		0 	 1 	 0
		0 	 -0.0109 	 0
	}
}
{volume "steer"
	{box 1.8849 6.94826 15.3694}
	{bone "steer"}
	{matrix34
		-1 	 0 	 0
		0 	 1 	 0
		0 	 0 	 -1
		-1.7764 	 0.0084 	 3.9058
	}
}
{volume "wheel1"
	{cylinder 6.29921 4.87205}
	{bone "wheel1"}
	{matrix34
		-1 	 0 	 0
		0 	 -1 	 0
		0 	 0 	 1
		0 	 0 	 -0.0595
	}
}
{volume "wheel2"
	{cylinder 6.48282 4.92126}
	{bone "wheel2"}
	{matrix34
		-1 	 0 	 0
		0 	 -1 	 0
		0 	 0 	 1
		0 	 0 	 -0.088
	}
}
{volume "wheel3"
	{cylinder 6.48282 4.92126}
	{bone "wheel3"}
	{matrix34
		-1 	 0 	 0
		0 	 -1 	 0
		0 	 0 	 1
		0 	 0 	 -0.0342
	}
}
