;Exported by:	 KobaA
;Date:			 03.11.2020 12:09:48
;File:			 G:\_GIT_\gem2\gem2-mdl-soldiers\models\entourage\ladder\ladders_new.max
{skeleton
	{bone "ladder_construction_01"
		{orientation
			1 	 0 	 0
			0 	 -1 	 0
			0 	 0 	 1
		}
		{bone "body"
			{matrix34
				0 	 -1 	 0
				1 	 0 	 0
				0 	 0 	 1
				0.0427 	 0.4803 	 14.7781
			}
			{poly "body"}
		}
	}
}
{obstacle "obstacle"
	{obb2
		{center -0.0556526 -0.111923}
		{extent 8.83856 19.674}
		{axis 1 3.26227e-007}
	}
	{rotate}
}
{volume "body01"
	{box 15.748 39.3701 0.984252}
	{bone "body"}
	{matrix34
		0 	 -1 	 0
		1 	 0 	 0
		0 	 0 	 1
		0.4004 	 0.2745 	 5.84
	}
}
{volume "body02"
	{box 2.17165 2.17165 21.6535}
	{bone "body"}
	{matrix34
		0 	 -1 	 0
		1 	 0 	 0
		0 	 0 	 1
		16.7 	 -6.5206 	 -4.6035
	}
}
{volume "body03"
	{box 2.17165 2.17165 21.6535}
	{bone "body"}
	{matrix34
		0 	 -1 	 0
		1 	 0 	 0
		0 	 0 	 1
		16.882 	 6.7774 	 -4.6035
	}
}
{volume "body04"
	{box 2.17165 2.17165 21.6535}
	{bone "body"}
	{matrix34
		0 	 -1 	 0
		1 	 0 	 0
		0 	 0 	 1
		-16.3238 	 6.5909 	 -4.6035
	}
}
{volume "body05"
	{box 2.17165 2.17165 21.6535}
	{bone "body"}
	{matrix34
		0 	 -1 	 0
		1 	 0 	 0
		0 	 0 	 1
		-16.5058 	 -6.7071 	 -4.6035
	}
}
{volume "body06"
	{box 0.393701 34.7799 1.49133}
	{bone "body"}
	{matrix34
		-0.0167 	 -0.9998 	 -0.0051
		0.9658 	 -0.0174 	 0.2588
		-0.2588 	 -0.0006 	 0.9659
		0.0224 	 -8.1474 	 -4.1323
	}
}
{volume "body07"
	{box 0.393701 34.7799 1.49133}
	{bone "body"}
	{matrix34
		-0.0003 	 -1 	 0.0009
		0.9397 	 0 	 0.342
		-0.342 	 0.0009 	 0.9397
		-0.0397 	 7.7047 	 -4.1519
	}
}
{volume "body08"
	{box 0.393701 34.7799 1.49133}
	{bone "body"}
	{matrix34
		-0.0003 	 -1 	 0.0009
		0.9397 	 -0.0006 	 -0.342
		0.342 	 0.0007 	 0.9397
		0.4704 	 8.5052 	 -4.1519
	}
}
{volume "body09"
	{box 0.393701 34.7799 1.49133}
	{bone "body"}
	{matrix34
		-0.0167 	 -0.9998 	 -0.0051
		0.9396 	 -0.0139 	 -0.3421
		0.3419 	 -0.0105 	 0.9397
		0.4703 	 -8.1548 	 -4.2855
	}
}
{volume "body10"
	{box 8.04409 11.1583 5.71511}
	{bone "body"}
	{matrix34
		-0.5878 	 -0.809 	 0
		0.809 	 -0.5878 	 0
		0 	 0 	 1
		9.3505 	 0.2888 	 9.2696
	}
}
