;Exported by:	 tolokolnikova
;Date:			 16.03.2017 09:24:47
;File:			 D:\gem2\gem2-mdl-soldiers\models\entourage\barricade_cobl_g2\Barricade_cob30.max
{skeleton
	{bone "b003"
		{orientation
			1 	 0 	 0
			0 	 -1 	 0
			0 	 0 	 1
		}
		{poly "b003"}
		{bone "climb25"
			{matrix34
				-0.8765 	 0.4814 	 0
				-0.4814 	 -0.8765 	 0
				0 	 0 	 1
				59.316 	 -16.0506 	 0
			}
			{visibility 0}
		}
		{bone "climb26"
			{matrix34
				0.926 	 -0.3776 	 0
				0.3776 	 0.926 	 0
				0 	 0 	 1
				7.9686 	 4.8049 	 0
			}
			{visibility 0}
		}
		{bone "object001"
			{poly "object001"}
		}
	}
}
{obstacle "obstacle10"
	{obb2
		{center 12.7568 23.003}
		{extent 11.289 19.308}
		{axis -0.199751 -0.979847}
	}
	{rotate}
}
{obstacle "obstacle11"
	{obb2
		{center 32.3513 6.05463}
		{extent 12.6843 16.4118}
		{axis -0.917216 -0.39839}
	}
	{rotate}
}
{volume "body52"
	{box 28.657 18.8057 16.6461}
	{bone "b003"}
	{matrix34
		0.9136 	 0.4066 	 0
		-0.2643 	 0.5938 	 -0.7599
		-0.309 	 0.6943 	 0.65
		16.679 	 -21.8877 	 3.8595
	}
}
{volume "body53"
	{box 28.657 18.8057 16.6461}
	{bone "b003"}
	{matrix34
		0.4385 	 0.8987 	 0
		-0.5842 	 0.285 	 -0.7599
		-0.683 	 0.3332 	 0.65
		33.5229 	 -5.3707 	 3.8595
	}
}
{volume "body62"
	{box 1.81236 1.93931 12.8414}
	{bone "b003"}
	{matrix34
		0.8727 	 -0.1633 	 0.4601
		-0.0897 	 0.8727 	 0.4799
		-0.4799 	 -0.4601 	 0.747
		25.4264 	 -16.1429 	 18.1672
	}
}
