;Exported by:	 tolokolnikova
;Date:			 11.06.2018 12:51:43
;File:			 D:\gem2\gem2-mdl-soldiers\models\building\house_uk\house_uk_001_x.max
{skeleton
	{bone "hs_ua_piece_07_x_point"
		{orientation
			1 	 0 	 0
			0 	 -1 	 0
			0 	 0 	 1
		}
		{bone "piece05"
			{matrix34
				0 	 0 	 -1
				0 	 1 	 0
				1 	 0 	 0
				8.7886 	 -11.3958 	 10.573
			}
			{poly "piece05"}
		}
		{bone "piece01"
			{matrix34
				1 	 0 	 0
				0 	 0.6561 	 -0.7547
				0 	 0.7547 	 0.6561
				6.298 	 -16.5239 	 10.2282
			}
			{poly "piece01"}
		}
		{bone "piece02"
			{matrix34
				-1 	 0 	 0
				0 	 -0.5736 	 -0.8192
				0 	 -0.8192 	 0.5736
				7.2824 	 -3.8374 	 7.8977
			}
			{poly "piece02"}
		}
		{bone "piece04"
			{matrix34
				0 	 0 	 1
				0 	 1 	 0
				-1 	 0 	 0
				14.3513 	 -11.3958 	 5.4633
			}
			{poly "piece04"}
		}
		{bone "piece07"
			{Position -12.2191 	 -11.3958 	 -6.4022}
			{poly "piece07"}
		}
		{bone "piece08"
			{matrix34
				1 	 0 	 0
				0 	 -0.766 	 0.6428
				0 	 0.6428 	 0.766
				23.7048 	 -19.3931 	 0.4127
			}
			{poly "piece08"}
		}
		{bone "piece09"
			{matrix34
				1 	 0 	 0
				0 	 0.766 	 0.6428
				0 	 -0.6428 	 0.766
				23.7047 	 2.6349 	 -6.9127
			}
			{poly "piece09"}
		}
		{bone "piece03"
			{matrix34
				0.8571 	 0.3631 	 -0.3655
				-0.1218 	 -0.5465 	 -0.8285
				0.5006 	 -0.7547 	 0.4241
				-16.6763 	 3.3307 	 0.9365
			}
			{poly "piece03"}
		}
		{bone "piece06"
			{matrix34
				-0.8572 	 -0.5138 	 -0.0359
				-0.4059 	 0.6309 	 0.6613
				0.3171 	 -0.5814 	 0.7493
				-19.5919 	 6.5891 	 -7.0585
			}
			{poly "piece06"}
		}
	}
}
{volume "piece01"
	{cylinder 0.970637 21.021}
	{bone "piece01"}
	{matrix34
		0 	 1 	 0.0025
		-1 	 0 	 0
		0 	 -0.0025 	 1
		0.0182 	 -0.2343 	 -0.5019
	}
}
{volume "piece02"
	{cylinder 0.64062 21.021}
	{bone "piece02"}
	{matrix34
		0 	 0.9998 	 0.02
		-1 	 0 	 0
		0 	 -0.02 	 0.9998
		-0.0011 	 -0.0791 	 0.9021
	}
}
{volume "piece03"
	{cylinder 1.15075 32.7544}
	{bone "piece03"}
	{matrix34
		0.9837 	 -0.013 	 0.1796
		0 	 -0.9974 	 -0.0724
		-0.18 	 -0.0713 	 0.9811
		-1.2799 	 -0.1496 	 -2.203
	}
}
{volume "piece04"
	{cylinder 2.39073 43.9036}
	{bone "piece04"}
	{matrix34
		-1 	 0 	 0.0049
		0 	 1 	 0
		-0.0049 	 0 	 -1
		-0.2668 	 0 	 1.0281
	}
}
{volume "piece05"
	{cylinder 1.67351 33.3667}
	{bone "piece05"}
	{matrix34
		0.9998 	 0 	 0.02
		0 	 1 	 0
		-0.02 	 0 	 0.9998
		0.4151 	 0 	 -0.8273
	}
}
{volume "piece06"
	{cylinder 1.64393 52.8297}
	{bone "piece06"}
	{matrix34
		-0.9088 	 -0.4152 	 -0.0409
		-0.4172 	 0.9026 	 0.1057
		0.0069 	 -0.1132 	 0.9936
		0.4559 	 -0.0403 	 -0.5408
	}
}
{volume "piece07"
	{cylinder 1.9604 19.7303}
	{bone "piece07"}
	{matrix34
		0.9998 	 0 	 0.02
		0 	 1 	 0
		-0.02 	 0 	 0.9998
		-0.0015 	 0 	 0.0746
	}
}
{volume "piece08"
	{cylinder 1.44625 22.0721}
	{bone "piece08"}
	{matrix34
		0 	 -0.9998 	 -0.0212
		-1 	 0 	 0
		0 	 -0.0212 	 0.9998
		-0.1066 	 0.0799 	 0.5725
	}
}
{volume "piece09"
	{cylinder 1.64393 40.709}
	{bone "piece09"}
	{matrix34
		1 	 0 	 0
		0 	 1 	 -0.0003
		0 	 0.0003 	 1
		-0.285 	 0.0179 	 1.6378
	}
}
