;Exported by	: KobaA
;Date			: 08.11.2023 12:47:44
;File			: D:\git\gem2-mdl-soldiers\models\fence\picket_fence\picket_fence.max
{skeleton
	{bone "picket_fence_gate3_basis_x"
		{orientation
			1 	 0 	 0
			0 	 -1 	 0
			0 	 0 	 1
		}
		{bone "piece01"
			{Position 0.0023 	 12.444 	 13.1489}
			{poly "piece01"}
		}
		{bone "piece02"
			{Position -0.0054 	 -10.8978 	 13.1489}
			{poly "piece02"}
		}
		{bone "piece03"
			{matrix34
				0.2419 	 0.9703 	 0
				0 	 0 	 1
				0.9703 	 -0.2419 	 0
				1.6515 	 9.1421 	 10.6926
			}
			{poly "piece03"}
		}
		{bone "piece04"
			{matrix34
				0.2419 	 0.9703 	 0
				0 	 0 	 1
				0.9703 	 -0.2419 	 0
				17.3931 	 5.2173 	 19.0003
			}
			{poly "piece04"}
		}
		{bone "piece05"
			{matrix34
				0.2419 	 0.9703 	 0
				0 	 0 	 1
				0.9703 	 -0.2419 	 0
				5.7155 	 8.1288 	 23.2626
			}
			{poly "piece05"}
		}
		{bone "piece06"
			{matrix34
				0.2419 	 0.9703 	 0
				0 	 0 	 1
				0.9703 	 -0.2419 	 0
				5.668 	 8.1406 	 6.9578
			}
			{poly "piece06"}
		}
		{bone "piece07"
			{matrix34
				0.2419 	 0.9703 	 0
				0 	 0 	 -1
				-0.9703 	 0.2419 	 0
				9.9315 	 7.0776 	 22.9
			}
			{poly "piece07"}
		}
		{bone "piece08"
			{matrix34
				0.2419 	 0.9703 	 0
				0 	 0 	 1
				0.9703 	 -0.2419 	 0
				10.037 	 6.8898 	 7.0685
			}
			{poly "piece08"}
		}
		{bone "piece09"
			{matrix34
				0.2419 	 0.9703 	 0
				0 	 0 	 -1
				-0.9703 	 0.2419 	 0
				13.6582 	 6.1485 	 22.629
			}
			{poly "piece09"}
		}
		{bone "piece10"
			{matrix34
				0.2419 	 0.9703 	 0
				0 	 0 	 -1
				-0.9703 	 0.2419 	 0
				13.7717 	 6.1201 	 8.0287
			}
			{poly "piece10"}
		}
		{bone "piece11"
			{matrix34
				0.2419 	 0.9703 	 0
				0.9703 	 -0.2419 	 0
				0 	 0 	 -1
				5.8418 	 8.7476 	 6.3149
			}
			{poly "piece11"}
		}
		{bone "piece12"
			{matrix34
				0.2419 	 0.9703 	 0
				-0.9703 	 0.2419 	 0
				0 	 0 	 1
				12.5326 	 7.0793 	 21.3
			}
			{poly "piece12"}
		}
		{bone "piece13"
			{matrix34
				0.2419 	 0.9703 	 0
				0 	 0 	 -1
				-0.9703 	 0.2419 	 0
				17.4942 	 5.8423 	 6.4256
			}
			{poly "piece13"}
		}
	}
}
{"volumes"
	{"piece01"
		{box 3.21317 3.23276 33.5701}
		{bone "piece01"}
		{Position -0.016 	 -0.0047 	 0.1829}
	}
	{"piece02"
		{box 3.21317 3.23276 33.5701}
		{bone "piece02"}
		{Position -0.016 	 -0.0624 	 0.1829}
	}
	{"piece03"
		{box 0.640305 1.64545 19.2581}
		{bone "piece03"}
		{matrix34
			1 	 0 	 0
			0 	 0 	 -1
			0 	 1 	 0
			0.0033 	 -0.1768 	 0.005
		}
	}
	{"piece04"
		{box 0.640305 1.64545 14.0122}
		{bone "piece04"}
		{matrix34
			1 	 0 	 0
			0 	 0 	 -1
			0 	 1 	 0
			-0.0135 	 0.1721 	 0.0253
		}
	}
	{"piece05"
		{box 0.640305 1.64545 10.5091}
		{bone "piece05"}
		{matrix34
			1 	 0 	 0
			0 	 0 	 -1
			0 	 1 	 0
			-0.0003 	 0.1295 	 -0.0235
		}
	}
	{"piece06"
		{box 0.640305 1.64545 12.3927}
		{bone "piece06"}
		{matrix34
			1 	 0 	 0
			0 	 0 	 -1
			0 	 1 	 0
			-0.0114 	 -0.0694 	 -0.0042
		}
	}
	{"piece07"
		{box 0.640305 1.64545 13.3254}
		{bone "piece07"}
		{matrix34
			1 	 0 	 0
			0 	 0 	 1
			0 	 -1 	 0
			0.0118 	 -0.0917 	 0.0287
		}
	}
	{"piece08"
		{box 0.640305 1.64545 12.3927}
		{bone "piece08"}
		{matrix34
			1 	 0 	 0
			0 	 0 	 -1
			0 	 1 	 0
			-0.0241 	 -0.0548 	 0.0165
		}
	}
	{"piece09"
		{box 0.640305 1.64545 10.9847}
		{bone "piece09"}
		{matrix34
			1 	 0 	 0
			0 	 0 	 -1
			0 	 1 	 0
			-0.0146 	 -0.0004 	 0.0018
		}
	}
	{"piece10"
		{box 0.640305 1.64545 14.0122}
		{bone "piece10"}
		{matrix34
			1 	 0 	 0
			0 	 0 	 -1
			0 	 1 	 0
			-0.0135 	 0.2214 	 0.029
		}
	}
	{"piece11"
		{box 0.640305 1.64545 12.3927}
		{bone "piece11"}
		{matrix34
			1 	 0 	 0
			0 	 0 	 -1
			0 	 1 	 0
			-0.0239 	 -0.004 	 0.0086
		}
	}
	{"piece12"
		{box 0.640305 1.64545 12.3927}
		{bone "piece12"}
		{matrix34
			1 	 0 	 0
			0 	 0 	 -1
			0 	 1 	 0
			-0.0164 	 -0.3009 	 0.0362
		}
	}
	{"piece13"
		{box 0.640305 1.64545 11.7853}
		{bone "piece13"}
		{matrix34
			1 	 0 	 0
			0 	 0 	 -1
			0 	 1 	 0
			0.0227 	 -0.0145 	 0.0148
		}
	}
}
