;Exported by	: KobaA
;Date			: 05.03.2024 14:51:55
;File			: d:\git\gem2-mdl-soldiers\models\building\trainstation\water_tower_001_x.max
{skeleton
	{bone "water_tower_001_piece_019_x"
		{orientation
			1 	 0 	 0
			0 	 -1 	 0
			0 	 0 	 1
		}
		{bone "sub_piece09"
			{matrix34
				0 	 1 	 0
				-1 	 0 	 0
				0 	 0 	 1
				-12.7334 	 4.4314 	 -16.5872
			}
			{poly "sub_piece09"}
		}
		{bone "sub_piece08"
			{matrix34
				-0.7071 	 0.7071 	 0
				-0.7071 	 -0.7071 	 0
				0 	 0 	 1
				6.8187 	 -15.3197 	 -12.734
			}
			{poly "sub_piece08"}
		}
		{bone "piece04"
			{matrix34
				0 	 1 	 0
				-1 	 0 	 0
				0 	 0 	 1
				-11.6853 	 3.1324 	 -5.978
			}
			{poly "piece04"}
		}
		{bone "sub_piece07"
			{matrix34
				-1 	 0 	 0
				0 	 -1 	 0
				0 	 0 	 1
				-16.7283 	 8.0249 	 2.4436
			}
			{poly "sub_piece07"}
		}
		{bone "sub_piece06"
			{matrix34
				-1 	 0 	 0
				0 	 -1 	 0
				0 	 0 	 1
				3.2915 	 -11.5687 	 6.2024
			}
			{poly "sub_piece06"}
		}
		{bone "piece03"
			{matrix34
				0 	 -1 	 0
				1 	 0 	 0
				0 	 0 	 1
				2.3867 	 -10.8869 	 22.4045
			}
			{poly "piece03"}
		}
		{bone "piece07"
			{matrix34
				0 	 -1 	 0
				1 	 0 	 0
				0 	 0 	 1
				-16.8871 	 7.9689 	 15.6937
			}
			{poly "piece07"}
		}
		{bone "sub_piece02"
			{matrix34
				-0.7317 	 0.086 	 -0.6762
				0.5701 	 -0.4666 	 -0.6762
				-0.3737 	 -0.8803 	 0.2924
				6.9718 	 -1.8765 	 39.2909
			}
			{poly "sub_piece02"}
		}
		{bone "piece01"
			{matrix34
				0.9238 	 0.3828 	 0
				-0.3828 	 0.9238 	 0
				0 	 0 	 1
				-5.7477 	 6.5596 	 40.7571
			}
			{poly "piece01"}
		}
		{bone "sub_piece01"
			{matrix34
				0.3825 	 0.9239 	 0
				-0.9239 	 0.3825 	 0
				0 	 0 	 1
				-20.9915 	 9.6039 	 38.746
			}
			{poly "sub_piece01"}
		}
		{bone "piece02"
			{matrix34
				0.9238 	 0.3828 	 0
				-0.3828 	 0.9238 	 0
				0 	 0 	 1
				8.0348 	 -19.9004 	 38.5302
			}
			{poly "piece02"}
		}
		{bone "sub_piece11"
			{matrix34
				0.3827 	 -0.9239 	 0
				0.9239 	 0.3827 	 0
				0 	 0 	 1
				-0.2261 	 4.0923 	 32.8916
			}
			{poly "sub_piece11"}
		}
		{bone "sub_piece03"
			{matrix34
				0.7071 	 0 	 0.7071
				-0.7071 	 0 	 0.7071
				0 	 -1 	 0
				-27.6866 	 19.4367 	 -12.3245
			}
			{poly "sub_piece03"}
		}
		{bone "sub_piece04"
			{matrix34
				0.5 	 0.5 	 0.7071
				-0.5 	 -0.5 	 0.7071
				0.7071 	 -0.7071 	 0
				14.3168 	 -24.3304 	 6.5533
			}
			{poly "sub_piece04"}
		}
		{bone "piece06"
			{matrix34
				-0.7071 	 -0.7071 	 0
				0.7071 	 -0.7071 	 0
				0 	 0 	 1
				25.9011 	 -24.5695 	 -18.4001
			}
			{poly "piece06"}
		}
		{bone "sub_piece05"
			{matrix34
				-1 	 0 	 0
				0 	 -1 	 0
				0 	 0 	 1
				26.1994 	 -24.4219 	 -1.9305
			}
			{poly "sub_piece05"}
		}
		{bone "sub_piece10"
			{matrix34
				-0.7071 	 0.7071 	 0
				-0.7071 	 -0.7071 	 0
				0 	 0 	 1
				-26.6786 	 28.0965 	 0.7709
			}
			{poly "sub_piece10"}
		}
		{bone "piece05"
			{matrix34
				0 	 1 	 0
				-1 	 0 	 0
				0 	 0 	 1
				-26.531 	 28.3203 	 -21.5304
			}
			{poly "piece05"}
		}
	}
}
{"volumes"
	{"piece01"
		{box 9.01338 32.1167 1.34303}
		{bone "piece01"}
		{matrix34
			-0.3825 	 0.9239 	 0
			-0.8845 	 -0.3662 	 -0.2891
			-0.2671 	 -0.1106 	 0.9573
			-1.277 	 -2.9153 	 -0.0877
		}
	}
	{"piece02"
		{box 9.01338 18.6277 1.31976}
		{bone "piece02"}
		{matrix34
			-0.3825 	 0.9239 	 0
			-0.8845 	 -0.3662 	 -0.2891
			-0.2671 	 -0.1106 	 0.9573
			-0.0714 	 0.9721 	 0.05
		}
	}
	{"piece03"
		{box 26.1218 1.30562 11.9335}
		{bone "piece03"}
		{matrix34
			-0.7071 	 -0.7071 	 0
			0.7071 	 -0.7071 	 0
			0 	 0 	 1
			0 	 0 	 0.0398
		}
	}
	{"piece04"
		{box 1.27285 31.7905 3.90205}
		{bone "piece04"}
		{matrix34
			0.7071 	 -0.7071 	 0
			0.7071 	 0.7071 	 0
			0 	 0 	 1
			-0.1101 	 0.0314 	 0.0647
		}
	}
	{"piece05"
		{box 1.27285 11.8621 3.90205}
		{bone "piece05"}
		{matrix34
			0 	 -1 	 0
			1 	 0 	 0
			0 	 0 	 1
			0 	 0 	 -0.0721
		}
	}
	{"piece06"
		{box 1.27285 13.8657 4.11002}
		{bone "piece06"}
		{matrix34
			-0.7071 	 -0.7071 	 0
			0.7071 	 -0.7071 	 0
			0 	 0 	 1
			-0.3664 	 0.0297 	 -0.0044
		}
	}
	{"piece07"
		{box 1.26012 18.7422 7.76509}
		{bone "piece07"}
		{matrix34
			-0.7071 	 0.7071 	 0
			-0.7071 	 -0.7071 	 0
			0 	 0 	 1
			-0.2008 	 0.3005 	 0.071
		}
	}
	{"sub_piece01"
		{box 9.50433 19.3295 1.54371}
		{bone "sub_piece01"}
		{matrix34
			0.3828 	 0.9238 	 0
			-0.8844 	 0.3665 	 -0.2891
			-0.267 	 0.1107 	 0.9573
			0.284 	 0.505 	 -0.2286
		}
	}
	{"sub_piece02"
		{box 3.02428 32.4735 3.08433}
		{bone "sub_piece02"}
		{matrix34
			0.7679 	 -0.0467 	 -0.6389
			0.6387 	 0.1334 	 0.7578
			0.0498 	 -0.99 	 0.1323
			0.2359 	 -0.028 	 -0.0305
		}
	}
	{"sub_piece03"
		{box 1.27285 31.7905 3.90205}
		{bone "sub_piece03"}
		{matrix34
			0.7071 	 -0.7071 	 0
			0.7071 	 0.7071 	 0
			0 	 0 	 1
			-0.1101 	 0.0314 	 0.0647
		}
	}
	{"sub_piece04"
		{box 1.27285 31.7905 3.90205}
		{bone "sub_piece04"}
		{matrix34
			0.7071 	 -0.7071 	 0
			0.7071 	 0.7071 	 0
			0 	 0 	 1
			-0.1101 	 0.0314 	 0.0647
		}
	}
	{"sub_piece05"
		{box 1.27285 11.8621 3.90205}
		{bone "sub_piece05"}
		{matrix34
			0 	 -1 	 0
			1 	 0 	 0
			0 	 0 	 1
			0 	 0 	 -0.0721
		}
	}
	{"sub_piece06"
		{box 1.27285 16.6389 7.72684}
		{bone "sub_piece06"}
		{matrix34
			-0.7071 	 -0.7071 	 0
			0.7071 	 -0.7071 	 0
			0 	 0 	 1
			-0.2208 	 0.4155 	 0.0584
		}
	}
	{"sub_piece07"
		{box 1.27285 13.8657 4.11002}
		{bone "sub_piece07"}
		{matrix34
			-0.7071 	 -0.7071 	 0
			0.7071 	 -0.7071 	 0
			0 	 0 	 1
			-0.3664 	 0.0297 	 -0.0045
		}
	}
	{"sub_piece08"
		{box 1.27285 11.8621 3.90205}
		{bone "sub_piece08"}
		{matrix34
			0 	 -1 	 0
			1 	 0 	 0
			0 	 0 	 1
			0 	 0 	 -0.0721
		}
	}
	{"sub_piece09"
		{box 1.27285 21.9355 7.609}
		{bone "sub_piece09"}
		{matrix34
			0.7071 	 -0.7071 	 0
			0.7071 	 0.7071 	 0
			0 	 0 	 1
			-0.0878 	 0.0594 	 0.0879
		}
	}
	{"sub_piece10"
		{box 1.27285 13.8657 4.11002}
		{bone "sub_piece10"}
		{matrix34
			-0.7071 	 -0.7071 	 0
			0.7071 	 -0.7071 	 0
			0 	 0 	 1
			-0.3664 	 0.0297 	 -0.0044
		}
	}
	{"sub_piece11"
		{box 27.3806 7.59489 2.4732}
		{bone "sub_piece11"}
		{matrix34
			0.9239 	 0.3827 	 0
			-0.3827 	 0.9239 	 0
			0 	 0 	 1
			0.0861 	 -0.2079 	 0.1143
		}
	}
}
