;Exported by	: KobaA
;Date			: 02.03.2023 14:14:09
;File			: D:\git\gem2-mdl-soldiers\models\building\hangar_wood\HW2.max
{skeleton
	{bone "hangar_piece_01"
		{orientation
			1 	 0 	 0
			0 	 -1 	 0
			0 	 0 	 1
		}
		{poly "hangar_piece_01"}
		{bone "exterior"
			{Position 0 	 -7.0394 	 40.3009}
			{poly "exterior"}
		}
	}
}
{obstacle "body1"
	{obb2
		{center -19.7005 23.7542}
		{extent 14.7901 2.95275}
		{axis 1 0}
	}
}
{obstacle "body2"
	{obb2
		{center -31.4586 -0.961433}
		{extent 2.95276 21.7414}
		{axis 1 0}
	}
}
{area "interior"
	{obb2
		{center -0.378754 -0.791458}
		{extent 31.3412 24.1689}
		{axis -1 0}
	}
	{rotate}
}
{"volumes"
	{"body1"
		{box 29.5801 5.90551 51.4309}
		{bone "hangar_piece_01"}
		{Position -19.7005 	 -23.7542 	 -21.8523}
	}
	{"body2"
		{box 43.4827 5.90551 88.4612}
		{bone "hangar_piece_01"}
		{matrix34
			0 	 -1 	 0
			1 	 0 	 0
			0 	 0 	 1
			-31.4586 	 0.9614 	 -3.3372
		}
	}
	{"body3"
		{box 47.6041 5.90551 31.9447}
		{bone "hangar_piece_01"}
		{Position -10.5642 	 -23.7542 	 19.5249}
	}
	{"roof1"
		{box 10.5486 1.50197 14.0368}
		{bone "exterior"}
		{matrix34
			1 	 0 	 0
			0 	 -0.1392 	 0.9903
			0 	 -0.9903 	 -0.1392
			-2.2262 	 32.0333 	 4.8104
		}
	}
	{"roof2"
		{box 59.5964 1.50197 63.6591}
		{bone "exterior"}
		{matrix34
			1 	 0 	 0
			0 	 -0.1392 	 0.9903
			0 	 -0.9903 	 -0.1392
			-10.4846 	 -6.5825 	 -0.6167
		}
	}
	{"roof3"
		{box 10.5486 1.50197 28.6466}
		{bone "exterior"}
		{matrix34
			1 	 0 	 0
			0 	 -0.1392 	 0.9903
			0 	 -0.9903 	 -0.1392
			24.7818 	 17.7519 	 2.8033
		}
	}
	{"roof4"
		{box 5.36368 1.50197 29.2832}
		{bone "exterior"}
		{matrix34
			1 	 0 	 0
			0 	 -0.1392 	 0.9903
			0 	 -0.9903 	 -0.1392
			22.0496 	 1.726 	 0.551
		}
	}
}
