;Exported by	: KobaA
;Date			: 14.04.2023 13:12:06
;File			: D:\git\gem2-mdl-soldiers\models\unit\vehicle\flak_38-4\flak38-4_xx.max
{skeleton
	{bone "basis"
		{orientation
			1 	 0 	 0
			0 	 -1 	 0
			0 	 0 	 1
		}
		{bone "body"
			{parameters "id=body;"}
			{matrix34
				-1 	 0 	 0
				0 	 -1 	 0
				0 	 0 	 1
				0 	 0 	 2.874
			}
			{poly "body" {lod 0}}
			{poly "body_lod1" {lod 1}}
			{poly "body_lod2" {lod 2}}
			{poly "body_lod3" {lod 3 {last}}}
			{bone revolute "turret"
				{parameters "id=turret;"}
				{speed 0.01}
				{Position 4.685 	 0.0211 	 15.0252}
				{poly "turret" {lod 0}}
				{poly "turret_lod1" {lod 1}}
				{poly "turret_lod2" {lod 2}}
				{poly "turret_lod3" {lod 3 {last}}}
				{bone revolute "gun_rot"
					{parameters "id=gun;"}
					{limits -20 11}
					{speed 0.01}
					{matrix34
						1 	 0 	 0
						0 	 0 	 -1
						0 	 1 	 0
						-0.119 	 0.008 	 4.6166
					}
					{poly "gun_rot" {lod 0}}
					{poly "gun_rot_lod1" {lod 1}}
					{poly "gun_rot_lod2" {lod 2}}
					{poly "gun_rot_lod3" {lod 3 {last}}}
					{bone revolute "gun_rotator1"
						{parameters "id=gun;"}
						{matrix34
							-0.9077 	 -0.4195 	 0
							0.4195 	 -0.9077 	 0
							0 	 0 	 1
							8.9822 	 -4.0901 	 7.0032
						}
						{poly "gun_rotator1" {lod 0}}
						{poly "gun_rotator1_lod1" {lod 1}}
						{poly "gun_rotator1_lod2" {lod 2}}
						{poly "gun_rotator1_lod3" {lod 3 {last}}}
					}
					{bone "gun04"
						{parameters "id=gun;"}
						{matrix34
							1 	 0 	 0
							0 	 0 	 1
							0 	 -1 	 0
							0 	 0 	 0
						}
						{poly "gun04" {lod 0}}
						{poly "gun04_lod1" {lod 1}}
						{poly "gun04_lod2" {lod 2}}
						{poly "gun04_lod3" {lod 3 {last}}}
					}
					{bone "gun01"
						{parameters "id=gun;"}
						{matrix34
							1 	 0 	 0
							0 	 0 	 1
							0 	 -1 	 0
							0 	 0 	 0
						}
						{poly "gun01" {lod 0}}
						{poly "gun01_lod1" {lod 1}}
						{poly "gun01_lod2" {lod 2}}
						{poly "gun01_lod3" {lod 3 {last}}}
					}
					{bone "gun02"
						{parameters "id=gun;"}
						{matrix34
							1 	 0 	 0
							0 	 0 	 1
							0 	 -1 	 0
							0 	 0 	 0
						}
						{poly "gun02" {lod 0}}
						{poly "gun02_lod1" {lod 1}}
						{poly "gun02_lod2" {lod 2}}
						{poly "gun02_lod3" {lod 3 {last}}}
					}
					{bone "gun03"
						{parameters "id=gun;"}
						{matrix34
							1 	 0 	 0
							0 	 0 	 1
							0 	 -1 	 0
							0 	 0 	 0
						}
						{poly "gun03" {lod 0}}
						{poly "gun03_lod1" {lod 1}}
						{poly "gun03_lod2" {lod 2}}
						{poly "gun03_lod3" {lod 3 {last}}}
					}
				}
				{bone revolute "part6"
					{parameters "id=gun;"}
					{matrix34
						0.682 	 0 	 0.7314
						0.7314 	 0 	 -0.682
						0 	 1 	 0
						-21.3375 	 5.6048 	 14.3408
					}
					{poly "part6" {lod 0}}
					{poly "part6_lod1" {lod 1}}
					{poly "part6_lod2" {lod 2}}
					{poly "part6_lod3" {lod 3 {last}}}
				}
				{bone revolute "part1"
					{parameters "id=turret;"}
					{speed 0.01}
					{Position 9.3078 	 14.7442 	 2.4524}
					{poly "part1" {lod 0}}
					{poly "part1_lod1" {lod 1}}
					{poly "part1_lod2" {lod 2}}
					{poly "part1_lod3" {lod 3 {last}}}
				}
				{bone revolute "part2"
					{parameters "id=turret;"}
					{speed 0.01}
					{Position 9.31 	 -14.7868 	 2.4524}
					{poly "part2" {lod 0}}
					{poly "part2_lod1" {lod 1}}
					{poly "part2_lod2" {lod 2}}
					{poly "part2_lod3" {lod 3 {last}}}
				}
				{bone revolute "part3"
					{parameters "id=turret;"}
					{speed 0.01}
					{Position -11.2244 	 17.3023 	 -4.0465}
					{poly "part3" {lod 0}}
					{poly "part3_lod1" {lod 1}}
					{poly "part3_lod2" {lod 2}}
					{poly "part3_lod3" {lod 3 {last}}}
				}
				{bone revolute "part4"
					{parameters "id=turret;"}
					{speed 0.01}
					{Position -10.6665 	 -17.296 	 -5.1106}
					{poly "part4" {lod 0}}
					{poly "part4_lod1" {lod 1}}
					{poly "part4_lod2" {lod 2}}
					{poly "part4_lod3" {lod 3 {last}}}
				}
				{bone revolute "part5"
					{parameters "id=turret;"}
					{speed 0.01}
					{Position -21.1108 	 -1.5991 	 -1.1141}
					{poly "part5" {lod 0}}
					{poly "part5_lod1" {lod 1}}
					{poly "part5_lod2" {lod 2}}
					{poly "part5_lod3" {lod 3 {last}}}
				}
			}
		}
	}
}
{obstacle "obstacle"
	{obb2
		{center 0 0}
		{extent 21.8882 23.2742}
		{axis 1 -5.6426e-07}
	}
	{rotate}
}
{"volumes"
	{"body"
		{polyhedron}
		{bone "body"}
		{Position -0.0323 	 0 	 -1.1205}
	}
	{"gun01"
		{cylinder 0.787402 31.8117}
		{bone "gun01"}
		{matrix34
			0 	 -1 	 0
			0 	 0 	 -1
			1 	 0 	 0
			18.846 	 -6.9479 	 2.5986
		}
	}
	{"gun02"
		{cylinder 0.787402 31.8117}
		{bone "gun02"}
		{matrix34
			0 	 -1 	 0
			0 	 0 	 -1
			1 	 0 	 0
			18.846 	 6.9546 	 2.5986
		}
	}
	{"gun03"
		{cylinder 0.787402 31.8117}
		{bone "gun03"}
		{matrix34
			0 	 -1 	 0
			0 	 0 	 -1
			1 	 0 	 0
			18.846 	 -6.9479 	 -3.267
		}
	}
	{"gun04"
		{cylinder 0.787402 31.8117}
		{bone "gun04"}
		{matrix34
			0 	 -1 	 0
			0 	 0 	 -1
			1 	 0 	 0
			18.846 	 6.9546 	 -3.267
		}
	}
	{"gun_rot_01"
		{polyhedron}
		{bone "gun_rot"}
		{Position 1.1517 	 0.6376 	 4.6504}
	}
	{"gun_rot_02"
		{polyhedron}
		{bone "gun_rot"}
		{Position 1.1517 	 0.6376 	 -8.1143}
	}
	{"part1_01"
		{box 0.499269 15.3109 8.25291}
		{bone "part1"}
		{matrix34
			0.9063 	 0.4226 	 0
			-0.4226 	 0.9063 	 0
			0 	 0 	 1
			1.2882 	 -2.0456 	 -9.6092
		}
	}
	{"part1_02"
		{box 0.499269 15.7748 7.69225}
		{bone "part1"}
		{matrix34
			0.9063 	 0.4226 	 0
			-0.4226 	 0.9063 	 0
			0 	 0 	 1
			-0.659 	 1.8805 	 -1.6594
		}
	}
	{"part1_03"
		{box 0.499269 15.7748 11.8461}
		{bone "part1"}
		{matrix34
			0.9384 	 0.2652 	 0.2216
			-0.2811 	 0.9587 	 0.0431
			-0.201 	 -0.1028 	 0.9742
			-1.2197 	 1.6524 	 7.9598
		}
	}
	{"part2_01"
		{box 0.499269 15.3109 8.25291}
		{bone "part2"}
		{matrix34
			0.9063 	 -0.4226 	 0
			0.4226 	 0.9063 	 0
			0 	 0 	 1
			1.1606 	 2.1596 	 -9.6092
		}
	}
	{"part2_02"
		{box 0.499269 15.7748 7.69225}
		{bone "part2"}
		{matrix34
			0.9063 	 -0.4226 	 0
			0.4226 	 0.9063 	 0
			0 	 0 	 1
			-0.8117 	 -1.8203 	 -1.6594
		}
	}
	{"part2_03"
		{box 0.499269 15.7748 11.8461}
		{bone "part2"}
		{matrix34
			0.8996 	 -0.4195 	 0.1219
			0.4226 	 0.9063 	 0
			-0.1105 	 0.0515 	 0.9925
			-1.4659 	 -1.5152 	 8.0685
		}
	}
	{"part3_01"
		{box 10.902 4.59651 0.589296}
		{bone "part3"}
		{matrix34
			0.9976 	 0 	 0.0698
			0 	 1 	 0
			-0.0698 	 0 	 0.9976
			-0.7763 	 -3.9468 	 -7.1308
		}
	}
	{"part3_02"
		{cylinder 0.593616 9.13092}
		{bone "part3"}
		{matrix34
			1 	 0 	 0
			0 	 0.9925 	 -0.1219
			0 	 0.1219 	 0.9925
			3.7526 	 0.5739 	 -2.0778
		}
	}
	{"part3_03"
		{polyhedron}
		{bone "part3"}
		{matrix34
			0 	 1 	 0
			-0.9659 	 0 	 -0.2588
			-0.2588 	 0 	 0.9659
			1.4218 	 2.8493 	 4.2229
		}
	}
	{"part4_01"
		{box 10.902 4.59651 0.589296}
		{bone "part4"}
		{matrix34
			-0.9962 	 0 	 -0.0872
			0 	 -1 	 0
			-0.0872 	 0 	 0.9962
			-1.3393 	 3.9518 	 -6.0671
		}
	}
	{"part4_02"
		{cylinder 0.593616 9.13092}
		{bone "part4"}
		{matrix34
			-1 	 0 	 0
			0 	 -0.9925 	 -0.1219
			0 	 -0.1219 	 0.9925
			3.1947 	 -1.1182 	 -1.0137
		}
	}
	{"part4_03"
		{polyhedron}
		{bone "part4"}
		{matrix34
			0 	 -1 	 0
			1 	 0 	 0
			0 	 0 	 1
			3.2945 	 -4.879 	 4.286
		}
	}
	{"part5"
		{polyhedron}
		{bone "part5"}
		{matrix34
			-0.9877 	 0 	 -0.1564
			0 	 -1 	 0
			-0.1564 	 0 	 0.9877
			-4.2762 	 -1.2933 	 0.0717
		}
	}
	{"part6"
		{box 7.70677 7.97138 6.92576}
		{bone "part6"}
		{matrix34
			0.682 	 0.7314 	 0
			0 	 0 	 1
			0.7314 	 -0.682 	 0
			3.6653 	 0.32 	 -3.119
		}
	}
	{"turret01"
		{polyhedron}
		{bone "turret"}
		{Position 2.5168 	 -0.0285 	 -11.7732}
	}
	{"turret08"
		{cylinder 2.6644 7.08387}
		{bone "turret"}
		{matrix34
			0.766 	 0 	 0.6428
			0 	 1 	 0
			-0.6428 	 0 	 0.766
			-14.0285 	 1.948 	 6.3976
		}
	}
}
