;Exported by:	 kobaa
;Date:			 07.10.2019 12:34:43
;File:			 G:\_GIT_\gem2\gem2-mdl-soldiers\models\fence\hedgehog\wires_square_x.max
{skeleton
	{bone "basis6"
		{orientation
			1 	 0 	 0
			0 	 -1 	 0
			0 	 0 	 1
		}
		{bone "piece1"
			{matrix34
				-0.7071 	 0.5 	 0.5
				0.7071 	 0.5 	 0.5
				0 	 -0.7071 	 0.7071
				-25.695 	 0.7551 	 12.3212
			}
			{LODView
				{poly "piece1"}
				{poly "piece1_lod1"}
				{poly "piece1_lod2"}
			}
		}
		{bone "piece2"
			{matrix34
				0.5594 	 0.5 	 -0.6611
				-0.8098 	 0.5 	 -0.307
				-0.177 	 -0.7071 	 -0.6846
				2.9545 	 -5.296 	 7.5265
			}
			{LODView
				{poly "piece2"}
				{poly "piece2_lod1"}
				{poly "piece2_lod2"}
			}
		}
		{bone "piece3"
			{matrix34
				-0.5594 	 0.5 	 0.6611
				0.8098 	 0.5 	 0.307
				0.177 	 -0.7071 	 0.6846
				4.3377 	 5.5877 	 6.7841
			}
			{LODView
				{poly "piece3"}
				{poly "piece3_lod1"}
				{poly "piece3_lod2"}
			}
		}
		{bone "piece4"
			{matrix34
				0.7071 	 0.5 	 -0.5
				-0.7071 	 0.5 	 -0.5
				0 	 -0.7071 	 -0.7071
				-26.8285 	 -0.6321 	 12.2275
			}
			{LODView
				{poly "piece4"}
				{poly "piece4_lod1"}
				{poly "piece4_lod2"}
			}
		}
		{bone "piece5"
			{matrix34
				0.0062 	 -0.7071 	 -0.7071
				-0.0062 	 0.7071 	 -0.7071
				-1 	 -0.0087 	 0
				-18.0853 	 -0.2597 	 14.9829
			}
			{LODView
				{poly "piece5"}
				{poly "piece5_lod1"}
				{poly "piece5_lod2"}
			}
		}
		{bone "piece6"
			{matrix34
				0.0062 	 -0.7071 	 -0.7071
				-0.0062 	 0.7071 	 -0.7071
				-1 	 -0.0087 	 0
				1.2951 	 -0.4243 	 15.166
			}
			{LODView
				{poly "piece6"}
				{poly "piece6_lod1"}
				{poly "piece6_lod2"}
			}
		}
		{bone "piece7"
			{matrix34
				-0.5594 	 0.5 	 0.6611
				0.8098 	 0.5 	 0.307
				0.177 	 -0.7071 	 0.6846
				6.5676 	 -5.8286 	 17.5026
			}
			{LODView
				{poly "piece7"}
				{poly "piece7_lod1"}
				{poly "piece7_lod2"}
			}
		}
		{bone "piece8"
			{matrix34
				0.5594 	 0.5 	 -0.6611
				-0.8098 	 0.5 	 -0.307
				-0.177 	 -0.7071 	 -0.6846
				5.9171 	 5.7187 	 17.6502
			}
			{LODView
				{poly "piece8"}
				{poly "piece8_lod1"}
				{poly "piece8_lod2"}
			}
		}
	}
}
{obstacle "obstacle"
	{obb2
		{center -9.08916 1.42482}
		{extent 26.4235 15.0387}
		{axis -1 0}
	}
	{rotate}
}
{volume "piece1"
	{cylinder 1.2306 34.7754}
	{bone "piece1"}
	{matrix34
		-0.7688 	 0.6382 	 0.0413
		-0.6393 	 -0.7685 	 -0.0251
		-0.0157 	 0.0458 	 -0.9988
		0.3866 	 -0.0558 	 0.5563
	}
}
{volume "piece2"
	{cylinder 1.18211 20.6206}
	{bone "piece2"}
	{matrix34
		0.3514 	 -0.9362 	 0.0067
		0.9356 	 0.3514 	 0.035
		0.0351 	 0.006 	 -0.9994
		0.2622 	 -0.0157 	 0.5543
	}
}
{volume "piece3"
	{cylinder 1.147 17.7208}
	{bone "piece3"}
	{matrix34
		-0.3552 	 0.9344 	 0.0273
		-0.9347 	 -0.3547 	 -0.0216
		0.0105 	 0.0332 	 -0.9994
		0.4434 	 -0.041 	 -1.408
	}
}
{volume "piece4"
	{cylinder 1.20611 34.7754}
	{bone "piece4"}
	{matrix34
		0.6147 	 -0.7887 	 0.0124
		0.7888 	 0.6144 	 -0.0199
		-0.0081 	 -0.022 	 -0.9997
		0.1438 	 -0.2051 	 -0.4477
	}
}
{volume "piece5"
	{cylinder 0.996454 27.3341}
	{bone "piece5"}
	{matrix34
		-0.6891 	 0.7244 	 -0.0179
		0.7246 	 0.6892 	 -0.0039
		-0.0095 	 0.0156 	 0.9998
		0.1401 	 -0.1867 	 0.8958
	}
}
{volume "piece6"
	{cylinder 0.996454 13.3526}
	{bone "piece6"}
	{matrix34
		-0.6891 	 0.7244 	 -0.0179
		0.7246 	 0.6892 	 -0.0039
		-0.0095 	 0.0156 	 0.9998
		0.1832 	 -0.0136 	 -0.2029
	}
}
{volume "piece7"
	{cylinder 1.147 16.3648}
	{bone "piece7"}
	{matrix34
		-0.3552 	 0.9344 	 0.0273
		-0.9347 	 -0.3547 	 -0.0216
		0.0105 	 0.0332 	 -0.9994
		0.1275 	 -0.0152 	 0.4352
	}
}
{volume "piece8"
	{cylinder 1.18211 14.5055}
	{bone "piece8"}
	{matrix34
		0.3514 	 -0.9362 	 0.0067
		0.9356 	 0.3514 	 0.035
		0.0351 	 0.006 	 -0.9994
		0.4012 	 0.0888 	 -1.5851
	}
}
