;Exported by:	 Oleksandr Tsaprylov
;Date:			 21.07.2022 10:55:48
;File:			 E:\projects\gem2-mdl-soldiers\models\entourage\bridge_wood\bridge_wood_01.max
{skeleton
	{bone "bridge_wood_03_piece_001_x"
		{orientation
			1 	 0 	 0
			0 	 -1 	 0
			0 	 0 	 1
		}
		{bone "piece01"
			{matrix34
				-0.7359 	 -0.5824 	 0.3455
				0.6771 	 -0.6264 	 0.3863
				-0.0086 	 0.5182 	 0.8552
				2.1852 	 18.434 	 4.6856
			}
			{poly "piece01"}
		}
		{bone "piece02"
			{matrix34
				0.877 	 0.4515 	 -0.1645
				-0.1975 	 0.0267 	 -0.9799
				-0.438 	 0.8919 	 0.1126
				7.783 	 -36.5394 	 8.2757
			}
			{poly "piece02"}
		}
		{bone "piece03"
			{matrix34
				0.6992 	 0.4109 	 -0.585
				-0.5303 	 0.8469 	 -0.039
				0.4795 	 0.3375 	 0.8101
				5.7473 	 -26.8079 	 5.6037
			}
			{poly "piece03"}
		}
		{bone "piece04"
			{matrix34
				0.877 	 0.4515 	 -0.1645
				0.0321 	 -0.3967 	 -0.9174
				-0.4794 	 0.7993 	 -0.3624
				-4.1012 	 -23.9292 	 18.5437
			}
			{poly "piece04"}
		}
	}
}
{volume "piece01"
	{box 4.33737 4.26963 20.092}
	{bone "piece01"}
	{matrix34
		-0.7359 	 0.6771 	 -0.0086
		-0.5824 	 -0.6264 	 0.5182
		0.3455 	 0.3863 	 0.8552
		7.0098 	 4.223 	 -4.0286
	}
}
{volume "piece02"
	{box 1.87913 1.78195 20.3081}
	{bone "piece02"}
	{matrix34
		0.877 	 -0.1975 	 -0.438
		0.0902 	 -0.8277 	 0.5539
		-0.4719 	 -0.5253 	 -0.708
		-7.0341 	 1.5362 	 2.9797
	}
}
{volume "piece03"
	{box 1.87913 1.78195 13.4491}
	{bone "piece03"}
	{matrix34
		0.6992 	 -0.5303 	 0.4795
		0.4586 	 0.8472 	 0.2682
		-0.5484 	 0.0324 	 0.8356
		-1.9896 	 7.7238 	 -0.5316
	}
}
{volume "piece04"
	{box 2.84877 42.8177 2.0092}
	{bone "piece04"}
	{matrix34
		0.877 	 0.0321 	 -0.4794
		0.4667 	 -0.2945 	 0.834
		-0.1144 	 -0.9551 	 -0.2732
		4.1965 	 3.4585 	 -0.6575
	}
}
