;Exported by:	 tolokolnikova
;Date:			 12.03.2018 11:16:19
;File:			 D:\gem2\gem2-mdl-soldiers\models\fence\Fence_wood_ua\fence_wood_ru_001.max
{skeleton
	{bone "fence01a_x"
		{orientation
			1 	 0 	 0
			0 	 -1 	 0
			0 	 0 	 1
		}
		{bone "piece01"
			{matrix34
				0.9848 	 0.1736 	 0
				-0.1736 	 0.9848 	 0
				0 	 0 	 1
				1.6377 	 -2.6588 	 19.9153
			}
			{poly "piece01"}
		}
		{bone "piece02"
			{matrix34
				0 	 -0.2079 	 -0.9781
				0 	 0.9781 	 -0.2079
				1 	 0 	 0
				-66.5778 	 -1.8541 	 22.2117
			}
			{poly "piece02"}
		}
		{bone "piece03"
			{matrix34
				0 	 -0.1564 	 -0.9877
				0 	 0.9877 	 -0.1564
				1 	 0 	 0
				-50.0211 	 -1.9547 	 6.8811
			}
			{poly "piece03"}
		}
		{bone "piece04"
			{Position -76.9799 	 -0.0872 	 25.0576}
			{poly "piece04"}
		}
		{bone "piece05"
			{matrix34
				-0.5221 	 0.1928 	 -0.8308
				-0.1786 	 0.9278 	 0.3275
				0.834 	 0.3194 	 -0.45
				24.4049 	 0.8833 	 14.2557
			}
			{poly "piece05"}
		}
		{bone "piece06"
			{matrix34
				0 	 -0.2079 	 -0.9781
				0 	 0.9781 	 -0.2079
				1 	 0 	 0
				-19.3058 	 -2.903 	 21.1717
			}
			{poly "piece06"}
		}
		{bone "fx_wood"
			{Position -34.4078 	 -0.615 	 0}
		}
	}
}
{volume "piece01"
	{cylinder 1.93758 21.2685}
	{bone "piece01"}
	{matrix34
		0.9848 	 -0.1736 	 0
		0.1677 	 0.9511 	 0.2594
		-0.0451 	 -0.2555 	 0.9658
		0.3595 	 0.5012 	 -0.268
	}
}
{volume "piece02"
	{cylinder 1.93758 24.9275}
	{bone "piece02"}
	{matrix34
		0.9895 	 0.1323 	 -0.0577
		-0.1355 	 0.9892 	 -0.0554
		0.0497 	 0.0627 	 0.9968
		-0.1312 	 0.0497 	 0.1556
	}
}
{volume "piece03"
	{cylinder 1.75658 61.1972}
	{bone "piece03"}
	{matrix34
		0.9839 	 0.1558 	 -0.0872
		-0.1564 	 0.9877 	 0.0006
		0.0862 	 0.013 	 0.9962
		0.3065 	 0.2999 	 -0.0764
	}
}
{volume "piece04"
	{cylinder 1.93758 12.89}
	{bone "piece04"}
	{matrix34
		1 	 0 	 0
		0 	 1 	 0.0006
		0 	 -0.0006 	 1
		0 	 -0.004 	 0.0186
	}
}
{volume "piece05"
	{cylinder 1.93758 49.3988}
	{bone "piece05"}
	{matrix34
		0.8861 	 -0.4524 	 0.1005
		0.447 	 0.8916 	 0.0723
		-0.1223 	 -0.0191 	 0.9923
		-0.2808 	 0.054 	 -0.6919
	}
}
{volume "piece06"
	{cylinder 1.93758 33.1535}
	{bone "piece06"}
	{matrix34
		0.9912 	 0.1327 	 -0.0033
		-0.1325 	 0.9905 	 0.0361
		0.0081 	 -0.0354 	 0.9993
		-0.2566 	 1.2018 	 -5.1092
	}
}
