;Exported by:	 tolokolnikova
;Date:			 13.04.2018 16:52:43
;File:			 D:\gem2\gem2-mdl-soldiers\models\building\building_ua01\building_ua02_v2_x.max
{skeleton
	{bone "b_ua_02_piece12_point"
		{orientation
			1 	 0 	 0
			0 	 -1 	 0
			0 	 0 	 1
		}
		{bone "piece01"
			{matrix34
				-0.9037 	 0.0779 	 0.421
				0.0326 	 0.993 	 -0.1138
				0.4269 	 0.0891 	 0.8999
				-29.2082 	 2.6252 	 -17.5204
			}
			{poly "piece01"}
		}
		{bone "piece02"
			{matrix34
				0.8604 	 -0.0578 	 0.5064
				0.2784 	 0.8855 	 -0.372
				-0.4269 	 0.461 	 0.7779
				38.0019 	 -10.1952 	 -25.0915
			}
			{poly "piece02"}
		}
		{bone "piece03"
			{matrix34
				0.9902 	 -0.137 	 0.0266
				0.1344 	 0.8855 	 -0.4448
				0.0374 	 0.444 	 0.8952
				4.6616 	 -36.9195 	 -16.1548
			}
			{poly "piece03"}
		}
		{bone "piece04"
			{matrix34
				-0.829 	 0.548 	 0.1117
				0.3736 	 0.6913 	 -0.6184
				0.4162 	 0.4709 	 0.7778
				-24.7016 	 -30.4389 	 -6.4735
			}
			{poly "piece04"}
		}
		{bone "piece05"
			{matrix34
				0.9037 	 0.0779 	 0.421
				-0.0326 	 0.993 	 -0.1138
				-0.4269 	 0.0891 	 0.8999
				28.3483 	 27.4084 	 -5.7037
			}
			{poly "piece05"}
		}
	}
}
{volume "piece01"
	{box 2.95276 2.95276 60.9178}
	{bone "piece01"}
	{matrix34
		1 	 0 	 0
		0 	 1 	 0
		0 	 0 	 -1
		-2.5229 	 -9.5704 	 -0.881
	}
}
{volume "piece02"
	{box 3.93701 3.93701 47.9619}
	{bone "piece02"}
	{matrix34
		0.9938 	 0.0951 	 -0.0582
		-0.0659 	 0.9218 	 0.3821
		0.09 	 -0.3759 	 0.9223
		0.228 	 -1.9951 	 10.669
	}
}
{volume "piece03"
	{box 2.95276 2.95276 37.1598}
	{bone "piece03"}
	{matrix34
		1 	 0 	 0
		0 	 1 	 0
		0 	 0 	 1
		-2.265 	 2.2765 	 -0.4231
	}
}
{volume "piece04"
	{box 2.95276 2.95276 60.9178}
	{bone "piece04"}
	{matrix34
		1 	 0 	 0
		0 	 1 	 0
		0 	 0 	 -1
		0.2257 	 -0.1018 	 3.039
	}
}
{volume "piece05"
	{box 3.93701 3.93701 47.9619}
	{bone "piece05"}
	{matrix34
		0.997 	 -0.0776 	 -0.0066
		0.0777 	 0.997 	 0.0019
		0.0064 	 -0.0024 	 1
		-0.034 	 -0.059 	 -0.1681
	}
}
