;Exported by:	 koba1
;Date:			 23.07.2022 07:51:44
;File:			 G:\_GIT_\gem2\gem2-mdl-soldiers\models\unit\vehicle\203 mm Howitzer M1\203_M1_xx.max
{skeleton
	{bone revolute "basis"
		{speed 0.01}
		{orientation
			1 	 0 	 0
			0 	 -1 	 0
			0 	 0 	 1
		}
		{bone "body"
			{parameters "id=body;"}
			{matrix34
				0.9962 	 0 	 0.0872
				0 	 1 	 0
				-0.0872 	 0 	 0.9962
				-21.3307 	 0 	 10.9056
			}
			{LODView
				{poly "body"}
				{poly "body_lod1"}
				{poly "body_lod2"}
				{poly "body_lod3"}
			}
			{bone revolute "turret"
				{parameters "id=turret;"}
				{limits -15 15}
				{speed 0.01}
				{Position -7.3767 	 0 	 2.658}
				{LODView
					{poly "turret"}
					{poly "turret_lod1"}
					{poly "turret_lod2"}
					{poly "turret_lod3"}
				}
				{bone revolute "gun_rotator2"
					{parameters "id=gun;"}
					{matrix34
						0.8988 	 0 	 -0.4384
						0.4384 	 0 	 0.8988
						0 	 -1 	 0
						-8.1093 	 0 	 29.615
					}
					{LODView
						{poly "gun_rotator2"}
						{poly "gun_rotator2_lod1"}
						{poly "gun_rotator2_lod2"}
						{poly "gun_rotator2_lod3"}
					}
				}
				{bone revolute "gun_rotator3"
					{parameters "id=gun;"}
					{matrix34
						0.9455 	 0 	 -0.3256
						0.3256 	 0 	 0.9455
						0 	 -1 	 0
						-2.1012 	 6.3803 	 19.7953
					}
					{LODView
						{poly "gun_rotator3"}
						{poly "gun_rotator3_lod1"}
						{poly "gun_rotator3_lod2"}
						{poly "gun_rotator3_lod3"}
					}
				}
				{bone revolute "gun_rot"
					{parameters "id=gun;"}
					{limits 0 30}
					{speed 0.08}
					{matrix34
						0.9962 	 0 	 -0.0872
						0.0872 	 0 	 0.9962
						0 	 -1 	 0
						-8.6476 	 0.953 	 21.2567
					}
					{LODView
						{poly "gun_rot"}
						{poly "gun_rot_lod1"}
						{poly "gun_rot_lod2"}
						{poly "gun_rot_lod3"}
					}
					{bone revolute "gun_rotator1"
						{parameters "id=gun;"}
						{matrix34
							-0.9304 	 0.3665 	 0
							-0.3665 	 -0.9304 	 0
							0 	 0 	 1
							34.7163 	 -5.1313 	 0.9529
						}
						{LODView
							{poly "gun_rotator1"}
							{poly "gun_rotator1_lod1"}
							{poly "gun_rotator1_lod2"}
							{poly "gun_rotator1_lod3"}
						}
					}
					{bone "gun"
						{parameters "id=gun;"}
						{matrix34
							1 	 0 	 0
							0 	 0 	 -1
							0 	 1 	 0
							-0.0153 	 -0.0147 	 1.679
						}
						{LODView
							{poly "gun"}
							{poly "gun_lod1"}
							{poly "gun_lod2"}
							{poly "gun_lod3"}
						}
						{bone "shutter"
							{parameters "id=gun;"}
							{Position -11.1736 	 -4.9467 	 3.1835}
							{LODView
								{poly "shutter"}
								{poly "shutter_lod1"}
								{poly "shutter_lod2"}
								{poly "shutter_lod3"}
							}
						}
					}
				}
			}
			{bone "standr"
				{parameters "id=body;"}
				{matrix34
					0.8191 	 0.5736 	 -0.0016
					-0.5706 	 0.8151 	 0.1001
					0.0588 	 -0.0811 	 0.995
					-9.3274 	 -14.8695 	 4.0992
				}
				{LODView
					{poly "standr"}
					{poly "standr_lod1"}
					{poly "standr_lod2"}
					{poly "standr_lod3"}
				}
			}
			{bone "standl"
				{parameters "id=body;"}
				{matrix34
					0.8192 	 -0.5736 	 0
					0.5736 	 0.8192 	 0
					0 	 0 	 1
					-9.3275 	 14.8695 	 4.0993
				}
				{LODView
					{poly "standl"}
					{poly "standl_lod1"}
					{poly "standl_lod2"}
					{poly "standl_lod3"}
				}
			}
		}
		{bone "pivot_back"
			{matrix34
				0.9962 	 0 	 0.0872
				0 	 1 	 0
				-0.0872 	 0 	 0.9962
				-113.911 	 0 	 4.1056
			}
			{bone "part5"
				{parameters "id=body;"}
				{Position -25.9251 	 0 	 13.2104}
				{LODView
					{poly "part5"}
					{poly "part5_lod1"}
					{poly "part5_lod2"}
					{poly "part5_lod3"}
				}
			}
			{bone revolute "part3"
				{parameters "id=wheelleft3;radius=0.55;"}
				{matrix34
					0.9962 	 0 	 -0.0872
					-0.0872 	 0 	 -0.9962
					0 	 1 	 0
					-26.6852 	 23.5902 	 8.6923
				}
				{LODView
					{poly "part3"}
					{poly "part3_lod1"}
					{poly "part3_lod2"}
					{poly "part3_lod3"}
				}
			}
			{bone revolute "part4"
				{parameters "id=wheelright3;radius=0.55;"}
				{matrix34
					0.9962 	 0 	 -0.0872
					-0.0872 	 0 	 -0.9962
					0 	 1 	 0
					-26.6851 	 -23.5902 	 8.6923
				}
				{LODView
					{poly "part4"}
					{poly "part4_lod1"}
					{poly "part4_lod2"}
					{poly "part4_lod3"}
				}
			}
		}
		{bone "pivot_front"
			{matrix34
				0.9962 	 0 	 0.0872
				0 	 1 	 0
				-0.0872 	 0 	 0.9962
				0.6363 	 0 	 7.013
			}
			{bone "cartf"
				{parameters "id=body;"}
				{matrix34
					0.9962 	 0 	 -0.0872
					0 	 1 	 0
					0.0872 	 0 	 0.9962
					0.3282 	 0 	 3.7512
				}
				{LODView
					{poly "cartf"}
					{poly "cartf_lod1"}
					{poly "cartf_lod2"}
					{poly "cartf_lod3"}
				}
				{bone revolute "part1"
					{parameters "id=wheelleft1;radius=0.55;"}
					{matrix34
						1 	 0 	 0
						0 	 0 	 -1
						0 	 1 	 0
						12.3145 	 21.5092 	 -0.2811
					}
					{LODView
						{poly "part1"}
						{poly "part1_lod1"}
						{poly "part1_lod2"}
						{poly "part1_lod3"}
					}
				}
				{bone revolute "part6"
					{parameters "id=wheelleft2;radius=0.55;"}
					{matrix34
						1 	 0 	 0
						0 	 0 	 -1
						0 	 1 	 0
						-12.2508 	 21.5092 	 -0.2811
					}
					{LODView
						{poly "part6"}
						{poly "part6_lod1"}
						{poly "part6_lod2"}
						{poly "part6_lod3"}
					}
				}
				{bone revolute "wheelr1"
					{parameters "id=wheelright1;radius=0.55;"}
					{matrix34
						1 	 0 	 0
						0 	 0 	 -1
						0 	 1 	 0
						12.3146 	 -21.5092 	 -0.2811
					}
					{LODView
						{poly "wheelr1"}
						{poly "wheelr1_lod1"}
						{poly "wheelr1_lod2"}
						{poly "wheelr1_lod3"}
					}
				}
				{bone revolute "part2"
					{parameters "id=wheelright2;radius=0.55;"}
					{matrix34
						1 	 0 	 0
						0 	 0 	 -1
						0 	 1 	 0
						-12.2507 	 -21.5092 	 -0.2811
					}
					{LODView
						{poly "part2"}
						{poly "part2_lod1"}
						{poly "part2_lod2"}
						{poly "part2_lod3"}
					}
				}
			}
		}
	}
}
{obstacle "close"
	{obb2
		{center -48.8239 -0.128829}
		{extent 71.6936 16.5447}
		{axis -1 0}
	}
	{Tags "close"}
	{rotate}
}
{obstacle "obstacle"
	{obb2
		{center -14.9086 -0.618017}
		{extent 40.4684 28.9726}
		{axis -1 0}
	}
	{rotate}
}
{obstacle "openl"
	{obb2
		{center -71.271 -35.4858}
		{extent 43.8861 4.8935}
		{axis -0.906308 -0.422617}
	}
	{Tags "open"}
	{rotate}
}
{obstacle "openr"
	{obb2
		{center -71.2709 34.8972}
		{extent 43.8861 4.8935}
		{axis -0.906308 0.422618}
	}
	{Tags "open"}
	{rotate}
}
{volume "body01"
	{polyhedron}
	{bone "body"}
	{matrix34
		0.9998 	 0 	 -0.0175
		0 	 1 	 0
		0.0175 	 0 	 0.9998
		5.5599 	 0 	 -9.4633
	}
}
{volume "body02"
	{box 34.4826 29.6855 7.90109}
	{bone "cartf"}
	{Position -0.3483 	 0 	 -1.062}
}
{volume "gun_rot"
	{box 55.6627 11.388 8.19508}
	{bone "gun_rot"}
	{matrix34
		0.9998 	 -0.0175 	 0
		0 	 0 	 -1
		0.0175 	 0.9998 	 0
		13.7151 	 -9.1581 	 0.9529
	}
}
{volume "gun"
	{cylinder 3.53099 109.603}
	{bone "gun"}
	{matrix34
		0 	 0 	 -1
		0 	 1 	 0
		1 	 0 	 0
		41.8676 	 0.7261 	 -2.3876
	}
}
{volume "part1"
	{cylinder 6.10236 12.4016}
	{bone "part1"}
	{Position 0 	 2.3876 	 -0.085}
}
{volume "part2"
	{cylinder 6.10236 12.4016}
	{bone "part2"}
	{matrix34
		1 	 0 	 0
		0 	 -1 	 0
		0 	 0 	 -1
		0 	 2.3876 	 0.085
	}
}
{volume "part3"
	{cylinder 6.10236 5.90551}
	{bone "part3"}
	{Position 0 	 2.3876 	 -0.3703}
}
{volume "part4"
	{cylinder 6.10236 5.90551}
	{bone "part4"}
	{matrix34
		1 	 0 	 0
		0 	 -1 	 0
		0 	 0 	 -1
		0 	 2.3876 	 0.3704
	}
}
{volume "part5_01"
	{box 10.214 40.2552 4.53955}
	{bone "part5"}
	{matrix34
		0.9962 	 0 	 -0.0872
		0 	 1 	 0
		0.0872 	 0 	 0.9962
		1.4927 	 0 	 -7.2376
	}
}
{volume "part5_02"
	{box 10.7513 12.7272 9.12175}
	{bone "part5"}
	{matrix34
		0.9962 	 0 	 -0.0872
		0 	 1 	 0
		0.0872 	 0 	 0.9962
		2.3751 	 0 	 -0.4993
	}
}
{volume "part5_03"
	{box 34.3205 11.7062 0.864663}
	{bone "part5"}
	{matrix34
		0.9848 	 0 	 0.1736
		0 	 1 	 0
		-0.1736 	 0 	 0.9848
		-18.5848 	 -0.1239 	 -9.8715
	}
}
{volume "part6"
	{cylinder 6.10236 12.4016}
	{bone "part6"}
	{Position 0 	 2.3876 	 -0.085}
}
{volume "standl"
	{box 83.4614 6.22668 7.69234}
	{bone "standl"}
	{matrix34
		0.9715 	 0.2229 	 -0.0809
		-0.2262 	 0.9734 	 -0.0354
		0.0708 	 0.0527 	 0.9961
		-43.0167 	 -9.3969 	 -5.9919
	}
}
{volume "standr"
	{box 83.4614 6.22668 7.69234}
	{bone "standr"}
	{matrix34
		0.9945 	 -0.0761 	 -0.0714
		0.0689 	 0.9928 	 -0.0982
		0.0784 	 0.0927 	 0.9926
		-43.2369 	 3.1277 	 -5.9168
	}
}
{volume "turret01"
	{polyhedron}
	{bone "turret"}
	{Position -2.9431 	 7.3416 	 9.944}
}
{volume "turret02"
	{polyhedron}
	{bone "turret"}
	{Position -2.9431 	 -7.3415 	 9.944}
}
{volume "turret03"
	{cylinder 8.71581 10.1022}
	{bone "turret"}
	{Position 0.025 	 -0.0882 	 2.2509}
}
{volume "wheelright1"
	{cylinder 6.10236 12.4016}
	{bone "wheelr1"}
	{matrix34
		0.9962 	 0 	 -0.0872
		0 	 -1 	 0
		-0.0872 	 0 	 -0.9962
		-0.5405 	 2.3876 	 0.1085
	}
}
