;Exported by:	 Oleksandr Tsaprylov
;Date:			 06.04.2021 20:49:56
;File:			 E:\projects\gem2-mdl-soldiers\models\entourage\piers\pier_001.max
{skeleton
	{bone "pier_04_x"
		{orientation
			1 	 0 	 0
			0 	 -1 	 0
			0 	 0 	 1
		}
		{bone "piece01"
			{matrix34
				1 	 0 	 0
				0 	 0.866 	 0.5
				0 	 -0.5 	 0.866
				-37.2593 	 10.3723 	 26.3514
			}
			{poly "piece01"}
		}
		{bone "piece06"
			{matrix34
				0.9912 	 -0.1325 	 -0.0037
				0.0911 	 0.6611 	 0.7447
				-0.0963 	 -0.7385 	 0.6674
				41.2503 	 -11.7863 	 26.3514
			}
			{poly "piece06"}
		}
		{bone "piece04"
			{matrix34
				0.6572 	 0.3431 	 0.6711
				-0.3614 	 0.9248 	 -0.1189
				-0.6614 	 -0.1644 	 0.7318
				11.6365 	 -15.2177 	 26.3514
			}
			{poly "piece04"}
		}
		{bone "piece05"
			{matrix34
				0.5037 	 -0.6368 	 -0.5838
				-0.0866 	 0.6352 	 -0.7675
				0.8595 	 0.4372 	 0.2648
				26.0589 	 15.0281 	 26.3514
			}
			{poly "piece05"}
		}
		{bone "piece03"
			{matrix34
				0.7549 	 -0.2839 	 -0.5912
				0.3712 	 0.9281 	 0.0283
				0.5407 	 -0.2408 	 0.806
				-2.1591 	 11.1043 	 26.3514
			}
			{poly "piece03"}
		}
		{bone "piece02"
			{matrix34
				0.9326 	 0.3148 	 0.1767
				-0.1572 	 0.7946 	 -0.5864
				-0.325 	 0.5191 	 0.7905
				-19.5007 	 -10.7088 	 26.3514
			}
			{poly "piece02"}
		}
		{bone "sub_piece03"
			{matrix34
				0.8958 	 0.2504 	 0.3672
				-0.3981 	 0.8196 	 0.4121
				-0.1977 	 -0.5153 	 0.8339
				-23.5829 	 37.023 	 44.412
			}
			{poly "sub_piece03"}
		}
		{bone "sub_piece01"
			{Position 23.0441 	 32.9034 	 45.0743}
			{poly "sub_piece01"}
		}
		{bone "sub_piece08"
			{matrix34
				0.8651 	 0.1172 	 -0.4876
				0.1172 	 0.8981 	 0.4239
				0.4876 	 -0.4239 	 0.7632
				-43.296 	 32.6828 	 15.0059
			}
			{poly "sub_piece08"}
		}
		{bone "sub_piece06"
			{matrix34
				0.677 	 -0.5502 	 -0.4889
				0.4075 	 0.8333 	 -0.3735
				0.6129 	 0.0536 	 0.7884
				2.9991 	 35.4546 	 13.1473
			}
			{poly "sub_piece06"}
		}
		{bone "sub_piece07"
			{matrix34
				0.843 	 -0.5141 	 -0.1581
				0.3859 	 0.7829 	 -0.488
				0.3747 	 0.3504 	 0.8584
				32.8487 	 37.5497 	 17.8754
			}
			{poly "sub_piece07"}
		}
		{bone "sub_piece04"
			{matrix34
				0.9365 	 0.3497 	 0.0252
				-0.3196 	 0.881 	 -0.349
				-0.1442 	 0.3188 	 0.9368
				25.5287 	 -32.0994 	 44.412
			}
			{poly "sub_piece04"}
		}
		{bone "sub_piece02"
			{matrix34
				0.7021 	 0.3682 	 0.6095
				-0.5955 	 0.7728 	 0.2192
				-0.3903 	 -0.5169 	 0.7619
				-24.0197 	 -35.9321 	 45.0743
			}
			{poly "sub_piece02"}
		}
		{bone "piece07"
			{matrix34
				-0.7982 	 0.5986 	 0.0682
				-0.4166 	 -0.6301 	 0.6553
				0.4352 	 0.4946 	 0.7523
				-42.796 	 -37.4062 	 13.1473
			}
			{poly "piece07"}
		}
		{bone "sub_piece05"
			{matrix34
				-1 	 0 	 0
				0 	 -1 	 0
				0 	 0 	 1
				38.6429 	 -31.2041 	 15.0059
			}
			{poly "sub_piece05"}
		}
		{bone "sub_piece09"
			{matrix34
				-1 	 0 	 0
				0 	 -1 	 0
				0 	 0 	 1
				6.5654 	 -33.4717 	 17.8754
			}
			{poly "sub_piece09"}
		}
		{bone "fx_wood1"
			{parameters "lastpose=undefined;"}
			{Position 27.3501 	 -17.2816 	 18.8694}
		}
		{bone "fx_wood2"
			{parameters "lastpose=undefined;"}
			{Position -19.1383 	 21.0287 	 18.8694}
		}
	}
}
{volume "piece01"
	{box 8.05083 34.055 1.36617}
	{bone "piece01"}
	{matrix34
		1 	 0 	 0
		0 	 0.866 	 -0.5
		0 	 0.5 	 0.866
		-0.0518 	 1.2958 	 -0.7022
	}
}
{volume "piece02"
	{box 8.05083 39.5989 1.36617}
	{bone "piece02"}
	{matrix34
		0.9326 	 -0.1572 	 -0.325
		0.3148 	 0.7946 	 0.5191
		0.1767 	 -0.5864 	 0.7905
		-0.6463 	 -1.5421 	 -0.9491
	}
}
{volume "piece03"
	{box 7.31295 39.5989 1.36617}
	{bone "piece03"}
	{matrix34
		0.7549 	 0.3712 	 0.5407
		-0.2839 	 0.9281 	 -0.2408
		-0.5912 	 0.0283 	 0.806
		-0.3013 	 0.9943 	 -0.2066
	}
}
{volume "piece04"
	{box 7.31295 31.6791 1.36617}
	{bone "piece04"}
	{matrix34
		0.6572 	 -0.3614 	 -0.6614
		0.3431 	 0.9248 	 -0.1644
		0.6711 	 -0.1189 	 0.7318
		-0.0879 	 -0.3773 	 0.0737
	}
}
{volume "piece05"
	{box 7.83818 37.2229 1.36617}
	{bone "piece05"}
	{matrix34
		0.5037 	 -0.0866 	 0.8595
		-0.6368 	 0.6352 	 0.4372
		-0.5838 	 -0.7675 	 0.2648
		-0.3609 	 0.3025 	 0.2314
	}
}
{volume "piece06"
	{box 7.90153 34.5302 1.36617}
	{bone "piece06"}
	{matrix34
		0.9912 	 0.0911 	 -0.0963
		-0.1325 	 0.6611 	 -0.7385
		-0.0037 	 0.7447 	 0.6674
		0.2837 	 -1.4324 	 1.6596
	}
}
{volume "piece07"
	{box 3.93701 3.93701 17.5573}
	{bone "piece07"}
	{matrix34
		0.7982 	 0.4166 	 -0.4352
		-0.5986 	 0.6301 	 -0.4946
		0.0682 	 0.6553 	 0.7523
		1.2194 	 -4.5604 	 5.4447
	}
}
{volume "sub_piece01"
	{box 46.843 2.12778 0.859509}
	{bone "sub_piece01"}
	{Position 0 	 0 	 0.0226}
}
{volume "sub_piece02"
	{box 46.843 2.12778 0.859509}
	{bone "sub_piece02"}
	{matrix34
		0.7021 	 -0.5955 	 -0.3903
		0.3682 	 0.7728 	 -0.5169
		0.6095 	 0.2192 	 0.7619
		0.7652 	 1.5824 	 -1.0378
	}
}
{volume "sub_piece03"
	{box 45.9108 2.12778 0.859509}
	{bone "sub_piece03"}
	{matrix34
		0.8958 	 -0.3981 	 -0.1977
		0.2504 	 0.8196 	 -0.5153
		0.3672 	 0.4121 	 0.8339
		-0.7099 	 -3.1253 	 2.6786
	}
}
{volume "sub_piece04"
	{box 45.9108 2.12778 0.859509}
	{bone "sub_piece04"}
	{matrix34
		0.9365 	 -0.3196 	 -0.1442
		0.3497 	 0.881 	 0.3188
		0.0252 	 -0.349 	 0.9368
		-3.0657 	 -1.0757 	 0.4129
	}
}
{volume "sub_piece05"
	{box 3.93701 3.93701 14.5366}
	{bone "sub_piece05"}
	{Position 0.0182 	 -0.0168 	 0.6536}
}
{volume "sub_piece06"
	{box 3.93701 3.93701 17.5573}
	{bone "sub_piece06"}
	{matrix34
		0.677 	 0.4075 	 0.6129
		-0.5502 	 0.8333 	 0.0536
		-0.4889 	 -0.3735 	 0.7884
		0.1351 	 -6.3439 	 -1.4112
	}
}
{volume "sub_piece07"
	{box 3.05125 20.8097 1.27325}
	{bone "sub_piece07"}
	{matrix34
		-0.4086 	 0.1357 	 -0.9026
		-0.7541 	 -0.6072 	 0.2501
		-0.5141 	 0.7829 	 0.3504
		1.3181 	 -4.4219 	 -2.3345
	}
}
{volume "sub_piece08"
	{box 3.93701 3.93701 14.5366}
	{bone "sub_piece08"}
	{matrix34
		0.8651 	 0.1172 	 0.4876
		0.1172 	 0.8981 	 -0.4239
		-0.4876 	 0.4239 	 0.7632
		2.6135 	 -1.6764 	 3.4574
	}
}
{volume "sub_piece09"
	{box 3.05125 20.8097 1.27325}
	{bone "sub_piece09"}
	{matrix34
		-0.6302 	 0 	 -0.7764
		-0.7764 	 0 	 0.6302
		0 	 1 	 0
		0.0436 	 0.0641 	 -0.0542
	}
}
