;Exported by:	 kobaa
;Date:			 01.04.2020 17:12:34
;File:			 G:\_GIT_\gem2\gem2-mdl-soldiers\models\fence\fence_wood\woodfence_new_G2.max
{skeleton
	{bone "fence-wood_3b_g2"
		{orientation
			1 	 0 	 0
			0 	 -1 	 0
			0 	 0 	 1
		}
		{poly "fence-wood_3b_g2"}
		{bone "climb2"
			{matrix34
				0 	 -1 	 0
				1 	 0 	 0
				0 	 0 	 1
				45.1786 	 25.5171 	 0
			}
			{visibility 0}
		}
		{bone "climb1"
			{matrix34
				0 	 1 	 0
				-1 	 0 	 0
				0 	 0 	 1
				45.1786 	 -16.1403 	 0
			}
			{visibility 0}
		}
	}
}
{obstacle "obstacle1"
	{obb2
		{center 70.5673 -5.46532}
		{extent 17.4626 2.52119}
		{axis -1 0}
	}
	{rotate}
}
{obstacle "obstacle2"
	{obb2
		{center 19.883 -5.46532}
		{extent 17.6785 2.52119}
		{axis -1 0}
	}
	{rotate}
}
{volume "body01"
	{cylinder 1.5748 31.22}
	{bone "fence-wood_3b_g2"}
	{matrix34
		0.9994 	 0 	 -0.0349
		0 	 1 	 0
		0.0349 	 0 	 0.9994
		80.6407 	 8.0361 	 15.6005
	}
}
{volume "body02"
	{cylinder 1.5748 33.8034}
	{bone "fence-wood_3b_g2"}
	{matrix34
		0.9994 	 0 	 0.0349
		0 	 1 	 0
		-0.0349 	 0 	 0.9994
		10.0198 	 5.4827 	 16.8914
	}
}
{volume "body03"
	{cylinder 1.37795 41.7921}
	{bone "fence-wood_3b_g2"}
	{matrix34
		-0.436 	 -0.0458 	 0.8988
		-0.1045 	 0.9945 	 0
		-0.8939 	 -0.0939 	 -0.4384
		-3.2224 	 1.37 	 17.2513
	}
}
{volume "body04"
	{cylinder 1.37795 46.1645}
	{bone "fence-wood_3b_g2"}
	{matrix34
		-0.1725 	 -0.0217 	 0.9848
		-0.1045 	 0.9945 	 0.0036
		-0.9795 	 -0.1022 	 -0.1738
		-44.2216 	 -2.8585 	 4.3216
	}
}
{volume "body05"
	{cylinder 1.37795 78.7402}
	{bone "fence-wood_3b_g2"}
	{matrix34
		-0.0532 	 -0.0422 	 0.9977
		-0.0266 	 0.9988 	 0.0408
		-0.9982 	 -0.0244 	 -0.0543
		47.3804 	 4.3927 	 22.2997
	}
}
{volume "body06"
	{cylinder 1.37795 78.7402}
	{bone "fence-wood_3b_g2"}
	{matrix34
		-0.1053 	 -0.0422 	 0.9935
		-0.0287 	 0.9988 	 0.0394
		-0.994 	 -0.0244 	 -0.1064
		46.4905 	 4.3928 	 8.4279
	}
}
