;Exported by:	 tolokolnikova
;Date:			 06.06.2016 15:49:54
;File:			 D:\gem2\gem2-mdl-soldiers\models\fence\sandbag_woodbeam\meshki4_wood1_002_g03_v1.max
{skeleton
	{bone "sw4_x"
		{orientation
			1 	 0 	 0
			0 	 -1 	 0
			0 	 0 	 1
		}
		{bone "piece03"
			{matrix34
				-0.9623 	 -0.2578 	 0.0872
				0.2588 	 -0.9659 	 0
				0.0842 	 0.0226 	 0.9962
				36.7943 	 2.0402 	 4.1556
			}
			{poly "piece03"}
		}
		{bone "piece02"
			{matrix34
				-0.9029 	 -0.421 	 0.0872
				0.4226 	 -0.9063 	 0
				0.079 	 0.0368 	 0.9962
				34.5936 	 20.7514 	 5.1341
			}
			{poly "piece02"}
		}
		{bone "piece01"
			{matrix34
				-0.9811 	 0.173 	 0.0872
				-0.1736 	 -0.9848 	 0
				0.0858 	 -0.0151 	 0.9962
				32.387 	 -19.6622 	 4.3763
			}
			{poly "piece01"}
		}
	}
}
{volume "piece01"
	{box 13.505 9.93109 4.41866}
	{bone "piece01"}
	{matrix34
		-0.0868 	 -0.9962 	 0.0076
		0.9924 	 -0.0872 	 -0.0868
		0.0872 	 0 	 0.9962
		-0.1767 	 0.0484 	 -0.2423
	}
}
{volume "piece02"
	{box 12.3272 9.01493 4.40945}
	{bone "piece02"}
	{matrix34
		0.0795 	 0.9968 	 -0.007
		-0.993 	 0.0798 	 0.0869
		0.0872 	 0 	 0.9962
		0.1484 	 0.5584 	 -0.3669
	}
}
{volume "piece03"
	{box 13.505 9.93109 4.41866}
	{bone "piece03"}
	{matrix34
		-0.0868 	 -0.9962 	 0.0076
		0.9924 	 -0.0872 	 -0.0868
		0.0872 	 0 	 0.9962
		-0.2249 	 0.358 	 -0.6985
	}
}
