;Exported by:	 tolokolnikova
;Date:			 11.06.2018 12:51:43
;File:			 D:\gem2\gem2-mdl-soldiers\models\building\house_uk\house_uk_001_x.max
{skeleton
	{bone "hs_ua_piece_04_x_point"
		{orientation
			1 	 0 	 0
			0 	 -1 	 0
			0 	 0 	 1
		}
		{bone "piece02"
			{matrix34
				1 	 0 	 0
				0 	 0.766 	 0.6428
				0 	 -0.6428 	 0.766
				-16.0242 	 9.9572 	 1.769
			}
			{poly "piece02"}
		}
		{bone "piece01"
			{matrix34
				-0.8823 	 0.3669 	 -0.2947
				-0.0782 	 -0.7317 	 -0.6771
				-0.4641 	 -0.5744 	 0.6743
				29.6009 	 13.7611 	 14.4131
			}
			{poly "piece01"}
		}
		{bone "piece03"
			{Position -5.7992 	 -37.491 	 6.4949}
			{poly "piece03"}
		}
		{bone "piece04"
			{matrix34
				1 	 0 	 0
				0 	 -1 	 0
				0 	 0 	 1
				31.396 	 -5.8982 	 -10.6769
			}
			{poly "piece04"}
		}
		{bone "piece08"
			{Position 3.5575 	 22.1381 	 -10.6769}
			{poly "piece08"}
		}
		{bone "hs_ua_04"
			{matrix34
				-1 	 0 	 0
				0 	 -1 	 0
				0 	 0 	 1
				18.2694 	 -8.1279 	 -46.9842
			}
			{poly "hs_ua_04"}
		}
		{bone "piece05"
			{Position 32.8089 	 21.5641 	 -22.066}
			{poly "piece05"}
		}
		{bone revolute "attach1"
			{Position 5.3739 	 0.4938 	 -52.9838}
		}
		{bone "fort_wall"
			{matrix34
				0 	 -1 	 0
				1 	 0 	 0
				0 	 0 	 1
				42.3592 	 -2.4324 	 -47.356
			}
		}
		{bone "piece09"
			{Position 11.483 	 -37.2415 	 -10.6769}
			{poly "piece09"}
		}
		{bone "piece06"
			{matrix34
				0.454 	 -0.891 	 0
				0.891 	 0.454 	 0
				0 	 0 	 1
				32.4868 	 -37.2106 	 -19.1533
			}
			{poly "piece06"}
		}
		{bone "piece10"
			{matrix34
				-0.122 	 0.7523 	 0.6474
				0.9745 	 -0.0329 	 0.2218
				-0.1882 	 -0.658 	 0.7291
				19.1911 	 -0.242 	 14.3213
			}
			{poly "piece10"}
		}
		{bone "piece07"
			{matrix34
				1 	 0 	 0
				0 	 0.766 	 0.6428
				0 	 -0.6428 	 0.766
				-16.0242 	 -13.3825 	 29.5842
			}
			{poly "piece07"}
		}
		{bone "debris_land_001"
			{parameters "commonmesh;land;ground;"}
			{matrix34
				-1 	 0 	 0
				0 	 -1 	 0
				0 	 0 	 1
				46.3096 	 5.5757 	 -52.9713
			}
			{poly "debris_land_001" {ground}}
		}
		{bone "stones_001"
			{parameters "commonmesh;land;ground;"}
			{matrix34
				-1 	 0 	 0
				0 	 -1 	 0
				0 	 0 	 1
				46.2962 	 5.5757 	 -52.9713
			}
			{poly "stones_001" {ground}}
		}
	}
}
{volume "piece01"
	{cylinder 1.1192 43.1235}
	{bone "piece01"}
	{matrix34
		-0.897 	 -0.4402 	 -0.0406
		-0.442 	 0.8929 	 0.086
		-0.0016 	 0.0951 	 -0.9955
		-0.0785 	 -0.8538 	 -0.6409
	}
}
{volume "piece02"
	{cylinder 1.64393 31.6325}
	{bone "piece02"}
	{matrix34
		1 	 0 	 0
		0 	 0.9999 	 0.0111
		0 	 -0.0111 	 0.9999
		0 	 -0.176 	 -0.6821
	}
}
{volume "piece03"
	{cylinder 1.95706 31.6325}
	{bone "piece03"}
	{Position 0.2057 	 0.0792 	 -0.8659}
}
{volume "piece04"
	{box 27.8175 6.69411 1.86524}
	{bone "piece04"}
	{matrix34
		0 	 -1 	 0
		-1 	 0 	 0
		0 	 0 	 1
		0.1507 	 0.0475 	 0.1124
	}
}
{volume "piece05"
	{cylinder 2.77992 21.071}
	{bone "piece05"}
	{Position -0.3144 	 0.0745 	 0.2942}
}
{volume "piece06"
	{cylinder 2.77992 18.9829}
	{bone "piece06"}
	{matrix34
		0.454 	 0.891 	 0
		-0.891 	 0.454 	 0
		0 	 0 	 1
		0.1885 	 -0.0873 	 -0.4276
	}
}
{volume "piece07"
	{cylinder 1.64393 31.6325}
	{bone "piece07"}
	{matrix34
		1 	 0 	 0
		0 	 0.9999 	 0.0111
		0 	 -0.0111 	 0.9999
		0 	 -0.6965 	 -0.918
	}
}
{volume "piece08"
	{box 33.515 6.69411 1.86524}
	{bone "piece08"}
	{Position 0.5683 	 0 	 0.1124}
}
{volume "piece09"
	{box 33.515 6.69411 1.86524}
	{bone "piece09"}
	{Position -0.2085 	 0 	 0.1124}
}
{volume "piece10"
	{cylinder 1.69575 27.2627}
	{bone "piece10"}
	{matrix34
		0.7962 	 0.5978 	 0.0933
		-0.6051 	 0.7866 	 0.1229
		-0.0001 	 0.1543 	 -0.988
		0.2586 	 -0.3841 	 0.313
	}
}
{volume "target_vol_01"
	{box 9.84252 9.84252 15.6501}
	{bone "hs_ua_piece_04_x_point"}
	{matrix34
		1 	 0 	 0
		0 	 1 	 0
		0 	 0 	 1
		5.3739 	 0.4938 	 -34.7838
	}
}
{volume "vol_01"
	{box 57.2835 6.74352 18.3233}
	{bone "hs_ua_04"}
	{matrix34
		-1 	 0 	 0
		0 	 -1 	 0
		0 	 0 	 1
		17.908 	 -27.8435 	 -7.534
	}
}
{volume "vol_02"
	{box 4.90158 4.78346 20.5986}
	{bone "hs_ua_04"}
	{matrix34
		0 	 -1 	 0
		1 	 0 	 0
		0 	 0 	 1
		-14.1868 	 -29.8665 	 -1.8121
	}
}
{volume "vol_03"
	{box 57.2835 8.14947 20.3148}
	{bone "hs_ua_04"}
	{matrix34
		0 	 -1 	 0
		1 	 0 	 0
		0 	 0 	 1
		-8.879 	 0.9836 	 -1.954
	}
}
{volume "vol_04"
	{box 4.90158 4.78346 20.5986}
	{bone "hs_ua_04"}
	{matrix34
		0 	 -1 	 0
		1 	 0 	 0
		0 	 0 	 1
		-14.5472 	 29.2731 	 -1.8121
	}
}
