;Exported by	: KobaA
;Date			: 26.01.2024 11:04:04
;File			: d:\git\gem2-mdl-soldiers\models\building\building_ua01\building_ua05_v2_x.max
{skeleton
	{bone "b_ua_05_piece09_point"
		{orientation
			1 	 0 	 0
			0 	 -1 	 0
			0 	 0 	 1
		}
		{bone "piece01"
			{matrix34
				0 	 -1 	 0
				1 	 0 	 0
				0 	 0 	 1
				0.1873 	 29.6383 	 -7.4099
			}
			{poly "piece01"}
		}
		{bone "piece02"
			{matrix34
				0 	 -1 	 0
				1 	 0 	 0
				0 	 0 	 1
				0.1873 	 -6.5801 	 27.5041
			}
			{poly "piece02"}
		}
		{bone "piece03"
			{matrix34
				0 	 -1 	 0
				1 	 0 	 0
				0 	 0 	 1
				0.1873 	 -27.7729 	 -1.055
			}
			{poly "piece03"}
		}
		{bone "piece04"
			{matrix34
				0 	 0.0872 	 0.9962
				1 	 0 	 0
				0 	 0.9962 	 -0.0872
				0.1873 	 -11.7612 	 -23.3771
			}
			{poly "piece04"}
		}
		{bone "sub_piece01"
			{matrix34
				0 	 0.4226 	 -0.9063
				1 	 0 	 0
				0 	 -0.9063 	 -0.4226
				0.1873 	 16.3293 	 9.4689
			}
			{poly "sub_piece01"}
		}
		{bone "piece05"
			{matrix34
				0 	 -1 	 0
				1 	 0 	 0
				0 	 0 	 1
				0.1873 	 -6.7351 	 -1.0215
			}
			{poly "piece05"}
		}
		{bone "piece06"
			{matrix34
				0 	 -0.866 	 0.5
				1 	 0 	 0
				0 	 0.5 	 0.866
				0.1873 	 -21.5865 	 14.0652
			}
			{poly "piece06"}
		}
		{bone "piece07"
			{matrix34
				0 	 -0.866 	 0.5
				1 	 0 	 0
				0 	 0.5 	 0.866
				0.1873 	 11.4717 	 -4.9856
			}
			{poly "piece07"}
		}
		{bone "piece08"
			{matrix34
				0 	 -1 	 0
				1 	 0 	 0
				0 	 0 	 1
				0.1873 	 3.7224 	 13.4322
			}
			{poly "piece08"}
		}
		{bone "sub_piece02"
			{matrix34
				0 	 -0.8192 	 -0.5736
				1 	 0 	 0
				0 	 -0.5736 	 0.8192
				0.1873 	 21.9725 	 -18.2388
			}
			{poly "sub_piece02"}
		}
		{bone "sub_piece03"
			{matrix34
				0 	 0.6293 	 -0.7771
				-1 	 0 	 0
				0 	 0.7771 	 0.6293
				9.9463 	 -46.4333 	 9.6047
			}
			{poly "sub_piece03"}
		}
		{bone "sub_piece04"
			{matrix34
				0 	 -0.6293 	 -0.7771
				1 	 0 	 0
				0 	 -0.7771 	 0.6293
				8.9315 	 18.2967 	 17.3598
			}
			{poly "sub_piece04"}
		}
	}
}
{"volumes"
	{"piece01"
		{box 11.551 5.90551 9.99911}
		{bone "piece01"}
		{Position -0.0211 	 0 	 -0.3288}
	}
	{"piece02"
		{box 8.81752 5.90551 15.6236}
		{bone "piece02"}
		{Position -0.0559 	 0 	 -0.7946}
	}
	{"piece03"
		{box 11.551 5.90551 9.99911}
		{bone "piece03"}
		{Position 0.8764 	 0 	 -0.9367}
	}
	{"piece04"
		{box 11.2864 5.90551 15.6236}
		{bone "piece04"}
		{matrix34
			-0.1736 	 0 	 -0.9848
			0 	 1 	 0
			0.9848 	 0 	 -0.1736
			0.2225 	 0 	 -0.8277
		}
	}
	{"piece05"
		{box 11.551 5.90551 9.99911}
		{bone "piece05"}
		{Position -0.0211 	 0 	 -0.3288}
	}
	{"piece06"
		{box 11.551 5.90551 9.99911}
		{bone "piece06"}
		{matrix34
			0.866 	 0 	 -0.5
			0 	 1 	 0
			0.5 	 0 	 0.866
			-0.3436 	 0 	 -1.2124
		}
	}
	{"piece07"
		{box 11.551 5.90551 9.99911}
		{bone "piece07"}
		{matrix34
			0.866 	 0 	 -0.5
			0 	 1 	 0
			0.5 	 0 	 0.866
			-0.9621 	 0 	 -0.0257
		}
	}
	{"piece08"
		{box 11.551 5.90551 9.99911}
		{bone "piece08"}
		{Position 0.8496 	 0 	 -0.7125}
	}
	{"sub_piece01"
		{box 7.31854 5.90551 6.09321}
		{bone "sub_piece01"}
		{matrix34
			-0.4226 	 0 	 0.9063
			0 	 1 	 0
			-0.9063 	 0 	 -0.4226
			0.5369 	 0 	 -0.7217
		}
	}
	{"sub_piece02"
		{box 7.31854 5.90551 6.09321}
		{bone "sub_piece02"}
		{matrix34
			-0.4226 	 0 	 0.9063
			0 	 1 	 0
			-0.9063 	 0 	 -0.4226
			0.5369 	 0 	 -0.7217
		}
	}
	{"sub_piece03"
		{box 13.9766 3.93701 20.5902}
		{bone "sub_piece03"}
		{matrix34
			0 	 -1 	 0
			0.9998 	 0 	 0.0175
			-0.0175 	 0 	 0.9998
			0.4279 	 0 	 0.2291
		}
	}
	{"sub_piece04"
		{box 13.9766 3.93701 32.6011}
		{bone "sub_piece04"}
		{matrix34
			0 	 -1 	 0
			0.9998 	 0 	 0.0175
			-0.0175 	 0 	 0.9998
			0.6265 	 0 	 -1.7506
		}
	}
}
