;Exported by:	 Oleksandr Tsaprylov
;Date:			 21.07.2022 10:55:48
;File:			 E:\projects\gem2-mdl-soldiers\models\entourage\bridge_wood\bridge_wood_01.max
{skeleton
	{bone "bridge_wood_03_piece_002_x"
		{orientation
			1 	 0 	 0
			0 	 -1 	 0
			0 	 0 	 1
		}
		{bone "piece01"
			{matrix34
				0.9808 	 0.1663 	 0.1017
				0.1281 	 -0.1563 	 -0.9794
				-0.147 	 0.9736 	 -0.1746
				-4.9744 	 -15.1077 	 13.9709
			}
			{poly "piece01"}
		}
		{bone "piece02"
			{matrix34
				0.3389 	 0.8113 	 -0.4764
				0.0725 	 -0.5273 	 -0.8466
				-0.938 	 0.2524 	 -0.2375
				-3.7459 	 -4.9563 	 5.7235
			}
			{poly "piece02"}
		}
		{bone "piece03"
			{matrix34
				-0.6024 	 -0.6908 	 0.3998
				0.7631 	 -0.3518 	 0.5421
				-0.2339 	 0.6317 	 0.7391
				-5.4936 	 -49.9074 	 10.2974
			}
			{poly "piece03"}
		}
		{bone "piece04"
			{matrix34
				0.9792 	 0.1433 	 -0.1438
				-0.1815 	 0.3002 	 -0.9365
				-0.0911 	 0.943 	 0.3199
				4.775 	 -33.3883 	 5.966
			}
			{poly "piece04"}
		}
	}
}
{volume "piece01"
	{box 2.84877 42.8177 2.0092}
	{bone "piece01"}
	{matrix34
		0.9808 	 0.1281 	 -0.147
		0.1547 	 -0.0524 	 0.9866
		0.1187 	 -0.9904 	 -0.0713
		4.854 	 0.517 	 -0.4633
	}
}
{volume "piece02"
	{box 1.87913 1.78195 19.7701}
	{bone "piece02"}
	{matrix34
		0.3389 	 0.0725 	 -0.938
		0.7166 	 0.6262 	 0.3073
		0.6097 	 -0.7763 	 0.1603
		2.5714 	 -0.6192 	 -2.9214
	}
}
{volume "piece03"
	{box 4.33737 4.26963 20.092}
	{bone "piece03"}
	{matrix34
		-0.6024 	 0.7631 	 -0.2339
		-0.6908 	 -0.3518 	 0.6317
		0.3998 	 0.5421 	 0.7391
		-3.0996 	 4.6757 	 -0.862
	}
}
{volume "piece04"
	{box 1.87913 1.78195 20.3081}
	{bone "piece04"}
	{matrix34
		0.9792 	 -0.1815 	 -0.0911
		-0.051 	 -0.6539 	 0.7548
		-0.1965 	 -0.7345 	 -0.6496
		-4.542 	 0.8407 	 0.5872
	}
}
