;Exported by	: joomb
;Date			: 13.04.2023 14:30:52
;File			: H:\git\gem2-mdl-soldiers\models\building\building_ua01\building_ua03_v2.max
{skeleton
	{bone "b_ua_03_piece02"
		{orientation
			1 	 0 	 0
			0 	 -1 	 0
			0 	 0 	 1
		}
		{poly "b_ua_03_piece02"}
		{bone "window"
			{matrix34
				0 	 -1 	 0
				1 	 0 	 0
				0 	 0 	 1
				11.3553 	 17.5302 	 -23.6583
			}
			{poly "window"}
		}
		{bone "fort_wall"
			{matrix34
				-1 	 0 	 0
				0 	 -1 	 0
				0 	 0 	 1
				1.9848 	 11.255 	 -43.8483
			}
		}
		{bone "window_x"
			{matrix34
				0 	 -1 	 0
				1 	 0 	 0
				0 	 0 	 1
				11.3553 	 17.5302 	 -23.6583
			}
			{poly "window_x"}
		}
		{bone revolute "attach1"
			{matrix34
				0 	 -1 	 0
				1 	 0 	 0
				0 	 0 	 1
				13.5762 	 35.9266 	 -49.3127
			}
		}
		{bone "fort_window"
			{matrix34
				-0.0522 	 -0.9986 	 0
				0.9986 	 -0.0522 	 0
				0 	 0 	 1
				10.9879 	 14.3067 	 -23.6583
			}
		}
	}
}
{"volumes"
	{"body01"
		{box 71.1412 5.90551 47.6357}
		{bone "b_ua_03_piece02"}
		{Position -0.2315 	 19.5725 	 -25.4298}
	}
	{"body02"
		{box 36.8319 3.01837 2.59202}
		{bone "b_ua_03_piece02"}
		{Position -15.0097 	 -10.8853 	 -30.2127}
	}
	{"hole"
		{box 7.87402 13.1774 16.1973}
		{bone "b_ua_03_piece02"}
		{matrix34
			0 	 -1 	 0
			1 	 0 	 0
			0 	 0 	 1
			10.602 	 18.4222 	 -23.5825
		}
	}
	{"roof01"
		{box 59.6877 1.9685 60.217}
		{bone "b_ua_03_piece02"}
		{matrix34
			1 	 0 	 0
			0 	 0.7873 	 -0.6166
			0 	 0.6166 	 0.7873
			-7.0031 	 -4.596 	 18.7851
		}
	}
	{"roof02"
		{box 17.0468 1.9685 35.5281}
		{bone "b_ua_03_piece02"}
		{matrix34
			1 	 0 	 0
			0 	 0.7873 	 -0.6166
			0 	 0.6166 	 0.7873
			32.0027 	 -12.2072 	 9.0662
		}
	}
	{"roof03"
		{box 18.5032 1.9685 9.03255}
		{bone "b_ua_03_piece02"}
		{matrix34
			1 	 0 	 0
			0 	 0.7873 	 -0.6166
			0 	 0.6166 	 0.7873
			-7.0031 	 16.906 	 46.241
		}
	}
	{"window"
		{box 1.9685 13.1774 16.1973}
		{bone "window"}
		{Position -2.3643 	 -0.2565 	 -0.0146}
	}
}
