;Exported by:	 tolokolnikova
;Date:			 10.04.2018 10:15:29
;File:			 D:\gem2\gem2-mdl-soldiers\models\fence\fence_wood_logs.max
{skeleton
	{bone "ua_fence_basis02_x"
		{orientation
			1 	 0 	 0
			0 	 -1 	 0
			0 	 0 	 1
		}
		{bone "piece05"
			{matrix34
				1 	 0 	 0
				0 	 0 	 1
				0 	 -1 	 0
				0.361 	 0.0518 	 9.9336
			}
			{poly "piece05"}
		}
		{bone "piece06"
			{matrix34
				-1 	 0 	 0
				0 	 0 	 1
				0 	 1 	 0
				0.361 	 0.0518 	 9.4122
			}
			{poly "piece06"}
		}
		{bone "piece07"
			{matrix34
				-1 	 0 	 0
				0 	 0 	 1
				0 	 1 	 0
				0.361 	 0.0518 	 9.4122
			}
			{poly "piece07"}
		}
		{bone "piece08"
			{Position 10.1733 	 0.0451 	 0}
			{poly "piece08"}
		}
		{bone "piece09"
			{Position 29.8149 	 1.1415 	 -2.9666}
			{poly "piece09"}
		}
		{bone "piece10"
			{Position -19.2753 	 0.0451 	 0}
			{poly "piece10"}
		}
		{bone "piece11"
			{Position -29.0934 	 0.0451 	 0}
			{poly "piece11"}
		}
		{bone "piece12"
			{Position 20.3478 	 -0.942 	 0}
			{poly "piece12"}
		}
		{bone "piece13"
			{Position -9.4571 	 0.0451 	 0}
			{poly "piece13"}
		}
		{bone "piece14"
			{Position 0.361 	 -1.0417 	 0}
			{poly "piece14"}
		}
		{bone "piece15"
			{matrix34
				-1 	 0 	 0
				0 	 0 	 1
				0 	 1 	 0
				0.361 	 0.0518 	 9.4122
			}
			{poly "piece15"}
		}
		{bone "piece16"
			{matrix34
				1 	 0 	 0
				0 	 0 	 1
				0 	 -1 	 0
				0.361 	 0.0518 	 9.9336
			}
			{poly "piece16"}
		}
		{bone "piece04"
			{matrix34
				1 	 0 	 0
				0 	 0 	 1
				0 	 -1 	 0
				0.361 	 0.0518 	 9.9336
			}
			{poly "piece04"}
		}
		{bone "piece02"
			{matrix34
				0.9962 	 0.0076 	 -0.0868
				-0.0872 	 0.0868 	 -0.9924
				0 	 0.9962 	 0.0872
				0.4257 	 -2.33 	 22.126
			}
			{poly "piece02"}
		}
		{bone "piece01"
			{matrix34
				0.6964 	 0.7071 	 0.1228
				0.1736 	 0 	 -0.9848
				-0.6964 	 0.7071 	 -0.1228
				20.1287 	 -1.9348 	 21.1172
			}
			{poly "piece01"}
		}
		{bone "fx_wood"
			{Position 5.8398 	 -2.3025 	 12.4632}
		}
	}
}
{volume "piece01"
	{box 1.64687 1.77132 2.68476}
	{bone "piece01"}
	{matrix34
		0.6964 	 0.1736 	 -0.6964
		0.7071 	 0 	 0.7071
		0.1228 	 -0.9848 	 -0.1228
		0.3417 	 -0.3197 	 -0.244
	}
}
{volume "piece02"
	{box 3.65971 1.77132 5.83644}
	{bone "piece02"}
	{matrix34
		0.9962 	 -0.0872 	 0
		0.0076 	 0.0868 	 0.9962
		-0.0868 	 -0.9924 	 0.0872
		0.2666 	 -0.2909 	 0.8214
	}
}
{volume "piece04"
	{box 12.5613 1.10357 0.762002}
	{bone "piece04"}
	{matrix34
		0.9397 	 0 	 -0.342
		-0.342 	 0 	 -0.9397
		0 	 1 	 0
		23.9283 	 8.8906 	 0.8531
	}
}
{volume "piece05"
	{box 19.6026 1.09264 0.762002}
	{bone "piece05"}
	{matrix34
		1 	 0 	 0
		0 	 0 	 -1
		0 	 1 	 0
		-19.4677 	 9.2336 	 -1.2888
	}
}
{volume "piece06"
	{box 19.6026 1.09264 0.762002}
	{bone "piece06"}
	{matrix34
		-1 	 0 	 0
		0 	 0 	 1
		0 	 1 	 0
		19.4677 	 9.755 	 0.3235
	}
}
{volume "piece07"
	{box 12.5613 1.10357 0.762002}
	{bone "piece07"}
	{matrix34
		-1 	 0 	 0
		0 	 0 	 1
		0 	 1 	 0
		3.2804 	 9.4119 	 0.2531
	}
}
{volume "piece08"
	{box 0.984252 0.984252 9.54472}
	{bone "piece08"}
	{matrix34
		0.7071 	 -0.7071 	 0
		0.7071 	 0.7071 	 0
		0 	 0 	 1
		0.0226 	 -1.253 	 17.4147
	}
}
{volume "piece09"
	{box 0.984252 0.984252 13.9067}
	{bone "piece09"}
	{matrix34
		0.7071 	 -0.7071 	 0
		0.7071 	 0.7071 	 0
		0 	 0 	 1
		-0.0028 	 0.0611 	 16.4057
	}
}
{volume "piece10"
	{box 0.984252 0.984252 11.733}
	{bone "piece10"}
	{matrix34
		0.7071 	 -0.7071 	 0
		0.7071 	 0.7071 	 0
		0 	 0 	 1
		0.006 	 1.1021 	 15.0112
	}
}
{volume "piece11"
	{box 0.984252 0.984252 14.5774}
	{bone "piece11"}
	{matrix34
		0.7071 	 -0.7071 	 0
		0.7071 	 0.7071 	 0
		0 	 0 	 1
		0.0022 	 0.0415 	 14.9776
	}
}
{volume "piece12"
	{box 0.984252 0.984252 16.8849}
	{bone "piece12"}
	{matrix34
		0.7071 	 -0.7068 	 -0.0203
		0.7071 	 0.7068 	 0.0203
		0 	 -0.0287 	 0.9996
		-0.014 	 -0.546 	 11.3031
	}
}
{volume "piece13"
	{box 0.984252 0.984252 21.1635}
	{bone "piece13"}
	{matrix34
		0.7071 	 -0.7071 	 0
		0.7071 	 0.7071 	 0
		0 	 0 	 1
		-0.029 	 0.2829 	 12.9628
	}
}
{volume "piece14"
	{box 0.984252 0.984252 10.7987}
	{bone "piece14"}
	{matrix34
		0.7071 	 -0.7071 	 0
		0.7071 	 0.7071 	 0
		0 	 0 	 1
		0.0391 	 0.0349 	 15.8374
	}
}
{volume "piece15"
	{box 12.5613 1.10357 0.762002}
	{bone "piece15"}
	{matrix34
		-1 	 0 	 0
		0 	 0 	 1
		0 	 1 	 0
		-23.6804 	 9.4119 	 -0.584
	}
}
{volume "piece16"
	{box 12.5613 1.10357 0.762002}
	{bone "piece16"}
	{matrix34
		1 	 0 	 0
		0 	 0 	 -1
		0 	 1 	 0
		8.1107 	 8.8906 	 0.7069
	}
}
