;Exported by	: KobaA
;Date			: 17.01.2024 12:28:15
;File			: d:\git\gem2-mdl-soldiers\models\building\water_mill\water_mill_01_x_fort.max
{skeleton
	{bone "h_80a_g2_piece06_point"
		{orientation
			1 	 0 	 0
			0 	 -1 	 0
			0 	 0 	 1
		}
		{bone "piece01"
			{matrix34
				-1 	 0 	 0
				0 	 -1 	 0
				0 	 0 	 1
				0.882 	 -12.0881 	 8.3366
			}
			{poly "piece01"}
		}
		{bone "piece05"
			{matrix34
				-1 	 0 	 0
				0 	 -1 	 0
				0 	 0 	 1
				20.0659 	 -11.9869 	 7.7389
			}
			{poly "piece05"}
		}
		{bone "piece06"
			{matrix34
				0 	 -0.9659 	 0.2588
				1 	 0 	 0
				0 	 0.2588 	 0.9659
				24.894 	 -6.1729 	 6.2492
			}
			{poly "piece06"}
		}
		{bone "sub_piece03"
			{matrix34
				-1 	 0 	 0
				0 	 -1 	 0
				0 	 0 	 1
				21.2722 	 -11.9217 	 -9.7083
			}
			{poly "sub_piece03"}
		}
		{bone "piece02"
			{matrix34
				0 	 -0.9397 	 0.342
				1 	 0 	 0
				0 	 0.342 	 0.9397
				24.9202 	 -1.161 	 -9.8975
			}
			{poly "piece02"}
		}
		{bone "sub_piece05"
			{matrix34
				0 	 -1 	 0
				1 	 0 	 0
				0 	 0 	 1
				24.9987 	 7.2561 	 -18.0027
			}
			{poly "sub_piece05"}
		}
		{bone "sub_piece04"
			{matrix34
				0 	 -0.5736 	 -0.8192
				1 	 0 	 0
				0 	 -0.8192 	 0.5736
				25.0659 	 14.0061 	 -13.5525
			}
			{poly "sub_piece04"}
		}
		{bone "sub_piece01"
			{matrix34
				0 	 -1 	 0
				1 	 0 	 0
				0 	 0 	 1
				24.9366 	 14.377 	 9.4806
			}
			{poly "sub_piece01"}
		}
		{bone "sub_piece02"
			{matrix34
				0 	 -1 	 0
				1 	 0 	 0
				0 	 0 	 1
				24.9366 	 -0.9495 	 23.9233
			}
			{poly "sub_piece02"}
		}
		{bone "piece03"
			{matrix34
				0 	 -0.9962 	 -0.0872
				1 	 0 	 0
				0 	 -0.0872 	 0.9962
				24.8652 	 10.0985 	 25.821
			}
			{poly "piece03"}
		}
		{bone "piece04"
			{matrix34
				0 	 -1 	 0
				1 	 0 	 0
				0 	 0 	 1
				24.8429 	 9.9283 	 -0.6601
			}
			{poly "piece04"}
		}
		{bone "sub_piece06"
			{Position -8.6996 	 -14.1568 	 19.5389}
			{poly "sub_piece06"}
		}
		{bone "sub_piece07"
			{Position 2.6482 	 3.0512 	 33.9763}
			{poly "sub_piece07"}
		}
		{bone "sub_piece08"
			{Position 23.4405 	 1.2596 	 32.4732}
			{poly "sub_piece08"}
		}
		{bone "h_80a_g2_piece06"
			{Position -0.0067 	 0 	 0}
			{poly "h_80a_g2_piece06"}
		}
		{bone revolute "attach1"
			{Position 11.2866 	 11.928 	 -40.7478}
		}
		{bone "debris_land_001"
			{parameters "land;ground;"}
			{matrix34
				-1 	 0 	 0
				0 	 -1 	 0
				0 	 0 	 1
				37.495 	 17.01 	 -42.3573
			}
			{poly "debris_land_001" {ground}}
		}
		{bone "fort_wall"
			{matrix34
				0 	 -1 	 0
				1 	 0 	 0
				0 	 0 	 1
				33.5446 	 9.0018 	 -36.7421
			}
		}
		{bone "stones_001"
			{parameters "land;ground;"}
			{matrix34
				-1 	 0 	 0
				0 	 -1 	 0
				0 	 0 	 1
				37.4816 	 17.01 	 -42.3573
			}
			{poly "stones_001" {ground}}
		}
	}
}
{"volumes"
	{"piece01"
		{box 15.7406 5.90551 11.5537}
		{bone "piece01"}
		{Position -0.1398 	 0 	 0.3164}
	}
	{"piece02"
		{box 10.7351 5.90551 11.1705}
		{bone "piece02"}
		{Position -0.0186 	 0 	 -1.9732}
	}
	{"piece03"
		{box 12.0265 5.90551 20.2906}
		{bone "piece03"}
		{Position 0.9091 	 0 	 0.1692}
	}
	{"piece04"
		{box 13.9508 5.90551 10.8758}
		{bone "piece04"}
		{Position -0.027 	 0 	 -0.2936}
	}
	{"piece05"
		{box 10.7351 5.90551 16.4273}
		{bone "piece05"}
		{Position 0.0543 	 0 	 -0.1772}
	}
	{"piece06"
		{box 10.7351 5.90551 16.4273}
		{bone "piece06"}
		{Position 0.0543 	 0 	 -0.1772}
	}
	{"sub_piece01"
		{box 7.95193 5.90551 6.49299}
		{bone "sub_piece01"}
		{Position 0.1045 	 0 	 0.1633}
	}
	{"sub_piece02"
		{box 6.12299 5.90551 6.49299}
		{bone "sub_piece02"}
		{Position 0.1352 	 0 	 0.1632}
	}
	{"sub_piece03"
		{box 5.8364 5.90551 9.19045}
		{bone "sub_piece03"}
		{Position 0.8565 	 0 	 -0.1658}
	}
	{"sub_piece04"
		{box 4.60375 5.90551 10.5495}
		{bone "sub_piece04"}
		{matrix34
			0.9848 	 0 	 -0.1736
			0 	 1 	 0
			0.1736 	 0 	 0.9848
			0.459 	 0 	 -0.266
		}
	}
	{"sub_piece05"
		{box 5.8364 5.90551 9.19045}
		{bone "sub_piece05"}
		{Position 0.8565 	 0 	 -0.1658}
	}
	{"sub_piece06"
		{box 13.5369 1.9685 9.93619}
		{bone "sub_piece06"}
		{matrix34
			-1 	 0 	 0
			0 	 -0.6428 	 0.766
			0 	 0.766 	 0.6428
			0.0082 	 -0.1644 	 -0.0847
		}
	}
	{"sub_piece07"
		{box 17.6928 1.9685 14.449}
		{bone "sub_piece07"}
		{matrix34
			-1 	 0 	 0
			0 	 -0.6428 	 0.766
			0 	 0.766 	 0.6428
			-0.2207 	 -0.3748 	 -0.2593
		}
	}
	{"sub_piece08"
		{box 13.5881 1.9685 14.8824}
		{bone "sub_piece08"}
		{matrix34
			-1 	 0 	 0
			0 	 -0.6428 	 0.766
			0 	 0.766 	 0.6428
			-0.2411 	 -2.2025 	 -1.5663
		}
	}
	{"target_vol_001"
		{box 9.84252 11.811 15.6501}
		{bone "h_80a_g2_piece06_point"}
		{matrix34
			1 	 0 	 0
			0 	 1 	 0
			0 	 0 	 1
			25.6379 	 11.928 	 -17.3905
		}
	}
	{"vol_01"
		{box 14.2361 6.07148 31.4022}
		{bone "h_80a_g2_piece06"}
		{matrix34
			-1 	 0 	 0
			0 	 -1 	 0
			0 	 0 	 1
			20.9833 	 -12.0509 	 -30.9522
		}
	}
	{"vol_02"
		{box 33.1702 6.07148 21.5545}
		{bone "h_80a_g2_piece06"}
		{matrix34
			0 	 -1 	 0
			1 	 0 	 0
			0 	 0 	 1
			24.7799 	 7.7468 	 -35.8761
		}
	}
	{"vol_03"
		{polyhedron}
		{bone "h_80a_g2_piece06"}
		{matrix34
			0 	 -1 	 0
			1 	 0 	 0
			0 	 0 	 1
			24.7799 	 -8.3355 	 -25.343
		}
	}
}
