;Exported by:	 Цаприлов Олександр
;Date:			 01.09.2020 11:20:26
;File:			 E:\projects\gem2-mdl-soldiers\models\entourage\wine_furniture\wine_furniture.max
{skeleton
	{bone "bucket_wide01_x"
		{orientation
			1 	 0 	 0
			0 	 -1 	 0
			0 	 0 	 1
		}
		{bone "piece01"
			{matrix34
				0.9962 	 0 	 0.0872
				-0.0076 	 0.9962 	 0.0868
				-0.0868 	 -0.0872 	 0.9924
				0.7499 	 -5.6857 	 4.9853
			}
			{poly "piece01"}
		}
		{bone "piece02"
			{matrix34
				0.9962 	 -0.0076 	 -0.0868
				0 	 0.9962 	 -0.0872
				0.0872 	 0.0868 	 0.9924
				3.7474 	 2.9524 	 4.449
			}
			{poly "piece02"}
		}
		{bone "piece03"
			{matrix34
				0.9962 	 0 	 0.0872
				-0.0076 	 0.9962 	 0.0868
				-0.0868 	 -0.0872 	 0.9924
				-4.6684 	 0.9748 	 4.4315
			}
			{poly "piece03"}
		}
	}
}
{volume "piece01"
	{box 6.30321 1.89074 7.07593}
	{bone "piece01"}
	{matrix34
		0.9962 	 0.0872 	 0
		-0.0872 	 0.9962 	 0
		0 	 0 	 1
		0.0028 	 -0.1718 	 -0.5563
	}
}
{volume "piece02"
	{box 8.40428 2.66302 7.07593}
	{bone "piece02"}
	{matrix34
		0.6428 	 -0.766 	 0
		0.766 	 0.6428 	 0
		0 	 0 	 1
		0.5297 	 0.3123 	 0.0114
	}
}
{volume "piece03"
	{box 8.32024 2.17435 7.07593}
	{bone "piece03"}
	{matrix34
		0.2233 	 0.9747 	 0
		-0.9747 	 0.2233 	 0
		0 	 0 	 1
		-0.6666 	 0.2301 	 0.0114
	}
}
