;Exported by:	 tolokolnikova
;Date:			 27.06.2017 14:31:42
;File:			 D:\gem2\gem2-mdl-soldiers\models\building\house_D\D_003_x_fort.max
{skeleton
	{bone "d003_piece22_point"
		{orientation
			1 	 0 	 0
			0 	 -1 	 0
			0 	 0 	 1
		}
		{bone "piece01"
			{Position 24.7728 	 5.8595 	 18.099}
			{poly "piece01"}
		}
		{bone "piece02"
			{Position 24.7141 	 -4.4271 	 31.4204}
			{poly "piece02"}
		}
		{bone "piece03"
			{Position 24.8701 	 30.1695 	 14.976}
			{poly "piece03"}
		}
		{bone "piece04"
			{Position 16.4651 	 44.7744 	 9.5518}
			{poly "piece04"}
		}
		{bone "sub_piece01"
			{Position 16.023 	 26.2686 	 29.1168}
			{poly "sub_piece01"}
		}
	}
}
{volume "piece01"
	{box 5.90551 12.432 19.4865}
	{bone "piece01"}
	{matrix34
		1 	 0 	 0
		0 	 0.9659 	 -0.2588
		0 	 0.2588 	 0.9659
		0.1324 	 -0.195 	 0.0578
	}
}
{volume "piece02"
	{box 5.90551 23.4965 10.3279}
	{bone "piece02"}
	{matrix34
		1 	 0 	 0
		0 	 0.9563 	 0.2924
		0 	 -0.2924 	 0.9563
		0.1324 	 0.3765 	 0.3558
	}
}
{volume "piece03"
	{box 5.90551 24.6713 14.5623}
	{bone "piece03"}
	{matrix34
		1 	 0 	 0
		0 	 0.9511 	 -0.309
		0 	 0.309 	 0.9511
		0.1324 	 -0.9435 	 0.6451
	}
}
{volume "piece04"
	{box 5.90551 12.432 19.4865}
	{bone "piece04"}
	{matrix34
		0 	 1 	 0
		-0.9659 	 0 	 -0.2588
		-0.2588 	 0 	 0.9659
		0.9093 	 0.1291 	 0.0578
	}
}
{volume "sub_piece01"
	{box 0.984252 13.359 23.9071}
	{bone "sub_piece01"}
	{matrix34
		0 	 0.342 	 0.9397
		-1 	 0 	 0
		0 	 -0.9397 	 0.342
		0.6522 	 0.6689 	 -0.0599
	}
}
