;Exported by:	 Oleksandr Tsaprylov
;Date:			 19.07.2022 18:19:05
;File:			 E:\projects\gem2-mdl-soldiers\models\entourage\bridge_wood\bridge_wood_02.max
{skeleton
	{bone "bridge_wood_05_piece_001_x"
		{orientation
			1 	 0 	 0
			0 	 -1 	 0
			0 	 0 	 1
		}
		{bone "piece02"
			{matrix34
				0.2624 	 0.965 	 0.0035
				0.5255 	 -0.1399 	 -0.8392
				-0.8093 	 0.2221 	 -0.5438
				-4.8401 	 2.4299 	 9.1888
			}
			{poly "piece02"}
		}
		{bone "piece01"
			{matrix34
				0.3389 	 0.3422 	 -0.8764
				0.0725 	 -0.9382 	 -0.3383
				-0.938 	 0.0511 	 -0.3428
				0.1972 	 -10.0369 	 0.7953
			}
			{poly "piece01"}
		}
	}
}
{volume "piece01"
	{box 1.87913 1.78195 19.7701}
	{bone "piece01"}
	{matrix34
		0.3389 	 0.0725 	 -0.938
		0.7166 	 0.6262 	 0.3073
		0.6097 	 -0.7763 	 0.1603
		-1.1374 	 0.6511 	 2.839
	}
}
{volume "piece02"
	{box 2.84877 42.8177 2.0092}
	{bone "piece02"}
	{matrix34
		0.2624 	 0.5255 	 -0.8093
		0.9606 	 -0.2218 	 0.1674
		-0.0915 	 -0.8213 	 -0.563
		0.705 	 -0.7627 	 -2.7824
	}
}
