;Exported by:	 tolokolnikova
;Date:			 13.12.2017 16:36:26
;File:			 D:\gem2\gem2-mdl-soldiers\models\building\building_ua01\building_ua04_2v_x.max
{skeleton
	{bone "b_ua_04_piece04_point"
		{orientation
			1 	 0 	 0
			0 	 -1 	 0
			0 	 0 	 1
		}
		{bone "b_ua_04_piece04"
			{Position -77.0071 	 51.2194 	 -28.0468}
			{poly "b_ua_04_piece04"}
		}
		{bone "sub_piece03"
			{Position 1.5128 	 1.5513 	 23.6382}
			{poly "sub_piece03"}
		}
		{bone "sub_piece02"
			{matrix34
				0 	 0.7368 	 -0.6761
				-1 	 0 	 0
				0 	 0.6761 	 0.7368
				13.0166 	 6.8777 	 32.2942
			}
			{poly "sub_piece02"}
		}
		{bone "fort_wall"
			{matrix34
				-1 	 0 	 0
				0 	 -1 	 0
				0 	 0 	 1
				-0.0314 	 -0.7154 	 -18.3977
			}
		}
		{bone "sub_piece01"
			{matrix34
				0 	 0.7368 	 -0.6761
				-1 	 0 	 0
				0 	 0.6761 	 0.7368
				-10.9093 	 8.7346 	 34.7117
			}
			{poly "sub_piece01"}
		}
		{bone "piece01"
			{matrix34
				0 	 1 	 0
				-0.9659 	 0 	 -0.2588
				-0.2588 	 0 	 0.9659
				11.9983 	 8.3789 	 14.8379
			}
			{poly "piece01"}
		}
		{bone "piece02"
			{matrix34
				0 	 1 	 0
				-0.9659 	 0 	 -0.2588
				-0.2588 	 0 	 0.9659
				13.9184 	 8.3789 	 0.7052
			}
			{poly "piece02"}
		}
		{bone "piece03"
			{matrix34
				0 	 1 	 0
				-1 	 0 	 0
				0 	 0 	 1
				-22.8919 	 8.3453 	 10.3696
			}
			{poly "piece03"}
		}
		{bone "sub_piece04"
			{matrix34
				0 	 1 	 0
				-0.9063 	 0 	 0.4226
				0.4226 	 0 	 0.9063
				-4.2057 	 8.3114 	 19.6016
			}
			{poly "sub_piece04"}
		}
		{bone "sub_piece05"
			{matrix34
				0 	 1 	 0
				-0.9063 	 0 	 0.4226
				0.4226 	 0 	 0.9063
				-17.8524 	 8.3114 	 22.4116
			}
			{poly "sub_piece05"}
		}
		{bone revolute "attach1"
			{matrix34
				0 	 -1 	 0
				1 	 0 	 0
				0 	 0 	 1
				-5.715 	 21.5426 	 -20.3662
			}
		}
		{bone "debris_land_001"
			{parameters "commonmesh;land;ground;"}
			{matrix34
				0 	 1 	 0
				-1 	 0 	 0
				0 	 0 	 1
				7.9767 	 -4.6658 	 -28.2403
			}
			{poly "debris_land_001" {ground}}
		}
		{bone "stones_001"
			{parameters "commonmesh;land;ground;"}
			{matrix34
				0 	 1 	 0
				-1 	 0 	 0
				0 	 0 	 1
				7.9767 	 -4.6524 	 -28.2403
			}
			{poly "stones_001" {ground}}
		}
	}
}
{volume "piece01"
	{box 5.90551 21.9156 10.0727}
	{bone "piece01"}
	{Position 0 	 1.0477 	 0.8084}
}
{volume "piece02"
	{box 5.90551 15.7792 10.0727}
	{bone "piece02"}
	{matrix34
		1 	 0 	 0
		0 	 0.9397 	 -0.342
		0 	 0.342 	 0.9397
		0 	 -1.1624 	 0.6992
	}
}
{volume "piece03"
	{box 5.90551 13.7273 10.0727}
	{bone "piece03"}
	{Position 0 	 0.4157 	 -0.739}
}
{volume "sub_piece01"
	{box 2.95276 2.95276 27.3412}
	{bone "sub_piece01"}
	{matrix34
		0.9991 	 0 	 -0.0429
		0 	 1 	 0
		0.0429 	 0 	 0.9991
		0.1442 	 0.2023 	 -3.1791
	}
}
{volume "sub_piece02"
	{box 2.95276 2.95276 23.7869}
	{bone "sub_piece02"}
	{matrix34
		0.9991 	 0 	 -0.0429
		0 	 1 	 0
		0.0429 	 0 	 0.9991
		-0.1984 	 0.0287 	 -1.9179
	}
}
{volume "sub_piece03"
	{box 5.90551 19.6301 2.24822}
	{bone "sub_piece03"}
	{matrix34
		0 	 1 	 0
		-1 	 0 	 0
		0 	 0 	 1
		0.8092 	 0.7078 	 -0.1731
	}
}
{volume "sub_piece04"
	{box 5.90551 7.55004 5.2821}
	{bone "sub_piece04"}
	{Position 0 	 -0.6965 	 -0.2}
}
{volume "sub_piece05"
	{box 5.90551 8.09913 7.85668}
	{bone "sub_piece05"}
	{matrix34
		1 	 0 	 0
		0 	 0.9063 	 -0.4226
		0 	 0.4226 	 0.9063
		0.0339 	 0.2028 	 -0.8418
	}
}
{volume "target_vol_001"
	{box 9.84252 9.84252 15.6501}
	{bone "b_ua_04_piece04_point"}
	{matrix34
		0 	 -1 	 0
		1 	 0 	 0
		0 	 0 	 1
		-5.715 	 21.5426 	 -0.3168
	}
}
{volume "vol_01"
	{box 5.90551 58.1499 19.9666}
	{bone "b_ua_04_piece04"}
	{matrix34
		0 	 1 	 0
		-1 	 0 	 0
		0 	 0 	 1
		78.2882 	 -42.9276 	 9.7898
	}
}
{volume "vol_02"
	{box 5.90551 11.63 19.9666}
	{bone "b_ua_04_piece04"}
	{matrix34
		0 	 1 	 0
		-0.5736 	 0 	 0.8192
		0.8192 	 0 	 0.5736
		102.048 	 -42.9276 	 18.3505
	}
}
{volume "vol_03"
	{box 5.90551 10.6095 9.78362}
	{bone "b_ua_04_piece04"}
	{matrix34
		0 	 1 	 0
		-0.7071 	 0 	 -0.7071
		-0.7071 	 0 	 0.7071
		53.2009 	 -42.9276 	 20.5233
	}
}
{volume "vol_04"
	{box 5.90551 7.7449 5.96801}
	{bone "b_ua_04_piece04"}
	{matrix34
		0 	 1 	 0
		-0.7071 	 0 	 -0.7071
		-0.7071 	 0 	 0.7071
		47.0102 	 -42.9276 	 24.1814
	}
}
{volume "vol_05"
	{box 5.90551 3.06052 8.58563}
	{bone "b_ua_04_piece04"}
	{matrix34
		0 	 1 	 0
		-1 	 0 	 0
		0 	 0 	 1
		48.0651 	 -42.9276 	 6.7679
	}
}
