;Exported by:	 tolokolnikova
;Date:			 27.06.2017 14:25:18
;File:			 D:\gem2\gem2-mdl-soldiers\models\building\water_mill\water_mill_01_x_fort.max
{skeleton
	{bone "house_80_piers_piece05_point"
		{orientation
			1 	 0 	 0
			0 	 -1 	 0
			0 	 0 	 1
		}
		{bone "piece01"
			{matrix34
				0.9021 	 0 	 -0.4315
				0 	 1 	 0
				0.4315 	 0 	 0.9021
				-17.9822 	 6.5085 	 24.0048
			}
			{poly "piece01"}
		}
		{bone "piece02"
			{matrix34
				0.9021 	 0 	 -0.4315
				0 	 1 	 0
				0.4315 	 0 	 0.9021
				26.5511 	 6.5085 	 17.0105
			}
			{poly "piece02"}
		}
		{bone "piece03"
			{matrix34
				0.9634 	 0 	 -0.2682
				0 	 1 	 0
				0.2682 	 0 	 0.9634
				8.3389 	 6.5085 	 29.9472
			}
			{poly "piece03"}
		}
	}
}
{volume "piece01"
	{box 13.7474 17.7165 20.6682}
	{bone "piece01"}
	{matrix34
		0.5655 	 0 	 0.8247
		0 	 1 	 0
		-0.8247 	 0 	 0.5655
		-1.1705 	 0 	 2.6727
	}
}
{volume "piece02"
	{box 12.5869 17.7165 20.6682}
	{bone "piece02"}
	{matrix34
		0.9104 	 0 	 -0.4137
		0 	 1 	 0
		0.4137 	 0 	 0.9104
		-0.646 	 0 	 1.034
	}
}
{volume "piece03"
	{box 13.7474 17.7165 20.6682}
	{bone "piece03"}
	{matrix34
		0.9865 	 0 	 -0.164
		0 	 1 	 0
		0.164 	 0 	 0.9865
		-0.7494 	 0 	 1.6331
	}
}
