;Exported by:	 tolokolnikova
;Date:			 27.04.2016 18:17:48
;File:			 D:\gem2\gem2-mdl-soldiers\models\entourage\barricade_cobl_g2\Barricade_cob30.max
{skeleton
	{bone "03_x"
		{orientation
			1 	 0 	 0
			0 	 -1 	 0
			0 	 0 	 1
		}
		{bone "piece01"
			{matrix34
				0.8192 	 -0.5736 	 0
				0.5736 	 0.8192 	 0
				0 	 0 	 1
				27.4838 	 -15.1088 	 10.8683
			}
			{poly "piece01"}
		}
		{bone "piece02"
			{matrix34
				0.8192 	 -0.5736 	 0
				0.5736 	 0.8192 	 0
				0 	 0 	 1
				36.6998 	 5.7983 	 9.6089
			}
			{poly "piece02"}
		}
		{bone "piece03"
			{matrix34
				0.8192 	 -0.5736 	 0
				0.5736 	 0.8192 	 0
				0 	 0 	 1
				40.7671 	 -16.7097 	 1.4929
			}
			{poly "piece03"}
		}
		{bone "piece04"
			{matrix34
				0.5792 	 -0.4056 	 -0.7071
				0.5736 	 0.8192 	 0
				0.5792 	 -0.4056 	 0.7071
				32.934 	 -4.7404 	 8.4975
			}
			{poly "piece04"}
		}
		{bone "piece05"
			{matrix34
				0.8192 	 -0.5736 	 0
				0.5736 	 0.8192 	 0
				0 	 0 	 1
				13.7793 	 -23.551 	 11.5668
			}
			{poly "piece05"}
		}
		{bone "piece06"
			{matrix34
				0.8192 	 -0.5736 	 0
				0.5736 	 0.8192 	 0
				0 	 0 	 1
				25.1601 	 -7.4878 	 14.2599
			}
			{poly "piece06"}
		}
		{bone "piece07"
			{matrix34
				0.8192 	 -0.5736 	 0
				0.5736 	 0.8192 	 0
				0 	 0 	 1
				28.0616 	 4.1552 	 12.4471
			}
			{poly "piece07"}
		}
		{bone "fx_stone1"
			{matrix34
				0.8192 	 -0.5736 	 0
				0.5736 	 0.8192 	 0
				0 	 0 	 1
				31.8085 	 0.506 	 0
			}
		}
		{bone "fx_stone2"
			{matrix34
				0.8192 	 -0.5736 	 0
				0.5736 	 0.8192 	 0
				0 	 0 	 1
				25.9816 	 -7.8158 	 0
			}
		}
	}
}
{volume "piece01"
	{box 6.66016 6.26637 5.37953}
	{bone "piece01"}
	{Position 0 	 0 	 -0.9007}
}
{volume "piece02"
	{box 6.66016 6.26637 5.37953}
	{bone "piece02"}
	{Position 0 	 0 	 -0.642}
}
{volume "piece03"
	{box 6.66016 6.26637 5.37953}
	{bone "piece03"}
	{matrix34
		0.9397 	 -0.342 	 0
		0.342 	 0.9397 	 0
		0 	 0 	 1
		0 	 0 	 -0.4656
	}
}
{volume "piece04"
	{box 6.66016 6.26637 5.37953}
	{bone "piece04"}
	{matrix34
		0.7071 	 0 	 0.7071
		0 	 1 	 0
		-0.7071 	 0 	 0.7071
		0.1018 	 0.4016 	 0.7655
	}
}
{volume "piece05"
	{box 5.12832 4.69978 4.35742}
	{bone "piece05"}
	{matrix34
		0.9397 	 -0.342 	 0
		0.342 	 0.9397 	 0
		0 	 0 	 1
		0 	 0 	 -0.0376
	}
}
{volume "piece06"
	{box 6.66016 6.26637 5.37953}
	{bone "piece06"}
	{Position 0 	 0 	 0.3878}
}
{volume "piece07"
	{box 5.72773 10.2769 5.37953}
	{bone "piece07"}
	{Position 0 	 0 	 0.6437}
}
