;Exported by	: KobaA
;Date			: 26.03.2024 16:16:17
;File			: d:\git\gem2-mdl-soldiers\models\entourage\sandbags\sandbags_02-05_lod.max
{skeleton
	{bone "sandbag2_x"
		{orientation
			1 	 0 	 0
			0 	 -1 	 0
			0 	 0 	 1
		}
		{bone "piece01"
			{matrix34
				0.849 	 0.5276 	 -0.0287
				0.517 	 -0.8408 	 -0.1606
				-0.1089 	 0.1215 	 -0.9866
				19.516 	 1.6286 	 10.0544
			}
			{poly "piece01"}
		}
		{bone "piece02"
			{matrix34
				0.9536 	 0.2785 	 -0.1146
				0.2027 	 -0.875 	 -0.4397
				-0.2227 	 0.396 	 -0.8908
				24.26 	 3.0593 	 3.6992
			}
			{poly "piece01"}
		}
		{bone "piece03"
			{matrix34
				0.1736 	 -0.9848 	 0
				-0.9848 	 -0.1736 	 0
				0 	 0 	 -1
				7.5953 	 0.8129 	 3.2064
			}
			{poly "piece01"}
		}
		{bone "piece04"
			{matrix34
				-0.9682 	 0.2253 	 -0.1085
				0.2344 	 0.9688 	 -0.0802
				0.087 	 -0.103 	 -0.9909
				4.8492 	 -0.8756 	 8.3145
			}
			{poly "piece01"}
		}
		{bone "piece05"
			{matrix34
				0.9996 	 -0.0109 	 0.0273
				-0.0086 	 -0.9965 	 -0.0828
				0.0281 	 0.0826 	 -0.9962
				-8.1868 	 -0.2674 	 10.9188
			}
			{poly "piece01"}
		}
		{bone "piece06"
			{matrix34
				-0.8988 	 0.4118 	 -0.1504
				0.427 	 0.9001 	 -0.0868
				0.0996 	 -0.1422 	 -0.9848
				-20.9545 	 2.7131 	 8.3542
			}
			{poly "piece01"}
		}
		{bone "piece07"
			{matrix34
				0.5 	 0.866 	 0
				0.866 	 -0.5 	 0
				0 	 0 	 -1
				-9.4402 	 -1.0087 	 4.9529
			}
			{poly "piece01"}
		}
		{bone "piece08"
			{matrix34
				0.3013 	 0.9524 	 0.0474
				0.9479 	 -0.3045 	 0.0936
				0.1036 	 0.0167 	 -0.9945
				-26.2991 	 4.521 	 2.6832
			}
			{poly "piece01"}
		}
	}
}
{"volumes"
	{"piece01"
		{box 11.4392 7.48082 3.35371}
		{bone "piece01"}
		{matrix34
			-1 	 0 	 0
			0 	 1 	 0
			0 	 0 	 -1
			0.3988 	 -0.0029 	 0.3407
		}
	}
	{"piece02"
		{box 11.4392 7.48082 3.35371}
		{bone "piece02"}
		{matrix34
			-1 	 0 	 0
			0 	 1 	 0
			0 	 0 	 -1
			0.0913 	 -0.3221 	 0.2011
		}
	}
	{"piece03"
		{box 11.4392 7.48082 3.35371}
		{bone "piece03"}
		{matrix34
			-1 	 0 	 0
			0 	 1 	 0
			0 	 0 	 -1
			0.3367 	 0.0306 	 0.393
		}
	}
	{"piece04"
		{box 11.4392 7.48082 3.35371}
		{bone "piece04"}
		{matrix34
			-1 	 0 	 0
			0 	 1 	 0
			0 	 0 	 -1
			0.3367 	 0.0306 	 0.4672
		}
	}
	{"piece05"
		{box 11.4392 7.48082 3.35371}
		{bone "piece05"}
		{matrix34
			-1 	 0 	 0
			0 	 1 	 0
			0 	 0 	 -1
			0.3367 	 0.0306 	 0.3623
		}
	}
	{"piece06"
		{box 11.4392 7.48082 3.35371}
		{bone "piece06"}
		{matrix34
			-1 	 0 	 0
			0 	 1 	 0
			0 	 0 	 -1
			0.3367 	 0.0306 	 0.3951
		}
	}
	{"piece07"
		{box 11.4392 7.48082 3.35371}
		{bone "piece07"}
		{matrix34
			-1 	 0 	 0
			0 	 1 	 0
			0 	 0 	 -1
			0.3367 	 0.0305 	 0.0606
		}
	}
	{"piece08"
		{box 11.4392 7.48082 3.35371}
		{bone "piece08"}
		{matrix34
			-1 	 0 	 0
			0 	 1 	 0
			0 	 0 	 -1
			0.3367 	 0.0306 	 0.086
		}
	}
}
