;Exported by	: Inna
;Date			: 27.11.2023 19:25:25
;File			: F:\GIT\gem2-mdl-soldiers\models\entourage\table\table_1.max
{skeleton
	{bone "table02"
		{orientation
			1 	 0 	 0
			0 	 -1 	 0
			0 	 0 	 1
		}
		{bone "body"
			{matrix34
				-0.5736 	 0.8192 	 0
				-0.8192 	 -0.5736 	 0
				0 	 0 	 1
				0.1914 	 0.0345 	 14.3976
			}
			{poly "body"}
		}
		{bone "detail01"
			{matrix34
				0 	 1 	 0
				-1 	 0 	 0
				0 	 0 	 1
				0.1544 	 0.0313 	 12.2499
			}
			{poly "detail01"}
		}
	}
}
{obstacle "obstacle01"
	{circle2
		{radius 15.2692}
		{center 0.314911 -0.0309906}
	}
	{rotate}
}
{"volumes"
	{"body01"
		{box 1.34047 1.48176 14.682}
		{bone "body"}
		{Position 0.0128 	 -12.8141 	 -7.2867}
	}
	{"body02"
		{box 8.63979 7.5619 1.19837}
		{bone "body"}
		{matrix34
			0.766 	 -0.6428 	 0
			-0.6428 	 -0.766 	 0
			0 	 0 	 -1
			-6.6062 	 -8.5214 	 2.8348
		}
	}
	{"body03"
		{box 8.63979 7.5619 1.19837}
		{bone "body"}
		{matrix34
			-0.766 	 0.6428 	 0
			0.6428 	 0.766 	 0
			0 	 0 	 -1
			6.0413 	 9.0312 	 2.8348
		}
	}
	{"body04"
		{box 1.47452 1.37803 14.682}
		{bone "body"}
		{Position 12.7837 	 -0.0138 	 -7.2867}
	}
	{"body05"
		{box 0.630622 0.641949 8.21599}
		{bone "body"}
		{matrix34
			0.766 	 -0.6428 	 0
			-0.6428 	 -0.766 	 0
			0 	 0 	 -1
			-1.8371 	 -8.7508 	 7.3881
		}
	}
	{"body06"
		{box 0.630622 0.641949 8.21599}
		{bone "body"}
		{matrix34
			-0.766 	 0.6428 	 0
			0.6428 	 0.766 	 0
			0 	 0 	 -1
			1.2722 	 9.2606 	 7.3881
		}
	}
	{"body07"
		{box 1.47452 1.37803 14.682}
		{bone "body"}
		{matrix34
			0 	 1 	 0
			-1 	 0 	 0
			0 	 0 	 1
			-0.0047 	 12.7748 	 -7.2867
		}
	}
	{"body08"
		{box 0.813502 0.995021 8.21599}
		{bone "body"}
		{matrix34
			0.763 	 -0.6403 	 0.0887
			-0.6223 	 -0.7647 	 -0.1672
			0.1749 	 0.0724 	 -0.9819
			-12.2067 	 -9.8921 	 7.5313
		}
	}
	{"body09"
		{box 0.813502 0.995021 8.21599}
		{bone "body"}
		{matrix34
			-0.763 	 0.6403 	 0.0887
			0.6223 	 0.7647 	 -0.1672
			-0.1749 	 -0.0724 	 -0.9819
			11.6373 	 10.4056 	 7.4
		}
	}
	{"body10"
		{box 1.29758 1.46281 14.682}
		{bone "body"}
		{matrix34
			0 	 1 	 0
			-1 	 0 	 0
			0 	 0 	 1
			-12.789 	 -0.0345 	 -7.2867
		}
	}
	{"body11"
		{box 0.813502 0.995021 8.21599}
		{bone "body"}
		{matrix34
			0.7619 	 -0.6393 	 -0.1041
			-0.6471 	 -0.7439 	 -0.167
			0.0293 	 0.1946 	 -0.9804
			-7.0728 	 -14.1999 	 7.2519
		}
	}
	{"body12"
		{box 0.813502 0.995021 8.21599}
		{bone "body"}
		{matrix34
			-0.7619 	 0.6393 	 -0.1041
			0.6471 	 0.7439 	 -0.167
			-0.0293 	 -0.1946 	 -0.9804
			6.5017 	 14.7149 	 7.406
		}
	}
	{"body13"
		{cylinder 13.8346 2.31007}
		{bone "body"}
		{matrix34
			0.8192 	 -0.5736 	 0
			0.5736 	 0.8192 	 0
			0 	 0 	 1
			0.0002 	 -0.0224 	 1.2012
		}
	}
	{"body14"
		{box 0.630622 0.641949 8.21599}
		{bone "body"}
		{matrix34
			0.766 	 -0.6428 	 0
			-0.6428 	 -0.766 	 0
			0 	 0 	 -1
			-7.762 	 -3.7792 	 7.3881
		}
	}
	{"body15"
		{box 0.630622 0.641949 8.21599}
		{bone "body"}
		{matrix34
			-0.766 	 0.6428 	 0
			0.6428 	 0.766 	 0
			0 	 0 	 -1
			7.1971 	 4.289 	 7.3881
		}
	}
	{"body16"
		{box 7.5816 2.78958 1.16242}
		{bone "body"}
		{matrix34
			0.766 	 -0.6428 	 0
			-0.1103 	 -0.1315 	 -0.9852
			0.6332 	 0.7547 	 -0.1717
			-9.9692 	 -12.3195 	 -5.8337
		}
	}
	{"body17"
		{box 7.5816 2.78958 1.16242}
		{bone "body"}
		{matrix34
			-0.766 	 0.6428 	 0
			0.1103 	 0.1315 	 -0.9852
			-0.6332 	 -0.7547 	 -0.1717
			9.4043 	 12.8293 	 -5.8337
		}
	}
}
