;Exported by: sana
;Date:        Fri Jun 23 11:59:50 2006
;File:        D:\-Project-\-3DWork-\Entourage\catholic_church\Catholic_church03_x01.max
{Skeleton
	{bone "catholic_cut17"
		{Orientation
			1	0	0
			0	-1	0
			0	0	1
		}
		{bone "piece01"
			{Position 21.8222	15.2542	97.5013}
			{poly "piece01"}
			{bone "sub_piece01"
				{Position 14.4669	0	-10.1435}
				{poly "sub_piece01"}
			}
		}
		{bone "piece02"
			{Position 25.3974	15.2542	56.4286}
			{poly "piece02"}
			{bone "sub_piece02"
				{Position -8.31433	0	-11.0581}
				{poly "sub_piece02"}
			}
		}
		{bone "piece03"
			{Position 27.8086	12.6524	26.7464}
			{poly "piece03"}
		}
		{bone "piece04"
			{Position -0.377037	12.6524	18.0164}
			{poly "piece04"}
			{bone "sub_piece04"
				{Position 14.9658	0	-0.332565}
				{poly "sub_piece04"}
			}
		}
		{bone "piece05"
			{Position -18.1696	12.6524	33.3147}
			{poly "piece05"}
		}
		{bone "piece06"
			{Position 0.537537	12.6524	88.3556}
			{poly "piece06"}
		}
		{bone "piece07"
			{Position 30.1332	-11.6166	74.8977}
			{poly "piece07"}
			{bone "sub_piece07"
				{Position 0	6.84374	-5.88222}
				{poly "sub_piece07"}
			}
		}
		{bone "piece08"
			{Position 30.1332	1.28784	48.6072}
			{poly "piece08"}
		}
		{bone "piece09"
			{Position 30.1332	0.178284	27.6176}
			{poly "piece09"}
			{bone "sub_piece09"
				{Position 0	-6.80273	-5.69801}
				{poly "sub_piece09"}
			}
		}
		{bone "piece10"
			{Position -23.2782	-18.0196	45.0277}
			{poly "piece10"}
			{bone "sub_piece10"
				{Position 2.23407	0	-9.34779}
				{poly "sub_piece10"}
			}
		}
		{bone "piece11"
			{Position -25.9238	-18.0196	21.0997}
			{poly "piece11"}
		}
		{bone "exterior"
			{Position 32.132	-4.19272	97.069}
		}
	}
}
{Volume "piece01"
	{Box 19.5985 7.87402 16.7617}
	{Bone "piece01"}
	{Matrix34
		0.602939	0	-0.797788
		0	1	0
		0.797788	0	0.602939
		0.753942	0	-1.78843
	}
}
{Volume "piece02"
	{Box 16.3476 7.87402 25.6347}
	{Bone "piece02"}
	{Position 1.4478	0	0.555604}
}
{Volume "piece03"
	{Box 14.6332 7.87402 19.1229}
	{Bone "piece03"}
	{Position 0	0	0}
}
{Volume "piece04"
	{Box 18.4578 7.87402 15.6309}
	{Bone "piece04"}
	{Position 0	0	0}
}
{Volume "piece05"
	{Box 16.1298 7.87402 15.2185}
	{Bone "piece05"}
	{Matrix34
		0.991959	0	0.126557
		0	1	0
		-0.126557	0	0.991959
		0.107336	0	0.547461
	}
}
{Volume "piece06"
	{Box 17.8791 7.87402 11.1745}
	{Bone "piece06"}
	{Matrix34
		0.9507	0	-0.310112
		0	1	0
		0.310112	0	0.9507
		0.463022	0	0.0026159
	}
}
{Volume "piece07"
	{Box 7.87402 19.7344 11.0184}
	{Bone "piece07"}
	{Position 0	0	0}
}
{Volume "piece08"
	{Box 7.87402 9.53545 18.2569}
	{Bone "piece08"}
	{Position 0	0	0}
}
{Volume "piece09"
	{Box 7.87402 9.53545 12.3263}
	{Bone "piece09"}
	{Position -1.81837e-005	0	0}
}
{Volume "piece10"
	{Box 12.9341 3.93701 11.5231}
	{Bone "piece10"}
	{Position 0	0	0}
}
{Volume "piece11"
	{Box 12.111 3.93701 16.8143}
	{Bone "piece11"}
	{Position 0	0	0}
}
{Volume "sub_piece01"
	{Box 14.5334 7.87402 9.31205}
	{Bone "sub_piece01"}
	{Matrix34
		0.606377	0	-0.795178
		0	1	0
		0.795178	0	0.606377
		-1.58673	0	-1.20997
	}
}
{Volume "sub_piece02"
	{Box 13.7935 7.87402 17.5349}
	{Bone "sub_piece02"}
	{Matrix34
		0.763725	0	0.645542
		0	1	0
		-0.645542	0	0.763725
		-0.807948	0	-0.928118
	}
}
{Volume "sub_piece04"
	{Box 11.1412 7.87402 10.9749}
	{Bone "sub_piece04"}
	{Position 0	0	0}
}
{Volume "sub_piece07"
	{Box 7.87402 11.1635 10.6983}
	{Bone "sub_piece07"}
	{Position 1.49797e-005	0	-1.22814e-005}
}
{Volume "sub_piece09"
	{Box 7.87402 10.582 8.60515}
	{Bone "sub_piece09"}
	{Position 0	0	0}
}
{Volume "sub_piece10"
	{Box 7.9956 3.93701 6.70219}
	{Bone "sub_piece10"}
	{Position 0	0	0}
}
