;Exported by:	 tolokolnikova
;Date:			 07.03.2018 10:06:28
;File:			 D:\gem2\gem2-mdl-soldiers\models\entourage\shaft_g\shaft_wood_ua.max
{skeleton
	{bone "heron_x"
		{orientation
			1 	 0 	 0
			0 	 -1 	 0
			0 	 0 	 1
		}
		{bone "piece02"
			{matrix34
				-0.342 	 0.9397 	 0
				-0.9397 	 -0.342 	 0
				0 	 0 	 1
				-33.7714 	 9.9909 	 -3.2031
			}
			{poly "piece02"}
		}
		{bone "body"
			{matrix34
				0.766 	 -0.6428 	 0
				0 	 0 	 1
				-0.6428 	 -0.766 	 0
				0.6395 	 9.9366 	 49.2173
			}
			{poly "body"}
		}
		{bone "piece01"
			{matrix34
				0.9994 	 0.0323 	 0.0112
				-0.032 	 0.999 	 -0.0296
				-0.0121 	 0.0293 	 0.9995
				65.8785 	 7.2461 	 57.9802
			}
			{poly "piece01"}
		}
		{bone "piece03"
			{matrix34
				-0.342 	 0.9397 	 0
				-0.9397 	 -0.342 	 0
				0 	 0 	 1
				-33.5732 	 9.9909 	 -3.2775
			}
			{poly "piece03"}
		}
		{bone "piece04"
			{matrix34
				-0.342 	 0.9397 	 0
				-0.9397 	 -0.342 	 0
				0 	 0 	 1
				-33.5732 	 9.9909 	 -3.2775
			}
			{poly "piece04"}
		}
		{bone "piece05"
			{matrix34
				0.766 	 -0.6428 	 0
				0 	 0 	 1
				-0.6428 	 -0.766 	 0
				0.6395 	 9.9366 	 49.2173
			}
			{poly "piece05"}
		}
		{bone "piece06"
			{matrix34
				0.766 	 -0.6428 	 0
				0 	 0 	 1
				-0.6428 	 -0.766 	 0
				0.6395 	 9.9366 	 49.2173
			}
			{poly "piece06"}
		}
	}
}
{volume "body_vol008"
	{box 2.46676 2.92455 10.5546}
	{bone "body"}
	{matrix34
		0.766 	 0 	 -0.6428
		-0.6428 	 0 	 -0.766
		0 	 1 	 0
		-17.8993 	 -43.9862 	 32.8978
	}
}
{volume "body_vol009"
	{box 2.46676 2.92455 10.5546}
	{bone "body"}
	{matrix34
		0.766 	 0 	 -0.6428
		-0.6428 	 0 	 -0.766
		0 	 1 	 0
		-26.1546 	 -43.9862 	 22.047
	}
}
{volume "body_vol011"
	{box 6.11677 7.31138 19.601}
	{bone "body"}
	{matrix34
		0.766 	 0 	 -0.6428
		-0.6428 	 0 	 -0.766
		0 	 1 	 0
		6.131 	 -39.463 	 5.7322
	}
}
{volume "piece01"
	{box 2.69138 2.6321 50.3825}
	{bone "piece01"}
	{matrix34
		0.9994 	 -0.032 	 -0.0121
		0.0323 	 0.999 	 0.0293
		0.0112 	 -0.0296 	 0.9995
		0.1869 	 0.7606 	 13.3762
	}
}
{volume "piece02"
	{box 3.55213 4.00664 18.1818}
	{bone "piece02"}
	{matrix34
		-0.1925 	 -0.6167 	 -0.7633
		0.9547 	 -0.2975 	 -0.0004
		-0.2268 	 -0.7288 	 0.646
		-5.0388 	 5.8118 	 26.8318
	}
}
{volume "piece03"
	{box 3.55213 4.00664 27.1195}
	{bone "piece03"}
	{matrix34
		-0.1925 	 -0.6167 	 -0.7633
		0.9547 	 -0.2975 	 -0.0004
		-0.2268 	 -0.7288 	 0.646
		-11.6542 	 -15.4698 	 41.6954
	}
}
{volume "piece04"
	{box 3.55213 4.00664 33.7854}
	{bone "piece04"}
	{matrix34
		-0.1763 	 -0.5722 	 -0.8009
		0.9547 	 -0.2976 	 0.0024
		-0.2397 	 -0.7642 	 0.5987
		-23.8363 	 -54.509 	 76.8372
	}
}
{volume "piece05"
	{box 4.09823 3.23455 19.9687}
	{bone "piece05"}
	{matrix34
		0.766 	 0 	 -0.6428
		-0.5877 	 -0.405 	 -0.7004
		-0.2603 	 0.9143 	 -0.3102
		1.7193 	 1.8592 	 1.2729
	}
}
{volume "piece06"
	{box 6.11677 7.31138 13.3287}
	{bone "piece06"}
	{matrix34
		0.766 	 0 	 -0.6428
		-0.6428 	 0 	 -0.766
		0 	 1 	 0
		6.131 	 -16.3793 	 5.7322
	}
}
