;Exported by:	 vic
;Date:			 23.01.2017 11:55:59
;File:			 E:\Git\gem2-mdl-soldiers\models\entourage\stack\stog02a.max
{skeleton
	{bone "basis003"
		{orientation
			1 	 0 	 0
			0 	 -1 	 0
			0 	 0 	 1
		}
		{bone "fx_hayfall3"
			{parameters "lastpose=undefined;"}
			{Position -9.0085 	 12.9109 	 40.6662}
		}
		{bone "fx_hayfall1"
			{parameters "lastpose=undefined;"}
			{Position 12.9051 	 -1.253 	 39.1475}
		}
		{bone "fx_hayfall2"
			{parameters "lastpose=undefined;"}
			{Position -6.1826 	 -13.6379 	 49.3774}
		}
		{bone "fx_haulm1"
			{parameters "lastpose=undefined;"}
			{Position 0.1329 	 -0.173 	 24.4785}
		}
		{bone "fx_dust1"
			{parameters "lastpose=undefined;"}
			{Position 0.2296 	 -0.173 	 0}
		}
		{bone "piece03"
			{matrix34
				0.0512 	 0.9659 	 0.2537
				-0.9802 	 0 	 0.1978
				0.1911 	 -0.2588 	 0.9468
				-11.8744 	 15.4226 	 23.8233
			}
			{poly "piece03"}
		}
		{bone "piece02"
			{matrix34
				0.8625 	 -0.4021 	 0.3072
				0.3722 	 0.9154 	 0.1533
				-0.3428 	 -0.0179 	 0.9392
				15.5716 	 -3.2758 	 35.8798
			}
			{poly "piece02"}
		}
		{bone "piece01"
			{matrix34
				-0.7532 	 -0.5817 	 0.3072
				0.6424 	 -0.7509 	 0.1533
				0.1415 	 0.3128 	 0.9392
				-10.4449 	 -18.888 	 30.1221
			}
			{poly "piece01"}
		}
		{bone "piece00"
			{Position 0.1996 	 -2.3656 	 74.3645}
			{poly "piece00"}
		}
	}
}
{volume "piece00_volume003"
	{cylinder 1.13528 30.8104}
	{bone "piece00"}
	{matrix34
		0 	 1 	 0
		-1 	 0 	 0
		0 	 0 	 1
		-0.5589 	 -0.3284 	 4.2652
	}
}
{volume "piece01_volume003"
	{cylinder 1.13528 30.8104}
	{bone "piece01"}
	{Position 0 	 0 	 0.0286}
}
{volume "piece02_volume003"
	{cylinder 1.13528 42.5183}
	{bone "piece02"}
	{Position 0 	 0 	 0.1517}
}
{volume "piece03_volume003"
	{cylinder 1.13528 30.6132}
	{bone "piece03"}
	{Position 0 	 0 	 0.0992}
}
