;Exported by:	 Oleksandr Tsaprylov
;Date:			 17.11.2022 21:15:37
;File:			 E:\projects\gem2-mdl-soldiers\models\entourage\barrack\barrack_final.max
{skeleton
	{bone "barrack_5_l_piece_x"
		{orientation
			1 	 0 	 0
			0 	 -1 	 0
			0 	 0 	 1
		}
		{bone "body"
			{orientation
				-1 	 0 	 0
				0 	 -1 	 0
				0 	 0 	 1
			}
			{poly "body"}
		}
		{bone "piece01"
			{matrix34
				-0.0263 	 -0.0381 	 -0.9989
				-0.1428 	 0.9892 	 -0.0339
				0.9894 	 0.1417 	 -0.0314
				33.0518 	 -20.9176 	 35.2036
			}
			{poly "piece01"}
		}
		{bone "piece02"
			{matrix34
				-0.0738 	 -0.3666 	 0.9275
				-0.432 	 -0.8265 	 -0.361
				0.8989 	 -0.4273 	 -0.0973
				33.0518 	 4.9412 	 15.7815
			}
			{poly "piece02"}
		}
		{bone "piece03"
			{matrix34
				-0.3939 	 -0.9145 	 0.0922
				-0.2479 	 0.0091 	 -0.9687
				0.8851 	 -0.4044 	 -0.2303
				32.7655 	 12.8654 	 48.4731
			}
			{poly "piece03"}
		}
		{bone "piece04"
			{matrix34
				1 	 0 	 0
				0 	 0.5736 	 0.8192
				0 	 -0.8192 	 0.5736
				-2.4855 	 -39.2691 	 27.2696
			}
			{poly "piece04"}
		}
		{bone "piece05"
			{Position -4.8862 	 -19.1662 	 61.1839}
			{poly "piece05"}
		}
		{bone "piece06"
			{matrix34
				1 	 0 	 0
				0 	 0.5736 	 -0.8192
				0 	 0.8192 	 0.5736
				-10.2567 	 19.7862 	 78.2618
			}
			{poly "piece06"}
		}
		{bone "piece07"
			{matrix34
				-1 	 0 	 0
				0 	 -0.342 	 -0.9397
				0 	 -0.9397 	 0.342
				18.1547 	 -15.1181 	 66.5545
			}
			{poly "piece07"}
		}
		{bone "piece08"
			{matrix34
				1 	 0 	 0
				0 	 0.866 	 0.5
				0 	 -0.5 	 0.866
				-29.6171 	 -15.601 	 62.2582
			}
			{poly "piece08"}
		}
		{bone "piece09"
			{matrix34
				1 	 0 	 0
				0 	 0.9063 	 0.4226
				0 	 -0.4226 	 0.9063
				31.4961 	 -13.8111 	 57.9421
			}
			{poly "piece09"}
		}
		{bone "piece10"
			{matrix34
				0.0984 	 -0.1744 	 0.9798
				-0.1752 	 -0.9722 	 -0.1554
				0.9796 	 -0.1564 	 -0.1262
				32.7655 	 30.471 	 71.3993
			}
			{poly "piece10"}
		}
		{bone "ground1"
			{parameters "land;ground;"}
			{Position 132.315 	 39.3701 	 0}
			{visibility 0}
			{poly "ground1" {ground}}
		}
	}
}
{volume "piece01"
	{box 1.2 23.2768 21.1525}
	{bone "piece01"}
	{matrix34
		0.0263 	 0.1428 	 -0.9894
		-0.125 	 0.9824 	 0.1385
		0.9918 	 0.12 	 0.0437
		-0.8877 	 -0.1074 	 -0.0391
	}
}
{volume "piece02"
	{box 1.2 19.237 17.9563}
	{bone "piece02"}
	{matrix34
		0.0738 	 0.432 	 -0.8989
		0.3666 	 0.8265 	 0.4273
		0.9275 	 -0.361 	 -0.0973
		-0.9576 	 0.3728 	 0.1005
	}
}
{volume "piece03"
	{box 0.944883 23.7494 15.8905}
	{bone "piece03"}
	{matrix34
		0.3939 	 0.2479 	 -0.8851
		0.1476 	 0.9334 	 0.3271
		0.9072 	 -0.2595 	 0.3311
		-0.1586 	 -0.5406 	 -0.222
	}
}
{volume "piece04"
	{box 1.86427 48.7058 22.2241}
	{bone "piece04"}
	{matrix34
		0 	 0.2107 	 -0.9776
		-1 	 0 	 0
		0 	 0.9776 	 0.2107
		0 	 -0.3872 	 0.8988
	}
}
{volume "piece05"
	{box 2.38295 27.5493 38.9684}
	{bone "piece05"}
	{matrix34
		0 	 0.7157 	 -0.6984
		-1 	 0 	 0
		0 	 0.6984 	 0.7157
		0 	 -3.3042 	 -1.1054
	}
}
{volume "piece06"
	{box 1.6063 27.5493 28.4441}
	{bone "piece06"}
	{matrix34
		0 	 0.9436 	 -0.331
		-1 	 0 	 0
		0 	 0.331 	 0.9436
		0 	 -1.129 	 0.2945
	}
}
{volume "piece07"
	{box 1.57989 17.2569 28.0572}
	{bone "piece07"}
	{matrix34
		0 	 0.502 	 -0.8649
		-1 	 0 	 0
		0 	 0.8649 	 0.502
		-1.3999 	 -0.1985 	 0.2871
	}
}
{volume "piece08_1"
	{box 3.60628 2.9846 24.9202}
	{bone "piece08"}
	{matrix34
		1 	 0 	 0
		0 	 0.2868 	 -0.958
		0 	 0.958 	 0.2868
		0 	 -11.9093 	 -0.6222
	}
}
{volume "piece08_2"
	{box 3.60628 2.9846 24.1075}
	{bone "piece08"}
	{matrix34
		1 	 0 	 0
		0 	 0.0711 	 -0.9975
		0 	 0.9975 	 0.0711
		0 	 11.4906 	 3.6412
	}
}
{volume "piece09_1"
	{box 3.60628 2.9846 24.9202}
	{bone "piece09"}
	{matrix34
		1 	 0 	 0
		0 	 0.2282 	 -0.9736
		0 	 0.9736 	 0.2282
		0.0566 	 2.9817 	 9.1807
	}
}
{volume "piece09_2"
	{box 3.60628 2.9846 24.1075}
	{bone "piece09"}
	{matrix34
		1 	 0 	 0
		0 	 -0.0496 	 -0.9988
		0 	 0.9988 	 -0.0496
		0.0566 	 26.664 	 11.4882
	}
}
{volume "piece09_3"
	{box 3.60628 2.9846 20.1853}
	{bone "piece09"}
	{matrix34
		1 	 0 	 0
		0 	 0.4519 	 -0.8921
		0 	 0.8921 	 0.4519
		0.0566 	 -16.9824 	 2.15
	}
}
{volume "piece09_4"
	{box 3.60628 2.9846 17.3594}
	{bone "piece09"}
	{matrix34
		1 	 0 	 0
		0 	 0.6159 	 -0.7878
		0 	 0.7878 	 0.6159
		0.0566 	 -32.1301 	 -7.2862
	}
}
{volume "piece10"
	{box 0.944883 15.6746 11.6001}
	{bone "piece10"}
	{matrix34
		-0.0984 	 0.1752 	 -0.9796
		0.1744 	 0.9722 	 0.1564
		0.9798 	 -0.1554 	 -0.1262
		0.9603 	 0.5882 	 0.0088
	}
}
