;Exported by	: joomb
;Date			: 13.04.2023 16:06:27
;File			: H:\git\gem2-mdl-soldiers\models\building\building_ua01\building_06_v2a.max
{skeleton
	{bone "b_ua_06_piece12"
		{orientation
			1 	 0 	 0
			0 	 -1 	 0
			0 	 0 	 1
		}
		{poly "b_ua_06_piece12"}
		{bone "fix03"
			{Position -12.4402 	 67.6347 	 -47.4015}
		}
		{bone "fix04"
			{Position -12.4402 	 -69.3601 	 -47.4015}
		}
	}
}
{"volumes"
	{"roof01"
		{polyhedron}
		{bone "b_ua_06_piece12"}
		{matrix34
			1 	 0 	 0
			0 	 0.7614 	 -0.6483
			0 	 0.6483 	 0.7614
			-13.9541 	 -58.1656 	 -26.9889
		}
	}
	{"roof02"
		{polyhedron}
		{bone "b_ua_06_piece12"}
		{matrix34
			0 	 1 	 0
			-0.8266 	 0 	 -0.5627
			-0.5627 	 0 	 0.8266
			39.9816 	 -12.6083 	 -42.9748
		}
	}
	{"roof03"
		{polyhedron}
		{bone "b_ua_06_piece12"}
		{matrix34
			0 	 1 	 0
			-0.8347 	 0 	 -0.5507
			-0.5507 	 0 	 0.8347
			36.597 	 17.2365 	 -39.5836
		}
	}
	{"roof04"
		{polyhedron}
		{bone "b_ua_06_piece12"}
		{matrix34
			-1 	 0 	 0
			0 	 -0.815 	 -0.5795
			0 	 -0.5795 	 0.815
			-7.1088 	 64.9618 	 -46.0534
		}
	}
	{"roof05"
		{polyhedron}
		{bone "b_ua_06_piece12"}
		{matrix34
			1 	 0 	 0
			0 	 0.815 	 -0.5795
			0 	 0.5795 	 0.815
			-19.4769 	 -19.6935 	 20.813
		}
	}
	{"roof06"
		{box 30.1014 4.37008 26.7121}
		{bone "b_ua_06_piece12"}
		{matrix34
			0 	 1 	 0
			-0.815 	 0 	 -0.5795
			-0.5795 	 0 	 0.815
			-2.2646 	 -1.1143 	 24.7516
		}
	}
	{"roof07"
		{polyhedron}
		{bone "b_ua_06_piece12"}
		{matrix34
			-1 	 0 	 0
			0 	 -0.815 	 -0.5795
			0 	 -0.5795 	 0.815
			-19.4769 	 15.9393 	 18.4891
		}
	}
}
