;Exported by	: Oleksandr Tsaprylov
;Date			: 12.03.2023 21:00:29
;File			: E:\projects\gem2-mdl-soldiers\models\entourage\ruins_stone_wall\ruins_stone_wall.max
{skeleton
	{bone "ruins_stone_wall_19_x"
		{orientation
			1 	 0 	 0
			0 	 -1 	 0
			0 	 0 	 1
		}
		{bone "body"
			{Position 0 	 23.1924 	 0}
			{poly "body"}
		}
		{bone "piece01"
			{matrix34
				0.2113 	 0.6088 	 0.7646
				-0.8179 	 0.5385 	 -0.2027
				-0.5352 	 -0.5825 	 0.6118
				-4.1773 	 22.718 	 43.3771
			}
			{poly "piece01"}
		}
		{bone "piece02"
			{matrix34
				0.6909 	 -0.6818 	 -0.2402
				0.5607 	 0.7152 	 -0.4172
				0.4563 	 0.1535 	 0.8765
				6.4808 	 -30.7431 	 19.8042
			}
			{poly "piece02"}
		}
		{bone "piece03"
			{matrix34
				0.513 	 -0.8374 	 -0.1886
				0.6935 	 0.5338 	 -0.4839
				0.5059 	 0.1175 	 0.8546
				3.996 	 -3.8673 	 19.4008
			}
			{poly "piece03"}
		}
		{bone "piece04"
			{matrix34
				0.8808 	 0.2647 	 0.3926
				-0.2572 	 0.9636 	 -0.0725
				-0.3975 	 -0.0371 	 0.9168
				-3.0422 	 -27.5012 	 50.1622
			}
			{poly "piece04"}
		}
		{bone "piece05"
			{matrix34
				-0.7768 	 0.2848 	 -0.5617
				0.3799 	 0.9233 	 -0.0572
				0.5023 	 -0.2578 	 -0.8254
				6.0415 	 26.2968 	 17.1411
			}
			{poly "piece05"}
		}
		{bone "piece06"
			{matrix34
				-0.5971 	 -0.4972 	 0.6294
				-0.4441 	 0.8584 	 0.2568
				-0.668 	 -0.1262 	 -0.7334
				-2.5191 	 -11.0145 	 41.8482
			}
			{poly "piece06"}
		}
	}
}
{"volumes"
	{"piece01"
		{box 6.58998 27.7595 26.0132}
		{bone "piece01"}
		{matrix34
			0.2772 	 -0.8324 	 -0.4798
			0.6088 	 0.5385 	 -0.5825
			0.7433 	 -0.1307 	 0.6561
			0.8976 	 -3.9371 	 -2.7011
		}
	}
	{"piece02"
		{box 5.73572 21.0299 15.5768}
		{bone "piece02"}
		{matrix34
			0.679 	 0.5377 	 0.4998
			-0.2873 	 0.8212 	 -0.493
			-0.6756 	 0.1912 	 0.7121
			-4.5157 	 -3.6116 	 -1.6509
		}
	}
	{"piece03"
		{box 5.8608 9.67377 10.1249}
		{bone "piece03"}
		{matrix34
			0.513 	 0.6935 	 0.5059
			-0.8374 	 0.5338 	 0.1175
			-0.1886 	 -0.4839 	 0.8546
			-1.3491 	 -1.7601 	 -1.6196
		}
	}
	{"piece04"
		{box 5.8608 9.67377 10.1249}
		{bone "piece04"}
		{matrix34
			0.8808 	 -0.2572 	 -0.3975
			-0.4576 	 -0.2465 	 -0.8543
			0.1218 	 0.9344 	 -0.3349
			3.7591 	 -1.3673 	 -1.6187
		}
	}
	{"piece05"
		{box 6.3459 27.5492 11.9759}
		{bone "piece05"}
		{matrix34
			0.8175 	 -0.2753 	 -0.5058
			0.3617 	 0.9289 	 0.0791
			0.4481 	 -0.2476 	 0.859
			3.791 	 -2.2708 	 -2.1931
		}
	}
	{"piece06"
		{box 5.73201 14.721 15.5768}
		{bone "piece06"}
		{matrix34
			0.6502 	 0.465 	 0.6009
			-0.4972 	 0.8584 	 -0.1262
			-0.5744 	 -0.2167 	 0.7893
			-2.5901 	 -2.518 	 -1.5171
		}
	}
}
