;Exported by:	 vic
;Date:			 29.11.2016 10:39:39
;File:			 D:\-Project_vtv_online-\-3DWork-\building\house_vtv_221\house_001_g2_x2.max
{skeleton
	{bone "house_001_g2_piece_019_x"
		{parameters "lastpose=undefined;"}
		{orientation
			1 	 0 	 0
			0 	 -1 	 0
			0 	 0 	 1
		}
		{bone "sub_piece00"
			{parameters "lastpose=undefined;"}
			{matrix34
				-1 	 0 	 0
				0 	 0 	 1
				0 	 1 	 0
				0.3925 	 21.4843 	 19.7466
			}
			{poly "sub_piece00"}
		}
		{bone "sub_piece01"
			{parameters "lastpose=undefined;"}
			{matrix34
				-1 	 0 	 0
				0 	 0 	 1
				0 	 1 	 0
				-18.2286 	 21.4843 	 2.2831
			}
			{poly "sub_piece01"}
		}
		{bone "sub_piece02"
			{parameters "lastpose=undefined;"}
			{matrix34
				-1 	 0 	 0
				0 	 0 	 1
				0 	 1 	 0
				-19.2367 	 21.4843 	 -10.7335
			}
			{poly "sub_piece02"}
		}
		{bone "sub_piece03"
			{parameters "lastpose=undefined;"}
			{matrix34
				-1 	 0 	 0
				0 	 0 	 1
				0 	 1 	 0
				-26.3159 	 21.4843 	 -3.3111
			}
			{poly "sub_piece03"}
		}
		{bone "sub_piece04"
			{parameters "lastpose=undefined;"}
			{matrix34
				-1 	 0 	 0
				0 	 0 	 1
				0 	 1 	 0
				-4.8165 	 19.0202 	 36.09
			}
			{poly "sub_piece04"}
		}
		{bone "sub_piece05"
			{parameters "lastpose=undefined;"}
			{matrix34
				-1 	 0 	 0
				0 	 0 	 1
				0 	 1 	 0
				4.674 	 17.4653 	 28.9862
			}
			{poly "sub_piece05"}
		}
		{bone "sub_piece06"
			{parameters "lastpose=undefined;"}
			{matrix34
				-1 	 0 	 0
				0 	 0 	 1
				0 	 1 	 0
				-4.3706 	 21.4843 	 25.1952
			}
			{poly "sub_piece06"}
		}
		{bone "sub_piece07"
			{parameters "lastpose=undefined;"}
			{matrix34
				-1 	 0 	 0
				0 	 0 	 1
				0 	 1 	 0
				-2.4932 	 21.4843 	 -12.2079
			}
			{poly "sub_piece07"}
		}
		{bone "sub_piece08"
			{parameters "lastpose=undefined;"}
			{matrix34
				-1 	 0 	 0
				0 	 0 	 1
				0 	 1 	 0
				4.5734 	 21.4843 	 38.4636
			}
			{poly "sub_piece08"}
		}
		{bone "sub_piece09"
			{parameters "lastpose=undefined;"}
			{matrix34
				-0.1305 	 0 	 0.9914
				0.9914 	 0 	 0.1305
				0 	 1 	 0
				23.7802 	 21.4843 	 -4.8447
			}
			{poly "sub_piece09"}
		}
		{bone "sub_piece10"
			{parameters "lastpose=undefined;"}
			{matrix34
				-1 	 0 	 0
				0 	 0 	 1
				0 	 1 	 0
				5.6252 	 21.4843 	 -2.647
			}
			{poly "sub_piece10"}
		}
		{bone "piece00"
			{parameters "lastpose=undefined;"}
			{matrix34
				-0.7071 	 0 	 -0.7071
				0 	 -1 	 0
				-0.7071 	 0 	 0.7071
				27.0107 	 17.5883 	 0.8434
			}
			{poly "piece00"}
		}
		{bone "piece01"
			{parameters "lastpose=undefined;"}
			{matrix34
				0.7071 	 0 	 -0.7071
				0 	 1 	 0
				0.7071 	 0 	 0.7071
				-12.8218 	 17.5844 	 15.0952
			}
			{poly "piece01"}
		}
		{bone "piece02"
			{parameters "lastpose=undefined;"}
			{matrix34
				-1 	 0 	 0
				0 	 0 	 1
				0 	 1 	 0
				-7.6539 	 21.4843 	 10.4751
			}
			{poly "piece02"}
		}
		{bone "piece03"
			{parameters "lastpose=undefined;"}
			{matrix34
				-0.6756 	 0 	 -0.7373
				-0.7373 	 0 	 0.6756
				0 	 1 	 0
				-7.6566 	 21.4843 	 -3.4164
			}
			{poly "piece03"}
		}
		{bone "piece04"
			{parameters "lastpose=undefined;"}
			{matrix34
				-1 	 0 	 0
				0 	 0 	 1
				0 	 1 	 0
				14.8608 	 21.4843 	 2.8691
			}
			{poly "piece04"}
		}
		{bone "piece05"
			{parameters "lastpose=undefined;"}
			{matrix34
				0.766 	 0 	 -0.6428
				-0.6428 	 0 	 -0.766
				0 	 1 	 0
				12.7982 	 21.4843 	 -12.9397
			}
			{poly "piece05"}
		}
		{bone "piece06"
			{parameters "lastpose=undefined;"}
			{matrix34
				-1 	 0 	 0
				0 	 0 	 1
				0 	 1 	 0
				7.7721 	 21.4843 	 11.6164
			}
			{poly "piece06"}
		}
	}
}
{volume "piece00_volume011"
	{box 26.3467 1.9685 1.9685}
	{bone "piece00"}
	{matrix34
		0 	 0 	 1
		0 	 1 	 0
		-1 	 0 	 0
		0.0159 	 0.004 	 -0.6953
	}
}
{volume "piece01_volume009"
	{box 26.3467 1.9685 1.9685}
	{bone "piece01"}
	{matrix34
		0 	 0 	 1
		0 	 1 	 0
		-1 	 0 	 0
		0.0159 	 0.004 	 -0.6953
	}
}
{volume "piece02_volume006"
	{box 5.90551 11.2134 8.49687}
	{bone "piece02"}
	{matrix34
		0 	 0 	 -1
		-0.9914 	 0.1305 	 0
		0.1305 	 0.9914 	 0
		0.1109 	 -0.2239 	 0.0079
	}
}
{volume "piece03_volume014"
	{box 5.90551 10.664 8.12962}
	{bone "piece03"}
	{matrix34
		0 	 0 	 -1
		-0.9239 	 -0.3827 	 0
		-0.3827 	 0.9239 	 0
		0.1279 	 0.0375 	 0.0079
	}
}
{volume "piece04_volume022"
	{box 5.90551 5.47672 7.78311}
	{bone "piece04"}
	{matrix34
		0 	 0 	 -1
		-0.766 	 0.6428 	 0
		0.6428 	 0.766 	 0
		-0.016 	 -0.0395 	 0.0079
	}
}
{volume "piece05_volume019"
	{box 5.90551 6.81481 9.49004}
	{bone "piece05"}
	{matrix34
		0 	 0 	 -1
		-0.9962 	 -0.0872 	 0
		-0.0872 	 0.9962 	 0
		-0.5865 	 -0.6934 	 0.0078
	}
}
{volume "piece06_volume016"
	{box 5.90551 9.44403 7.21503}
	{bone "piece06"}
	{matrix34
		0 	 0 	 -1
		-0.9962 	 0.0872 	 0
		0.0872 	 0.9962 	 0
		-0.0047 	 0.1603 	 0.0078
	}
}
{volume "sub_piece00_volume023"
	{box 5.90551 6.24346 4.5142}
	{bone "sub_piece00"}
	{matrix34
		0 	 0 	 -1
		-0.766 	 0.6428 	 0
		0.6428 	 0.766 	 0
		-1.0853 	 -0.2134 	 0.0079
	}
}
{volume "sub_piece01_volume008"
	{box 5.90551 5.15816 8.49687}
	{bone "sub_piece01"}
	{matrix34
		0 	 0 	 -1
		-0.9763 	 0.2164 	 0
		0.2164 	 0.9763 	 0
		-0.0201 	 0.1824 	 0.0079
	}
}
{volume "sub_piece02_volume009"
	{box 5.90551 6.18979 7.30731}
	{bone "sub_piece02"}
	{matrix34
		0 	 0 	 -1
		-0.9763 	 0.2164 	 0
		0.2164 	 0.9763 	 0
		0.1307 	 -0.2882 	 0.0079
	}
}
{volume "sub_piece03_volume005"
	{box 5.90551 3.83767 7.89189}
	{bone "sub_piece03"}
	{matrix34
		0 	 0 	 -1
		-0.999 	 -0.0436 	 0
		-0.0436 	 0.999 	 0
		0.3341 	 -0.0514 	 0.0079
	}
}
{volume "sub_piece04_volume011"
	{box 5.90551 5.91001 7.4973}
	{bone "sub_piece04"}
	{matrix34
		0 	 0 	 -1
		-0.999 	 -0.0436 	 0
		-0.0436 	 0.999 	 0
		-0.1518 	 -0.3633 	 0.0079
	}
}
{volume "sub_piece05_volume012"
	{box 5.90551 7.74211 3.67368}
	{bone "sub_piece05"}
	{matrix34
		0 	 0 	 -1
		-0.866 	 -0.5 	 0
		-0.5 	 0.866 	 0
		-0.0596 	 0.1191 	 0.0079
	}
}
{volume "sub_piece06_volume013"
	{box 5.90551 5.4969 7.09019}
	{bone "sub_piece06"}
	{matrix34
		0 	 0 	 -1
		-0.6428 	 -0.766 	 0
		-0.766 	 0.6428 	 0
		-0.0464 	 -0.0583 	 0.0079
	}
}
{volume "sub_piece07_volume017"
	{box 5.90551 7.7441 5.26698}
	{bone "sub_piece07"}
	{matrix34
		0 	 0 	 -1
		-0.9239 	 0.3827 	 0
		0.3827 	 0.9239 	 0
		-0.3347 	 0.1909 	 0.0078
	}
}
{volume "sub_piece08_volume018"
	{box 5.90551 6.81481 6.63639}
	{bone "sub_piece08"}
	{matrix34
		0 	 0 	 -1
		-0.9239 	 0.3827 	 0
		0.3827 	 0.9239 	 0
		-0.1501 	 -0.4527 	 0.0078
	}
}
{volume "sub_piece09_volume020"
	{box 5.90551 5.2474 8.44613}
	{bone "sub_piece09"}
	{matrix34
		0 	 0 	 -1
		-0.887 	 0.4617 	 0
		0.4617 	 0.887 	 0
		0.1895 	 -0.0722 	 0.0078
	}
}
{volume "sub_piece10_volume021"
	{box 5.90551 3.72566 8.19275}
	{bone "sub_piece10"}
	{matrix34
		0 	 0 	 -1
		-1 	 0 	 0
		0 	 1 	 0
		-0.0099 	 0.0559 	 0.0078
	}
}
