;Exported by	: joomb
;Date			: 09.05.2023 13:55:58
;File			: H:\git\gem2-mdl-soldiers\models\unit\vehicle\Messerschmitt_Bf_109G_6\Bf_109G_xx.max
{skeleton
	{bone "basis"
		{orientation
			1 	 0 	 0
			0 	 -1 	 0
			0 	 0 	 1
		}
		{bone "body"
			{parameters "id=body;"}
			{Position -43.1453 	 0 	 0}
			{poly "body" {lod 0}}
			{poly "body_lod1" {lod 1}}
			{poly "body_lod2" {lod 2}}
			{poly "body_lod3" {lod 3 {last}}}
			{bone "body_back"
				{parameters "id=body_back;"}
				{Position -68.4016 	 0 	 31.3781}
				{bone "pivot_back"
					{bone "susp_back"
						{parameters "id=body_back;"}
						{Position 4.1681 	 0 	 2.9403}
						{poly "susp_back" {lod 0}}
						{poly "susp_back_lod1" {lod 1}}
						{poly "susp_back_lod2" {lod 2}}
						{poly "susp_back_lod3" {lod 3 {last}}}
						{bone revolute "wheel_back"
							{parameters "id=body_back;radius=0.15;support;"}
							{matrix34
								1 	 0 	 0
								0 	 0 	 1
								0 	 -1 	 0
								-4.2257 	 0 	 -2.9813
							}
							{poly "wheel_back" {lod 0}}
							{poly "wheel_back_lod1" {lod 1}}
							{poly "wheel_back_lod2" {lod 2}}
							{poly "wheel_back_lod3" {lod 3 {last}}}
						}
					}
				}
				{bone "elevator2"
					{parameters "id=body_back;"}
					{matrix34
						1 	 0 	 0
						0 	 0 	 1
						0 	 -1 	 0
						-7.017 	 0 	 17.1972
					}
					{poly "elevator2" {lod 0}}
					{poly "elevator2_lod1" {lod 1}}
					{poly "elevator2_lod2" {lod 2}}
					{poly "elevator2_lod3" {lod 3 {last}}}
				}
				{bone "elevator1"
					{parameters "id=body_back;"}
					{matrix34
						1 	 0 	 0
						0 	 0 	 1
						0 	 -1 	 0
						-7.017 	 0 	 17.1972
					}
					{poly "elevator1" {lod 0}}
					{poly "elevator1_lod1" {lod 1}}
					{poly "elevator1_lod2" {lod 2}}
					{poly "elevator1_lod3" {lod 3 {last}}}
				}
				{bone "rudder"
					{parameters "id=body_back;"}
					{Position -8.6843 	 -0.0643 	 17.4843}
					{poly "rudder" {lod 0}}
					{poly "rudder_lod1" {lod 1}}
					{poly "rudder_lod2" {lod 2}}
					{poly "rudder_lod3" {lod 3 {last}}}
				}
			}
			{bone "cabin"
				{parameters "id=cabin;"}
				{Position 14.6132 	 6.6432 	 41.917}
				{poly "cabin" {lod 0}}
				{poly "cabin_lod1" {lod 1}}
				{poly "cabin_lod2" {lod 2}}
				{poly "cabin_lod3" {lod 3 {last}}}
			}
			{bone "engine"
				{parameters "id=engine;"}
				{matrix34
					1 	 0 	 0
					0 	 1 	 0
					0 	 0 	 1
					59.7816 	 0 	 29.6132
				}
				{poly "engine" {lod 0}}
				{poly "engine_lod1" {lod 1}}
				{poly "engine_lod2" {lod 2}}
				{poly "engine_lod3" {lod 3 {last}}}
			}
			{bone revolute "propeller"
				{parameters "id=engine;"}
				{Position 89.3496 	 0 	 32.7787}
				{poly "propeller" {lod 0}}
				{poly "propeller_lod1" {lod 1}}
				{poly "propeller_lod2" {lod 2}}
				{poly "propeller_lod3" {lod 3 {last}}}
				{bone revolute "vane"
					{parameters "id=engine;"}
					{poly "vane" {lod 0}}
					{poly "vane_lod1" {lod 1}}
					{poly "vane_lod2" {lod 2}}
					{poly "vane_lod3" {lod 3 {last}}}
				}
			}
			{bone "visor1"
				{Position 33.2948 	 0 	 52.158}
			}
			{bone "driver"
				{matrix34
					0.9659 	 0 	 0.2588
					0 	 1 	 0
					-0.2588 	 0 	 0.9659
					18.8217 	 0 	 23.1193
				}
			}
			{bone "bomb00"
				{parameters "id=body;"}
				{Position 23.2986 	 0.0686 	 17.5804}
				{poly "bomb00"}
			}
		}
		{bone "pivot_front"
			{Position 0.0762 	 0 	 4.537}
			{bone "suspr"
				{parameters "id=wheelright;"}
				{matrix34
					0.0847 	 -0.3254 	 -0.9418
					0.2965 	 0.9106 	 -0.2879
					0.9513 	 -0.2549 	 0.1736
					-0.8096 	 -11.9214 	 20.8021
				}
				{poly "suspr" {lod 0}}
				{poly "suspr_lod1" {lod 1}}
				{poly "suspr_lod2" {lod 2}}
				{poly "suspr_lod3" {lod 3 {last}}}
				{bone revolute "wheelr"
					{parameters "id=wheelright;radius=0.34;support;"}
					{matrix34
						-0.0007 	 0.2499 	 0.9683
						0.9865 	 0.1585 	 -0.0403
						-0.1636 	 0.9552 	 -0.2466
						20.8964 	 2.2237 	 -1.7431
					}
					{poly "wheelr" {lod 0}}
					{poly "wheelr_lod1" {lod 1}}
					{poly "wheelr_lod2" {lod 2}}
					{poly "wheelr_lod3" {lod 3 {last}}}
				}
			}
			{bone "suspl"
				{parameters "id=wheelleft;"}
				{matrix34
					0.0847 	 0.3254 	 -0.9418
					-0.2965 	 0.9106 	 0.2879
					0.9513 	 0.2549 	 0.1736
					-0.8096 	 11.9214 	 20.8021
				}
				{poly "suspl" {lod 0}}
				{poly "suspl_lod1" {lod 1}}
				{poly "suspl_lod2" {lod 2}}
				{poly "suspl_lod3" {lod 3 {last}}}
				{bone revolute "wheell"
					{parameters "id=wheelleft;radius=0.34;support;"}
					{matrix34
						-0.0006 	 -0.2499 	 0.9683
						0.9865 	 -0.1585 	 -0.0403
						0.1636 	 0.9552 	 0.2466
						20.8964 	 -2.2237 	 -1.743
					}
					{poly "wheell" {lod 0}}
					{poly "wheell_lod1" {lod 1}}
					{poly "wheell_lod2" {lod 2}}
					{poly "wheell_lod3" {lod 3 {last}}}
				}
			}
			{bone "wingl1"
				{parameters "id=wingleft;"}
				{Position -8.0935 	 62.9921 	 22.6314}
				{poly "wingl1" {lod 0}}
				{poly "wingl1_lod1" {lod 1}}
				{poly "wingl1_lod2" {lod 2}}
				{poly "wingl1_lod3" {lod 3 {last}}}
				{bone "flap1"
					{parameters "id=wingleft;"}
					{matrix34
						0.9906 	 -0.1371 	 0
						0.1366 	 0.9868 	 0.0875
						-0.012 	 -0.0867 	 0.9962
						-18.0524 	 -20.4228 	 1.2287
					}
					{poly "flap1" {lod 0}}
					{poly "flap1_lod1" {lod 1}}
					{poly "flap1_lod2" {lod 2}}
					{poly "flap1_lod3" {lod 3 {last}}}
				}
				{bone "aileron1"
					{parameters "id=wingleft;"}
					{matrix34
						0.9911 	 -0.1331 	 0
						0.1326 	 0.9872 	 0.0885
						-0.0118 	 -0.0877 	 0.9961
						-14.8446 	 4.1535 	 3.4305
					}
					{poly "aileron1" {lod 0}}
					{poly "aileron1_lod1" {lod 1}}
					{poly "aileron1_lod2" {lod 2}}
					{poly "aileron1_lod3" {lod 3 {last}}}
				}
				{bone "rocket00"
					{parameters "id=wingleft;"}
					{Position -7.4038 	 -7.3632 	 -4.5855}
					{poly "rocket00"}
				}
			}
			{bone "wingr1"
				{parameters "id=wingright;"}
				{Position -8.0935 	 -62.9921 	 22.6314}
				{poly "wingr1" {lod 0}}
				{poly "wingr1_lod1" {lod 1}}
				{poly "wingr1_lod2" {lod 2}}
				{poly "wingr1_lod3" {lod 3 {last}}}
				{bone "flap2"
					{parameters "id=wingright;"}
					{matrix34
						0.9906 	 0.1371 	 0
						-0.1366 	 0.9868 	 -0.0875
						-0.012 	 0.0867 	 0.9962
						-18.0524 	 20.4228 	 1.2288
					}
					{poly "flap2" {lod 0}}
					{poly "flap2_lod1" {lod 1}}
					{poly "flap2_lod2" {lod 2}}
					{poly "flap2_lod3" {lod 3 {last}}}
				}
				{bone "aileron2"
					{parameters "id=wingright;"}
					{matrix34
						0.9911 	 0.1331 	 0
						-0.1326 	 0.9872 	 -0.0885
						-0.0118 	 0.0877 	 0.9961
						-14.8766 	 -4.1577 	 3.4305
					}
					{poly "aileron2" {lod 0}}
					{poly "aileron2_lod1" {lod 1}}
					{poly "aileron2_lod2" {lod 2}}
					{poly "aileron2_lod3" {lod 3 {last}}}
				}
				{bone "rocket01"
					{parameters "id=wingright;"}
					{Position -7.4038 	 7.3631 	 -4.5855}
					{poly "rocket01"}
				}
			}
		}
		{bone "emit1"
			{Position -45.6299 	 -19.8079 	 0}
		}
	}
}
{obstacle "rectangle001"
	{obb2
		{center -43.1453 0}
		{extent 83.6614 11.3386}
		{axis -1 0}
	}
	{rotate}
}
{obstacle "rectangle002"
	{obb2
		{center -17.5547 0}
		{extent 97.8839 17.636}
		{axis 1.55887e-07 -1}
	}
	{rotate}
}
{obstacle "rectangle003"
	{obb2
		{center -116.607 0}
		{extent 30.2853 10.1647}
		{axis 2.51918e-07 -1}
	}
	{rotate}
}
{"volumes"
	{"body01"
		{polyhedron}
		{bone "body"}
		{Position 53.1751 	 0 	 34.5943}
	}
	{"body02"
		{polyhedron}
		{bone "body"}
		{Position 14.7142 	 -0.1767 	 24.9059}
	}
	{"body03"
		{polyhedron}
		{bone "body"}
		{matrix34
			-1 	 0 	 0
			0 	 -1 	 0
			0 	 0 	 1
			-23.7466 	 0 	 38.4423
		}
	}
	{"body04"
		{polyhedron}
		{bone "body"}
		{Position 23.6543 	 53.2078 	 30.0225}
	}
	{"body05"
		{polyhedron}
		{bone "body"}
		{matrix34
			-1 	 0 	 0
			0 	 1 	 0
			0 	 0 	 -1
			23.6543 	 -53.2127 	 29.9664
		}
	}
	{"body_back01"
		{polyhedron}
		{bone "body_back"}
		{matrix34
			-1 	 0 	 0
			0 	 -1 	 0
			0 	 0 	 1
			7.3112 	 0.0062 	 9.4519
		}
	}
	{"body_back02"
		{polyhedron}
		{bone "body_back"}
		{Position -6.54 	 0.4053 	 17.7141}
	}
	{"body_back03"
		{polyhedron}
		{bone "body_back"}
		{Position 0.8949 	 0.4266 	 16.2771}
	}
	{"cabin"
		{polyhedron}
		{bone "cabin"}
		{Position 0.9258 	 -7.8897 	 -0.9494}
	}
	{"elevator1"
		{polyhedron}
		{bone "elevator1"}
		{matrix34
			-1 	 0 	 0
			0 	 0 	 1
			0 	 1 	 0
			0.477 	 0.5169 	 -0.4053
		}
	}
	{"elevator2"
		{polyhedron}
		{bone "elevator2"}
		{matrix34
			-1 	 0 	 0
			0 	 0 	 1
			0 	 1 	 0
			0.477 	 0.5169 	 -0.4053
		}
	}
	{"propeller01"
		{polyhedron}
		{bone "propeller"}
		{matrix34
			0 	 0 	 -1
			0 	 1 	 0
			1 	 0 	 0
			-10.629 	 0 	 0
		}
	}
	{"propeller02"
		{box 0.787402 4.92126 22.9906}
		{bone "propeller"}
		{matrix34
			0.8136 	 -0.4221 	 -0.3999
			0.5811 	 0.5662 	 0.5846
			-0.0203 	 -0.708 	 0.7059
			-7.9919 	 -13.3162 	 13.4991
		}
	}
	{"propeller03"
		{box 0.787402 4.92126 22.9906}
		{bone "propeller"}
		{matrix34
			0.8136 	 -0.129 	 0.567
			0.5811 	 0.2143 	 -0.7851
			-0.0203 	 0.9682 	 0.2493
			-7.9919 	 18.4011 	 4.5765
		}
	}
	{"rudder"
		{polyhedron}
		{bone "rudder"}
		{matrix34
			-1 	 0 	 0
			0 	 -1 	 0
			0 	 0 	 1
			-8.4956 	 0.4909 	 -1.2072
		}
	}
	{"wheel_back"
		{cylinder 3.58197 1.96087}
		{bone "wheel_back"}
		{Position 0 	 0 	 -0.0086}
	}
	{"wheell"
		{cylinder 6.88839 2.80124}
		{bone "wheell"}
		{Position 0 	 0 	 0.047}
	}
	{"wheelr"
		{cylinder 6.88839 2.80124}
		{bone "wheelr"}
		{Position 0 	 0 	 0.047}
	}
	{"wingl1"
		{polyhedron}
		{bone "wingl1"}
		{Position -11.4736 	 -9.7843 	 2.854}
	}
	{"wingr1"
		{polyhedron}
		{bone "wingr1"}
		{matrix34
			-1 	 0 	 0
			0 	 1 	 0
			0 	 0 	 -1
			-11.4736 	 9.7794 	 2.7979
		}
	}
}
