;Exported by	: joomb
;Date			: 10.04.2023 19:01:25
;File			: H:\git\gem2-mdl-soldiers\models\building\shed_village_001\villige_fort_.max
{skeleton
	{bone "shed_village_piece_002"
		{orientation
			1 	 0 	 0
			0 	 -1 	 0
			0 	 0 	 1
		}
		{poly "shed_village_piece_002"}
		{bone "fix06"
			{Position 28.872 	 1.7832 	 -3.1175}
		}
		{bone "fix07"
			{Position -22.5213 	 -17.8309 	 -6.4538}
		}
		{bone "fix08"
			{Position -22.5213 	 27.2409 	 -6.4538}
		}
		{bone "exterior"
			{Position -1.3514 	 0 	 1.3877}
			{poly "exterior"}
		}
	}
}
{area "interior"
	{obb2
		{center 1.28668 0.937737}
		{extent 29.9451 30.4029}
		{axis -1 0}
	}
	{rotate}
}
{"volumes"
	{"roof1"
		{box 25.7307 58.5867 1.37795}
		{bone "exterior"}
		{matrix34
			0.9063 	 0 	 0.4226
			0 	 1 	 0
			-0.4226 	 0 	 0.9063
			-4.487 	 0.6157 	 2.3614
		}
	}
	{"roof2"
		{box 14.3986 61.1865 1.37795}
		{bone "exterior"}
		{matrix34
			-0.9063 	 0 	 0.4226
			0 	 -1 	 0
			0.4226 	 0 	 0.9063
			11.9871 	 0.9675 	 4.6337
		}
	}
	{"roof3"
		{box 6.35257 24.3212 1.37795}
		{bone "exterior"}
		{matrix34
			-0.9063 	 0 	 0.4226
			0 	 -1 	 0
			0.4226 	 0 	 0.9063
			20.9442 	 -8.0096 	 0.4569
		}
	}
	{"roof4"
		{box 14.1107 18.9678 1.37795}
		{bone "exterior"}
		{matrix34
			-0.9063 	 0 	 0.4226
			0 	 -1 	 0
			0.4226 	 0 	 0.9063
			24.9888 	 13.5699 	 -1.4291
		}
	}
}
