;Exported by	: KobaA
;Date			: 11.04.2024 15:30:50
;File			: d:\git\gem2-mdl-soldiers\models\entourage\shelter_box\shelter_gr001_004_new2_gem2.max
{skeleton
	{bone "basis_gr_012"
		{orientation
			1 	 0 	 0
			0 	 -1 	 0
			0 	 0 	 1
		}
		{bone "body"
			{Position -0.9064 	 -0.1274 	 8.0246}
			{poly "body"}
		}
	}
}
{"volumes"
	{"body"
		{box 8.52783 9.02752 15.6319}
		{bone "basis_gr_012"}
		{matrix34
			0.9848 	 0.1736 	 0
			-0.1736 	 0.9848 	 0
			0 	 0 	 1
			-6.3478 	 -1.8903 	 7.8159
		}
	}
	{"body1"
		{box 7.53098 23.0788 8.78426}
		{bone "basis_gr_012"}
		{matrix34
			-1 	 -0.001 	 0
			0.001 	 -1 	 0
			0 	 0 	 1
			5.4455 	 1.8758 	 4.3921
		}
	}
	{"body3"
		{box 7.24133 12.9656 4.52797}
		{bone "basis_gr_012"}
		{matrix34
			0.0882 	 -0.9961 	 0
			0.9961 	 0.0882 	 0
			0 	 0 	 1
			5.4455 	 -3.2218 	 2.2329
		}
	}
	{"body4"
		{box 12.0217 13.2101 15.8124}
		{bone "basis_gr_012"}
		{Position 11.5355 	 -4.0798 	 7.9062}
	}
	{"body5"
		{box 10.8883 8.77368 7.11016}
		{bone "basis_gr_012"}
		{matrix34
			0.9962 	 -0.0872 	 0
			0.0872 	 0.9962 	 0
			0 	 0 	 1
			10.8975 	 -4.9554 	 12.323
		}
	}
	{"body6"
		{box 0.739838 13.5539 7.5592}
		{bone "basis_gr_012"}
		{matrix34
			0.5649 	 0.0996 	 -0.8192
			-0.1736 	 0.9848 	 0
			0.8067 	 0.1422 	 0.5736
			-13.2618 	 -5.9553 	 2.5769
		}
	}
	{"body7"
		{box 7.24133 6.87176 4.52797}
		{bone "basis_gr_012"}
		{matrix34
			-0.9846 	 -0.1746 	 0
			0.1746 	 -0.9846 	 0
			0 	 0 	 1
			-16.2339 	 4.5517 	 2.264
		}
	}
	{"body8"
		{box 0.558737 10.553 7.53625}
		{bone "basis_gr_012"}
		{matrix34
			0.9811 	 -0.0858 	 -0.1736
			0.0872 	 0.9962 	 0
			0.173 	 -0.0151 	 0.9848
			4.974 	 -0.4884 	 11.632
		}
	}
	{"body9"
		{box 4.64893 7.55764 15.3705}
		{bone "basis_gr_012"}
		{matrix34
			-0.9961 	 -0.0882 	 0
			0.0882 	 -0.9961 	 0
			0 	 0 	 1
			-0.7191 	 5.6934 	 7.6852
		}
	}
}
