;Exported by:	 tolokolnikova
;Date:			 27.06.2017 14:31:39
;File:			 D:\gem2\gem2-mdl-soldiers\models\building\house_D\D_003_x_fort.max
{skeleton
	{bone "d003_piece10_point"
		{orientation
			1 	 0 	 0
			0 	 -1 	 0
			0 	 0 	 1
		}
		{bone "piece01"
			{matrix34
				1 	 0 	 0
				0 	 0.342 	 -0.9397
				0 	 0.9397 	 0.342
				-3.4814 	 -9.2704 	 3.5096
			}
			{poly "piece01"}
		}
		{bone "sub_piece02"
			{Position 11.4077 	 8.8413 	 4.4112}
			{poly "sub_piece02"}
		}
		{bone "sub_piece01"
			{matrix34
				0 	 0.7071 	 -0.7071
				0 	 -0.7071 	 -0.7071
				-1 	 0 	 0
				0 	 0.7905 	 4.6374
			}
			{poly "sub_piece01"}
		}
	}
}
{volume "piece01"
	{box 1.24016 35.4871 22.734}
	{bone "piece01"}
	{matrix34
		0 	 1 	 0
		-1 	 0 	 0
		0 	 0 	 1
		1.033 	 -0.6191 	 -0.2329
	}
}
{volume "sub_piece01"
	{box 62.2342 4.41732 3.48108}
	{bone "sub_piece01"}
	{matrix34
		0 	 0 	 -1
		0.7071 	 -0.7071 	 0
		-0.7071 	 -0.7071 	 0
		-0.0741 	 -0.2928 	 0.0357
	}
}
{volume "sub_piece02"
	{box 18.7142 1.68112 18.1601}
	{bone "sub_piece02"}
	{matrix34
		1 	 0 	 0
		0 	 0.342 	 0.9397
		0 	 -0.9397 	 0.342
		-0.4055 	 0.8815 	 -0.2519
	}
}
