;Exported by	: KobaA
;Date			: 11.01.2024 14:04:16
;File			: d:\git\gem2-mdl-soldiers\models\building\house_001a_g2\house_001a_g2_x.max
{skeleton
	{bone "house_001a_piece_009_x"
		{orientation
			1 	 0 	 0
			0 	 -1 	 0
			0 	 0 	 1
		}
		{bone "piece00"
			{Position 6.8881 	 1.2453 	 9.4492}
			{poly "piece00"}
			{bone "sub_piece07"
				{Position -11.0387 	 -8.1414 	 -2.9879}
				{poly "sub_piece07"}
			}
		}
		{bone "piece01"
			{Position -5.6951 	 -6.8961 	 2.1319}
			{poly "piece01"}
		}
		{bone "piece02"
			{Position -8.0797 	 -6.8961 	 -20.2}
			{poly "piece02"}
			{bone "sub_piece05"
				{Position -0.7271 	 0 	 -14.189}
				{poly "sub_piece05"}
			}
		}
		{bone "piece03"
			{Position 6.8835 	 -3.9404 	 -22.7779}
			{poly "piece03"}
			{bone "sub_piece08"
				{Position -8.5097 	 -2.9557 	 -5.2323}
				{poly "sub_piece08"}
			}
		}
		{bone "piece04"
			{Position 6.8828 	 9.0761 	 -18.6754}
			{poly "piece04"}
			{bone "sub_piece02"
				{Position 0.007 	 -1.9159 	 -16.2622}
				{poly "sub_piece02"}
			}
		}
		{bone "piece05"
			{Position 6.8898 	 25.9377 	 -34.336}
			{poly "piece05"}
			{bone "sub_piece03"
				{Position 0 	 -2.3842 	 14.4127}
				{poly "sub_piece03"}
			}
		}
		{bone "piece06"
			{matrix34
				1 	 0 	 0
				0 	 0.866 	 0.5
				0 	 -0.5 	 0.866
				-0.5513 	 -17.152 	 8.9016
			}
			{poly "piece06"}
		}
		{bone "sub_piece00"
			{Position 6.8722 	 -2.2 	 -4.2383}
			{poly "sub_piece00"}
		}
		{bone "sub_piece01"
			{Position 6.8898 	 13.9305 	 -8.382}
			{poly "sub_piece01"}
		}
		{bone "sub_piece04"
			{Position 6.8778 	 0.981 	 -8.3032}
			{poly "sub_piece04"}
		}
		{bone "sub_piece09"
			{Position 0.5487 	 -6.9244 	 14.2201}
			{poly "sub_piece09"}
		}
		{bone "sub_piece10"
			{matrix34
				1 	 0 	 0
				0 	 0 	 -1
				0 	 1 	 0
				-3.9146 	 -3.8814 	 -4.5196
			}
			{poly "sub_piece10"}
		}
		{bone "sub_piece06"
			{Position -6.0164 	 -6.8961 	 -13.7222}
			{poly "sub_piece06"}
		}
	}
}
{"volumes"
	{"piece00"
		{box 5.90551 18.2638 14.5696}
		{bone "piece00"}
		{matrix34
			1 	 0 	 0
			0 	 0.9659 	 -0.2588
			0 	 0.2588 	 0.9659
			-0.052 	 -0.2706 	 -0.4098
		}
	}
	{"piece01"
		{box 5.90551 16.4684 12.3938}
		{bone "piece01"}
		{matrix34
			0 	 -1 	 0
			0.9914 	 0 	 -0.1305
			0.1305 	 0 	 0.9914
			1.3507 	 -0.0303 	 -1.6624
		}
	}
	{"piece02"
		{box 5.90551 12.8059 8.47734}
		{bone "piece02"}
		{matrix34
			0 	 -1 	 0
			0 	 0 	 -1
			1 	 0 	 0
			-0.3102 	 -0.0303 	 -2.2742
		}
	}
	{"piece03"
		{box 5.90551 8.01673 18.944}
		{bone "piece03"}
		{Position -0.0475 	 -1.1936 	 -0.445}
	}
	{"piece04"
		{box 5.90551 13.6828 14.2995}
		{bone "piece04"}
		{matrix34
			1 	 0 	 0
			0 	 0.9659 	 0.2588
			0 	 -0.2588 	 0.9659
			-0.0467 	 -0.6412 	 -0.9741
		}
	}
	{"piece05"
		{box 5.90551 15.4975 11.4297}
		{bone "piece05"}
		{matrix34
			1 	 0 	 0
			0 	 0.6428 	 0.766
			0 	 -0.766 	 0.6428
			-0.0537 	 0.7652 	 -0.269
		}
	}
	{"piece06"
		{box 2.3622 2.3622 38.7285}
		{bone "piece06"}
		{matrix34
			0 	 0 	 1
			0 	 1 	 0
			-1 	 0 	 0
			1.0211 	 -0.01 	 0.0031
		}
	}
	{"sub_piece00"
		{box 5.90551 11.6243 11.5558}
		{bone "sub_piece00"}
		{matrix34
			1 	 0 	 0
			0 	 -0.9659 	 0.2588
			0 	 -0.2588 	 -0.9659
			-0.0361 	 -1.7942 	 1.3552
		}
	}
	{"sub_piece01"
		{box 5.90551 9.71477 7.43573}
		{bone "sub_piece01"}
		{matrix34
			1 	 0 	 0
			0 	 0.999 	 -0.0436
			0 	 0.0436 	 0.999
			-0.0537 	 -0.0207 	 0.2001
		}
	}
	{"sub_piece02"
		{box 5.90551 19.6171 13.2904}
		{bone "sub_piece02"}
		{matrix34
			1 	 0 	 0
			0 	 0.9537 	 -0.3007
			0 	 0.3007 	 0.9537
			-0.0537 	 1.5486 	 1.2646
		}
	}
	{"sub_piece03"
		{box 5.90551 12.553 16.2494}
		{bone "sub_piece03"}
		{matrix34
			1 	 0 	 0
			0 	 0.9659 	 0.2588
			0 	 -0.2588 	 0.9659
			-0.0537 	 -0.3358 	 0.4561
		}
	}
	{"sub_piece04"
		{box 5.90551 16.1265 8.32802}
		{bone "sub_piece04"}
		{matrix34
			1 	 0 	 0
			0 	 0.6756 	 0.7373
			0 	 -0.7373 	 0.6756
			-0.0418 	 1.8364 	 -0.032
		}
	}
	{"sub_piece05"
		{box 5.90551 7.75907 6.95142}
		{bone "sub_piece05"}
		{matrix34
			0 	 -1 	 0
			0 	 0 	 1
			-1 	 0 	 0
			-0.4555 	 -0.0303 	 0.9065
		}
	}
	{"sub_piece06"
		{box 5.90551 15.8097 11.1544}
		{bone "sub_piece06"}
		{matrix34
			0 	 -1 	 0
			0.766 	 0 	 -0.6428
			0.6428 	 0 	 0.766
			2.1766 	 -0.0303 	 1.9818
		}
	}
	{"sub_piece07"
		{box 5.90551 12.9673 7.65048}
		{bone "sub_piece07"}
		{matrix34
			0 	 -1 	 0
			0.8434 	 0 	 -0.5373
			0.5373 	 0 	 0.8434
			1.9678 	 -0.0303 	 2.6963
		}
	}
	{"sub_piece08"
		{box 5.90551 9.34827 8.47734}
		{bone "sub_piece08"}
		{matrix34
			0 	 -1 	 0
			0 	 0 	 1
			-1 	 0 	 0
			1.3388 	 -0.0303 	 0.0632
		}
	}
	{"sub_piece09"
		{box 2.3622 2.3622 36.8415}
		{bone "sub_piece09"}
		{matrix34
			0 	 0 	 1
			0 	 1 	 0
			-1 	 0 	 0
			0.8646 	 0.0019 	 0.0123
		}
	}
	{"sub_piece10"
		{box 2.95276 2.95276 29.9091}
		{bone "sub_piece10"}
		{matrix34
			0 	 -1 	 0
			0 	 0 	 1
			-1 	 0 	 0
			1.7911 	 0.0207 	 0.0123
		}
	}
}
