;Exported by	: KobaA
;Date			: 16.01.2024 17:41:41
;File			: d:\git\gem2-mdl-soldiers\models\building\house_d\d_001_x_fort.max
{skeleton
	{bone "d001_piece14_point"
		{orientation
			1 	 0 	 0
			0 	 -1 	 0
			0 	 0 	 1
		}
		{bone "sub_piece04"
			{Position -32.1881 	 -35.2704 	 29.6526}
			{poly "sub_piece04"}
		}
		{bone "sub_piece03"
			{matrix34
				0 	 1 	 0
				-0.919 	 0 	 -0.3942
				-0.3942 	 0 	 0.919
				-42.3871 	 -17.1851 	 22.3207
			}
			{poly "sub_piece03"}
		}
		{bone "sub_piece09"
			{Position 7.1884 	 -35.2704 	 8.2326}
			{poly "sub_piece09"}
		}
		{bone "piece01"
			{Position -41.7913 	 -19.0557 	 11.6592}
			{poly "piece01"}
		}
		{bone "piece02"
			{Position -41.7913 	 -17.8742 	 -27.0073}
			{poly "piece02"}
		}
		{bone "piece03"
			{Position 18.7618 	 -35.2704 	 -17.1026}
			{poly "piece03"}
		}
		{bone "piece04"
			{Position -30.4773 	 -35.2704 	 -3.5949}
			{poly "piece04"}
		}
		{bone "piece05"
			{Position -21.1346 	 -35.2704 	 21.7221}
			{poly "piece05"}
		}
		{bone "piece06"
			{Position -5.435 	 -35.2704 	 -13.3114}
			{poly "piece06"}
		}
		{bone "sub_piece05"
			{Position -41.7913 	 7.3611 	 15.1644}
			{poly "sub_piece05"}
		}
		{bone "sub_piece06"
			{Position -41.7913 	 -19.3947 	 -7.6188}
			{poly "sub_piece06"}
		}
		{bone "sub_piece07"
			{Position -10.9743 	 -35.2704 	 5.305}
			{poly "sub_piece07"}
		}
		{bone "sub_piece08"
			{Position -34.7023 	 -35.2704 	 -26.1675}
			{poly "sub_piece08"}
		}
		{bone "sub_piece01"
			{matrix34
				0.3907 	 0 	 -0.9205
				0 	 1 	 0
				-0.9205 	 0 	 -0.3907
				-12.3298 	 5.5103 	 35.0793
			}
			{poly "sub_piece01"}
		}
		{bone "sub_piece02"
			{matrix34
				0.3907 	 0 	 -0.9205
				0 	 1 	 0
				-0.9205 	 0 	 -0.3907
				-30.6208 	 15.2921 	 27.3152
			}
			{poly "sub_piece02"}
		}
	}
}
{"volumes"
	{"piece01"
		{box 5.90551 21.04 14.1501}
		{bone "piece01"}
		{Position 0 	 -1.5245 	 -0.6524}
	}
	{"piece02"
		{box 5.90551 24.4651 14.1501}
		{bone "piece02"}
		{Position 0 	 -1.7284 	 -0.4174}
	}
	{"piece03"
		{box 13.7954 7.87402 24.0327}
		{bone "piece03"}
		{matrix34
			0.7314 	 0 	 -0.682
			0 	 1 	 0
			0.682 	 0 	 0.7314
			0.14 	 0 	 -0.5112
		}
	}
	{"piece04"
		{box 28.7671 7.87402 13.1133}
		{bone "piece04"}
		{matrix34
			0.5736 	 0 	 -0.8192
			0 	 1 	 0
			0.8192 	 0 	 0.5736
			0.8302 	 0 	 -0.0751
		}
	}
	{"piece05"
		{box 26.0291 7.87402 14.6541}
		{bone "piece05"}
		{Position -0.0118 	 0 	 0.319}
	}
	{"piece06"
		{box 16.9726 7.87402 19.5388}
		{bone "piece06"}
		{Position 0.3326 	 0 	 0.5816}
	}
	{"sub_piece01"
		{box 16.2414 12.8865 0.734194}
		{bone "sub_piece01"}
		{matrix34
			-0.0012 	 0 	 1
			0 	 -1 	 0
			1 	 0 	 0.0012
			0.1316 	 1.8383 	 0.0057
		}
	}
	{"sub_piece02"
		{box 18.3528 12.8865 0.734194}
		{bone "sub_piece02"}
		{matrix34
			-0.0012 	 0 	 1
			0 	 -1 	 0
			1 	 0 	 0.0012
			0.1567 	 1.4573 	 -0.9012
		}
	}
	{"sub_piece03"
		{box 11.6938 12.7576 0.734194}
		{bone "sub_piece03"}
		{matrix34
			0 	 -1 	 -0.005
			1 	 0 	 0
			0 	 -0.005 	 1
			-1.3226 	 -0.0607 	 0.1707
		}
	}
	{"sub_piece04"
		{box 3.31341 11.1811 32.3232}
		{bone "sub_piece04"}
		{matrix34
			0.4226 	 0 	 -0.9063
			0 	 1 	 0
			0.9063 	 0 	 0.4226
			-0.0748 	 0 	 0.5401
		}
	}
	{"sub_piece05"
		{box 5.90551 19.1754 9.5609}
		{bone "sub_piece05"}
		{Position 0 	 1.1679 	 -0.2613}
	}
	{"sub_piece06"
		{box 5.90551 15.1684 12.3106}
		{bone "sub_piece06"}
		{Position 0 	 -0.1438 	 -1.077}
	}
	{"sub_piece07"
		{box 9.74531 7.87402 14.6541}
		{bone "sub_piece07"}
		{Position 0.9389 	 0 	 0.4577}
	}
	{"sub_piece08"
		{box 13.7954 7.87402 14.6541}
		{bone "sub_piece08"}
		{Position -1.3723 	 0 	 0.7277}
	}
	{"sub_piece09"
		{box 9.16519 7.87402 14.6541}
		{bone "sub_piece09"}
		{Position 0.2224 	 0 	 0.29}
	}
}
