;Exported by:	 Oleksandr Tsaprylov
;Date:			 06.04.2021 20:49:57
;File:			 E:\projects\gem2-mdl-soldiers\models\entourage\piers\pier_001.max
{skeleton
	{bone "pier_01_x"
		{orientation
			1 	 0 	 0
			0 	 -1 	 0
			0 	 0 	 1
		}
		{bone "piece01"
			{matrix34
				0.9193 	 0.3497 	 -0.1803
				-0.2585 	 0.8823 	 0.3935
				0.2967 	 -0.3151 	 0.9015
				-21.1686 	 0.7741 	 26.9025
			}
			{poly "piece01"}
		}
		{bone "piece02"
			{matrix34
				0.9442 	 0.0596 	 0.3241
				-0.1564 	 0.9467 	 0.2817
				-0.29 	 -0.3166 	 0.9031
				11.7828 	 -2.0945 	 26.2795
			}
			{poly "piece02"}
		}
		{bone "piece03"
			{matrix34
				0.9805 	 0.0569 	 0.1883
				-0.0781 	 0.9911 	 0.1075
				-0.1805 	 -0.1201 	 0.9762
				-9.751 	 7.9657 	 24.1156
			}
			{poly "piece03"}
		}
		{bone "piece04"
			{matrix34
				0.9457 	 -0.0192 	 0.3243
				-0.0533 	 0.9756 	 0.2132
				-0.3205 	 -0.2189 	 0.9216
				23.6248 	 -9.1363 	 24.1156
			}
			{poly "piece04"}
		}
		{bone "piece05"
			{matrix34
				0.9281 	 -0.3705 	 0.0376
				0.331 	 0.7743 	 -0.5393
				0.1707 	 0.513 	 0.8412
				-27.4609 	 -8.6322 	 23.6782
			}
			{poly "piece05"}
		}
		{bone "fx_wood1"
			{Position 15.8677 	 1.3502 	 18.8694}
		}
		{bone "fx_wood2"
			{parameters "lastpose=undefined;"}
			{Position -20.746 	 1.3502 	 18.8694}
		}
	}
}
{volume "piece01"
	{box 14.8921 3.91344 1.25416}
	{bone "piece01"}
	{matrix34
		0.9193 	 -0.2585 	 0.2967
		0.3497 	 0.8823 	 -0.3151
		-0.1803 	 0.3935 	 0.9015
		1.0032 	 2.5771 	 -0.8635
	}
}
{volume "piece02"
	{box 23.974 3.91344 1.25416}
	{bone "piece02"}
	{matrix34
		0.9192 	 -0.0669 	 -0.388
		-0.049 	 0.9584 	 -0.2813
		0.3907 	 0.2776 	 0.8777
		-0.074 	 2.2642 	 -0.6446
	}
}
{volume "piece03"
	{cylinder 1.07007 10.9556}
	{bone "piece03"}
	{matrix34
		-0.1883 	 -0.1075 	 -0.9762
		0.0569 	 0.9911 	 -0.1201
		0.9805 	 -0.0781 	 -0.1805
		-0.0786 	 -1.671 	 0.1991
	}
}
{volume "piece04"
	{cylinder 1.07007 10.9556}
	{bone "piece04"}
	{matrix34
		-0.3243 	 -0.2132 	 -0.9216
		-0.0192 	 0.9756 	 -0.2189
		0.9457 	 -0.0533 	 -0.3205
		3.201 	 1.3727 	 -1.4441
	}
}
{volume "piece05"
	{cylinder 1.07007 10.9556}
	{bone "piece05"}
	{matrix34
		-0.0376 	 0.5393 	 -0.8412
		-0.3705 	 0.7743 	 0.513
		0.9281 	 0.331 	 0.1707
		0.313 	 -0.8406 	 -0.5529
	}
}
