;Exported by	: KobaA
;Date			: 02.05.2024 10:39:43
;File			: d:\git\gem2-mdl-soldiers\models\fence\vil_fence\vil_fence_9.max
{skeleton
	{bone "basis2_x"
		{orientation
			1 	 0 	 0
			0 	 -1 	 0
			0 	 0 	 1
		}
		{bone "piece01"
			{Position -16.4223 	 3.8679 	 14.1141}
			{poly "piece01"}
		}
		{bone "piece02"
			{Position -12.0984 	 0.7056 	 15.4684}
			{poly "piece02"}
		}
		{bone "piece03"
			{matrix34
				0.9848 	 0.0151 	 -0.173
				0 	 0.9962 	 0.0872
				0.1736 	 -0.0858 	 0.9811
				-7.4443 	 0.009 	 17.3357
			}
			{poly "piece03"}
		}
		{bone "piece04"
			{matrix34
				1 	 0 	 0
				0 	 0.9925 	 0.1219
				0 	 -0.1219 	 0.9925
				1.0385 	 -0.058 	 16.9971
			}
			{poly "piece04"}
		}
		{bone "piece05"
			{Position 7.9762 	 -1.4979 	 15.419}
			{poly "piece05"}
		}
		{bone "piece06"
			{matrix34
				0.9744 	 0.0274 	 -0.2233
				0 	 0.9925 	 0.1219
				0.225 	 -0.1187 	 0.9671
				29.8269 	 -3.1083 	 10.9072
			}
			{poly "piece06"}
		}
		{bone "piece07"
			{Position 36.5896 	 -3.707 	 12.6787}
			{poly "piece07"}
		}
		{bone "piece08"
			{matrix34
				1 	 0 	 0
				0 	 0.9816 	 0.1908
				0 	 -0.1908 	 0.9816
				17.7719 	 -2.783 	 18.0642
			}
			{poly "piece08"}
		}
		{bone "piece09"
			{Position 24.0578 	 -2.7252 	 13.8249}
			{poly "piece09"}
		}
		{bone "piece10"
			{matrix34
				0.9721 	 -0.1366 	 -0.1908
				0.1392 	 0.9903 	 0
				0.189 	 -0.0266 	 0.9816
				-3.0789 	 0.0727 	 20.6428
			}
			{poly "piece10"}
		}
		{bone "piece11"
			{matrix34
				0.9976 	 0 	 -0.0698
				0 	 1 	 0
				0.0698 	 0 	 0.9976
				7.3373 	 2.1309 	 4.7087
			}
			{poly "piece11"}
		}
		{bone "piece12"
			{matrix34
				0.9853 	 -0.0689 	 -0.1564
				0.0698 	 0.9976 	 0
				0.1561 	 -0.0109 	 0.9877
				22.7813 	 -2.1452 	 16.4084
			}
			{poly "piece12"}
		}
	}
}
{"volumes"
	{"piece01"
		{cylinder 1.69869 29.9564}
		{bone "piece01"}
		{Position -0.0437 	 -0.1609 	 0.1995}
	}
	{"piece02"
		{box 2.355 0.58136 26.7841}
		{bone "piece02"}
		{matrix34
			0.9925 	 -0.0027 	 -0.1219
			0.0091 	 0.9986 	 0.052
			0.1216 	 -0.0527 	 0.9912
			-0.1059 	 0.213 	 -0.2764
		}
	}
	{"piece03"
		{box 2.355 0.58136 14.88}
		{bone "piece03"}
		{matrix34
			1 	 0 	 0
			0 	 0.9986 	 0.0523
			0 	 -0.0523 	 0.9986
			-0.0885 	 0.0784 	 -0.5404
		}
	}
	{"piece04"
		{box 2.355 0.58136 14.7307}
		{bone "piece04"}
		{matrix34
			0.9998 	 0 	 -0.0175
			0.0009 	 0.9986 	 0.0523
			0.0174 	 -0.0523 	 0.9985
			-0.0996 	 -0.2674 	 0.116
		}
	}
	{"piece05"
		{box 2.355 0.58136 28.9268}
		{bone "piece05"}
		{matrix34
			0.9703 	 0.0414 	 -0.2384
			0.0133 	 0.9747 	 0.2233
			0.2416 	 -0.2198 	 0.9451
			0.156 	 0.4919 	 -0.2793
		}
	}
	{"piece06"
		{box 2.355 0.58136 12.6981}
		{bone "piece06"}
		{matrix34
			0.9998 	 0.0006 	 0.0174
			-0.0012 	 0.9994 	 0.0349
			-0.0174 	 -0.0349 	 0.9992
			0.037 	 0.024 	 -0.097
		}
	}
	{"piece07"
		{box 2.355 0.58136 22.7665}
		{bone "piece07"}
		{matrix34
			0.9998 	 -0.0048 	 -0.0184
			0.0085 	 0.978 	 0.2083
			0.017 	 -0.2084 	 0.9779
			-0.1162 	 0.0482 	 -0.5282
		}
	}
	{"piece08"
		{box 2.355 0.58136 13.0684}
		{bone "piece08"}
		{matrix34
			0.9998 	 0.0006 	 -0.0175
			0 	 0.9994 	 0.0349
			0.0175 	 -0.0349 	 0.9992
			0.0866 	 -0.1042 	 0.0561
		}
	}
	{"piece09"
		{box 2.355 0.58136 26.7841}
		{bone "piece09"}
		{matrix34
			0.9998 	 -0.0063 	 0.017
			0.0042 	 0.9925 	 0.1225
			-0.0176 	 -0.1224 	 0.9923
			-0.0818 	 -0.0679 	 -0.1734
		}
	}
	{"piece10"
		{box 16.8116 0.671677 1.21791}
		{bone "piece10"}
		{matrix34
			0.9998 	 0 	 0.0175
			0 	 1 	 0
			-0.0175 	 0 	 0.9998
			0.0482 	 -0.2472 	 0.0756
		}
	}
	{"piece11"
		{box 35.1363 0.671677 1.21791}
		{bone "piece11"}
		{matrix34
			0.9998 	 0 	 -0.0174
			0 	 1 	 -0.0012
			0.0174 	 0.0012 	 0.9998
			0.138 	 -0.1402 	 0.0177
		}
	}
	{"piece12"
		{box 25.7218 0.671677 1.21791}
		{bone "piece12"}
		{matrix34
			0.9998 	 0 	 -0.0175
			0 	 1 	 0
			0.0175 	 0 	 0.9998
			0.3054 	 0.1442 	 0.1987
		}
	}
}
