;Exported by:	 tolokolnikova
;Date:			 10.04.2018 10:15:27
;File:			 D:\gem2\gem2-mdl-soldiers\models\fence\fence_wood_logs.max
{skeleton
	{bone "ua_fence_basis02a_x"
		{orientation
			1 	 0 	 0
			0 	 -1 	 0
			0 	 0 	 1
		}
		{bone "piece01"
			{Position -9.4571 	 0.2123 	 12.9623}
			{poly "piece01"}
		}
		{bone "piece02"
			{matrix34
				1 	 0 	 0
				0 	 0 	 1
				0 	 -1 	 0
				23.6901 	 -0.2582 	 18.648
			}
			{poly "piece02"}
		}
		{bone "piece03"
			{matrix34
				1 	 0 	 0
				0 	 0 	 1
				0 	 -1 	 0
				8.6976 	 -0.9791 	 18.7379
			}
			{poly "piece03"}
		}
		{bone "piece04"
			{matrix34
				-1 	 0 	 0
				0 	 0 	 1
				0 	 1 	 0
				-2.9453 	 0.2034 	 18.9075
			}
			{poly "piece04"}
		}
		{bone "piece05"
			{matrix34
				-1 	 0 	 0
				0 	 0 	 1
				0 	 1 	 0
				22.0836 	 -0.8288 	 18.1659
			}
			{poly "piece05"}
		}
		{bone "piece06"
			{Position 29.8149 	 1.1415 	 13.4556}
			{poly "piece06"}
		}
		{bone "piece07"
			{Position -19.2753 	 0.7674 	 15.749}
			{poly "piece07"}
		}
		{bone "piece08"
			{Position 20.3478 	 -1.4771 	 11.1749}
			{poly "piece08"}
		}
		{bone "piece09"
			{Position 0.361 	 -1.0417 	 15.9656}
			{poly "piece09"}
		}
		{bone "piece10"
			{Position 10.1733 	 -1.0948 	 17.3287}
			{poly "piece10"}
		}
		{bone "piece11"
			{matrix34
				-1 	 0 	 0
				0 	 0 	 1
				0 	 1 	 0
				-19.6783 	 0.4732 	 18.6791
			}
			{poly "piece11"}
		}
		{bone "piece12"
			{matrix34
				1 	 0 	 0
				0 	 0 	 1
				0 	 -1 	 0
				-18.1059 	 0.8056 	 19.2226
			}
			{poly "piece12"}
		}
		{bone "piece13"
			{matrix34
				0.9962 	 0.0076 	 -0.0868
				-0.0872 	 0.0868 	 -0.9924
				0 	 0.9962 	 0.0872
				10.4479 	 -1.2546 	 22.3714
			}
			{poly "piece13"}
		}
		{bone "piece14"
			{matrix34
				0.6964 	 0.7071 	 0.1228
				0.1736 	 0 	 -0.9848
				-0.6964 	 0.7071 	 -0.1228
				-19.6246 	 1.0406 	 21.5473
			}
			{poly "piece14"}
		}
		{bone "piece15"
			{matrix34
				1 	 0 	 0
				0 	 0.2588 	 -0.9659
				0 	 0.9659 	 0.2588
				-9.4555 	 -0.9656 	 22.296
			}
			{poly "piece15"}
		}
		{bone "fx_wood"
			{Position -3.5962 	 0.4441 	 12.4632}
		}
	}
}
{volume "piece01"
	{box 0.984252 0.984252 21.1635}
	{bone "piece01"}
	{matrix34
		0.7071 	 -0.7071 	 0
		0.7071 	 0.7071 	 0
		0 	 0 	 1
		-0.029 	 0.1156 	 0.0005
	}
}
{volume "piece02"
	{box 12.5613 1.10357 0.762002}
	{bone "piece02"}
	{matrix34
		0.9397 	 0 	 -0.342
		-0.342 	 0 	 -0.9397
		0 	 1 	 0
		0.5992 	 0.1761 	 0.5431
	}
}
{volume "piece03"
	{box 12.5613 1.10357 0.762002}
	{bone "piece03"}
	{matrix34
		1 	 0 	 0
		0 	 0 	 -1
		0 	 1 	 0
		-0.2259 	 0.0863 	 -0.3241
	}
}
{volume "piece04"
	{box 12.5613 1.10357 0.762002}
	{bone "piece04"}
	{matrix34
		-1 	 0 	 0
		0 	 0 	 1
		0 	 1 	 0
		-0.0259 	 -0.0833 	 0.1015
	}
}
{volume "piece05"
	{box 12.5613 1.10357 0.762002}
	{bone "piece05"}
	{matrix34
		-1 	 0 	 0
		0 	 0 	 1
		0 	 1 	 0
		-1.9578 	 0.6583 	 0.2965
	}
}
{volume "piece06"
	{box 0.984252 0.984252 13.9067}
	{bone "piece06"}
	{matrix34
		0.7071 	 -0.7071 	 0
		0.7071 	 0.7071 	 0
		0 	 0 	 1
		-0.0028 	 0.0612 	 -0.0165
	}
}
{volume "piece07"
	{box 0.984252 0.984252 11.733}
	{bone "piece07"}
	{matrix34
		0.7071 	 -0.7071 	 0
		0.7071 	 0.7071 	 0
		0 	 0 	 1
		0.006 	 0.3798 	 -0.7379
	}
}
{volume "piece08"
	{box 0.984252 0.984252 16.8849}
	{bone "piece08"}
	{matrix34
		0.7071 	 -0.7068 	 -0.0203
		0.7071 	 0.7068 	 0.0203
		0 	 -0.0287 	 0.9996
		-0.014 	 -0.0109 	 0.1283
	}
}
{volume "piece09"
	{box 0.984252 0.984252 10.7987}
	{bone "piece09"}
	{matrix34
		0.7071 	 -0.7071 	 0
		0.7071 	 0.7071 	 0
		0 	 0 	 1
		0.0391 	 0.0349 	 -0.1282
	}
}
{volume "piece10"
	{box 0.984252 0.984252 9.54472}
	{bone "piece10"}
	{matrix34
		0.7071 	 -0.7071 	 0
		0.7071 	 0.7071 	 0
		0 	 0 	 1
		0.0226 	 -0.1131 	 0.086
	}
}
{volume "piece11"
	{box 19.6026 1.09264 0.762002}
	{bone "piece11"}
	{matrix34
		-1 	 0 	 0
		0 	 0 	 1
		0 	 1 	 0
		-0.5716 	 0.4882 	 -0.0979
	}
}
{volume "piece12"
	{box 19.6026 1.09264 0.762002}
	{bone "piece12"}
	{matrix34
		1 	 0 	 0
		0 	 0 	 -1
		0 	 1 	 0
		-1.0008 	 -0.0553 	 -0.5349
	}
}
{volume "piece13"
	{box 3.65971 1.77132 5.83644}
	{bone "piece13"}
	{matrix34
		0.9962 	 -0.0872 	 0
		0.0076 	 0.0868 	 0.9962
		-0.0868 	 -0.9924 	 0.0872
		0.2665 	 -0.1396 	 -0.2713
	}
}
{volume "piece14"
	{box 1.64687 1.77132 2.68476}
	{bone "piece14"}
	{matrix34
		0.6964 	 0.1736 	 -0.6964
		0.7071 	 0 	 0.7071
		0.1228 	 -0.9848 	 -0.1228
		0.3417 	 -0.058 	 -0.0972
	}
}
{volume "piece15"
	{box 0.984252 1.95866 4.36814}
	{bone "piece15"}
	{matrix34
		0.7071 	 -0.183 	 -0.683
		0.7071 	 0.183 	 0.683
		0 	 -0.9659 	 0.2588
		-0.0307 	 0.0865 	 0.5693
	}
}
