;Exported by:	 KobaA
;Date:			 24.05.2022 10:35:52
;File:			 G:\_GIT_\gem2\gem2-mdl-soldiers\models\unit\vehicle\Sd_kfz_251_16_Ausf_D\Sdkfz_251_16_Ausf_D_xx.max
{skeleton
	{bone "basis"
		{parameters "steermax=30;"}
		{orientation
			1 	 0 	 0
			0 	 -1 	 0
			0 	 0 	 1
		}
		{bone "body"
			{parameters "id=body;"}
			{Position 0 	 0 	 14.3088}
			{LODView
				{poly "body"}
				{poly "body_lod1"}
				{poly "body_lod2"}
				{poly "body_lod3"}
			}
			{bone "part4"
				{matrix34
					0.866 	 0 	 0.5
					0 	 1 	 0
					-0.5 	 0 	 0.866
					-55.5275 	 10.3993 	 15.5724
				}
				{LODView
					{poly "part4"}
					{poly "part4_lod1"}
					{poly "part4_lod2"}
					{poly "part4_lod3"}
				}
			}
			{bone "part5"
				{matrix34
					0.866 	 0 	 0.5
					0 	 1 	 0
					-0.5 	 0 	 0.866
					-55.9364 	 -10.4012 	 16.2858
				}
				{LODView
					{poly "part5"}
					{poly "part5_lod1"}
					{poly "part5_lod2"}
					{poly "part5_lod3"}
				}
			}
			{bone "engine"
				{parameters "id=engine;"}
				{Position 40.0629 	 -0.0022 	 3.9807}
				{LODView
					{poly "engine"}
					{poly "engine_lod1"}
					{poly "engine_lod2"}
					{poly "engine_lod3"}
				}
				{bone "fxfire1"
					{matrix34
						0 	 0 	 1
						0 	 1 	 0
						-1 	 0 	 0
						-3.6743 	 0.0022 	 8.8367
					}
				}
				{bone "cover1"
					{parameters "id=engine;"}
					{matrix34
						0.9775 	 -0.1724 	 -0.1219
						0.1736 	 0.9848 	 0
						0.12 	 -0.0212 	 0.9925
						-3.3548 	 8.9284 	 9.9552
					}
					{LODView
						{poly "cover1"}
						{poly "cover1_lod1"}
						{poly "cover1_lod2"}
						{poly "cover1_lod3"}
					}
				}
				{bone "cover2"
					{parameters "id=engine;"}
					{matrix34
						0.9775 	 0.1736 	 -0.12
						-0.1724 	 0.9848 	 0.0212
						0.1219 	 0 	 0.9925
						-3.3548 	 -8.924 	 9.9563
					}
					{LODView
						{poly "cover2"}
						{poly "cover2_lod1"}
						{poly "cover2_lod2"}
						{poly "cover2_lod3"}
					}
				}
			}
			{bone revolute "turret"
				{parameters "id=turret;"}
				{limits -45 45}
				{speed 0.05}
				{Position 6.7599 	 0.1658 	 20.8312}
				{LODView
					{poly "turret"}
					{poly "turret_lod1"}
					{poly "turret_lod2"}
					{poly "turret_lod3"}
				}
			}
			{bone revolute "wheell2"
				{parameters "id=wheelleft;support=1;radius=0.36;"}
				{matrix34
					-1 	 0 	 0
					0 	 0 	 1
					0 	 1 	 0
					26.6021 	 16.165 	 -4.1893
				}
				{LODView
					{poly "wheell2"}
					{poly "wheell2_lod1"}
					{poly "wheell2_lod2"}
					{poly "wheell2_lod3"}
				}
			}
			{bone "storage"
				{parameters "id=body;"}
				{Position -26.3948 	 0 	 8.9768}
				{LODView
					{poly "storage"}
					{poly "storage_lod1"}
					{poly "storage_lod2"}
					{poly "storage_lod3"}
				}
			}
			{bone "enumerator"
				{parameters "id=body;"}
				{matrix34
					0.9993 	 -0.0381 	 0
					0.0313 	 0.8213 	 0.5696
					-0.0217 	 -0.5692 	 0.8219
					-8.0209 	 16.4121 	 16.4492
				}
				{poly "enumerator"}
			}
			{bone "enumerator1"
				{parameters "id=body;"}
				{matrix34
					-0.9988 	 -0.0492 	 0
					0.0404 	 -0.8209 	 0.5696
					-0.028 	 0.5689 	 0.8219
					-8.0153 	 -16.3596 	 16.5426
				}
				{poly "enumerator1"}
			}
			{bone revolute "wheelr2"
				{parameters "id=wheelright;support=1;radius=0.36;"}
				{matrix34
					-1 	 0 	 0
					0 	 0 	 1
					0 	 1 	 0
					26.6015 	 -16.165 	 -4.1893
				}
				{LODView
					{poly "wheelr2"}
					{poly "wheelr2_lod1"}
					{poly "wheelr2_lod2"}
					{poly "wheelr2_lod3"}
				}
			}
			{bone "part1"
				{Position -26.3948 	 0 	 8.9768}
				{LODView
					{poly "part1"}
					{poly "part1_lod1"}
					{poly "part1_lod2"}
					{poly "part1_lod3"}
				}
			}
			{bone "part3"
				{matrix34
					-0.4226 	 0.9063 	 0
					0 	 0 	 1
					0.9063 	 0.4226 	 0
					-15.1203 	 15.4693 	 24.7157
				}
				{LODView
					{poly "part3"}
					{poly "part3_lod1"}
					{poly "part3_lod2"}
					{poly "part3_lod3"}
				}
			}
			{bone "part2"
				{matrix34
					0.25 	 -0.933 	 -0.2588
					0.067 	 -0.25 	 0.9659
					-0.9659 	 -0.2588 	 0
					-25.4424 	 -15.4148 	 24.7157
				}
				{LODView
					{poly "part2"}
					{poly "part2_lod1"}
					{poly "part2_lod2"}
					{poly "part2_lod3"}
				}
			}
			{bone "pivot_back"
				{Position -24.9502 	 0 	 -8.9174}
				{bone "spring_r"
					{parameters "lastpose=undefined;"}
					{matrix34
						1 	 0 	 0
						0 	 0 	 1
						0 	 -1 	 0
						-0.0879 	 -7.8681 	 -0.4728
					}
					{bone "fxtracer2"
						{matrix34
							-0.9659 	 0.2588 	 0
							0 	 0 	 1
							0.2588 	 0.9659 	 0
							-5.2024 	 -4.9186 	 8.913
						}
					}
					{bone revolute "rollerr3_joint"
						{limits -13 20}
						{Position 44.3882 	 3.5651 	 4.0162}
						{bone "suspr3"
							{parameters "id=trackright;"}
							{Position 0 	 0 	 0}
							{LODView
								{poly "suspr3"}
								{poly "suspr3"}
								{poly "suspr3"}
								{poly "suspr3"}
							}
							{bone "rollerr3"
								{parameters "radius=0.36;"}
								{matrix34
									1 	 0 	 0
									0 	 0 	 -1
									0 	 1 	 0
									-5.4903 	 -0.5494 	 6.5294
								}
								{bone revolute "wheelr3"
									{parameters "id=trackright;radius=0.36;"}
									{matrix34
										-1 	 0 	 0
										0 	 0 	 1
										0 	 1 	 0
										0 	 0 	 0
									}
									{LODView
										{poly "wheelr3"}
										{poly "wheelr3_lod1"}
										{poly "wheelr3_lod2"}
										{poly "wheelr3_lod3"}
									}
								}
							}
						}
					}
					{bone revolute "rollerr4_joint"
						{limits -13 20}
						{Position 37.0545 	 3.5651 	 4.0162}
						{bone "suspr4"
							{parameters "id=trackright;"}
							{Position 0 	 0 	 0}
							{LODView
								{poly "suspr3"}
								{poly "suspr3"}
								{poly "suspr3"}
								{poly "suspr3"}
							}
							{bone "rollerr4"
								{parameters "radius=0.36;"}
								{matrix34
									1 	 0 	 0
									0 	 0 	 -1
									0 	 1 	 0
									-5.3782 	 -0.5494 	 5.8152
								}
								{bone revolute "wheelr4"
									{parameters "id=trackright;radius=0.36;"}
									{matrix34
										-1 	 0 	 0
										0 	 0 	 1
										0 	 1 	 0
										0 	 0 	 0
									}
									{LODView
										{poly "wheelr4"}
										{poly "wheelr4_lod1"}
										{poly "wheelr4_lod2"}
										{poly "wheelr4_lod3"}
									}
								}
							}
						}
					}
					{bone revolute "rollerr5_joint"
						{limits -13 20}
						{Position 29.7476 	 3.5651 	 4.0162}
						{bone "suspr5"
							{parameters "id=trackright;"}
							{Position 0 	 0 	 0}
							{LODView
								{poly "suspr3"}
								{poly "suspr3"}
								{poly "suspr3"}
								{poly "suspr3"}
							}
							{bone "rollerr5"
								{parameters "radius=0.36;"}
								{matrix34
									1 	 0 	 0
									0 	 0 	 -1
									0 	 1 	 0
									-5.4579 	 -0.5494 	 6.5294
								}
								{bone revolute "wheelr5"
									{parameters "id=trackright;radius=0.36;"}
									{matrix34
										-1 	 0 	 0
										0 	 0 	 1
										0 	 1 	 0
										0 	 0 	 0
									}
									{LODView
										{poly "wheelr5"}
										{poly "wheelr5_lod1"}
										{poly "wheelr5_lod2"}
										{poly "wheelr5_lod3"}
									}
								}
							}
						}
					}
					{bone revolute "rollerr6_joint"
						{limits -13 20}
						{Position 22.4043 	 3.5651 	 4.0162}
						{bone "suspr6"
							{parameters "id=trackright;"}
							{Position 0 	 0 	 0}
							{LODView
								{poly "suspr3"}
								{poly "suspr3"}
								{poly "suspr3"}
								{poly "suspr3"}
							}
							{bone "rollerr6"
								{parameters "radius=0.36;"}
								{matrix34
									1 	 0 	 0
									0 	 0 	 -1
									0 	 1 	 0
									-5.5917 	 -0.5494 	 5.8152
								}
								{bone revolute "wheelr6"
									{parameters "id=trackright;radius=0.36;"}
									{matrix34
										-1 	 0 	 0
										0 	 0 	 1
										0 	 1 	 0
										0 	 0 	 0
									}
									{LODView
										{poly "wheelr6"}
										{poly "wheelr6_lod1"}
										{poly "wheelr6_lod2"}
										{poly "wheelr6_lod3"}
									}
								}
							}
						}
					}
					{bone revolute "rollerr9_joint"
						{limits -13 20}
						{Position -7.6067 	 5.5547 	 5.4069}
						{bone "suspr9"
							{parameters "id=trackright;"}
							{LODView
								{poly "suspr9"}
								{poly "suspr9"}
								{poly "suspr9"}
								{poly "suspr9"}
							}
							{bone "rollerr9"
								{parameters "radius=0.36;"}
								{matrix34
									-1 	 0 	 0
									0 	 0 	 -1
									0 	 -1 	 0
									0.4748 	 -2.0938 	 2.89
								}
								{bone revolute "wheelr9"
									{parameters "id=trackright;radius=0.36;"}
									{matrix34
										-1 	 0 	 0
										0 	 0 	 1
										0 	 1 	 0
										0 	 0 	 0
									}
									{LODView
										{poly "wheelr9"}
										{poly "wheelr9_lod1"}
										{poly "wheelr9_lod2"}
										{poly "wheelr9_lod3"}
									}
								}
							}
						}
					}
					{bone "trackr"
						{parameters "commonmesh;id=trackright;"}
						{matrix34
							1 	 0 	 0
							0 	 0 	 -1
							0 	 1 	 0
							22.1912 	 3.9925 	 8.913
						}
						{poly "trackr"}
					}
				}
				{bone "spring_l"
					{matrix34
						1 	 0 	 0
						0 	 0 	 1
						0 	 -1 	 0
						-0.0879 	 7.773 	 -0.4728
					}
					{bone "fxtracel2"
						{parameters "radius=0.33;"}
						{matrix34
							-0.9659 	 0.2588 	 0
							0 	 0 	 1
							0.2588 	 0.9659 	 0
							-5.2024 	 -4.9186 	 -9.0081
						}
					}
					{bone revolute "rollerl3_joint"
						{limits -13 20}
						{Position 44.3882 	 3.565 	 -4.1114}
						{bone "suspl3"
							{parameters "id=trackleft;"}
							{Position 0 	 0 	 0}
							{LODView
								{poly "suspl3"}
								{poly "suspl3"}
								{poly "suspl3"}
								{poly "suspl3"}
							}
							{bone "rollerl3"
								{parameters "radius=0.36;"}
								{matrix34
									1 	 0 	 0
									0 	 0 	 -1
									0 	 1 	 0
									-5.4903 	 -0.5495 	 -4.2806
								}
								{bone revolute "wheell3"
									{parameters "id=trackleft;radius=0.36;"}
									{matrix34
										-1 	 0 	 0
										0 	 0 	 1
										0 	 1 	 0
										0 	 0 	 0
									}
									{LODView
										{poly "wheell3"}
										{poly "wheell3_lod1"}
										{poly "wheell3_lod2"}
										{poly "wheell3_lod3"}
									}
								}
							}
						}
					}
					{bone revolute "rollerl5_joint"
						{limits -13 20}
						{Position 29.7476 	 3.565 	 -4.1114}
						{bone "suspl5"
							{parameters "id=trackleft;"}
							{Position 0 	 0 	 0}
							{LODView
								{poly "suspl3"}
								{poly "suspl3"}
								{poly "suspl3"}
								{poly "suspl3"}
							}
							{bone "rollerl5"
								{parameters "radius=0.36;"}
								{matrix34
									1 	 0 	 0
									0 	 0 	 -1
									0 	 1 	 0
									-5.4579 	 -0.5495 	 -4.2806
								}
								{bone revolute "wheell5"
									{parameters "id=trackleft;radius=0.36;"}
									{matrix34
										-1 	 0 	 0
										0 	 0 	 1
										0 	 1 	 0
										0 	 0 	 0
									}
									{LODView
										{poly "wheell5"}
										{poly "wheell5_lod1"}
										{poly "wheell5_lod2"}
										{poly "wheell5_lod3"}
									}
								}
							}
						}
					}
					{bone revolute "rollerl6_joint"
						{limits -13 20}
						{Position 22.4043 	 3.565 	 -4.1114}
						{bone "suspl6"
							{parameters "id=trackleft;"}
							{Position 0 	 0 	 0}
							{LODView
								{poly "suspl3"}
								{poly "suspl3"}
								{poly "suspl3"}
								{poly "suspl3"}
							}
							{bone "rollerl6"
								{parameters "radius=0.36;"}
								{matrix34
									-1 	 0 	 0
									0 	 0 	 -1
									0 	 -1 	 0
									-5.4799 	 -0.5501 	 -4.2807
								}
								{bone revolute "wheell6"
									{parameters "id=trackleft;radius=0.36;"}
									{matrix34
										1 	 0 	 0
										0 	 0 	 -1
										0 	 1 	 0
										0 	 0 	 0
									}
									{LODView
										{poly "wheell6"}
										{poly "wheell6_lod1"}
										{poly "wheell6_lod2"}
										{poly "wheell6_lod3"}
									}
								}
							}
						}
					}
					{bone revolute "rollerl7_joint"
						{limits -13 20}
						{Position 15.0547 	 3.565 	 -4.1114}
						{bone "suspl7"
							{parameters "id=trackleft;"}
							{Position 0 	 0 	 0}
							{LODView
								{poly "suspl3"}
								{poly "suspl3"}
								{poly "suspl3"}
								{poly "suspl3"}
							}
							{bone "rollerl7"
								{parameters "radius=0.36;"}
								{matrix34
									1 	 0 	 0
									0 	 0 	 -1
									0 	 1 	 0
									-5.439 	 -0.5495 	 -4.2806
								}
								{bone revolute "wheell7"
									{parameters "id=trackleft;radius=0.36;"}
									{matrix34
										-1 	 0 	 0
										0 	 0 	 1
										0 	 1 	 0
										0 	 0 	 0
									}
									{LODView
										{poly "wheell7"}
										{poly "wheell7_lod1"}
										{poly "wheell7_lod2"}
										{poly "wheell7_lod3"}
									}
								}
							}
						}
					}
					{bone revolute "rollerl9_joint"
						{limits -13 20}
						{Position -7.6067 	 5.5547 	 -5.502}
						{bone "suspl9"
							{parameters "id=trackleft;"}
							{Position 0 	 0 	 0}
							{LODView
								{poly "suspl9"}
								{poly "suspl9"}
								{poly "suspl9"}
								{poly "suspl9"}
							}
							{bone "rollerl9"
								{parameters "radius=0.36;"}
								{matrix34
									-1 	 0 	 0
									0 	 0 	 -1
									0 	 -1 	 0
									0.4749 	 -2.0937 	 -2.89
								}
								{bone revolute "wheell9"
									{parameters "id=trackleft;radius=0.36;"}
									{matrix34
										-1 	 0 	 0
										0 	 0 	 1
										0 	 1 	 0
										0 	 0 	 0
									}
									{LODView
										{poly "wheell9"}
										{poly "wheell9_lod1"}
										{poly "wheell9_lod2"}
										{poly "wheell9_lod3"}
									}
								}
							}
						}
					}
					{bone "trackl"
						{parameters "commonmesh;id=trackleft;"}
						{matrix34
							-1 	 0 	 0
							0 	 0 	 1
							0 	 1 	 0
							22.1912 	 3.9925 	 -9.0081
						}
						{poly "trackl"}
					}
				}
			}
		}
		{bone "pivot_front"
			{Position 48.9022 	 0.0048 	 6.7694}
			{bone revolute "align_front"
				{limits -3 3}
				{speed 0.001}
				{matrix34
					0 	 0 	 1
					0 	 -1 	 0
					1 	 0 	 0
					1.6665 	 -0.0048 	 2.5018
				}
				{LODView
					{poly "align_front"}
					{poly "align_front_lod1"}
					{poly "align_front_lod2"}
					{poly "align_front_lod3"}
				}
				{bone revolute "steer_l1"
					{matrix34
						0 	 0 	 1
						0 	 1 	 0
						-1 	 0 	 0
						-0.0175 	 -15.3074 	 0.0362
					}
					{LODView
						{poly "steer_l1"}
						{poly "steer_l1_lod1"}
						{poly "steer_l1_lod2"}
						{poly "steer_l1_lod3"}
					}
					{bone "part6"
						{matrix34
							-1 	 0 	 0
							0 	 0 	 -1
							0 	 -1 	 0
							-0.0362 	 -2.779 	 -0.0175
						}
						{LODView
							{poly "part6"}
							{poly "part6_lod1"}
							{poly "part6_lod2"}
							{poly "part6_lod3"}
						}
					}
				}
				{bone revolute "steer_r1"
					{matrix34
						0 	 0 	 1
						0 	 1 	 0
						-1 	 0 	 0
						-0.0175 	 15.3074 	 0.0363
					}
					{LODView
						{poly "steer_r1"}
						{poly "steer_r1_lod1"}
						{poly "steer_r1_lod2"}
						{poly "steer_r1_lod3"}
					}
					{bone revolute "wheelr1"
						{parameters "id=wheelright;"}
						{matrix34
							-1 	 0 	 0
							0 	 0 	 -1
							0 	 -1 	 0
							-0.0363 	 2.7791 	 -0.0175
						}
						{LODView
							{poly "wheelr1"}
							{poly "wheelr1_lod1"}
							{poly "wheelr1_lod2"}
							{poly "wheelr1_lod3"}
						}
					}
				}
			}
		}
	}
}
{volume "body01"
	{polyhedron}
	{bone "body"}
	{Position 12.0315 	 0 	 16.022}
}
{volume "body02"
	{polyhedron}
	{bone "body"}
	{Position -0.9109 	 0 	 -6.0438}
}
{volume "body03"
	{box 0.393701 28.5433 4.33071}
	{bone "body"}
	{matrix34
		0.342 	 0 	 -0.9397
		0 	 1 	 0
		0.9397 	 0 	 0.342
		-55.5521 	 0 	 19.8466
	}
}
{volume "body04"
	{box 61.0236 0.688976 10.0394}
	{bone "body"}
	{matrix34
		1 	 0 	 0
		0 	 0.8192 	 -0.5736
		0 	 0.5736 	 0.8192
		-24.8223 	 -16.9423 	 16.6353
	}
}
{volume "body05"
	{box 61.0236 0.688976 10.0394}
	{bone "body"}
	{matrix34
		1 	 0 	 0
		0 	 0.8192 	 0.5736
		0 	 -0.5736 	 0.8192
		-24.8224 	 17.0464 	 16.5603
	}
}
{volume "body06"
	{box 62.9921 5.90551 8.85827}
	{bone "body"}
	{Position -12.0325 	 -17.1369 	 8.1865}
}
{volume "body07"
	{polyhedron}
	{bone "body"}
	{matrix34
		1 	 0 	 0
		0 	 0.8192 	 -0.5736
		0 	 0.5736 	 0.8192
		-11.6747 	 10.2001 	 -1.2956
	}
}
{volume "body08"
	{polyhedron}
	{bone "body"}
	{matrix34
		1 	 0 	 0
		0 	 0.8192 	 0.5736
		0 	 -0.5736 	 0.8192
		-11.6747 	 -10.1999 	 -1.2852
	}
}
{volume "body09"
	{polyhedron}
	{bone "body"}
	{matrix34
		0.6947 	 0 	 0.7193
		0 	 1 	 0
		-0.7193 	 0 	 0.6947
		-45.4655 	 12.4587 	 -0.9155
	}
}
{volume "body10"
	{polyhedron}
	{bone "body"}
	{matrix34
		-0.9658 	 0.0175 	 -0.2588
		-0.0169 	 -0.9998 	 -0.0045
		-0.2588 	 0 	 0.9659
		-45.6323 	 -12.4551 	 -0.8896
	}
}
{volume "body11"
	{box 62.9921 5.90551 8.85827}
	{bone "body"}
	{Position -12.0325 	 17.1371 	 8.191}
}
{volume "engine"
	{polyhedron}
	{bone "engine"}
	{Position -1.0562 	 0 	 -7.1858}
}
{volume "fuel"
	{box 33.5553 20.6693 3.47324}
	{bone "body"}
	{Position -15.8276 	 0 	 -7.9753}
}
{volume "part1"
	{box 8.80491 18.0997 4.97047}
	{bone "part1"}
	{Position -15.1893 	 0.0909 	 4.4948}
}
{volume "part2_01"
	{box 0.393701 7.28346 8.85827}
	{bone "part2"}
	{matrix34
		0.6803 	 0.5789 	 -0.4495
		-0.3564 	 -0.2746 	 -0.8931
		-0.6404 	 0.7678 	 0.0195
		0.3438 	 -0.2585 	 -3.435
	}
}
{volume "part2_02"
	{box 0.393701 7.28346 8.85827}
	{bone "part2"}
	{matrix34
		0.6273 	 0.6359 	 0.4495
		0.3311 	 0.3047 	 -0.8931
		-0.7049 	 0.7091 	 -0.0195
		0.1453 	 -0.4334 	 3.1468
	}
}
{volume "part2_03"
	{cylinder 0.885827 17.0746}
	{bone "part2"}
	{matrix34
		0.0089 	 -0.0804 	 0.9967
		-0.0422 	 -0.9959 	 -0.08
		0.9991 	 -0.0413 	 -0.0122
		9.8495 	 -0.1375 	 0.1213
	}
}
{volume "part3_01"
	{box 0.393701 7.28346 8.85827}
	{bone "part3"}
	{matrix34
		0.8917 	 0.3113 	 -0.3286
		-0.3004 	 -0.1362 	 -0.944
		-0.3386 	 0.9405 	 -0.0279
		-0.0217 	 -0.1919 	 -3.6131
	}
}
{volume "part3_02"
	{box 0.393701 7.28346 8.85827}
	{bone "part3"}
	{matrix34
		0.7705 	 0.4519 	 0.4495
		0.3987 	 0.2086 	 -0.8931
		-0.4973 	 0.8673 	 -0.0195
		-0.2657 	 -0.4562 	 3.1787
	}
}
{volume "part3_03"
	{cylinder 0.885827 17.0746}
	{bone "part3"}
	{matrix34
		-0.0084 	 -0.0879 	 0.9961
		-0.1884 	 -0.9781 	 -0.0879
		0.9821 	 -0.1884 	 -0.0084
		9.7287 	 -1.7158 	 -0.3228
	}
}
{volume "part4"
	{box 0.590551 10.4331 23.622}
	{bone "part4"}
	{matrix34
		-0.1736 	 -0.9848 	 0.0087
		0.9848 	 -0.1736 	 0
		0.0015 	 0.0086 	 1
		-4.9505 	 1.3267 	 -6.5479
	}
}
{volume "part5"
	{box 0.590551 10.4331 23.622}
	{bone "part5"}
	{matrix34
		-0.5878 	 0.809 	 0.0087
		-0.809 	 -0.5878 	 0
		0.0051 	 -0.0071 	 1
		-4.3574 	 -2.7361 	 -7.3818
	}
}
{volume "trackleft"
	{box 72.2782 5.4768 15.5516}
	{bone "trackl"}
	{matrix34
		-1 	 0 	 0
		0 	 -1 	 0
		0 	 0 	 1
		0.3051 	 0.0242 	 -1.1354
	}
}
{volume "trackright"
	{box 72.2782 5.4768 15.5516}
	{bone "trackr"}
	{Position -0.3051 	 0.0242 	 -1.1354}
}
{volume "turret01"
	{box 0.393701 7.28346 8.85827}
	{bone "turret"}
	{matrix34
		0.8426 	 0.4495 	 0.2966
		-0.4312 	 0.8931 	 -0.1287
		-0.3227 	 -0.0195 	 0.9463
		0.3901 	 3.2531 	 3.7182
	}
}
{volume "turret02"
	{box 0.393701 7.28346 8.85827}
	{bone "turret"}
	{matrix34
		0.7705 	 -0.4495 	 0.4519
		0.3987 	 0.8931 	 0.2086
		-0.4973 	 0.0195 	 0.8673
		-0.2691 	 -3.3288 	 3.4283
	}
}
{volume "wheelleft1"
	{cylinder 6.49606 4.38861}
	{bone "part6"}
	{matrix34
		-1 	 0 	 0
		0 	 -1 	 0
		0 	 0 	 1
		0 	 0 	 -0.577
	}
}
{volume "wheelright1"
	{cylinder 6.49606 4.38861}
	{bone "wheelr1"}
	{matrix34
		1 	 0 	 0
		0 	 -1 	 0
		0 	 0 	 -1
		0 	 0 	 0.577
	}
}
