;Exported by	: KobaA
;Date			: 16.01.2024 17:41:35
;File			: d:\git\gem2-mdl-soldiers\models\building\house_d\d_001_x_fort.max
{skeleton
	{bone "d001_piece10_point"
		{orientation
			1 	 0 	 0
			0 	 -1 	 0
			0 	 0 	 1
		}
		{bone "piece01"
			{Position 33.2407 	 20.3663 	 3.2524}
			{poly "piece01"}
		}
		{bone "piece02"
			{Position 33.2407 	 -0.0735 	 -19.5827}
			{poly "piece02"}
		}
		{bone "piece03"
			{matrix34
				1 	 0 	 0
				0 	 0.1357 	 -0.9908
				0 	 0.9908 	 0.1357
				33.2407 	 -26.9773 	 -15.6913
			}
			{poly "piece03"}
		}
		{bone "piece04"
			{matrix34
				0.0658 	 0 	 -0.9978
				0 	 1 	 0
				0.9978 	 0 	 0.0658
				-15.9993 	 36.6745 	 -17.5398
			}
			{poly "piece04"}
		}
		{bone "piece05"
			{Position 5.8334 	 36.6746 	 -5.2261}
			{poly "piece05"}
		}
		{bone "piece06"
			{Position 8.0445 	 36.6746 	 14.8737}
			{poly "piece06"}
		}
		{bone "piece07"
			{Position 26.2461 	 36.6746 	 -20.7377}
			{poly "piece07"}
		}
		{bone "sub_piece01"
			{Position 33.2407 	 -4.7941 	 11.25}
			{poly "sub_piece01"}
		}
		{bone "sub_piece02"
			{Position 33.2407 	 25.2085 	 -18.8665}
			{poly "sub_piece02"}
		}
		{bone "sub_piece03"
			{matrix34
				1 	 0 	 0
				0 	 0.905 	 -0.4254
				0 	 0.4254 	 0.905
				33.2407 	 -23.5626 	 9.4449
			}
			{poly "sub_piece03"}
		}
		{bone "sub_piece04"
			{Position 28.609 	 36.6745 	 1.7441}
			{poly "sub_piece04"}
		}
		{bone "sub_piece05"
			{Position -13.9387 	 36.6746 	 2.8377}
			{poly "sub_piece05"}
		}
		{bone "sub_piece06"
			{Position 6.4012 	 36.6746 	 -26.3422}
			{poly "sub_piece06"}
		}
		{bone "sub_piece07"
			{matrix34
				0 	 -1 	 0
				0.919 	 0 	 -0.3942
				0.3942 	 0 	 0.919
				30.5107 	 11.7307 	 20.567
			}
			{poly "sub_piece07"}
		}
		{bone "sub_piece08"
			{matrix34
				-0.3907 	 0 	 -0.9205
				0 	 -1 	 0
				0.9205 	 0 	 -0.3907
				16.2391 	 -4.7661 	 26.8964
			}
			{poly "sub_piece08"}
		}
		{bone "sub_piece09"
			{matrix34
				-0.3907 	 0 	 -0.9205
				0 	 -1 	 0
				0.9205 	 0 	 -0.3907
				30.2186 	 -22.2736 	 20.8228
			}
			{poly "sub_piece09"}
		}
	}
}
{"volumes"
	{"piece01"
		{box 5.90551 24.4651 14.1501}
		{bone "piece01"}
		{Position 0 	 -1.7284 	 -0.4174}
	}
	{"piece02"
		{box 5.90551 24.4651 14.1501}
		{bone "piece02"}
		{Position 0 	 -1.6556 	 -0.2833}
	}
	{"piece03"
		{box 5.90551 23.0563 11.545}
		{bone "piece03"}
		{matrix34
			1 	 0 	 0
			0 	 0.9848 	 -0.1736
			0 	 0.1736 	 0.9848
			0 	 0.6598 	 1.1007
		}
	}
	{"piece04"
		{box 13.7954 7.87402 24.0327}
		{bone "piece04"}
		{matrix34
			0.7314 	 0 	 -0.682
			0 	 1 	 0
			0.682 	 0 	 0.7314
			0.14 	 0 	 -0.5112
		}
	}
	{"piece05"
		{box 26.0291 7.87402 14.6541}
		{bone "piece05"}
		{Position -0.0118 	 0 	 0.319}
	}
	{"piece06"
		{box 28.7671 7.87402 13.1133}
		{bone "piece06"}
		{Position 0 	 0 	 -0.0212}
	}
	{"piece07"
		{box 16.9726 7.87402 19.5388}
		{bone "piece07"}
		{Position 0.351 	 0 	 1.4879}
	}
	{"sub_piece01"
		{box 5.90551 8.06687 9.08286}
		{bone "sub_piece01"}
		{matrix34
			1 	 0 	 0
			0 	 0 	 1
			0 	 -1 	 0
			0 	 0.3902 	 1.2344
		}
	}
	{"sub_piece02"
		{box 5.90551 15.1684 12.3106}
		{bone "sub_piece02"}
		{Position 0 	 -0.1438 	 0.5878}
	}
	{"sub_piece03"
		{box 5.90551 15.1684 12.3106}
		{bone "sub_piece03"}
		{Position 0 	 -0.1438 	 0.0479}
	}
	{"sub_piece04"
		{box 13.7954 7.87402 10.844}
		{bone "sub_piece04"}
		{Position -0.7219 	 0 	 0.347}
	}
	{"sub_piece05"
		{box 9.74531 7.87402 14.6541}
		{bone "sub_piece05"}
		{Position 0.9389 	 0 	 0.4577}
	}
	{"sub_piece06"
		{box 9.16519 7.87402 14.6541}
		{bone "sub_piece06"}
		{Position -0.7657 	 0 	 1.4862}
	}
	{"sub_piece07"
		{box 11.6938 12.7576 0.734194}
		{bone "sub_piece07"}
		{matrix34
			0 	 -1 	 -0.005
			1 	 0 	 0
			0 	 -0.005 	 1
			-1.3226 	 -0.0607 	 0.1706
		}
	}
	{"sub_piece08"
		{box 18.3528 12.8865 0.734194}
		{bone "sub_piece08"}
		{matrix34
			-0.0012 	 0 	 1
			0 	 -1 	 0
			1 	 0 	 0.0012
			0.1567 	 1.4573 	 -0.9012
		}
	}
	{"sub_piece09"
		{box 16.2414 12.8865 0.734194}
		{bone "sub_piece09"}
		{matrix34
			-0.0012 	 0 	 1
			0 	 -1 	 0
			1 	 0 	 0.0012
			0.1316 	 1.8383 	 0.0057
		}
	}
}
