;Exported by	: Inna
;Date			: 06.11.2023 21:10:28
;File			: F:\GIT\gem2-mdl-soldiers\models\entourage\d\table_1.max
{skeleton
	{bone "chair"
		{orientation
			1 	 0 	 0
			0 	 -1 	 0
			0 	 0 	 1
		}
		{bone "body"
			{matrix34
				0 	 1 	 0
				-1 	 0 	 0
				0 	 0 	 1
				-1.3827 	 0.0137 	 8.0436
			}
			{poly "body"}
		}
	}
}
{obstacle "obstacle01"
	{obb2
		{center -0.34927 -0.0884018}
		{extent 4.471 4.5012}
		{axis 4.66599e-08 1}
	}
	{rotate}
}
{"volumes"
	{"body01"
		{box 8.63979 7.5619 1.19837}
		{bone "body"}
		{Position 0.0708 	 -1.3457 	 -0.2084}
	}
	{"body02"
		{box 0.630622 0.641949 8.21599}
		{bone "body"}
		{Position 3.8716 	 -4.2355 	 -4.7618}
	}
	{"body03"
		{box 0.813502 0.995021 8.21599}
		{bone "body"}
		{matrix34
			0.9961 	 0 	 -0.0887
			0.0149 	 0.9858 	 0.1672
			0.0875 	 -0.1679 	 0.9819
			-3.3325 	 3.3042 	 -4.7736
		}
	}
	{"body04"
		{box 0.813502 0.995021 8.21599}
		{bone "body"}
		{matrix34
			0.9946 	 0 	 0.1041
			-0.0175 	 0.9858 	 0.167
			-0.1026 	 -0.1679 	 0.9804
			3.3715 	 3.3042 	 -4.7797
		}
	}
	{"body05"
		{box 0.630622 0.641949 8.21599}
		{bone "body"}
		{Position -3.8628 	 -4.2355 	 -4.7618}
	}
	{"body06"
		{box 7.5816 2.78958 1.16242}
		{bone "body"}
		{matrix34
			1 	 0 	 0
			0 	 0.1717 	 0.9852
			0 	 -0.9852 	 0.1717
			-0.064 	 3.7255 	 8.46
		}
	}
}
