;Exported by	: Oleksandr Tsaprylov
;Date			: 14.01.2023 16:29:23
;File			: E:\projects\gem2-mdl-soldiers\models\entourage\net\net_x.max
{skeleton
	{animation
		{sequence "crush" {speed 0.7}}
	}
	{bone "net_x"
		{orientation
			1 	 0 	 0
			0 	 -1 	 0
			0 	 0 	 1
		}
		{bone "net_fabric"
			{matrix34
				0 	 -1 	 0
				0 	 0 	 1
				-1 	 0 	 0
				-7.4258 	 6.3158 	 28.3926
			}
			{poly "net_fabric"}
		}
		{bone "middle1"
			{matrix34
				0 	 -1 	 0
				1 	 0 	 0
				0 	 0 	 1
				-21.1514 	 -3.2767 	 22.1174
			}
		}
		{bone "middle2"
			{matrix34
				0 	 -1 	 0
				1 	 0 	 0
				0 	 0 	 1
				5.7048 	 33.0639 	 28.4547
			}
		}
		{bone "middle3"
			{matrix34
				0 	 -1 	 0
				1 	 0 	 0
				0 	 0 	 1
				5.9181 	 -22.6187 	 25.4143
			}
		}
		{bone "middle4"
			{matrix34
				0 	 -1 	 0
				1 	 0 	 0
				0 	 0 	 1
				-8.563 	 13.4083 	 22.1174
			}
		}
		{bone "middle5"
			{matrix34
				0 	 -1 	 0
				1 	 0 	 0
				0 	 0 	 1
				-5.7969 	 -14.3548 	 22.1174
			}
		}
		{bone "middle6"
			{matrix34
				0 	 -1 	 0
				1 	 0 	 0
				0 	 0 	 1
				3.9527 	 4.8496 	 22.1174
			}
		}
		{bone "still"
			{matrix34
				0 	 -1 	 0
				1 	 0 	 0
				0 	 0 	 1
				-0.3374 	 5.4995 	 0
			}
		}
		{bone "top1"
			{matrix34
				0 	 -1 	 0
				1 	 0 	 0
				0 	 0 	 1
				-21.1514 	 -3.2767 	 50.345
			}
		}
		{bone "top2"
			{matrix34
				0 	 -1 	 0
				1 	 0 	 0
				0 	 0 	 1
				5.7048 	 33.0639 	 56.6823
			}
		}
		{bone "top3"
			{matrix34
				0 	 -1 	 0
				1 	 0 	 0
				0 	 0 	 1
				5.9181 	 -22.6187 	 53.6419
			}
		}
		{bone "top4"
			{matrix34
				0 	 -1 	 0
				1 	 0 	 0
				0 	 0 	 1
				-2.1311 	 5.9079 	 39.0752
			}
		}
		{bone "point001"
			{matrix34
				0 	 -1 	 0
				1 	 0 	 0
				0 	 0 	 1
				11.4232 	 3.3944 	 40.5239
			}
		}
		{bone "point002"
			{matrix34
				0 	 -1 	 0
				1 	 0 	 0
				0 	 0 	 1
				-11.5173 	 17.204 	 40.5239
			}
		}
		{bone "body"
			{matrix34
				0 	 -1 	 0
				1 	 0 	 0
				0 	 0 	 1
				-7.5555 	 5.2106 	 2.7787
			}
			{poly "body"}
		}
		{bone "piece01"
			{matrix34
				0.3541 	 -0.9255 	 0.1344
				0.903 	 0.3758 	 0.2084
				-0.2434 	 0.0476 	 0.9688
				5.6055 	 31.8731 	 27.3578
			}
			{poly "piece01"}
		}
		{bone "piece03"
			{matrix34
				-0.4686 	 -0.883 	 0.0266
				0.8639 	 -0.4643 	 -0.1953
				0.1848 	 -0.0685 	 0.9804
				-20.4804 	 -2.5059 	 24.1151
			}
			{poly "piece03"}
		}
		{bone "piece02"
			{matrix34
				-0.345 	 -0.9386 	 0.004
				0.9011 	 -0.3324 	 -0.2783
				0.2626 	 -0.0924 	 0.9605
				6.6482 	 -22.1762 	 24.8247
			}
			{poly "piece02"}
		}
		{bone "piece06"
			{matrix34
				-0.3293 	 -0.9429 	 -0.0497
				0.9243 	 -0.3112 	 -0.2207
				0.1927 	 -0.1186 	 0.9741
				5.6653 	 32.7563 	 50.4029
			}
			{poly "piece06"}
		}
		{bone "piece05"
			{matrix34
				0.2954 	 -0.9435 	 0.1499
				0.9309 	 0.3196 	 0.1771
				-0.215 	 0.0872 	 0.9727
				-20.7598 	 -2.7873 	 43.5545
			}
			{poly "piece05"}
		}
		{bone "piece04"
			{matrix34
				0.2147 	 -0.9708 	 0.1073
				0.9588 	 0.2305 	 0.1663
				-0.1862 	 0.0671 	 0.9802
				6.2424 	 -23.12 	 44.8917
			}
			{poly "piece04"}
		}
	}
}
{"volumes"
	{"piece01"
		{box 1.1811 1.1811 30.7876}
		{bone "piece01"}
		{matrix34
			0.9255 	 -0.3758 	 -0.0476
			0.3541 	 0.903 	 -0.2434
			0.1344 	 0.2084 	 0.9688
			-0.9378 	 0.7635 	 0.1399
		}
	}
	{"piece02"
		{box 1.1811 1.1811 19.6251}
		{bone "piece02"}
		{matrix34
			0.9386 	 0.3324 	 0.0924
			-0.345 	 0.9011 	 0.2626
			0.004 	 -0.2783 	 0.9605
			0.6587 	 -0.5117 	 -0.1184
		}
	}
	{"piece03"
		{box 1.1811 1.1811 22.475}
		{bone "piece03"}
		{matrix34
			0.883 	 0.4643 	 0.0685
			-0.4686 	 0.8639 	 0.1848
			0.0266 	 -0.1953 	 0.9804
			0.9076 	 -0.0957 	 -0.2779
		}
	}
	{"piece04"
		{box 1.1811 1.1811 16.0926}
		{bone "piece04"}
		{matrix34
			0.9708 	 -0.2305 	 -0.0671
			0.2147 	 0.9588 	 -0.1862
			0.1073 	 0.1663 	 0.9802
			-0.5472 	 -0.1655 	 0.2008
		}
	}
	{"piece05"
		{box 1.1811 1.1811 13.2602}
		{bone "piece05"}
		{matrix34
			0.9435 	 -0.3196 	 -0.0872
			0.2954 	 0.9309 	 -0.215
			0.1499 	 0.1771 	 0.9727
			0.3947 	 -0.3515 	 0.3228
		}
	}
	{"piece06"
		{box 1.1811 1.1811 11.4194}
		{bone "piece06"}
		{matrix34
			0.9429 	 0.3112 	 0.1186
			-0.3293 	 0.9243 	 0.1927
			-0.0497 	 -0.2207 	 0.9741
			-0.3492 	 0.1568 	 0.0182
		}
	}
}
