;Exported by:	 kobaa
;Date:			 01.04.2020 17:12:34
;File:			 G:\_GIT_\gem2\gem2-mdl-soldiers\models\fence\fence_wood\woodfence_new_G2.max
{skeleton
	{bone "fence-wood_3a_g2"
		{orientation
			1 	 0 	 0
			0 	 -1 	 0
			0 	 0 	 1
		}
		{poly "fence-wood_3a_g2"}
		{bone "climb2"
			{matrix34
				0 	 -1 	 0
				1 	 0 	 0
				0 	 0 	 1
				31.925 	 23.7974 	 0
			}
			{visibility 0}
		}
		{bone "climb1"
			{matrix34
				0 	 1 	 0
				-1 	 0 	 0
				0 	 0 	 1
				31.925 	 -17.86 	 0
			}
			{visibility 0}
		}
	}
}
{obstacle "obstacle1"
	{obb2
		{center 56.9223 -4.45712}
		{extent 14.9759 2.52119}
		{axis -1 0}
	}
	{rotate}
}
{obstacle "obstacle2"
	{obb2
		{center 10.3583 -2.6832}
		{extent 15.2057 2.52119}
		{axis -1 0}
	}
	{rotate}
}
{volume "body01"
	{cylinder 1.77165 31.4131}
	{bone "fence-wood_3a_g2"}
	{matrix34
		0.9994 	 -0.0012 	 -0.0349
		0 	 0.9994 	 -0.0349
		0.0349 	 0.0349 	 0.9988
		69.8538 	 6.2823 	 15.6874
	}
}
{volume "body02"
	{cylinder 1.77165 34.0159}
	{bone "fence-wood_3a_g2"}
	{matrix34
		0.9998 	 -0.0012 	 0.0175
		0.0018 	 0.9994 	 -0.0349
		-0.0174 	 0.0349 	 0.9992
		-0.2274 	 4.6568 	 16.995
	}
}
{volume "body03"
	{cylinder 1.37795 79.8875}
	{bone "fence-wood_3a_g2"}
	{matrix34
		-0.1219 	 0 	 0.9925
		0 	 1 	 0
		-0.9925 	 0 	 -0.1219
		35.7694 	 3.5033 	 8.2421
	}
}
{volume "body04"
	{cylinder 1.37795 80.6622}
	{bone "fence-wood_3a_g2"}
	{matrix34
		0.0349 	 0 	 0.9994
		0 	 1 	 0
		-0.9994 	 0 	 0.0349
		36.077 	 3.8625 	 23.4006
	}
}
{volume "body05"
	{cylinder 1.37795 86.4721}
	{bone "fence-wood_3a_g2"}
	{matrix34
		-0.3231 	 -0.0397 	 0.9455
		-0.1219 	 0.9925 	 0
		-0.9385 	 -0.1152 	 -0.3256
		-36.1567 	 -1.1197 	 15.2466
	}
}
{volume "body06"
	{cylinder 1.37795 62.0637}
	{bone "fence-wood_3a_g2"}
	{matrix34
		-0.2078 	 -0.0252 	 0.9779
		-0.0514 	 0.9986 	 0.0149
		-0.9768 	 -0.0472 	 -0.2088
		-25.8936 	 1.8185 	 6.7924
	}
}
