;Exported by	: joomb
;Date			: 10.02.2023 10:29:06
;File			: H:\git\gem2-mdl-soldiers\models\unit\vehicle\ju_52\JU_52.max
{skeleton
	{animation
		{sequence "engine_start"}
		{sequence "engine_work" {speed 0.5}}
		{sequence "engine_stop"}
		{sequence "open" {speed 0.3}}
		{sequence "open1" {speed 0.3}}
	}
	{bone "basis"
		{orientation
			1 	 0 	 0
			0 	 -1 	 0
			0 	 0 	 1
		}
		{bone "body"
			{parameters "id=body;"}
			{Position 0 	 0 	 13.1449}
			{poly "body" {lod 0}}
			{poly "body_lod1" {lod 1}}
			{poly "body_lod2" {lod 2}}
			{poly "body_lod3" {lod 3 {last}}}
			{bone "engine1"
				{parameters "id=engine1;"}
				{Position 72.2583 	 0 	 46.8911}
				{poly "engine1" {lod 0}}
				{poly "engine1_lod1" {lod 1}}
				{poly "engine1_lod2" {lod 2}}
				{poly "engine1_lod3" {lod 3 {last}}}
				{bone revolute "propeller1"
					{parameters "id=engine1;"}
					{Position 18.1685 	 0.004 	 0.3189}
					{poly "propeller1" {lod 0}}
					{poly "propeller1_lod1" {lod 1}}
					{poly "propeller1_lod2" {lod 2}}
					{poly "propeller1_lod3" {lod 3 {last}}}
					{bone revolute "vane1"
						{parameters "id=engine1;"}
						{poly "vane1" {lod 0}}
						{poly "vane1_lod1" {lod 1}}
						{poly "vane1_lod2" {lod 2}}
						{poly "vane1_lod3" {lod 3 {last}}}
					}
					{bone revolute "vane1_work"
						{parameters "id=engine1;"}
						{visibility 0}
						{poly "vane1_work"}
					}
				}
				{bone "fxsmoke3"
					{matrix34
						-0.4226 	 -0.9063 	 0
						0.9063 	 -0.4226 	 0
						0 	 0 	 1
						-12.3039 	 -17.164 	 -12.7838
					}
				}
				{bone "fxsmoke4"
					{matrix34
						-0.4226 	 0.9063 	 0
						-0.9063 	 -0.4226 	 0
						0 	 0 	 1
						-12.7731 	 17.164 	 -12.7838
					}
				}
			}
			{bone "body_back"
				{parameters "id=body_back;"}
				{Position -220.606 	 0 	 84.0747}
				{poly "body_back" {lod 0}}
				{poly "body_back_lod1" {lod 1}}
				{poly "body_back_lod2" {lod 2}}
				{poly "body_back_lod3" {lod 3 {last}}}
				{bone revolute "rudder"
					{parameters "id=body_back;"}
					{Position -32.2881 	 0 	 15.8605}
					{poly "rudder" {lod 0}}
					{poly "rudder_lod1" {lod 1}}
					{poly "rudder_lod2" {lod 2}}
					{poly "rudder_lod3" {lod 3 {last}}}
				}
				{bone revolute "elevator2"
					{parameters "id=body_back;"}
					{matrix34
						1 	 0 	 0
						0 	 0 	 -1
						0 	 1 	 0
						-20.8592 	 -2.617 	 -8.2907
					}
					{poly "elevator2" {lod 0}}
					{poly "elevator2_lod1" {lod 1}}
					{poly "elevator2_lod2" {lod 2}}
					{poly "elevator2_lod3" {lod 3 {last}}}
				}
				{bone revolute "elevator1"
					{parameters "id=body_back;"}
					{matrix34
						1 	 0 	 0
						0 	 0 	 -1
						0 	 1 	 0
						-20.8592 	 2.617 	 -8.2907
					}
					{poly "elevator1" {lod 0}}
					{poly "elevator1_lod1" {lod 1}}
					{poly "elevator1_lod2" {lod 2}}
					{poly "elevator1_lod3" {lod 3 {last}}}
				}
				{bone "pivot_back"
					{Position -29.0872 	 0 	 -32.2699}
					{bone "susp_back"
						{parameters "id=wheel_back;"}
						{Position 6.8022 	 0 	 6.0667}
						{poly "susp_back" {lod 0}}
						{poly "susp_back_lod1" {lod 1}}
						{poly "susp_back_lod2" {lod 2}}
						{poly "susp_back_lod3" {lod 3 {last}}}
						{bone revolute "wheel_back"
							{parameters "id=wheel_back;radius=0.32;support;"}
							{matrix34
								1 	 0 	 0
								0 	 0 	 -1
								0 	 1 	 0
								-6.8022 	 0 	 -6.0667
							}
							{poly "wheel_back" {lod 0}}
							{poly "wheel_back_lod1" {lod 1}}
							{poly "wheel_back_lod2" {lod 2}}
							{poly "wheel_back_lod3" {lod 3 {last}}}
						}
					}
				}
			}
			{bone "cover1"
				{parameters "id=body;"}
				{Position -84.2063 	 -15.546 	 66.3514}
				{poly "cover1" {lod 0}}
				{poly "cover1_lod1" {lod 1}}
				{poly "cover1_lod2" {lod 2}}
				{poly "cover1_lod3" {lod 3 {last}}}
			}
			{bone "cover2"
				{parameters "id=body;"}
				{Position -89.7068 	 -16.2282 	 40.2217}
				{poly "cover2" {lod 0}}
				{poly "cover2_lod1" {lod 1}}
				{poly "cover2_lod2" {lod 2}}
				{poly "cover2_lod3" {lod 3 {last}}}
			}
			{bone "door1"
				{parameters "id=body;"}
				{Position 21.1101 	 -16.323 	 53.3311}
				{poly "door1" {lod 0}}
				{poly "door1_lod1" {lod 1}}
				{poly "door1_lod2" {lod 2}}
				{poly "door1_lod3" {lod 3 {last}}}
			}
			{bone "door2"
				{parameters "id=body;"}
				{Position -83.809 	 16.1006 	 53.2941}
				{poly "door2" {lod 0}}
				{poly "door2_lod1" {lod 1}}
				{poly "door2_lod2" {lod 2}}
				{poly "door2_lod3" {lod 3 {last}}}
			}
			{bone revolute "turret"
				{parameters "id=turret;"}
				{speed 0.03}
				{matrix34
					-1 	 0 	 0
					0 	 -1 	 0
					0 	 0 	 1
					-137.139 	 -0.0026 	 80.4278
				}
				{poly "turret" {lod 0}}
				{poly "turret_lod1" {lod 1}}
				{poly "turret_lod2" {lod 2}}
				{poly "turret_lod3" {lod 3 {last}}}
				{bone "gunner2"
					{Position 9.8724 	 -0.83 	 -20.3503}
				}
				{bone revolute "turret_mgun"
					{parameters "id=turret;"}
					{speed 0.03}
					{matrix34
						0.9848 	 0 	 0.1736
						-0.1736 	 0 	 0.9848
						0 	 -1 	 0
						7.1259 	 -0.2812 	 0.28
					}
				}
			}
			{bone "visor1"
				{Position 49.3005 	 8.2996 	 78.3093}
			}
			{bone "passengers"
				{matrix34
					0.9962 	 0 	 -0.0872
					0 	 1 	 0
					0.0872 	 0 	 0.9962
					43.9912 	 -8.9896 	 47.7301
				}
			}
			{bone "driver"
				{matrix34
					0.9962 	 0 	 -0.0872
					0 	 1 	 0
					0.0872 	 0 	 0.9962
					43.9912 	 9.7376 	 47.7301
				}
			}
			{bone "seat08"
				{matrix34
					0.9659 	 0.2588 	 0
					-0.2588 	 0.9659 	 0
					0 	 0 	 1
					-90.1005 	 3.9838 	 42.8226
				}
			}
			{bone "seat07"
				{Position -90.1005 	 -7.3833 	 42.8226}
			}
			{bone "seat06"
				{matrix34
					0 	 -0.9063 	 -0.4226
					1 	 0 	 0
					0 	 -0.4226 	 0.9063
					-39.2272 	 4.9289 	 39.8747
				}
			}
			{bone "seat05"
				{matrix34
					0 	 0.9063 	 -0.4226
					-1 	 0 	 0
					0 	 0.4226 	 0.9063
					-39.2272 	 -4.9239 	 39.8747
				}
			}
			{bone "seat04"
				{matrix34
					0 	 -0.9063 	 -0.4226
					1 	 0 	 0
					0 	 -0.4226 	 0.9063
					-21.4685 	 4.9289 	 39.8747
				}
			}
			{bone "seat03"
				{matrix34
					0 	 0.9063 	 -0.4226
					-1 	 0 	 0
					0 	 0.4226 	 0.9063
					-21.4685 	 -4.9239 	 39.8747
				}
			}
			{bone "seat02"
				{matrix34
					0 	 -0.9063 	 -0.4226
					1 	 0 	 0
					0 	 -0.4226 	 0.9063
					-3.6786 	 4.9289 	 39.8747
				}
			}
			{bone "seat01"
				{matrix34
					0 	 0.9063 	 -0.4226
					-1 	 0 	 0
					0 	 0.4226 	 0.9063
					-3.6786 	 -4.9239 	 39.8747
				}
			}
			{bone "emit2"
				{matrix34
					0 	 -1 	 0
					0.9724 	 0 	 -0.2334
					0.2334 	 0 	 0.9724
					-101.534 	 49.7684 	 8.7249
				}
			}
			{bone "emit1"
				{matrix34
					0 	 1 	 0
					-0.9724 	 0 	 0.2334
					0.2334 	 0 	 0.9724
					29.3027 	 -31.6277 	 -20.5534
				}
			}
			{bone "enumerator"
				{matrix34
					0.9981 	 0.061 	 0
					-0.061 	 0.9981 	 0
					0 	 0 	 1
					-166.423 	 10.774 	 60.4066
				}
				{poly "enumerator"}
			}
		}
		{bone "pivot_front"
			{Position 0 	 0 	 13.1449}
			{bone "wingl1"
				{parameters "id=wingleft;"}
				{Position -20.8092 	 78.7402 	 38.0362}
				{poly "wingl1" {lod 0}}
				{poly "wingl1_lod1" {lod 1}}
				{poly "wingl1_lod2" {lod 2}}
				{poly "wingl1_lod3" {lod 3 {last}}}
				{bone revolute "flap1"
					{parameters "id=wingleft;"}
					{matrix34
						0.9919 	 -0.1269 	 0
						-0.0103 	 -0.0806 	 0.9967
						-0.1265 	 -0.9886 	 -0.0812
						-42.3902 	 3.963 	 -3.844
					}
					{poly "flap1" {lod 0}}
					{poly "flap1_lod1" {lod 1}}
					{poly "flap1_lod2" {lod 2}}
					{poly "flap1_lod3" {lod 3 {last}}}
				}
				{bone "engine2"
					{parameters "id=engine2;"}
					{Position 54.8122 	 2.5393 	 -1.0669}
					{poly "engine2" {lod 0}}
					{poly "engine2_lod1" {lod 1}}
					{poly "engine2_lod2" {lod 2}}
					{poly "engine2_lod3" {lod 3 {last}}}
					{bone revolute "propeller2"
						{parameters "id=engine2;"}
						{matrix34
							0.998 	 0.0633 	 -0.007
							-0.0631 	 0.9978 	 0.0194
							0.0082 	 -0.0189 	 0.9998
							14.5964 	 0.6429 	 -0.0014
						}
						{poly "propeller2" {lod 0}}
						{poly "propeller2_lod1" {lod 1}}
						{poly "propeller2_lod2" {lod 2}}
						{poly "propeller2_lod3" {lod 3 {last}}}
						{bone revolute "vane2"
							{parameters "id=engine2;"}
							{Position 0 	 0 	 0}
							{poly "vane2" {lod 0}}
							{poly "vane2_lod1" {lod 1}}
							{poly "vane2_lod2" {lod 2}}
							{poly "vane2_lod3" {lod 3 {last}}}
						}
						{bone revolute "vane2_work"
							{parameters "id=engine1;"}
							{Position 0 	 0 	 0}
							{visibility 0}
							{poly "vane2_work"}
						}
					}
					{bone "fxsmoke1"
						{matrix34
							-0.9848 	 0 	 0.1736
							0 	 1 	 0
							-0.1736 	 0 	 -0.9848
							-13.818 	 4.1426 	 10.4488
						}
					}
				}
				{bone "wingl2"
					{parameters "id=wingleft;"}
					{Position -2.9527 	 118.11 	 7.874}
					{poly "wingl2" {lod 0}}
					{poly "wingl2_lod1" {lod 1}}
					{poly "wingl2_lod2" {lod 2}}
					{poly "wingl2_lod3" {lod 3 {last}}}
					{bone revolute "aileron1"
						{parameters "id=wingleft;"}
						{matrix34
							0.9919 	 -0.127 	 0
							-0.013 	 -0.1014 	 0.9948
							-0.1263 	 -0.9867 	 -0.1022
							-23.2366 	 9.5912 	 0.0986
						}
						{poly "aileron1" {lod 0}}
						{poly "aileron1_lod1" {lod 1}}
						{poly "aileron1_lod2" {lod 2}}
						{poly "aileron1_lod3" {lod 3 {last}}}
					}
				}
			}
			{bone "wingr1"
				{parameters "id=wingright;"}
				{Position -20.8092 	 -78.7402 	 38.0362}
				{poly "wingr1" {lod 0}}
				{poly "wingr1_lod1" {lod 1}}
				{poly "wingr1_lod2" {lod 2}}
				{poly "wingr1_lod3" {lod 3 {last}}}
				{bone revolute "flap2"
					{parameters "id=wingright;"}
					{matrix34
						0.9919 	 0.1269 	 0
						-0.0103 	 0.0806 	 0.9967
						0.1265 	 -0.9886 	 0.0812
						-43.7777 	 -4.1405 	 -3.844
					}
					{poly "flap2" {lod 0}}
					{poly "flap2_lod1" {lod 1}}
					{poly "flap2_lod2" {lod 2}}
					{poly "flap2_lod3" {lod 3 {last}}}
				}
				{bone "engine3"
					{parameters "id=engine3;"}
					{Position 54.8122 	 -2.5393 	 -1.0669}
					{poly "engine3" {lod 0}}
					{poly "engine3_lod1" {lod 1}}
					{poly "engine3_lod2" {lod 2}}
					{poly "engine3_lod3" {lod 3 {last}}}
					{bone revolute "propeller3"
						{parameters "id=engine3;"}
						{matrix34
							0.9977 	 -0.068 	 0
							0.068 	 0.9977 	 0
							0 	 0 	 1
							14.5976 	 -0.6238 	 -0.03
						}
						{poly "propeller3" {lod 0}}
						{poly "propeller3_lod1" {lod 1}}
						{poly "propeller3_lod2" {lod 2}}
						{poly "propeller3_lod3" {lod 3 {last}}}
						{bone revolute "vane3"
							{parameters "id=engine3;"}
							{Position 0 	 0 	 0}
							{poly "vane3" {lod 0}}
							{poly "vane3_lod1" {lod 1}}
							{poly "vane3_lod2" {lod 2}}
							{poly "vane3_lod3" {lod 3 {last}}}
						}
						{bone revolute "vane3_work"
							{parameters "id=engine1;"}
							{Position 0 	 0 	 0}
							{visibility 0}
							{poly "vane3_work"}
						}
					}
					{bone "fxsmoke2"
						{matrix34
							-0.9848 	 0 	 0.1736
							0 	 1 	 0
							-0.1736 	 0 	 -0.9848
							-13.818 	 -4.2775 	 10.4488
						}
					}
				}
				{bone "wingr2"
					{parameters "id=wingright;"}
					{Position -2.9527 	 -118.11 	 7.874}
					{poly "wingr2" {lod 0}}
					{poly "wingr2_lod1" {lod 1}}
					{poly "wingr2_lod2" {lod 2}}
					{poly "wingr2_lod3" {lod 3 {last}}}
					{bone revolute "aileron2"
						{parameters "id=wingright;"}
						{matrix34
							0.9919 	 0.127 	 0
							-0.013 	 0.1014 	 0.9948
							0.1263 	 -0.9867 	 0.1022
							-24.4377 	 -9.7451 	 0.0986
						}
						{poly "aileron2" {lod 0}}
						{poly "aileron2_lod1" {lod 1}}
						{poly "aileron2_lod2" {lod 2}}
						{poly "aileron2_lod3" {lod 3 {last}}}
					}
				}
			}
			{bone "suspl"
				{parameters "id=wheelleft;"}
				{Position 0.0048 	 35.2208 	 0.9169}
				{poly "suspl" {lod 0}}
				{poly "suspl_lod1" {lod 1}}
				{poly "suspl_lod2" {lod 2}}
				{poly "suspl_lod3" {lod 3 {last}}}
				{bone revolute "wheell"
					{parameters "id=wheelleft;radius=0.57;support;"}
					{matrix34
						0.9999 	 -0.0009 	 -0.0149
						0.015 	 0.0587 	 0.9982
						0 	 -0.9983 	 0.0587
						0 	 7.9848 	 -0.6419
					}
					{poly "wheell" {lod 0}}
					{poly "wheell_lod1" {lod 1}}
					{poly "wheell_lod2" {lod 2}}
					{poly "wheell_lod3" {lod 3 {last}}}
				}
			}
			{bone "suspr"
				{parameters "id=wheelright;"}
				{Position 0.0048 	 -35.2208 	 0.9169}
				{poly "suspr" {lod 0}}
				{poly "suspr_lod1" {lod 1}}
				{poly "suspr_lod2" {lod 2}}
				{poly "suspr_lod3" {lod 3 {last}}}
				{bone revolute "wheelr"
					{parameters "id=wheelright;radius=0.57;support;"}
					{matrix34
						0.9999 	 0.0009 	 -0.0149
						0.015 	 -0.0587 	 0.9982
						0 	 -0.9983 	 -0.0587
						0 	 -7.9848 	 -0.6419
					}
					{poly "wheelr" {lod 0}}
					{poly "wheelr_lod1" {lod 1}}
					{poly "wheelr_lod2" {lod 2}}
					{poly "wheelr_lod3" {lod 3 {last}}}
				}
			}
		}
	}
}
{obstacle "obstacle1"
	{obb2
		{center -81.9835 0}
		{extent 174.009 18.2127}
		{axis -1 0}
	}
	{rotate}
}
{obstacle "obstacle2"
	{obb2
		{center -28.2325 0}
		{extent 285.433 39.3701}
		{axis 4.67761e-08 1}
	}
	{rotate}
}
{obstacle "obstacle3"
	{obb2
		{center -232.537 0}
		{extent 93.5039 19.685}
		{axis 0 1}
	}
	{rotate}
}
{"volumes"
	{"aileron1"
		{polyhedron}
		{bone "aileron1"}
		{matrix34
			0.9988 	 -0.0103 	 0.0478
			0.0476 	 -0.0163 	 -0.9987
			0.0111 	 0.9998 	 -0.0158
			-5.5313 	 -0.3373 	 -0.4922
		}
	}
	{"aileron2"
		{polyhedron}
		{bone "aileron2"}
		{matrix34
			-0.9988 	 0.0103 	 0.0478
			-0.0476 	 0.0163 	 -0.9987
			-0.0111 	 -0.9998 	 -0.0158
			-4.3039 	 -0.324 	 0.3632
		}
	}
	{"body01"
		{polyhedron}
		{bone "body"}
		{matrix34
			1 	 0 	 0
			0 	 0 	 1
			0 	 -1 	 0
			61.068 	 0 	 47.21
		}
	}
	{"body02"
		{polyhedron}
		{bone "body"}
		{matrix34
			1 	 0 	 0
			0 	 0 	 1
			0 	 -1 	 0
			-170.24 	 -6.3404 	 42.6169
		}
	}
	{"body03"
		{polyhedron}
		{bone "body"}
		{Position -28.5434 	 25.9247 	 31.1041}
	}
	{"body04"
		{polyhedron}
		{bone "body"}
		{matrix34
			-1 	 0 	 0
			0 	 1 	 0
			0 	 0 	 -1
			-28.5434 	 -25.9246 	 31.1041
		}
	}
	{"body_back01"
		{polyhedron}
		{bone "body_back"}
		{matrix34
			-1 	 0 	 0
			0 	 0 	 1
			0 	 1 	 0
			21.1181 	 6.3404 	 -41.4578
		}
	}
	{"body_back02"
		{polyhedron}
		{bone "body_back"}
		{Position -4.5301 	 -45.7525 	 -9.6461}
	}
	{"body_back03"
		{polyhedron}
		{bone "body_back"}
		{Position -4.5301 	 45.7485 	 -9.6461}
	}
	{"body_back04"
		{polyhedron}
		{bone "body_back"}
		{matrix34
			1 	 0 	 0
			0 	 0 	 -1
			0 	 1 	 0
			0 	 0 	 35.4378
		}
	}
	{"elevator1"
		{polyhedron}
		{bone "elevator1"}
		{matrix34
			1 	 0 	 0
			0 	 0 	 1
			0 	 -1 	 0
			-0.9268 	 1.4629 	 -2.617
		}
	}
	{"elevator2"
		{polyhedron}
		{bone "elevator2"}
		{matrix34
			1 	 0 	 0
			0 	 0 	 1
			0 	 -1 	 0
			-0.9268 	 1.4629 	 2.617
		}
	}
	{"engine1"
		{polyhedron}
		{bone "engine1"}
		{matrix34
			0 	 0 	 -1
			0 	 1 	 0
			1 	 0 	 0
			4.5577 	 0 	 0
		}
	}
	{"engine2"
		{polyhedron}
		{bone "engine2"}
		{matrix34
			0 	 0 	 -1
			-0.0718 	 0.9974 	 0
			0.9974 	 0.0718 	 0
			-8.4474 	 -0.63 	 0
		}
	}
	{"engine3"
		{polyhedron}
		{bone "engine3"}
		{matrix34
			0 	 0 	 -1
			0.0694 	 0.9976 	 0
			0.9976 	 -0.0694 	 0
			-8.5308 	 1.0644 	 0
		}
	}
	{"flap1"
		{polyhedron}
		{bone "flap1"}
		{matrix34
			0.9988 	 -0.0113 	 0.0477
			0.0478 	 0.0047 	 -0.9988
			0.0111 	 0.9999 	 0.0053
			-5.9777 	 -0.2247 	 0.5944
		}
	}
	{"flap2"
		{polyhedron}
		{bone "flap2"}
		{matrix34
			-0.9988 	 0.0113 	 0.0477
			-0.0478 	 -0.0047 	 -0.9988
			-0.0111 	 -0.9999 	 0.0053
			-4.5701 	 -0.2192 	 -0.662
		}
	}
	{"propeller1"
		{box 62.2516 4.86158 1.77453}
		{bone "propeller1"}
		{matrix34
			0.0173 	 0.9998 	 0.0059
			-0.0014 	 -0.0059 	 1
			0.9998 	 -0.0173 	 0.0013
			0.1716 	 -0.0118 	 0.3309
		}
	}
	{"propeller2"
		{box 62.2516 4.86158 1.77453}
		{bone "propeller2"}
		{matrix34
			0.0107 	 0.9999 	 0.0001
			-0.0082 	 0 	 1
			0.9999 	 -0.0107 	 0.0082
			0.0316 	 -0.0096 	 0.2624
		}
	}
	{"propeller3"
		{box 62.2516 4.86158 1.77453}
		{bone "propeller3"}
		{matrix34
			-0.0118 	 0.9999 	 0.0059
			-0.0012 	 -0.0059 	 1
			0.9999 	 0.0118 	 0.0013
			0.6186 	 -0.1979 	 0.0011
		}
	}
	{"rudder"
		{polyhedron}
		{bone "rudder"}
		{matrix34
			-1 	 0 	 0
			0 	 0 	 -1
			0 	 -1 	 0
			-14.4668 	 0 	 19.5773
		}
	}
	{"wheel_back"
		{polyhedron}
		{bone "wheel_back"}
		{matrix34
			0.9999 	 0.0149 	 -0.0009
			-0.0149 	 0.9999 	 0
			0.0009 	 0 	 1
			-0.0021 	 0 	 -2.3879
		}
	}
	{"wheell"
		{polyhedron}
		{bone "wheell"}
		{Position 0 	 0 	 -4.0328}
	}
	{"wheelr"
		{polyhedron}
		{bone "wheelr"}
		{Position 0 	 0 	 -3.738}
	}
	{"wingl1"
		{polyhedron}
		{bone "wingl1"}
		{Position -0.6093 	 4.997 	 -3.7135}
	}
	{"wingl2"
		{polyhedron}
		{bone "wingl2"}
		{Position 1.8232 	 13.6872 	 0.4632}
	}
	{"wingr1"
		{polyhedron}
		{bone "wingr1"}
		{matrix34
			-1 	 0 	 0
			0 	 1 	 0
			0 	 0 	 -1
			-0.6093 	 -4.9969 	 -3.7135
		}
	}
	{"wingr2"
		{polyhedron}
		{bone "wingr2"}
		{matrix34
			-1 	 0 	 0
			0 	 1 	 0
			0 	 0 	 -1
			1.8232 	 -13.6871 	 0.4632
		}
	}
}
