;Exported by:	 vic
;Date:			 23.01.2017 11:55:57
;File:			 E:\Git\gem2-mdl-soldiers\models\entourage\stack\stog02a.max
{skeleton
	{bone "basis004"
		{orientation
			1 	 0 	 0
			0 	 -1 	 0
			0 	 0 	 1
		}
		{bone "fx_hayfall3"
			{parameters "lastpose=undefined;"}
			{Position -9.0085 	 12.9109 	 30.9806}
		}
		{bone "fx_hayfall1"
			{parameters "lastpose=undefined;"}
			{Position 12.9051 	 -1.253 	 29.4619}
		}
		{bone "fx_hayfall2"
			{parameters "lastpose=undefined;"}
			{Position -4.8807 	 -13.6379 	 45.1534}
		}
		{bone "fx_haulm1"
			{parameters "lastpose=undefined;"}
			{Position 0.1329 	 -0.173 	 24.4785}
		}
		{bone "fx_dust1"
			{parameters "lastpose=undefined;"}
			{Position 0.2296 	 -0.173 	 0}
		}
		{bone "piece03"
			{matrix34
				0.0512 	 0.9659 	 0.2537
				-0.9802 	 0 	 0.1978
				0.1911 	 -0.2588 	 0.9468
				-11.8744 	 15.4226 	 21.7976
			}
			{poly "piece03"}
		}
		{bone "piece02"
			{matrix34
				0.8625 	 -0.4021 	 0.3072
				0.3722 	 0.9154 	 0.1533
				-0.3428 	 -0.0179 	 0.9392
				15.5716 	 -3.2758 	 33.8541
			}
			{poly "piece02"}
		}
		{bone "piece01"
			{matrix34
				-0.7532 	 -0.5817 	 0.3072
				0.6424 	 -0.7509 	 0.1533
				0.1415 	 0.3128 	 0.9392
				-10.4449 	 -18.888 	 28.0964
			}
			{poly "piece01"}
		}
		{bone "piece00"
			{Position 0.1996 	 -2.3656 	 61.2215}
			{poly "piece00"}
		}
	}
}
{volume "piece00_volume005"
	{cylinder 1.13528 30.8104}
	{bone "piece00"}
	{matrix34
		0 	 1 	 0
		-1 	 0 	 0
		0 	 0 	 1
		-0.559 	 -0.3284 	 4.2652
	}
}
{volume "piece01_volume005"
	{cylinder 1.13528 30.8104}
	{bone "piece01"}
	{Position -0.0001 	 0 	 0.0286}
}
{volume "piece02_volume005"
	{cylinder 1.13528 42.5183}
	{bone "piece02"}
	{Position 0 	 0 	 0.1517}
}
{volume "piece03_volume005"
	{cylinder 1.13528 30.6132}
	{bone "piece03"}
	{Position 0 	 0 	 0.0992}
}
