;Exported by:	 seryoga
;Date:			 20.08.2018 12:06:57
;File:			 D:\git\gem2-mdl-soldiers\models\unit\vehicle\dshk_stan\dshk_stan_x.max
{skeleton
	{bone revolute "basis"
		{speed 0.01}
		{orientation
			1 	 0 	 0
			0 	 -1 	 0
			0 	 0 	 1
		}
		{bone "body"
			{parameters "id=body;"}
			{matrix34
				0.9744 	 0 	 0.225
				0 	 1 	 0
				-0.225 	 0 	 0.9744
				-0.1187 	 0 	 22.7992
			}
			{LODView
				{poly "body"}
				{poly "body_lod1"}
				{poly "body_lod2"}
				{poly "body_lod3"}
			}
			{bone revolute "turret"
				{parameters "id=turret;"}
				{limits -15 15}
				{speed 0.01}
				{Position -2.2058 	 0 	 1.0737}
				{LODView
					{poly "turret"}
					{poly "turret_lod1"}
					{poly "turret_lod2"}
					{poly "turret_lod3"}
				}
				{bone revolute "gun_rot"
					{parameters "id=gun;"}
					{limits -45 5}
					{speed 0.08}
					{matrix34
						0.9744 	 0 	 -0.225
						0.225 	 0 	 0.9744
						0 	 -1 	 0
						-2.3739 	 0.0011 	 2.3937
					}
					{LODView
						{poly "gun_rot"}
						{poly "gun_rot_lod1"}
						{poly "gun_rot_lod2"}
						{poly "gun_rot_lod3"}
					}
					{bone revolute "mgun"
						{limits -20 40}
						{speed 0.03}
						{Position 0.0065 	 2.3385 	 -0.1044}
					}
					{bone revolute "visor"
						{parameters "lastpose=undefined;"}
						{limits -20 40}
						{speed 0.03}
						{Position 2.2575 	 6.8061 	 -0.1044}
					}
				}
			}
			{bone "stand"
				{parameters "id=body;"}
				{matrix34
					0.7547 	 0 	 0.6561
					0 	 1 	 0
					-0.6561 	 0 	 0.7547
					-2.9701 	 0.1022 	 0.2626
				}
				{LODView
					{poly "stand"}
					{poly "stand_lod1"}
					{poly "stand_lod2"}
					{poly "stand_lod3"}
				}
			}
			{bone revolute "wheelr"
				{parameters "id=wheelright;support=1;radius=0.2;"}
				{matrix34
					1 	 0 	 0
					0 	 0 	 -1
					0 	 1 	 0
					0 	 -6.4173 	 0
				}
				{LODView
					{poly "wheelr"}
					{poly "wheelr_lod1"}
					{poly "wheelr_lod2"}
					{poly "wheelr_lod3"}
				}
			}
			{bone revolute "wheell"
				{parameters "id=wheelleft;support=1;radius=0.2;"}
				{matrix34
					1 	 0 	 0
					0 	 0 	 -1
					0 	 1 	 0
					0 	 6.4173 	 0
				}
				{LODView
					{poly "wheell"}
					{poly "wheell_lod1"}
					{poly "wheell_lod2"}
					{poly "wheell_lod3"}
				}
			}
			{bone "support1"
				{parameters "id=body;"}
				{matrix34
					0 	 0.342 	 0.9397
					-0.9997 	 0.0238 	 -0.0087
					-0.0254 	 -0.9394 	 0.3419
					-1.6797 	 -1.0197 	 0.106
				}
				{LODView
					{poly "support1"}
					{poly "support1_lod1"}
					{poly "support1_lod2"}
					{poly "support1_lod3"}
				}
			}
			{bone "support2"
				{parameters "id=body;"}
				{matrix34
					0 	 0.342 	 -0.9397
					0.9997 	 0.0238 	 0.0087
					0.0254 	 -0.9394 	 -0.3419
					-1.6797 	 1.0197 	 0.106
				}
				{LODView
					{poly "support2"}
					{poly "support2_lod1"}
					{poly "support2_lod2"}
					{poly "support2_lod3"}
				}
			}
		}
		{bone "driver2"
			{parameters "lastpose=undefined;"}
			{Position -3.4326 	 -14.7147 	 0}
		}
		{bone "driver1"
			{Position -3.4326 	 16.0472 	 0}
		}
		{bone "commander"
			{parameters "lastpose=undefined;"}
			{Position -5.8734 	 12.5066 	 0}
		}
		{bone "gunner"
			{parameters "lastpose=undefined;"}
			{Position -21.6802 	 0.2769 	 0.0212}
		}
		{bone "emit2"
			{parameters "lastpose=undefined;"}
			{Position -13.4673 	 -14.5456 	 0}
		}
		{bone "emit1"
			{Position -13.4673 	 16.8333 	 0}
		}
	}
}
{volume "body"
	{polyhedron}
	{bone "body"}
	{Position 0.0114 	 0 	 -0.4773}
}
{volume "gun_rot"
	{polyhedron}
	{bone "gun_rot"}
	{matrix34
		1 	 0 	 0
		0 	 0 	 -1
		0 	 1 	 0
		-4.058 	 0 	 -1.1038
	}
}
{volume "stand01"
	{polyhedron}
	{bone "stand"}
	{matrix34
		-0.0039 	 0.9995 	 0.032
		0.0806 	 0.0322 	 -0.9962
		-0.9967 	 -0.0013 	 -0.0807
		1.2768 	 -0.0207 	 -0.7025
	}
}
{volume "stand02"
	{polyhedron}
	{bone "stand"}
	{matrix34
		-0.0011 	 1 	 -0.0028
		-0.0807 	 0.0027 	 0.9967
		0.9967 	 0.0013 	 0.0807
		-19.2097 	 -0.0978 	 -0.7506
	}
}
{volume "support1"
	{polyhedron}
	{bone "support1"}
	{matrix34
		0 	 0 	 1
		-0.0785 	 0.9969 	 0
		-0.9969 	 -0.0785 	 0
		0.0558 	 -0.5306 	 0
	}
}
{volume "support2"
	{polyhedron}
	{bone "support2"}
	{matrix34
		0 	 0 	 -1
		-0.0698 	 0.9976 	 0
		0.9976 	 0.0698 	 0
		-0.0659 	 0.6844 	 0
	}
}
{volume "turret01"
	{polyhedron}
	{bone "turret"}
	{matrix34
		0.9703 	 0 	 0.2419
		0 	 1 	 0
		-0.2419 	 0 	 0.9703
		1.9902 	 0 	 3.4118
	}
}
{volume "turret02"
	{polyhedron}
	{bone "turret"}
	{Position 1.9902 	 0 	 -0.3082}
}
{volume "turret03"
	{polyhedron}
	{bone "turret"}
	{matrix34
		0.9998 	 0 	 -0.0175
		0 	 1 	 0
		0.0175 	 0 	 0.9998
		-0.0066 	 0 	 -0.487
	}
}
{volume "turret04"
	{polyhedron}
	{bone "turret"}
	{matrix34
		0.9997 	 0 	 -0.0262
		0 	 1 	 0
		0.0262 	 0 	 0.9997
		-1.1163 	 0 	 0.5337
	}
}
{volume "wheell"
	{polyhedron}
	{bone "wheell"}
	{matrix34
		1 	 0 	 0
		0 	 -1 	 0
		0 	 0 	 -1
		0 	 0 	 0.5747
	}
}
{volume "wheelr"
	{polyhedron}
	{bone "wheelr"}
	{matrix34
		1 	 0 	 0
		0 	 -1 	 0
		0 	 0 	 -1
		0 	 0 	 0.5482
	}
}
