;Exported by:	 evhen
;Date:			 26.11.2019 15:53:09
;File:			 C:\Users\evhen\Desktop\3d modell Ref\Rus Kolodets\Well_rus02_x.max
{skeleton
	{bone "basis"
		{orientation
			1 	 0 	 0
			0 	 -1 	 0
			0 	 0 	 1
		}
		{bone "body"
			{matrix34
				0 	 -1 	 0
				1 	 0 	 0
				0 	 0 	 1
				-2.2463 	 0.8329 	 0.2878
			}
			{poly "body"}
		}
		{bone "piece12"
			{matrix34
				0 	 0.9748 	 -0.2231
				1 	 0 	 0
				0 	 0.2231 	 0.9748
				-1.2625 	 13.5238 	 12.2402
			}
			{poly "piece12"}
		}
		{bone "piece04"
			{matrix34
				0 	 -0.9632 	 0.2687
				-1 	 0 	 0
				0 	 0.2687 	 0.9632
				1.1861 	 13.9998 	 14.7759
			}
			{poly "piece04"}
		}
		{bone "piece03"
			{matrix34
				0 	 0.9283 	 -0.3717
				1 	 0 	 0
				0 	 0.3717 	 0.9283
				-1.186 	 -13.9998 	 14.7759
			}
			{poly "piece03"}
		}
		{bone "piece11"
			{matrix34
				-0.0089 	 -0.9343 	 0.3564
				-1 	 0.0096 	 0
				0.0034 	 0.3564 	 0.9343
				-2.3754 	 -13.4889 	 11.7482
			}
			{poly "piece11"}
		}
		{bone "piece02"
			{matrix34
				-0.997 	 -0.0776 	 0
				-0.0776 	 0.997 	 0
				0 	 0 	 1
				-13.6184 	 0.7432 	 8.5794
			}
			{poly "piece02"}
		}
		{bone "piece01"
			{matrix34
				1 	 -0.0096 	 0
				-0.0096 	 -1 	 0
				0 	 0 	 1
				13.4932 	 -1.9272 	 9.6021
			}
			{poly "piece01"}
		}
		{bone "piece05"
			{matrix34
				0.9688 	 0.0321 	 0.2458
				0.1583 	 0.6832 	 -0.7129
				-0.1908 	 0.7296 	 0.6567
				15.7386 	 -0.6521 	 18.3176
			}
			{poly "piece05"}
		}
		{bone "piece06"
			{matrix34
				-1 	 0 	 0
				0 	 -0.8651 	 0.5016
				0 	 0.5016 	 0.8651
				-6.5674 	 -6.5179 	 40.9328
			}
			{poly "piece06"}
		}
		{bone "piece07"
			{matrix34
				-1 	 0 	 0
				0 	 -0.8651 	 0.5016
				0 	 0.5016 	 0.8651
				11.938 	 6.1422 	 40.9681
			}
			{poly "piece07"}
		}
		{bone "piece08"
			{matrix34
				0 	 -0.9527 	 0.3041
				0 	 -0.3041 	 -0.9527
				1 	 0 	 0
				0.0578 	 -0.7269 	 33.3935
			}
			{poly "piece08"}
		}
		{bone "piece09"
			{matrix34
				-1 	 0 	 0
				0 	 -0.8651 	 0.5016
				0 	 0.5016 	 0.8651
				8.0901 	 -6.5179 	 40.9328
			}
			{poly "piece09"}
		}
		{bone "piece10"
			{matrix34
				1 	 0 	 0
				0 	 0.5016 	 0.8651
				0 	 -0.8651 	 0.5016
				-9.9822 	 6.1355 	 40.4366
			}
			{poly "piece10"}
		}
	}
}
{volume "body01"
	{box 33.5408 2.86251 1.86752}
	{bone "body"}
	{matrix34
		0 	 1 	 0
		-1 	 0 	 0
		0 	 0 	 1
		14.1856 	 2.3457 	 0.495
	}
}
{volume "body02"
	{box 2.81358 32.7854 2.03784}
	{bone "body"}
	{matrix34
		0 	 1 	 0
		-1 	 0 	 0
		0 	 0 	 1
		0.7127 	 -10.7338 	 1.0644
	}
}
{volume "body03"
	{box 3.397 33.4017 2.26157}
	{bone "body"}
	{matrix34
		0 	 1 	 0
		-1 	 0 	 0
		0 	 0 	 1
		0.8112 	 14.9946 	 1.1438
	}
}
{volume "body04"
	{box 33.4875 3.33181 0.856671}
	{bone "body"}
	{matrix34
		0 	 1 	 0
		-1 	 0 	 0
		0 	 0 	 1
		-12.5934 	 2.2905 	 0.3983
	}
}
{volume "piece01"
	{box 3.02551 22.6535 4.2308}
	{bone "piece01"}
	{matrix34
		1 	 -0.0096 	 0
		-0.0096 	 -1 	 0
		0 	 0 	 1
		-0.0862 	 0.7232 	 0.0154
	}
}
{volume "piece02"
	{box 3.23614 22.615 4.29727}
	{bone "piece02"}
	{matrix34
		-0.997 	 -0.0776 	 0
		-0.0776 	 0.997 	 0
		0 	 0 	 1
		0.0011 	 -0.3605 	 -0.1288
	}
}
{volume "piece03"
	{box 16.4446 4.91132 1.15885}
	{bone "piece03"}
	{matrix34
		0 	 1 	 0
		0.9283 	 0 	 0.3717
		-0.3717 	 0 	 0.9283
		0.0146 	 0.824 	 -0.0264
	}
}
{volume "piece04"
	{box 19.5473 4.85402 1.09051}
	{bone "piece04"}
	{matrix34
		0 	 -1 	 0
		-0.9632 	 0 	 0.2687
		0.2687 	 0 	 0.9632
		0.1924 	 0.7439 	 -0.0141
	}
}
{volume "piece05"
	{cylinder 2.65748 27.5591}
	{bone "piece05"}
	{matrix34
		0.9688 	 0.1583 	 -0.1908
		0.0321 	 0.6832 	 0.7296
		0.2458 	 -0.7129 	 0.6567
		1.5448 	 -1.726 	 1.5765
	}
}
{volume "piece06"
	{box 12.5782 1.52974 19.1581}
	{bone "piece06"}
	{matrix34
		1 	 0 	 0
		0 	 0.9664 	 0.2571
		0 	 -0.2571 	 0.9664
		2.6493 	 0.3234 	 0.2152
	}
}
{volume "piece07"
	{box 14.0383 1.49606 18.3656}
	{bone "piece07"}
	{matrix34
		-1 	 0 	 0
		0 	 -0.2571 	 0.9664
		0 	 0.9664 	 0.2571
		-0.357 	 -0.5979 	 -0.2163
	}
}
{volume "piece08"
	{cylinder 2.69875 27.1156}
	{bone "piece08"}
	{matrix34
		0.9527 	 0.3041 	 0
		0.3041 	 -0.9527 	 0
		0 	 0 	 -1
		-0.0576 	 -0.0475 	 0.0003
	}
}
{volume "piece09"
	{box 9.40465 1.4993 19.1581}
	{bone "piece09"}
	{matrix34
		1 	 0 	 0
		0 	 0.9664 	 0.2571
		0 	 -0.2571 	 0.9664
		-1.4416 	 0.2401 	 0.1931
	}
}
{volume "piece10"
	{box 11.1952 1.49606 18.3656}
	{bone "piece10"}
	{matrix34
		1 	 0 	 0
		0 	 0.9664 	 -0.2571
		0 	 0.2571 	 0.9664
		-1.3404 	 0.2469 	 -0.3371
	}
}
{volume "piece11"
	{box 21.972 3.85345 4.30178}
	{bone "piece11"}
	{matrix34
		-0.0096 	 -1 	 0
		-0.9343 	 0.0089 	 0.3564
		0.3564 	 -0.0034 	 0.9343
		-0.1936 	 -0.3561 	 -0.096
	}
}
{volume "piece12"
	{box 19.489 3.71219 4.2551}
	{bone "piece12"}
	{matrix34
		0 	 1 	 0
		0.9748 	 0 	 0.2231
		-0.2231 	 0 	 0.9748
		-0.1874 	 -0.1127 	 -0.0188
	}
}
