;Exported by	: KobaA
;Date			: 10.04.2023 10:48:54
;File			: D:\git\gem2-mdl-soldiers\models\flora\African_tree\African_tree.max
{skeleton
	{bone "african_tree_003_basis"
		{orientation
			1 	 0 	 0
			0 	 -1 	 0
			0 	 0 	 1
		}
		{bone "african_tree_003"
			{Position 0 	 0 	 4.5081}
			{poly "african_tree_003"}
		}
		{bone "rootx"
			{matrix34
				-0.6548 	 0.7503 	 0.0909
				-0.0286 	 0.0957 	 -0.995
				-0.7553 	 -0.6541 	 -0.0412
				3.9827 	 1.4043 	 -25.1426
			}
			{poly "rootx"}
		}
	}
}
{"volumes"
	{"bole01"
		{cylinder 4.03109 27.539}
		{bone "african_tree_003"}
		{matrix34
			1 	 0 	 0
			0 	 0.9848 	 -0.1736
			0 	 0.1736 	 0.9848
			2.2903 	 0.9773 	 6.5916
		}
	}
	{"bole02"
		{cylinder 3.26518 52.7426}
		{bone "african_tree_003"}
		{matrix34
			0.9848 	 -0.173 	 0.0151
			0.1228 	 0.6321 	 -0.7651
			0.1228 	 0.7553 	 0.6437
			5.5284 	 23.4413 	 35.3437
		}
	}
	{"crown"
		{polyhedron}
		{bone "african_tree_003"}
		{Position 4.3287 	 57.2514 	 64.634}
	}
}
