;Exported by	: KobaA
;Date			: 02.05.2024 11:33:15
;File			: d:\git\gem2-mdl-soldiers\models\entourage\shaft_g\shaft_wood_ua.max
{skeleton
	{bone "heron"
		{orientation
			1 	 0 	 0
			0 	 -1 	 0
			0 	 0 	 1
		}
		{bone "object033"
			{matrix34
				0.766 	 -0.6428 	 0
				0 	 0 	 1
				-0.6428 	 -0.766 	 0
				0.6395 	 9.9366 	 49.2173
			}
			{poly "object033"}
		}
		{bone "object038"
			{matrix34
				-0.342 	 0.9397 	 0
				-0.9397 	 -0.342 	 0
				0 	 0 	 1
				-33.5732 	 9.9909 	 -3.2775
			}
			{poly "object038"}
		}
		{bone "object039"
			{matrix34
				-0.342 	 0.9397 	 0
				-0.9397 	 -0.342 	 0
				0 	 0 	 1
				-33.7714 	 9.9909 	 -3.2031
			}
			{poly "object039"}
		}
		{bone "object040"
			{matrix34
				0.7578 	 0.0436 	 0.651
				-0.032 	 0.999 	 -0.0296
				-0.6517 	 0.0016 	 0.7585
				-30.6863 	 3.454 	 27.7074
			}
			{poly "object040"}
		}
		{bone "object041"
			{matrix34
				0.7578 	 0.0436 	 0.651
				-0.032 	 0.999 	 -0.0296
				-0.6517 	 0.0016 	 0.7585
				-37.689 	 3.0737 	 21.2259
			}
			{poly "object041"}
		}
		{bone "shape001"
			{matrix34
				0.7578 	 0.0436 	 0.651
				-0.032 	 0.999 	 -0.0296
				-0.6517 	 0.0016 	 0.7585
				-30.6863 	 3.454 	 27.7074
			}
			{poly "shape001"}
		}
		{bone "cylinder123"
			{matrix34
				-0.342 	 0.9397 	 0
				-0.9397 	 -0.342 	 0
				0 	 0 	 1
				-33.5732 	 9.9909 	 -3.2775
			}
			{poly "cylinder123"}
		}
		{bone "cylinder039"
			{matrix34
				0.9994 	 0.0323 	 0.0112
				-0.032 	 0.999 	 -0.0296
				-0.0121 	 0.0293 	 0.9995
				65.8785 	 7.2461 	 57.9802
			}
			{poly "cylinder039"}
		}
		{bone "object042"
			{matrix34
				0.7578 	 0.0436 	 0.651
				-0.032 	 0.999 	 -0.0296
				-0.6517 	 0.0016 	 0.7585
				-30.6863 	 3.454 	 27.7074
			}
			{poly "object042"}
		}
	}
}
{obstacle "obstacle1"
	{obb2
		{center -34.6605 -3.55202}
		{extent 10.6095 9.69776}
		{axis -1 0}
	}
	{rotate}
}
{obstacle "obstacle2"
	{obb2
		{center 1.23824 -1.35835}
		{extent 4.43035 4.7519}
		{axis -1 0}
	}
	{rotate}
}
{"volumes"
	{"body01"
		{box 6.11677 7.31138 45.5838}
		{bone "heron"}
		{Position 1.6516 	 1.6046 	 22.7457}
	}
	{"body02"
		{box 2.46676 2.92455 17.8892}
		{bone "heron"}
		{Position -34.2185 	 -3.7591 	 8.8984}
	}
	{"body03"
		{box 2.46676 2.92455 17.8892}
		{bone "heron"}
		{Position -33.5676 	 9.8595 	 8.8984}
	}
	{"body04"
		{box 2.46676 19.7992 2.86227}
		{bone "heron"}
		{Position -34.049 	 3.3012 	 17.9083}
	}
	{"body05"
		{box 3.55213 4.00664 142.734}
		{bone "heron"}
		{matrix34
			0.6453 	 0.03 	 -0.7633
			-0.047 	 0.9989 	 -0.0004
			0.7625 	 0.0361 	 0.646
			11.5149 	 5.5892 	 60.927
		}
	}
	{"body06"
		{box 3.55213 4.00664 18.1818}
		{bone "heron"}
		{matrix34
			0.6453 	 0.03 	 -0.7633
			-0.047 	 0.9989 	 -0.0004
			0.7625 	 0.0361 	 0.646
			-37.5093 	 3.2683 	 23.6288
		}
	}
}
