;Exported by	: KobaA
;Date			: 01.11.2023 13:56:27
;File			: D:\git\gem2-mdl-soldiers\models\fence\fence_wood_r\fence_wood_r.max
{skeleton
	{bone "fence_wood_r3_basis"
		{orientation
			1 	 0 	 0
			0 	 -1 	 0
			0 	 0 	 1
		}
		{bone "fence_wood_r3"
			{matrix34
				0.9848 	 0 	 -0.1736
				0 	 1 	 0
				0.1736 	 0 	 0.9848
				-1.6093 	 -0.5205 	 10.4146
			}
			{poly "fence_wood_r3"}
			{bone "climb1"
				{matrix34
					-1 	 0 	 0
					0 	 -1 	 0
					0 	 0 	 1
					7.3125 	 0.5153 	 -9.9769
				}
			}
			{bone "climb2"
				{Position -1.5386 	 0.5153 	 -9.9769}
			}
		}
	}
}
{obstacle "obstacle1"
	{obb2
		{center 0.766297 12.3955}
		{extent 1.87992 4.92126}
		{axis -0.984808 -1.01459e-06}
	}
	{rotate}
}
{obstacle "obstacle2"
	{obb2
		{center 2.1 -11.8759}
		{extent 1.87992 4.03543}
		{axis -0.984808 -1.01459e-06}
	}
	{rotate}
}
{"volumes"
	{"body1"
		{cylinder 1.26461 26.2556}
		{bone "fence_wood_r3"}
		{matrix34
			0.9848 	 0 	 0.1736
			0 	 1 	 0
			-0.1736 	 0 	 0.9848
			1.7801 	 -15.3372 	 0.7288
		}
	}
	{"body2"
		{box 0.948169 2.21992 22.9276}
		{bone "fence_wood_r3"}
		{matrix34
			0.9848 	 -0.0061 	 0.1735
			0 	 0.9994 	 0.0349
			-0.1736 	 -0.0344 	 0.9842
			3.0982 	 -12.8971 	 1.3058
		}
	}
	{"body3"
		{box 0.948169 2.21992 22.9276}
		{bone "fence_wood_r3"}
		{matrix34
			0.9848 	 0.0449 	 0.1677
			0 	 0.9659 	 -0.2588
			-0.1736 	 0.2549 	 0.9513
			3.0982 	 -6.7061 	 0.928
		}
	}
	{"body4"
		{box 0.948169 7.30237 22.9276}
		{bone "fence_wood_r3"}
		{matrix34
			0.9455 	 0 	 0.3256
			0 	 1 	 0
			-0.3256 	 0 	 0.9455
			2.3386 	 12.4631 	 0.8623
		}
	}
}
