;Exported by	: KobaA
;Date			: 04.03.2024 15:10:47
;File			: d:\git\gem2-mdl-soldiers\models\building\b2\vil_build_002_x.max
{skeleton
	{bone "build_vil_002_piece01_point"
		{orientation
			1 	 0 	 0
			0 	 -1 	 0
			0 	 0 	 1
		}
		{bone "debris_land_01"
			{parameters "land;ground;"}
			{Position -25.4016 	 5.0493 	 -38.5271}
			{poly "debris_land_01" {ground}}
		}
		{bone "body"
			{Position 35.2779 	 -82.7354 	 7.4479}
			{poly "body"}
		}
		{bone "piece01"
			{matrix34
				1 	 0 	 0
				0 	 -1 	 0
				0 	 0 	 -1
				-14.8625 	 -13.0759 	 2.987
			}
			{poly "piece01"}
		}
		{bone "piece02"
			{Position -14.8625 	 -27.582 	 -5.8649}
			{poly "piece02"}
		}
		{bone "piece03"
			{Position 14.62 	 -5.1842 	 16.4192}
			{poly "piece03"}
		}
		{bone "piece04"
			{matrix34
				0.9912 	 0 	 0.1325
				0 	 1 	 0
				-0.1325 	 0 	 0.9912
				-9.105 	 5.1386 	 30.7979
			}
			{poly "piece04"}
		}
		{bone "piece05"
			{Position -16.2172 	 10.8645 	 -1.796}
			{poly "piece05"}
		}
		{bone "piece06"
			{matrix34
				0 	 -1 	 0
				1 	 0 	 0
				0 	 0 	 1
				1.7009 	 9.9986 	 11.5856
			}
			{poly "piece06"}
		}
		{bone "piece07"
			{Position -12.2884 	 54.9554 	 -6.199}
			{poly "piece07"}
		}
		{bone "piece08"
			{Position -14.8625 	 -23.0248 	 11.5346}
			{poly "piece08"}
		}
		{bone "piece09"
			{Position 27.8164 	 -3.3896 	 16.4384}
			{poly "piece09"}
		}
		{bone "piece10"
			{matrix34
				0 	 -1 	 0
				1 	 0 	 0
				0 	 0 	 1
				8.1586 	 9.9986 	 -20.1772
			}
			{poly "piece10"}
		}
		{bone "sub_piece01"
			{matrix34
				-0.9892 	 0 	 0.1464
				0 	 -1 	 0
				0.1464 	 0 	 0.9892
				41.4512 	 11.3103 	 57.4054
			}
			{poly "sub_piece01"}
		}
		{bone "sub_piece02"
			{matrix34
				0.9892 	 0 	 0.1464
				0 	 1 	 0
				-0.1464 	 0 	 0.9892
				22.5505 	 -4.3684 	 56.4828
			}
			{poly "sub_piece02"}
		}
		{bone "sub_piece03"
			{matrix34
				0.6343 	 0.6428 	 0.4296
				0.5607 	 0 	 -0.828
				-0.5322 	 0.766 	 -0.3604
				-6.242 	 -9.8322 	 28.6866
			}
			{poly "sub_piece03"}
		}
		{bone "sub_piece04"
			{matrix34
				0.9397 	 0.342 	 0
				-0.342 	 0.9397 	 0
				0 	 0 	 1
				4.8833 	 14.2241 	 28.5354
			}
			{poly "sub_piece04"}
		}
		{bone "sub_piece05"
			{matrix34
				-0.9397 	 0.342 	 0
				0.342 	 0.9397 	 0
				0 	 0 	 -1
				17.3826 	 14.2235 	 39.3323
			}
			{poly "sub_piece05"}
		}
		{bone "sub_piece06"
			{matrix34
				0.9397 	 0.342 	 0
				-0.342 	 0.9397 	 0
				0 	 0 	 1
				27.4245 	 14.2241 	 30.2924
			}
			{poly "sub_piece06"}
		}
		{bone "sub_piece07"
			{matrix34
				0 	 0 	 1
				1 	 0 	 0
				0 	 1 	 0
				2.5614 	 12.6602 	 5.5211
			}
			{poly "sub_piece07"}
		}
		{bone "sub_piece08"
			{matrix34
				1 	 0 	 0
				0 	 0 	 -1
				0 	 1 	 0
				9.5248 	 12.6932 	 -5.3774
			}
			{poly "sub_piece08"}
		}
		{bone "sub_piece09"
			{matrix34
				0 	 -1 	 0
				1 	 0 	 0
				0 	 0 	 1
				-13.5067 	 10 	 -1.9635
			}
			{poly "sub_piece09"}
		}
		{bone "sub_piece10"
			{matrix34
				0 	 -1 	 0
				1 	 0 	 0
				0 	 0 	 1
				9.9822 	 9.9986 	 -5.9744
			}
			{poly "sub_piece10"}
		}
		{bone "sub_piece11"
			{Position -14.8625 	 -12.0439 	 -11.759}
			{poly "sub_piece11"}
		}
		{bone "sub_piece12"
			{matrix34
				-0.9659 	 0.2588 	 0
				0.2588 	 0.9659 	 0
				0 	 0 	 -1
				-30.843 	 -11.3709 	 -26.7717
			}
			{poly "sub_piece12"}
		}
		{bone "sub_piece13"
			{matrix34
				-0.342 	 0.9397 	 0
				-0.9397 	 -0.342 	 0
				0 	 0 	 1
				-45.4694 	 -17.5377 	 -27.3821
			}
			{poly "sub_piece13"}
		}
		{bone "sub_piece14"
			{matrix34
				-0.342 	 -0.9397 	 0
				-0.9397 	 0.342 	 0
				0 	 0 	 -1
				-45.4689 	 -29.2884 	 -34.8175
			}
			{poly "sub_piece14"}
		}
		{bone revolute "attach12"
			{matrix34
				-1 	 0 	 0
				0 	 -1 	 0
				0 	 0 	 1
				-2.1433 	 -46.1212 	 -38.5477
			}
		}
		{bone revolute "attach11"
			{matrix34
				-1 	 0 	 0
				0 	 -1 	 0
				0 	 0 	 1
				-1.8481 	 -31.3181 	 -38.5477
			}
		}
		{bone revolute "attach10"
			{matrix34
				0 	 1 	 0
				-1 	 0 	 0
				0 	 0 	 1
				16.8134 	 -0.0779 	 -38.5477
			}
		}
		{bone revolute "attach1"
			{matrix34
				0 	 1 	 0
				-1 	 0 	 0
				0 	 0 	 1
				1.5771 	 -3.8181 	 -38.5477
			}
		}
		{bone "fort_wall"
			{matrix34
				0 	 1 	 0
				-1 	 0 	 0
				0 	 0 	 1
				-23.6984 	 -11.7708 	 -32.9177
			}
		}
	}
}
{"volumes"
	{"body04"
		{box 5.28137 33.8583 14.591}
		{bone "body"}
		{matrix34
			0 	 -1 	 0
			1 	 0 	 0
			0 	 0 	 1
			-31.0256 	 92.6518 	 -38.9968
		}
	}
	{"body06"
		{box 5.1773 57.6968 16.8923}
		{bone "body"}
		{Position -50.5434 	 66.8417 	 -37.8461}
	}
	{"piece01"
		{box 4.78571 31.0494 3.0861}
		{bone "piece01"}
		{Position 0 	 -1.113 	 0.0467}
	}
	{"piece02"
		{box 4.78571 31.0494 3.0861}
		{bone "piece02"}
		{Position 0 	 -1.113 	 0.0467}
	}
	{"piece03"
		{box 3.85944 31.7478 2.25262}
		{bone "piece03"}
		{Position -0.0517 	 -1.0338 	 0.0037}
	}
	{"piece04"
		{box 8.12059 33.0952 0.351305}
		{bone "piece04"}
		{matrix34
			0.0363 	 0.9981 	 -0.0493
			-0.8723 	 0.0076 	 -0.4889
			-0.4876 	 0.0608 	 0.8709
			-0.0857 	 -0.5538 	 0.153
		}
	}
	{"piece05"
		{box 3.30214 18.6087 3.30397}
		{bone "piece05"}
		{matrix34
			1 	 0 	 0
			0 	 0 	 1
			0 	 -1 	 0
			0 	 -0.007 	 -0.6372
		}
	}
	{"piece06"
		{box 4.78571 18.9401 3.0861}
		{bone "piece06"}
		{Position 0 	 -0.2704 	 0.102}
	}
	{"piece07"
		{box 3.30214 18.6087 3.30397}
		{bone "piece07"}
		{matrix34
			1 	 0 	 0
			0 	 0 	 1
			0 	 -1 	 0
			0 	 -0.007 	 -0.6372
		}
	}
	{"piece08"
		{box 4.78571 18.9401 3.0861}
		{bone "piece08"}
		{Position 0 	 -0.2704 	 0.102}
	}
	{"piece09"
		{box 3.85944 19.0487 2.25262}
		{bone "piece09"}
		{Position -0.0323 	 -0.3499 	 0.0064}
	}
	{"piece10"
		{box 4.78571 18.9401 3.0861}
		{bone "piece10"}
		{Position 0 	 -0.2704 	 0.102}
	}
	{"sub_piece01"
		{box 3.57306 15.5547 0.351305}
		{bone "sub_piece01"}
		{matrix34
			-0.0623 	 0.9925 	 0.1054
			-0.8607 	 0 	 -0.5091
			-0.5053 	 -0.1224 	 0.8542
			-0.0888 	 0.094 	 -0.0629
		}
	}
	{"sub_piece02"
		{box 3.57306 17.1368 0.351305}
		{bone "sub_piece02"}
		{matrix34
			-0.0623 	 0.9925 	 0.1054
			-0.8607 	 0 	 -0.5091
			-0.5053 	 -0.1224 	 0.8542
			-0.8017 	 0.0779 	 -0.0661
		}
	}
	{"sub_piece03"
		{box 2.00691 13.9055 1.53178}
		{bone "sub_piece03"}
		{matrix34
			0 	 1 	 0
			-0.766 	 0 	 0.6428
			0.6428 	 0 	 0.766
			-0.3389 	 0 	 0.1911
		}
	}
	{"sub_piece04"
		{box 2.20539 13.6753 0.351305}
		{bone "sub_piece04"}
		{matrix34
			-0.9659 	 0.2588 	 0
			0 	 0 	 1
			0.2588 	 0.9659 	 0
			-0.0597 	 -0.1541 	 -0.546
		}
	}
	{"sub_piece05"
		{box 3.86911 12.5993 0.531305}
		{bone "sub_piece05"}
		{matrix34
			0.958 	 -0.2869 	 0
			0 	 0 	 -1
			0.2869 	 0.958 	 0
			-0.0178 	 -0.0221 	 0
		}
	}
	{"sub_piece06"
		{box 3.86911 16.8831 0.351305}
		{bone "sub_piece06"}
		{matrix34
			-0.9659 	 0.2588 	 0
			0 	 0 	 1
			0.2588 	 0.9659 	 0
			-0.0597 	 -0.1541 	 -1.3025
		}
	}
	{"sub_piece07"
		{box 1.12273 7.19038 0.751231}
		{bone "sub_piece07"}
		{Position 0 	 0.2073 	 -0.0102}
	}
	{"sub_piece08"
		{box 1.12273 12.84 0.751231}
		{bone "sub_piece08"}
		{Position 0 	 0 	 -0.0102}
	}
	{"sub_piece09"
		{box 4.78571 8.52305 3.0861}
		{bone "sub_piece09"}
		{Position 0 	 4.5717 	 0.102}
	}
	{"sub_piece10"
		{box 4.78571 9.63104 3.0861}
		{bone "sub_piece10"}
		{Position 0 	 5.2568 	 0.102}
	}
	{"sub_piece11"
		{box 4.78571 18.9401 3.0861}
		{bone "sub_piece11"}
		{Position 0 	 0.1478 	 0.0256}
	}
	{"sub_piece12"
		{box 3.86911 12.5993 0.531305}
		{bone "sub_piece12"}
		{matrix34
			0.958 	 -0.2869 	 0
			0 	 0 	 -1
			0.2869 	 0.958 	 0
			-0.0178 	 -0.0221 	 0
		}
	}
	{"sub_piece13"
		{box 3.86911 16.8831 0.351305}
		{bone "sub_piece13"}
		{matrix34
			-0.9659 	 0.2588 	 0
			0 	 0 	 1
			0.2588 	 0.9659 	 0
			-0.0597 	 -0.1541 	 -1.3025
		}
	}
	{"sub_piece14"
		{box 3.86911 12.5993 0.531305}
		{bone "sub_piece14"}
		{matrix34
			0.958 	 -0.2869 	 0
			0 	 0 	 -1
			0.2869 	 0.958 	 0
			-0.0178 	 -0.0221 	 0
		}
	}
	{"target08"
		{box 9.84252 9.84252 9.84252}
		{bone "body"}
		{Position -18.1084 	 84.8078 	 -36.7189}
	}
	{"target09"
		{box 9.84252 9.84252 9.84252}
		{bone "body"}
		{Position -36.6865 	 79.0957 	 -36.7189}
	}
	{"target10"
		{box 9.84252 9.84252 9.84252}
		{bone "body"}
		{Position -40.3925 	 51.3463 	 -36.7189}
	}
	{"target11"
		{box 9.84252 9.84252 9.84252}
		{bone "body"}
		{Position -40.0933 	 36.868 	 -36.7189}
	}
}
