;Exported by	: KobaA
;Date			: 16.01.2023 11:17:59
;File			: D:\git\gem2-mdl-soldiers\models\unit\vehicle\Flobsack_34\Flobsack_34_x.max
{skeleton
	{bone "basis"
		{orientation
			1 	 0 	 0
			0 	 -1 	 0
			0 	 0 	 1
		}
		{bone "body"
			{parameters "id=body;"}
			{animation
				{sequence "break" {file "body_b"}{speed 0.5}}
			}
			{matrix34
				-0.9994 	 0 	 -0.0349
				0 	 -1 	 0
				-0.0349 	 0 	 0.9994
				-25.9673 	 -0.0195 	 5.9847
			}
			{poly "body" {lod 0}}
			{poly "body_lod1" {lod 1}}
			{poly "body_lod2" {lod 2}}
			{poly "body_lod3" {lod 3 {last}}}
			{bone revolute "steer"
				{parameters "id=engine;"}
				{limits -25 25}
				{speed 0.03}
				{Position 30.3149 	 0.2128 	 8.3723}
				{poly "steer" {lod 0}}
				{poly "steer_lod1" {lod 1}}
				{poly "steer_lod2" {lod 2}}
				{poly "steer_lod3" {lod 3 {last}}}
			}
			{bone "pivot_back"
				{matrix34
					-1 	 0 	 0
					0 	 -1 	 0
					0 	 0 	 1
					24.2128 	 -0.0195 	 -0.8766
				}
			}
			{bone "pivot_front"
				{matrix34
					-1 	 0 	 0
					0 	 -1 	 0
					0 	 0 	 1
					-29.6563 	 -0.0194 	 -0.8766
				}
			}
			{bone "skin_right"
				{matrix34
					-0.9994 	 0 	 -0.0349
					0 	 -1 	 0
					-0.0349 	 0 	 0.9994
					-26.4248 	 12.93 	 3.0996
				}
			}
			{bone "skin_left"
				{matrix34
					-0.9994 	 0 	 -0.0349
					0 	 -1 	 0
					-0.0349 	 0 	 0.9994
					-23.7056 	 -14.0643 	 3.1946
				}
			}
			{bone "skin_front"
				{matrix34
					-0.9994 	 0 	 -0.0349
					0 	 -1 	 0
					-0.0349 	 0 	 0.9994
					-73.6458 	 -0.0194 	 1.4506
				}
			}
		}
	}
}
{"volumes"
	{"body"
		{polyhedron}
		{bone "body"}
		{matrix34
			-0.9998 	 0 	 -0.0175
			0 	 -1 	 0
			-0.0175 	 0 	 0.9998
			-62.2922 	 -0.1493 	 -1.89
		}
	}
	{"engine"
		{polyhedron}
		{bone "steer"}
		{matrix34
			-1 	 0 	 0
			0 	 -1 	 0
			0 	 0 	 1
			1.755 	 -0.4502 	 -20.6028
		}
	}
}
