;Exported by	: KobaA
;Date			: 17.04.2024 16:46:40
;File			: d:\git\gem2-mdl-soldiers\models\entourage\feeding_rack\animal_feeder.max
{skeleton
	{bone "feeder_05"
		{orientation
			1 	 0 	 0
			0 	 -1 	 0
			0 	 0 	 1
		}
		{bone "body"
			{matrix34
				0 	 0 	 1
				0 	 1 	 0
				-1 	 0 	 0
				-0.4938 	 0.3084 	 19.5117
			}
			{poly "body"}
		}
	}
}
{"volumes"
	{"body01"
		{cylinder 1.67964 50.496}
		{bone "body"}
		{matrix34
			0 	 0 	 -1
			-0.0175 	 0.9998 	 0
			0.9998 	 0.0175 	 0
			-1.649 	 -22.2255 	 -0.4198
		}
	}
	{"body02"
		{cylinder 1.67964 50.496}
		{bone "body"}
		{matrix34
			0 	 0 	 -1
			0.0175 	 0.9998 	 0
			0.9998 	 -0.0175 	 0
			-1.649 	 21.3984 	 -0.4198
		}
	}
	{"body03"
		{box 7.77363 41.3386 4.26787}
		{bone "body"}
		{matrix34
			0 	 0.1219 	 -0.9925
			0.2588 	 0.9587 	 0.1177
			0.9659 	 -0.2569 	 -0.0315
			-14.9156 	 0.5394 	 -2.7429
		}
	}
	{"body04"
		{box 14.2401 49.2126 0.984252}
		{bone "body"}
		{matrix34
			-0.5736 	 0 	 -0.8192
			0 	 1 	 0
			0.8192 	 0 	 -0.5736
			22.149 	 0.2199 	 -6.7601
		}
	}
	{"body05"
		{box 16.6977 49.2126 0.984252}
		{bone "body"}
		{matrix34
			0.5592 	 0 	 -0.829
			0 	 1 	 0
			0.829 	 0 	 0.5592
			21.8563 	 0.7399 	 6.5257
		}
	}
}
