;Exported by	: KobaA
;Date			: 11.10.2023 11:29:16
;File			: D:\git\gem2-mdl-soldiers\models\flora\palm_leaf_LP_test\palm_leaf.max
{skeleton
	{animation
		{sequence "stir" {speed 0.7}}
	}
	{bone "palm_bush_001_basis"
		{orientation
			1 	 0 	 0
			0 	 -1 	 0
			0 	 0 	 1
		}
		{bone "palm_bush_001"
			{Position 0 	 0 	 2.0438}
			{poly "palm_bush_001"}
			{bone "stir1"
				{Position -0.2614 	 0.0735 	 -2.0438}
				{bone "stir2"
					{Position -5.0261 	 -17.3463 	 4.0148}
				}
				{bone "stir3"
					{matrix34
						0.9135 	 0.4067 	 0
						-0.4067 	 0.9135 	 0
						0 	 0 	 1
						5.609 	 -13.1074 	 7.2838
					}
				}
				{bone "stir4"
					{matrix34
						0.515 	 0.8572 	 0
						-0.8572 	 0.515 	 0
						0 	 0 	 1
						12.7054 	 -7.5517 	 7.2838
					}
				}
				{bone "stir5"
					{matrix34
						0.9272 	 0.3746 	 0
						-0.3746 	 0.9272 	 0
						0 	 0 	 1
						15.4441 	 7.2302 	 7.2838
					}
				}
				{bone "stir6"
					{matrix34
						0.1219 	 0.9925 	 0.0021
						-0.9925 	 0.1219 	 -0.0013
						-0.0015 	 -0.0019 	 1
						-2.5742 	 15.2449 	 7.2838
					}
				}
				{bone "stir7"
					{matrix34
						-0.1045 	 0.9945 	 0
						-0.9945 	 -0.1045 	 0
						0 	 0 	 1
						1.9708 	 11.8705 	 15.5572
					}
				}
				{bone "stir8"
					{matrix34
						-0.1045 	 0.9945 	 0
						-0.9945 	 -0.1045 	 0
						0 	 0 	 1
						-12.7667 	 6.4984 	 12.0853
					}
				}
				{bone "stir9"
					{Position -15.0646 	 -6.6811 	 4.2857}
				}
			}
		}
	}
}
{"volumes"
	{"crown"
		{sphere 19.904}
		{bone "palm_bush_001_basis"}
		{Position 0.3029 	 -1.3845 	 6.7115}
	}
}
