;Exported by:	 tolokolnikova
;Date:			 27.06.2017 14:38:43
;File:			 D:\gem2\gem2-mdl-soldiers\models\building\house_D\D_004_x_fort.max
{skeleton
	{bone "d004_piece01b_point"
		{orientation
			1 	 0 	 0
			0 	 -1 	 0
			0 	 0 	 1
		}
		{bone "sub_piece03"
			{Position 18.9358 	 -13.9004 	 24.4432}
			{poly "sub_piece03"}
		}
		{bone "piece01"
			{Position 18.9358 	 -2.5027 	 6.5866}
			{poly "piece01"}
		}
		{bone "piece02"
			{matrix34
				1 	 0 	 0
				0 	 0.9659 	 -0.2588
				0 	 0.2588 	 0.9659
				18.9358 	 11.3819 	 19.0875
			}
			{poly "piece02"}
		}
		{bone "sub_piece02"
			{matrix34
				0 	 1 	 0
				-1 	 0 	 0
				0 	 0 	 1
				13.7225 	 26.7764 	 23.0602
			}
			{poly "sub_piece02"}
		}
		{bone "sub_piece01"
			{matrix34
				1 	 0 	 0
				0 	 0 	 -1
				0 	 1 	 0
				14.5949 	 -0.9543 	 22.8195
			}
			{poly "sub_piece01"}
		}
		{bone "d004_piece01b"
			{poly "d004_piece01b"}
		}
		{bone "attach1"
			{matrix34
				0 	 1 	 0
				-1 	 0 	 0
				0 	 0 	 1
				-7.652 	 11.9861 	 -24.9173
			}
		}
	}
}
{volume "piece01"
	{box 5.90551 10.1467 15.1195}
	{bone "piece01"}
	{matrix34
		1 	 0 	 0
		0 	 0.5736 	 0.8192
		0 	 -0.8192 	 0.5736
		0 	 -6.2193 	 3.4532
	}
}
{volume "piece02"
	{box 5.90551 30.4402 12.6117}
	{bone "piece02"}
	{matrix34
		1 	 0 	 0
		0 	 0.9962 	 0.0872
		0 	 -0.0872 	 0.9962
		0 	 -0.6744 	 -0.0276
	}
}
{volume "sub_piece01"
	{box 3.40391 65.647 3.02947}
	{bone "sub_piece01"}
	{matrix34
		1 	 0 	 0
		0 	 0 	 1
		0 	 -1 	 0
		0 	 -0.09 	 0
	}
}
{volume "sub_piece02"
	{box 5.90551 13.1776 19.422}
	{bone "sub_piece02"}
	{matrix34
		1 	 0 	 0
		0 	 0.9848 	 -0.1736
		0 	 0.1736 	 0.9848
		0 	 0.6358 	 0.2797
	}
}
{volume "sub_piece03"
	{box 5.90551 13.1776 14.1251}
	{bone "sub_piece03"}
	{Position 0 	 0.2043 	 0.5654}
}
{volume "target_vol_001"
	{box 9.84252 11.811 15.6501}
	{bone "d004_piece01b_point"}
	{matrix34
		0 	 1 	 0
		-1 	 0 	 0
		0 	 0 	 1
		-9.3749 	 26.7229 	 4.1538
	}
}
{volume "vol_01"
	{box 37.6628 6.0618 22.9062}
	{bone "d004_piece01b"}
	{Position 3.0931 	 26.7972 	 -12.5297}
}
{volume "vol_02"
	{box 58.1456 6.0618 14.432}
	{bone "d004_piece01b"}
	{matrix34
		0 	 -1 	 0
		1 	 0 	 0
		0 	 0 	 1
		18.9393 	 0.8474 	 -16.7668
	}
}
{volume "vol_03"
	{box 26.747 6.0618 9.95806}
	{bone "d004_piece01b"}
	{matrix34
		0 	 -1 	 0
		1 	 0 	 0
		0 	 0 	 1
		18.9393 	 -12.9792 	 -4.4284
	}
}
{volume "vol_04"
	{box 10.4313 6.0618 9.95806}
	{bone "d004_piece01b"}
	{matrix34
		0 	 -1 	 0
		1 	 0 	 0
		0 	 0 	 1
		18.9393 	 24.6287 	 -4.4284
	}
}
{volume "vol_05"
	{box 38.3761 6.0618 22.6582}
	{bone "d004_piece01b"}
	{matrix34
		1 	 0 	 0
		0 	 1 	 0
		0 	 0 	 1
		2.8563 	 26.8634 	 -12.6537
	}
}
