;Exported by	: Oleksandr Tsaprylov
;Date			: 01.02.2023 17:36:59
;File			: E:\projects\gem2-mdl-soldiers\models\entourage\shed_wood_destroyed\shed_wood_destroyed.max
{skeleton
	{bone "shed_wood_destroyed_b_piece_003_x"
		{orientation
			1 	 0 	 0
			0 	 -1 	 0
			0 	 0 	 1
		}
		{bone "piece02"
			{matrix34
				0.9378 	 -0.3471 	 0.0071
				0.2945 	 0.8062 	 0.5131
				-0.1838 	 -0.4791 	 0.8583
				29.2621 	 -4.8793 	 36.8564
			}
			{poly "piece02"}
		}
		{bone "piece01"
			{matrix34
				0.8967 	 0.2128 	 -0.3882
				-0.1909 	 0.977 	 0.0946
				0.3994 	 -0.0107 	 0.9167
				3.303 	 -27.9298 	 50.4528
			}
			{poly "piece01"}
		}
		{bone "piece03"
			{matrix34
				0.8678 	 -0.2379 	 0.4363
				0.3421 	 0.9228 	 -0.1771
				-0.3605 	 0.303 	 0.8822
				-13.6375 	 -10.9556 	 30.0512
			}
			{poly "piece03"}
		}
		{bone "piece04"
			{Position -19.1831 	 -12.4903 	 73.6736}
			{poly "piece04"}
		}
		{bone "piece07"
			{Position 4.3747 	 1.8909 	 86.5987}
			{poly "piece07"}
		}
		{bone "piece08"
			{Position -31.6268 	 -29.6785 	 63.1846}
			{poly "piece08"}
		}
		{bone "body"
			{Position 6.4121 	 -20.6446 	 8.0124}
			{poly "body"}
		}
		{bone "piece06"
			{Position 2.4455 	 -19.7556 	 64.8437}
			{poly "piece06"}
		}
		{bone "piece05"
			{Position 37.1302 	 -16.4304 	 71.3778}
			{poly "piece05"}
		}
		{bone "piece09"
			{Position 37.4344 	 31.2362 	 89.5836}
			{poly "piece09"}
		}
		{bone "land"
			{parameters "land;ground;"}
			{matrix34
				-1 	 0 	 0
				0 	 -1 	 0
				0 	 0 	 1
				28.1979 	 -20.6663 	 0
			}
			{visibility 0}
			{poly "land" {ground}}
		}
	}
}
{obstacle "obstacle01"
	{obb2
		{center 27.8043 20.7328}
		{extent 9.11207 9.50281}
		{axis -1 0}
	}
	{rotate}
}
{obstacle "obstacle02"
	{obb2
		{center 6.09856 18.3426}
		{extent 29.3789 5.38493}
		{axis -1 0}
	}
	{rotate}
}
{"volumes"
	{"body01"
		{box 15.8326 17.8977 15.1624}
		{bone "body"}
		{Position 21.7308 	 0.0028 	 -0.4312}
	}
	{"body02"
		{box 45.7289 7.92719 12.1299}
		{bone "body"}
		{Position -2.0143 	 2.1731 	 -1.9475}
	}
	{"piece01"
		{box 17.7639 7.86936 17.7485}
		{bone "piece01"}
		{matrix34
			0.8967 	 -0.1909 	 0.3994
			0.2128 	 0.977 	 -0.0107
			-0.3882 	 0.0946 	 0.9167
			2.2523 	 9.1248 	 -0.0211
		}
	}
	{"piece02"
		{box 16.1651 17.7847 18.2862}
		{bone "piece02"}
		{matrix34
			0.9378 	 0.2945 	 -0.1838
			-0.3471 	 0.8062 	 -0.4791
			0.0071 	 0.5131 	 0.8583
			4.4285 	 -13.3277 	 7.27
		}
	}
	{"piece03"
		{box 14.607 7.86936 14.1988}
		{bone "piece03"}
		{matrix34
			-0.7788 	 -0.3677 	 0.5082
			-0.2379 	 0.9228 	 0.303
			-0.5804 	 0.115 	 -0.8062
			8.2738 	 -4.2896 	 -5.4536
		}
	}
	{"piece04"
		{box 1.58472 7.20607 23.5609}
		{bone "piece04"}
		{matrix34
			-0.0374 	 0.5739 	 -0.8181
			0.0886 	 -0.8135 	 -0.5747
			-0.9954 	 -0.094 	 -0.0204
			0.6209 	 -0.0366 	 0.1707
		}
	}
	{"piece05"
		{box 2.3622 2.98768 54.7073}
		{bone "piece05"}
		{matrix34
			-1 	 0 	 0
			0 	 -0.5736 	 0.8192
			0 	 0.8192 	 0.5736
			-0.1113 	 -0.171 	 -0.1606
		}
	}
	{"piece06"
		{box 2.3622 2.98768 62.6366}
		{bone "piece06"}
		{matrix34
			0 	 1 	 0
			0 	 0 	 1
			1 	 0 	 0
			0.6033 	 -0.0174 	 0.1016
		}
	}
	{"piece07"
		{box 1.41732 2.09138 50.702}
		{bone "piece07"}
		{matrix34
			0 	 -0.5736 	 0.8192
			0 	 -0.8192 	 -0.5736
			1 	 0 	 0
			-0.1058 	 -0.0349 	 0.0295
		}
	}
	{"piece08"
		{box 1.58472 7.20607 23.5632}
		{bone "piece08"}
		{matrix34
			0.0785 	 0.5138 	 -0.8543
			-0.0269 	 -0.8555 	 -0.517
			-0.9966 	 0.0636 	 -0.0533
			-0.8247 	 0.1369 	 -0.2255
		}
	}
	{"piece09"
		{box 2.3622 2.98768 31.3732}
		{bone "piece09"}
		{matrix34
			-1 	 0 	 0
			0 	 0 	 1
			0 	 1 	 0
			0.115 	 -0.6815 	 0.0731
		}
	}
}
