;Exported by	: KobaA
;Date			: 15.01.2024 11:55:21
;File			: d:\git\gem2-mdl-soldiers\models\building\house_50\house_50_g2_fort.max
{skeleton
	{bone "50_g2_piece_004"
		{orientation
			1 	 0 	 0
			0 	 -1 	 0
			0 	 0 	 1
		}
		{poly "50_g2_piece_004"}
		{bone "exterior"
			{Position 1.2118 	 -2.3207 	 48.9264}
			{poly "exterior"}
		}
		{bone revolute "attach1"
			{Position 9.0234 	 -4.1604 	 -62.7176}
		}
		{bone "fort_wall"
			{matrix34
				0 	 -1 	 0
				1 	 0 	 0
				0 	 0 	 1
				32.8434 	 -14.0438 	 -54.4373
			}
		}
	}
}
{area "interior"
	{obb2
		{center 1.62456 -0.558769}
		{extent 19.0225 32.4696}
		{axis -1 0}
	}
	{rotate}
}
{"volumes"
	{"beam1"
		{box 3.93701 74.3557 3.93701}
		{bone "50_g2_piece_004"}
		{matrix34
			0 	 1 	 0
			-1 	 0 	 0
			0 	 0 	 1
			5.2011 	 -35.5172 	 16.1253
		}
	}
	{"beam2_"
		{polyhedron}
		{bone "50_g2_piece_004"}
		{matrix34
			0 	 1 	 0
			-1 	 0 	 0
			0 	 0 	 1
			1.6004 	 22.9428 	 14.1568
		}
	}
	{"beam3_"
		{box 3.93701 75.2472 3.93701}
		{bone "50_g2_piece_004"}
		{Position -9.8272 	 -0.3059 	 19.9798}
	}
	{"body1"
		{box 23.8113 6.88976 88.0364}
		{bone "50_g2_piece_004"}
		{Position 14.8552 	 -34.9495 	 -28.5294}
	}
	{"body2"
		{box 30.9237 8.8189 11.4447}
		{bone "50_g2_piece_004"}
		{Position -5.7232 	 -34.9495 	 13.2213}
	}
	{"body3"
		{box 59.0855 6.88976 24.7381}
		{bone "50_g2_piece_004"}
		{matrix34
			0 	 1 	 0
			-1 	 0 	 0
			0 	 0 	 1
			23.7924 	 -2.0508 	 5.8683
		}
	}
	{"body4"
		{box 68.7041 6.88976 33.3173}
		{bone "50_g2_piece_004"}
		{matrix34
			0 	 1 	 0
			-1 	 0 	 0
			0 	 0 	 1
			23.7924 	 2.5339 	 -22.9689
		}
	}
	{"body5"
		{box 67.3503 6.88976 33.3173}
		{bone "50_g2_piece_004"}
		{matrix34
			0 	 1 	 0
			-1 	 0 	 0
			0 	 0 	 1
			23.7924 	 -0.1213 	 -56.1469
		}
	}
	{"floor"
		{box 73.2557 52.1509 0.984252}
		{bone "50_g2_piece_004"}
		{Position -15.5431 	 18.3466 	 -12.9345}
	}
	{"floor2"
		{box 20.6068 24.7195 0.984252}
		{bone "50_g2_piece_004"}
		{Position 10.6531 	 -20.1273 	 -12.9345}
	}
	{"roof1"
		{polyhedron}
		{bone "50_g2_piece_004"}
		{matrix34
			1 	 0 	 0
			0 	 0.766 	 -0.6428
			0 	 0.6428 	 0.766
			2.6984 	 -40.685 	 18.2659
		}
	}
	{"roof2"
		{polyhedron}
		{bone "50_g2_piece_004"}
		{matrix34
			0 	 1 	 0
			-0.9397 	 0 	 -0.342
			-0.342 	 0 	 0.9397
			29.9805 	 -3.3488 	 19.0071
		}
	}
	{"roof3_"
		{polyhedron}
		{bone "50_g2_piece_004"}
		{matrix34
			0 	 1 	 0
			-0.9397 	 0 	 -0.342
			-0.342 	 0 	 0.9397
			29.7494 	 16.2911 	 20.1904
		}
	}
	{"roof4"
		{polyhedron}
		{bone "50_g2_piece_004"}
		{matrix34
			1 	 0 	 0
			0 	 0.766 	 -0.6428
			0 	 0.6428 	 0.766
			-17.5795 	 -40.685 	 18.2659
		}
	}
	{"roof5"
		{polyhedron}
		{bone "50_g2_piece_004"}
		{matrix34
			1 	 0 	 0
			0 	 0.766 	 -0.6428
			0 	 0.6428 	 0.766
			-17.5795 	 -25.346 	 36.5462
		}
	}
	{"roof6"
		{polyhedron}
		{bone "50_g2_piece_004"}
		{matrix34
			1 	 0 	 0
			0 	 0.766 	 -0.6428
			0 	 0.6428 	 0.766
			-12.6601 	 -33.9902 	 26.2445
		}
	}
}
