;Exported by:	 tolokolnikova
;Date:			 27.04.2016 18:17:46
;File:			 D:\gem2\gem2-mdl-soldiers\models\entourage\barricade_cobl_g2\Barricade_cob30.max
{skeleton
	{bone "02_x"
		{orientation
			1 	 0 	 0
			0 	 -1 	 0
			0 	 0 	 1
		}
		{bone "piece01"
			{matrix34
				-0.2994 	 0.3876 	 -0.8719
				0.8644 	 0.4971 	 -0.0758
				0.4041 	 -0.7763 	 -0.4839
				22.953 	 35.7933 	 7.5792
			}
			{poly "piece01"}
		}
		{bone "piece02"
			{matrix34
				0.9513 	 0.1677 	 -0.2588
				0.2549 	 0.0449 	 0.9659
				0.1736 	 -0.9848 	 0
				12.4658 	 22.1262 	 10.7043
			}
			{poly "piece02"}
		}
		{bone "piece03"
			{matrix34
				0.9513 	 0.1677 	 -0.2588
				0.2549 	 0.0449 	 0.9659
				0.1736 	 -0.9848 	 0
				14.7741 	 9.0354 	 10.7043
			}
			{poly "piece03"}
		}
	}
}
{volume "piece01"
	{box 11.3728 1.00531 11.5319}
	{bone "piece01"}
	{matrix34
		0.0069 	 0.9997 	 0.0254
		-0.0427 	 0.0257 	 -0.9988
		-0.9991 	 0.0058 	 0.0429
		0.3747 	 -0.1681 	 0.1772
	}
}
{volume "piece02"
	{box 0.851608 13.9642 19.9269}
	{bone "piece02"}
	{matrix34
		1 	 0 	 0
		0 	 0 	 -1
		0 	 1 	 0
		-0.9881 	 1.7628 	 -1.684
	}
}
{volume "piece03"
	{box 0.851608 17.0364 18.918}
	{bone "piece03"}
	{matrix34
		1 	 0 	 0
		0 	 0 	 -1
		0 	 1 	 0
		-0.1464 	 2.6387 	 1.8043
	}
}
