;Exported by	: KobaA
;Date			: 27.03.2024 12:27:03
;File			: d:\git\gem2-mdl-soldiers\models\building\dot\dot_wood_fortifications_x.max
{skeleton
	{bone "fort_sandbags_right_x"
		{orientation
			1 	 0 	 0
			0 	 -1 	 0
			0 	 0 	 1
		}
		{bone "piece01"
			{matrix34
				0 	 1 	 0
				1 	 0 	 0
				0 	 0 	 -1
				-14.049 	 -5.2631 	 9.913
			}
			{poly "piece01"}
		}
		{bone "piece02"
			{matrix34
				-0.766 	 0.6428 	 0
				-0.6428 	 -0.766 	 0
				0 	 0 	 1
				-10.9205 	 -16.1759 	 2.2569
			}
			{poly "piece02"}
		}
		{bone "piece03"
			{matrix34
				-0.0872 	 -0.9962 	 0
				0.9962 	 -0.0872 	 0
				0 	 0 	 1
				-3.09 	 -17.3603 	 5.463
			}
			{poly "piece03"}
		}
		{bone "piece04"
			{matrix34
				1 	 0 	 0
				0 	 -0.9848 	 0.1736
				0 	 -0.1736 	 -0.9848
				4.2951 	 -18.2833 	 -12.4097
			}
			{poly "piece04"}
		}
		{bone "piece05"
			{matrix34
				0 	 -1 	 0
				-0.9848 	 0 	 0.1736
				-0.1736 	 0 	 -0.9848
				8.9069 	 -17.687 	 -5.6243
			}
			{poly "piece05"}
		}
		{bone "piece06"
			{matrix34
				0 	 1 	 0
				1 	 0 	 0
				0 	 0 	 -1
				-14.049 	 -6.4464 	 3.0407
			}
			{poly "piece06"}
		}
		{bone "piece07"
			{matrix34
				0 	 1 	 0
				-1 	 0 	 0
				0 	 0 	 1
				-14.049 	 -10.3186 	 -0.677
			}
			{poly "piece07"}
		}
		{bone "piece08"
			{matrix34
				-0.5736 	 0.8192 	 0
				-0.8192 	 -0.5736 	 0
				0 	 0 	 1
				-10.1489 	 -16.7056 	 -5.1515
			}
			{poly "piece08"}
		}
		{bone "piece15"
			{matrix34
				-1 	 0 	 0
				0 	 0.9962 	 0.0872
				0 	 0.0872 	 -0.9962
				-14.049 	 -5.77 	 -11.4999
			}
			{poly "piece15"}
		}
		{bone "piece10"
			{matrix34
				-0.9397 	 0.342 	 0
				-0.342 	 -0.9397 	 0
				0 	 0 	 1
				-6.666 	 -18.9387 	 -9.1169
			}
			{poly "piece10"}
		}
		{bone "piece11"
			{matrix34
				0.454 	 0.891 	 0
				0.8775 	 -0.4471 	 0.1736
				0.1547 	 -0.0788 	 -0.9848
				-7.1623 	 -18.4273 	 8.5515
			}
			{poly "piece11"}
		}
		{bone "piece12"
			{matrix34
				-1 	 0 	 0
				0 	 -1 	 0
				0 	 0 	 1
				6.9957 	 -18.0013 	 5.8884
			}
			{poly "piece12"}
		}
		{bone "piece13"
			{matrix34
				0.9903 	 0 	 -0.1392
				0 	 1 	 0
				0.1392 	 0 	 0.9903
				3.6925 	 -17.5611 	 9.707
			}
			{poly "piece13"}
		}
		{bone "piece09"
			{matrix34
				1 	 0 	 0
				0 	 0.9848 	 -0.1736
				0 	 0.1736 	 0.9848
				-14.6804 	 3.3053 	 -5.3421
			}
			{poly "piece09"}
		}
		{bone "piece14"
			{matrix34
				0 	 -1 	 0
				1 	 0 	 0
				0 	 0 	 1
				11.8806 	 -17.5611 	 -1.773
			}
			{poly "piece14"}
		}
	}
}
{"volumes"
	{"piece01"
		{box 11.5844 9.65739 4.02316}
		{bone "piece01"}
		{matrix34
			0.9925 	 0 	 0.1219
			0 	 -1 	 0
			0.1219 	 0 	 -0.9925
			0.3783 	 -0.7358 	 1.0654
		}
	}
	{"piece02"
		{box 11.5844 9.65739 4.02316}
		{bone "piece02"}
		{Position 0.7928 	 -0.4907 	 -0.6996}
	}
	{"piece03"
		{box 11.5844 9.65739 4.02316}
		{bone "piece03"}
		{Position 0.444 	 -0.0226 	 -0.3373}
	}
	{"piece04"
		{box 11.5844 9.65739 4.02316}
		{bone "piece04"}
		{Position 0.0287 	 0.0519 	 0.3875}
	}
	{"piece05"
		{box 11.5844 9.65739 4.02316}
		{bone "piece05"}
		{Position 0.013 	 0.0651 	 0.0486}
	}
	{"piece06"
		{box 11.5844 9.65739 4.02316}
		{bone "piece06"}
		{matrix34
			1 	 0 	 0
			0 	 -1 	 0
			0 	 0 	 -1
			0.7599 	 -0.7358 	 0.9279
		}
	}
	{"piece07"
		{box 11.5844 9.65739 4.02316}
		{bone "piece07"}
		{matrix34
			0.9986 	 0 	 0.0523
			0 	 1 	 0
			-0.0523 	 0 	 0.9986
			0.4661 	 0.7358 	 -1.0303
		}
	}
	{"piece08"
		{box 11.5844 9.65739 4.02316}
		{bone "piece08"}
		{matrix34
			0.9985 	 0.0174 	 0.0523
			-0.0175 	 0.9998 	 0
			-0.0523 	 -0.0009 	 0.9986
			1.205 	 0.3078 	 -0.1858
		}
	}
	{"piece09"
		{box 11.5844 9.65739 4.02316}
		{bone "piece09"}
		{matrix34
			1 	 0 	 0
			0 	 0.9848 	 0.1736
			0 	 -0.1736 	 0.9848
			-0.1044 	 -0.043 	 0.4418
		}
	}
	{"piece10"
		{box 11.5844 9.65739 4.02316}
		{bone "piece10"}
		{Position 0.7295 	 -0.1497 	 -0.1525}
	}
	{"piece11"
		{box 11.5844 9.65739 4.02316}
		{bone "piece11"}
		{Position 0.9442 	 0.5209 	 0.129}
	}
	{"piece12"
		{box 11.5844 9.65739 4.02316}
		{bone "piece12"}
		{Position 0.3042 	 0.1175 	 -0.4175}
	}
	{"piece13"
		{box 11.5844 9.65739 4.02316}
		{bone "piece13"}
		{Position 0.0145 	 -0.0085 	 -0.2314}
	}
	{"piece14"
		{box 11.5844 9.65739 4.02316}
		{bone "piece14"}
		{Position -0.0587 	 0.0369 	 -0.2998}
	}
	{"piece15"
		{box 11.5844 9.65739 4.02316}
		{bone "piece15"}
		{matrix34
			-1 	 0 	 0
			0 	 0.9962 	 0.0872
			0 	 0.0872 	 -0.9962
			0.7358 	 -0.0442 	 0.1538
		}
	}
}
