;Exported by	: joomb
;Date			: 13.04.2023 16:09:47
;File			: H:\git\gem2-mdl-soldiers\models\building\building_ua01\building_06_v2a.max
{skeleton
	{bone "b_ua_06_piece08"
		{orientation
			1 	 0 	 0
			0 	 -1 	 0
			0 	 0 	 1
		}
		{poly "b_ua_06_piece08"}
		{bone "fix01"
			{Position -31.9048 	 -23.6167 	 -0.3925}
		}
	}
}
{"volumes"
	{"body01"
		{box 73.8947 1.47579 2.77381}
		{bone "b_ua_06_piece08"}
		{matrix34
			0 	 -1 	 0
			1 	 0 	 0
			0 	 0 	 1
			25.7806 	 11.5325 	 -16.6879
		}
	}
	{"body02"
		{cylinder 1.86755 46.374}
		{bone "b_ua_06_piece08"}
		{Position 23.9675 	 -22.5771 	 -12.5857}
	}
	{"floor01"
		{box 63.1195 68.3637 1.25005}
		{bone "b_ua_06_piece08"}
		{Position -1.2979 	 3.3993 	 14.5771}
	}
	{"roof01"
		{polyhedron}
		{bone "b_ua_06_piece08"}
		{matrix34
			1 	 0 	 0
			0 	 0.766 	 -0.6428
			0 	 0.6428 	 0.766
			-4.7837 	 -34.8463 	 16.8391
		}
	}
	{"roof02"
		{polyhedron}
		{bone "b_ua_06_piece08"}
		{matrix34
			0 	 1 	 0
			-0.8192 	 0 	 -0.5736
			-0.5736 	 0 	 0.8192
			35.0032 	 5.0606 	 16.8391
		}
	}
	{"roof03"
		{polyhedron}
		{bone "b_ua_06_piece08"}
		{matrix34
			1 	 0 	 0
			0 	 0.6428 	 0.766
			0 	 -0.766 	 0.6428
			-2.4608 	 -26.4775 	 11.4026
		}
	}
	{"roof04"
		{box 52.6142 1.9685 8.04965}
		{bone "b_ua_06_piece08"}
		{matrix34
			0 	 -1 	 0
			0.7071 	 0 	 -0.7071
			0.7071 	 0 	 0.7071
			31.2377 	 1.3377 	 14.2486
		}
	}
}
