;Exported by	: KobaA
;Date			: 04.03.2024 17:09:20
;File			: d:\git\gem2-mdl-soldiers\models\building\france_mill\france_mill_x.max
{skeleton
	{bone "france_mill_piece08_point"
		{orientation
			1 	 0 	 0
			0 	 -1 	 0
			0 	 0 	 1
		}
		{bone "piece01"
			{matrix34
				0.9852 	 -0.1714 	 0
				0.1714 	 0.9852 	 0
				0 	 0 	 1
				-4.3981 	 -12.5755 	 -7.0986
			}
			{poly "piece01"}
		}
		{bone "piece02"
			{matrix34
				0.9852 	 -0.1714 	 0
				0.1714 	 0.9852 	 0
				0 	 0 	 1
				-8.3552 	 -8.5134 	 -25.0878
			}
			{poly "piece02"}
		}
		{bone "piece03"
			{matrix34
				0.9999 	 0.015 	 0
				-0.015 	 0.9999 	 0
				0 	 0 	 1
				19.5858 	 -23.9486 	 -15.3546
			}
			{poly "piece03"}
		}
		{bone "sub_piece01"
			{matrix34
				-0.009 	 0.6427 	 -0.766
				-0.9999 	 -0.014 	 0
				-0.0108 	 0.766 	 0.6428
				8.6312 	 -7.8455 	 8.5894
			}
			{poly "sub_piece01"}
		}
		{bone "sub_piece02"
			{matrix34
				0.6427 	 0.0072 	 -0.766
				-0.0112 	 0.9999 	 0
				0.766 	 0.0086 	 0.6428
				-0.8572 	 15.0985 	 12.5049
			}
			{poly "sub_piece02"}
		}
		{bone "sub_piece03"
			{matrix34
				0.9852 	 -0.1714 	 0
				0.1714 	 0.9852 	 0
				0 	 0 	 1
				5.244 	 -18.9561 	 -23.4341
			}
			{poly "sub_piece03"}
		}
		{bone "sub_piece04"
			{matrix34
				0.859 	 -0.512 	 0
				0.512 	 0.859 	 0
				0 	 0 	 1
				-16.7306 	 0.9972 	 -22.7266
			}
			{poly "sub_piece04"}
		}
		{bone "sub_piece05"
			{matrix34
				0.8264 	 -0.563 	 0
				0.563 	 0.8264 	 0
				0 	 0 	 1
				-22.7743 	 16.6101 	 -1.0344
			}
			{poly "sub_piece05"}
		}
		{bone "sub_piece06"
			{matrix34
				0.7799 	 -0.6259 	 0
				0.6259 	 0.7799 	 0
				0 	 0 	 1
				-20.3942 	 10.3957 	 -11.6571
			}
			{poly "sub_piece06"}
		}
		{bone "sub_piece07"
			{matrix34
				0.7712 	 -0.6366 	 0
				0.6366 	 0.7712 	 0
				0 	 0 	 1
				-15.0258 	 -1.186 	 3.5934
			}
			{poly "sub_piece07"}
		}
		{bone "sub_piece08"
			{matrix34
				0.6427 	 0.0072 	 -0.766
				-0.0112 	 0.9999 	 0
				0.766 	 0.0086 	 0.6428
				-13.4402 	 23.0132 	 12.5049
			}
			{poly "sub_piece08"}
		}
		{bone "sub_piece09"
			{matrix34
				-0.009 	 0.6427 	 -0.766
				-0.9999 	 -0.014 	 0
				-0.0108 	 0.766 	 0.6428
				23.7666 	 5.8811 	 8.5894
			}
			{poly "sub_piece09"}
		}
		{bone "sub_piece10"
			{matrix34
				0.9808 	 0.1951 	 -0.0036
				-0.1952 	 0.9802 	 -0.0329
				-0.0029 	 0.033 	 0.9995
				13.6307 	 -22.9843 	 0.3546
			}
			{poly "sub_piece10"}
		}
	}
}
{"volumes"
	{"piece01"
		{box 6.88976 15.0629 10.429}
		{bone "piece01"}
		{matrix34
			-0.4843 	 -0.8749 	 0
			0.8749 	 -0.4843 	 0
			0 	 0 	 1
			0.3506 	 -0.0519 	 -0.4646
		}
	}
	{"piece02"
		{box 6.88976 12.0503 12.2019}
		{bone "piece02"}
		{matrix34
			-0.4843 	 -0.8749 	 0
			0.8749 	 -0.4843 	 0
			0 	 0 	 1
			0.6042 	 -0.3344 	 0.74
		}
	}
	{"piece03"
		{box 6.93383 8.38878 5.63728}
		{bone "piece03"}
		{matrix34
			-0.2252 	 -0.9743 	 0
			0.9743 	 -0.2252 	 0
			0 	 0 	 1
			-0.094 	 -0.2616 	 -0.0767
		}
	}
	{"sub_piece01"
		{box 3.16929 12.3036 4.06136}
		{bone "sub_piece01"}
		{matrix34
			-0.0035 	 -1 	 -0.0042
			0.6428 	 -0.0055 	 0.766
			-0.766 	 0 	 0.6428
			0.2514 	 0 	 -0.211
		}
	}
	{"sub_piece02"
		{box 3.16929 12.3036 4.06136}
		{bone "sub_piece02"}
		{matrix34
			-0.0035 	 -1 	 -0.0042
			0.6428 	 -0.0055 	 0.766
			-0.766 	 0 	 0.6428
			0.2514 	 0 	 -0.211
		}
	}
	{"sub_piece03"
		{box 6.93383 7.29824 5.63728}
		{bone "sub_piece03"}
		{matrix34
			-0.2741 	 -0.9617 	 0
			0.9617 	 -0.2741 	 0
			0 	 0 	 1
			0.4171 	 -0.1189 	 -0.0119
		}
	}
	{"sub_piece04"
		{box 6.93383 8.38543 3.45388}
		{bone "sub_piece04"}
		{matrix34
			-0.461 	 -0.8874 	 0
			0.8874 	 -0.461 	 0
			0 	 0 	 1
			0.0947 	 0.3336 	 0.0126
		}
	}
	{"sub_piece05"
		{box 6.93383 5.11511 5.63728}
		{bone "sub_piece05"}
		{matrix34
			-0.4955 	 -0.8686 	 0
			0.8686 	 -0.4955 	 0
			0 	 0 	 1
			-0.2531 	 -0.4437 	 0.1263
		}
	}
	{"sub_piece06"
		{box 6.93383 5.11511 5.63728}
		{bone "sub_piece06"}
		{matrix34
			-0.4955 	 -0.8686 	 0
			0.8686 	 -0.4955 	 0
			0 	 0 	 1
			-0.2531 	 -0.4437 	 0.1263
		}
	}
	{"sub_piece07"
		{box 6.93383 7.29824 5.63728}
		{bone "sub_piece07"}
		{matrix34
			-0.2741 	 -0.9617 	 0
			0.9617 	 -0.2741 	 0
			0 	 0 	 1
			0.4171 	 -0.1189 	 -0.0119
		}
	}
	{"sub_piece08"
		{box 3.16929 12.3036 4.06136}
		{bone "sub_piece08"}
		{matrix34
			-0.0035 	 -1 	 -0.0042
			0.6428 	 -0.0055 	 0.766
			-0.766 	 0 	 0.6428
			0.2514 	 0 	 -0.211
		}
	}
	{"sub_piece09"
		{box 3.16929 12.3036 4.06136}
		{bone "sub_piece09"}
		{matrix34
			-0.0035 	 -1 	 -0.0042
			0.6428 	 -0.0055 	 0.766
			-0.766 	 0 	 0.6428
			0.2514 	 0 	 -0.211
		}
	}
	{"sub_piece10"
		{box 6.93383 8.38543 3.45388}
		{bone "sub_piece10"}
		{matrix34
			-0.461 	 -0.8874 	 0
			0.8874 	 -0.461 	 0
			0 	 0 	 1
			0.0947 	 0.3336 	 0.0126
		}
	}
}
