;Exported by	: joomb
;Date			: 13.04.2023 16:25:31
;File			: H:\git\gem2-mdl-soldiers\models\building\building_ua01\building_07_v2_BBB.max
{skeleton
	{bone "b_ua_07_piece06"
		{orientation
			1 	 0 	 0
			0 	 -1 	 0
			0 	 0 	 1
		}
		{poly "b_ua_07_piece06"}
		{bone "fort_wall"
			{Position -14.4371 	 40.6556 	 -48.8085}
		}
		{bone revolute "attach1"
			{matrix34
				0 	 1 	 0
				-1 	 0 	 0
				0 	 0 	 1
				-11.2005 	 14.8206 	 -50.5336
			}
		}
	}
}
{"volumes"
	{"body01"
		{box 53.6645 5.90551 61.7383}
		{bone "b_ua_07_piece06"}
		{matrix34
			0 	 -1 	 0
			1 	 0 	 0
			0 	 0 	 1
			-32.8777 	 4.5598 	 -30.1595
		}
	}
	{"body02"
		{box 57.0899 5.90551 60.5219}
		{bone "b_ua_07_piece06"}
		{matrix34
			-1 	 0 	 0
			0 	 -1 	 0
			0 	 0 	 1
			-7.9452 	 31.4406 	 -30.7678
		}
	}
	{"floor01"
		{box 59.4308 95.8928 1.2229}
		{bone "b_ua_07_piece06"}
		{Position -3.8995 	 -8.0921 	 0.9302}
	}
	{"roof01"
		{box 80.6598 1.9685 9.39516}
		{bone "b_ua_07_piece06"}
		{matrix34
			-1 	 0 	 0
			0 	 -0.7573 	 -0.6531
			0 	 -0.6531 	 0.7573
			4.0802 	 14.9479 	 33.7448
		}
	}
	{"roof02"
		{box 55.8213 1.9685 20.9512}
		{bone "b_ua_07_piece06"}
		{matrix34
			-1 	 0 	 0
			0 	 -0.7573 	 -0.6531
			0 	 -0.6531 	 0.7573
			9.7506 	 5.337 	 44.8897
		}
	}
	{"roof03"
		{box 68.94 1.9685 40.8485}
		{bone "b_ua_07_piece06"}
		{matrix34
			-1 	 0 	 0
			0 	 -0.7573 	 -0.6531
			0 	 -0.6531 	 0.7573
			-7.5277 	 31.0065 	 15.1231
		}
	}
}
