;Exported by:	 tolokolnikova
;Date:			 11.05.2016 12:24:06
;File:			 D:\gem2\gem2-mdl-soldiers\models\entourage\barricade_cobl_g2\barricade_new_vik_work.max
{skeleton
	{bone "b2_c2_point"
		{orientation
			1 	 0 	 0
			0 	 -1 	 0
			0 	 0 	 1
		}
		{bone "piece04"
			{Position 11.1007 	 -14.0549 	 18.6076}
			{poly "piece04"}
		}
		{bone "piece05"
			{matrix34
				-0.6087 	 -0.4277 	 -0.6683
				0.6008 	 -0.7985 	 -0.0362
				-0.5182 	 -0.4236 	 0.743
				20.2017 	 -18.587 	 5.0053
			}
			{poly "piece05"}
		}
		{bone "piece07"
			{matrix34
				0.1438 	 -0.9844 	 -0.1014
				0.3909 	 0.1506 	 -0.908
				0.9091 	 0.091 	 0.4064
				46.2559 	 -12.1067 	 9.9385
			}
			{poly "piece07"}
		}
		{bone "piece08"
			{orientation
				0.2507 	 -0.9641 	 -0.087
				0.427 	 0.1908 	 -0.8839
				0.8688 	 0.1845 	 0.4595
			}
			{poly "piece08"}
		}
		{bone "piece09"
			{matrix34
				0.5048 	 -0.863 	 -0.0185
				0.6747 	 0.4079 	 -0.6151
				0.5384 	 0.2981 	 0.7882
				10.4959 	 8.7893 	 8.9838
			}
			{poly "piece09"}
		}
		{bone "piece06"
			{matrix34
				-0.3627 	 0.133 	 -0.9224
				-0.5665 	 0.7544 	 0.3316
				-0.7399 	 -0.6428 	 0.1983
				35.8731 	 -26.8976 	 11.0275
			}
			{poly "piece06"}
		}
		{bone "piece01"
			{orientation
				0.656 	 0.4248 	 0.6238
				-0.3902 	 0.8984 	 -0.2014
				-0.646 	 -0.1113 	 0.7552
			}
			{poly "piece01"}
		}
		{bone "piece10"
			{orientation
				0.2559 	 0.0862 	 -0.9629
				-0.5063 	 0.8605 	 -0.0575
				0.8235 	 0.5022 	 0.2638
			}
			{poly "piece10"}
		}
		{bone "piece02"
			{matrix34
				0.851 	 -0.2842 	 0.4416
				0.2183 	 0.9563 	 0.1947
				-0.4777 	 -0.0693 	 0.8758
				27.7514 	 -6.3669 	 17.3631
			}
			{poly "piece02"}
		}
		{bone "piece03"
			{matrix34
				0.8952 	 0.4419 	 -0.0574
				-0.4352 	 0.8391 	 -0.3264
				-0.096 	 0.3172 	 0.9435
				46.7132 	 -27.651 	 8.763
			}
			{poly "piece03"}
		}
		{bone "piece12"
			{matrix34
				0.157 	 -0.1786 	 0.9713
				-0.7102 	 -0.7038 	 -0.0146
				0.6863 	 -0.6876 	 -0.2373
				2.7863 	 19.0847 	 8.9751
			}
			{poly "piece12"}
		}
		{bone "piece11"
			{matrix34
				-0.0668 	 0.2282 	 0.9713
				0.9411 	 0.3377 	 -0.0146
				-0.3314 	 0.9132 	 -0.2373
				7.1261 	 35.0676 	 8.9751
			}
			{poly "piece11"}
		}
	}
}
{volume "piece01"
	{cylinder 4.5702 14.0157}
	{bone "piece01"}
	{matrix34
		0.8736 	 -0.4785 	 -0.0889
		0.4723 	 0.8776 	 -0.0819
		0.1172 	 0.0296 	 0.9927
		28.0749 	 8.8555 	 -0.821
	}
}
{volume "piece02"
	{cylinder 3.86624 16.8504}
	{bone "piece02"}
	{matrix34
		0.9578 	 0.2864 	 0.0242
		-0.2842 	 0.9563 	 -0.0693
		-0.043 	 0.0595 	 0.9973
		0.125 	 -0.2382 	 0.1013
	}
}
{volume "piece03"
	{box 3.34276 9.78781 16.2574}
	{bone "piece03"}
	{matrix34
		-0.8503 	 0.4928 	 -0.1848
		-0.4972 	 -0.8673 	 -0.025
		-0.1726 	 0.0706 	 0.9825
		1.0526 	 -0.6365 	 -0.2052
	}
}
{volume "piece04"
	{box 2.39173 5.86799 5.7874}
	{bone "piece04"}
	{matrix34
		0 	 0 	 -1
		0 	 1 	 0
		1 	 0 	 0
		0.058 	 0.3533 	 0.3543
	}
}
{volume "piece05"
	{box 1.10687 10.6691 6.66287}
	{bone "piece05"}
	{matrix34
		0.1208 	 0.0493 	 -0.9915
		-0.0012 	 -0.9988 	 -0.0498
		-0.9927 	 0.0072 	 -0.1205
		0.0795 	 0.0215 	 -0.4332
	}
}
{volume "piece06"
	{box 3.58272 19.4252 7.99544}
	{bone "piece06"}
	{matrix34
		0.2021 	 -0.0826 	 -0.9759
		0.1337 	 0.9894 	 -0.0561
		-0.9702 	 0.1192 	 -0.211
		-0.2627 	 -0.0572 	 0.3553
	}
}
{volume "piece07"
	{box 1.10687 14.83 16.2574}
	{bone "piece07"}
	{matrix34
		-0.0134 	 0.0397 	 -0.9991
		0.9999 	 -0.0095 	 -0.0138
		-0.0101 	 -0.9992 	 -0.0395
		-0.0447 	 -4.4353 	 -0.1755
	}
}
{volume "piece08"
	{box 0.955976 10.8407 16.3433}
	{bone "piece08"}
	{matrix34
		0.0643 	 0.0094 	 0.9979
		-0.9979 	 -0.0074 	 0.0644
		0.008 	 -0.9999 	 0.0089
		-14.3528 	 1.1695 	 32.0842
	}
}
{volume "piece09"
	{box 1.10687 10.6691 14.4917}
	{bone "piece09"}
	{matrix34
		-0.0561 	 0.9972 	 0.0492
		-0.9965 	 -0.0529 	 -0.0647
		-0.0619 	 -0.0527 	 0.9967
		-0.0147 	 0.1145 	 0.1315
	}
}
{volume "piece10"
	{box 0.673223 18.0678 9.83053}
	{bone "piece10"}
	{matrix34
		-0.0457 	 -0.0212 	 0.9987
		-0.0739 	 0.9971 	 0.0178
		-0.9962 	 -0.073 	 -0.0472
		-0.13 	 -20.9076 	 34.1428
	}
}
{volume "piece11"
	{cylinder 2.2851 14.0157}
	{bone "piece11"}
	{matrix34
		-0.0668 	 0.9411 	 -0.3314
		0.2282 	 0.3377 	 0.9132
		0.9713 	 -0.0146 	 -0.2373
		-0.307 	 1.7408 	 -0.4327
	}
}
{volume "piece12"
	{cylinder 2.47038 14.0157}
	{bone "piece12"}
	{matrix34
		0.1719 	 -0.6462 	 0.7436
		-0.1642 	 -0.763 	 -0.6251
		0.9713 	 -0.0146 	 -0.2373
		-0.1763 	 -0.2234 	 0.0339
	}
}
