;Exported by:	 joomb
;Date:			 18.03.2022 17:30:02
;File:			 D:\git\gem2-mdl-soldiers\models\unit\vehicle\yag10_dshk\dshk_aaa_x.max
{skeleton
	{bone "basis"
		{parameters "wheelradius=0.54;steermax=30;"}
		{orientation
			1 	 0 	 0
			0 	 -1 	 0
			0 	 0 	 1
		}
		{bone "body"
			{parameters "id=body;"}
			{animation
				{sequence "break" {file "body_b"}{speed 0.5}}
			}
			{Position 16.2594 	 0 	 34.0978}
			{LODView
				{poly "body"}
				{poly "body_lod1"}
				{poly "body_lod2"}
				{poly "body_lod3"}
			}
			{bone "bodyback"
				{parameters "id=bodyback;"}
				{LODView
					{poly "bodyback"}
					{poly "bodyback_lod1"}
					{poly "bodyback_lod2"}
					{poly "bodyback_lod3"}
				}
				{bone "boardr"
					{parameters "id=bodyback;"}
					{matrix34
						1 	 0 	 0
						0 	 -1 	 0
						0 	 0 	 -1
						-61.2342 	 -24.3375 	 -5.9492
					}
					{LODView
						{poly "boardr"}
						{poly "boardr_lod1"}
						{poly "boardr_lod2"}
						{poly "boardr_lod3"}
					}
				}
				{bone "board_back"
					{parameters "id=bodyback;"}
					{matrix34
						-1 	 0 	 0
						0 	 1 	 0
						0 	 0 	 -1
						-93.6279 	 0 	 -5.9492
					}
					{LODView
						{poly "board_back"}
						{poly "board_back_lod1"}
						{poly "board_back_lod2"}
						{poly "board_back_lod3"}
					}
				}
				{bone "boardl"
					{parameters "id=bodyback;"}
					{matrix34
						1 	 0 	 0
						0 	 -1 	 0
						0 	 0 	 -1
						-61.2342 	 24.3375 	 -5.9492
					}
					{LODView
						{poly "boardl"}
						{poly "boardl_lod1"}
						{poly "boardl_lod2"}
						{poly "boardl_lod3"}
					}
				}
				{bone "bench"
					{parameters "id=body;"}
					{Position -52.4083 	 0 	 -1.3978}
					{LODView
						{poly "bench"}
						{poly "bench_lod1"}
						{poly "bench_lod2"}
						{poly "bench_lod3"}
					}
					{bone revolute "turret"
						{parameters "id=turret;"}
						{limits -30 30}
						{speed 0.01}
						{LODView
							{poly "turret"}
							{poly "turret_lod1"}
							{poly "turret_lod2"}
							{poly "turret_lod3"}
						}
						{bone "charger"
							{matrix34
								-0.9962 	 0.0872 	 0
								-0.0872 	 -0.9962 	 0
								0 	 0 	 1
								0.8621 	 -10.3814 	 -11.1242
							}
						}
						{bone "gunner"
							{matrix34
								-1 	 0 	 0
								0 	 -1 	 0
								0 	 0 	 1
								0.2975 	 15.4043 	 -11.1242
							}
						}
						{bone revolute "gun_rot"
							{parameters "id=gun;"}
							{limits -15 25}
							{speed 0.08}
							{matrix34
								1 	 0 	 0
								0 	 0 	 1
								0 	 -1 	 0
								0.2282 	 0.3477 	 4.2581
							}
							{LODView
								{poly "gun_rot"}
								{poly "gun_rot_lod1"}
								{poly "gun_rot_lod2"}
								{poly "gun_rot_lod3"}
							}
							{bone "gun1"
								{parameters "id=gun;"}
								{matrix34
									-1 	 0 	 0
									0 	 1 	 0
									0 	 0 	 -1
									-13.1582 	 2.6852 	 3.8144
								}
								{LODView
									{poly "gun1"}
									{poly "gun1_lod1"}
									{poly "gun1_lod2"}
									{poly "gun1_lod3"}
								}
								{bone "magazine1"
									{parameters "id=gun;"}
									{matrix34
										-1 	 0 	 0
										0 	 1 	 0
										0 	 0 	 -1
										-7.3509 	 6.9304 	 0.015
									}
									{LODView
										{poly "magazine1"}
										{poly "magazine1_lod1"}
										{poly "magazine1_lod2"}
										{poly "magazine1_lod3"}
									}
								}
							}
							{bone "gun2"
								{parameters "id=gun;"}
								{matrix34
									-1 	 0 	 0
									0 	 1 	 0
									0 	 0 	 -1
									-13.1583 	 2.6852 	 0.2702
								}
								{LODView
									{poly "gun2"}
									{poly "gun2_lod1"}
									{poly "gun2_lod2"}
									{poly "gun2_lod3"}
								}
								{bone "magazine2"
									{parameters "id=gun;"}
									{matrix34
										-1 	 0 	 0
										0 	 1 	 0
										0 	 0 	 -1
										-7.3509 	 6.9304 	 0.0124
									}
									{LODView
										{poly "magazine2"}
										{poly "magazine2_lod1"}
										{poly "magazine2_lod2"}
										{poly "magazine2_lod3"}
									}
								}
							}
							{bone "gun3"
								{parameters "id=gun;"}
								{matrix34
									-1 	 0 	 0
									0 	 1 	 0
									0 	 0 	 -1
									-13.1583 	 2.6852 	 -3.272
								}
								{LODView
									{poly "gun3"}
									{poly "gun3_lod1"}
									{poly "gun3_lod2"}
									{poly "gun3_lod3"}
								}
								{bone "magazine3"
									{parameters "id=gun;"}
									{matrix34
										-1 	 0 	 0
										0 	 1 	 0
										0 	 0 	 -1
										-7.3509 	 6.9304 	 0.0275
									}
									{LODView
										{poly "magazine3"}
										{poly "magazine3_lod1"}
										{poly "magazine3_lod2"}
										{poly "magazine3_lod3"}
									}
								}
							}
							{bone "visor"
								{matrix34
									-1 	 0 	 0
									0 	 0 	 1
									0 	 1 	 0
									-17.9908 	 11.0061 	 -8.1441
								}
							}
							{bone "visor2"
								{matrix34
									-1 	 0 	 0
									0 	 0 	 1
									0 	 1 	 0
									-17.9908 	 11.0061 	 14.4939
								}
							}
						}
					}
					{bone "crank1"
						{parameters "id=turret;"}
						{Position 0.2637 	 -12.1125 	 11.6151}
						{LODView
							{poly "crank1"}
							{poly "crank1_lod1"}
							{poly "crank1_lod2"}
							{poly "crank1_lod3"}
						}
					}
					{bone "crank2"
						{parameters "id=turret;"}
						{Position 0.2637 	 8.4918 	 8.5733}
						{LODView
							{poly "crank2"}
							{poly "crank2_lod1"}
							{poly "crank2_lod2"}
							{poly "crank2_lod3"}
						}
					}
				}
			}
			{bone "engine"
				{parameters "id=engine;"}
				{animation
					{sequence "break" {file "engine_b"}{speed 0.5}}
				}
				{Position 23.471 	 0 	 -4.9621}
				{LODView
					{poly "engine"}
					{poly "engine_lod1"}
					{poly "engine_lod2"}
					{poly "engine_lod3"}
				}
				{bone "hudl1"
					{parameters "id=engine;"}
					{matrix34
						0.999 	 0 	 -0.0436
						0 	 1 	 0
						0.0436 	 0 	 0.999
						0 	 0 	 6.2589
					}
					{LODView
						{poly "hudl1"}
						{poly "hudl1_lod1"}
						{poly "hudl1_lod2"}
						{poly "hudl1_lod3"}
					}
					{bone "hudl2"
						{parameters "id=engine;"}
						{matrix34
							0.999 	 0 	 0.0436
							0 	 1 	 0
							-0.0436 	 0 	 0.999
							0.273 	 0 	 -6.253
						}
						{LODView
							{poly "hudl2"}
							{poly "hudl2_lod1"}
							{poly "hudl2_lod2"}
							{poly "hudl2_lod3"}
						}
						{bone "latticel"
							{parameters "id=engine;"}
							{matrix34
								-0.9699 	 0.2434 	 0
								0 	 0 	 1
								0.2434 	 0.9699 	 0
								0.7695 	 9.4655 	 -4.2577
							}
							{LODView
								{poly "latticel"}
								{poly "latticel_lod1"}
								{poly "latticel_lod2"}
								{poly "latticel_lod3"}
							}
						}
					}
				}
				{bone "hudr1"
					{parameters "id=engine;"}
					{matrix34
						0.999 	 0 	 -0.0436
						0 	 1 	 0
						0.0436 	 0 	 0.999
						0 	 0 	 6.2589
					}
					{LODView
						{poly "hudr1"}
						{poly "hudr1_lod1"}
						{poly "hudr1_lod2"}
						{poly "hudr1_lod3"}
					}
					{bone "hudr2"
						{parameters "id=engine;"}
						{matrix34
							0.999 	 0 	 0.0436
							0 	 1 	 0
							-0.0436 	 0 	 0.999
							0.273 	 0 	 -6.253
						}
						{LODView
							{poly "hudr2"}
							{poly "hudr2_lod1"}
							{poly "hudr2_lod2"}
							{poly "hudr2_lod3"}
						}
						{bone "latticer"
							{parameters "id=engine;"}
							{matrix34
								0.9699 	 0.2434 	 0
								0.1396 	 -0.5564 	 0.8191
								0.1994 	 -0.7945 	 -0.5736
								2.3327 	 -9.0731 	 -4.2747
							}
							{LODView
								{poly "latticer"}
								{poly "latticer_lod1"}
								{poly "latticer_lod2"}
								{poly "latticer_lod3"}
							}
						}
					}
				}
			}
			{bone "headlightl"
				{Position 39.3958 	 10.7284 	 -11.1416}
			}
			{bone "headlightr"
				{Position 39.3958 	 -10.7283 	 -11.1416}
			}
			{bone "link2"
				{matrix34
					-1 	 0 	 0
					0 	 -1 	 0
					0 	 0 	 1
					-90.8711 	 0 	 -13.7811
				}
			}
			{bone "cabin"
				{parameters "id=cabin;"}
				{LODView
					{poly "cabin"}
					{poly "cabin_lod1"}
					{poly "cabin_lod2"}
					{poly "cabin_lod3"}
				}
				{bone "doorl"
					{parameters "id=cabin;"}
					{Position 8.4617 	 15.071 	 0.308}
					{LODView
						{poly "doorl"}
						{poly "doorl_lod1"}
						{poly "doorl_lod2"}
						{poly "doorl_lod3"}
					}
					{bone "shieldl"
						{parameters "id=cabin;"}
						{matrix34
							0.9799 	 -0.1994 	 0
							0.1994 	 0.9799 	 0
							0 	 0 	 1
							-6.1158 	 1.3902 	 2.1187
						}
						{LODView
							{poly "shieldl"}
							{poly "shieldl_lod1"}
							{poly "shieldl_lod2"}
							{poly "shieldl_lod3"}
						}
					}
					{bone "enumerator"
						{matrix34
							0.9799 	 -0.1996 	 -0.003
							0.1954 	 0.962 	 -0.1908
							0.041 	 0.1863 	 0.9816
							-6.7878 	 0.2167 	 -6.4735
						}
						{poly "enumerator"}
					}
				}
				{bone "doorr"
					{parameters "id=cabin;"}
					{Position 8.4617 	 -15.071 	 0.3081}
					{LODView
						{poly "doorr"}
						{poly "doorr_lod1"}
						{poly "doorr_lod2"}
						{poly "doorr_lod3"}
					}
					{bone "shieldr"
						{parameters "id=cabin;"}
						{matrix34
							-0.9799 	 -0.1994 	 0
							0.1994 	 -0.9799 	 0
							0 	 0 	 1
							-6.1166 	 -1.4023 	 2.1052
						}
						{LODView
							{poly "shieldr"}
							{poly "shieldr_lod1"}
							{poly "shieldr_lod2"}
							{poly "shieldr_lod3"}
						}
					}
				}
				{bone "driver"
					{parameters "lastpose=undefined;"}
					{matrix34
						0.9848 	 -0.1734 	 0.0091
						0.1736 	 0.9835 	 -0.0515
						0 	 0.0523 	 0.9986
						-2.482 	 6.03 	 -9.9732
					}
				}
				{bone "commander"
					{matrix34
						0.9962 	 0.087 	 -0.0046
						-0.0872 	 0.9948 	 -0.0521
						0 	 0.0523 	 0.9986
						-1.5879 	 -9.2537 	 -9.1722
					}
				}
			}
			{bone "seat01"
				{matrix34
					-0.9877 	 -0.13 	 0.0872
					0.1305 	 -0.9914 	 0
					0.0864 	 0.0114 	 0.9962
					-19.6576 	 19.377 	 -5.0376
				}
			}
			{bone "seat02"
				{matrix34
					-0.9959 	 -0.0261 	 0.0872
					0.0262 	 -0.9997 	 0
					0.0871 	 0.0023 	 0.9962
					-19.7493 	 6.8302 	 -5.0376
				}
			}
			{bone "seat03"
				{matrix34
					-0.9931 	 0.0782 	 0.0872
					-0.0785 	 -0.9969 	 0
					0.0869 	 -0.0068 	 0.9962
					-19.6576 	 -6.2842 	 -5.0376
				}
			}
			{bone "seat04"
				{matrix34
					-0.9645 	 0.2494 	 0.0872
					-0.2504 	 -0.9681 	 0
					0.0844 	 -0.0218 	 0.9962
					-19.8305 	 -19.1044 	 -5.0376
				}
			}
		}
		{bone "pivot_front"
			{Position 43.164 	 0 	 10.5236}
			{bone revolute "align_front"
				{limits -2 2}
				{speed 0.001}
				{matrix34
					0 	 0 	 1
					0 	 -1 	 0
					1 	 0 	 0
					0 	 0 	 0
				}
				{LODView
					{poly "align_front"}
					{poly "align_front_lod1"}
					{poly "align_front_lod2"}
					{poly "align_front_lod3"}
				}
				{bone "steer_l1"
					{parameters "id=wheelleft1;"}
					{matrix34
						0 	 0 	 1
						0 	 -1 	 0
						1 	 0 	 0
						0 	 -19.5119 	 0
					}
					{LODView
						{poly "steer_l1"}
						{poly "steer_l1_lod1"}
						{poly "steer_l1_lod2"}
						{poly "steer_l1_lod3"}
					}
					{bone revolute "wheell1"
						{parameters "id=wheelleft1;"}
						{matrix34
							-0.9939 	 0 	 0.1101
							0.1101 	 0 	 0.9939
							0 	 1 	 0
							0 	 -1.5159 	 0
						}
						{LODView
							{poly "wheell1"}
							{poly "wheell1_lod1"}
							{poly "wheell1_lod2"}
							{poly "wheell1_lod3"}
						}
					}
					{bone "fxtracel1"
						{matrix34
							-0.9659 	 0 	 0.2588
							0 	 -1 	 0
							0.2588 	 0 	 0.9659
							0 	 -1.5159 	 -10.5236
						}
					}
				}
				{bone "steer_r1"
					{parameters "id=wheelright1;"}
					{matrix34
						0 	 0 	 1
						0 	 -1 	 0
						1 	 0 	 0
						0 	 19.5119 	 0
					}
					{LODView
						{poly "steer_r1"}
						{poly "steer_r1_lod1"}
						{poly "steer_r1_lod2"}
						{poly "steer_r1_lod3"}
					}
					{bone revolute "wheelr1"
						{parameters "id=wheelright1;"}
						{matrix34
							-0.9939 	 0 	 0.1101
							0.1101 	 0 	 0.9939
							0 	 1 	 0
							0 	 1.5159 	 0
						}
						{LODView
							{poly "wheelr1"}
							{poly "wheelr1_lod1"}
							{poly "wheelr1_lod2"}
							{poly "wheelr1_lod3"}
						}
					}
					{bone "fxtracer1"
						{matrix34
							-0.9659 	 0 	 0.2588
							0 	 -1 	 0
							0.2588 	 0 	 0.9659
							0 	 1.5159 	 -10.5236
						}
					}
				}
			}
		}
		{bone "pivot_back"
			{parameters "lastpose=undefined;"}
			{Position -39.5022 	 0 	 10.5236}
			{bone "fxtracel2"
				{matrix34
					-0.9962 	 0 	 0.0872
					0 	 -1 	 0
					0.0872 	 0 	 0.9962
					8.0061 	 17.996 	 -10.5236
				}
			}
			{bone "fxtracer2"
				{matrix34
					-0.9962 	 0 	 0.0872
					0 	 -1 	 0
					0.0872 	 0 	 0.9962
					8.0061 	 -17.996 	 -10.5236
				}
			}
			{bone revolute "align_back2"
				{limits -2 2}
				{speed 0.001}
				{matrix34
					0 	 0 	 1
					0 	 -1 	 0
					1 	 0 	 0
					11.4047 	 0 	 0.0938
				}
				{LODView
					{poly "align_back2"}
					{poly "align_back2_lod1"}
					{poly "align_back2_lod2"}
					{poly "align_back2_lod3"}
				}
				{bone revolute "wheell2"
					{parameters "id=wheelleft2;"}
					{matrix34
						0.9939 	 0 	 0.1101
						-0.1101 	 0 	 0.9939
						0 	 -1 	 0
						0 	 -18.2109 	 0
					}
					{LODView
						{poly "wheell2"}
						{poly "wheell2_lod1"}
						{poly "wheell2_lod2"}
						{poly "wheell2_lod3"}
					}
				}
				{bone revolute "wheelr2"
					{parameters "id=wheelright2;"}
					{matrix34
						0.9939 	 0 	 0.1101
						-0.1101 	 0 	 0.9939
						0 	 -1 	 0
						0 	 18.2109 	 0
					}
					{LODView
						{poly "wheelr2"}
						{poly "wheelr2_lod1"}
						{poly "wheelr2_lod2"}
						{poly "wheelr2_lod3"}
					}
				}
			}
			{bone revolute "align_back3"
				{limits -2 2}
				{speed 0.001}
				{matrix34
					0 	 0 	 1
					0 	 -1 	 0
					1 	 0 	 0
					-11.7108 	 0 	 0.0938
				}
				{LODView
					{poly "align_back3"}
					{poly "align_back3_lod1"}
					{poly "align_back3_lod2"}
					{poly "align_back3_lod3"}
				}
				{bone revolute "wheell3"
					{parameters "id=wheelleft2;"}
					{matrix34
						0.9939 	 0 	 0.1101
						-0.1101 	 0 	 0.9939
						0 	 -1 	 0
						0 	 -18.2109 	 0
					}
					{LODView
						{poly "wheell3"}
						{poly "wheell3_lod1"}
						{poly "wheell3_lod2"}
						{poly "wheell3_lod3"}
					}
				}
				{bone revolute "wheelr3"
					{parameters "id=wheelright2;"}
					{matrix34
						0.9939 	 0 	 0.1101
						-0.1101 	 0 	 0.9939
						0 	 -1 	 0
						0 	 18.2109 	 0
					}
					{LODView
						{poly "wheelr3"}
						{poly "wheelr3_lod1"}
						{poly "wheelr3_lod2"}
						{poly "wheelr3_lod3"}
					}
				}
			}
		}
	}
}
{volume "body01"
	{box 19.9858 19.0405 15.1762}
	{bone "body"}
	{Position -20.3696 	 0 	 -13.5224}
}
{volume "body02"
	{box 59.1034 17.7666 11.9648}
	{bone "body"}
	{Position -59.9677 	 0 	 -12.1842}
}
{volume "body03"
	{box 27.7838 17.3894 4.58644}
	{bone "body"}
	{Position 24.568 	 0 	 -20.1638}
}
{volume "body04"
	{box 1.47288 46.3195 2.12686}
	{bone "body"}
	{Position 39.0811 	 0 	 -16.0023}
}
{volume "body05"
	{cylinder 10.6299 3.93941}
	{bone "body"}
	{Position -23.5473 	 11.6884 	 -9.3527}
}
{volume "body06"
	{cylinder 10.6299 3.93941}
	{bone "body"}
	{Position -23.5473 	 -11.6884 	 -9.3527}
}
{volume "body07"
	{polyhedron}
	{bone "body"}
	{matrix34
		1 	 0 	 0
		0 	 0 	 1
		0 	 -1 	 0
		27.3824 	 -18.2677 	 -12.8159
	}
}
{volume "body08"
	{polyhedron}
	{bone "body"}
	{matrix34
		-1 	 0 	 0
		0 	 0 	 1
		0 	 1 	 0
		27.3823 	 18.2677 	 -12.8159
	}
}
{volume "body09"
	{polyhedron}
	{bone "body"}
	{matrix34
		0.9877 	 0 	 0.1564
		0 	 1 	 0
		-0.1564 	 0 	 0.9877
		-0.9871 	 18.1272 	 -24.8676
	}
}
{volume "body10"
	{box 19.0301 10.2102 0.899167}
	{bone "body"}
	{Position -1.355 	 -18.0595 	 -22.7709}
}
{volume "body11"
	{box 12.2744 10.2102 0.899167}
	{bone "body"}
	{matrix34
		0.7071 	 0 	 0.7071
		0 	 1 	 0
		-0.7071 	 0 	 0.7071
		13.0459 	 18.4849 	 -19.2807
	}
}
{volume "body12"
	{box 12.2744 10.2102 0.899167}
	{bone "body"}
	{matrix34
		0.7071 	 0 	 0.7071
		0 	 1 	 0
		-0.7071 	 0 	 0.7071
		13.0459 	 -18.4647 	 -19.2807
	}
}
{volume "bodyback01"
	{box 82.3932 45.8957 1.28538}
	{bone "bodyback"}
	{Position -52.1463 	 0 	 -5.5871}
}
{volume "bodyback02"
	{box 1.11007 48.4546 13.9803}
	{bone "bodyback"}
	{Position -11.5054 	 0 	 1.041}
}
{volume "bodyback03"
	{box 82.6558 1.48771 13.9467}
	{bone "boardl"}
	{Position 8.8206 	 -0.7619 	 6.9733}
}
{volume "bodyback04"
	{box 82.6558 1.48771 13.9467}
	{bone "boardr"}
	{Position 8.8206 	 0.619 	 6.9733}
}
{volume "bodyback05"
	{box 1.11007 48.4546 13.9803}
	{bone "board_back"}
	{Position 0.7365 	 0 	 6.9902}
}
{volume "cabin01"
	{box 1.36902 28.0446 30.6561}
	{bone "cabin"}
	{Position 9.6602 	 0.0076 	 0.2015}
}
{volume "cabin02"
	{polyhedron}
	{bone "cabin"}
	{matrix34
		-1 	 0 	 0
		0 	 0 	 1
		0 	 1 	 0
		0 	 -9.0637 	 -18.1619
	}
}
{volume "cabin03"
	{polyhedron}
	{bone "cabin"}
	{Position -10.6091 	 0.0863 	 -15.2757}
}
{volume "cabin04"
	{polyhedron}
	{bone "cabin"}
	{Position -0.0638 	 -0.0305 	 15.3032}
}
{volume "cabin05"
	{box 2.00075 30.621 1.1423}
	{bone "cabin"}
	{matrix34
		0.9781 	 0.2079 	 0
		0 	 0 	 1
		0.2079 	 -0.9781 	 0
		9.243 	 -14.3487 	 0.1047
	}
}
{volume "cabin06"
	{box 6.46787 30.4758 1.03098}
	{bone "cabin"}
	{matrix34
		0.9781 	 0.2079 	 0
		0 	 0 	 1
		0.2079 	 -0.9781 	 0
		-7.2053 	 -18.0886 	 0.0143
	}
}
{volume "cabin07"
	{box 2.00075 30.621 1.1423}
	{bone "cabin"}
	{matrix34
		0.9877 	 -0.1564 	 0
		0 	 0 	 1
		-0.1564 	 -0.9877 	 0
		9.472 	 14.75 	 0.1047
	}
}
{volume "cabin08"
	{box 6.46787 30.4758 1.03098}
	{bone "cabin"}
	{matrix34
		0.9781 	 -0.2079 	 0
		0 	 0 	 1
		-0.2079 	 -0.9781 	 0
		-7.4197 	 18.2753 	 0.0143
	}
}
{volume "doorl"
	{box 12.8669 0.781758 29.8198}
	{bone "doorl"}
	{matrix34
		0.9794 	 -0.202 	 -0.0064
		0.202 	 0.9794 	 0.0012
		0.006 	 -0.0025 	 1
		-6.1978 	 0.9767 	 0.119
	}
}
{volume "doorr"
	{box 12.8669 0.781758 29.8198}
	{bone "doorr"}
	{matrix34
		0.9781 	 0.2079 	 0
		-0.2079 	 0.9781 	 0
		0 	 0 	 1
		-6.2876 	 -0.9789 	 0.1193
	}
}
{volume "engine"
	{polyhedron}
	{bone "engine"}
	{Position 0.0656 	 0 	 -12.9378}
}
{volume "gun01"
	{polyhedron}
	{bone "gun1"}
	{matrix34
		0 	 1 	 0
		0 	 0 	 1
		1 	 0 	 0
		-16.4886 	 -0.2442 	 7.0256
	}
}
{volume "gun02"
	{polyhedron}
	{bone "gun2"}
	{matrix34
		0 	 1 	 0
		0 	 0 	 1
		1 	 0 	 0
		-16.4886 	 -0.2443 	 0.0849
	}
}
{volume "gun03"
	{polyhedron}
	{bone "gun3"}
	{matrix34
		0 	 1 	 0
		0 	 0 	 1
		1 	 0 	 0
		-16.4886 	 -0.2442 	 -7.1108
	}
}
{volume "gun_rot"
	{polyhedron}
	{bone "gun_rot"}
	{matrix34
		1 	 0 	 0
		0 	 0 	 -1
		0 	 1 	 0
		-5.2709 	 0.1426 	 0.2893
	}
}
{volume "turret01"
	{polyhedron}
	{bone "turret"}
	{Position 0.2357 	 0.0071 	 -2.6569}
}
{volume "turret02"
	{polyhedron}
	{bone "turret"}
	{Position 0.1891 	 -0.0019 	 0.1282}
}
{volume "turret03"
	{polyhedron}
	{bone "turret"}
	{matrix34
		1 	 0 	 0
		0 	 0 	 1
		0 	 -1 	 0
		0.0883 	 6.8455 	 4.5769
	}
}
{volume "turret04"
	{polyhedron}
	{bone "turret"}
	{matrix34
		1 	 0 	 0
		0 	 0 	 1
		0 	 -1 	 0
		0.0883 	 -6.5847 	 4.5769
	}
}
{volume "turret05"
	{polyhedron}
	{bone "turret"}
	{Position -5.0427 	 0.0584 	 6.8628}
}
{volume "wheelleft1"
	{cylinder 10.6299 3.93941}
	{bone "wheell1"}
	{Position 0 	 0 	 -0.476}
}
{volume "wheelleft2"
	{cylinder 10.6299 8.85827}
	{bone "wheell2"}
}
{volume "wheelleft3"
	{cylinder 10.6299 8.85827}
	{bone "wheell3"}
	{Position 0 	 0 	 0}
}
{volume "wheelright1"
	{cylinder 10.6299 3.93941}
	{bone "wheelr1"}
	{Position 0 	 0 	 0.4763}
}
{volume "wheelright2"
	{cylinder 10.6299 8.8579}
	{bone "wheelr2"}
}
{volume "wheelright3"
	{cylinder 10.6299 8.8579}
	{bone "wheelr3"}
}
