;Exported by	: KobaA
;Date			: 15.01.2024 15:26:47
;File			: d:\git\gem2-mdl-soldiers\models\building\house_60\house_60_fort_x.max
{skeleton
	{bone "house_60_piece_009_point"
		{orientation
			1 	 0 	 0
			0 	 -1 	 0
			0 	 0 	 1
		}
		{bone "piece01"
			{matrix34
				0 	 -1 	 0
				1 	 0 	 0
				0 	 0 	 1
				-18.2433 	 -28.0413 	 -11.0338
			}
			{poly "piece01"}
		}
		{bone "piece02"
			{matrix34
				0 	 -0.766 	 0.6428
				1 	 0 	 0
				0 	 0.6428 	 0.766
				-18.2687 	 -14.5107 	 -27.3057
			}
			{poly "piece02"}
		}
		{bone "piece03"
			{matrix34
				0 	 -1 	 0
				1 	 0 	 0
				0 	 0 	 1
				-18.2433 	 17.375 	 -11.4204
			}
			{poly "piece03"}
		}
		{bone "piece04"
			{matrix34
				0 	 -1 	 0
				1 	 0 	 0
				0 	 0 	 1
				-18.3095 	 26.213 	 4.2018
			}
			{poly "piece04"}
		}
		{bone "piece05"
			{Position -19.1582 	 10.5339 	 34.3662}
			{poly "piece05"}
		}
		{bone "piece06"
			{Position 3.7998 	 39.4191 	 1.6048}
			{poly "piece06"}
		}
		{bone "piece07"
			{Position 4.1144 	 0.62 	 17.971}
			{poly "piece07"}
		}
		{bone "sub_piece01"
			{matrix34
				0 	 -1 	 0
				1 	 0 	 0
				0 	 0 	 1
				-18.3868 	 -10.8212 	 -13.0397
			}
			{poly "sub_piece01"}
		}
		{bone "sub_piece02"
			{matrix34
				0 	 -1 	 0
				1 	 0 	 0
				0 	 0 	 1
				-18.2648 	 4.0062 	 -17.0021
			}
			{poly "sub_piece02"}
		}
		{bone "sub_piece03"
			{matrix34
				0 	 -1 	 0
				1 	 0 	 0
				0 	 0 	 1
				-18.258 	 11.4056 	 4.71
			}
			{poly "sub_piece03"}
		}
		{bone "piece08"
			{matrix34
				0 	 -1 	 0
				1 	 0 	 0
				0 	 0 	 1
				-18.2725 	 -4.1153 	 4.2969
			}
			{poly "piece08"}
		}
	}
}
{"volumes"
	{"piece01"
		{box 14.0175 5.90551 12.9561}
		{bone "piece01"}
		{Position -0.6787 	 0 	 -0.89}
	}
	{"piece02"
		{box 10.3707 5.90551 14.0044}
		{bone "piece02"}
		{matrix34
			0.9659 	 0 	 0.2588
			0 	 1 	 0
			-0.2588 	 0 	 0.9659
			1.2183 	 0 	 0.8516
		}
	}
	{"piece03"
		{box 14.9107 5.90551 11.6802}
		{bone "piece03"}
		{Position -0.0626 	 0 	 -0.6929}
	}
	{"piece04"
		{box 18.0933 5.90551 11.0747}
		{bone "piece04"}
		{matrix34
			0.6428 	 0 	 0.766
			0 	 1 	 0
			-0.766 	 0 	 0.6428
			1.0885 	 0 	 0.0258
		}
	}
	{"piece05"
		{box 18.5445 22.469 10.239}
		{bone "piece05"}
		{Position 0 	 0 	 -0.2423}
	}
	{"piece06"
		{box 29.7935 22.8794 2.24596}
		{bone "piece06"}
		{matrix34
			1 	 0 	 0
			0 	 0.766 	 -0.6428
			0 	 0.6428 	 0.766
			0 	 0.1144 	 0.1363
		}
	}
	{"piece07"
		{box 29.75 26.1915 2.23308}
		{bone "piece07"}
		{matrix34
			1 	 0 	 0
			0 	 0.766 	 0.6428
			0 	 -0.6428 	 0.766
			0 	 0.2605 	 0.2001
		}
	}
	{"piece08"
		{box 15.6562 5.90551 19.1554}
		{bone "piece08"}
		{Position -0.1635 	 0 	 1.1217}
	}
	{"sub_piece01"
		{box 5.77127 5.90551 7.52489}
		{bone "sub_piece01"}
		{Position 0.36 	 0 	 0.2063}
	}
	{"sub_piece02"
		{box 7.14331 5.90551 6.10629}
		{bone "sub_piece02"}
		{Position 0.2527 	 0 	 -0.4269}
	}
	{"sub_piece03"
		{box 5.88561 5.90551 8.70667}
		{bone "sub_piece03"}
		{matrix34
			0.4226 	 0 	 -0.9063
			0 	 1 	 0
			0.9063 	 0 	 0.4226
			0.4205 	 0 	 -0.5579
		}
	}
}
