;Exported by:	 Oleksandr Tsaprylov
;Date:			 21.07.2022 10:55:47
;File:			 E:\projects\gem2-mdl-soldiers\models\entourage\bridge_wood\bridge_wood_01.max
{skeleton
	{bone "bridge_wood_03_x"
		{orientation
			1 	 0 	 0
			0 	 -1 	 0
			0 	 0 	 1
		}
		{bone "piece02"
			{matrix34
				0.877 	 0.4515 	 -0.1645
				0.0217 	 -0.3792 	 -0.9251
				-0.48 	 0.8077 	 -0.3423
				72.223 	 -6.1587 	 42.2234
			}
			{poly "piece02"}
		}
		{bone "piece05"
			{matrix34
				0.877 	 0.4515 	 -0.1645
				-0.48 	 0.8077 	 -0.3423
				-0.0217 	 0.3792 	 0.9251
				-19.4332 	 73.4055 	 37.6866
			}
			{poly "piece05"}
		}
		{bone "piece04"
			{matrix34
				0.877 	 0.4515 	 -0.1645
				0.0223 	 -0.3802 	 -0.9246
				-0.48 	 0.8072 	 -0.3435
				-78.5352 	 -23.7483 	 43.6827
			}
			{poly "piece04"}
		}
		{bone "bridge_wood_03_piece_001_point"
			{Position 70.3139 	 0 	 37.5922}
		}
		{bone "bridge_wood_03_piece_002_point"
			{Position -70.2122 	 0 	 37.5922}
		}
		{bone "body_x"
			{poly "body_x"}
			{bone "ground"
				{parameters "land;ground;"}
				{matrix34
					1 	 0 	 0
					0 	 0.9962 	 -0.0872
					0 	 0.0872 	 0.9962
					0.0006 	 16.6394 	 30.8541
				}
				{visibility 0}
				{poly "ground" {ground}}
			}
		}
		{bone "piece_001_destroyed"
			{Position 70.3139 	 -20.3174 	 37.5961}
			{poly "piece_001_destroyed"}
		}
		{bone "piece_002_destroyed"
			{Position -70.2122 	 -20.3174 	 37.5961}
			{poly "piece_002_destroyed"}
		}
		{bone "piece03"
			{matrix34
				0.877 	 0.4515 	 -0.1645
				-0.48 	 0.8077 	 -0.3423
				-0.0217 	 0.3792 	 0.9251
				61.3611 	 21.9922 	 47.8928
			}
			{poly "piece03"}
		}
		{bone "obst1"
			{Position 39.3033 	 -13.5886 	 40.3628}
		}
		{bone "obst2"
			{Position 0.4933 	 55.6646 	 32.512}
		}
	}
}
{obstacle "obstacle01"
	{obb2
		{center 67.8941 19.9511}
		{extent 4.75515 33.7795}
		{axis -1 0}
	}
	{rotate}
}
{volume "body01"
	{cylinder 4.38503 108.429}
	{bone "body_x"}
	{Position 66.1926 	 9.5328 	 -27.8364}
}
{volume "body02"
	{cylinder 4.38503 108.429}
	{bone "body_x"}
	{Position -66.0921 	 9.5328 	 -27.8364}
}
{volume "body03"
	{box 143.125 24.007 101.516}
	{bone "body_x"}
	{Position 0.4816 	 -50.1486 	 -18.8484}
}
{volume "obb1"
	{box 29.4269 30.6317 14.0238}
	{bone "obst1"}
	{Position 0 	 0 	 4.1035}
}
{volume "obb2"
	{box 47.8511 17.3498 14.0238}
	{bone "obst2"}
	{Position 0 	 0 	 7.0119}
}
{volume "piece02"
	{cylinder 2.14866 32.13}
	{bone "piece02"}
	{matrix34
		0.877 	 0.0217 	 -0.48
		-0.1245 	 -0.9546 	 -0.2706
		-0.4641 	 0.2971 	 -0.8345
		-4.7543 	 4.6606 	 6.2763
	}
}
{volume "piece03"
	{box 1.73245 5.75705 27.7631}
	{bone "piece03"}
	{matrix34
		0.1245 	 0.2706 	 -0.9546
		-0.4641 	 -0.8345 	 -0.2971
		-0.877 	 0.48 	 0.0217
		-20.8462 	 6.029 	 -15.5429
	}
}
{volume "piece04"
	{cylinder 2.14866 32.13}
	{bone "piece04"}
	{matrix34
		0.877 	 0.0223 	 -0.48
		-0.1239 	 -0.9546 	 -0.2708
		-0.4642 	 0.2969 	 -0.8345
		11.6556 	 4.7983 	 -4.0718
	}
}
{volume "piece05"
	{box 1.73245 5.75705 27.8103}
	{bone "piece05"}
	{matrix34
		0.1245 	 0.2706 	 -0.9546
		-0.4641 	 -0.8345 	 -0.2971
		-0.877 	 0.48 	 0.0217
		14.0934 	 -16.2363 	 -11.9366
	}
}
