;Exported by:	 tolokolnikova
;Date:			 13.04.2018 16:52:40
;File:			 D:\gem2\gem2-mdl-soldiers\models\building\building_ua01\building_ua02_v2_x.max
{skeleton
	{bone "b_ua_02_piece04_point"
		{orientation
			1 	 0 	 0
			0 	 -1 	 0
			0 	 0 	 1
		}
		{bone "piece01"
			{matrix34
				0 	 -1 	 0
				-0.5736 	 0 	 -0.8192
				0.8192 	 0 	 -0.5736
				28.3132 	 7.101 	 -10.3275
			}
			{poly "piece01"}
		}
		{bone "piece02"
			{matrix34
				0 	 -1 	 0
				0.8192 	 0 	 0.5736
				-0.5736 	 0 	 0.8192
				-12.448 	 8.606 	 -4.8926
			}
			{poly "piece02"}
		}
		{bone "piece03"
			{matrix34
				0 	 -1 	 0
				0.1736 	 0 	 0.9848
				-0.9848 	 0 	 0.1736
				-18.9177 	 7.101 	 3.5192
			}
			{poly "piece03"}
		}
		{bone "piece04"
			{matrix34
				0 	 -1 	 0
				0.7071 	 0 	 0.7071
				-0.7071 	 0 	 0.7071
				22.7832 	 7.101 	 0.6766
			}
			{poly "piece04"}
		}
		{bone "sub_piece01"
			{matrix34
				0.0066 	 0.7906 	 0.6122
				1 	 -0.0086 	 0.0003
				-0.0055 	 -0.6122 	 0.7907
				-8.5895 	 7.35 	 16.17
			}
			{poly "sub_piece01"}
		}
		{bone "b_ua_02_piece_004"
			{Position -40.3969 	 -24.0304 	 -17.4126}
			{poly "b_ua_02_piece_004"}
		}
		{bone "sub_piece02"
			{matrix34
				0.0066 	 0.7906 	 0.6122
				1 	 -0.0086 	 0.0003
				-0.0055 	 -0.6122 	 0.7907
				33.3082 	 6.8859 	 16.0995
			}
			{poly "sub_piece02"}
		}
		{bone "sub_piece03"
			{Position 19.8385 	 -39.0961 	 4.789}
			{poly "sub_piece03"}
		}
		{bone revolute "attach1"
			{matrix34
				0 	 1 	 0
				-1 	 0 	 0
				0 	 0 	 1
				9.8953 	 -6.3329 	 -36.7199
			}
		}
		{bone revolute "attach2"
			{matrix34
				0 	 1 	 0
				-1 	 0 	 0
				0 	 0 	 1
				-5.5027 	 -7.6854 	 -36.7199
			}
		}
		{bone "debris_land_001"
			{parameters "commonmesh;land;ground;"}
			{matrix34
				0 	 -1 	 0
				1 	 0 	 0
				0 	 0 	 1
				0.5827 	 21.2735 	 -38.1129
			}
			{poly "debris_land_001" {ground}}
		}
		{bone "fort_wall"
			{Position 8.5908 	 15.925 	 -32.4976}
		}
		{bone "stones_001"
			{parameters "commonmesh;land;ground;"}
			{matrix34
				0 	 -1 	 0
				1 	 0 	 0
				0 	 0 	 1
				0.5827 	 25.8522 	 -42.1946
			}
			{poly "stones_001" {ground}}
		}
	}
}
{volume "piece01"
	{box 6.49606 10.2516 7.54564}
	{bone "piece01"}
	{Position 0 	 0.1085 	 -0.2904}
}
{volume "piece02"
	{box 6.49606 19.2828 8.76925}
	{bone "piece02"}
	{matrix34
		1 	 0 	 0
		0 	 0.9962 	 -0.0872
		0 	 0.0872 	 0.9962
		0.0024 	 -1.2912 	 0.7154
	}
}
{volume "piece03"
	{box 6.49606 6.4969 9.25556}
	{bone "piece03"}
	{Position 0 	 -0.4474 	 0.5137}
}
{volume "piece04"
	{box 6.49606 18.4914 7.52995}
	{bone "piece04"}
	{matrix34
		1 	 0 	 0
		0 	 0.7071 	 -0.7071
		0 	 0.7071 	 0.7071
		0 	 0.499 	 -0.8711
	}
}
{volume "sub_piece01"
	{box 25.0867 4.24044 2.84256}
	{bone "sub_piece01"}
	{matrix34
		-0.0392 	 0.0057 	 0.9992
		0.0066 	 1 	 -0.0055
		0.9992 	 -0.0064 	 0.0393
		-0.146 	 1.8908 	 0.1463
	}
}
{volume "sub_piece02"
	{box 23.8164 4.24044 2.84256}
	{bone "sub_piece02"}
	{matrix34
		-0.0392 	 0.0057 	 0.9992
		0.0066 	 1 	 -0.0055
		0.9992 	 -0.0064 	 0.0393
		-0.0121 	 -0.3293 	 0.1463
	}
}
{volume "sub_piece03"
	{box 34.8423 16.8271 1.88249}
	{bone "sub_piece03"}
	{matrix34
		0 	 -1 	 0
		1 	 0 	 0
		0 	 0 	 1
		0.1363 	 7.2427 	 0.1225
	}
}
{volume "target_vol_001"
	{box 9.84252 11.811 15.6501}
	{bone "b_ua_02_piece04_point"}
	{matrix34
		0 	 1 	 0
		-1 	 0 	 0
		0 	 0 	 1
		9.8953 	 -6.3329 	 -14.8316
	}
}
{volume "target_vol_002"
	{box 9.84252 11.811 15.6501}
	{bone "b_ua_02_piece04_point"}
	{matrix34
		0 	 1 	 0
		-1 	 0 	 0
		0 	 0 	 1
		-5.5027 	 -7.6854 	 -14.8316
	}
}
{volume "vol011"
	{box 6.44141 63.6155 24.9318}
	{bone "b_ua_02_piece_004"}
	{matrix34
		0 	 -1 	 0
		1 	 0 	 0
		0 	 0 	 1
		47.9097 	 30.9474 	 -13.3177
	}
}
