;Exported by	: joomb
;Date			: 14.05.2024 14:12:53
;File			: h:\git\gem2-mdl-soldiers\models\building\mill\mill_x.max
{skeleton
	{bone "mill_ua_piece17_point"
		{orientation
			1 	 0 	 0
			0 	 -1 	 0
			0 	 0 	 1
		}
		{bone "piece01"
			{matrix34
				0.9986 	 0.0262 	 -0.0453
				0.0523 	 -0.4993 	 0.8648
				0 	 -0.866 	 -0.5
				-4.4384 	 76.5093 	 37.9965
			}
			{poly "piece01"}
		}
		{bone "piece02"
			{matrix34
				0.9986 	 0.0262 	 -0.0453
				0.0523 	 -0.4993 	 0.8648
				0 	 -0.866 	 -0.5
				-4.4384 	 76.5093 	 37.9965
			}
			{poly "piece02"}
		}
		{bone "sub_piece01"
			{matrix34
				0.9994 	 -0.0175 	 0.0302
				-0.0349 	 -0.4997 	 0.8655
				0 	 -0.866 	 -0.5
				-4.4384 	 76.5093 	 37.9965
			}
			{poly "sub_piece01"}
		}
		{bone "sub_piece02"
			{matrix34
				0.9986 	 0.0262 	 -0.0453
				0.0523 	 -0.4993 	 0.8648
				0 	 -0.866 	 -0.5
				-4.4384 	 76.5093 	 37.9965
			}
			{poly "sub_piece02"}
		}
		{bone "sub_piece03"
			{matrix34
				0.9986 	 0.0262 	 -0.0453
				0.0523 	 -0.4993 	 0.8648
				0 	 -0.866 	 -0.5
				-4.4384 	 76.5093 	 37.9965
			}
			{poly "sub_piece03"}
		}
	}
}
{"volumes"
	{"piece01"
		{box 1.67934 8.85276 58.4919}
		{bone "piece01"}
		{matrix34
			0.9945 	 0.1045 	 0
			-0.1045 	 0.9945 	 0
			0 	 0 	 1
			4.4536 	 1.0766 	 60.5789
		}
	}
	{"piece02"
		{box 1.24862 8.2765 23.5006}
		{bone "piece02"}
		{matrix34
			0.9962 	 0.0872 	 0
			-0.0872 	 0.9962 	 0
			0 	 0 	 1
			4.0954 	 1.1479 	 131.868
		}
	}
	{"sub_piece01"
		{box 2.87208 3.88995 18.0955}
		{bone "sub_piece01"}
		{matrix34
			0.9998 	 0.0175 	 0
			-0.0175 	 0.9998 	 0
			0 	 0 	 1
			4.0955 	 0.1276 	 100.872
		}
	}
	{"sub_piece02"
		{box 1.61887 2.07316 15.9804}
		{bone "sub_piece02"}
		{matrix34
			0.9945 	 0.1045 	 0
			-0.1045 	 0.9945 	 0
			0 	 0 	 1
			5.7045 	 -10.386 	 135.014
		}
	}
	{"sub_piece03"
		{box 1.59923 10.2793 25.6156}
		{bone "sub_piece03"}
		{matrix34
			0.9945 	 0.1045 	 0
			-0.1045 	 0.9945 	 0
			0 	 0 	 1
			3.2588 	 12.8478 	 110.976
		}
	}
}
