;Exported by:	 tolokolnikova
;Date:			 27.02.2016 14:15:53
;File:			 D:\gem2\gem2-mdl-soldiers\models\entourage\stack\stog01.max
{skeleton
	{bone "basis001"
		{orientation
			1 	 0 	 0
			0 	 -1 	 0
			0 	 0 	 1
		}
		{bone "piece01"
			{matrix34
				0.9397 	 -0.342 	 0
				-0.342 	 -0.9397 	 0
				0 	 0 	 1
				-37.4238 	 -19.8187 	 -2.5364
			}
			{poly "piece01"}
		}
		{bone "piece02"
			{matrix34
				0.9655 	 -0.244 	 0.0912
				-0.2293 	 -0.9622 	 -0.1469
				-0.1236 	 -0.1209 	 0.9849
				39.7006 	 -26.2518 	 -1.6048
			}
			{poly "piece02"}
		}
		{bone "piece03"
			{matrix34
				1 	 0 	 0
				0 	 -1 	 0
				0 	 0 	 1
				40.658 	 26.7839 	 -4.7278
			}
			{poly "piece03"}
		}
		{bone "piece04"
			{matrix34
				-0.8159 	 0.5733 	 -0.0755
				0.5717 	 0.8193 	 0.0436
				-0.0868 	 0.0076 	 0.9962
				9.8348 	 20.5511 	 35.7878
			}
			{poly "piece04"}
		}
		{bone "piece05"
			{matrix34
				0.9827 	 -0.0314 	 0.1826
				-0.0204 	 -0.9979 	 -0.0618
				-0.1841 	 -0.057 	 0.9812
				-10.1597 	 34.0358 	 -1.1438
			}
			{poly "piece05"}
		}
		{bone "piece06"
			{matrix34
				-0.5163 	 -0.0821 	 0.8524
				0.1338 	 -0.9909 	 -0.0144
				-0.8459 	 -0.1066 	 -0.5226
				-19.5786 	 -0.7381 	 36.3355
			}
			{poly "piece06"}
		}
		{bone "piece07"
			{matrix34
				0.7677 	 -0.1485 	 -0.6233
				0.0226 	 -0.9659 	 0.2578
				0.6404 	 0.212 	 0.7382
				-39.2897 	 17.4478 	 -1.5971
			}
			{poly "piece07"}
		}
		{bone "fx_dust1"
		}
		{bone "fx_wood1"
		}
		{bone "fx_haulm2"
		}
		{bone "fx_haulm1"
			{Position -0.0966 	 0 	 20.283}
		}
		{bone "fx_hayfall1"
			{Position 9.4535 	 -1.0799 	 39.1475}
		}
		{bone "fx_hayfall2"
			{Position -9.6336 	 20.903 	 39.1475}
		}
		{bone "fx_hayfall3"
			{Position -9.6336 	 -17.9311 	 39.1475}
		}
	}
}
{volume "piece01"
	{cylinder 1.32782 66.9797}
	{bone "piece01"}
	{matrix34
		0.9569 	 0.0085 	 -0.2904
		-0.0817 	 -0.9514 	 -0.2969
		0.2788 	 -0.3078 	 0.9097
		9.9534 	 -10.2206 	 30.961
	}
}
{volume "piece02"
	{cylinder 1.32782 51.4356}
	{bone "piece02"}
	{matrix34
		0.9071 	 -0.2907 	 0.3046
		-0.1935 	 -0.9303 	 -0.3116
		-0.3739 	 -0.2237 	 0.9001
		-12.1019 	 -9.8317 	 34.4042
	}
}
{volume "piece03"
	{cylinder 1.32782 63.0338}
	{bone "piece03"}
	{matrix34
		0.9523 	 0.1355 	 0.2735
		0.0446 	 -0.9483 	 0.3143
		-0.302 	 0.2871 	 0.909
		-9.1901 	 9.5044 	 28.6503
	}
}
{volume "piece04"
	{cylinder 0.924998 42.3535}
	{bone "piece04"}
	{matrix34
		0.0209 	 -0.1507 	 -0.9884
		0.2137 	 0.9664 	 -0.1428
		-0.9767 	 0.2082 	 -0.0524
		-1.3015 	 1.1662 	 0.5009
	}
}
{volume "piece05"
	{cylinder 1.32782 53.667}
	{bone "piece05"}
	{matrix34
		0.8394 	 0.1444 	 -0.524
		0.3493 	 -0.8819 	 0.3165
		0.4165 	 0.4487 	 0.7907
		10.0432 	 3.369 	 27.343
	}
}
{volume "piece06"
	{cylinder 0.924998 36.424}
	{bone "piece06"}
	{matrix34
		-0.7834 	 0.0196 	 0.6212
		-0.6037 	 0.2136 	 -0.768
		0.1477 	 0.9767 	 0.1555
		3.7034 	 -1.9767 	 2.4576
	}
}
{volume "piece07"
	{cylinder 1.32782 41.6023}
	{bone "piece07"}
	{matrix34
		0.9438 	 0.1531 	 0.2928
		0.0498 	 -0.9419 	 0.3322
		-0.3266 	 0.2989 	 0.8966
		-6.3779 	 5.9545 	 18.4936
	}
}
