;Exported by:	 vic
;Date:			 29.11.2016 10:38:59
;File:			 D:\-Project_vtv_online-\-3DWork-\building\house_vtv_221\house_001_g2_x2.max
{skeleton
	{bone "house_001_g2_piece_008_x"
		{parameters "lastpose=undefined;"}
		{orientation
			1 	 0 	 0
			0 	 -1 	 0
			0 	 0 	 1
		}
		{bone "piece00"
			{parameters "lastpose=undefined;"}
			{matrix34
				0 	 -1 	 0
				0 	 0 	 1
				-1 	 0 	 0
				-9.8843 	 15.5704 	 -16.0652
			}
			{poly "piece00"}
		}
		{bone "piece01"
			{parameters "lastpose=undefined;"}
			{matrix34
				0 	 -1 	 0
				0 	 0 	 1
				-1 	 0 	 0
				-9.8843 	 -3.2536 	 3.368
			}
			{poly "piece01"}
		}
		{bone "piece02"
			{parameters "lastpose=undefined;"}
			{matrix34
				0 	 -1 	 0
				0 	 0 	 1
				-1 	 0 	 0
				-9.8843 	 14.1275 	 16.0947
			}
			{poly "piece02"}
		}
		{bone "piece03"
			{parameters "lastpose=undefined;"}
			{Position 9.41 	 19.8636 	 14.4942}
			{poly "piece03"}
		}
		{bone "piece04"
			{parameters "lastpose=undefined;"}
			{Position 9.8745 	 -8.3073 	 14.4942}
			{poly "piece04"}
		}
		{bone "sub_piece00"
			{parameters "lastpose=undefined;"}
			{matrix34
				0 	 -1 	 0
				0 	 0 	 1
				-1 	 0 	 0
				-9.8843 	 4.9089 	 12.4866
			}
			{poly "sub_piece00"}
		}
		{bone "sub_piece01"
			{parameters "lastpose=undefined;"}
			{matrix34
				0 	 -1 	 0
				0 	 0 	 1
				-1 	 0 	 0
				-9.8843 	 11.0988 	 3.9883
			}
			{poly "sub_piece01"}
		}
		{bone "sub_piece02"
			{parameters "lastpose=undefined;"}
			{matrix34
				0 	 -1 	 0
				0 	 0 	 1
				-1 	 0 	 0
				-9.8843 	 13.0057 	 -5.6424
			}
			{poly "sub_piece02"}
		}
		{bone "sub_piece03"
			{parameters "lastpose=undefined;"}
			{matrix34
				0 	 -1 	 0
				0 	 0 	 1
				-1 	 0 	 0
				-9.8843 	 -11.3282 	 -9.3561
			}
			{poly "sub_piece03"}
		}
		{bone "sub_piece04"
			{parameters "lastpose=undefined;"}
			{matrix34
				0 	 -1 	 0
				0 	 0 	 1
				-1 	 0 	 0
				-9.8843 	 -13.9935 	 -18.2215
			}
			{poly "sub_piece04"}
		}
		{bone "sub_piece05"
			{parameters "lastpose=undefined;"}
			{matrix34
				0 	 -1 	 0
				0 	 0 	 1
				-1 	 0 	 0
				-9.8843 	 -15.0587 	 -0.5559
			}
			{poly "sub_piece05"}
		}
		{bone "sub_piece06"
			{parameters "lastpose=undefined;"}
			{matrix34
				0 	 -1 	 0
				0 	 0 	 1
				-1 	 0 	 0
				-9.8843 	 -18.9606 	 9.73
			}
			{poly "sub_piece06"}
		}
		{bone "sub_piece07"
			{parameters "lastpose=undefined;"}
			{matrix34
				0 	 -1 	 0
				0 	 0 	 1
				-1 	 0 	 0
				-9.8843 	 -11.0269 	 18.3737
			}
			{poly "sub_piece07"}
		}
		{bone "sub_piece08"
			{parameters "lastpose=undefined;"}
			{matrix34
				0 	 -1 	 0
				0 	 0 	 1
				-1 	 0 	 0
				-9.8843 	 -3.2836 	 17.3209
			}
			{poly "sub_piece08"}
		}
		{bone "sub_piece09"
			{parameters "lastpose=undefined;"}
			{matrix34
				0 	 -0.2588 	 0.9659
				0 	 0.9659 	 0.2588
				-1 	 0 	 0
				-9.8843 	 -5.8762 	 28.3538
			}
			{poly "sub_piece09"}
		}
		{bone "sub_piece10"
			{parameters "lastpose=undefined;"}
			{matrix34
				0 	 0.4617 	 0.887
				0 	 0.887 	 -0.4617
				-1 	 0 	 0
				-9.8843 	 -19.5247 	 -10.5729
			}
			{poly "sub_piece10"}
		}
		{bone "piece05"
			{parameters "lastpose=undefined;"}
			{matrix34
				0 	 -1 	 0
				0 	 0 	 1
				-1 	 0 	 0
				-9.8843 	 10.2261 	 27.1865
			}
			{poly "piece05"}
		}
	}
}
{volume "piece00_volume016"
	{box 5.90551 9.44403 7.21503}
	{bone "piece00"}
	{matrix34
		0 	 0 	 -1
		-0.9962 	 0.0872 	 0
		0.0872 	 0.9962 	 0
		-0.0047 	 0.1603 	 0.0078
	}
}
{volume "piece01_volume014"
	{box 5.90551 10.664 8.12962}
	{bone "piece01"}
	{matrix34
		0 	 0 	 -1
		-0.9239 	 -0.3827 	 0
		-0.3827 	 0.9239 	 0
		0.1279 	 0.0375 	 0.0078
	}
}
{volume "piece02_volume019"
	{box 5.90551 6.81481 9.49004}
	{bone "piece02"}
	{matrix34
		0 	 0 	 -1
		-0.9962 	 -0.0872 	 0
		-0.0872 	 0.9962 	 0
		-0.5865 	 -0.6934 	 0.0078
	}
}
{volume "piece03_volume008"
	{box 29.9394 2.95276 2.95276}
	{bone "piece03"}
	{Position -1.0401 	 -0.0039 	 -0.0115}
}
{volume "piece04_volume006"
	{box 31.8471 2.95276 2.95276}
	{bone "piece04"}
	{Position -0.8136 	 0 	 -0.0115}
}
{volume "piece05_volume006"
	{box 5.90551 11.2134 8.49687}
	{bone "piece05"}
	{matrix34
		0 	 0 	 -1
		-0.9914 	 0.1305 	 0
		0.1305 	 0.9914 	 0
		0.1109 	 -0.2239 	 0.0079
	}
}
{volume "sub_piece00_volume021"
	{box 5.90551 3.72566 8.19275}
	{bone "sub_piece00"}
	{matrix34
		0 	 0 	 -1
		-1 	 0 	 0
		0 	 1 	 0
		-0.0099 	 0.0559 	 0.0078
	}
}
{volume "sub_piece01_volume018"
	{box 5.90551 6.81481 6.63639}
	{bone "sub_piece01"}
	{matrix34
		0 	 0 	 -1
		-0.9239 	 0.3827 	 0
		0.3827 	 0.9239 	 0
		-0.1501 	 -0.4527 	 0.0078
	}
}
{volume "sub_piece02_volume017"
	{box 5.90551 7.7441 5.26698}
	{bone "sub_piece02"}
	{matrix34
		0 	 0 	 -1
		-0.9239 	 0.3827 	 0
		0.3827 	 0.9239 	 0
		-0.3347 	 0.1909 	 0.0078
	}
}
{volume "sub_piece03_volume015"
	{box 5.90551 7.67807 5.77203}
	{bone "sub_piece03"}
	{matrix34
		0 	 0 	 -1
		-0.9962 	 0.0872 	 0
		0.0872 	 0.9962 	 0
		0.0465 	 -0.0391 	 0.0078
	}
}
{volume "sub_piece04_volume013"
	{box 5.90551 5.4969 7.09019}
	{bone "sub_piece04"}
	{matrix34
		0 	 0 	 -1
		-0.6428 	 -0.766 	 0
		-0.766 	 0.6428 	 0
		-0.0464 	 -0.0583 	 0.0079
	}
}
{volume "sub_piece05_volume012"
	{box 5.90551 7.74211 3.67368}
	{bone "sub_piece05"}
	{matrix34
		0 	 0 	 -1
		-0.866 	 -0.5 	 0
		-0.5 	 0.866 	 0
		-0.0596 	 0.1191 	 0.0079
	}
}
{volume "sub_piece06_volume011"
	{box 5.90551 5.91001 7.4973}
	{bone "sub_piece06"}
	{matrix34
		0 	 0 	 -1
		-0.999 	 -0.0436 	 0
		-0.0436 	 0.999 	 0
		-0.1518 	 -0.3633 	 0.0079
	}
}
{volume "sub_piece07_volume005"
	{box 5.90551 3.83767 7.89189}
	{bone "sub_piece07"}
	{matrix34
		0 	 0 	 -1
		-0.999 	 -0.0436 	 0
		-0.0436 	 0.999 	 0
		0.3341 	 -0.0514 	 0.0079
	}
}
{volume "sub_piece08_volume009"
	{box 5.90551 6.18979 7.30731}
	{bone "sub_piece08"}
	{matrix34
		0 	 0 	 -1
		-0.9763 	 0.2164 	 0
		0.2164 	 0.9763 	 0
		0.1307 	 -0.2882 	 0.0079
	}
}
{volume "sub_piece09_volume008"
	{box 5.90551 5.15816 8.49687}
	{bone "sub_piece09"}
	{matrix34
		0 	 0 	 -1
		-0.9763 	 0.2164 	 0
		0.2164 	 0.9763 	 0
		-0.0201 	 0.1824 	 0.0079
	}
}
{volume "sub_piece10_volume023"
	{box 5.90551 6.24346 4.5142}
	{bone "sub_piece10"}
	{matrix34
		0 	 0 	 -1
		-0.766 	 0.6428 	 0
		0.6428 	 0.766 	 0
		-1.0853 	 -0.2134 	 0.0078
	}
}
