;Exported by:	 stentsel
;Date:			 12.11.2015 17:06:13
;File:			 G:\_GIT_\gem2\gem2-mdl-soldiers\models\unit\humanskin\from_of3_usa\tankman\stuff\us_tankmanhelmet.max
{skeleton
	{bone "tank_helmet"
		{orientation
			1 	 0 	 0
			0 	 -1 	 0
			0 	 0 	 1
		}
		{VolumeView "tank_helmet.ply"}
		{bone "handle"
			{matrix34
				0.9928 	 0 	 0.1197
				-0.1197 	 0 	 0.9928
				0 	 -1 	 0
				0.5566 	 -2.073 	 0.2087
			}
		}
	}
}
{Volume "body"
	{Box 4.97366 4.23903 5.33421}
	{Bone "tank_helmet"}
	{matrix34
		0.993 	 0 	 0.1178
		0 	 1 	 0
		-0.1178 	 0 	 0.993
		0.1063 	 -0.1402 	 2.503
	}
}
{Volume "select"
	{Box 5.00398 4.33014 5.36376}
	{Bone "tank_helmet"}
	{matrix34
		0.9928 	 0 	 0.1195
		0 	 1 	 0
		-0.1195 	 0 	 0.9928
		0.0707 	 -0.098 	 2.5127
	}
}
{extender "preview"
	{"Stuff"
		{camera
			{origin 7.3075 	 5.4866 	 3.9629}
			{lookat 0.1327 	 0.0454 	 2.5382}
			{fov 36.2437}
		}
		{lights
			{"0"
				{type directional}
				{direction -0.182 	 -0.3544 	 -0.3021}
				{ambient 0xffffffff}
				{diffuse 0xffdcf3fe}
			}
			{"1"
				{type point}
				{position 3.0123 	 -1.7064 	 6.278}
				{diffuse 0xfff6f3e5}
			}
		}
	}
}
