;Exported by	: KobaA
;Date			: 12.04.2024 15:58:01
;File			: d:\git\gem2-mdl-soldiers\models\entourage\field_technical_buildings\field_technical_buildings.max
{skeleton
	{animation
		{sequence "flattern" {speed 0.2}}
	}
	{bone "field_technical_buildings_med_piece001"
		{orientation
			1 	 0 	 0
			0 	 -1 	 0
			0 	 0 	 1
		}
		{bone "attach1"
			{matrix34
				0 	 -1 	 0
				1 	 0 	 0
				0 	 0 	 1
				20.0851 	 -13.1054 	 0
			}
		}
		{bone "attach2"
			{matrix34
				0 	 1 	 0
				-1 	 0 	 0
				0 	 0 	 1
				13.0153 	 21.9873 	 0
			}
		}
		{bone "attach3"
			{Position 48.6166 	 -11.4193 	 0}
		}
		{bone "bench"
			{Position -56.3408 	 4.2525 	 -2.5817}
			{poly "bench"}
		}
		{bone "body01"
			{matrix34
				0 	 -0.1736 	 -0.9848
				1 	 0 	 0
				0 	 -0.9848 	 0.1736
				-0.3102 	 -43.7828 	 23.2173
			}
			{poly "body01"}
		}
		{bone "boxes"
			{Position 61.8536 	 -47.1462 	 0}
			{poly "boxes"}
		}
		{bone "headquarters_tent"
			{orientation
				0 	 1 	 0
				-1 	 0 	 0
				0 	 0 	 1
			}
			{bone "tent002"
				{poly "tent002"}
			}
			{bone "still"
				{Position 0 	 0 	 0}
			}
			{bone "top018"
				{Position -19.9956 	 5.6691 	 38.1354}
				{poly "top018"}
			}
			{bone "r_2"
				{matrix34
					0.5736 	 0 	 -0.8192
					0 	 1 	 0
					0.8192 	 0 	 0.5736
					-17.456 	 27.2018 	 58.0321
				}
			}
			{bone "r_1"
				{matrix34
					0.5736 	 0 	 -0.8192
					0 	 1 	 0
					0.8192 	 0 	 0.5736
					-18.2399 	 -27.095 	 57.6659
				}
			}
			{bone "l_2"
				{matrix34
					0.5736 	 0 	 0.8192
					0 	 1 	 0
					-0.8192 	 0 	 0.5736
					17.8745 	 27.2018 	 58.0321
				}
			}
			{bone "l_1"
				{matrix34
					0.5736 	 0 	 0.8192
					0 	 1 	 0
					-0.8192 	 0 	 0.5736
					17.6934 	 -27.095 	 57.6659
				}
			}
			{bone "f"
				{matrix34
					1 	 0 	 0
					0 	 0.5736 	 0.8192
					0 	 -0.8192 	 0.5736
					-0.1131 	 56.5444 	 56.1159
				}
			}
			{bone "b"
				{matrix34
					1 	 0 	 0
					0 	 0.5736 	 -0.8192
					0 	 0.8192 	 0.5736
					-0.1131 	 -55.4588 	 57.3649
				}
			}
		}
		{bone "inner"
			{poly "inner"}
		}
		{bone "linen"
			{matrix34
				0 	 -1 	 0
				1 	 0 	 0
				0 	 0 	 1
				76.8071 	 -0.6648 	 0
			}
		}
		{bone "lamp"
			{Position -0.1959 	 -0.0997 	 38.5104}
			{bone "body"
				{Position -0.1025 	 0 	 3.6784}
				{poly "body"}
			}
			{bone "lamp_glass1"
				{Position 0 	 0 	 3.1623}
				{poly "lamp_glass1"}
			}
			{bone "light_point"
				{Position 0 	 0 	 3.1623}
			}
			{bone "lamp_light_point1"
				{Position 0 	 0 	 3.1623}
				{poly "lamp_light_point1"}
			}
			{bone "rope"
				{matrix34
					-1 	 0 	 0
					0 	 0 	 1
					0 	 1 	 0
					-0.0676 	 -0.0444 	 24.9106
				}
				{poly "rope"}
			}
		}
	}
}
{"volumes"
	{"body01"
		{box 12.0745 31.2081 14.7694}
		{bone "field_technical_buildings_med_piece001"}
		{Position 59.6213 	 22.7737 	 7.3847}
	}
	{"body02"
		{box 83.9862 8.28611 1.16579}
		{bone "field_technical_buildings_med_piece001"}
		{matrix34
			0 	 1 	 0
			-1 	 0 	 0
			0 	 0 	 1
			-73.9967 	 -0.4605 	 7.6875
		}
	}
	{"body03"
		{box 7.91603 8.39696 6.89708}
		{bone "field_technical_buildings_med_piece001"}
		{matrix34
			0.0168 	 -0.9999 	 0
			0.9999 	 0.0168 	 0
			0 	 0 	 1
			64.4273 	 -48.2495 	 12.0962
		}
	}
	{"body04"
		{box 7.95165 13.486 7.89545}
		{bone "field_technical_buildings_med_piece001"}
		{matrix34
			-0.9962 	 -0.0872 	 0
			0.0872 	 -0.9962 	 0
			0 	 0 	 1
			50.3649 	 -47.1909 	 4.1325
		}
	}
	{"body05"
		{box 12.0745 18.2567 1.77232}
		{bone "field_technical_buildings_med_piece001"}
		{Position 59.6213 	 -14.1907 	 18.2867}
	}
	{"body06"
		{box 42.5031 8.28611 1.16579}
		{bone "field_technical_buildings_med_piece001"}
		{Position -55.7003 	 46.798 	 7.6875}
	}
	{"body07"
		{box 7.91603 8.39696 6.89708}
		{bone "field_technical_buildings_med_piece001"}
		{matrix34
			-0.0349 	 -0.9994 	 0
			0.9994 	 -0.0349 	 0
			0 	 0 	 1
			52.5159 	 -45.2597 	 12.0962
		}
	}
	{"body08"
		{box 12.0745 10.0412 1.77232}
		{bone "field_technical_buildings_med_piece001"}
		{matrix34
			1 	 0 	 0
			0 	 0.866 	 -0.5
			0 	 0.5 	 0.866
			59.6213 	 -26.7624 	 20.8705
		}
	}
	{"body09"
		{box 12.0745 10.0412 1.77232}
		{bone "field_technical_buildings_med_piece001"}
		{matrix34
			1 	 0 	 0
			0 	 0.866 	 -0.5
			0 	 0.5 	 0.866
			59.6213 	 -0.6419 	 15.7123
		}
	}
	{"body10"
		{box 7.95165 13.486 8.99745}
		{bone "field_technical_buildings_med_piece001"}
		{matrix34
			0 	 1 	 0
			-1 	 0 	 0
			0 	 0 	 1
			61.8076 	 -47.1608 	 4.6835
		}
	}
	{"body11"
		{box 12.0745 27.3851 1.77232}
		{bone "field_technical_buildings_med_piece001"}
		{matrix34
			0 	 1 	 0
			-1 	 0 	 0
			0 	 0 	 1
			18.9855 	 3.3788 	 18.2867
		}
	}
	{"body12"
		{box 12.0745 10.0412 1.77232}
		{bone "field_technical_buildings_med_piece001"}
		{matrix34
			0 	 1 	 0
			-0.9659 	 0 	 -0.2588
			-0.2588 	 0 	 0.9659
			37.5109 	 3.3788 	 19.6532
		}
	}
	{"body13"
		{box 10.9878 16.4311 0.531697}
		{bone "field_technical_buildings_med_piece001"}
		{matrix34
			0 	 1 	 0
			-1 	 0 	 0
			0 	 0 	 1
			12.7797 	 31.8844 	 17.6282
		}
	}
	{"body14"
		{box 10.9878 10.363 0.531697}
		{bone "field_technical_buildings_med_piece001"}
		{matrix34
			0 	 1 	 0
			-0.4226 	 0 	 0.9063
			0.9063 	 0 	 0.4226
			23.268 	 31.8844 	 13.1694
		}
	}
	{"body15"
		{box 10.9878 10.363 0.531697}
		{bone "field_technical_buildings_med_piece001"}
		{matrix34
			0 	 1 	 0
			-0.4226 	 0 	 -0.9063
			-0.9063 	 0 	 0.4226
			2.4321 	 31.8844 	 13.1146
		}
	}
	{"body16"
		{box 10.9878 39.9275 0.531697}
		{bone "field_technical_buildings_med_piece001"}
		{matrix34
			0 	 1 	 0
			-1 	 0 	 0
			0 	 0 	 1
			-44.2493 	 31.8844 	 2.09
		}
	}
	{"body17"
		{box 10.9878 39.9275 0.531697}
		{bone "field_technical_buildings_med_piece001"}
		{matrix34
			0 	 1 	 0
			-1 	 0 	 0
			0 	 0 	 1
			-44.2493 	 16.1711 	 2.09
		}
	}
	{"body18"
		{box 10.9878 39.9275 0.531697}
		{bone "field_technical_buildings_med_piece001"}
		{matrix34
			-1 	 0 	 0
			0 	 -1 	 0
			0 	 0 	 1
			-59.2449 	 -14.083 	 2.09
		}
	}
	{"body19"
		{box 0.6815 10.9207 38.1227}
		{bone "field_technical_buildings_med_piece001"}
		{matrix34
			0 	 0.9848 	 -0.1736
			-1 	 0 	 0
			0 	 0.1736 	 0.9848
			-0.3102 	 -44.6304 	 23.2878
		}
	}
	{"body20"
		{box 10.9878 37.5319 4.49816}
		{bone "field_technical_buildings_med_piece001"}
		{matrix34
			-0.9988 	 0.0493 	 0
			-0.0493 	 -0.9988 	 0
			0 	 0 	 1
			-8.4 	 -16.3234 	 2.2634
		}
	}
	{"body21"
		{box 1.5748 1.5748 20.9268}
		{bone "field_technical_buildings_med_piece001"}
		{Position 2.3669 	 -35.3347 	 5.8176}
	}
	{"body22"
		{box 1.5748 1.5748 20.9268}
		{bone "field_technical_buildings_med_piece001"}
		{Position 2.4919 	 -20.0635 	 5.8176}
	}
	{"body23"
		{box 1.5748 1.5748 20.9268}
		{bone "field_technical_buildings_med_piece001"}
		{Position 36.3363 	 -35.3514 	 5.8176}
	}
	{"body24"
		{box 41.3386 20.2815 1.26697}
		{bone "field_technical_buildings_med_piece001"}
		{Position 19.444 	 -28.5916 	 16.4852}
	}
	{"body25"
		{box 1.5748 1.5748 20.9268}
		{bone "field_technical_buildings_med_piece001"}
		{Position 36.4612 	 -20.124 	 5.8176}
	}
	{"lamp1"
		{polyhedron}
		{bone "lamp"}
		{Position -0.0123 	 0 	 0}
	}
	{"tent02"
		{box 8.72763 1.46103 48.5758}
		{bone "headquarters_tent"}
		{Position -35.6849 	 67.8978 	 24.2879}
	}
	{"tent03"
		{box 8.72763 1.46103 48.5758}
		{bone "headquarters_tent"}
		{matrix34
			0 	 1 	 0
			-1 	 0 	 0
			0 	 0 	 1
			-39.457 	 64.1613 	 24.2879
		}
	}
	{"tent04"
		{box 16.8443 1.46103 48.5758}
		{bone "headquarters_tent"}
		{matrix34
			0 	 1 	 0
			-1 	 0 	 0
			0 	 0 	 1
			-39.5439 	 -0.4907 	 24.2879
		}
	}
	{"tent05"
		{box 8.72763 1.46103 48.5758}
		{bone "headquarters_tent"}
		{matrix34
			0 	 -1 	 0
			1 	 0 	 0
			0 	 0 	 1
			39.3908 	 64.1436 	 24.2879
		}
	}
	{"tent06"
		{box 8.72763 1.46103 48.5758}
		{bone "headquarters_tent"}
		{Position 35.6542 	 67.9157 	 24.2879}
	}
	{"tent07"
		{box 8.72763 1.46103 48.5758}
		{bone "headquarters_tent"}
		{matrix34
			-1 	 0 	 0
			0 	 -1 	 0
			0 	 0 	 1
			35.6364 	 -68.3449 	 24.2879
		}
	}
	{"tent08"
		{box 8.72763 1.46103 48.5758}
		{bone "headquarters_tent"}
		{matrix34
			0 	 -1 	 0
			1 	 0 	 0
			0 	 0 	 1
			39.4085 	 -64.6082 	 24.2879
		}
	}
	{"tent09"
		{box 8.72763 1.46103 48.5758}
		{bone "headquarters_tent"}
		{matrix34
			0 	 1 	 0
			-1 	 0 	 0
			0 	 0 	 1
			-39.352 	 -64.5905 	 24.2879
		}
	}
	{"tent10"
		{box 8.72763 1.46103 48.5758}
		{bone "headquarters_tent"}
		{matrix34
			-1 	 0 	 0
			0 	 -1 	 0
			0 	 0 	 1
			-35.6154 	 -68.3626 	 24.2879
		}
	}
	{"tent11"
		{box 16.8443 1.46103 48.5758}
		{bone "headquarters_tent"}
		{matrix34
			0 	 1 	 0
			-1 	 0 	 0
			0 	 0 	 1
			39.6302 	 -0.4907 	 24.2879
		}
	}
	{"tent12"
		{polyhedron}
		{bone "headquarters_tent"}
		{Position -0.0648 	 5.6691 	 38.1354}
	}
	{"tent13"
		{polyhedron}
		{bone "headquarters_tent"}
		{Position -0.0648 	 5.6691 	 38.1354}
	}
	{"tent14"
		{polyhedron}
		{bone "headquarters_tent"}
		{Position -0.0648 	 5.6691 	 38.1354}
	}
	{"tent15"
		{polyhedron}
		{bone "headquarters_tent"}
		{Position -0.0648 	 5.6691 	 38.1354}
	}
	{"tent16"
		{polyhedron}
		{bone "headquarters_tent"}
		{Position -0.0648 	 5.6691 	 38.1354}
	}
}
