;Exported by	: KobaA
;Date			: 12.01.2024 13:48:13
;File			: d:\git\gem2-mdl-soldiers\models\building\house_001b_g2\house_001b_g2_x.max
{skeleton
	{bone "house_001b_piece_012_x"
		{orientation
			1 	 0 	 0
			0 	 -1 	 0
			0 	 0 	 1
		}
		{bone "piece00"
			{Position -11.0624 	 9.9283 	 -15.8583}
			{poly "piece00"}
		}
		{bone "piece01"
			{matrix34
				0 	 -1 	 0
				0.766 	 0 	 0.6428
				-0.6428 	 0 	 0.766
				-0.9917 	 4.159 	 13.3279
			}
			{poly "piece01"}
		}
		{bone "piece02"
			{Position 4.5271 	 16.7323 	 -8.0278}
			{poly "piece02"}
		}
		{bone "piece03"
			{matrix34
				1 	 0 	 0
				0 	 -1 	 0
				0 	 0 	 -1
				-2.773 	 -13.759 	 -4.444
			}
			{poly "piece03"}
		}
		{bone "sub_piece00"
			{Position -16.7323 	 -10.0746 	 -9.1341}
			{poly "sub_piece00"}
		}
		{bone "sub_piece01"
			{Position -6.142 	 16.7323 	 6.966}
			{poly "sub_piece01"}
		}
		{bone "sub_piece02"
			{Position 14.5524 	 16.7323 	 -1.3769}
			{poly "sub_piece02"}
		}
		{bone "sub_piece03"
			{Position 8.7786 	 16.7323 	 13.809}
			{poly "sub_piece03"}
		}
		{bone "sub_piece04"
			{matrix34
				0 	 -1 	 0
				0.766 	 0 	 0.6428
				-0.6428 	 0 	 0.766
				-15.8772 	 4.548 	 2.8729
			}
			{poly "sub_piece04"}
		}
	}
}
{"volumes"
	{"piece00_volume001"
		{box 5.90551 22.2601 15.2474}
		{bone "piece00"}
		{matrix34
			0 	 1 	 0
			0 	 0 	 1
			1 	 0 	 0
			-0.9519 	 6.8148 	 1.7611
		}
	}
	{"piece01_volume001"
		{box 2.3622 2.3622 30.1456}
		{bone "piece01"}
		{matrix34
			0 	 0.866 	 -0.5
			0 	 -0.5 	 -0.866
			-1 	 0 	 0
			-0.3653 	 3.2772 	 -0.5376
		}
	}
	{"piece02_volume001"
		{box 5.90551 12.154 18.0451}
		{bone "piece02"}
		{matrix34
			0 	 1 	 0
			0.9659 	 0 	 0.2588
			0.2588 	 0 	 -0.9659
			-1.5168 	 0.0111 	 0.0938
		}
	}
	{"piece03_volume001"
		{box 2.3622 2.3622 35.2852}
		{bone "piece03"}
		{matrix34
			0 	 0 	 -1
			0 	 1 	 0
			1 	 0 	 0
			-1.1768 	 0.0031 	 0.0019
		}
	}
	{"sub_piece00_volume001"
		{box 5.90551 17.0258 13.5192}
		{bone "sub_piece00"}
		{matrix34
			-1 	 0 	 0
			0 	 -1 	 0
			0 	 0 	 1
			0.0446 	 0.1932 	 0.0697
		}
	}
	{"sub_piece01_volume001"
		{box 5.90551 22.4023 9.94062}
		{bone "sub_piece01"}
		{matrix34
			0 	 1 	 0
			0.766 	 0 	 0.6428
			0.6428 	 0 	 -0.766
			1.1597 	 0.011 	 -2.1043
		}
	}
	{"sub_piece02_volume001"
		{box 5.90551 8.75091 13.5339}
		{bone "sub_piece02"}
		{matrix34
			0 	 1 	 0
			0.9063 	 0 	 0.4226
			0.4226 	 0 	 -0.9063
			0.4534 	 0.0113 	 0.1681
		}
	}
	{"sub_piece03_volume001"
		{box 5.90551 8.75091 13.5339}
		{bone "sub_piece03"}
		{matrix34
			0 	 1 	 0
			0.9063 	 0 	 0.4226
			0.4226 	 0 	 -0.9063
			0.4109 	 0.0112 	 -0.2262
		}
	}
	{"sub_piece04_volume001"
		{box 14.6248 0.984252 14.6338}
		{bone "sub_piece04"}
		{matrix34
			0 	 1 	 0
			0 	 0 	 -1
			-1 	 0 	 0
			0.9486 	 -0.3572 	 -0.0161
		}
	}
}
