;Exported by	: KobaA
;Date			: 11.01.2024 14:04:11
;File			: d:\git\gem2-mdl-soldiers\models\building\house_001a_g2\house_001a_g2_x.max
{skeleton
	{bone "house_001a_piece_001_x"
		{orientation
			1 	 0 	 0
			0 	 -1 	 0
			0 	 0 	 1
		}
		{bone "piece00"
			{Position -6.8899 	 -11.465 	 7.1932}
			{poly "piece00"}
			{bone "sub_piece04"
				{Position 0 	 -14.5027 	 -4.477}
				{poly "sub_piece04"}
			}
		}
		{bone "piece01"
			{Position -6.8899 	 1.315 	 24.0454}
			{poly "piece01"}
			{bone "sub_piece01"
				{Position 0 	 -11.4028 	 1.3166}
				{poly "sub_piece01"}
			}
		}
		{bone "piece02"
			{Position -6.8899 	 -3.3993 	 42.5765}
			{poly "piece02"}
		}
		{bone "sub_piece03"
			{Position -6.8899 	 4.6957 	 5.3058}
			{poly "sub_piece03"}
			{bone "sub_piece00"
				{Position 0 	 0.0265 	 36.8136}
				{poly "sub_piece00"}
			}
		}
	}
}
{"volumes"
	{"piece00"
		{box 5.90551 12.9201 22.1733}
		{bone "piece00"}
		{matrix34
			-1 	 0 	 0
			0 	 -0.9659 	 0.2588
			0 	 0.2588 	 0.9659
			-0.0016 	 -0.6093 	 -0.1239
		}
	}
	{"piece01"
		{box 5.90551 16.8591 18.646}
		{bone "piece01"}
		{matrix34
			-1 	 0 	 0
			0 	 0 	 -1
			0 	 -1 	 0
			-0.0016 	 0.3528 	 -0.1716
		}
	}
	{"piece02"
		{box 5.90551 9.4411 16.7814}
		{bone "piece02"}
		{matrix34
			-1 	 0 	 0
			0 	 -0.9397 	 0.342
			0 	 0.342 	 0.9397
			-0.0016 	 -0.2971 	 1.4625
		}
	}
	{"sub_piece00"
		{box 5.90551 9.4411 16.7814}
		{bone "sub_piece00"}
		{matrix34
			-1 	 0 	 0
			0 	 -0.9763 	 0.2164
			0 	 0.2164 	 0.9763
			-0.0016 	 0.9797 	 -0.4864
		}
	}
	{"sub_piece01"
		{box 5.90551 4.01247 9.73323}
		{bone "sub_piece01"}
		{matrix34
			-1 	 0 	 0
			0 	 -1 	 0
			0 	 0 	 1
			-0.0016 	 -0.552 	 0.1252
		}
	}
	{"sub_piece03"
		{box 5.90551 12.9201 10.6092}
		{bone "sub_piece03"}
		{matrix34
			-1 	 0 	 0
			0 	 0.0436 	 -0.999
			0 	 -0.999 	 -0.0436
			-0.0016 	 0.8188 	 2.8534
		}
	}
	{"sub_piece04"
		{box 5.90551 11.8865 26.6079}
		{bone "sub_piece04"}
		{matrix34
			-1 	 0 	 0
			0 	 -0.9848 	 0.1736
			0 	 0.1736 	 0.9848
			-0.0016 	 -0.5119 	 -0.591
		}
	}
}
