;Exported by	: joomb
;Date			: 17.04.2024 13:48:01
;File			: h:\git\gem2-mdl-soldiers\models\building\buildings_ru\barn_ru001_slice_cut.max
{skeleton
	{bone "barn_ru_001_piece09"
		{orientation
			1 	 0 	 0
			0 	 -1 	 0
			0 	 0 	 1
		}
		{poly "barn_ru_001_piece09"}
		{bone "fix01"
			{Position -52.1625 	 -35.4193 	 -37.9619}
		}
		{bone "fix02"
			{Position -61.2413 	 34.129 	 -37.9619}
		}
		{bone "fix03"
			{Position -61.2413 	 38.4069 	 -20.3185}
		}
		{bone "fix04"
			{Position 24.3224 	 -35.4193 	 -23.9348}
		}
	}
}
{"volumes"
	{"body01"
		{polyhedron}
		{bone "barn_ru_001_piece09"}
		{matrix34
			0 	 1 	 0
			-1 	 0 	 0
			0 	 0 	 1
			-60.7414 	 -3.0681 	 -28.1954
		}
	}
	{"body02"
		{polyhedron}
		{bone "barn_ru_001_piece09"}
		{matrix34
			0 	 -1 	 0
			1 	 0 	 0
			0 	 0 	 1
			-60.7414 	 6.7875 	 18.8124
		}
	}
	{"body03"
		{box 73.8896 3.93701 21.8047}
		{bone "barn_ru_001_piece09"}
		{Position -25.6567 	 -35.4193 	 -16.6216}
	}
	{"roof01"
		{box 60.51 3.93701 17.7924}
		{bone "barn_ru_001_piece09"}
		{matrix34
			1 	 0 	 0
			0 	 0.5736 	 -0.8192
			0 	 0.8192 	 0.5736
			-38.2555 	 10.2986 	 29.4065
		}
	}
	{"roof02"
		{box 14.9114 3.93701 17.7924}
		{bone "barn_ru_001_piece09"}
		{matrix34
			1 	 0 	 0
			0 	 0.5736 	 -0.8192
			0 	 0.8192 	 0.5736
			-0.6186 	 10.2986 	 29.4065
		}
	}
	{"roof03"
		{box 75.3748 3.93701 57.7487}
		{bone "barn_ru_001_piece09"}
		{matrix34
			1 	 0 	 0
			0 	 0.5736 	 -0.8192
			0 	 0.8192 	 0.5736
			-30.8646 	 -20.6412 	 7.7422
		}
	}
}
