;Exported by	: KobaA
;Date			: 13.09.2023 10:32:01
;File			: D:\git\gem2-mdl-soldiers\models\flora\palm_leaf_LP_test\palm_leaf.max
{skeleton
	{bone "palm_003_basis"
		{orientation
			1 	 0 	 0
			0 	 -1 	 0
			0 	 0 	 1
		}
		{bone "rootx"
			{matrix34
				-0.6291 	 0.7503 	 0.2033
				-0.2009 	 0.0957 	 -0.9749
				-0.7509 	 -0.6541 	 0.0906
				1.4956 	 0.5953 	 -15.2563
			}
			{poly "rootx"}
		}
		{bone "palm_003"
			{matrix34
				0.9888 	 0 	 -0.1491
				0 	 1 	 0
				0.1491 	 0 	 0.9888
				0 	 0 	 -3.9182
			}
			{poly "palm_003"}
		}
	}
}
{"volumes"
	{"bole"
		{cylinder 2.70607 115.039}
		{bone "palm_003_basis"}
		{matrix34
			0.9945 	 0 	 -0.1045
			0 	 1 	 0
			0.1045 	 0 	 0.9945
			9.2995 	 0 	 53.2863
		}
	}
	{"crown"
		{sphere 32.0884}
		{bone "palm_003_basis"}
		{Position 17.0285 	 -1.6862 	 96.6191}
	}
}
