;Exported by:	 tolokolnikova
;Date:			 10.06.2018 11:26:21
;File:			 D:\gem2\gem2-mdl-soldiers\models\building\b3\vil_build_004_x.max
{skeleton
	{bone "b4_vil_piece_02_point"
		{orientation
			1 	 0 	 0
			0 	 -1 	 0
			0 	 0 	 1
		}
		{bone "piece08"
			{matrix34
				0.9978 	 0.024 	 -0.0615
				-0.0214 	 0.9989 	 0.0423
				0.0625 	 -0.0409 	 0.9972
				-24.2086 	 32.5429 	 1.9015
			}
			{poly "piece08"}
		}
		{bone "piece09"
			{Position -24.0849 	 -23.3792 	 -7.7007}
			{poly "piece09"}
		}
		{bone "piece10"
			{Position -24.0849 	 41.8171 	 -16.2956}
			{poly "piece10"}
		}
		{bone "piece11"
			{matrix34
				0.9978 	 0.024 	 -0.0615
				-0.0214 	 0.9989 	 0.0423
				0.0625 	 -0.0409 	 0.9972
				-24.2086 	 10.8219 	 -11.7713
			}
			{poly "piece11"}
		}
		{bone "b4_vil_piece_02"
			{Position 24.1875 	 24.1859 	 -66.3901}
			{poly "b4_vil_piece_02"}
		}
		{bone "piece05"
			{Position -5.6007 	 53.1691 	 34.1118}
			{poly "piece05"}
		}
		{bone "piece02"
			{Position -7.2621 	 57.813 	 5.6222}
			{poly "piece02"}
		}
		{bone "piece06"
			{Position 14.5662 	 54.9765 	 37.7798}
			{poly "piece06"}
		}
		{bone "piece07"
			{Position -26.7563 	 28.7895 	 10.8434}
			{poly "piece07"}
		}
		{bone "piece01"
			{Position 20.5444 	 30.5436 	 60.1477}
			{poly "piece01"}
		}
		{bone "piece03"
			{Position -1.1087 	 -9.9743 	 36.2606}
			{poly "piece03"}
		}
		{bone "piece04"
			{Position -1.0926 	 30.4492 	 37.5013}
			{poly "piece04"}
		}
		{bone revolute "attach1"
			{matrix34
				-1 	 0 	 0
				0 	 -1 	 0
				0 	 0 	 1
				-4.2317 	 0.36 	 -54.4857
			}
		}
		{bone "fort_wall"
			{matrix34
				0 	 1 	 0
				-1 	 0 	 0
				0 	 0 	 1
				-32.431 	 3.2862 	 -57.3101
			}
		}
		{bone "stones_001"
			{parameters "commonmesh;land;ground;"}
			{matrix34
				1 	 0 	 0
				0 	 -1 	 0
				0 	 0 	 1
				-36.368 	 -4.7219 	 -62.9254
			}
			{poly "stones_001" {ground}}
		}
		{bone "debris_land_001"
			{parameters "commonmesh;land;ground;"}
			{Position -36.3814 	 -4.7219 	 -62.9254}
			{poly "debris_land_001" {ground}}
		}
	}
}
{volume "body01"
	{box 21.4811 5.90551 25.2532}
	{bone "b4_vil_piece_02"}
	{Position -41.475 	 31.0352 	 16.0914}
}
{volume "body02"
	{box 16.1108 5.90551 5.80823}
	{bone "b4_vil_piece_02"}
	{Position -44.1123 	 31.0352 	 35.9972}
}
{volume "body03"
	{box 98.4127 5.90551 20.6596}
	{bone "b4_vil_piece_02"}
	{matrix34
		0 	 1 	 0
		-1 	 0 	 0
		0 	 0 	 1
		-48.1841 	 -20.7461 	 13.7946
	}
}
{volume "body04"
	{polyhedron}
	{bone "b4_vil_piece_02"}
	{matrix34
		0 	 1 	 0
		-1 	 0 	 0
		0 	 0 	 1
		-48.1841 	 10.4728 	 24.078
	}
}
{volume "body05"
	{box 27.5555 5.90551 9.71001}
	{bone "b4_vil_piece_02"}
	{matrix34
		0 	 1 	 0
		-1 	 0 	 0
		0 	 0 	 1
		-48.1841 	 -44.8942 	 28.6286
	}
}
{volume "piece01"
	{box 44.7021 1.1811 4.76751}
	{bone "piece01"}
	{matrix34
		0.0052 	 0.9982 	 0.0602
		-0.7244 	 -0.0377 	 0.6884
		0.6894 	 -0.0472 	 0.7229
		-0.0724 	 0.9382 	 0.1378
	}
}
{volume "piece02"
	{box 39.1326 5.90551 3.76633}
	{bone "piece02"}
	{matrix34
		0.9999 	 0 	 -0.0108
		0 	 1 	 0
		0.0108 	 0 	 0.9999
		0.001 	 0 	 0.096
	}
}
{volume "piece03"
	{box 31.1449 1.1811 4.76751}
	{bone "piece03"}
	{matrix34
		0.0151 	 0.9999 	 -0.0038
		-0.7245 	 0.0135 	 0.6891
		0.6891 	 -0.0076 	 0.7247
		-0.2874 	 1.3194 	 0.0405
	}
}
{volume "piece04"
	{box 44.7021 1.1811 4.76751}
	{bone "piece04"}
	{matrix34
		-0.0221 	 0.9993 	 0.0315
		-0.7244 	 -0.0377 	 0.6884
		0.6891 	 -0.0076 	 0.7247
		0.0848 	 1.3877 	 0.2008
	}
}
{volume "piece05"
	{box 3.93701 3.93701 51.0338}
	{bone "piece05"}
	{matrix34
		0.7259 	 0 	 -0.6878
		0 	 1 	 0
		0.6878 	 0 	 0.7259
		0.1118 	 -0.1075 	 -2.5413
	}
}
{volume "piece06"
	{box 29.7408 1.30329 2.9754}
	{bone "piece06"}
	{matrix34
		0.9999 	 0 	 -0.0108
		0 	 1 	 0
		0.0108 	 0 	 0.9999
		0.4012 	 -0.154 	 0.1996
	}
}
{volume "piece07"
	{box 36.6411 1.1811 4.76751}
	{bone "piece07"}
	{matrix34
		-0.0221 	 0.9993 	 0.0315
		-0.7244 	 -0.0377 	 0.6884
		0.6891 	 -0.0076 	 0.7247
		0.1533 	 3.8322 	 -0.032
	}
}
{volume "piece08"
	{box 36.6411 5.90551 4.76751}
	{bone "piece08"}
	{matrix34
		0 	 0.9999 	 -0.0108
		-1 	 0 	 0
		0 	 0.0108 	 0.9999
		0 	 0.0257 	 0.0101
	}
}
{volume "piece09"
	{box 10.9923 5.90551 4.76751}
	{bone "piece09"}
	{matrix34
		0 	 0.9999 	 -0.0108
		-1 	 0 	 0
		0 	 0.0108 	 0.9999
		0 	 -0.711 	 0.0629
	}
}
{volume "piece10"
	{box 10.9923 5.90551 4.76751}
	{bone "piece10"}
	{matrix34
		0 	 0.9999 	 -0.0108
		-1 	 0 	 0
		0 	 0.0108 	 0.9999
		0 	 0.0257 	 0.0629
	}
}
{volume "piece11"
	{box 36.6411 5.90551 4.76751}
	{bone "piece11"}
	{matrix34
		0 	 0.9999 	 -0.0108
		-1 	 0 	 0
		0 	 0.0108 	 0.9999
		0 	 0.0257 	 0.0101
	}
}
{volume "target_vol_01"
	{box 9.84252 9.84252 15.6501}
	{bone "b4_vil_piece_02_point"}
	{matrix34
		-1 	 0 	 0
		0 	 -1 	 0
		0 	 0 	 1
		-4.2317 	 0.36 	 -36.2858
	}
}
