;Exported by	: KobaA
;Date			: 26.03.2024 14:42:25
;File			: d:\git\gem2-mdl-soldiers\models\entourage\sandbags\bags_big.max
{skeleton
	{bone "bags_big_03_x"
		{orientation
			1 	 0 	 0
			0 	 -1 	 0
			0 	 0 	 1
		}
		{bone "piece03"
			{matrix34
				0.7325 	 0.5746 	 -0.3652
				0.6806 	 -0.6295 	 0.3748
				-0.0145 	 -0.523 	 -0.8522
				8.0611 	 -5.3351 	 19.927
			}
			{poly "piece03"}
		}
		{bone "piece04"
			{matrix34
				-0.3078 	 -0.9465 	 -0.0968
				-0.8901 	 0.3224 	 -0.3222
				0.3362 	 -0.013 	 -0.9417
				10.7047 	 -1.6886 	 9.2816
			}
			{poly "piece03"}
		}
		{bone "piece07"
			{matrix34
				0.3504 	 -0.9253 	 -0.1451
				-0.9301 	 -0.362 	 0.0619
				-0.1098 	 0.1132 	 -0.9875
				-9.8867 	 -5.4767 	 15.2046
			}
			{poly "piece03"}
		}
		{bone "piece08"
			{matrix34
				-0.8339 	 0.5259 	 0.1677
				0.5447 	 0.8332 	 0.0956
				-0.0895 	 0.171 	 -0.9812
				-6.5681 	 5.9713 	 9.1397
			}
			{poly "piece03"}
		}
		{bone "piece06"
			{matrix34
				-0.2883 	 -0.9567 	 0.0413
				-0.9478 	 0.2912 	 0.1296
				-0.136 	 -0.0018 	 -0.9907
				-9.8515 	 4.1708 	 27.9591
			}
			{poly "piece03"}
		}
		{bone "piece05"
			{matrix34
				0.9914 	 -0.1131 	 0.0663
				-0.1248 	 -0.9693 	 0.2117
				0.0403 	 -0.2182 	 -0.9751
				7.0055 	 7.7713 	 23.5609
			}
			{poly "piece03"}
		}
		{bone "piece01"
			{matrix34
				0 	 0 	 -1
				0 	 1 	 0
				1 	 0 	 0
				0.3107 	 -7.5679 	 3.8454
			}
			{poly "piece01"}
		}
		{bone "piece02"
			{matrix34
				0 	 0 	 -1
				0 	 1 	 0
				1 	 0 	 0
				-0.147 	 6.8587 	 3.8454
			}
			{poly "piece02"}
		}
	}
}
{"volumes"
	{"piece01"
		{box 4.18967 20.3426 1.01513}
		{bone "piece01"}
		{matrix34
			0 	 -1 	 0
			0 	 0 	 1
			-1 	 0 	 0
			0.0241 	 -0.0186 	 -0.0976
		}
	}
	{"piece02"
		{box 4.18967 28.6516 1.01513}
		{bone "piece02"}
		{matrix34
			0 	 -1 	 0
			0 	 0 	 1
			-1 	 0 	 0
			0.0241 	 0 	 0
		}
	}
	{"piece03"
		{box 18.5855 11.553 4.93823}
		{bone "piece03"}
		{matrix34
			-1 	 0 	 0
			0 	 1 	 0
			0 	 0 	 -1
			0.5384 	 0.5154 	 -0.2979
		}
	}
	{"piece04"
		{box 18.5855 11.553 4.93823}
		{bone "piece04"}
		{matrix34
			-1 	 0 	 0
			0 	 1 	 0
			0 	 0 	 -1
			0.3714 	 0.042 	 0.0243
		}
	}
	{"piece05"
		{box 18.5855 11.553 4.93823}
		{bone "piece05"}
		{matrix34
			-1 	 0 	 0
			0 	 1 	 0
			0 	 0 	 -1
			1.0649 	 0.4912 	 -0.2246
		}
	}
	{"piece06"
		{box 18.5855 11.553 4.93823}
		{bone "piece06"}
		{matrix34
			-1 	 0 	 0
			0 	 1 	 0
			0 	 0 	 -1
			1.1964 	 0.1194 	 -0.242
		}
	}
	{"piece07"
		{box 18.5855 11.553 4.93823}
		{bone "piece07"}
		{matrix34
			-1 	 0 	 0
			0 	 1 	 0
			0 	 0 	 -1
			0.8142 	 0.5824 	 0.1152
		}
	}
	{"piece08"
		{box 18.5855 11.553 4.93823}
		{bone "piece08"}
		{matrix34
			-1 	 0 	 0
			0 	 1 	 0
			0 	 0 	 -1
			1.1241 	 0.2298 	 -0.0011
		}
	}
}
