;Exported by:	 tolokolnikova
;Date:			 27.06.2017 14:26:04
;File:			 D:\gem2\gem2-mdl-soldiers\models\building\shed_village_001\villige_fort_x.max
{skeleton
	{bone "shed_village_piece_001_point"
		{orientation
			1 	 0 	 0
			0 	 -1 	 0
			0 	 0 	 1
		}
		{bone "piece01"
			{matrix34
				-1 	 0 	 0
				0 	 -1 	 0
				0 	 0 	 1
				4.0951 	 11.5454 	 50.2225
			}
			{poly "piece01"}
		}
		{bone "piece09"
			{matrix34
				-1 	 0 	 0
				0 	 -1 	 0
				0 	 0 	 1
				28.0667 	 11.5454 	 42.6563
			}
			{poly "piece09"}
		}
		{bone "piece02"
			{matrix34
				0 	 0 	 1
				0 	 -1 	 0
				1 	 0 	 0
				10.8639 	 11.5454 	 26.7691
			}
			{poly "piece02"}
		}
		{bone "piece03"
			{matrix34
				-1 	 0 	 0
				0 	 -1 	 0
				0 	 0 	 1
				0.1187 	 11.5454 	 20.7757
			}
			{poly "piece03"}
		}
		{bone "piece04"
			{matrix34
				-1 	 0 	 0
				0 	 -1 	 0
				0 	 0 	 1
				-8.9124 	 11.5454 	 34.5652
			}
			{poly "piece04"}
		}
		{bone "piece05"
			{matrix34
				0 	 -1 	 0
				1 	 0 	 0
				0 	 0 	 1
				-15.3242 	 7.7647 	 37.8668
			}
			{poly "piece05"}
		}
		{bone "piece06"
			{matrix34
				0 	 -1 	 0
				1 	 0 	 0
				0 	 0 	 1
				-15.2907 	 -7.9542 	 40.4617
			}
			{poly "piece06"}
		}
		{bone "piece07"
			{matrix34
				0 	 1 	 0
				-0.4226 	 0 	 0.9063
				-0.9063 	 0 	 -0.4226
				8.1023 	 8.4603 	 59.5826
			}
			{poly "piece07"}
		}
		{bone "piece08"
			{matrix34
				0 	 1 	 0
				0.9063 	 0 	 -0.4226
				0.4226 	 0 	 0.9063
				31.376 	 6.9525 	 60.8823
			}
			{poly "piece08"}
		}
		{bone "sub_piece01"
			{matrix34
				0 	 1 	 0
				-0.4226 	 0 	 0.9063
				-0.9063 	 0 	 -0.4226
				-16.323 	 -11.7527 	 48.1511
			}
			{poly "sub_piece01"}
		}
		{bone "sub_piece02"
			{matrix34
				-1 	 0 	 0
				0 	 -1 	 0
				0 	 0 	 1
				18.4412 	 11.5454 	 58.3781
			}
			{poly "sub_piece02"}
		}
		{bone "sub_piece03"
			{matrix34
				0.4226 	 0 	 -0.9063
				0 	 1 	 0
				0.9063 	 0 	 0.4226
				-0.5951 	 8.4187 	 53.9286
			}
			{poly "sub_piece03"}
		}
		{bone "sub_piece06"
			{matrix34
				-1 	 0 	 0
				0 	 -1 	 0
				0 	 0 	 1
				18.3157 	 11.5454 	 38.1245
			}
			{poly "sub_piece06"}
		}
		{bone "sub_piece05"
			{matrix34
				-1 	 0 	 0
				0 	 -1 	 0
				0 	 0 	 1
				29.6343 	 11.5454 	 55.9607
			}
			{poly "sub_piece05"}
		}
		{bone "sub_piece04"
			{matrix34
				-1 	 0 	 0
				0 	 -1 	 0
				0 	 0 	 1
				7.885 	 11.5454 	 9.2539
			}
			{poly "sub_piece04"}
		}
		{bone "shed_village_piece_001"
			{poly "shed_village_piece_001"}
		}
		{bone revolute "attach1"
			{matrix34
				0 	 1 	 0
				-1 	 0 	 0
				0 	 0 	 1
				5.3426 	 -2.0774 	 -6.9023
			}
		}
		{bone "debris_land_001"
			{parameters "commonmesh;land;ground;"}
			{matrix34
				0 	 -1 	 0
				1 	 0 	 0
				0 	 0 	 1
				0.2606 	 24.1309 	 -6.8898
			}
			{poly "debris_land_001" {ground}}
		}
		{bone "fort_wall"
			{Position 8.2688 	 20.1806 	 -1.2795}
		}
		{bone "stones_001"
			{parameters "commonmesh;land;ground;"}
			{matrix34
				0 	 -1 	 0
				1 	 0 	 0
				0 	 0 	 1
				0.2606 	 24.1176 	 -6.8898
			}
			{poly "stones_001" {ground}}
		}
	}
}
{volume "piece01"
	{box 20.1476 5.90551 12.0405}
	{bone "piece01"}
	{matrix34
		-1 	 0 	 0
		0 	 -1 	 0
		0 	 0 	 1
		-0.1076 	 -0.0193 	 0.5648
	}
}
{volume "piece02"
	{box 7.85755 5.90551 22.6362}
	{bone "piece02"}
	{matrix34
		0.0872 	 0 	 0.9962
		0 	 -1 	 0
		0.9962 	 0 	 -0.0872
		0.0177 	 -0.0193 	 0.127
	}
}
{volume "piece03"
	{box 7.65607 5.90551 8.78959}
	{bone "piece03"}
	{matrix34
		-1 	 0 	 0
		0 	 -1 	 0
		0 	 0 	 1
		-0.3739 	 -0.0193 	 -0.2624
	}
}
{volume "piece04"
	{box 13.9018 5.90551 16.6159}
	{bone "piece04"}
	{matrix34
		-0.9063 	 0 	 0.4226
		0 	 -1 	 0
		0.4226 	 0 	 0.9063
		-1.0331 	 -0.0193 	 0.7081
	}
}
{volume "piece05"
	{box 5.90551 11.0165 10.6753}
	{bone "piece05"}
	{matrix34
		0 	 1 	 0
		-1 	 0 	 0
		0 	 0 	 1
		0.5285 	 0.0335 	 -0.7279
	}
}
{volume "piece06"
	{box 5.90551 18.1432 7.02322}
	{bone "piece06"}
	{matrix34
		0 	 1 	 0
		-1 	 0 	 0
		0 	 0 	 1
		-0.2691 	 0 	 0.135
	}
}
{volume "piece07"
	{box 1.9685 14.9424 19.9455}
	{bone "piece07"}
	{matrix34
		-0.0031 	 -0.9999 	 -0.0116
		0.9991 	 -0.0036 	 0.0432
		0.0432 	 0.0114 	 -0.999
		-2.4139 	 0.0593 	 -2.4327
	}
}
{volume "piece08"
	{box 1.9685 23.1718 22.2565}
	{bone "piece08"}
	{matrix34
		0 	 0 	 -1
		-0.9998 	 0.0187 	 0
		-0.0187 	 -0.9998 	 0
		-0.326 	 0.1404 	 -0.1407
	}
}
{volume "piece09"
	{box 9.44417 5.90551 14.2352}
	{bone "piece09"}
	{matrix34
		-0.9659 	 0 	 0.2588
		0 	 -1 	 0
		0.2588 	 0 	 0.9659
		0.1851 	 -0.0193 	 -0.0757
	}
}
{volume "sub_piece01"
	{box 1.9685 14.9424 14.0461}
	{bone "sub_piece01"}
	{matrix34
		-0.0031 	 -0.9999 	 -0.0116
		0.9991 	 -0.0036 	 0.0432
		0.0432 	 0.0114 	 -0.999
		0.117 	 -0.1973 	 0.7442
	}
}
{volume "sub_piece02"
	{box 6.44722 5.90551 6.26108}
	{bone "sub_piece02"}
	{matrix34
		-1 	 0 	 0
		0 	 -1 	 0
		0 	 0 	 1
		-0.0559 	 -0.0193 	 -0.1524
	}
}
{volume "sub_piece03"
	{box 49.0758 1.9685 1.9685}
	{bone "sub_piece03"}
	{matrix34
		0 	 0 	 1
		0 	 1 	 0
		-1 	 0 	 0
		-0.1382 	 -0.032 	 -0.0077
	}
}
{volume "sub_piece04"
	{box 8.57343 5.90551 5.25788}
	{bone "sub_piece04"}
	{matrix34
		-1 	 0 	 0
		0 	 -1 	 0
		0 	 0 	 1
		-0.3054 	 -0.0193 	 0.314
	}
}
{volume "sub_piece05"
	{box 6.44722 5.90551 6.26108}
	{bone "sub_piece05"}
	{matrix34
		-1 	 0 	 0
		0 	 -1 	 0
		0 	 0 	 1
		0.6379 	 -0.0193 	 -0.4795
	}
}
{volume "sub_piece06"
	{box 6.44722 5.90551 9.01595}
	{bone "sub_piece06"}
	{matrix34
		-1 	 0 	 0
		0 	 -1 	 0
		0 	 0 	 1
		0.0193 	 -0.0193 	 0.0506
	}
}
{volume "target_vol_001"
	{box 9.84252 11.811 15.6501}
	{bone "shed_village_piece_001_point"}
	{matrix34
		0 	 1 	 0
		-1 	 0 	 0
		0 	 0 	 1
		5.3426 	 11.7456 	 16.9252
	}
}
{volume "vol_01"
	{polyhedron}
	{bone "shed_village_piece_001"}
	{matrix34
		0 	 1 	 0
		-1 	 0 	 0
		0 	 0 	 1
		-6.3517 	 11.6759 	 -6.8898
	}
}
{volume "vol_02"
	{box 6.29921 35.759 12.9337}
	{bone "shed_village_piece_001"}
	{matrix34
		0 	 1 	 0
		-1 	 0 	 0
		0 	 0 	 1
		-0.3004 	 11.6759 	 -0.4229
	}
}
{volume "vol_03"
	{box 6.29921 12.5157 35.309}
	{bone "shed_village_piece_001"}
	{matrix34
		-1 	 0 	 0
		0 	 -1 	 0
		0 	 0 	 1
		-15.2483 	 8.3533 	 10.7647
	}
}
