;Exported by:	 tolokolnikova
;Date:			 10.03.2016 13:25:22
;File:			 D:\gem2\gem2-mdl-soldiers\models\entourage\coat\coat.max
{skeleton
	{bone "basis_coil_x"
		{orientation
			1 	 0 	 0
			0 	 -1 	 0
			0 	 0 	 1
		}
		{bone "fx_wood1"
			{Position 0 	 0 	 3.7287}
		}
		{bone "fx_wood2"
			{Position 0 	 0 	 7.5923}
		}
		{bone "piece01"
			{matrix34
				-0.5736 	 0 	 0.8192
				0.8192 	 0 	 0.5736
				0 	 1 	 0
				-0.3962 	 2.5862 	 7.5453
			}
			{poly "piece01"}
		}
		{bone "piece03"
			{matrix34
				0.0872 	 0 	 0.9962
				0.9962 	 0 	 -0.0872
				0 	 1 	 0
				-0.059 	 -5.3837 	 13.5034
			}
			{poly "piece03"}
		}
		{bone "piece04"
			{matrix34
				-0.5736 	 0 	 0.8192
				0.8192 	 0 	 0.5736
				0 	 1 	 0
				0.0123 	 5.2897 	 7.8582
			}
			{poly "piece04"}
		}
		{bone "piece05"
			{matrix34
				-0.9397 	 0 	 0.342
				-0.342 	 0 	 -0.9397
				0 	 -1 	 0
				5.1128 	 -5.5231 	 7.3792
			}
			{poly "piece05"}
		}
		{bone "piece06"
			{matrix34
				-0.0872 	 0 	 0.9962
				-0.9962 	 0 	 -0.0872
				0 	 -1 	 0
				3.0576 	 -5.4821 	 1.2422
			}
			{poly "piece06"}
		}
		{bone "piece07"
			{matrix34
				0.9029 	 -0.079 	 0.4226
				-0.421 	 0.0368 	 0.9063
				-0.0872 	 -0.9962 	 0
				-3.8585 	 -5.2928 	 2.1252
			}
			{poly "piece07"}
		}
		{bone "piece02"
			{matrix34
				-0.1736 	 0 	 -0.9848
				-0.9848 	 0 	 0.1736
				0 	 -1 	 0
				-0.3962 	 -3.0501 	 7.5453
			}
			{poly "piece02"}
		}
		{bone "piece08"
			{matrix34
				-0.6412 	 -0.0368 	 0.7665
				-0.7627 	 -0.079 	 -0.6419
				0.0842 	 -0.9962 	 0.0226
				-2.8665 	 5.104 	 12.4445
			}
			{poly "piece08"}
		}
	}
}
{volume "piece01"
	{box 9.41082 5.24955 8.21066}
	{bone "piece01"}
	{matrix34
		-0.5736 	 0.8192 	 0
		0 	 0 	 1
		0.8192 	 0.5736 	 0
		-0.125 	 0.3682 	 0.2346
	}
}
{volume "piece02"
	{box 9.41082 2.11662 9.0227}
	{bone "piece02"}
	{matrix34
		-0.1736 	 -0.9848 	 0
		0 	 0 	 -1
		-0.9848 	 0.1736 	 0
		-0.5718 	 -0.2783 	 1.8174
	}
}
{volume "piece03"
	{box 8.56385 1.0128 2.43613}
	{bone "piece03"}
	{matrix34
		0.0872 	 0.9962 	 0
		0 	 0 	 1
		0.9962 	 -0.0872 	 0
		0.8484 	 -0.038 	 -0.0327
	}
}
{volume "piece04"
	{box 8.56385 1.0128 2.43613}
	{bone "piece04"}
	{matrix34
		0 	 1 	 0
		0 	 0 	 1
		1 	 0 	 0
		-6.4403 	 -0.028 	 -0.2699
	}
}
{volume "piece05"
	{box 8.0213 0.514098 1.38958}
	{bone "piece05"}
	{matrix34
		0.418 	 -0.9027 	 -0.1015
		-0.033 	 0.0966 	 -0.9948
		0.9078 	 0.4192 	 0.0106
		-0.373 	 0.4329 	 0.1717
	}
}
{volume "piece06"
	{box 7.7165 0.469098 0.89213}
	{bone "piece06"}
	{matrix34
		0.0894 	 0.9908 	 -0.1015
		-0.0197 	 -0.1001 	 -0.9948
		-0.9958 	 0.0909 	 0.0106
		0.1654 	 0.0385 	 0.1335
	}
}
{volume "piece07"
	{box 7.7165 0.469098 0.89213}
	{bone "piece07"}
	{matrix34
		-0.4121 	 0.9014 	 0.133
		-0.1574 	 0.0734 	 -0.9848
		-0.8975 	 -0.4267 	 0.1116
		-0.3424 	 0.452 	 0.0283
	}
}
{volume "piece08"
	{box 7.7165 0.364098 0.89213}
	{bone "piece08"}
	{matrix34
		-0.0856 	 -0.993 	 0.0819
		-0.0368 	 -0.079 	 -0.9962
		0.9956 	 -0.0883 	 -0.0298
		0.0463 	 0.0624 	 -0.1182
	}
}
