;Exported by: klimenko
;Date:        Mon Aug 28 15:47:23 2006
;File:        D:\-Project-\-3DWork-\eg_x.max
{Skeleton
	{bone "eg_x"
		{Orientation
			1	0	0
			0	-1	0
			0	0	1
		}
		{bone "piece1"
			{Matrix34
				0.545986	0.591309	-0.593509
				-0.701715	0.709787	0.0616274
				0.457706	0.382826	0.802465
				0.420837	0.0196533	11.934
			}
			{poly "piece1"}
		}
		{bone "piece2"
			{poly "piece2"}
		}
		{bone "piece3"
			{poly "piece3"}
		}
	}
}
{Volume "piece1"
	{Box 2.95276 2.95276 33.4646}
	{Bone "piece1"}
	{Matrix34
		0.758179	0.267857	0.594489
		0.3106	0.653282	-0.690471
		-0.573316	0.708149	0.412109
		-0.280879	-0.281871	-0.186103
	}
}
{Volume "piece2"
	{Box 2.95276 2.95276 33.4646}
	{Bone "piece2"}
	{Matrix34
		0.545987	0.591309	-0.593509
		-0.701716	0.709787	0.0616275
		0.457706	0.382826	0.802465
		-6.6432	-3.48825	14.4019
	}
}
{Volume "piece3"
	{Box 2.95276 2.95276 33.4646}
	{Bone "piece3"}
	{Matrix34
		1	0	0
		0	0.766044	0.642788
		0	-0.642787	0.766044
		-1.34731	4.40681	12.7945
	}
}
