;Exported by:	 tolokolnikova
;Date:			 23.03.2018 09:15:40
;File:			 D:\gem2\gem2-mdl-soldiers\models\building\building_ua01\building_06_v2_x.max
{skeleton
	{bone "b_ua_06_piece05_point"
		{orientation
			1 	 0 	 0
			0 	 -1 	 0
			0 	 0 	 1
		}
		{bone "piece07"
			{matrix34
				0 	 1 	 0
				-1 	 0 	 0
				0 	 0 	 1
				25.5606 	 -17.5637 	 20.1383
			}
			{poly "piece07"}
		}
		{bone "piece01"
			{matrix34
				0 	 1 	 0
				-1 	 0 	 0
				0 	 0 	 1
				38.8636 	 -17.5545 	 17.5222
			}
			{poly "piece01"}
		}
		{bone "piece02"
			{matrix34
				0 	 1 	 0
				0.9063 	 0 	 0.4226
				0.4226 	 0 	 -0.9063
				-2.8518 	 -17.5678 	 4.7742
			}
			{poly "piece02"}
		}
		{bone "piece03"
			{matrix34
				0 	 1 	 0
				-1 	 0 	 0
				0 	 0 	 1
				-46.9253 	 -17.5518 	 20.4401
			}
			{poly "piece03"}
		}
		{bone "piece04"
			{matrix34
				0 	 1 	 0
				-0.0872 	 0 	 -0.9962
				-0.9962 	 0 	 0.0872
				-30.328 	 -17.2849 	 16.0379
			}
			{poly "piece04"}
		}
		{bone "piece05"
			{matrix34
				0 	 1 	 0
				-1 	 0 	 0
				0 	 0 	 1
				-6.8671 	 -17.5179 	 19.4833
			}
			{poly "piece05"}
		}
		{bone "piece06"
			{matrix34
				0 	 1 	 0
				-0.4226 	 0 	 -0.9063
				-0.9063 	 0 	 0.4226
				-17.9283 	 -17.4778 	 8.7566
			}
			{poly "piece06"}
		}
		{bone "sub_piece04"
			{Position 16.6385 	 -7.6532 	 19.3281}
			{poly "sub_piece04"}
		}
		{bone "sub_piece07"
			{Position 15.2936 	 18.2581 	 16.5699}
			{poly "sub_piece07"}
		}
		{bone "b_ua_06_piece05"
			{Position 64.6241 	 -82.0997 	 -25.151}
			{poly "b_ua_06_piece05"}
		}
		{bone "sub_piece03"
			{matrix34
				0 	 -0.8192 	 -0.5736
				-1 	 0 	 0
				0 	 -0.5736 	 0.8192
				-20.4167 	 -21.0517 	 44.5885
			}
			{poly "sub_piece03"}
		}
		{bone "fort_wall"
			{Position -6.4543 	 -7.1932 	 -15.2019}
		}
		{bone "sub_piece06"
			{Position -33.8972 	 -36.4638 	 25.2818}
			{poly "sub_piece06"}
		}
		{bone "sub_piece02"
			{matrix34
				1 	 0 	 0
				0 	 -0.8192 	 -0.5736
				0 	 -0.5736 	 0.8192
				10.5364 	 -16.7216 	 39.4109
			}
			{poly "sub_piece02"}
		}
		{bone "sub_piece05"
			{Position -0.2904 	 16.3203 	 10.5768}
			{poly "sub_piece05"}
		}
		{bone "sub_piece01"
			{Position 29.7566 	 15.7529 	 8.6614}
			{poly "sub_piece01"}
		}
		{bone revolute "attach2"
			{matrix34
				0 	 1 	 0
				-1 	 0 	 0
				0 	 0 	 1
				-9.3805 	 -34.8248 	 -18.1778
			}
		}
		{bone revolute "attach1"
			{matrix34
				0 	 1 	 0
				-1 	 0 	 0
				0 	 0 	 1
				-47.0953 	 -34.8248 	 -18.1778
			}
		}
		{bone "debris_land_001"
			{parameters "commonmesh;land;ground;"}
			{matrix34
				0 	 -1 	 0
				1 	 0 	 0
				0 	 0 	 1
				-14.4625 	 -4.6711 	 -25.0444
			}
			{poly "debris_land_001" {ground}}
		}
		{bone "stones_001"
			{parameters "commonmesh;land;ground;"}
			{matrix34
				0 	 -1 	 0
				1 	 0 	 0
				0 	 0 	 1
				-14.4625 	 -4.6844 	 -25.0444
			}
			{poly "stones_001" {ground}}
		}
	}
}
{volume "piece01"
	{box 5.90551 14.4839 8.71504}
	{bone "piece01"}
	{matrix34
		1 	 0 	 0
		0 	 0.5 	 0.866
		0 	 -0.866 	 0.5
		0 	 0.1544 	 0.8492
	}
}
{volume "piece02"
	{box 5.90551 15.1727 11.9384}
	{bone "piece02"}
	{matrix34
		1 	 0 	 0
		0 	 0.766 	 -0.6428
		0 	 0.6428 	 0.766
		0 	 0.2347 	 0.9811
	}
}
{volume "piece03"
	{box 5.90551 13.9786 11.1553}
	{bone "piece03"}
	{matrix34
		1 	 0 	 0
		0 	 0.9397 	 0.342
		0 	 -0.342 	 0.9397
		0 	 -0.2927 	 1.0441
	}
}
{volume "piece04"
	{box 5.90551 15.1727 11.9384}
	{bone "piece04"}
	{matrix34
		1 	 0 	 0
		0 	 0.9397 	 0.342
		0 	 -0.342 	 0.9397
		0 	 -0.0853 	 0.4605
	}
}
{volume "piece05"
	{box 5.90551 16.8417 8.71504}
	{bone "piece05"}
	{matrix34
		-0.9988 	 -0.0484 	 0
		0.0484 	 -0.9988 	 0
		0 	 0 	 1
		0 	 1.2328 	 0.0373
	}
}
{volume "piece06"
	{box 5.84646 7.38678 7.66924}
	{bone "piece06"}
	{Position 0 	 -0.7007 	 0.5214}
}
{volume "piece07"
	{box 5.90551 6.23144 8.71504}
	{bone "piece07"}
	{matrix34
		1 	 0 	 0
		0 	 0.9397 	 -0.342
		0 	 0.342 	 0.9397
		0 	 -0.594 	 0.234
	}
}
{volume "sub_piece01"
	{box 2.42126 2.20472 13.5083}
	{bone "sub_piece01"}
	{matrix34
		0 	 1 	 0
		-1 	 0 	 0
		0 	 0 	 1
		0 	 0 	 0.0823
	}
}
{volume "sub_piece02"
	{box 2.95276 2.95276 26.3383}
	{bone "sub_piece02"}
	{matrix34
		-1 	 0 	 0
		0 	 1 	 0
		0 	 0 	 1
		2.1763 	 0.5757 	 -3.4038
	}
}
{volume "sub_piece03"
	{box 2.95276 2.95276 17.3833}
	{bone "sub_piece03"}
	{matrix34
		0 	 1 	 0
		1 	 0 	 0
		0 	 0 	 1
		-0.0015 	 -0.1303 	 -2.0654
	}
}
{volume "sub_piece04"
	{box 35.0899 5.2392 1.38017}
	{bone "sub_piece04"}
	{matrix34
		1 	 0 	 0
		0 	 0.9659 	 -0.2588
		0 	 0.2588 	 0.9659
		-1.0293 	 -0.299 	 0.0634
	}
}
{volume "sub_piece05"
	{box 1.9685 1.9685 9.72599}
	{bone "sub_piece05"}
	{matrix34
		0 	 1 	 0
		-1 	 0 	 0
		0 	 0 	 1
		-0.2641 	 0.0637 	 -0.0981
	}
}
{volume "sub_piece06"
	{box 31.8384 10.822 1.48196}
	{bone "sub_piece06"}
	{matrix34
		0 	 1 	 0
		-1 	 0 	 0
		0 	 0 	 1
		-0.0536 	 0.2185 	 0.0381
	}
}
{volume "sub_piece07"
	{box 35.0899 5.2392 1.38017}
	{bone "sub_piece07"}
	{matrix34
		1 	 0 	 0
		0 	 0.9659 	 -0.2588
		0 	 0.2588 	 0.9659
		0.3155 	 -0.0585 	 0.0964
	}
}
{volume "target_vol_001"
	{box 9.84252 9.84252 15.6501}
	{bone "b_ua_06_piece05_point"}
	{matrix34
		0 	 1 	 0
		-1 	 0 	 0
		0 	 0 	 1
		-9.3805 	 -34.8248 	 0.8333
	}
}
{volume "target_vol_002"
	{box 9.84252 9.84252 15.6501}
	{bone "b_ua_06_piece05_point"}
	{matrix34
		0 	 1 	 0
		-1 	 0 	 0
		0 	 0 	 1
		-47.4178 	 -34.8248 	 0.8333
	}
}
{volume "vol_05"
	{box 6.50407 38.9304 29.2367}
	{bone "b_ua_06_piece05"}
	{matrix34
		0 	 1 	 0
		-1 	 0 	 0
		0 	 0 	 1
		-22.0848 	 64.933 	 14.7249
	}
}
{volume "vol_06"
	{box 6.50407 18.9669 18.1268}
	{bone "b_ua_06_piece05"}
	{matrix34
		0 	 1 	 0
		-1 	 0 	 0
		0 	 0 	 1
		-68.49 	 64.933 	 9.17
	}
}
{volume "vol_07"
	{polyhedron}
	{bone "b_ua_06_piece05"}
	{matrix34
		0 	 1 	 0
		-1 	 0 	 0
		0 	 0 	 1
		-90.4753 	 64.933 	 0.1066
	}
}
{volume "vol_08"
	{box 6.50407 24.088 23.3836}
	{bone "b_ua_06_piece05"}
	{matrix34
		0 	 1 	 0
		-1 	 0 	 0
		0 	 0 	 1
		-115.544 	 64.933 	 11.7983
	}
}
{volume "vol_41"
	{box 9.67846 33.0506 7.5788}
	{bone "b_ua_06_piece05"}
	{matrix34
		0 	 1 	 0
		-1 	 0 	 0
		0 	 0 	 1
		-16.4806 	 72.5733 	 3.8361
	}
}
{volume "vol_42"
	{box 9.67846 63.4572 7.5788}
	{bone "b_ua_06_piece05"}
	{matrix34
		0 	 1 	 0
		-1 	 0 	 0
		0 	 0 	 1
		-99.2478 	 72.5733 	 3.8361
	}
}
