;Exported by:	 tolokolnikova
;Date:			 11.06.2018 12:51:44
;File:			 D:\gem2\gem2-mdl-soldiers\models\building\house_uk\house_uk_001_x.max
{skeleton
	{bone "hs_ua_piece_06_x_point"
		{orientation
			1 	 0 	 0
			0 	 -1 	 0
			0 	 0 	 1
		}
		{bone "piece02"
			{matrix34
				-0.8572 	 -0.5138 	 -0.0359
				-0.4059 	 0.6309 	 0.6613
				0.3171 	 -0.5814 	 0.7493
				-26.124 	 3.6937 	 14.0972
			}
			{poly "piece02"}
		}
		{bone "piece01"
			{matrix34
				0.8823 	 0.3669 	 -0.2947
				0.0782 	 -0.7317 	 -0.6771
				0.4641 	 -0.5744 	 0.6743
				-36.8734 	 19.3364 	 13.0973
			}
			{poly "piece01"}
		}
		{bone "piece03"
			{Position -4.8462 	 -33.7713 	 11.6629}
			{poly "piece03"}
		}
		{bone "piece04"
			{Position 35.9858 	 -33.7713 	 14.3037}
			{poly "piece04"}
		}
		{bone "piece09"
			{Position -26.4403 	 -33.4375 	 -10.9101}
			{poly "piece09"}
		}
		{bone "piece08"
			{Position 26.896 	 -33.4375 	 -10.9101}
			{poly "piece08"}
		}
		{bone "piece10"
			{Position 19.3747 	 -33.7713 	 -22.7066}
			{poly "piece10"}
		}
		{bone "piece11"
			{Position -27.935 	 -33.3675 	 -22.1494}
			{poly "piece11"}
		}
		{bone "piece07"
			{matrix34
				1 	 0 	 0
				0 	 0.766 	 0.6428
				0 	 -0.6428 	 0.766
				-12.9591 	 -1.0559 	 18.1433
			}
			{poly "piece07"}
		}
		{bone revolute "attach1"
			{matrix34
				-1 	 0 	 0
				0 	 -1 	 0
				0 	 0 	 1
				-10.653 	 -0.1443 	 -53.217
			}
		}
		{bone "fort_wall"
			{matrix34
				0 	 1 	 0
				-1 	 0 	 0
				0 	 0 	 1
				-45.2387 	 2.7819 	 -47.5892
			}
		}
		{bone "piece05"
			{matrix34
				-0.0349 	 0.9994 	 0
				-0.9994 	 -0.0349 	 0
				0 	 0 	 1
				19.9164 	 25.2954 	 -20.9521
			}
			{poly "piece05"}
		}
		{bone "piece06"
			{matrix34
				-0.0349 	 0.9994 	 0
				-0.9994 	 -0.0349 	 0
				0 	 0 	 1
				-38.8285 	 24.0818 	 -20.9521
			}
			{poly "piece06"}
		}
		{bone "hs_ua_06"
			{matrix34
				0 	 -1 	 0
				1 	 0 	 0
				0 	 0 	 1
				-10.6185 	 23.2651 	 -57.8586
			}
			{poly "hs_ua_06"}
		}
		{bone "piece12"
			{Position -15.5156 	 25.8578 	 -10.9101}
			{poly "piece12"}
		}
		{bone "stones_001"
			{parameters "commonmesh;land;ground;"}
			{Position -49.1757 	 -5.2263 	 -53.2045}
			{poly "stones_001" {ground}}
		}
		{bone "debris_land_001"
			{parameters "commonmesh;land;ground;"}
			{Position -49.1891 	 -5.2263 	 -53.2045}
			{poly "debris_land_001" {ground}}
		}
	}
}
{volume "piece01"
	{cylinder 1.15075 48.2642}
	{bone "piece01"}
	{matrix34
		0.999 	 0.0032 	 0.0452
		0.0032 	 -1 	 0.0017
		-0.0452 	 0.0016 	 0.999
		-0.4809 	 -0.3593 	 -0.8919
	}
}
{volume "piece02"
	{cylinder 1.64393 65.2219}
	{bone "piece02"}
	{matrix34
		-0.9088 	 -0.4152 	 -0.0409
		-0.4171 	 0.9065 	 0.0647
		-0.0103 	 -0.0759 	 0.9971
		0.1534 	 0.0048 	 -2.3001
	}
}
{volume "piece03"
	{cylinder 2.16834 38.3885}
	{bone "piece03"}
	{Position 0.1034 	 -0.1651 	 -0.3009}
}
{volume "piece04"
	{cylinder 2.16834 38.3885}
	{bone "piece04"}
	{Position -0.0075 	 -0.1651 	 -2.9416}
}
{volume "piece05"
	{cylinder 2.39073 18.142}
	{bone "piece05"}
	{matrix34
		-0.0348 	 -0.9971 	 -0.0672
		0.9994 	 -0.0349 	 0
		-0.0023 	 -0.0672 	 0.9977
		0.1868 	 -0.2885 	 0.5962
	}
}
{volume "piece06"
	{cylinder 2.39073 18.142}
	{bone "piece06"}
	{matrix34
		-0.0348 	 -0.9971 	 -0.0672
		0.9994 	 -0.0349 	 0
		-0.0023 	 -0.0672 	 0.9977
		0.1256 	 -0.2506 	 -0.0743
	}
}
{volume "piece07"
	{cylinder 1.64393 43.7731}
	{bone "piece07"}
	{matrix34
		1 	 0 	 0
		0 	 1 	 -0.0003
		0 	 0.0003 	 1
		-0.285 	 0.6206 	 -0.7549
	}
}
{volume "piece08"
	{box 33.515 6.69411 1.86524}
	{bone "piece08"}
	{Position 0.5683 	 0 	 0.1124}
}
{volume "piece09"
	{box 33.515 6.69411 1.86524}
	{bone "piece09"}
	{Position 0.5683 	 0 	 0.1124}
}
{volume "piece10"
	{cylinder 1.85921 22.9821}
	{bone "piece10"}
	{Position 0.0854 	 -0.1491 	 0.3441}
}
{volume "piece11"
	{cylinder 2.77992 22.5815}
	{bone "piece11"}
	{Position -0.0927 	 -0.0449 	 0.4654}
}
{volume "piece12"
	{box 33.515 6.69411 1.86524}
	{bone "piece12"}
	{Position 0.5683 	 0 	 0.1124}
}
{volume "target_vol_01"
	{box 9.84252 9.84252 15.6501}
	{bone "hs_ua_piece_06_x_point"}
	{matrix34
		-1 	 0 	 0
		0 	 -1 	 0
		0 	 0 	 1
		-10.653 	 -0.1443 	 -35.017
	}
}
{volume "vol_01"
	{box 57.2835 8.14947 20.3148}
	{bone "hs_ua_06"}
	{matrix34
		-1 	 0 	 0
		0 	 -1 	 0
		0 	 0 	 1
		28.657 	 -22.9696 	 8.6872
	}
}
{volume "vol_02"
	{box 57.2835 1.62989 13.2777}
	{bone "hs_ua_06"}
	{matrix34
		0 	 1 	 0
		-1 	 0 	 0
		0 	 0 	 1
		-0.1702 	 0.3298 	 5.1687
	}
}
{volume "vol_03"
	{box 26.3504 1.62989 5.97499}
	{bone "hs_ua_06"}
	{matrix34
		0 	 1 	 0
		-1 	 0 	 0
		0 	 0 	 1
		-0.1702 	 -12.9783 	 14.6751
	}
}
{volume "vol_04"
	{box 4.90158 4.78346 24.2089}
	{bone "hs_ua_06"}
	{matrix34
		-1 	 0 	 0
		0 	 -1 	 0
		0 	 0 	 1
		-1.0212 	 -28.4448 	 10.6343
	}
}
{volume "vol_05"
	{box 4.90158 4.78346 14.351}
	{bone "hs_ua_06"}
	{matrix34
		-1 	 0 	 0
		0 	 -1 	 0
		0 	 0 	 1
		-2.0849 	 30.3684 	 5.7053
	}
}
