;Exported by	: KobaA
;Date			: 18.01.2024 10:34:28
;File			: d:\git\gem2-mdl-soldiers\models\building\house_d\d_006_fort_x.max
{skeleton
	{bone "d006_piece07_x"
		{orientation
			1 	 0 	 0
			0 	 -1 	 0
			0 	 0 	 1
		}
		{bone "piece01"
			{Position -15.2852 	 21.5286 	 11.1539}
			{poly "piece01"}
		}
		{bone "piece02"
			{Position -15.2852 	 21.5286 	 -23.0564}
			{poly "piece02"}
		}
		{bone "piece03"
			{Position -18.5199 	 -26.0214 	 -13.9699}
			{poly "piece03"}
		}
		{bone "piece04"
			{Position -16.9595 	 -25.5236 	 10.4649}
			{poly "piece04"}
		}
		{bone "sub_piece01"
			{Position -24.0607 	 -2.9341 	 -21.4274}
			{poly "sub_piece01"}
		}
		{bone "sub_piece02"
			{Position -23.6989 	 -3.1075 	 17.8532}
			{poly "sub_piece02"}
		}
		{bone "sub_piece03"
			{Position -18.3635 	 19.2117 	 -8.2469}
			{poly "sub_piece03"}
		}
		{bone "sub_piece05"
			{Position -14.5198 	 6.8873 	 28.8427}
			{poly "sub_piece05"}
		}
		{bone "sub_piece06"
			{Position 0.9721 	 -3.863 	 32.186}
			{poly "sub_piece06"}
		}
		{bone "sub_piece04"
			{matrix34
				0.8454 	 -0.5342 	 0
				0.5342 	 0.8454 	 0
				0 	 0 	 1
				-0.2504 	 23.7217 	 28.8427
			}
			{poly "sub_piece04"}
		}
	}
}
{"volumes"
	{"piece01"
		{box 5.90551 23.2146 15.7312}
		{bone "piece01"}
		{matrix34
			0.8285 	 -0.56 	 0
			0.56 	 0.8285 	 0
			0 	 0 	 1
			-0.1646 	 2.3088 	 0.1916
		}
	}
	{"piece02"
		{box 5.90551 23.2146 15.7312}
		{bone "piece02"}
		{matrix34
			0.853 	 -0.5219 	 0
			0.5219 	 0.853 	 0
			0 	 0 	 1
			-0.0649 	 2.0874 	 -1.9431
		}
	}
	{"piece03"
		{box 5.90551 20.9824 13.8498}
		{bone "piece03"}
		{matrix34
			0.9232 	 0.3844 	 0
			-0.3844 	 0.9232 	 0
			0 	 0 	 1
			-1.302 	 1.0274 	 0.359
		}
	}
	{"piece04"
		{box 5.90551 23.2146 15.7312}
		{bone "piece04"}
		{matrix34
			0.9063 	 0.4226 	 0
			-0.4226 	 0.9063 	 0
			0 	 0 	 1
			-0.7706 	 -0.8329 	 0.0137
		}
	}
	{"sub_piece01"
		{box 5.90551 14.8812 10.7015}
		{bone "sub_piece01"}
		{matrix34
			0.9986 	 -0.053 	 0
			0.053 	 0.9986 	 0
			0 	 0 	 1
			-0.2709 	 -0.4289 	 2.2092
		}
	}
	{"sub_piece02"
		{box 5.90551 14.8812 10.7015}
		{bone "sub_piece02"}
		{matrix34
			0.992 	 -0.1264 	 0
			0.1264 	 0.992 	 0
			0 	 0 	 1
			-0.0189 	 0.4376 	 -0.585
		}
	}
	{"sub_piece03"
		{box 5.90551 14.8812 16.7831}
		{bone "sub_piece03"}
		{matrix34
			-0.8948 	 0.4464 	 0
			-0.4464 	 -0.8948 	 0
			0 	 0 	 1
			0.3824 	 0.2759 	 -0.307
		}
	}
	{"sub_piece04"
		{box 9.23228 11.811 1.1811}
		{bone "sub_piece04"}
		{matrix34
			0.9512 	 -0.2648 	 0.1582
			0.2682 	 0.9634 	 0
			-0.1524 	 0.0424 	 0.9874
			-1.5564 	 0.4459 	 -0.3254
		}
	}
	{"sub_piece05"
		{box 13.7795 11.811 1.1811}
		{bone "sub_piece05"}
		{matrix34
			0.9251 	 -0.2575 	 -0.2792
			0.2682 	 0.9634 	 0
			0.269 	 -0.0749 	 0.9602
			-0.2364 	 0.0784 	 -0.1632
		}
	}
	{"sub_piece06"
		{box 2.53568 1.93897 55.6202}
		{bone "sub_piece06"}
		{matrix34
			0.3039 	 0 	 -0.9527
			0 	 1 	 0
			0.9527 	 0 	 0.3039
			0.6528 	 0 	 0.1061
		}
	}
}
