;Exported by	: joomb
;Date			: 13.04.2023 15:01:33
;File			: H:\git\gem2-mdl-soldiers\models\building\building_ua01\building_ua04_2v.max
{skeleton
	{bone "b_ua_04_piece06"
		{orientation
			1 	 0 	 0
			0 	 -1 	 0
			0 	 0 	 1
		}
		{poly "b_ua_04_piece06"}
		{bone "fort_wall"
			{matrix34
				0 	 -1 	 0
				1 	 0 	 0
				0 	 0 	 1
				17.6198 	 2.484 	 -18.6261
			}
		}
		{bone "fort_window"
			{matrix34
				-1 	 0 	 0
				0 	 -1 	 0
				0 	 0 	 1
				16.1976 	 -15.7532 	 1.0663
			}
		}
		{bone "window"
			{Position 10.8573 	 -15.7406 	 0.4141}
			{poly "window"}
		}
		{bone revolute "attach1"
			{matrix34
				1 	 0 	 0
				0 	 1 	 0
				0 	 0 	 1
				-4.6382 	 -17.1683 	 -20.5946
			}
		}
		{bone "window_x"
			{Position 10.8573 	 -15.7406 	 0.4141}
			{poly "window_x"}
		}
	}
}
{"volumes"
	{"body01"
		{box 9.84252 64.1422 45.9576}
		{bone "b_ua_04_piece06"}
		{matrix34
			-1 	 0 	 0
			0 	 -1 	 0
			0 	 0 	 1
			11.1111 	 -4.5726 	 2.3837
		}
	}
	{"body02"
		{box 9.84252 17.1746 45.9576}
		{bone "b_ua_04_piece06"}
		{matrix34
			0 	 -1 	 0
			1 	 0 	 0
			0 	 0 	 1
			3.0211 	 27.6945 	 2.3837
		}
	}
	{"body03"
		{box 6.20675 13.6306 29.8725}
		{bone "b_ua_04_piece06"}
		{matrix34
			0 	 -1 	 0
			1 	 0 	 0
			0 	 0 	 1
			-13.1972 	 25.711 	 11.4828
		}
	}
	{"hole"
		{box 16.8959 12.3622 18.7202}
		{bone "b_ua_04_piece06"}
		{matrix34
			0 	 1 	 0
			-1 	 0 	 0
			0 	 0 	 1
			12.6179 	 -15.721 	 0.4563
		}
	}
	{"roof01"
		{box 40.5103 1.9685 16.5761}
		{bone "b_ua_04_piece06"}
		{matrix34
			0 	 1 	 0
			-0.9063 	 0 	 -0.4226
			-0.4226 	 0 	 0.9063
			21.4474 	 -15.084 	 30.3829
		}
	}
	{"roof02"
		{polyhedron}
		{bone "b_ua_04_piece06"}
		{matrix34
			0 	 1 	 0
			-0.9063 	 0 	 -0.4226
			-0.4226 	 0 	 0.9063
			23.0967 	 17.5801 	 22.8713
		}
	}
	{"roof03"
		{box 39.8986 1.9685 10.443}
		{bone "b_ua_04_piece06"}
		{matrix34
			-1 	 0 	 0
			0 	 -0.9063 	 -0.4226
			0 	 -0.4226 	 0.9063
			-1.9122 	 38.5184 	 27.6036
		}
	}
	{"window"
		{box 16.8959 5.31575 18.7202}
		{bone "window"}
		{matrix34
			0 	 1 	 0
			-1 	 0 	 0
			0 	 0 	 1
			-2.2718 	 0.0197 	 0.0422
		}
	}
}
