;Exported by:	 Oleksandr Tsaprylov
;Date:			 17.11.2022 21:16:36
;File:			 E:\projects\gem2-mdl-soldiers\models\entourage\barrack\barrack_final.max
{skeleton
	{bone "barrack_5_r_piece"
		{orientation
			1 	 0 	 0
			0 	 -1 	 0
			0 	 0 	 1
		}
		{poly "barrack_5_r_piece"}
		{bone "ground1"
			{parameters "land;ground;"}
			{matrix34
				-1 	 0 	 0
				0 	 -1 	 0
				0 	 0 	 1
				0.2384 	 -39.3628 	 0
			}
			{visibility 0}
			{poly "ground1" {ground}}
		}
		{bone "window1"
			{matrix34
				0 	 0 	 1
				0 	 -1 	 0
				1 	 0 	 0
				32.5794 	 -4.0914 	 35.661
			}
			{poly "window1"}
		}
		{bone "window1_x"
			{matrix34
				0 	 0 	 1
				0 	 -1 	 0
				1 	 0 	 0
				32.5794 	 -4.0914 	 35.661
			}
			{poly "window1_x"}
		}
		{bone "ground2"
			{parameters "land;ground;"}
			{Position 132.315 	 57.9529 	 0}
			{visibility 0}
			{poly "ground2" {ground}}
		}
	}
}
{obstacle "obstacle01"
	{obb2
		{center 32.6158 -7.25724}
		{extent 1.79279 41.6204}
		{axis 1 -2.65976e-07}
	}
	{rotate}
}
{obstacle "obstacle02"
	{obb2
		{center -3.53297 -45.3536}
		{extent 5.74568 38.8201}
		{axis 0 1}
	}
	{rotate}
}
{obstacle "obstacle03"
	{obb2
		{center 36.2981 -21.9304}
		{extent 3.5386 5.40764}
		{axis 1 0}
	}
	{rotate}
}
{volume "body01"
	{box 69.2916 1.17741 27.6891}
	{bone "barrack_5_r_piece"}
	{matrix34
		-1 	 0 	 0
		0 	 -0.1718 	 -0.9851
		0 	 -0.9851 	 0.1718
		1.5864 	 -25.5162 	 85.2558
	}
}
{volume "body02"
	{box 69.2916 1.17741 27.6891}
	{bone "barrack_5_r_piece"}
	{matrix34
		-1 	 0 	 0
		0 	 -0.456 	 -0.89
		0 	 -0.89 	 0.456
		1.5864 	 0.2307 	 76.6741
	}
}
{volume "body03"
	{box 69.2916 1.17741 27.6891}
	{bone "barrack_5_r_piece"}
	{matrix34
		-1 	 0 	 0
		0 	 -0.7113 	 -0.7029
		0 	 -0.7029 	 0.7113
		1.5864 	 22.0844 	 60.7157
	}
}
{volume "body04"
	{box 69.2916 1.17741 27.6891}
	{bone "barrack_5_r_piece"}
	{matrix34
		-1 	 0 	 0
		0 	 -0.8934 	 -0.4493
		0 	 -0.4493 	 0.8934
		1.5864 	 37.8904 	 38.7912
	}
}
{volume "body05"
	{box 69.2916 1.17741 27.6891}
	{bone "barrack_5_r_piece"}
	{matrix34
		-1 	 0 	 0
		0 	 -0.99 	 -0.1408
		0 	 -0.1408 	 0.99
		1.5864 	 45.9187 	 13.7067
	}
}
{volume "body06"
	{polyhedron}
	{bone "barrack_5_r_piece"}
	{matrix34
		0 	 0 	 1
		0 	 -1 	 0
		1 	 0 	 0
		31.5555 	 -39.3701 	 0
	}
}
{volume "body07"
	{polyhedron}
	{bone "barrack_5_r_piece"}
	{matrix34
		0 	 0 	 1
		0 	 -1 	 0
		1 	 0 	 0
		31.5555 	 -39.3701 	 0
	}
}
{volume "body08"
	{box 1.9336 18.4883 49.155}
	{bone "barrack_5_r_piece"}
	{matrix34
		-1 	 0 	 0
		0 	 -1 	 0
		0 	 0 	 1
		32.4915 	 -24.6728 	 24.4624
	}
}
{volume "body09"
	{box 1.9336 25.9763 5.22}
	{bone "barrack_5_r_piece"}
	{matrix34
		-1 	 0 	 0
		0 	 -1 	 0
		0 	 0 	 1
		32.4915 	 -5.1338 	 46.6513
	}
}
{volume "body10"
	{box 6.54312 10.2528 19.2324}
	{bone "barrack_5_r_piece"}
	{matrix34
		-1 	 0 	 0
		0 	 -1 	 0
		0 	 0 	 1
		36.2981 	 21.9304 	 28.2573
	}
}
{volume "body12"
	{polyhedron}
	{bone "barrack_5_r_piece"}
	{matrix34
		0 	 0 	 1
		0 	 -1 	 0
		1 	 0 	 0
		31.5555 	 -39.3701 	 0
	}
}
{volume "body13"
	{box 64.0032 83.6809 6.16}
	{bone "barrack_5_r_piece"}
	{Position 0.1725 	 5.6017 	 3.08}
}
{volume "window1"
	{box 3.40283 22.3412 16.9933}
	{bone "window1"}
	{matrix34
		0 	 0 	 -1
		0 	 1 	 0
		1 	 0 	 0
		-0.0131 	 0 	 0
	}
}
