;Exported by	: KobaA
;Date			: 18.01.2024 15:19:36
;File			: d:\git\gem2-mdl-soldiers\models\building\house_d\d_002_x_fort.max
{skeleton
	{bone "d002_piece17_point"
		{orientation
			1 	 0 	 0
			0 	 -1 	 0
			0 	 0 	 1
		}
		{bone "piece01"
			{Position 43.1761 	 -41.0176 	 -7.2565}
			{poly "piece01"}
		}
		{bone "piece02"
			{Position -60.6093 	 -10.1983 	 5.9262}
			{poly "piece02"}
		}
		{bone "piece03"
			{matrix34
				0 	 0 	 1
				0 	 -1 	 0
				-1 	 0 	 0
				-12.5221 	 21.4657 	 6.0957
			}
			{poly "piece03"}
		}
		{bone "sub_piece01"
			{Position 100.749 	 -31.7734 	 -2.8447}
			{poly "sub_piece01"}
		}
		{bone "sub_piece02"
			{Position 25.6806 	 -7.0346 	 6.4492}
			{poly "sub_piece02"}
		}
		{bone "sub_piece03"
			{matrix34
				0 	 0 	 1
				0 	 -1 	 0
				-1 	 0 	 0
				-85.941 	 18.5308 	 8.5747
			}
			{poly "sub_piece03"}
		}
		{bone "sub_piece04"
			{matrix34
				0 	 0 	 1
				0 	 -1 	 0
				-1 	 0 	 0
				62.5687 	 18.5308 	 7.1804
			}
			{poly "sub_piece04"}
		}
		{bone "sub_piece05"
			{matrix34
				0 	 0.7071 	 0.7071
				0 	 0.7071 	 -0.7071
				-1 	 0 	 0
				39.1751 	 5.0123 	 8.8531
			}
			{poly "sub_piece05"}
		}
	}
}
{"volumes"
	{"piece01"
		{box 34.2871 33.7022 0.984252}
		{bone "piece01"}
		{matrix34
			1 	 0 	 0
			0 	 0.9266 	 0.3761
			0 	 -0.3761 	 0.9266
			0 	 -0.1851 	 0.456
		}
	}
	{"piece02"
		{box 34.2871 16.1771 0.984252}
		{bone "piece02"}
		{matrix34
			1 	 0 	 0
			0 	 0.9266 	 0.3761
			0 	 -0.3761 	 0.9266
			-0.4238 	 -5.6803 	 -2.015
		}
	}
	{"piece03"
		{box 30.8893 18.4688 0.660244}
		{bone "piece03"}
		{matrix34
			0 	 0 	 1
			0.2903 	 0.9569 	 0
			-0.9569 	 0.2903 	 0
			1.9217 	 7.612 	 0.4837
		}
	}
	{"sub_piece01"
		{box 26.0582 24.2656 0.984252}
		{bone "sub_piece01"}
		{matrix34
			1 	 0 	 0
			0 	 0.9266 	 0.3761
			0 	 -0.3761 	 0.9266
			0 	 -0.1851 	 0.456
		}
	}
	{"sub_piece02"
		{box 25.0296 24.2656 0.984252}
		{bone "sub_piece02"}
		{matrix34
			1 	 0 	 0
			0 	 0.9266 	 0.3761
			0 	 -0.3761 	 0.9266
			-0.7217 	 -0.035 	 0.5075
		}
	}
	{"sub_piece03"
		{box 20.9429 19.9382 0.984252}
		{bone "sub_piece03"}
		{matrix34
			0 	 0 	 1
			0.2903 	 0.9569 	 0
			-0.9569 	 0.2903 	 0
			-0.4941 	 -2.1046 	 -9.2952
		}
	}
	{"sub_piece04"
		{box 23.9452 26.8758 0.660244}
		{bone "sub_piece04"}
		{matrix34
			0 	 0 	 1
			0.2903 	 0.9569 	 0
			-0.9569 	 0.2903 	 0
			-0.3159 	 0.0959 	 -1.2593
		}
	}
	{"sub_piece05"
		{box 96.1418 4.62275 4.49785}
		{bone "sub_piece05"}
		{matrix34
			0 	 0 	 -1
			0.7071 	 0.7071 	 0
			0.7071 	 -0.7071 	 0
			0.6296 	 -0.6296 	 31.4496
		}
	}
}
