;Exported by	: Oleksandr Tsaprylov
;Date			: 03.02.2023 16:23:58
;File			: E:\projects\gem2-mdl-soldiers\models\entourage\shed_wood_destroyed\shed_wood_destroyed.max
{skeleton
	{bone "shed_wood_destroyed_piece_006"
		{orientation
			1 	 0 	 0
			0 	 -1 	 0
			0 	 0 	 1
		}
		{poly "shed_wood_destroyed_piece_006"}
		{bone "fix4"
			{Position 14.4266 	 100.821 	 66.3295}
		}
		{bone "fix3"
			{Position 9.8942 	 -89.0725 	 66.3295}
		}
	}
}
{"volumes"
	{"body01"
		{box 2.3622 2.98768 51.6776}
		{bone "shed_wood_destroyed_piece_006"}
		{matrix34
			1 	 0 	 0
			0 	 0.5736 	 0.8192
			0 	 -0.8192 	 0.5736
			44.8488 	 26.4581 	 121.142
		}
	}
	{"body02"
		{box 2.3622 2.98768 53.9607}
		{bone "shed_wood_destroyed_piece_006"}
		{matrix34
			1 	 0 	 0
			0 	 0.5736 	 0.8192
			0 	 -0.8192 	 0.5736
			-37.5335 	 27.1086 	 120.633
		}
	}
	{"body03"
		{box 2.3622 2.98768 66.3103}
		{bone "shed_wood_destroyed_piece_006"}
		{matrix34
			-1 	 0 	 0
			0 	 -0.5736 	 0.8192
			0 	 0.8192 	 0.5736
			10.6296 	 -22.6857 	 116.093
		}
	}
	{"body04"
		{box 2.3622 2.98768 50.6441}
		{bone "shed_wood_destroyed_piece_006"}
		{matrix34
			-1 	 0 	 0
			0 	 -0.5736 	 0.8192
			0 	 0.8192 	 0.5736
			44.8339 	 -16.1354 	 120.802
		}
	}
	{"body05"
		{box 1.58472 14.6714 82.9273}
		{bone "shed_wood_destroyed_piece_006"}
		{matrix34
			0 	 -0.5736 	 -0.8192
			0 	 -0.8192 	 0.5736
			-1 	 0 	 0
			3.2609 	 22.2067 	 124.328
		}
	}
	{"body06"
		{box 1.58472 71.6398 73.2955}
		{bone "shed_wood_destroyed_piece_006"}
		{matrix34
			0 	 0.5736 	 -0.8192
			0 	 0.8192 	 0.5736
			1 	 0 	 0
			8.1405 	 -25.4721 	 116.401
		}
	}
}
