;Exported by	: KobaA
;Date			: 29.05.2024 11:45:40
;File			: d:\git\gem2-mdl-soldiers\models\entourage\railway\conveyor belt\conveyor_belt.max
{skeleton
	{bone "basis_x"
		{orientation
			1 	 0 	 0
			0 	 -1 	 0
			0 	 0 	 1
		}
		{bone "concrete"
			{Position -1.5522 	 0.5731 	 -3.6313}
			{poly "concrete"}
		}
		{bone "piece01"
			{Position -1.6957 	 -27.6551 	 83.3713}
			{poly "piece01"}
		}
		{bone "sub_piece01"
			{Position 15.0925 	 41.7276 	 59.5162}
			{poly "sub_piece01"}
		}
		{bone "sub_piece05"
			{matrix34
				0.9848 	 -0.1736 	 0
				0.1736 	 0.9848 	 0
				0 	 0 	 1
				6.952 	 49.0094 	 39.2257
			}
			{poly "sub_piece05"}
		}
		{bone "piece02"
			{Position -1.5569 	 63.1589 	 61.9311}
			{poly "piece02"}
		}
		{bone "sub_piece04"
			{matrix34
				0.9659 	 -0.2588 	 0
				0.2588 	 0.9659 	 0
				0 	 0 	 1
				-0.2706 	 -47.5439 	 39.5037
			}
			{poly "sub_piece04"}
		}
		{bone "fx_dust2"
			{Position -1.559 	 9.0318 	 69.1846}
		}
		{bone "fx_metall1"
			{Position -1.559 	 38.1475 	 64.2746}
		}
		{bone "fx_metall2"
			{Position -1.559 	 -24.4955 	 85.895}
		}
		{bone "fx_dust1"
			{Position -1.559 	 -50.2904 	 95.5352}
		}
	}
}
{"volumes"
	{"piece01"
		{box 27.3419 48.9339 13.7758}
		{bone "piece01"}
		{matrix34
			1 	 0 	 0
			0 	 0.9063 	 -0.4226
			0 	 0.4226 	 0.9063
			0 	 0.5364 	 3.1256
		}
	}
	{"piece02"
		{box 27.3419 64.1034 13.7758}
		{bone "piece02"}
		{matrix34
			1 	 0 	 0
			0 	 0.9848 	 -0.1736
			0 	 0.1736 	 0.9848
			-0.1388 	 -2.5646 	 -1.0707
		}
	}
	{"sub_piece01"
		{box 5.28193 8.41307 12.4586}
		{bone "sub_piece01"}
		{Position 0.006 	 -0.008 	 -1.8857}
	}
	{"sub_piece04"
		{box 24.2479 1.80698 34.3931}
		{bone "sub_piece04"}
		{matrix34
			0.9659 	 0.2588 	 0
			-0.2588 	 0.9659 	 0
			0 	 0 	 1
			0.1692 	 0.0448 	 -0.7819
		}
	}
	{"sub_piece05"
		{box 7.44753 1.80698 32.1431}
		{bone "sub_piece05"}
		{matrix34
			0.9848 	 0.1736 	 0
			-0.1736 	 0.9848 	 0
			0 	 0 	 1
			1.4328 	 0.2578 	 0.0198
		}
	}
}
