;Exported by	: KobaA
;Date			: 12.01.2024 13:48:19
;File			: d:\git\gem2-mdl-soldiers\models\building\house_001b_g2\house_001b_g2_x.max
{skeleton
	{bone "house_001b_piece_007_x"
		{orientation
			1 	 0 	 0
			0 	 -1 	 0
			0 	 0 	 1
		}
		{bone "sub_piece01"
			{Position -2.7776 	 -19.6851 	 21.3981}
			{poly "sub_piece01"}
		}
		{bone "piece01"
			{Position -7.0011 	 -19.6851 	 35.3993}
			{poly "piece01"}
		}
		{bone "sub_piece03"
			{Position 21.4311 	 -16.7323 	 42.4345}
			{poly "sub_piece03"}
		}
		{bone "piece00"
			{Position 11.0395 	 -19.6851 	 30.8618}
			{poly "piece00"}
		}
		{bone "sub_piece00"
			{Position 13.6864 	 -19.6851 	 39.3774}
			{poly "sub_piece00"}
		}
		{bone "wall_007"
			{Position 3.8759 	 -19.6851 	 4.5725}
			{poly "wall_007"}
		}
	}
}
{"volumes"
	{"piece00_volume001"
		{box 11.811 14.5102 13.4204}
		{bone "piece00"}
		{matrix34
			0 	 -1 	 0
			0.887 	 0 	 -0.4617
			0.4617 	 0 	 0.887
			-1.3746 	 0.1529 	 -3.455
		}
	}
	{"piece01_volume001"
		{box 11.811 14.5102 11.0748}
		{bone "piece01"}
		{matrix34
			0 	 -1 	 0
			0.9239 	 0 	 0.3827
			-0.3827 	 0 	 0.9239
			1.1924 	 -0.0915 	 0.5809
		}
	}
	{"sub_piece00_volume001"
		{box 5.90551 14.5102 18.7708}
		{bone "sub_piece00"}
		{matrix34
			0 	 -1 	 0
			-0.6428 	 0 	 -0.766
			0.766 	 0 	 -0.6428
			0.207 	 2.8962 	 -0.8943
		}
	}
	{"sub_piece01_volume001"
		{box 11.811 14.5102 16.1692}
		{bone "sub_piece01"}
		{matrix34
			0 	 -1 	 0
			0.8192 	 0 	 0.5736
			-0.5736 	 0 	 0.8192
			0.3416 	 -0.1444 	 -0.1961
		}
	}
	{"sub_piece03_volume001"
		{box 5.90551 12.1935 4.51439}
		{bone "sub_piece03"}
		{matrix34
			0 	 -1 	 0
			0.3827 	 0 	 -0.9239
			0.9239 	 0 	 0.3827
			1.1459 	 -0.0566 	 0.9198
		}
	}
	{"vol_019"
		{box 5.90551 11.3124 30.3779}
		{bone "wall_007"}
		{matrix34
			0 	 -1 	 0
			1 	 0 	 0
			0 	 0 	 1
			-11.4603 	 2.9478 	 -1.1391
		}
	}
	{"vol_020"
		{box 5.90551 32.0141 27.7071}
		{bone "wall_007"}
		{matrix34
			0 	 -1 	 0
			1 	 0 	 0
			0 	 0 	 1
			9.6411 	 2.9478 	 -2.4745
		}
	}
	{"vol_021"
		{box 5.90551 19.76 26.0447}
		{bone "wall_007"}
		{matrix34
			0 	 -1 	 0
			1 	 0 	 0
			0 	 0 	 1
			-3.8766 	 -2.9622 	 -3.3058
		}
	}
}
