;Exported by:	 tolokolnikova
;Date:			 13.12.2017 19:51:19
;File:			 D:\gem2\gem2-mdl-soldiers\models\building\building_ua01\building_ua01_2v_x.max
{skeleton
	{bone "b_ua_01_piece08_point"
		{orientation
			1 	 0 	 0
			0 	 -1 	 0
			0 	 0 	 1
		}
		{bone "sub_piece01"
			{matrix34
				-1 	 0 	 0
				0 	 0.766 	 0.6428
				0 	 -0.6428 	 0.766
				28.3364 	 44.7858 	 -11.7439
			}
			{poly "sub_piece01"}
		}
		{bone "sub_piece02"
			{matrix34
				-0.7668 	 -0.6404 	 -0.044
				-0.4818 	 0.529 	 0.6985
				0.4241 	 -0.5568 	 0.7142
				-16.7615 	 40.3179 	 -13.8447
			}
			{poly "sub_piece02"}
		}
		{bone "sub_piece03"
			{matrix34
				0 	 -1 	 0
				-0.766 	 0 	 0.6428
				0.6428 	 0 	 0.766
				-24.5994 	 -2.9766 	 -8.2813
			}
			{poly "sub_piece03"}
		}
		{bone "sub_piece04"
			{matrix34
				1 	 0 	 0
				0 	 -0.766 	 0.6428
				0 	 0.6428 	 0.766
				-0.3737 	 -52.4415 	 -21.3756
			}
			{poly "sub_piece04"}
		}
		{bone "sub_piece05"
			{matrix34
				1 	 0 	 0
				0 	 -0.766 	 0.6428
				0 	 0.6428 	 0.766
				34.0613 	 -33.5305 	 1.1616
			}
			{poly "sub_piece05"}
		}
		{bone "sub_piece06"
			{matrix34
				-0.825 	 0.5646 	 -0.0228
				-0.3846 	 -0.5315 	 0.7547
				0.414 	 0.6315 	 0.6556
				-12.9269 	 -35.9952 	 -8.7162
			}
			{poly "sub_piece06"}
		}
	}
}
{volume "sub_piece01"
	{box 8.30309 3.93701 42.9236}
	{bone "sub_piece01"}
	{matrix34
		1 	 0 	 0
		0 	 -1 	 0
		0 	 0 	 1
		1.3042 	 0.4136 	 1.9038
	}
}
{volume "sub_piece02"
	{box 8.30309 3.93701 39.4897}
	{bone "sub_piece02"}
	{matrix34
		1 	 0 	 0
		0 	 -1 	 0
		0 	 0 	 1
		0.1119 	 0.4406 	 0.1868
	}
}
{volume "sub_piece03"
	{box 8.30309 3.93701 33.4804}
	{bone "sub_piece03"}
	{matrix34
		1 	 0 	 0
		0 	 -1 	 0
		0 	 0 	 1
		1.3042 	 0.4136 	 1.7668
	}
}
{volume "sub_piece04"
	{box 8.30309 3.93701 42.9236}
	{bone "sub_piece04"}
	{matrix34
		1 	 0 	 0
		0 	 -1 	 0
		0 	 0 	 1
		1.3042 	 0.4136 	 -1.8895
	}
}
{volume "sub_piece05"
	{box 8.30309 3.93701 42.9236}
	{bone "sub_piece05"}
	{matrix34
		1 	 0 	 0
		0 	 -1 	 0
		0 	 0 	 1
		-0.8922 	 0.4136 	 -1.8895
	}
}
{volume "sub_piece06"
	{box 3.93701 3.93701 32.1927}
	{bone "sub_piece06"}
	{matrix34
		1 	 0 	 0
		0 	 -0.9998 	 -0.0176
		0 	 0.0176 	 -0.9998
		0 	 1.0927 	 3.692
	}
}
