;Exported by:	 Oleksandr Tsaprylov
;Date:			 19.07.2022 18:19:10
;File:			 E:\projects\gem2-mdl-soldiers\models\entourage\bridge_wood\bridge_wood_02.max
{skeleton
	{bone "bridge_wood_05_piece_006"
		{orientation
			1 	 0 	 0
			0 	 -1 	 0
			0 	 0 	 1
		}
		{poly "bridge_wood_05_piece_006"}
		{bone "fix1"
			{Position 72.9805 	 -33.5187 	 -15.4328}
		}
	}
}
{volume "body01"
	{box 4.2519 4.14406 25.115}
	{bone "bridge_wood_05_piece_006"}
	{Position 2.6717 	 33.7124 	 -1.2683}
}
{volume "body02"
	{box 2.84877 65.0829 2.0092}
	{bone "bridge_wood_05_piece_006"}
	{matrix34
		1 	 0 	 0
		0 	 0.9991 	 -0.0423
		0 	 0.0423 	 0.9991
		2.6717 	 0.0833 	 10.2949
	}
}
{volume "body03"
	{box 2.18504 2.07203 15.8224}
	{bone "bridge_wood_05_piece_006"}
	{matrix34
		1 	 0 	 0
		0 	 0.9999 	 -0.0102
		0 	 0.0102 	 0.9999
		2.7509 	 0.3341 	 1.8244
	}
}
{volume "body04"
	{box 4.2519 4.14406 25.115}
	{bone "bridge_wood_05_piece_006"}
	{Position 2.6717 	 -33.5895 	 1.3579}
}
{volume "body05"
	{box 2.84877 20.7759 2.0092}
	{bone "bridge_wood_05_piece_006"}
	{matrix34
		1 	 0 	 0
		0 	 0.9946 	 -0.1038
		0 	 0.1038 	 0.9946
		2.7093 	 45.1225 	 7.4779
	}
}
{volume "body06"
	{box 2.84877 19.34 2.0092}
	{bone "bridge_wood_05_piece_006"}
	{matrix34
		1 	 0 	 0
		0 	 0.999 	 0.0451
		0 	 -0.0451 	 0.999
		2.6717 	 -45.1864 	 11.3914
	}
}
