;Exported by	: Oleksandr Tsaprylov
;Date			: 03.02.2023 16:23:59
;File			: E:\projects\gem2-mdl-soldiers\models\entourage\shed_wood_destroyed\shed_wood_destroyed.max
{skeleton
	{bone "shed_wood_destroyed_piece_005"
		{orientation
			1 	 0 	 0
			0 	 -1 	 0
			0 	 0 	 1
		}
		{poly "shed_wood_destroyed_piece_005"}
		{bone "fix2"
			{Position -6.8742 	 93.0766 	 66.3295}
		}
		{bone "fix1"
			{Position -11.2282 	 -96.8173 	 66.3295}
		}
	}
}
{"volumes"
	{"body01"
		{box 2.3622 2.98768 52.7112}
		{bone "shed_wood_destroyed_piece_005"}
		{matrix34
			1 	 0 	 0
			0 	 0.5736 	 0.8192
			0 	 -0.8192 	 0.5736
			-7.7587 	 18.5854 	 121.098
		}
	}
	{"body02"
		{box 2.3622 2.98768 59.2982}
		{bone "shed_wood_destroyed_piece_005"}
		{matrix34
			1 	 0 	 0
			0 	 0.5736 	 0.8192
			0 	 -0.8192 	 0.5736
			-41.8708 	 21.8595 	 118.868
		}
	}
	{"body03"
		{box 2.3622 2.98768 55.0766}
		{bone "shed_wood_destroyed_piece_005"}
		{matrix34
			-1 	 0 	 0
			0 	 -0.5736 	 0.8192
			0 	 0.8192 	 0.5736
			-41.8709 	 -24.0397 	 120.203
		}
	}
	{"body04"
		{box 2.3622 2.98768 52.1656}
		{bone "shed_wood_destroyed_piece_005"}
		{matrix34
			-1 	 0 	 0
			0 	 -0.5736 	 0.8192
			0 	 0.8192 	 0.5736
			40.7445 	 -23.9852 	 120.606
		}
	}
	{"body05"
		{box 1.58472 53.0994 82.2473}
		{bone "shed_wood_destroyed_piece_005"}
		{matrix34
			0 	 -0.5736 	 -0.8192
			0 	 -0.8192 	 0.5736
			-1 	 0 	 0
			-0.3087 	 20.6222 	 122.064
		}
	}
	{"body06"
		{box 1.58472 71.6398 92.117}
		{bone "shed_wood_destroyed_piece_005"}
		{matrix34
			0 	 0.5736 	 -0.8192
			0 	 0.8192 	 0.5736
			1 	 0 	 0
			4.3691 	 -33.2169 	 116.401
		}
	}
}
