;Exported by	: KobaA
;Date			: 15.01.2024 15:26:45
;File			: d:\git\gem2-mdl-soldiers\models\building\house_60\house_60_fort_x.max
{skeleton
	{bone "house_60_piece_008_point"
		{orientation
			1 	 0 	 0
			0 	 -1 	 0
			0 	 0 	 1
		}
		{bone "piece05"
			{matrix34
				0 	 -1 	 0
				1 	 0 	 0
				0 	 0 	 1
				-28.3536 	 -15.8468 	 0.3829
			}
			{poly "piece05"}
		}
		{bone "piece02"
			{matrix34
				0 	 -1 	 0
				1 	 0 	 0
				0 	 0 	 1
				-28.3988 	 24.3553 	 17.846
			}
			{poly "piece02"}
		}
		{bone "piece01"
			{matrix34
				0 	 -1 	 0
				1 	 0 	 0
				0 	 0 	 1
				-28.464 	 -29.8983 	 13.6419
			}
			{poly "piece01"}
		}
		{bone "piece03"
			{matrix34
				0 	 -0.9659 	 0.2588
				1 	 0 	 0
				0 	 0.2588 	 0.9659
				-28.373 	 -7.0808 	 13.2136
			}
			{poly "piece03"}
		}
		{bone "piece04"
			{matrix34
				0 	 -1 	 0
				1 	 0 	 0
				0 	 0 	 1
				-28.465 	 15.132 	 -0.9489
			}
			{poly "piece04"}
		}
		{bone "sub_piece03"
			{matrix34
				0 	 -1 	 0
				1 	 0 	 0
				0 	 0 	 1
				-28.4716 	 32.6544 	 -4.5043
			}
			{poly "sub_piece03"}
		}
		{bone "sub_piece04"
			{matrix34
				0 	 -1 	 0
				1 	 0 	 0
				0 	 0 	 1
				-28.4136 	 -7.9949 	 24.4167
			}
			{poly "sub_piece04"}
		}
		{bone "sub_piece05"
			{matrix34
				0 	 -1 	 0
				1 	 0 	 0
				0 	 0 	 1
				-28.4136 	 -1.2749 	 -1.3697
			}
			{poly "sub_piece05"}
		}
		{bone "sub_piece06"
			{matrix34
				0 	 -1 	 0
				1 	 0 	 0
				0 	 0 	 1
				-28.4716 	 7.9809 	 20.9322
			}
			{poly "sub_piece06"}
		}
		{bone "sub_piece07"
			{matrix34
				0 	 -1 	 0
				1 	 0 	 0
				0 	 0 	 1
				-28.4204 	 -0.0721 	 -12.1799
			}
			{poly "sub_piece07"}
		}
		{bone "sub_piece08"
			{matrix34
				0 	 -1 	 0
				1 	 0 	 0
				0 	 0 	 1
				-28.4163 	 26.1138 	 30.1149
			}
			{poly "sub_piece08"}
		}
		{bone revolute "attach1"
			{matrix34
				-1 	 0 	 0
				0 	 -1 	 0
				0 	 0 	 1
				-16.1094 	 9.7402 	 -32.7345
			}
		}
		{bone "debris_land_001"
			{parameters "land;ground;"}
			{Position -42.3177 	 7.136 	 -28.7975}
			{poly "debris_land_001" {ground}}
		}
		{bone "fort_wall"
			{matrix34
				0 	 1 	 0
				-1 	 0 	 0
				0 	 0 	 1
				-38.3674 	 15.1442 	 -24.8605
			}
		}
		{bone "stones_001"
			{parameters "land;ground;"}
			{Position -42.3044 	 7.136 	 -28.7975}
			{poly "stones_001" {ground}}
		}
		{bone "house_60_piece_008"
			{Position 0 	 0 	 0}
			{poly "house_60_piece_008"}
		}
	}
}
{"volumes"
	{"piece01"
		{box 12.525 5.90551 16.097}
		{bone "piece01"}
		{Position -0.2544 	 0 	 -0.9753}
	}
	{"piece02"
		{box 16.6999 5.90551 13.0415}
		{bone "piece02"}
		{Position -0.355 	 0 	 -0.8205}
	}
	{"piece03"
		{box 14.028 5.90551 9.89406}
		{bone "piece03"}
		{Position 0.5775 	 0 	 0.7699}
	}
	{"piece04"
		{box 18.0933 5.90551 11.0747}
		{bone "piece04"}
		{matrix34
			0.6428 	 0 	 0.766
			0 	 1 	 0
			-0.766 	 0 	 0.6428
			0.1823 	 0 	 0.016
		}
	}
	{"piece05"
		{box 10.7715 5.90551 8.44128}
		{bone "piece05"}
		{Position -0.2564 	 0 	 -0.2288}
	}
	{"sub_piece03"
		{box 6.09795 5.90551 5.57399}
		{bone "sub_piece03"}
		{matrix34
			0.8192 	 0 	 0.5736
			0 	 1 	 0
			-0.5736 	 0 	 0.8192
			-0.317 	 0 	 0.7168
		}
	}
	{"sub_piece04"
		{box 5.13426 5.90551 8.60394}
		{bone "sub_piece04"}
		{matrix34
			0.4226 	 0 	 -0.9063
			0 	 1 	 0
			0.9063 	 0 	 0.4226
			-0.0265 	 0 	 -0.378
		}
	}
	{"sub_piece05"
		{box 5.25948 5.90551 8.07193}
		{bone "sub_piece05"}
		{matrix34
			0.4226 	 0 	 -0.9063
			0 	 1 	 0
			0.9063 	 0 	 0.4226
			0.4486 	 0 	 0.0087
		}
	}
	{"sub_piece06"
		{box 6.09795 5.90551 5.57399}
		{bone "sub_piece06"}
		{matrix34
			0.8192 	 0 	 0.5736
			0 	 1 	 0
			-0.5736 	 0 	 0.8192
			-0.2234 	 0 	 0.7673
		}
	}
	{"sub_piece07"
		{box 5.66238 5.90551 4.5609}
		{bone "sub_piece07"}
		{Position 0.0199 	 0 	 -0.3356}
	}
	{"sub_piece08"
		{box 3.62973 5.90551 4.5635}
		{bone "sub_piece08"}
		{matrix34
			0.5736 	 0 	 -0.8192
			0 	 1 	 0
			0.8192 	 0 	 0.5736
			0.2697 	 0 	 -0.1203
		}
	}
	{"target_vol_1"
		{box 9.84252 11.811 15.6501}
		{bone "house_60_piece_008_point"}
		{matrix34
			-1 	 0 	 0
			0 	 -1 	 0
			0 	 0 	 1
			-25.1258 	 9.7402 	 -8.9442
		}
	}
	{"vol_01"
		{box 38.8753 6.28134 15.339}
		{bone "house_60_piece_008"}
		{matrix34
			0 	 -1 	 0
			1 	 0 	 0
			0 	 0 	 1
			-28.378 	 19.7072 	 -25.065
		}
	}
	{"vol_02"
		{polyhedron}
		{bone "house_60_piece_008"}
		{matrix34
			0 	 -1 	 0
			1 	 0 	 0
			0 	 0 	 1
			-28.378 	 -4.0207 	 -32.7345
		}
	}
	{"vol_03"
		{polyhedron}
		{bone "house_60_piece_008"}
		{matrix34
			0 	 -1 	 0
			1 	 0 	 0
			0 	 0 	 1
			-28.378 	 -31.6974 	 -32.7345
		}
	}
}
