;Exported by	: KobaA
;Date			: 04.03.2024 17:12:29
;File			: d:\git\gem2-mdl-soldiers\models\building\france_mill\france_mill_x.max
{skeleton
	{bone "france_mill_piece02_point"
		{orientation
			1 	 0 	 0
			0 	 -1 	 0
			0 	 0 	 1
		}
		{bone "france_mill_piece02"
			{Position 0 	 0 	 0}
			{poly "france_mill_piece02"}
			{bone "fort_wall"
				{matrix34
					-0.9926 	 0.1215 	 0
					-0.1215 	 -0.9926 	 0
					0 	 0 	 1
					1.8848 	 -31.3101 	 -39.4083
				}
			}
			{bone "attach2"
				{matrix34
					0.0026 	 -1 	 0
					1 	 0.0026 	 0
					0 	 0 	 1
					11.3409 	 -6.9785 	 -42.6079
				}
			}
			{bone "attach7"
				{matrix34
					-0.4203 	 -0.9074 	 0
					0.9074 	 -0.4203 	 0
					0 	 0 	 1
					-10.0219 	 2.0667 	 -42.6079
				}
			}
		}
		{bone "piece01"
			{matrix34
				0.9379 	 0.347 	 0
				-0.347 	 0.9379 	 0
				0 	 0 	 1
				-5.5159 	 -18.115 	 -7.7176
			}
			{poly "piece01"}
		}
		{bone "piece02"
			{matrix34
				0.9379 	 0.347 	 0
				-0.347 	 0.9379 	 0
				0 	 0 	 1
				-0.0429 	 -19.6208 	 19.7806
			}
			{poly "piece02"}
		}
		{bone "piece03"
			{matrix34
				0.9542 	 0.2991 	 0
				-0.2991 	 0.9542 	 0
				0 	 0 	 1
				14.1535 	 -19.9484 	 -15.5302
			}
			{poly "piece03"}
		}
		{bone "piece04"
			{matrix34
				0.9901 	 -0.1403 	 0
				0.1403 	 0.9901 	 0
				0 	 0 	 1
				-29.5391 	 -4.593 	 33.808
			}
			{poly "piece04"}
		}
		{bone "piece05"
			{matrix34
				0.6877 	 0.726 	 0
				-0.726 	 0.6877 	 0
				0 	 0 	 1
				26.108 	 -17.752 	 37.372
			}
			{poly "piece05"}
		}
		{bone "piece06"
			{matrix34
				0.8569 	 0.5155 	 0
				-0.5155 	 0.8569 	 0
				0 	 0 	 1
				26.4237 	 -17.3713 	 17.5721
			}
			{poly "piece06"}
		}
		{bone "sub_piece01"
			{matrix34
				0 	 0.6428 	 -0.766
				-1 	 0 	 0
				0 	 0.766 	 0.6428
				23.0991 	 -5.4876 	 9.7636
			}
			{poly "sub_piece01"}
		}
		{bone "sub_piece02"
			{matrix34
				0 	 0.6428 	 -0.766
				-1 	 0 	 0
				0 	 0.766 	 0.6428
				3.0092 	 -5.942 	 9.7636
			}
			{poly "sub_piece02"}
		}
		{bone "sub_piece03"
			{matrix34
				0 	 0.6428 	 -0.766
				-1 	 0 	 0
				0 	 0.766 	 0.6428
				3.2079 	 15.6985 	 9.7636
			}
			{poly "sub_piece03"}
		}
		{bone "sub_piece04"
			{matrix34
				0.9379 	 0.347 	 0
				-0.347 	 0.9379 	 0
				0 	 0 	 1
				11.5158 	 -20.2639 	 3.4452
			}
			{poly "sub_piece04"}
		}
		{bone "sub_piece05"
			{matrix34
				1 	 0.0097 	 0
				-0.0097 	 1 	 0
				0 	 0 	 1
				-17.5431 	 -14.1199 	 4.1526
			}
			{poly "sub_piece05"}
		}
		{bone "sub_piece06"
			{matrix34
				0.9972 	 0.0744 	 0
				-0.0744 	 0.9972 	 0
				0 	 0 	 1
				-16.7982 	 -14.2661 	 -18.0277
			}
			{poly "sub_piece06"}
		}
		{bone "sub_piece07"
			{matrix34
				0.7957 	 0.6057 	 0
				-0.6057 	 0.7957 	 0
				0 	 0 	 1
				28.1635 	 -17.0854 	 -5.5254
			}
			{poly "sub_piece07"}
		}
		{bone "sub_piece08"
			{matrix34
				0.9554 	 -0.2954 	 0
				0.2954 	 0.9554 	 0
				0 	 0 	 1
				-30.0019 	 -4.9587 	 14.1919
			}
			{poly "sub_piece08"}
		}
		{bone "sub_piece09"
			{matrix34
				0.9629 	 -0.2699 	 0
				0.2699 	 0.9629 	 0
				0 	 0 	 1
				-29.5119 	 -4.298 	 -4.6682
			}
			{poly "sub_piece09"}
		}
		{bone "sub_piece10"
			{matrix34
				0.9867 	 -0.1627 	 0
				0.1627 	 0.9867 	 0
				0 	 0 	 1
				-14.9393 	 -15.0899 	 30.4726
			}
			{poly "sub_piece10"}
		}
		{bone "debris_land_004"
			{parameters "land;ground;"}
			{matrix34
				0.0493 	 0.9988 	 0
				-0.9988 	 0.0493 	 0
				0 	 0 	 1
				1.8848 	 -31.3101 	 -52.3639
			}
			{poly "debris_land_004" {ground}}
		}
		{bone "stones_002"
			{parameters "land;ground;"}
			{matrix34
				0.0493 	 0.9988 	 0
				-0.9988 	 0.0493 	 0
				0 	 0 	 1
				1.8848 	 -31.3101 	 -52.3639
			}
			{poly "stones_002" {ground}}
		}
	}
}
{"volumes"
	{"body01"
		{box 5.90551 27.5591 29.6813}
		{bone "france_mill_piece02"}
		{matrix34
			0.2588 	 -0.9659 	 0
			0.9659 	 0.2588 	 0
			0 	 0 	 1
			22.0789 	 -18.005 	 -40.4871
		}
	}
	{"body03"
		{box 5.90551 33.4646 29.6813}
		{bone "france_mill_piece02"}
		{matrix34
			-0.2588 	 -0.9659 	 0
			0.9659 	 -0.2588 	 0
			0 	 0 	 1
			-4.8458 	 -17.2408 	 -40.487
		}
	}
	{"body05"
		{box 5.90551 27.5591 29.6813}
		{bone "france_mill_piece02"}
		{matrix34
			-0.7071 	 -0.7071 	 0
			0.7071 	 -0.7071 	 0
			0 	 0 	 1
			-28.5454 	 -4.4403 	 -40.487
		}
	}
	{"piece01"
		{box 6.88976 12.0503 12.2019}
		{bone "piece01"}
		{matrix34
			-0.4843 	 -0.8749 	 0
			0.8749 	 -0.4843 	 0
			0 	 0 	 1
			0.6042 	 -0.3344 	 0.74
		}
	}
	{"piece02"
		{box 6.88976 15.0629 10.429}
		{bone "piece02"}
		{matrix34
			-0.4843 	 -0.8749 	 0
			0.8749 	 -0.4843 	 0
			0 	 0 	 1
			0.3506 	 -0.0519 	 -0.4646
		}
	}
	{"piece03"
		{box 6.93383 8.38583 5.63728}
		{bone "piece03"}
		{matrix34
			-0.2252 	 -0.9743 	 0
			0.9743 	 -0.2252 	 0
			0 	 0 	 1
			-0.094 	 -0.2616 	 -0.0767
		}
	}
	{"piece04"
		{box 6.88976 12.0503 12.2019}
		{bone "piece04"}
		{matrix34
			-0.5469 	 -0.8372 	 0
			0.8372 	 -0.5469 	 0
			0 	 0 	 1
			0.4086 	 -0.6749 	 0.74
		}
	}
	{"piece05"
		{box 6.88976 15.0629 10.429}
		{bone "piece05"}
		{matrix34
			-0.4843 	 -0.8749 	 0
			0.8749 	 -0.4843 	 0
			0 	 0 	 1
			0.3506 	 -0.0519 	 -0.4646
		}
	}
	{"piece06"
		{box 6.93383 8.38878 5.63728}
		{bone "piece06"}
		{matrix34
			-0.2252 	 -0.9743 	 0
			0.9743 	 -0.2252 	 0
			0 	 0 	 1
			-0.094 	 -0.2616 	 -0.0767
		}
	}
	{"sub_piece01"
		{box 3.16929 12.3036 4.06136}
		{bone "sub_piece01"}
		{matrix34
			-0.0035 	 -1 	 -0.0042
			0.6428 	 -0.0055 	 0.766
			-0.766 	 0 	 0.6428
			0.2514 	 0 	 -0.211
		}
	}
	{"sub_piece02"
		{box 3.16929 12.3036 4.06136}
		{bone "sub_piece02"}
		{matrix34
			-0.0035 	 -1 	 -0.0042
			0.6428 	 -0.0055 	 0.766
			-0.766 	 0 	 0.6428
			0.2514 	 0 	 -0.211
		}
	}
	{"sub_piece03"
		{box 3.16929 12.3036 4.06136}
		{bone "sub_piece03"}
		{matrix34
			-0.0035 	 -1 	 -0.0042
			0.6428 	 -0.0055 	 0.766
			-0.766 	 0 	 0.6428
			0.2514 	 0 	 -0.211
		}
	}
	{"sub_piece04"
		{box 6.93383 7.29824 5.63728}
		{bone "sub_piece04"}
		{matrix34
			-0.2741 	 -0.9617 	 0
			0.9617 	 -0.2741 	 0
			0 	 0 	 1
			0.4171 	 -0.1189 	 -0.0119
		}
	}
	{"sub_piece05"
		{box 6.93383 8.38543 3.45388}
		{bone "sub_piece05"}
		{matrix34
			-0.461 	 -0.8874 	 0
			0.8874 	 -0.461 	 0
			0 	 0 	 1
			0.0947 	 0.3336 	 0.0126
		}
	}
	{"sub_piece06"
		{box 6.93383 5.11511 5.63728}
		{bone "sub_piece06"}
		{matrix34
			-0.4955 	 -0.8686 	 0
			0.8686 	 -0.4955 	 0
			0 	 0 	 1
			-0.2531 	 -0.4437 	 0.1263
		}
	}
	{"sub_piece07"
		{box 5.90551 5.90551 3.93701}
		{bone "sub_piece07"}
		{matrix34
			-0.2741 	 -0.9617 	 0
			0.9617 	 -0.2741 	 0
			0 	 0 	 1
			0.4171 	 -0.1189 	 -0.8621
		}
	}
	{"sub_piece08"
		{box 6.93383 8.38543 3.45388}
		{bone "sub_piece08"}
		{matrix34
			-0.461 	 -0.8874 	 0
			0.8874 	 -0.461 	 0
			0 	 0 	 1
			0.0947 	 0.3336 	 0.0126
		}
	}
	{"sub_piece09"
		{box 6.93383 5.11511 5.63728}
		{bone "sub_piece09"}
		{matrix34
			-0.4955 	 -0.8686 	 0
			0.8686 	 -0.4955 	 0
			0 	 0 	 1
			-0.2531 	 -0.4437 	 0.1263
		}
	}
	{"sub_piece10"
		{box 6.93383 7.29824 5.63728}
		{bone "sub_piece10"}
		{matrix34
			-0.2741 	 -0.9617 	 0
			0.9617 	 -0.2741 	 0
			0 	 0 	 1
			0.4171 	 -0.1189 	 -0.0119
		}
	}
	{"target08"
		{box 9.84252 9.84252 9.84252}
		{bone "france_mill_piece02"}
		{Position -13.488 	 -1.8374 	 -22.7603}
	}
	{"target09"
		{box 9.84252 9.84252 9.84252}
		{bone "france_mill_piece02"}
		{Position 11.0814 	 -11.4236 	 -22.7603}
	}
}
