;Exported by:	 Цаприлов Олександр
;Date:			 21.08.2020 13:48:34
;File:			 E:\projects\gem2-mdl-soldiers\models\entourage\railway\conveyor belt\conveyor_belt.max
{skeleton
	{bone "basis"
		{orientation
			1 	 0 	 0
			0 	 -1 	 0
			0 	 0 	 1
		}
		{bone "conveyor_belt"
			{Position 0 	 11.2357 	 0}
			{poly "conveyor_belt"}
		}
	}
}
{obstacle "obstacle01"
	{obb2
		{center 11.2874 -48.742}
		{extent 3.65157 3.65157}
		{axis -1 0}
	}
	{rotate}
}
{obstacle "obstacle02"
	{obb2
		{center -14.51 -48.742}
		{extent 3.65157 3.65157}
		{axis -1 0}
	}
	{rotate}
}
{obstacle "obstacle03"
	{obb2
		{center 11.2874 47.7716}
		{extent 3.65157 3.65157}
		{axis -1 0}
	}
	{rotate}
}
{obstacle "obstacle04"
	{obb2
		{center -14.51 47.7716}
		{extent 3.65157 3.65157}
		{axis -1 0}
	}
	{rotate}
}
{volume "body01"
	{box 0.961537 61.864 8.59039}
	{bone "conveyor_belt"}
	{matrix34
		1 	 0 	 0
		0 	 0.9812 	 -0.1928
		0 	 0.1928 	 0.9812
		11.5867 	 25.1524 	 62.4525
	}
}
{volume "body02"
	{box 0.961537 87.8468 8.59039}
	{bone "conveyor_belt"}
	{matrix34
		1 	 0 	 0
		0 	 0.9195 	 -0.3931
		0 	 0.3931 	 0.9195
		11.5867 	 -46.1256 	 86.3913
	}
}
{volume "body03"
	{box 0.961537 61.864 8.59039}
	{bone "conveyor_belt"}
	{matrix34
		1 	 0 	 0
		0 	 0.9812 	 -0.1928
		0 	 0.1928 	 0.9812
		-14.6678 	 25.1524 	 62.4525
	}
}
{volume "body04"
	{box 0.961537 87.8468 8.59039}
	{bone "conveyor_belt"}
	{matrix34
		1 	 0 	 0
		0 	 0.9195 	 -0.3931
		0 	 0.3931 	 0.9195
		-14.6678 	 -46.1256 	 86.3913
	}
}
{volume "body05"
	{box 27.8269 25.143 10.0508}
	{bone "conveyor_belt"}
	{matrix34
		1 	 0 	 0
		0 	 0.9853 	 -0.1707
		0 	 0.1707 	 0.9853
		-1.5498 	 68.2935 	 56.6094
	}
}
{volume "body06"
	{box 25.0442 9.05149 9.14618}
	{bone "conveyor_belt"}
	{matrix34
		1 	 0 	 0
		0 	 0.9853 	 -0.1707
		0 	 0.1707 	 0.9853
		-1.5498 	 -83.3885 	 102.533
	}
}
{volume "body07"
	{box 17.5309 57.5671 1.70863}
	{bone "conveyor_belt"}
	{matrix34
		1 	 0 	 0
		0 	 0.9805 	 -0.1966
		0 	 0.1966 	 0.9805
		-1.5498 	 28.2356 	 70.063
	}
}
{volume "body08"
	{box 17.5309 74.2615 1.70863}
	{bone "conveyor_belt"}
	{matrix34
		1 	 0 	 0
		0 	 0.9148 	 -0.4039
		0 	 0.4039 	 0.9148
		-1.5498 	 -34.6168 	 90.1854
	}
}
{volume "body09"
	{box 1.76371 1.775 44.055}
	{bone "conveyor_belt"}
	{Position 11.193 	 37.7748 	 33.1275}
}
{volume "body10"
	{box 1.76371 1.775 44.055}
	{bone "conveyor_belt"}
	{Position -14.2838 	 37.7748 	 33.1275}
}
{volume "body11"
	{box 1.76371 1.775 75.3346}
	{bone "conveyor_belt"}
	{Position -14.2838 	 -58.8057 	 48.7673}
}
{volume "body12"
	{box 1.76371 1.775 75.3346}
	{bone "conveyor_belt"}
	{Position 11.193 	 -58.8057 	 48.7673}
}
