;Exported by:	 tolokolnikova
;Date:			 13.04.2018 16:52:41
;File:			 D:\gem2\gem2-mdl-soldiers\models\building\building_ua01\building_ua02_v2_x.max
{skeleton
	{bone "b_ua_02_piece07_point"
		{orientation
			1 	 0 	 0
			0 	 -1 	 0
			0 	 0 	 1
		}
		{bone "piece02"
			{matrix34
				-1 	 0 	 0
				0 	 -0.8192 	 0.5736
				0 	 0.5736 	 0.8192
				-5.2438 	 -18.5969 	 4.5463
			}
			{poly "piece02"}
		}
		{bone "piece03"
			{matrix34
				-1 	 0 	 0
				0 	 -0.1736 	 0.9848
				0 	 0.9848 	 0.1736
				-6.7488 	 -4.2185 	 -1.3351
			}
			{poly "piece03"}
		}
		{bone "piece01"
			{matrix34
				0 	 -1 	 0
				1 	 0 	 0
				0 	 0 	 1
				-14.9466 	 -25.5276 	 5.9151
			}
			{poly "piece01"}
		}
		{bone "b_ua_02_piece_007"
			{Position -174.885 	 56.0226 	 -10.4869}
			{poly "b_ua_02_piece_007"}
		}
		{bone "sub_piece02"
			{Position -20.732 	 -1.2724 	 11.7147}
			{poly "sub_piece02"}
		}
		{bone "sub_piece01"
			{matrix34
				0 	 1 	 0
				-1 	 0 	 0
				0 	 0 	 1
				22.18 	 5.4414 	 11.0577
			}
			{poly "sub_piece01"}
		}
		{bone "sub_piece03"
			{matrix34
				-0.8795 	 0.0271 	 -0.4751
				0.3024 	 0.8028 	 -0.5139
				-0.3675 	 0.5957 	 0.7143
				10.3995 	 -14.4429 	 37.5128
			}
			{poly "sub_piece03"}
		}
		{bone "sub_piece04"
			{matrix34
				-0.0066 	 0.7906 	 -0.6122
				-1 	 -0.0086 	 -0.0003
				-0.0055 	 0.6122 	 0.7907
				-17.9009 	 -21.2433 	 27.8207
			}
			{poly "sub_piece04"}
		}
		{bone "stones_001"
			{parameters "commonmesh;land;ground;"}
			{matrix34
				-1 	 0 	 0
				0 	 -1 	 0
				0 	 0 	 1
				2.0587 	 4.9508 	 -31.1871
			}
			{poly "stones_001" {ground}}
		}
		{bone "fort_wall"
			{matrix34
				0 	 -1 	 0
				1 	 0 	 0
				0 	 0 	 1
				-1.8783 	 -3.0574 	 -25.5719
			}
		}
		{bone "debris_land_001"
			{parameters "commonmesh;land;ground;"}
			{matrix34
				-1 	 0 	 0
				0 	 -1 	 0
				0 	 0 	 1
				2.072 	 4.9508 	 -31.1871
			}
			{poly "debris_land_001" {ground}}
		}
		{bone revolute "attach1"
			{Position -24.1363 	 3.9983 	 -29.7941}
		}
	}
}
{volume "piece01"
	{box 6.49606 12.2043 10.1968}
	{bone "piece01"}
	{Position 0 	 -0.3321 	 0.278}
}
{volume "piece02"
	{box 6.49606 19.2828 8.76925}
	{bone "piece02"}
	{matrix34
		1 	 0 	 0
		0 	 0.9397 	 0.342
		0 	 -0.342 	 0.9397
		0.0024 	 -0.9739 	 0.9001
	}
}
{volume "piece03"
	{box 6.49606 14.0534 9.25556}
	{bone "piece03"}
	{Position 0 	 -0.8842 	 0.1868}
}
{volume "sub_piece01"
	{box 54.3071 6.46828 2.2433}
	{bone "sub_piece01"}
	{Position 0 	 0 	 0.0403}
}
{volume "sub_piece02"
	{box 54.3071 12.6131 2.2433}
	{bone "sub_piece02"}
	{matrix34
		0 	 1 	 0
		-1 	 0 	 0
		0 	 0 	 1
		1.7223 	 6.7138 	 -0.6167
	}
}
{volume "sub_piece03"
	{box 2.98819 3.93178 27.4304}
	{bone "sub_piece03"}
	{matrix34
		1 	 0 	 0
		0 	 1 	 0
		0 	 0 	 -1
		0 	 0 	 0.0226
	}
}
{volume "sub_piece04"
	{box 2.98819 3.93178 30.4782}
	{bone "sub_piece04"}
	{Position 0.8967 	 -0.1115 	 -2.8967}
}
{volume "target_vol_001"
	{box 9.84252 11.811 15.6501}
	{bone "b_ua_02_piece07_point"}
	{matrix34
		1 	 0 	 0
		0 	 1 	 0
		0 	 0 	 1
		-24.1363 	 3.9983 	 -7.9059
	}
}
{volume "vol018"
	{box 6.44141 32.2943 24.8314}
	{bone "b_ua_02_piece_007"}
	{matrix34
		-1 	 0 	 0
		0 	 -1 	 0
		0 	 0 	 1
		163.465 	 -66.6958 	 -13.3679
	}
}
{volume "vol019"
	{box 6.44141 13.8865 34.764}
	{bone "b_ua_02_piece_007"}
	{matrix34
		0 	 1 	 0
		-1 	 0 	 0
		0 	 0 	 1
		162.626 	 -80.9549 	 -8.4016
	}
}
