;Exported by:	 kobaa
;Date:			 09.10.2019 16:26:45
;File:			 G:\_GIT_\gem2\gem2-mdl-soldiers\models\fence\hedgehog\wires_square.max
{skeleton
	{bone "basis5"
		{orientation
			1 	 0 	 0
			0 	 -1 	 0
			0 	 0 	 1
		}
		{bone "body_wire"
			{matrix34
				-1 	 0 	 0
				0 	 1 	 0
				0 	 0 	 1
				1.1311 	 0.0418 	 11.1335
			}
			{LODView
				{poly "body_wire"}
				{poly "body_wire_lod1"}
				{poly "body_wire_lod2"}
			}
			{bone "socket0"
				{Position 34.1028 	 -0.1417 	 -11.1335}
			}
			{bone "socket1"
				{matrix34
					-1 	 0 	 0
					0 	 -1 	 0
					0 	 0 	 1
					-30.8588 	 0.4217 	 -11.1335
				}
			}
			{bone "socket2"
				{matrix34
					0 	 1 	 0
					-1 	 0 	 0
					0 	 0 	 1
					-1.6286 	 14.3519 	 -11.1335
				}
			}
			{bone "socket3"
				{matrix34
					0 	 -1 	 0
					1 	 0 	 0
					0 	 0 	 1
					-1.7598 	 -14.0297 	 -11.1335
				}
			}
		}
	}
}
{obstacle "obstacle"
	{obb2
		{center 0.21731 -0.147309}
		{extent 31.1889 14.9382}
		{axis -1 -5.87658e-008}
	}
	{rotate}
}
{volume "body_01"
	{cylinder 1.25559 38.0023}
	{bone "body_wire"}
	{matrix34
		-0.0089 	 0.9996 	 -0.0251
		0.0046 	 -0.025 	 -0.9997
		0.9999 	 0.009 	 0.0044
		14.5185 	 -0.0245 	 4.0891
	}
}
{volume "body_02"
	{cylinder 1.37446 34.7754}
	{bone "body_wire"}
	{matrix34
		-0.9923 	 -0.0958 	 0.0783
		-0.1233 	 0.7157 	 -0.6875
		-0.0098 	 0.6918 	 0.722
		27.7129 	 -0.4492 	 1.4413
	}
}
{volume "body_03"
	{cylinder 1.37446 34.7754}
	{bone "body_wire"}
	{matrix34
		-0.997 	 -0.0685 	 0.0349
		-0.0727 	 0.6933 	 -0.717
		-0.0249 	 0.7174 	 0.6962
		-0.3948 	 -0.6806 	 0.5487
	}
}
{volume "body_04"
	{cylinder 1.37446 34.7754}
	{bone "body_wire"}
	{matrix34
		-0.7485 	 -0.0337 	 0.6622
		-0.4934 	 0.6954 	 -0.5224
		0.443 	 0.7178 	 0.5372
		-20.6076 	 -0.5942 	 -1.721
	}
}
{volume "body_05"
	{cylinder 1.37446 34.7754}
	{bone "body_wire"}
	{matrix34
		-0.7582 	 -0.6223 	 -0.1946
		0.468 	 -0.3116 	 -0.8269
		-0.4539 	 0.7181 	 -0.5275
		-21.4493 	 0.6399 	 -1.8197
	}
}
{volume "body_07"
	{cylinder 1.37446 34.7754}
	{bone "body_wire"}
	{matrix34
		-0.9949 	 -0.0945 	 -0.0361
		0.0914 	 -0.6861 	 -0.7217
		-0.0435 	 0.7213 	 -0.6913
		27.1389 	 0.4242 	 1.7465
	}
}
{volume "body_08"
	{cylinder 1.03733 26.7085}
	{bone "body_wire"}
	{matrix34
		-0.1533 	 0.9665 	 -0.2059
		-0.6834 	 -0.2542 	 -0.6843
		0.7137 	 -0.0358 	 -0.6995
		-17.0883 	 -0.0199 	 -1.5554
	}
}
{volume "body_09"
	{cylinder 1.37446 34.7754}
	{bone "body_wire"}
	{matrix34
		-0.997 	 0.03 	 0.0708
		-0.0727 	 -0.6668 	 -0.7416
		-0.0249 	 0.7446 	 -0.6671
		-1.2874 	 1.2661 	 0.8456
	}
}
