;Exported by:	 Oleksandr Tsaprylov
;Date:			 17.11.2022 21:15:38
;File:			 E:\projects\gem2-mdl-soldiers\models\entourage\barrack\barrack_final.max
{skeleton
	{bone "barrack_3_l_piece_x"
		{orientation
			1 	 0 	 0
			0 	 -1 	 0
			0 	 0 	 1
		}
		{bone "body"
			{poly "body"}
		}
		{bone "piece01"
			{Position 0.6775 	 22.5545 	 83.2003}
			{poly "piece01"}
		}
		{bone "piece02"
			{Position 11.6567 	 -19.1662 	 61.1839}
			{poly "piece02"}
		}
		{bone "piece03"
			{Position -10.2567 	 -41.5727 	 28.7339}
			{poly "piece03"}
		}
		{bone "piece04"
			{Position -17.5862 	 -15.1181 	 66.5545}
			{poly "piece04"}
		}
		{bone "piece05"
			{Position -27.3442 	 24.112 	 82.5364}
			{poly "piece05"}
		}
		{bone "piece06"
			{matrix34
				1 	 0 	 0
				0 	 0.9341 	 0.357
				0 	 -0.357 	 0.9341
				29.3684 	 -9.0076 	 59.1264
			}
			{poly "piece06"}
		}
		{bone "piece07"
			{matrix34
				1 	 0 	 0
				0 	 0.5181 	 -0.8553
				0 	 0.8553 	 0.5181
				-14.1691 	 72.799 	 77.6555
			}
			{poly "piece07"}
		}
		{bone "ground1"
			{parameters "land;ground;"}
			{Position 132.549 	 39.3701 	 0}
			{visibility 0}
			{poly "ground1" {ground}}
		}
	}
}
{volume "piece01"
	{box 1.86427 48.7058 22.2241}
	{bone "piece01"}
	{matrix34
		0 	 0.2107 	 -0.9776
		-1 	 0 	 0
		0 	 0.9776 	 0.2107
		0 	 -0.3872 	 0.8988
	}
}
{volume "piece02"
	{box 2.38295 27.5493 38.9684}
	{bone "piece02"}
	{matrix34
		0 	 0.7157 	 -0.6984
		-1 	 0 	 0
		0 	 0.6984 	 0.7157
		0 	 -3.3042 	 -1.1054
	}
}
{volume "piece03"
	{box 1.6063 27.5493 28.4441}
	{bone "piece03"}
	{matrix34
		0 	 0.9436 	 -0.331
		-1 	 0 	 0
		0 	 0.331 	 0.9436
		0 	 -1.129 	 0.2945
	}
}
{volume "piece04"
	{box 1.57989 17.2569 28.0572}
	{bone "piece04"}
	{matrix34
		0 	 0.502 	 -0.8649
		-1 	 0 	 0
		0 	 0.8649 	 0.502
		-1.3999 	 -0.1985 	 0.2871
	}
}
{volume "piece05_1"
	{box 3.60628 2.9846 24.9202}
	{bone "piece05"}
	{matrix34
		1 	 0 	 0
		0 	 0.2868 	 -0.958
		0 	 0.958 	 0.2868
		0 	 -11.9093 	 -0.6222
	}
}
{volume "piece05_2"
	{box 3.60628 2.9846 24.1075}
	{bone "piece05"}
	{matrix34
		1 	 0 	 0
		0 	 0.0711 	 -0.9975
		0 	 0.9975 	 0.0711
		0 	 11.4906 	 3.6412
	}
}
{volume "piece06_1"
	{box 3.60628 2.9846 24.9202}
	{bone "piece06"}
	{matrix34
		1 	 0 	 0
		0 	 0.2282 	 -0.9736
		0 	 0.9736 	 0.2282
		0.34 	 2.9817 	 9.1807
	}
}
{volume "piece06_2"
	{box 3.60628 2.9846 24.1075}
	{bone "piece06"}
	{matrix34
		1 	 0 	 0
		0 	 -0.0496 	 -0.9988
		0 	 0.9988 	 -0.0496
		0.34 	 26.664 	 11.4882
	}
}
{volume "piece06_3"
	{box 3.60628 2.9846 20.1853}
	{bone "piece06"}
	{matrix34
		1 	 0 	 0
		0 	 0.4519 	 -0.8921
		0 	 0.8921 	 0.4519
		0.34 	 -16.9824 	 2.15
	}
}
{volume "piece06_4"
	{box 3.60628 2.9846 17.3594}
	{bone "piece06"}
	{matrix34
		1 	 0 	 0
		0 	 0.6159 	 -0.7878
		0 	 0.7878 	 0.6159
		0.34 	 -32.1301 	 -7.2862
	}
}
{volume "piece07"
	{box 17.2847 1.35164 29.3698}
	{bone "piece07"}
	{matrix34
		1 	 0 	 0
		0 	 0.606 	 -0.7954
		0 	 0.7954 	 0.606
		-1.9539 	 -1.3719 	 0.5417
	}
}
