;Exported by	: KobaA
;Date			: 07.11.2023 13:57:59
;File			: D:\git\gem2-mdl-soldiers\models\fence\picket_fence\picket_fence.max
{skeleton
	{bone "picket_fence6_basis"
		{orientation
			1 	 0 	 0
			0 	 -1 	 0
			0 	 0 	 1
		}
		{bone "climb1"
			{Position -7.9296 	 -0.085 	 0}
		}
		{bone "climb2"
			{matrix34
				-1 	 0 	 0
				0 	 -1 	 0
				0 	 0 	 1
				7.938 	 -0.085 	 0
			}
		}
		{bone "picket_fence6"
			{Position 9.7867 	 1.7787 	 13.0036}
			{poly "picket_fence6"}
		}
	}
}
{obstacle "obstacle1"
	{obb2
		{center -0.408025 -17.6408}
		{extent 5.4626 10.8276}
		{axis -1 0}
	}
	{rotate}
}
{obstacle "obstacle2"
	{obb2
		{center -0.58535 18.6878}
		{extent 2.96801 10.8276}
		{axis -1 0}
	}
	{rotate}
}
{obstacle "obstacle3"
	{obb2
		{center 14.2255 -26.0377}
		{extent 1.82087 10.8276}
		{axis 0.052336 -0.99863}
	}
	{rotate}
}
{"volumes"
	{"body1"
		{box 3.21317 3.23276 33.5701}
		{bone "picket_fence6"}
		{matrix34
			0.5439 	 -0.0285 	 -0.8387
			0.0523 	 0.9986 	 0
			0.8375 	 -0.0439 	 0.5446
			0.8319 	 24.5969 	 -6.3405
		}
	}
	{"body2"
		{box 3.21317 3.23276 33.5701}
		{bone "picket_fence6"}
		{matrix34
			0.9935 	 -0.0747 	 -0.0855
			0.0704 	 0.9961 	 -0.0524
			0.0891 	 0.0461 	 0.995
			-8.6638 	 -28.0365 	 0.3409
		}
	}
	{"body3"
		{box 1.37951 25.1292 25.5707}
		{bone "picket_fence6"}
		{matrix34
			0.9882 	 -0.0697 	 -0.1364
			0.0593 	 0.9951 	 -0.0787
			0.1412 	 0.0697 	 0.9875
			-10.0297 	 -15.4245 	 0.4183
		}
	}
	{"body4"
		{box 1.37951 16.2969 25.5707}
		{bone "picket_fence6"}
		{matrix34
			0.7266 	 -0.3147 	 -0.6108
			-0.0042 	 0.8869 	 -0.462
			0.6871 	 0.3383 	 0.643
			-6.1766 	 18.4783 	 -4.7285
		}
	}
}
