;Exported by:	 tolokolnikova
;Date:			 13.12.2017 16:36:27
;File:			 D:\gem2\gem2-mdl-soldiers\models\building\building_ua01\building_ua04_2v_x.max
{skeleton
	{bone "b_ua_04_piece11_point"
		{orientation
			1 	 0 	 0
			0 	 -1 	 0
			0 	 0 	 1
		}
		{bone "piece01"
			{matrix34
				-0.2472 	 -0.6165 	 0.7475
				0.9397 	 -0.3407 	 0.0298
				0.2363 	 0.7098 	 0.6636
				-1.4405 	 -17.5352 	 0.6877
			}
			{poly "piece01"}
		}
		{bone "sub_piece01"
			{matrix34
				-0.0793 	 -0.6595 	 0.7475
				0.9959 	 -0.0859 	 0.0298
				0.0446 	 0.7468 	 0.6636
				4.5666 	 -29.399 	 -9.5887
			}
			{poly "sub_piece01"}
		}
		{bone "sub_piece02"
			{matrix34
				0 	 0.7229 	 0.691
				1 	 0 	 0
				0 	 -0.691 	 0.7229
				2.0202 	 28.0036 	 1.4914
			}
			{poly "sub_piece02"}
		}
		{bone "sub_piece03"
			{matrix34
				-0.2472 	 0.6793 	 0.691
				0.9397 	 0.342 	 0
				0.2363 	 -0.6493 	 0.7229
				-10.2724 	 21.6623 	 -5.4487
			}
			{poly "sub_piece03"}
		}
	}
}
{volume "piece01"
	{box 2.95276 2.95276 29.7143}
	{bone "piece01"}
	{matrix34
		0.9949 	 0.0818 	 -0.0589
		-0.0793 	 0.9959 	 0.0446
		0.0623 	 -0.0397 	 0.9973
		-0.2202 	 -0.3318 	 -5.1669
	}
}
{volume "sub_piece01"
	{box 2.95276 2.95276 29.7143}
	{bone "sub_piece01"}
	{matrix34
		0.9949 	 0.0818 	 -0.0589
		-0.0793 	 0.9959 	 0.0446
		0.0623 	 -0.0397 	 0.9973
		0.3483 	 -0.817 	 -4.8693
	}
}
{volume "sub_piece02"
	{box 2.95276 2.95276 29.7143}
	{bone "sub_piece02"}
	{matrix34
		0.9997 	 0 	 0.0226
		0 	 -1 	 0
		-0.0226 	 0 	 0.9997
		0.1543 	 4.4167 	 -3.9137
	}
}
{volume "sub_piece03"
	{box 2.95276 2.95276 29.7143}
	{bone "sub_piece03"}
	{matrix34
		0.8728 	 0.488 	 -0.0038
		0.488 	 -0.8728 	 0.0049
		0.001 	 0.0061 	 1
		-0.1891 	 4.9824 	 -1.8053
	}
}
