;Exported by:	 joomb
;Date:			 23.05.2022 20:24:33
;File:			 D:\git\gem2-mdl-soldiers\models\unit\vehicle\anti_aircraft_gun_M2\m2cannon90mm_x.max
{skeleton
	{bone "basis"
		{orientation
			1 	 0 	 0
			0 	 -1 	 0
			0 	 0 	 1
		}
		{bone "body"
			{parameters "id=body;"}
			{animation
				{sequence "break" {file "body_b"}{speed 0.5}}
			}
			{Position 26.5732 	 0 	 2.4551}
			{LODView
				{poly "body"}
				{poly "body_lod1"}
				{poly "body_lod2"}
				{poly "body_lod3"}
			}
			{bone "standl1"
				{parameters "id=body;"}
				{matrix34
					1 	 0 	 0
					0 	 -1 	 0
					0 	 0 	 -1
					-21.8407 	 16.7315 	 3.0729
				}
				{LODView
					{poly "standl1"}
					{poly "standl1_lod1"}
					{poly "standl1_lod2"}
					{poly "standl1_lod3"}
				}
				{bone "standl2"
					{parameters "id=body;"}
					{Position -0.0013 	 -40.3636 	 5.376}
					{LODView
						{poly "standl2"}
						{poly "standl2_lod1"}
						{poly "standl2_lod2"}
						{poly "standl2_lod3"}
					}
				}
			}
			{bone "standr1"
				{parameters "id=body;"}
				{matrix34
					1 	 0 	 0
					0 	 -1 	 0
					0 	 0 	 -1
					-21.8482 	 -16.7347 	 3.0741
				}
				{LODView
					{poly "standr1"}
					{poly "standr1_lod1"}
					{poly "standr1_lod2"}
					{poly "standr1_lod3"}
				}
				{bone "standr2"
					{parameters "id=body;"}
					{Position 0.0104 	 40.4047 	 5.5724}
					{LODView
						{poly "standr2"}
						{poly "standr2_lod1"}
						{poly "standr2_lod2"}
						{poly "standr2_lod3"}
					}
				}
			}
			{bone "standb1"
				{parameters "id=body;"}
				{matrix34
					0 	 0 	 1
					0 	 1 	 0
					-1 	 0 	 0
					-60.971 	 0 	 3.7596
				}
				{LODView
					{poly "standb1"}
					{poly "standb1_lod1"}
					{poly "standb1_lod2"}
					{poly "standb1_lod3"}
				}
				{bone "standb2"
					{parameters "id=body;"}
					{matrix34
						-1 	 0 	 0
						0 	 -1 	 0
						0 	 0 	 1
						-1.3273 	 0 	 21.0694
					}
					{LODView
						{poly "standb2"}
						{poly "standb2_lod1"}
						{poly "standb2_lod2"}
						{poly "standb2_lod3"}
					}
				}
			}
			{bone revolute "turret"
				{parameters "id=turret;"}
				{animation
					{sequence "break" {file "turret_b"}{speed 0.5}}
				}
				{speed 0.01}
				{Position -22.006 	 0 	 5.9304}
				{LODView
					{poly "turret"}
					{poly "turret_lod1"}
					{poly "turret_lod2"}
					{poly "turret_lod3"}
				}
				{bone "seat"
					{parameters "id=turret;"}
					{matrix34
						0.9997 	 0 	 -0.023
						0 	 1 	 0
						0.023 	 0 	 0.9997
						-7.9823 	 0 	 4.6481
					}
					{LODView
						{poly "seat"}
						{poly "seat_lod1"}
						{poly "seat_lod2"}
						{poly "seat_lod3"}
					}
					{bone "gunner"
						{matrix34
							0.9959 	 0.0872 	 0.0229
							-0.0871 	 0.9962 	 -0.002
							-0.023 	 0 	 0.9997
							10.1253 	 -20.7087 	 -10.0676
						}
					}
					{bone "commander"
						{matrix34
							0.9959 	 -0.0872 	 0.0229
							0.0871 	 0.9962 	 0.002
							-0.023 	 0 	 0.9997
							10.1252 	 14.3937 	 -10.0676
						}
					}
				}
				{bone "shield"
					{parameters "id=turret;"}
					{matrix34
						0.9853 	 0 	 -0.1709
						0 	 1 	 0
						0.1709 	 0 	 0.9853
						-3.575 	 0 	 3.195
					}
					{LODView
						{poly "shield"}
						{poly "shield_lod1"}
						{poly "shield_lod2"}
						{poly "shield_lod3"}
					}
				}
				{bone revolute "gun_rot"
					{parameters "id=gun;"}
					{limits 0 25}
					{speed 0.08}
					{matrix34
						1 	 0 	 0
						0 	 0 	 1
						0 	 -1 	 0
						-10.2662 	 0 	 22.3063
					}
					{LODView
						{poly "gun_rot"}
						{poly "gun_rot_lod1"}
						{poly "gun_rot_lod2"}
						{poly "gun_rot_lod3"}
					}
					{bone "gun"
						{parameters "id=gun;"}
						{animation
							{sequence "break" {file "gun_b"}{speed 0.5}}
						}
						{matrix34
							1 	 0 	 0
							0 	 0 	 -1
							0 	 1 	 0
							4.1145 	 2.5058 	 0
						}
						{LODView
							{poly "gun"}
							{poly "gun_lod1"}
							{poly "gun_lod2"}
							{poly "gun_lod3"}
						}
						{bone "foresight1"
							{matrix34
								1 	 0 	 0.0003
								0 	 1 	 0.0002
								-0.0003 	 -0.0002 	 1
								94.5771 	 0.049 	 -0.7416
							}
						}
						{bone "visor"
							{matrix34
								1 	 0 	 0.0003
								0 	 1 	 0.0002
								-0.0003 	 -0.0002 	 1
								19.8693 	 -16.4623 	 1.3537
							}
						}
						{bone "visor2"
							{matrix34
								1 	 0 	 0.0003
								0 	 1 	 0.0002
								-0.0003 	 -0.0002 	 1
								15.3799 	 16.6923 	 9.4998
							}
						}
					}
					{bone "fx_invers"
						{matrix34
							-1 	 -0.0003 	 0
							0 	 -0.0002 	 1
							-0.0003 	 1 	 0.0002
							-1.7672 	 1.7643 	 0
						}
					}
				}
				{bone "shieldl"
					{parameters "id=turret;"}
					{Position 14.8553 	 23.8696 	 14.0339}
					{LODView
						{poly "shieldl"}
						{poly "shieldl_lod1"}
						{poly "shieldl_lod2"}
						{poly "shieldl_lod3"}
					}
				}
				{bone "shieldr"
					{parameters "id=turret;"}
					{Position 14.8553 	 -23.8696 	 14.0339}
					{LODView
						{poly "shieldr"}
						{poly "shieldr_lod1"}
						{poly "shieldr_lod2"}
						{poly "shieldr_lod3"}
					}
				}
				{bone "platform"
					{parameters "id=turret;"}
					{Position -20.4504 	 0 	 3.2763}
					{LODView
						{poly "platform"}
						{poly "platform_lod1"}
						{poly "platform_lod2"}
						{poly "platform_lod3"}
					}
				}
			}
			{bone "standf1"
				{parameters "id=body;"}
				{matrix34
					0 	 0 	 -1
					0 	 1 	 0
					1 	 0 	 0
					17.5989 	 0.0048 	 3.979
				}
				{LODView
					{poly "standf1"}
					{poly "standf1_lod1"}
					{poly "standf1_lod2"}
					{poly "standf1_lod3"}
				}
				{bone "standf2"
					{parameters "id=body;"}
					{matrix34
						-1 	 0 	 0.0004
						0 	 -1 	 0
						0.0004 	 0 	 1
						2.3121 	 -0.0047 	 19.3101
					}
					{LODView
						{poly "standf2"}
						{poly "standf2_lod1"}
						{poly "standf2_lod2"}
						{poly "standf2_lod3"}
					}
				}
				{bone "standf5"
					{parameters "id=body;"}
					{matrix34
						0.9923 	 0 	 0.1242
						0 	 -1 	 0
						0.1242 	 0 	 -0.9923
						3.5127 	 2.2713 	 20.6596
					}
					{LODView
						{poly "standf5"}
						{poly "standf5_lod1"}
						{poly "standf5_lod2"}
						{poly "standf5_lod3"}
					}
					{bone "standf4"
						{parameters "id=body;"}
						{matrix34
							0.9993 	 0.0377 	 0.0063
							-0.0377 	 0.9454 	 0.3238
							0.0063 	 -0.3238 	 0.9461
							0.1831 	 0.0383 	 -0.4886
						}
						{LODView
							{poly "standf4"}
							{poly "standf4_lod1"}
							{poly "standf4_lod2"}
							{poly "standf4_lod3"}
						}
					}
				}
				{bone "standf6"
					{parameters "id=body;"}
					{matrix34
						0.9923 	 0 	 0.1242
						0 	 -1 	 0
						0.1242 	 0 	 -0.9923
						3.5041 	 -2.2808 	 20.6571
					}
					{LODView
						{poly "standf6"}
						{poly "standf6_lod1"}
						{poly "standf6_lod2"}
						{poly "standf6_lod3"}
					}
					{bone "standf3"
						{parameters "id=body;"}
						{matrix34
							0.9993 	 -0.0374 	 0.0062
							0.0374 	 0.946 	 -0.3219
							0.0062 	 0.3219 	 0.9468
							0.1898 	 -0.0388 	 -0.4729
						}
						{LODView
							{poly "standf3"}
							{poly "standf3_lod1"}
							{poly "standf3_lod2"}
							{poly "standf3_lod3"}
						}
					}
				}
			}
			{bone "seat4"
				{matrix34
					-0.5 	 -0.866 	 0.0003
					0.866 	 -0.5 	 0.0002
					0 	 0.0004 	 1
					-18.1707 	 -6.2737 	 -18.8427
				}
			}
			{bone "seat2"
				{matrix34
					-1 	 0 	 -0.0003
					0 	 -1 	 -0.0002
					-0.0003 	 -0.0002 	 1
					47.268 	 -6.4697 	 -11.5366
				}
			}
			{bone "seat1"
				{matrix34
					1 	 0 	 0.0003
					0 	 1 	 0.0002
					-0.0003 	 -0.0002 	 1
					-47.406 	 6.6207 	 -0.3402
				}
			}
			{bone "seat5"
				{matrix34
					0 	 -1 	 -0.0002
					1 	 0 	 0.0003
					-0.0003 	 -0.0002 	 1
					23.1558 	 -4.2536 	 -21.8006
				}
			}
			{bone "seat3"
				{matrix34
					-0.2588 	 0.9659 	 0.0003
					-0.9659 	 -0.2588 	 0.0002
					0.0003 	 -0.0002 	 1
					-18.0303 	 5.6027 	 -18.84
				}
			}
			{bone "seat6"
				{matrix34
					0 	 1 	 -0.0002
					-0.9902 	 0 	 0.1394
					0.1394 	 0.0002 	 0.9902
					-72.1627 	 2.5481 	 -16.0687
				}
			}
		}
		{bone "pivot_back"
			{Position -39.471 	 0 	 13.0016}
			{bone "align_back"
				{parameters "id=body;"}
				{matrix34
					0.9659 	 0 	 0.2588
					0 	 1 	 0
					-0.2588 	 0 	 0.9659
					-65.92 	 0 	 0
				}
				{LODView
					{poly "align_back"}
					{poly "align_back_lod1"}
					{poly "align_back_lod2"}
					{poly "align_back_lod3"}
				}
				{bone revolute "wheell2"
					{parameters "id=wheelleft2;radius=0.66;"}
					{matrix34
						0.9659 	 0 	 -0.2588
						-0.2588 	 0 	 -0.9659
						0 	 1 	 0
						0 	 22.0275 	 0
					}
					{LODView
						{poly "wheell2"}
						{poly "wheell2_lod1"}
						{poly "wheell2_lod2"}
						{poly "wheell2_lod3"}
					}
				}
				{bone "hitch"
					{parameters "id=body;"}
					{Position -5.6909 	 0 	 0.0094}
					{LODView
						{poly "hitch"}
						{poly "hitch_lod1"}
						{poly "hitch_lod2"}
						{poly "hitch_lod3"}
					}
					{bone "link1"
						{matrix34
							-1 	 0 	 0
							0 	 -1 	 0
							0 	 0 	 1
							-42.7654 	 -0.057 	 0.3289
						}
					}
				}
				{bone revolute "wheelr2"
					{parameters "id=wheelright2;radius=0.66;"}
					{matrix34
						0.9659 	 0 	 -0.2588
						-0.2588 	 0 	 -0.9659
						0 	 1 	 0
						0 	 -22.0275 	 0
					}
					{LODView
						{poly "wheelr2"}
						{poly "wheelr2_lod1"}
						{poly "wheelr2_lod2"}
						{poly "wheelr2_lod3"}
					}
				}
			}
			{bone "fxtracer1"
				{matrix34
					-0.9397 	 0 	 0.342
					0 	 -1 	 0
					0.342 	 0 	 0.9397
					81.5988 	 -18.8006 	 -8.6461
				}
			}
			{bone "fxtracer2"
				{matrix34
					-0.9397 	 0 	 0.342
					0 	 -1 	 0
					0.342 	 0 	 0.9397
					-4.067 	 -18.8006 	 -8.6461
				}
			}
		}
		{bone "pivot_front"
			{Position 40.2376 	 0 	 13.0016}
			{bone "align_front"
				{parameters "id=body;"}
				{matrix34
					0.7071 	 0 	 -0.7071
					0 	 1 	 0
					0.7071 	 0 	 0.7071
					64.6561 	 0 	 0
				}
				{LODView
					{poly "align_front"}
					{poly "align_front_lod1"}
					{poly "align_front_lod2"}
					{poly "align_front_lod3"}
				}
				{bone revolute "wheell1"
					{parameters "id=wheelleft1;radius=0.66;"}
					{matrix34
						0.7071 	 0 	 0.7071
						0.7071 	 0 	 -0.7071
						0 	 1 	 0
						0 	 22.0275 	 0
					}
					{LODView
						{poly "wheell1"}
						{poly "wheell1_lod1"}
						{poly "wheell1_lod2"}
						{poly "wheell1_lod3"}
					}
				}
				{bone revolute "wheelr1"
					{parameters "id=wheelright1;radius=0.66;"}
					{matrix34
						0.7071 	 0 	 0.7071
						0.7071 	 0 	 -0.7071
						0 	 1 	 0
						0 	 -22.0275 	 0
					}
					{LODView
						{poly "wheelr1"}
						{poly "wheelr1_lod1"}
						{poly "wheelr1_lod2"}
						{poly "wheelr1_lod3"}
					}
				}
			}
			{bone "fxtracel1"
				{matrix34
					-0.9397 	 0 	 0.342
					0 	 -1 	 0
					0.342 	 0 	 0.9397
					-4.067 	 18.8006 	 -8.6461
				}
			}
			{bone "fxtracel2"
				{matrix34
					-0.9397 	 0 	 0.342
					0 	 -1 	 0
					0.342 	 0 	 0.9397
					-89.7327 	 18.8006 	 -8.6461
				}
			}
		}
		{bone "emit1"
			{matrix34
				0 	 -1 	 0
				1 	 0 	 0
				0 	 0 	 1
				18.6931 	 36.4173 	 0
			}
		}
		{bone "emit2"
			{matrix34
				0 	 1 	 0
				-1 	 0 	 0
				0 	 0 	 1
				18.6931 	 -36.4173 	 0
			}
		}
		{bone "emit3"
			{matrix34
				0 	 -1 	 0
				1 	 0 	 0
				0 	 0 	 1
				-18.6931 	 36.4173 	 0
			}
		}
		{bone "emit4"
			{matrix34
				0 	 1 	 0
				-1 	 0 	 0
				0 	 0 	 1
				-18.6931 	 -36.4173 	 0
			}
		}
		{bone "sup1"
			{Position -36.7166 	 34.4488 	 0}
		}
		{bone "sup2"
			{Position -36.7166 	 -34.4488 	 0}
		}
		{bone "sup3"
			{Position -89.9061 	 34.4488 	 0}
		}
		{bone "sup4"
			{Position -89.9061 	 -34.4488 	 0}
		}
		{bone "supmove1"
			{Position 15.4921 	 29.5276 	 0}
		}
		{bone "supmove2"
			{Position 15.4925 	 -29.5276 	 0}
		}
		{bone "supmove3"
			{Position -63.214 	 17.8831 	 0}
		}
		{bone "supmove4"
			{Position -64.5843 	 -19.976 	 0}
		}
		{bone "driver1"
			{Position -20.4353 	 18.8796 	 0}
		}
		{bone "driver2"
			{Position -20.4353 	 -21.1047 	 0}
		}
	}
}
{obstacle "obstacle01"
	{obb2
		{center 5.00721 -0.019685}
		{extent 40.5053 22.6543}
		{axis -1 0}
	}
	{rotate}
}
{obstacle "obstacle02"
	{obb2
		{center -119.336 -1.92223}
		{extent 15.392 25.5993}
		{axis -0.97433 0.225125}
	}
	{rotate}
}
{obstacle "obstacle03"
	{obb2
		{center 102.553 -0.0196847}
		{extent 15.392 25.5993}
		{axis -1 8.18052e-08}
	}
	{rotate}
}
{obstacle "obstacle04"
	{obb2
		{center 4.78539 5.09435e-08}
		{extent 2.44883 94.1786}
		{axis -1 0}
	}
	{Tags "open"}
	{rotate}
}
{obstacle "obstacle05"
	{obb2
		{center 4.78539 0}
		{extent 2.44883 86.6444}
		{axis 0 1}
	}
	{Tags "open"}
	{rotate}
}
{volume "body01"
	{box 9.33671 22.3668 5.58381}
	{bone "body"}
	{Position 14.2658 	 0.0352 	 0.5868}
}
{volume "body02"
	{polyhedron}
	{bone "body"}
	{Position -21.9032 	 -0.652 	 -2.2051}
}
{volume "body03"
	{polyhedron}
	{bone "body"}
	{Position -45.857 	 0.0352 	 -2.2052}
}
{volume "body04"
	{polyhedron}
	{bone "standf1"}
	{matrix34
		0 	 -1 	 0
		0 	 0 	 1
		-1 	 0 	 0
		6.4224 	 -0.0048 	 -0.5094
	}
}
{volume "body05"
	{polyhedron}
	{bone "standf2"}
	{matrix34
		0 	 -1 	 0
		-0.0004 	 0 	 -1
		1 	 0 	 -0.0004
		-4.1062 	 0 	 11.4684
	}
}
{volume "body06"
	{box 3.16031 39.8267 5.41339}
	{bone "standl1"}
	{matrix34
		1 	 0 	 0
		0 	 -1 	 0
		0 	 0 	 -1
		0 	 -23.3822 	 2.8096
	}
}
{volume "body07"
	{polyhedron}
	{bone "standl2"}
	{matrix34
		-1 	 0 	 0
		0 	 1 	 0
		0 	 0 	 -1
		0.0013 	 -22.8453 	 0.1403
	}
}
{volume "body08"
	{box 3.16031 39.8267 5.41339}
	{bone "standr1"}
	{matrix34
		0.9859 	 -0.1671 	 0
		-0.1662 	 -0.9811 	 0.0993
		-0.0166 	 -0.0979 	 -0.9951
		3.8206 	 22.793 	 0.3545
	}
}
{volume "body09"
	{polyhedron}
	{bone "standr2"}
	{matrix34
		0.9632 	 -0.2437 	 -0.1136
		-0.2558 	 -0.9606 	 -0.1082
		-0.0828 	 0.1333 	 -0.9876
		12.7976 	 21.9337 	 -2.5563
	}
}
{volume "body10"
	{polyhedron}
	{bone "standb1"}
	{matrix34
		0 	 -1 	 0
		-0.151 	 0 	 -0.9885
		0.9885 	 0 	 -0.151
		-0.7047 	 0.2097 	 11.3211
	}
}
{volume "body11"
	{polyhedron}
	{bone "standb2"}
	{matrix34
		-0.0172 	 0.9973 	 0.0718
		-0.1058 	 0.0696 	 -0.992
		-0.9942 	 -0.0246 	 0.1043
		3.8456 	 -0.747 	 10.5273
	}
}
{volume "body12"
	{polyhedron}
	{bone "hitch"}
}
{volume "gun_rot01"
	{box 18.538 9.03446 6.70736}
	{bone "gun_rot"}
	{matrix34
		1 	 0 	 0
		0 	 0 	 -1
		0 	 1 	 0
		27.295 	 7.8855 	 0.0838
	}
}
{volume "gun_rot02"
	{polyhedron}
	{bone "gun_rot"}
	{Position 18.1732 	 0.0034 	 4.601}
}
{volume "gun_rot03"
	{polyhedron}
	{bone "gun_rot"}
	{Position 18.1732 	 -6.2905 	 4.601}
}
{volume "gun"
	{cylinder 1.50823 59.568}
	{bone "gun"}
	{matrix34
		0 	 1 	 0
		0 	 0 	 1
		1 	 0 	 0
		64.5546 	 0 	 -0.7416
	}
}
{volume "shieldl"
	{box 20.6682 0.295263 23.8935}
	{bone "shieldl"}
	{matrix34
		0.8434 	 -0.5373 	 0
		0.5373 	 0.8434 	 0
		0 	 0 	 1
		-7.7153 	 4.9834 	 0.9109
	}
}
{volume "shieldr"
	{box 20.6682 0.295263 23.8935}
	{bone "shieldr"}
	{matrix34
		0.8979 	 0.4403 	 0
		-0.4403 	 0.8979 	 0
		0 	 0 	 1
		-8.985 	 -3.6478 	 0.9109
	}
}
{volume "turret01"
	{box 16.822 44.3263 3.04985}
	{bone "turret"}
	{Position -12.0256 	 -0.0116 	 3.298}
}
{volume "turret02"
	{cylinder 13.9451 5.75821}
	{bone "turret"}
	{Position 0 	 0 	 0.3274}
}
{volume "turret03"
	{polyhedron}
	{bone "turret"}
	{Position 18.7944 	 0.0071 	 3.4757}
}
{volume "turret04"
	{box 0.305267 16.5551 21.2067}
	{bone "turret"}
	{Position 14.9848 	 15.5765 	 13.6021}
}
{volume "turret05"
	{box 0.305267 16.5551 21.2067}
	{bone "turret"}
	{Position 14.9848 	 -15.6308 	 13.6021}
}
{volume "turret06"
	{polyhedron}
	{bone "turret"}
	{matrix34
		0.766 	 0 	 0.6428
		0 	 1 	 0
		-0.6428 	 0 	 0.766
		14.9848 	 15.5765 	 24.2055
	}
}
{volume "turret07"
	{polyhedron}
	{bone "turret"}
	{matrix34
		0.766 	 0 	 0.6428
		0 	 1 	 0
		-0.6428 	 0 	 0.766
		14.9848 	 -15.6308 	 24.2055
	}
}
{volume "turret08"
	{box 12.7534 5.64622 20.16}
	{bone "turret"}
	{Position 7.5986 	 12.0776 	 14.2218}
}
{volume "turret09"
	{box 13.2848 4.82583 20.16}
	{bone "turret"}
	{Position 6.3103 	 -11.9097 	 14.2218}
}
{volume "turret10"
	{polyhedron}
	{bone "turret"}
	{Position -0.6011 	 11.0486 	 4.1417}
}
{volume "turret11"
	{polyhedron}
	{bone "turret"}
	{Position -0.6011 	 -3.5189 	 4.1417}
}
{volume "turret12"
	{box 20.0262 44.3263 3.04985}
	{bone "platform"}
	{Position -9.9959 	 -0.0116 	 0.0217}
}
{volume "wheelleft1"
	{cylinder 12.9921 8.50648}
	{bone "wheell1"}
	{matrix34
		1 	 0 	 0
		0 	 -1 	 0
		0 	 0 	 -1
		-5.4648 	 -0.0061 	 -3.5643
	}
}
{volume "wheelleft2"
	{cylinder 12.9921 8.50648}
	{bone "wheell2"}
	{matrix34
		0.9616 	 -0.0312 	 0.2726
		-0.0194 	 -0.9988 	 -0.0459
		0.2736 	 0.0388 	 -0.961
		-20.0472 	 0.1265 	 0.2334
	}
}
{volume "wheelright1"
	{cylinder 12.9921 8.50648}
	{bone "wheelr1"}
	{matrix34
		1 	 0 	 0
		0 	 -1 	 0
		0 	 0 	 -1
		-5.4648 	 -0.0061 	 -2.413
	}
}
{volume "wheelright2"
	{cylinder 12.9921 8.50648}
	{bone "wheelr2"}
	{matrix34
		0.9619 	 0 	 0.2733
		-0.034 	 -0.9922 	 0.1195
		0.2712 	 -0.1243 	 -0.9545
		-8.9012 	 0.2919 	 2.281
	}
}
