;Exported by:	 tolokolnikova
;Date:			 10.04.2018 10:25:42
;File:			 D:\gem2\gem2-mdl-soldiers\models\fence\fence_wood_logs.max
{skeleton
	{bone "ua_fence_basis02"
		{orientation
			1 	 0 	 0
			0 	 -1 	 0
			0 	 0 	 1
		}
		{bone "climb2"
			{matrix34
				0 	 -1 	 0
				1 	 0 	 0
				0 	 0 	 1
				0.6698 	 15.0753 	 0
			}
			{visibility 0}
		}
		{bone "climb1"
			{matrix34
				0 	 1 	 0
				-1 	 0 	 0
				0 	 0 	 1
				0.6698 	 -15.3632 	 0
			}
			{visibility 0}
		}
		{bone "kuvchin_008"
			{matrix34
				1 	 0 	 0
				0 	 0.342 	 -0.9397
				0 	 0.9397 	 0.342
				-9.4555 	 -1.891 	 22.4213
			}
			{poly "kuvchin_008"}
		}
		{bone "kuvchin_001"
			{matrix34
				0.6964 	 0.7071 	 0.1228
				0.1736 	 0 	 -0.9848
				-0.6964 	 0.7071 	 -0.1228
				-19.6814 	 0.2442 	 20.4445
			}
			{poly "kuvchin_001"}
		}
		{bone "fence_wood_logs001"
			{Position 0.3639 	 -0.096 	 -1.0162}
			{poly "fence_wood_logs001"}
		}
		{bone "kuvchin_012"
			{matrix34
				0.9962 	 0.0076 	 -0.0868
				-0.0872 	 0.0868 	 -0.9924
				0 	 0.9962 	 0.0872
				10.4347 	 -1.6378 	 21.1098
			}
			{poly "kuvchin_012"}
		}
	}
}
{obstacle "rectangle001"
	{obb2
		{center -18.4494 -0.266808}
		{extent 11.6142 1.17734}
		{axis -1 0}
	}
	{rotate}
}
{obstacle "rectangle002"
	{obb2
		{center 19.0048 -0.266808}
		{extent 11.6142 1.17734}
		{axis -1 0}
	}
	{rotate}
}
{volume "body"
	{box 59.4018 2.14243 19.2625}
	{bone "ua_fence_basis02"}
	{Position 0.2931 	 -0.0826 	 8.9357}
}
