;Exported by: sasha
;Date:        Thu Feb 14 17:24:37 2008
;File:        D:\-Project-\-3DWork-\Crete\Crete_m9_606_x_v1.max
{Skeleton
	{bone "606a_roof_x"
		{Orientation
			1	0	0
			0	-1	0
			0	0	1
		}
		{bone "piece0"
			{Position 16.9271	-28.5212	78.5497}
			{poly "piece0"}
			{bone "sub_piece0"
				{Position 7.22418	7.71509	-2.80334}
				{poly "sub_piece0"}
			}
		}
		{bone "piece1"
			{Position -23.3361	-7.0946	76.1958}
			{poly "piece1"}
			{bone "sub_piece1"
				{Position -0.165541	-13.0901	0}
				{poly "sub_piece1"}
			}
		}
		{bone "piece2"
			{Position 0.0416514	-15.6486	83.2548}
			{poly "piece2"}
			{bone "sub_piece2"
				{Position -16.1395	-12.8726	-4.3602}
				{poly "sub_piece2"}
			}
		}
		{bone "piece3"
			{Position 20.2536	0.152344	77.5287}
			{poly "piece3"}
			{bone "sub_piece3"
				{Position 3.89767	-7.03857	-1.7823}
				{poly "sub_piece3"}
			}
		}
		{bone "piece4"
			{Position 19.9398	18.3431	78.2032}
			{poly "piece4"}
			{bone "sub_piece4"
				{Position 3.78467	-7.20233	-2.00735}
				{poly "sub_piece4"}
			}
		}
		{bone "piece5"
			{Position 22.3447	6.14197	78.6912}
			{poly "piece5"}
			{bone "sub_piece5"
				{Position -41.969	-6.30988	2.36334}
				{poly "sub_piece5"}
			}
		}
		{bone "piece6"
			{Position -3.1193	22.6999	79.2684}
			{poly "piece6"}
			{bone "sub_piece6"
				{Position 12.1586	0.441284	-3.60125}
				{poly "sub_piece6"}
			}
		}
		{bone "piece7"
			{Position -18.4469	0.152344	78.1868}
			{poly "piece7"}
			{bone "sub_piece7"
				{Position -4.62673	10.9083	-1.66226}
				{poly "sub_piece7"}
			}
		}
		{bone "piece8"
			{Position -16.6317	15.7954	79.3076}
			{poly "piece8"}
			{bone "sub_piece8"
				{Position 2.33299	7.39465	-3.55623}
				{poly "sub_piece8"}
			}
		}
		{bone "fx_wood1"
			{Matrix34
				0	0	1
				0	1	0
				-1	0	0
				0	-13.483	83.1233
			}
		}
	}
}
{Volume "piece0"
	{Box 32.6353 2.74038 2.19101}
	{Bone "piece0"}
	{Matrix34
		0.957021	0	-0.290017
		0	1	0
		0.290017	0	0.957021
		-0.00397024	-0.222412	-0.0116369
	}
}
{Volume "piece1"
	{Box 1.79567 15.6017 1.70478}
	{Bone "piece1"}
	{Position 0	0	0}
}
{Volume "piece2"
	{Box 5.34159 35.1352 5.61647}
	{Bone "piece2"}
}
{Volume "piece3"
	{Box 40.4677 2.74038 2.19101}
	{Bone "piece3"}
	{Matrix34
		0.957021	0	-0.290017
		0	1	0
		0.290017	0	0.957021
		-0.204417	-0.0797119	0.0303248
	}
}
{Volume "piece4"
	{Box 55.5776 2.5158 2.50913}
	{Bone "piece4"}
	{Matrix34
		-0.696809	-0.68395	0.216032
		0.705771	-0.707496	0.0365475
		0.127846	0.177936	0.975702
		-0.0523705	0.765957	0.165014
	}
}
{Volume "piece5"
	{Box 33.5265 2.29485 41.7116}
	{Bone "piece5"}
	{Matrix34
		0.933192	-0.167562	-0.317924
		0.323256	0.004826	0.946299
		-0.15703	-0.98585	0.058669
		-5.64007	-13.6655	3.06088
	}
}
{Volume "piece6"
	{Box 24.3645 2.29752 35.1355}
	{Bone "piece6"}
	{Matrix34
		0	-0.944429	0.328717
		0	0.328717	0.944429
		-1	0	0
		2.86082	-5.26013	2.04729
	}
}
{Volume "piece7"
	{Box 36.6689 2.74038 2.19101}
	{Bone "piece7"}
	{Matrix34
		0.958525	0	0.28501
		0	1	0
		-0.28501	0	0.958525
		0.0504482	-0.0248413	0.0131576
	}
}
{Volume "piece8"
	{Box 45.2751 2.32465 2.43533}
	{Bone "piece8"}
	{Matrix34
		0.692325	-0.679599	0.242551
		0.692239	0.720409	0.0426042
		-0.203689	0.138407	0.969203
		-0.327759	-0.0727381	-0.313936
	}
}
{Volume "sub_piece0"
	{Box 2.3299 14.3046 2.60361}
	{Bone "sub_piece0"}
	{Position 0	6.10352e-005	0}
}
{Volume "sub_piece1"
	{Box 1.48817 11.7319 1.70478}
	{Bone "sub_piece1"}
	{Position 0	6.10352e-005	0}
}
{Volume "sub_piece2"
	{Box 32.6353 2.74038 2.19101}
	{Bone "sub_piece2"}
	{Matrix34
		0.958525	0	0.28501
		0	1	0
		-0.28501	0	0.958525
		0.0616291	-0.222412	-0.106227
	}
}
{Volume "sub_piece3"
	{Box 2.3299 14.1848 2.60361}
	{Bone "sub_piece3"}
	{Position 0	0	0}
}
{Volume "sub_piece4"
	{Box 1.47638 22.1649 1.70477}
	{Bone "sub_piece4"}
}
{Volume "sub_piece5"
	{Box 28.1735 2.29485 41.7116}
	{Bone "sub_piece5"}
	{Matrix34
		0.944912	0	0.327324
		-0.327324	0	0.944912
		0	-1	0
		6.33709	-9.55746	1.89659
	}
}
{Volume "sub_piece6"
	{Box 29.4205 3.66772 2.76203}
	{Bone "sub_piece6"}
	{Position 0	6.10352e-005	0}
}
{Volume "sub_piece7"
	{Box 1.68214 21.4263 2.36228}
	{Bone "sub_piece7"}
	{Position 0	0	0}
}
{Volume "sub_piece8"
	{Box 18.2842 3.56995 2.93044}
	{Bone "sub_piece8"}
	{Position 0	0	0}
}
