;Exported by:	 KobaA
;Date:			 20.01.2021 14:16:10
;File:			 G:\_GIT_\gem2\gem2-mdl-soldiers\models\building\viaduk\viaduk_new_x.max
{skeleton
	{bone "viaduct_piece04_point"
		{orientation
			1 	 0 	 0
			0 	 -1 	 0
			0 	 0 	 1
		}
		{bone "piece01"
			{Position 60.1231 	 1.5316 	 29.3023}
			{poly "piece01"}
		}
		{bone "viaduct_piece04"
			{Position 0.6824 	 -0.4845 	 0.1129}
			{poly "viaduct_piece04"}
		}
		{bone "sub_piece01"
			{Position 8.7121 	 -0.726 	 18.7931}
			{poly "sub_piece01"}
		}
		{bone "piece04"
			{Position -31.1368 	 -0.3972 	 5.9324}
			{poly "piece04"}
		}
		{bone "piece03"
			{Position 33.8746 	 5.2588 	 24.676}
			{poly "piece03"}
		}
		{bone "piece02"
			{Position 54.5012 	 3.5291 	 24.676}
			{poly "piece02"}
		}
	}
}
{volume "body29"
	{box 3.93701 4.92126 19.4949}
	{bone "viaduct_piece04"}
	{Position 33.1923 	 -7.8028 	 -0.208}
}
{volume "body31"
	{box 3.93701 4.92126 21.4774}
	{bone "viaduct_piece04"}
	{Position 53.8189 	 -7.8028 	 0.7833}
}
{volume "body49"
	{box 1.77499 1.76907 15.0875}
	{bone "viaduct_piece04"}
	{Position -11.6924 	 8.723 	 -2.4117}
}
{volume "body50"
	{box 1.77499 1.76907 20.0937}
	{bone "viaduct_piece04"}
	{Position 9.8463 	 8.723 	 0.0914}
}
{volume "body51"
	{box 1.77499 1.76907 19.4277}
	{bone "viaduct_piece04"}
	{Position -11.1101 	 -8.1436 	 -0.2415}
}
{volume "body52"
	{box 1.77499 1.76907 18.0843}
	{bone "viaduct_piece04"}
	{matrix34
		0.9976 	 0 	 0.0698
		0.0024 	 0.9994 	 -0.0348
		-0.0697 	 0.0349 	 0.997
		10.8118 	 -8.3699 	 -0.9408
	}
}
{volume "piece01"
	{polyhedron}
	{bone "piece01"}
	{matrix34
		0 	 -1 	 0
		1 	 0 	 0
		0 	 0 	 1
		-3.4464 	 -1.5314 	 -1.954
	}
}
{volume "piece02"
	{polyhedron}
	{bone "piece02"}
	{Position 0.1648 	 -0.5702 	 0}
}
{volume "piece03"
	{polyhedron}
	{bone "piece03"}
	{Position 0 	 -0.1527 	 0}
}
{volume "piece04"
	{polyhedron}
	{bone "piece04"}
	{matrix34
		0 	 -1 	 0
		0.9397 	 0 	 0.342
		-0.342 	 0 	 0.9397
		0.0968 	 0.3924 	 -1.6078
	}
}
{volume "sub_piece01"
	{polyhedron}
	{bone "sub_piece01"}
	{matrix34
		0 	 -1 	 0
		0.9397 	 0 	 0.342
		-0.342 	 0 	 0.9397
		2.1354 	 0.7212 	 0.7774
	}
}
