;Exported by:	 tolokolnikova
;Date:			 13.12.2017 16:36:25
;File:			 D:\gem2\gem2-mdl-soldiers\models\building\building_ua01\building_ua04_2v_x.max
{skeleton
	{bone "b_ua_04_piece02_point"
		{orientation
			1 	 0 	 0
			0 	 -1 	 0
			0 	 0 	 1
		}
		{bone "sub_piece03"
			{matrix34
				1 	 0 	 0
				0 	 0.994 	 0.1096
				0 	 -0.1096 	 0.994
				-14.4998 	 -0.5646 	 14.5418
			}
			{poly "sub_piece03"}
		}
		{bone "b_ua_04_piece02"
			{Position 47.6526 	 64.2635 	 -29.1026}
			{poly "b_ua_04_piece02"}
			{bone "sub_piece05"
				{matrix34
					0 	 1 	 0
					-1 	 0 	 0
					0 	 0 	 1
					-62.8936 	 -42.6381 	 48.6208
				}
				{poly "sub_piece05"}
			}
		}
		{bone "sub_piece02"
			{matrix34
				-0.0872 	 0.734 	 -0.6736
				-0.9962 	 -0.0642 	 0.0589
				0 	 0.6761 	 0.7368
				27.54 	 20.8237 	 33.8967
			}
			{poly "sub_piece02"}
		}
		{bone "sub_piece01"
			{matrix34
				0 	 0.6932 	 -0.7208
				-1 	 0 	 0
				0 	 0.7208 	 0.6932
				-35.0846 	 23.9574 	 35.1224
			}
			{poly "sub_piece01"}
		}
		{bone "fort_wall"
			{matrix34
				-1 	 0 	 0
				0 	 -1 	 0
				0 	 0 	 1
				-6.6623 	 12.3287 	 -19.4536
			}
		}
		{bone "sub_piece04"
			{matrix34
				0 	 1 	 0
				-0.9063 	 0 	 0.4226
				0.4226 	 0 	 0.9063
				-32.4745 	 21.3555 	 3.9218
			}
			{poly "sub_piece04"}
		}
		{bone "piece02"
			{matrix34
				0 	 1 	 0
				-1 	 0 	 0
				0 	 0 	 1
				-31.0701 	 21.3893 	 16.8623
			}
			{poly "piece02"}
		}
		{bone "piece01"
			{matrix34
				0 	 1 	 0
				-0.9659 	 0 	 -0.2588
				-0.2588 	 0 	 0.9659
				16.0012 	 21.423 	 13.7821
			}
			{poly "piece01"}
		}
		{bone "piece03"
			{matrix34
				0 	 1 	 0
				-0.9962 	 0 	 0.0872
				0.0872 	 0 	 0.9962
				10.3376 	 21.3492 	 -0.5373
			}
			{poly "piece03"}
		}
		{bone revolute "attach1"
			{matrix34
				0 	 -1 	 0
				1 	 0 	 0
				0 	 0 	 1
				3.8003 	 34.5866 	 -21.4221
			}
		}
		{bone "debris_land_001"
			{parameters "commonmesh;land;ground;"}
			{matrix34
				0 	 1 	 0
				-1 	 0 	 0
				0 	 0 	 1
				1.3458 	 8.3783 	 -29.2961
			}
			{poly "debris_land_001" {ground}}
		}
		{bone "stones_001"
			{parameters "commonmesh;land;ground;"}
			{matrix34
				0 	 1 	 0
				-1 	 0 	 0
				0 	 0 	 1
				1.3458 	 8.3917 	 -29.2961
			}
			{poly "stones_001" {ground}}
		}
	}
}
{volume "piece01"
	{box 5.90551 21.9156 10.0727}
	{bone "piece01"}
	{Position 0 	 1.0477 	 0.8084}
}
{volume "piece02"
	{box 5.90551 13.7273 10.0727}
	{bone "piece02"}
	{Position 0 	 -0.3234 	 0.4938}
}
{volume "piece03"
	{box 5.90551 14.209 7.9574}
	{bone "piece03"}
	{Position 0 	 -1.3612 	 0.0448}
}
{volume "sub_piece01"
	{box 1.83071 5.76549 33.0383}
	{bone "sub_piece01"}
	{matrix34
		0.9998 	 0 	 0.0195
		0 	 1 	 0
		-0.0195 	 0 	 0.9998
		-0.8915 	 -4.3378 	 -1.0213
	}
}
{volume "sub_piece02"
	{box 1.83071 5.76549 25.1091}
	{bone "sub_piece02"}
	{matrix34
		0.9953 	 -0.0871 	 -0.0429
		0.0872 	 0.9962 	 0
		0.0427 	 -0.0037 	 0.9991
		0.4917 	 1.5286 	 -1.9028
	}
}
{volume "sub_piece03"
	{box 2.54469 5.76549 35.4039}
	{bone "sub_piece03"}
	{matrix34
		0 	 0.1514 	 -0.9885
		-1 	 0 	 0
		0 	 0.9885 	 0.1514
		-10.226 	 2.7101 	 0.931
	}
}
{volume "sub_piece04"
	{box 5.90551 7.55004 7.65522}
	{bone "sub_piece04"}
	{Position 0 	 -0.6965 	 -0.5172}
}
{volume "sub_piece05"
	{box 5.90551 7.55004 7.65522}
	{bone "sub_piece05"}
	{Position 0 	 -0.6965 	 -0.5172}
}
{volume "target_vol_001"
	{box 9.84252 9.84252 15.6501}
	{bone "b_ua_04_piece02_point"}
	{matrix34
		0 	 -1 	 0
		1 	 0 	 0
		0 	 0 	 1
		3.8003 	 34.5866 	 -1.3726
	}
}
{volume "vol_01"
	{box 5.90551 19.1259 23.6347}
	{bone "b_ua_04_piece02"}
	{matrix34
		0 	 1 	 0
		-1 	 0 	 0
		0 	 0 	 1
		-77.035 	 -42.9276 	 11.6239
	}
}
{volume "vol_02"
	{polyhedron}
	{bone "b_ua_04_piece02"}
	{matrix34
		0 	 1 	 0
		-1 	 0 	 0
		0 	 0 	 1
		-33.3439 	 -42.9276 	 -0.1934
	}
}
