;Exported by	: KobaA
;Date			: 17.01.2024 13:26:47
;File			: d:\git\gem2-mdl-soldiers\models\building\water_mill\water_mill_fort_cut.max
{skeleton
	{bone "h_80_g2_piece10"
		{orientation
			1 	 0 	 0
			0 	 -1 	 0
			0 	 0 	 1
		}
		{poly "h_80_g2_piece10"}
		{bone "fix08"
			{Position -11.6244 	 20.7336 	 -29.6567}
		}
		{bone "fix07"
			{Position 15.6367 	 -13.1021 	 -24.0114}
		}
		{bone "fix06"
			{Position 17.0258 	 20.7336 	 -56.2142}
		}
	}
}
{"volumes"
	{"body1"
		{box 38.6344 5.90551 17.7034}
		{bone "h_80_g2_piece10"}
		{matrix34
			-1 	 0 	 0
			0 	 -1 	 0
			0 	 0 	 1
			-0.6365 	 20.7336 	 7.2904
		}
	}
	{"body2"
		{box 22.6776 5.90551 24.2603}
		{bone "h_80_g2_piece10"}
		{matrix34
			-1 	 0 	 0
			0 	 -1 	 0
			0 	 0 	 1
			7.2614 	 20.7336 	 -13.5109
		}
	}
	{"body3"
		{box 10.2187 5.90551 12.1301}
		{bone "h_80_g2_piece10"}
		{matrix34
			-1 	 0 	 0
			0 	 -1 	 0
			0 	 0 	 1
			13.593 	 20.8145 	 -31.5636
		}
	}
	{"body4"
		{box 27.0441 5.90551 21.8561}
		{bone "h_80_g2_piece10"}
		{matrix34
			0 	 1 	 0
			-1 	 0 	 0
			0 	 0 	 1
			15.8629 	 6.4741 	 9.3667
		}
	}
	{"body5"
		{box 12.4403 5.90551 23.8231}
		{bone "h_80_g2_piece10"}
		{matrix34
			0 	 1 	 0
			-1 	 0 	 0
			0 	 0 	 1
			15.8629 	 15.796 	 -13.2775
		}
	}
	{"roof1"
		{polyhedron}
		{bone "h_80_g2_piece10"}
		{matrix34
			1 	 0 	 0
			0 	 0.5598 	 0.8286
			0 	 -0.8286 	 0.5598
			-2.408 	 25.5315 	 15.4519
		}
	}
	{"roof2"
		{polyhedron}
		{bone "h_80_g2_piece10"}
		{matrix34
			-0.5783 	 0 	 0.8159
			0 	 -1 	 0
			0.8159 	 0 	 0.5783
			13.5897 	 14.2087 	 24.3311
		}
	}
	{"roof3"
		{polyhedron}
		{bone "h_80_g2_piece10"}
		{matrix34
			1 	 0 	 0
			0 	 0.5598 	 0.8286
			0 	 -0.8286 	 0.5598
			1.6461 	 5.1073 	 29.2501
		}
	}
}
