;Exported by	: Oleksandr Tsaprylov
;Date			: 27.01.2023 12:44:48
;File			: E:\projects\gem2-mdl-soldiers\models\entourage\shed_wood_destroyed\shed_wood_destroyed.max
{skeleton
	{bone "shed_wood_destroyed_c_piece_001_x"
		{orientation
			1 	 0 	 0
			0 	 -1 	 0
			0 	 0 	 1
		}
		{bone "piece06"
			{Position 7.0651 	 -9.0281 	 73.6736}
			{poly "piece06"}
		}
		{bone "piece11"
			{Position -5.3787 	 -28.14 	 63.9143}
			{poly "piece11"}
		}
		{bone "piece03"
			{matrix34
				0.9706 	 -0.2302 	 0.0704
				0.2391 	 0.9559 	 -0.1703
				-0.0281 	 0.1821 	 0.9829
				7.1121 	 -15.3358 	 33.0717
			}
			{poly "piece03"}
		}
		{bone "piece05"
			{Position -9.9204 	 -18.9854 	 46.5261}
			{poly "piece05"}
		}
		{bone "piece04"
			{matrix34
				0.9066 	 -0.2959 	 0.3007
				0.359 	 0.9155 	 -0.1815
				-0.2216 	 0.2726 	 0.9363
				-33.8128 	 -16.6273 	 36.4148
			}
			{poly "piece04"}
		}
		{bone "piece07"
			{Position 32.558 	 -12.9684 	 71.3778}
			{poly "piece07"}
		}
		{bone "piece08"
			{Position -1.7074 	 -16.2935 	 64.8437}
			{poly "piece08"}
		}
		{bone "piece09"
			{Position 10.7545 	 5.3529 	 86.5987}
			{poly "piece09"}
		}
		{bone "piece02"
			{Position 32.5142 	 16.9679 	 69.4212}
			{poly "piece02"}
		}
		{bone "piece12"
			{Position -19.4827 	 5.5773 	 69.2517}
			{poly "piece12"}
		}
		{bone "piece01"
			{Position -24.4305 	 -19.3036 	 12.633}
			{poly "piece01"}
		}
		{bone "piece10"
			{Position 15.0669 	 27.4696 	 101.902}
			{poly "piece10"}
		}
	}
}
{"volumes"
	{"piece01"
		{box 5.40378 1.25483 38.5112}
		{bone "piece01"}
		{matrix34
			-0.0791 	 0 	 -0.9969
			0 	 1 	 0
			0.9969 	 0 	 -0.0791
			-0.1289 	 0.0346 	 0.1692
		}
	}
	{"piece02"
		{box 2.3622 2.98768 51.7658}
		{bone "piece02"}
		{matrix34
			1 	 0 	 0
			0 	 0 	 1
			0 	 -1 	 0
			-0.1115 	 0.2991 	 0.0194
		}
	}
	{"piece03"
		{cylinder 2.0525 48.2108}
		{bone "piece03"}
		{matrix34
			0.9706 	 0.2391 	 -0.0281
			-0.2302 	 0.9559 	 0.1821
			0.0704 	 -0.1703 	 0.9829
			-1.4232 	 -1.0226 	 -0.334
		}
	}
	{"piece04"
		{cylinder 2.0525 27.1017}
		{bone "piece04"}
		{matrix34
			0.9066 	 0.359 	 -0.2216
			-0.2959 	 0.9155 	 0.2726
			0.3007 	 -0.1815 	 0.9363
			-1.2615 	 1.238 	 0.7259
		}
	}
	{"piece05"
		{box 5.40378 1.25483 38.5112}
		{bone "piece05"}
		{matrix34
			0 	 0 	 -1
			0 	 1 	 0
			1 	 0 	 0
			0.8314 	 0.0087 	 0.095
		}
	}
	{"piece06"
		{box 1.58472 7.20607 23.5609}
		{bone "piece06"}
		{matrix34
			-0.0374 	 0.5739 	 -0.8181
			0.0886 	 -0.8135 	 -0.5747
			-0.9954 	 -0.094 	 -0.0204
			0.6209 	 -0.0366 	 0.1707
		}
	}
	{"piece07"
		{box 2.3622 2.98768 54.7073}
		{bone "piece07"}
		{matrix34
			-1 	 0 	 0
			0 	 -0.5736 	 0.8192
			0 	 0.8192 	 0.5736
			-0.1113 	 -0.1709 	 -0.1606
		}
	}
	{"piece08"
		{box 2.3622 2.98768 62.6366}
		{bone "piece08"}
		{matrix34
			0 	 1 	 0
			0 	 0 	 1
			1 	 0 	 0
			0.6033 	 -0.0175 	 0.1016
		}
	}
	{"piece09"
		{box 1.41732 2.09138 50.702}
		{bone "piece09"}
		{matrix34
			0 	 -0.5736 	 0.8192
			0 	 -0.8192 	 -0.5736
			1 	 0 	 0
			-0.1058 	 -0.0349 	 0.0295
		}
	}
	{"piece10"
		{box 1.41732 2.09138 30.4212}
		{bone "piece10"}
		{matrix34
			0 	 -0.5736 	 0.8192
			0 	 -0.8192 	 -0.5736
			1 	 0 	 0
			-0.4174 	 -0.0932 	 0.0216
		}
	}
	{"piece11"
		{box 1.58472 7.20607 23.5632}
		{bone "piece11"}
		{matrix34
			0.0785 	 0.5138 	 -0.8543
			-0.0269 	 -0.8555 	 -0.517
			-0.9966 	 0.0636 	 -0.0533
			-0.8247 	 0.1368 	 -0.2255
		}
	}
	{"piece12"
		{box 2.3622 2.98768 31.3732}
		{bone "piece12"}
		{matrix34
			-1 	 0 	 0
			0 	 0 	 1
			0 	 1 	 0
			0.1151 	 -0.6815 	 0.0731
		}
	}
}
