;Exported by	: joomb
;Date			: 13.04.2023 16:06:27
;File			: H:\git\gem2-mdl-soldiers\models\building\building_ua01\building_06_v2a.max
{skeleton
	{bone "b_ua_06_piece07"
		{orientation
			1 	 0 	 0
			0 	 -1 	 0
			0 	 0 	 1
		}
		{poly "b_ua_06_piece07"}
		{bone "fix07"
			{Position -9.3121 	 108.082 	 -31.532}
		}
		{bone "fix08"
			{Position -33.6602 	 -28.9125 	 -31.532}
		}
	}
}
{"volumes"
	{"roof01"
		{box 99.5229 1.9685 20.3909}
		{bone "b_ua_06_piece07"}
		{matrix34
			-1 	 0 	 0
			0 	 -0.815 	 -0.5795
			0 	 -0.5795 	 0.815
			-22.2848 	 87.4593 	 -4.4188
		}
	}
	{"roof02"
		{box 86.5849 1.9685 20.3909}
		{bone "b_ua_06_piece07"}
		{matrix34
			-1 	 0 	 0
			0 	 -0.815 	 -0.5795
			0 	 -0.5795 	 0.815
			-22.2848 	 75.5997 	 12.2602
		}
	}
	{"roof03"
		{box 94.0949 1.9685 20.3909}
		{bone "b_ua_06_piece07"}
		{matrix34
			-1 	 0 	 0
			0 	 -0.815 	 -0.5795
			0 	 -0.5795 	 0.815
			-17.336 	 63.846 	 28.7902
		}
	}
	{"roof04"
		{box 32.9332 1.9685 16.9245}
		{bone "b_ua_06_piece07"}
		{matrix34
			-1 	 0 	 0
			0 	 -0.815 	 -0.5795
			0 	 -0.5795 	 0.815
			16.8395 	 97.2018 	 -18.1203
		}
	}
	{"roof05"
		{polyhedron}
		{bone "b_ua_06_piece07"}
		{matrix34
			-1 	 0 	 0
			0 	 -0.815 	 -0.5795
			0 	 -0.5795 	 0.815
			-50.6998 	 103.62 	 -26.1882
		}
	}
	{"roof06"
		{box 93.5117 1.9685 26.7121}
		{bone "b_ua_06_piece07"}
		{matrix34
			1 	 0 	 0
			0 	 0.815 	 -0.5795
			0 	 0.5795 	 0.815
			-19.0771 	 -4.3258 	 1.411
		}
	}
	{"roof07"
		{polyhedron}
		{bone "b_ua_06_piece07"}
		{matrix34
			1 	 0 	 0
			0 	 0.815 	 -0.5795
			0 	 0.5795 	 0.815
			-24.9183 	 3.1202 	 11.8827
		}
	}
	{"roof08"
		{box 61.9422 1.9685 16.2944}
		{bone "b_ua_06_piece07"}
		{matrix34
			1 	 0 	 0
			0 	 0.815 	 -0.5795
			0 	 0.5795 	 0.815
			-3.4736 	 -16.9239 	 -16.3065
		}
	}
	{"roof09"
		{box 81.3552 4.37008 26.7121}
		{bone "b_ua_06_piece07"}
		{matrix34
			1 	 0 	 0
			0 	 0.815 	 -0.5795
			0 	 0.5795 	 0.815
			-19.077 	 28.4939 	 47.5674
		}
	}
	{"roof10"
		{box 81.3552 4.37008 30.1847}
		{bone "b_ua_06_piece07"}
		{matrix34
			-1 	 0 	 0
			0 	 -0.7614 	 -0.6483
			0 	 -0.6483 	 0.7614
			-19.0771 	 50.3235 	 47.1777
		}
	}
	{"roof11"
		{box 81.3552 4.37008 29.2882}
		{bone "b_ua_06_piece07"}
		{matrix34
			-1 	 0 	 0
			0 	 -0.7614 	 -0.6483
			0 	 -0.6483 	 0.7614
			65.8404 	 48.0436 	 46.9439
		}
	}
}
