;Exported by:	 tolokolnikova
;Date:			 27.06.2017 14:38:46
;File:			 D:\gem2\gem2-mdl-soldiers\models\building\house_D\D_004_x_fort.max
{skeleton
	{bone "d004_piece13_point"
		{orientation
			1 	 0 	 0
			0 	 -1 	 0
			0 	 0 	 1
		}
		{bone "sub_piece01"
			{Position 13.2692 	 -0.8648 	 7.9971}
			{poly "sub_piece01"}
		}
		{bone "sub_piece04"
			{Position -9.5999 	 15.0952 	 15.4528}
			{poly "sub_piece04"}
		}
		{bone "sub_piece03"
			{Position 7.8388 	 -33.6373 	 0.3244}
			{poly "sub_piece03"}
		}
		{bone "sub_piece05"
			{Position -12.7641 	 -8.7989 	 9.3622}
			{poly "sub_piece05"}
		}
		{bone "piece01"
			{Position 19.2522 	 0.7523 	 -8.7518}
			{poly "piece01"}
		}
		{bone "piece03"
			{Position 19.2522 	 15.966 	 2.9684}
			{poly "piece03"}
		}
		{bone "sub_piece02"
			{Position 11.1607 	 -41.2309 	 -8.4754}
			{poly "sub_piece02"}
		}
		{bone "piece02"
			{matrix34
				1 	 0 	 0
				0 	 0.9397 	 0.342
				0 	 -0.342 	 0.9397
				19.2522 	 -25.6782 	 -6.6393
			}
			{poly "piece02"}
		}
	}
}
{volume "piece01"
	{box 5.90551 28.7708 17.978}
	{bone "piece01"}
	{matrix34
		1 	 0 	 0
		0 	 0.8192 	 -0.5736
		0 	 0.5736 	 0.8192
		0 	 -0.8123 	 -0.6689
	}
}
{volume "piece02"
	{box 5.90551 13.9966 13.1239}
	{bone "piece02"}
	{Position 0 	 0 	 -0.2243}
}
{volume "piece03"
	{box 5.90551 13.9966 18.3275}
	{bone "piece03"}
	{matrix34
		1 	 0 	 0
		0 	 0.9063 	 0.4226
		0 	 -0.4226 	 0.9063
		0 	 0.2658 	 0.4912
	}
}
{volume "sub_piece01"
	{box 7.45568 19.5838 24.1433}
	{bone "sub_piece01"}
	{Position 0 	 0 	 2.1381}
}
{volume "sub_piece02"
	{box 5.90551 13.9966 8.79302}
	{bone "sub_piece02"}
	{matrix34
		-0.0236 	 -0.9997 	 0.0007
		0.9965 	 -0.0236 	 -0.0806
		0.0806 	 -0.0012 	 0.9967
		3.2413 	 -0.2021 	 -0.6627
	}
}
{volume "sub_piece03"
	{box 16.3187 16.756 0.984252}
	{bone "sub_piece03"}
	{matrix34
		1 	 0 	 0
		0 	 0.9397 	 0.342
		0 	 -0.342 	 0.9397
		0.1479 	 0.2547 	 -0.1013
	}
}
{volume "sub_piece04"
	{box 64.48 2.95276 3.54331}
	{bone "sub_piece04"}
	{Position 2.4921 	 0 	 -0.0634}
}
{volume "sub_piece05"
	{box 17.7377 16.756 0.984252}
	{bone "sub_piece05"}
	{matrix34
		1 	 0 	 0
		0 	 0.9397 	 0.342
		0 	 -0.342 	 0.9397
		2.8725 	 0.1594 	 0.7488
	}
}
