;Exported by: sana
;Date:        Thu Apr 26 13:37:58 2007
;File:        D:\-Project-\-3DWork-\Entourage\School_Ru\School_ru_cut3a_x.max
{Skeleton
	{bone "school_ru_roof_x"
		{Orientation
			1	0	0
			0	-1	0
			0	0	1
		}
		{bone "piece03"
			{Position -74.9928	28.6939	11.9036}
			{poly "piece03"}
		}
		{bone "piece08"
			{Position -28.7863	21.5397	14.0762}
			{poly "piece08"}
		}
		{bone "piece02"
			{Position -67.2018	-9.63288	12.7242}
			{poly "piece02"}
			{bone "sub_piece02"
				{Position 39.0522	0.600464	0.410393}
				{poly "sub_piece02"}
			}
		}
		{bone "piece06"
			{Position 6.0013	-16.1286	12.5489}
			{poly "piece06"}
		}
		{bone "piece07"
			{Position 7.05221	27.3277	12.7928}
			{poly "piece07"}
		}
		{bone "piece04"
			{Position 3.02702	0.777771	10.2161}
			{poly "piece04"}
		}
		{bone "piece01"
			{Position -0.399185	7.60429	-0.858635}
			{poly "piece01"}
		}
		{bone "piece05"
			{Position 1.79021	1.97231	-14.6923}
			{poly "piece05"}
		}
	}
}
{Volume "piece01"
	{Box 4.21907 3.09741 27.4917}
	{Bone "piece01"}
	{Matrix34
		0.70822	0	0.705992
		0	1	0
		-0.705992	0	0.70822
		0.232503	0	0.0579576
	}
}
{Volume "piece02"
	{Box 50.9173 34.1577 2.27374}
	{Bone "piece02"}
	{Matrix34
		1	0	0
		0	0.969159	0.246436
		0	-0.246436	0.969159
		0	-0.108911	0.162924
	}
}
{Volume "piece03"
	{Box 37.737 42.4959 1.63599}
	{Bone "piece03"}
	{Matrix34
		1	0	0
		0	0.967346	-0.25346
		0	0.25346	0.967346
		0	1.30657	-0.592611
	}
}
{Volume "piece04"
	{Box 71.7082 4.69675 4.68095}
	{Bone "piece04"}
	{Matrix34
		0.889089	-0.456949	-0.0267904
		0.457114	0.889408	0
		0.0238276	-0.0122463	0.999641
		-0.0176363	0.00907162	-0.0773668
	}
}
{Volume "piece05"
	{Box 3.54559 70.1322 3.41449}
	{Bone "piece05"}
	{Position 1.52588e-005	0	0}
}
{Volume "piece06"
	{Box 56.3753 47.5444 7.42522}
	{Bone "piece06"}
	{Position -1.52588e-005	-1.52588e-005	0.622859}
}
{Volume "piece07"
	{Box 50.9603 39.6107 8.29452}
	{Bone "piece07"}
	{Position 0	0	0.587204}
}
{Volume "piece08"
	{Box 50.0679 28.1875 1.91264}
	{Bone "piece08"}
	{Matrix34
		1	0	0
		0	0.964771	-0.263091
		0	0.263091	0.964771
		-3.45241	-0.0886585	-0.27715
	}
}
{Volume "sub_piece02"
	{Box 38.6973 32.9568 2.03271}
	{Bone "sub_piece02"}
	{Matrix34
		1	0	0
		0	0.961845	0.273596
		0	-0.273596	0.961845
		-3.78407	0.440916	0.16494
	}
}
