;Exported by:	 tolokolnikova
;Date:			 27.06.2017 14:26:08
;File:			 D:\gem2\gem2-mdl-soldiers\models\building\shed_village_001\villige_fort_x.max
{skeleton
	{bone "shed_village_piece_002_point"
		{orientation
			1 	 0 	 0
			0 	 -1 	 0
			0 	 0 	 1
		}
		{bone "sub_piece01"
			{matrix34
				-0.4226 	 0 	 -0.9063
				0 	 -1 	 0
				-0.9063 	 0 	 0.4226
				18.3129 	 -11.4248 	 0.8329
			}
			{poly "sub_piece01"}
		}
		{bone "sub_piece03"
			{matrix34
				0.4226 	 0 	 -0.9063
				0 	 1 	 0
				0.9063 	 0 	 0.4226
				-13.8858 	 6.5514 	 -1.3643
			}
			{poly "sub_piece03"}
		}
		{bone "sub_piece04"
			{matrix34
				-0.4226 	 0 	 0.9063
				0 	 1 	 0
				0.9063 	 0 	 0.4226
				-8.5532 	 -11.4054 	 1.1224
			}
			{poly "sub_piece04"}
		}
		{bone "piece02"
			{matrix34
				0 	 1 	 0
				-0.4226 	 0 	 0.9063
				-0.9063 	 0 	 -0.4226
				-5.9473 	 -15.7371 	 3.894
			}
			{poly "piece02"}
		}
		{bone "sub_piece02"
			{matrix34
				0 	 1 	 0
				-0.4226 	 0 	 0.9063
				-0.9063 	 0 	 -0.4226
				-0.0016 	 3.0798 	 6.6665
			}
			{poly "sub_piece02"}
		}
		{bone "piece04"
			{matrix34
				0 	 1 	 0
				0.9063 	 0 	 -0.4226
				0.4226 	 0 	 0.9063
				13.6016 	 22.8896 	 4.6261
			}
			{poly "piece04"}
		}
		{bone "sub_piece05"
			{matrix34
				0 	 1 	 0
				0.9063 	 0 	 -0.4226
				0.4226 	 0 	 0.9063
				12.5344 	 6.363 	 5.0972
			}
			{poly "sub_piece05"}
		}
		{bone "piece01"
			{matrix34
				0 	 1 	 0
				0.9063 	 0 	 -0.4226
				0.4226 	 0 	 0.9063
				10.8177 	 -11.9398 	 5.8977
			}
			{poly "piece01"}
		}
		{bone "piece03"
			{matrix34
				0 	 1 	 0
				-0.4226 	 0 	 0.9063
				-0.9063 	 0 	 -0.4226
				-7.6132 	 19.3023 	 3.1171
			}
			{poly "piece03"}
		}
	}
}
{volume "piece01"
	{box 1.9685 23.4466 14.0827}
	{bone "piece01"}
	{matrix34
		0 	 0 	 -1
		-0.9998 	 0.0187 	 0
		-0.0187 	 -0.9998 	 0
		1.5736 	 -0.0215 	 -0.1166
	}
}
{volume "piece02"
	{box 1.9685 21.4234 17.9438}
	{bone "piece02"}
	{matrix34
		-0.0031 	 -0.9999 	 -0.0116
		0.9991 	 -0.0036 	 0.0432
		0.0432 	 0.0114 	 -0.999
		-0.1224 	 -0.1855 	 0.1797
	}
}
{volume "piece03"
	{box 1.9685 14.9964 27.0952}
	{bone "piece03"}
	{matrix34
		-0.0031 	 -0.9999 	 -0.0116
		0.9991 	 -0.0036 	 0.0432
		0.0432 	 0.0114 	 -0.999
		-0.4886 	 -0.3123 	 0.086
	}
}
{volume "piece04"
	{box 1.9685 14.7713 13.2116}
	{bone "piece04"}
	{matrix34
		0 	 0 	 -1
		-0.9998 	 0.0187 	 0
		-0.0187 	 -0.9998 	 0
		-0.2962 	 -2.4504 	 -0.1407
	}
}
{volume "sub_piece01"
	{box 29.0831 1.9685 2.21102}
	{bone "sub_piece01"}
	{matrix34
		0 	 0 	 -1
		0 	 -1 	 0
		-1 	 0 	 0
		-0.0681 	 0.0503 	 0.8183
	}
}
{volume "sub_piece02"
	{box 10.7259 10.1179 1.00215}
	{bone "sub_piece02"}
	{matrix34
		0 	 0 	 -1
		0.9978 	 -0.0661 	 0
		0.0661 	 0.9978 	 0
		0.1675 	 0.1409 	 0.0982
	}
}
{volume "sub_piece03"
	{box 1.9685 1.9685 39.6249}
	{bone "sub_piece03"}
	{Position -0.0922 	 0.0286 	 1.634}
}
{volume "sub_piece04"
	{box 1.9685 1.9685 22.6655}
	{bone "sub_piece04"}
	{matrix34
		-1 	 0 	 0
		0 	 1 	 0
		0 	 0 	 1
		0.0922 	 0.0977 	 -0.898
	}
}
{volume "sub_piece05"
	{box 1.9685 6.97946 10.5983}
	{bone "sub_piece05"}
	{matrix34
		0 	 0 	 -1
		-0.9998 	 0.0187 	 0
		-0.0187 	 -0.9998 	 0
		-0.2674 	 -0.0639 	 -0.1166
	}
}
