;Exported by	: KobaA
;Date			: 17.01.2024 13:26:46
;File			: d:\git\gem2-mdl-soldiers\models\building\water_mill\water_mill_fort_cut.max
{skeleton
	{bone "h_80_g2_piece12"
		{orientation
			1 	 0 	 0
			0 	 -1 	 0
			0 	 0 	 1
		}
		{poly "h_80_g2_piece12"}
		{bone "fix14"
			{Position -7.8815 	 18.1716 	 -35.9663}
		}
		{bone "fix13"
			{Position -42.6319 	 18.1716 	 -17.3324}
		}
		{bone "fix12"
			{Position 23.8268 	 18.1716 	 -17.3324}
		}
	}
}
{"volumes"
	{"body1"
		{box 26.5061 5.96457 21.8561}
		{bone "h_80_g2_piece12"}
		{matrix34
			-1 	 0 	 0
			0 	 -1 	 0
			0 	 0 	 1
			5.6787 	 18.1716 	 -15.1823
		}
	}
	{"body2"
		{polyhedron}
		{bone "h_80_g2_piece12"}
		{matrix34
			-1 	 0 	 0
			0 	 -1 	 0
			0 	 0 	 1
			-16.8181 	 18.1716 	 -25.6624
		}
	}
	{"body3"
		{polyhedron}
		{bone "h_80_g2_piece12"}
		{matrix34
			-1 	 0 	 0
			0 	 -1 	 0
			0 	 0 	 1
			-25.6318 	 18.1716 	 -25.6624
		}
	}
	{"roof1"
		{box 36.8299 2.10857 50.5225}
		{bone "h_80_g2_piece12"}
		{matrix34
			1 	 0 	 0
			0 	 0.5598 	 0.8286
			0 	 -0.8286 	 0.5598
			-2.4545 	 2.0374 	 10.9933
		}
	}
	{"roof2"
		{box 5.15618 2.10857 15.662}
		{bone "h_80_g2_piece12"}
		{matrix34
			1 	 0 	 0
			0 	 0.5598 	 0.8286
			0 	 -0.8286 	 0.5598
			18.5704 	 -4.0781 	 15.1249
		}
	}
	{"roof3"
		{box 5.15618 2.10857 15.662}
		{bone "h_80_g2_piece12"}
		{matrix34
			1 	 0 	 0
			0 	 0.5598 	 0.8286
			0 	 -0.8286 	 0.5598
			-23.4358 	 16.4806 	 1.2358
		}
	}
}
