;Exported by:	 tolokolnikova
;Date:			 30.03.2016 11:54:15
;File:			 D:\gem2\gem2-mdl-soldiers\models\entourage\Ship_wood\Ship_wood.max
{skeleton
	{bone "basis002"
		{orientation
			1 	 0 	 0
			0 	 -1 	 0
			0 	 0 	 1
		}
		{bone "ship003"
			{Position 4.6516 	 1.3817 	 6.15}
			{LODView
				{poly "ship003"}
				{poly "ship003_lod1"}
				{poly "ship003_lod2"}
			}
		}
	}
}
{obstacle "wood01"
	{obb2
		{center -15.2171 -0.579041}
		{extent 37.5098 7.21554}
		{axis 1 0}
	}
	{rotate}
	{Tags "body" "fire"}
}
{obstacle "wood02"
	{obb2
		{center -18.5201 -9.54239}
		{extent 35.1394 1.28915}
		{axis 1 0}
	}
	{rotate}
	{Tags "body" "fire"}
}
{obstacle "wood03"
	{obb2
		{center -18.5201 8.65212}
		{extent 35.1394 1.6878}
		{axis 1 0}
	}
	{rotate}
	{Tags "body" "fire"}
}
{obstacle "wood04"
	{obb2
		{center 32.0381 -6.14201}
		{extent 16.3725 1.32062}
		{axis 0.96596 0.258691}
	}
	{rotate}
	{Tags "body" "fire"}
}
{obstacle "wood05"
	{obb2
		{center 32.0986 6.38525}
		{extent 1.82828 16.3031}
		{axis 0.139892 0.990167}
	}
	{rotate}
	{Tags "body" "fire"}
}
{obstacle "wood06"
	{obb2
		{center -52.3234 -0.284973}
		{extent 0.526058 8.26988}
		{axis 0.996199 0.0871117}
	}
	{rotate}
	{Tags "body" "fire"}
}
{obstacle "wood07"
	{obb2
		{center 46.4112 -0.284973}
		{extent 2.27126 2.72817}
		{axis 1 0}
	}
	{rotate}
	{Tags "body" "fire"}
}
{obstacle "wood08"
	{obb2
		{center 33.1988 -0.579041}
		{extent 10.8929 5.91674}
		{axis 1 0}
	}
	{rotate}
	{Tags "body" "fire"}
}
{volume "wood01"
	{box 75.0196 14.4311 0.923006}
	{bone "basis002"}
	{Position -15.2171 	 0.579 	 0.4615}
}
{volume "wood02"
	{box 70.2789 0.982875 9.56234}
	{bone "basis002"}
	{matrix34
		1 	 0 	 0
		0 	 0.9857 	 -0.1683
		0 	 0.1683 	 0.9857
		-18.5201 	 9.5424 	 4.713
	}
}
{volume "wood03"
	{box 70.2789 0.982875 9.56234}
	{bone "basis002"}
	{matrix34
		-1 	 0 	 0
		0 	 -0.9673 	 -0.2536
		0 	 -0.2536 	 0.9673
		-18.5201 	 -8.6521 	 4.6249
	}
}
{volume "wood04"
	{box 32.3444 0.982875 9.56234}
	{bone "basis002"}
	{matrix34
		0.9659 	 -0.2549 	 0.0449
		0.2588 	 0.9522 	 -0.1624
		-0.0014 	 0.1685 	 0.9857
		32.0381 	 6.142 	 4.7128
	}
}
{volume "wood05"
	{box 32.3444 0.982875 9.56234}
	{bone "basis002"}
	{matrix34
		0.9895 	 0.1416 	 0.0295
		-0.1442 	 0.9499 	 0.2774
		0.0113 	 -0.2787 	 0.9603
		32.0986 	 -6.3853 	 4.5914
	}
}
{volume "wood06"
	{box 0.95402 16.5344 7.35823}
	{bone "basis002"}
	{matrix34
		0.9967 	 -0.0812 	 0
		0.0812 	 0.9967 	 0
		0 	 0 	 1
		-52.3234 	 0.285 	 3.6791
	}
}
{volume "wood07"
	{box 0.763216 5.45635 11.1845}
	{bone "basis002"}
	{matrix34
		0.9397 	 0 	 -0.342
		0 	 1 	 0
		0.342 	 0 	 0.9397
		46.4112 	 0.285 	 5.255
	}
}
{volume "wood08"
	{box 21.7857 11.8335 0.923006}
	{bone "basis002"}
	{Position 33.1988 	 0.579 	 0.4615}
}
