;Exported by	: KobaA
;Date			: 15.01.2024 17:29:01
;File			: d:\git\gem2-mdl-soldiers\models\building\house_70\house_70_fort_x.max
{skeleton
	{bone "h_70_piece04_x"
		{orientation
			1 	 0 	 0
			0 	 -1 	 0
			0 	 0 	 1
		}
		{bone "piece05"
			{matrix34
				1 	 0 	 0
				0 	 1 	 0
				0 	 0 	 1
				35.1201 	 -22.161 	 -4.8008
			}
			{poly "piece05"}
		}
		{bone "sub_piece03"
			{Position 35.1127 	 -5.9321 	 -16.745}
			{poly "sub_piece03"}
		}
		{bone "piece01"
			{Position 35.1127 	 11.0309 	 -1.5763}
			{poly "piece01"}
		}
		{bone "sub_piece02"
			{Position 35.0837 	 19.8633 	 -14.1415}
			{poly "sub_piece02"}
		}
		{bone "sub_piece01"
			{matrix34
				1 	 0 	 0
				0 	 0.4226 	 -0.9063
				0 	 0.9063 	 0.4226
				35.1127 	 -18.6425 	 -20.783
			}
			{poly "sub_piece01"}
		}
		{bone "piece02"
			{matrix34
				1 	 0 	 0
				0 	 0.4226 	 -0.9063
				0 	 0.9063 	 0.4226
				35.1127 	 -5.7022 	 -3.5117
			}
			{poly "piece02"}
		}
		{bone "piece03"
			{matrix34
				0 	 -1 	 0
				1 	 0 	 0
				0 	 0 	 1
				24.5835 	 0.5592 	 19.0744
			}
			{poly "piece03"}
		}
		{bone "piece04"
			{matrix34
				0 	 -1 	 0
				1 	 0 	 0
				0 	 0 	 1
				13.2994 	 -19.483 	 26.8605
			}
			{poly "piece04"}
		}
		{bone "h_70_piece04a"
			{Position 0 	 0 	 0}
			{poly "h_70_piece04a"}
		}
		{bone "stones_001"
			{parameters "land;ground;"}
			{matrix34
				-1 	 0 	 0
				0 	 -1 	 0
				0 	 0 	 1
				45.9621 	 -4.7119 	 -38.486
			}
			{poly "stones_001" {ground}}
		}
		{bone "fort_wall"
			{matrix34
				0 	 -1 	 0
				1 	 0 	 0
				0 	 0 	 1
				43.5772 	 -12.7201 	 -36.4141
			}
		}
		{bone "debris_land_001"
			{parameters "land;ground;"}
			{matrix34
				-1 	 0 	 0
				0 	 -1 	 0
				0 	 0 	 1
				45.9754 	 -4.7119 	 -38.486
			}
			{poly "debris_land_001" {ground}}
		}
		{bone revolute "attach2"
			{Position 19.7671 	 0.8696 	 -42.0419}
		}
		{bone revolute "attach1"
			{Position 19.7671 	 -16.566 	 -42.0419}
		}
	}
}
{"volumes"
	{"piece01"
		{box 5.90551 19.425 9.6468}
		{bone "piece01"}
		{matrix34
			-1 	 0 	 0
			0 	 -1 	 0
			0 	 0 	 1
			0 	 -0.0604 	 0.5192
		}
	}
	{"piece02"
		{box 5.90551 19.425 9.6468}
		{bone "piece02"}
		{matrix34
			-1 	 0 	 0
			0 	 -1 	 0
			0 	 0 	 1
			0 	 0.9729 	 -0.3727
		}
	}
	{"piece03"
		{box 1.58609 26.0377 14.1158}
		{bone "piece03"}
		{matrix34
			0 	 0.5736 	 0.8192
			-1 	 0 	 0
			0 	 -0.8192 	 0.5736
			-0.3279 	 -0.0638 	 -0.0227
		}
	}
	{"piece04"
		{box 1.58609 12.4981 18.8705}
		{bone "piece04"}
		{matrix34
			0 	 0.5736 	 0.8192
			-1 	 0 	 0
			0 	 -0.8192 	 0.5736
			-1.4205 	 0.3913 	 -0.2571
		}
	}
	{"piece05"
		{box 5.90551 11.8492 15.049}
		{bone "piece05"}
		{matrix34
			-1 	 0 	 0
			0 	 -0.9659 	 -0.2588
			0 	 -0.2588 	 0.9659
			0 	 -0.2103 	 -0.3737
		}
	}
	{"sub_piece01"
		{box 5.90551 6.31431 10.9153}
		{bone "sub_piece01"}
		{matrix34
			-1 	 0 	 0
			0 	 -0.766 	 0.6428
			0 	 0.6428 	 0.766
			0 	 -0.4428 	 -0.0752
		}
	}
	{"sub_piece02"
		{box 5.90551 9.71432 6.99701}
		{bone "sub_piece02"}
		{matrix34
			-1 	 0 	 0
			0 	 -1 	 0
			0 	 0 	 1
			0 	 0.4705 	 -0.1884
		}
	}
	{"sub_piece03"
		{box 5.90551 6.60838 5.87984}
		{bone "sub_piece03"}
		{matrix34
			-1 	 0 	 0
			0 	 -1 	 0
			0 	 0 	 1
			0 	 0.0863 	 -0.5668
		}
	}
	{"target_vol_001"
		{box 9.84252 11.811 15.6501}
		{bone "h_70_piece04_x"}
		{matrix34
			1 	 0 	 0
			0 	 1 	 0
			0 	 0 	 1
			35.2807 	 -16.566 	 -18.6533
		}
	}
	{"target_vol_002"
		{box 9.84252 11.811 15.6501}
		{bone "h_70_piece04_x"}
		{matrix34
			1 	 0 	 0
			0 	 1 	 0
			0 	 0 	 1
			35.2807 	 0.8696 	 -18.6533
		}
	}
	{"vol_01"
		{polyhedron}
		{bone "h_70_piece04a"}
		{Position 35.0618 	 19.1371 	 -26.0331}
	}
	{"vol_02"
		{box 6.69291 32.5926 7.08291}
		{bone "h_70_piece04a"}
		{Position 35.0618 	 -43.8287 	 -22.4916}
	}
	{"vol_03"
		{box 6.69291 98.7654 16.4719}
		{bone "h_70_piece04a"}
		{Position 35.0618 	 -12.0827 	 -33.7934}
	}
}
