;Exported by	: KobaA
;Date			: 11.01.2024 14:04:21
;File			: d:\git\gem2-mdl-soldiers\models\building\house_001a_g2\house_001a_g2_x.max
{skeleton
	{bone "house_001a_piece_003_x"
		{orientation
			1 	 0 	 0
			0 	 -1 	 0
			0 	 0 	 1
		}
		{bone "sub_piece02"
			{Position -14.0269 	 -6.8895 	 9.7238}
			{poly "sub_piece02"}
		}
		{bone "sub_piece01"
			{Position 16.2619 	 -6.8895 	 -2.8608}
			{poly "sub_piece01"}
		}
		{bone "piece02"
			{Position -6.0941 	 -6.8796 	 17.1295}
			{poly "piece02"}
		}
		{bone "piece01"
			{Position -17.0392 	 -6.8895 	 26.4173}
			{poly "piece01"}
		}
		{bone "piece00"
			{Position 6.8063 	 -6.8895 	 4.471}
			{poly "piece00"}
			{bone "sub_piece00"
				{Position 5.338 	 0 	 7.9093}
				{poly "sub_piece00"}
			}
		}
	}
}
{"volumes"
	{"piece00"
		{box 5.90551 14.2152 9.09982}
		{bone "piece00"}
		{matrix34
			0 	 -1 	 0
			0.887 	 0 	 -0.4617
			0.4617 	 0 	 0.887
			1.0854 	 0.1413 	 0.2267
		}
	}
	{"piece01"
		{box 5.90551 11.1061 19.9988}
		{bone "piece01"}
		{matrix34
			0 	 -1 	 0
			1 	 0 	 0
			0 	 0 	 1
			-0.5835 	 0.1413 	 0.6166
		}
	}
	{"piece02"
		{box 5.90551 18.6219 13.0328}
		{bone "piece02"}
		{matrix34
			0 	 -1 	 0
			0.6756 	 0 	 -0.7373
			0.7373 	 0 	 0.6756
			0.0283 	 0.1315 	 -1.0083
		}
	}
	{"sub_piece00"
		{box 5.90551 14.2152 6.00588}
		{bone "sub_piece00"}
		{matrix34
			0 	 -1 	 0
			1 	 0 	 0
			0 	 0 	 1
			-0.125 	 0.1413 	 0.3547
		}
	}
	{"sub_piece01"
		{box 5.90551 7.89735 5.75938}
		{bone "sub_piece01"}
		{matrix34
			0 	 -1 	 0
			0.7071 	 0 	 0.7071
			-0.7071 	 0 	 0.7071
			-0.2426 	 0.1413 	 0.1159
		}
	}
	{"sub_piece02"
		{box 5.90551 13.2216 12.1205}
		{bone "sub_piece02"}
		{matrix34
			0 	 -1 	 0
			0.9848 	 0 	 0.1736
			-0.1736 	 0 	 0.9848
			-2.0395 	 0.1413 	 -0.1771
		}
	}
}
