;Exported by	: KobaA
;Date			: 12.03.2024 14:51:48
;File			: d:\git\gem2-mdl-soldiers\models\entourage\railway\trainstation\station004_x.max
{skeleton
	{bone "station004_piece_002_x"
		{orientation
			1 	 0 	 0
			0 	 -1 	 0
			0 	 0 	 1
		}
		{bone "sub_piece03"
			{matrix34
				0.3828 	 -0.9238 	 0
				0.9238 	 0.3828 	 0
				0 	 0 	 1
				12.0261 	 -17.5634 	 -8.1519
			}
			{poly "sub_piece03"}
		}
		{bone "sub_piece02"
			{matrix34
				-0.9238 	 -0.3828 	 0
				0.3828 	 -0.9238 	 0
				0 	 0 	 1
				-2.6638 	 -17.008 	 -3.8885
			}
			{poly "sub_piece02"}
		}
		{bone "sub_piece04"
			{matrix34
				0.2707 	 -0.9238 	 -0.2707
				0.6532 	 0.3828 	 -0.6532
				0.7071 	 0 	 0.7071
				30.023 	 -17.5634 	 -4.9657
			}
			{poly "sub_piece04"}
		}
		{bone "piece03"
			{matrix34
				0.3828 	 -0.9238 	 0
				0.9238 	 0.3828 	 0
				0 	 0 	 1
				25.2141 	 -20.1008 	 12.197
			}
			{poly "piece03"}
		}
		{bone "sub_piece01"
			{matrix34
				0.3828 	 -0.9238 	 0
				0.9238 	 0.3828 	 0
				0 	 0 	 1
				3.1143 	 -17.5634 	 14.5167
			}
			{poly "sub_piece01"}
		}
		{bone "piece01"
			{matrix34
				0.3828 	 -0.9238 	 0
				0.9238 	 0.3828 	 0
				0 	 0 	 1
				53.1458 	 -18.6749 	 13.172
			}
			{poly "piece01"}
		}
		{bone "piece02"
			{matrix34
				1 	 -0.0017 	 0
				0.0017 	 0.972 	 0.2351
				-0.0004 	 -0.2351 	 0.972
				55.5335 	 -11.612 	 30.2069
			}
			{poly "piece02"}
		}
		{bone "piece04"
			{matrix34
				-1 	 0 	 0
				0 	 -0.9593 	 0.2823
				0 	 0.2823 	 0.9593
				3.7011 	 -8.6563 	 30.5404
			}
			{poly "piece04"}
		}
		{bone "sub_piece05"
			{matrix34
				0 	 -0.9522 	 0.3053
				1 	 0 	 0
				0 	 0.3053 	 0.9522
				4.1833 	 -5.0297 	 31.8509
			}
			{poly "sub_piece05"}
		}
		{bone "fort_wall"
			{matrix34
				-1 	 0 	 0
				0 	 -1 	 0
				0 	 0 	 1
				15.2319 	 -29.8494 	 -33.7706
			}
		}
		{bone "group001"
			{Position 27.8273 	 -18.7453 	 -38.0269}
			{poly "group001"}
			{bone "attach3"
				{matrix34
					0 	 -1 	 0
					1 	 0 	 0
					0 	 0 	 1
					11.5205 	 11.9123 	 -2.7835
				}
			}
			{bone "attach1"
				{matrix34
					0 	 -1 	 0
					1 	 0 	 0
					0 	 0 	 1
					-34.4619 	 11.1322 	 -2.7835
				}
			}
			{bone "attach2"
				{matrix34
					0 	 -1 	 0
					1 	 0 	 0
					0 	 0 	 1
					-11.797 	 11.3554 	 -2.7835
				}
			}
		}
		{bone "stones_x015"
			{parameters "land;ground;"}
			{matrix34
				0.7071 	 -0.7071 	 0
				0.7071 	 0.7071 	 0
				0 	 0 	 1
				15.2319 	 -29.8494 	 -43.6132
			}
			{poly "stones_x015" {ground}}
		}
	}
}
{"volumes"
	{"body01"
		{polyhedron}
		{bone "group001"}
		{matrix34
			-1 	 0 	 0
			0 	 -1 	 0
			0 	 0 	 1
			-27.9754 	 2.6032 	 4.093
		}
	}
	{"piece01"
		{box 16.8554 5.90551 12.8104}
		{bone "piece01"}
		{matrix34
			0.3828 	 0.9238 	 0
			-0.9238 	 0.3828 	 0
			0 	 0 	 1
			0 	 0 	 0.0261
		}
	}
	{"piece02"
		{box 19.8865 27.5481 0.914963}
		{bone "piece02"}
		{matrix34
			-1 	 -0.0017 	 0
			0.0017 	 -1 	 -0.007
			0 	 -0.007 	 1
			-0.0226 	 1.2808 	 0.0056
		}
	}
	{"piece03"
		{box 16.8554 5.90551 12.8104}
		{bone "piece03"}
		{matrix34
			0.3828 	 0.9238 	 0
			-0.9238 	 0.3828 	 0
			0 	 0 	 1
			0 	 0 	 0.0261
		}
	}
	{"piece04"
		{box 9.86176 31.9857 0.834458}
		{bone "piece04"}
		{matrix34
			1 	 0 	 0
			0 	 0.8625 	 -0.506
			0 	 0.506 	 0.8625
			-19.8859 	 3.488 	 -1.9549
		}
	}
	{"sub_piece01"
		{box 9.27048 5.90551 9.59499}
		{bone "sub_piece01"}
		{matrix34
			0.3828 	 0.9238 	 0
			-0.9238 	 0.3828 	 0
			0 	 0 	 1
			0 	 0 	 0.3423
		}
	}
	{"sub_piece02"
		{polyhedron}
		{bone "sub_piece02"}
		{matrix34
			-0.9238 	 0.3828 	 0
			-0.3828 	 -0.9238 	 0
			0 	 0 	 1
			0 	 0 	 -5.705
		}
	}
	{"sub_piece03"
		{box 9.27048 5.90551 9.59499}
		{bone "sub_piece03"}
		{matrix34
			0.3828 	 0.9238 	 0
			-0.9238 	 0.3828 	 0
			0 	 0 	 1
			0 	 0 	 0.3423
		}
	}
	{"sub_piece04"
		{box 9.27048 5.90551 9.59499}
		{bone "sub_piece04"}
		{matrix34
			0.3828 	 0.9238 	 0
			-0.9238 	 0.3828 	 0
			0 	 0 	 1
			0 	 0 	 0.3423
		}
	}
	{"sub_piece05"
		{box 9.8222 21.874 0.843178}
		{bone "sub_piece05"}
		{matrix34
			0 	 -1 	 0
			0.8501 	 0 	 -0.5266
			0.5266 	 0 	 0.8501
			-0.2824 	 -0.0286 	 0.0659
		}
	}
	{"target_vol_01"
		{box 11.811 11.811 19.685}
		{bone "group001"}
		{matrix34
			0 	 -1 	 0
			1 	 0 	 0
			0 	 0 	 1
			-34.4619 	 11.1322 	 14.0987
		}
	}
	{"target_vol_02"
		{box 11.811 11.811 19.685}
		{bone "group001"}
		{matrix34
			0 	 -1 	 0
			1 	 0 	 0
			0 	 0 	 1
			-11.797 	 11.3554 	 14.0987
		}
	}
	{"target_vol_03"
		{box 11.811 11.811 19.685}
		{bone "group001"}
		{matrix34
			0 	 -1 	 0
			1 	 0 	 0
			0 	 0 	 1
			11.5205 	 11.9123 	 14.0987
		}
	}
}
