;Exported by	: KobaA
;Date			: 04.03.2024 15:55:38
;File			: d:\git\gem2-mdl-soldiers\models\building\b3\build_vil_003a.max
{skeleton
	{bone "b_vil_piece_03"
		{orientation
			1 	 0 	 0
			0 	 -1 	 0
			0 	 0 	 1
		}
		{poly "b_vil_piece_03"}
		{bone revolute "attach2"
			{matrix34
				0 	 1 	 0
				-1 	 0 	 0
				0 	 0 	 1
				-2.4625 	 -0.5185 	 -49.8618
			}
		}
		{bone revolute "attach1"
			{Position 10.9447 	 -11.4584 	 -49.8618}
		}
		{bone "fort_wall"
			{matrix34
				0 	 -1 	 0
				1 	 0 	 0
				0 	 0 	 1
				36.4528 	 -3.1703 	 -47.0411
			}
		}
	}
}
{"volumes"
	{"body01"
		{box 56.3916 5.9458 68.4917}
		{bone "b_vil_piece_03"}
		{matrix34
			0 	 1 	 0
			-1 	 0 	 0
			0 	 0 	 1
			29.4284 	 -2.7782 	 -22.9921
		}
	}
	{"body02"
		{box 60.4594 5.9458 63.4182}
		{bone "b_vil_piece_03"}
		{matrix34
			-1 	 0 	 0
			0 	 -1 	 0
			0 	 0 	 1
			6.2027 	 18.5522 	 -25.5288
		}
	}
	{"body03"
		{box 2.5977 2.59843 69.76}
		{bone "b_vil_piece_03"}
		{matrix34
			-0.9999 	 0.0171 	 0
			-0.0114 	 -0.6705 	 -0.7418
			-0.0128 	 -0.7417 	 0.6706
			29.9437 	 2.5631 	 33.6408
		}
	}
	{"hole01"
		{box 16.4499 11.811 29.1898}
		{bone "b_vil_piece_03"}
		{matrix34
			0 	 1 	 0
			-1 	 0 	 0
			0 	 0 	 1
			32.0053 	 -8.8994 	 -18.9168
		}
	}
	{"hole02"
		{box 16.4499 11.811 29.1898}
		{bone "b_vil_piece_03"}
		{matrix34
			-1 	 0 	 0
			0 	 -1 	 0
			0 	 0 	 1
			2.9071 	 22.0411 	 -18.9168
		}
	}
	{"roof01"
		{box 26.0794 0.89187 81.8095}
		{bone "b_vil_piece_03"}
		{matrix34
			-1 	 0 	 0
			0 	 -0.6781 	 -0.735
			0 	 -0.735 	 0.6781
			18.8509 	 4.4229 	 35.3782
		}
	}
	{"roof02"
		{box 26.0794 0.89187 45.8133}
		{bone "b_vil_piece_03"}
		{matrix34
			-1 	 0 	 0
			0 	 -0.6781 	 -0.735
			0 	 -0.735 	 0.6781
			5.7055 	 -7.1414 	 44.5115
		}
	}
	{"target04"
		{box 11.811 11.811 13.7795}
		{bone "b_vil_piece_03"}
		{Position 22.7891 	 -9.8757 	 -26.7338}
	}
	{"target05"
		{box 11.811 11.811 13.7795}
		{bone "b_vil_piece_03"}
		{Position 2.8476 	 12.3718 	 -26.7338}
	}
}
