;Exported by: ubrashaev
;Date:        Fri Feb 10 15:37:18 2006
;File:        D:\-Projects1_5-\-work-\3d\reihstag_buildings\house_reich1_x.max
{Skeleton
	{bone "rh_building_corner1_1"
		{Orientation
			1	0	0
			0	-1	0
			0	0	1
		}
		{bone "piece00"
			{Matrix34
				-1	0	0
				0	-1	0
				0	0	1
				0.893723	19.4075	10.6327
			}
			{poly "piece00"}
		}
		{bone "piece01"
			{Matrix34
				-1	0	0
				0	0	-1
				0	-1	0
				0.893692	-7.15118	43.7706
			}
			{poly "piece01"}
		}
		{bone "piece02"
			{Matrix34
				-1	0	0
				0	-0.984808	-0.173648
				0	-0.173648	0.984808
				0.893631	-22.6053	11.604
			}
			{poly "piece02"}
		}
		{bone "piece03"
			{Matrix34
				-1	0	0
				0	-1	0
				0	0	1
				0.893646	-4.75983	11.2671
			}
			{poly "piece03"}
		}
		{bone "piece04"
			{Matrix34
				-1	0	0
				0	-1	0
				0	0	1
				0.893738	25.0507	41.5844
			}
			{poly "piece04"}
		}
	}
}
{Volume "piece00"
	{Box 7.87402 20.5004 20.4881}
	{Bone "piece00"}
	{Position 4.50214e-005	0	-0.727207}
}
{Volume "piece01"
	{Box 7.87402 19.4793 29.1041}
	{Bone "piece01"}
	{Matrix34
		1	0	0
		0	0.866025	0.5
		0	-0.5	0.866025
		9.55712e-005	1.93413	-3.35006
	}
}
{Volume "piece02"
	{Box 7.87402 12.2912 30.9222}
	{Bone "piece02"}
	{Matrix34
		1	0	0
		0	0.939692	0.34202
		0	-0.34202	0.939692
		-4.04852e-005	3.02496e-005	3.02604e-005
	}
}
{Volume "piece03"
	{Box 7.87402 14.632 26.7304}
	{Bone "piece03"}
	{Matrix34
		1	0	0
		0	0.965926	-0.258819
		0	0.258819	0.965926
		-8.86916e-005	-1.97533	0.411592
	}
}
{Volume "piece04"
	{Box 7.87402 16.1761 29.565}
	{Bone "piece04"}
	{Matrix34
		1	0	0
		0	0.819152	0.573576
		0	-0.573576	0.819152
		4.58135e-005	0	-3.5388e-005
	}
}
