;Exported by	: KobaA
;Date			: 12.01.2024 16:54:24
;File			: d:\git\gem2-mdl-soldiers\models\building\house_90\house_90_fort_x.max
{skeleton
	{bone "h_90_piece02_x"
		{orientation
			1 	 0 	 0
			0 	 -1 	 0
			0 	 0 	 1
		}
		{bone "piece01"
			{matrix34
				0.7071 	 0 	 0.7071
				0 	 1 	 0
				-0.7071 	 0 	 0.7071
				-5.0531 	 -20.4604 	 -7.1512
			}
			{poly "piece01"}
		}
		{bone "piece02"
			{matrix34
				0.0872 	 0 	 -0.9962
				0 	 1 	 0
				0.9962 	 0 	 0.0872
				34.2501 	 -20.4604 	 -11.0078
			}
			{poly "piece02"}
		}
		{bone "piece03"
			{Position 40.2609 	 -9.0479 	 -8.8573}
			{poly "piece03"}
		}
		{bone "sub_piece03"
			{Position 40.2609 	 -5.2662 	 8.6061}
			{poly "sub_piece03"}
		}
		{bone "sub_piece01"
			{matrix34
				-1 	 0 	 0
				0 	 -0.6947 	 0.7193
				0 	 -0.7193 	 -0.6947
				5.8144 	 -1.1869 	 21.1238
			}
			{poly "sub_piece01"}
		}
		{bone "sub_piece04"
			{Position 15.7063 	 -11.978 	 13.7452}
			{poly "sub_piece04"}
		}
		{bone "sub_piece05"
			{Position -8.5302 	 -17.4224 	 7.416}
			{poly "sub_piece05"}
		}
		{bone "sub_piece02"
			{Position -19.2294 	 -4.8279 	 19.6619}
			{poly "sub_piece02"}
		}
		{bone "h_90_piece02"
			{Position 0 	 0 	 0}
			{poly "h_90_piece02"}
		}
		{bone revolute "attach1"
			{matrix34
				0 	 -1 	 0
				1 	 0 	 0
				0 	 0 	 1
				27.4997 	 -6.767 	 -42.879
			}
		}
		{bone revolute "attach5"
			{matrix34
				0 	 -1 	 0
				1 	 0 	 0
				0 	 0 	 1
				11.2678 	 -6.767 	 -42.879
			}
		}
		{bone "debris_land_001"
			{parameters "land;ground;"}
			{matrix34
				0 	 1 	 0
				-1 	 0 	 0
				0 	 0 	 1
				24.7201 	 -32.9754 	 -44.8475
			}
			{poly "debris_land_001" {ground}}
		}
		{bone "fort_wall"
			{matrix34
				-1 	 0 	 0
				0 	 -1 	 0
				0 	 0 	 1
				16.7119 	 -29.025 	 -39.2323
			}
		}
		{bone "stones_001"
			{parameters "land;ground;"}
			{matrix34
				0 	 1 	 0
				-1 	 0 	 0
				0 	 0 	 1
				24.7201 	 -32.962 	 -44.8475
			}
			{poly "stones_001" {ground}}
		}
	}
}
{"volumes"
	{"piece01"
		{box 14.4234 5.90551 18.8711}
		{bone "piece01"}
		{Position 0.4755 	 0 	 0.0379}
	}
	{"piece02"
		{box 17.5553 5.90551 11.9437}
		{bone "piece02"}
		{matrix34
			0.6428 	 0 	 0.766
			0 	 1 	 0
			-0.766 	 0 	 0.6428
			0.8176 	 0 	 -1.1801
		}
	}
	{"piece03"
		{box 17.5553 5.90551 11.9437}
		{bone "piece03"}
		{matrix34
			0 	 -0.9397 	 0.342
			1 	 0 	 0
			0 	 0.342 	 0.9397
			0.3941 	 -0.5479 	 1.1919
		}
	}
	{"sub_piece01"
		{box 2.75601 1.9685 17.5317}
		{bone "sub_piece01"}
		{matrix34
			1 	 0 	 0
			0 	 0.9998 	 0.0175
			0 	 -0.0175 	 0.9998
			0 	 -0.153 	 -0.1977
		}
	}
	{"sub_piece02"
		{box 13.2289 1.13861 11.838}
		{bone "sub_piece02"}
		{matrix34
			1 	 0 	 0
			0 	 0.7071 	 -0.7071
			0 	 0.7071 	 0.7071
			5.148 	 -0.0687 	 -0.2207
		}
	}
	{"sub_piece03"
		{box 15.5176 5.90551 10.6463}
		{bone "sub_piece03"}
		{matrix34
			0 	 0.9962 	 -0.0872
			-1 	 0 	 0
			0 	 0.0872 	 0.9962
			0.2086 	 0.4997 	 0.8758
		}
	}
	{"sub_piece04"
		{box 11.024 1.13861 15.1527}
		{bone "sub_piece04"}
		{matrix34
			1 	 0 	 0
			0 	 0.7071 	 -0.7071
			0 	 0.7071 	 0.7071
			0.9877 	 1.3346 	 1.1493
		}
	}
	{"sub_piece05"
		{box 20.0437 1.13861 11.838}
		{bone "sub_piece05"}
		{matrix34
			1 	 0 	 0
			0 	 0.7071 	 -0.7071
			0 	 0.7071 	 0.7071
			5.2555 	 0.0173 	 0.0508
		}
	}
	{"target_vol_001"
		{box 9.84252 11.811 15.6501}
		{bone "h_90_piece02_x"}
		{matrix34
			0 	 -1 	 0
			1 	 0 	 0
			0 	 0 	 1
			27.4997 	 -21.9496 	 -17.7273
		}
	}
	{"target_vol_002"
		{box 9.84252 11.811 15.6501}
		{bone "h_90_piece02_x"}
		{matrix34
			0 	 -1 	 0
			1 	 0 	 0
			0 	 0 	 1
			11.2678 	 -21.9496 	 -17.7273
		}
	}
	{"vol_01"
		{box 19.5614 6.38585 25.6227}
		{bone "h_90_piece02"}
		{matrix34
			0 	 1 	 0
			-1 	 0 	 0
			0 	 0 	 1
			40.106 	 -7.7245 	 -32.0362
		}
	}
	{"vol_02"
		{box 11.7339 6.38585 9.92427}
		{bone "h_90_piece02"}
		{Position 37.2603 	 -20.316 	 -22.9114}
	}
	{"vol_03"
		{box 61.1295 6.38585 18.0441}
		{bone "h_90_piece02"}
		{Position 12.5537 	 -20.316 	 -35.8255}
	}
	{"vol_04"
		{box 13.6441 6.38585 9.92427}
		{bone "h_90_piece02"}
		{Position -11.1216 	 -20.316 	 -21.906}
	}
}
