;Exported by: klimenko
;Date:        Wed Aug 09 15:45:30 2006
;File:        D:\-Project-\-3DWork-\entourage\budka.max
{Skeleton
	{bone "eg"
		{Orientation
			1	0	0
			0	-1	0
			0	0	1
		}
		{poly "eg"}
	}
}
{Obstacle "body1"
	{Obb2
		{Center -6.64321 3.48824}
		{Extent 4.33709 13.4457}
		{Axis 0.643126 0.76576}
	}
	{Rotate}
}
{Obstacle "body2"
	{Obb2
		{Center 0.380095 0.417758}
		{Extent 14.6461 4.27479}
		{Axis 0.883064 0.469253}
	}
	{Rotate}
}
{Obstacle "body3"
	{Obb2
		{Center -1.34732 -4.4068}
		{Extent 3.93701 13.7712}
		{Axis 1 0}
	}
	{Rotate}
}
{Volume "body1"
	{Box 7.87402 7.87402 33.4646}
	{Bone "eg"}
	{Matrix34
		0.545987	0.591309	-0.593508
		-0.701716	0.709787	0.0616274
		0.457706	0.382826	0.802465
		-6.6432	-3.48825	14.4019
	}
}
{Volume "body2"
	{Box 7.87402 7.87402 33.4646}
	{Bone "eg"}
	{Matrix34
		0.498097	0.866025	0.0435777
		-0.604867	0.383022	-0.698162
		-0.621317	0.321394	0.714613
		0.380095	-0.417773	11.934
	}
}
{Volume "body3"
	{Box 7.87402 7.87402 33.4646}
	{Bone "eg"}
	{Matrix34
		1	0	0
		0	0.766044	0.642788
		0	-0.642788	0.766044
		-1.34731	4.40682	12.7945
	}
}
