;Exported by:	 tolokolnikova
;Date:			 05.05.2016 09:25:01
;File:			 D:\gem2\gem2-mdl-soldiers\models\building\church\ch05_x.max
{skeleton
	{bone "ch1_piece09_point"
		{orientation
			1 	 0 	 0
			0 	 -1 	 0
			0 	 0 	 1
		}
		{bone "piece01"
			{matrix34
				0 	 -1 	 0
				1 	 0 	 0
				0 	 0 	 1
				-33.3542 	 26.7288 	 18.2771
			}
			{poly "piece01"}
		}
		{bone "piece02"
			{matrix34
				0 	 -1 	 0
				1 	 0 	 0
				0 	 0 	 1
				19.1087 	 26.6851 	 19.3372
			}
			{poly "piece02"}
		}
		{bone "piece03"
			{matrix34
				0 	 -1 	 0
				0.5 	 0 	 0.866
				-0.866 	 0 	 0.5
				57.436 	 26.6632 	 21.8137
			}
			{poly "piece03"}
		}
		{bone "piece04"
			{matrix34
				0 	 -1 	 0
				-0.0872 	 0 	 0.9962
				-0.9962 	 0 	 -0.0872
				-27.7878 	 26.6088 	 4.9024
			}
			{poly "piece04"}
		}
		{bone "piece05"
			{matrix34
				0 	 -1 	 0
				-1 	 0 	 0
				0 	 0 	 1
				-20.061 	 25.8501 	 -15.9673
			}
			{poly "piece05"}
		}
		{bone "piece06"
			{matrix34
				0 	 -1 	 0
				0.9962 	 0 	 0.0872
				-0.0872 	 0 	 0.9962
				21.6112 	 26.9931 	 -30.8667
			}
			{poly "piece06"}
		}
		{bone "sub_piece01"
			{matrix34
				1 	 0 	 0
				0 	 0.9397 	 -0.342
				0 	 0.342 	 0.9397
				-42.9183 	 21.6504 	 32.496
			}
			{poly "sub_piece01"}
		}
		{bone "sub_piece02"
			{matrix34
				0 	 -1 	 0
				1 	 0 	 0
				0 	 0 	 1
				-6.3443 	 27.7286 	 -39.4711
			}
			{poly "sub_piece02"}
		}
		{bone "sub_piece03"
			{matrix34
				0 	 -1 	 0
				0 	 0 	 1
				-1 	 0 	 0
				-27.9799 	 26.7808 	 -33.8289
			}
			{poly "sub_piece03"}
		}
		{bone "sub_piece04"
			{matrix34
				0 	 -1 	 0
				1 	 0 	 0
				0 	 0 	 1
				-51.7254 	 26.7374 	 19.8361
			}
			{poly "sub_piece04"}
		}
		{bone "sub_piece05"
			{matrix34
				0 	 -1 	 0
				0.9063 	 0 	 -0.4226
				0.4226 	 0 	 0.9063
				9.5129 	 26.7736 	 -7.9964
			}
			{poly "sub_piece05"}
		}
		{bone "sub_piece06"
			{matrix34
				0 	 -1 	 0
				1 	 0 	 0
				0 	 0 	 1
				-6.3443 	 26.9391 	 21.1047
			}
			{poly "sub_piece06"}
		}
	}
}
{volume "piece01"
	{box 5.90551 19.658 18.4473}
	{bone "piece01"}
	{matrix34
		1 	 0 	 0
		0 	 0.866 	 0.5
		0 	 -0.5 	 0.866
		0.0072 	 0.1048 	 1.7876
	}
}
{volume "piece02"
	{box 5.90551 19.658 21.7027}
	{bone "piece02"}
	{Position -0.4377 	 0.0525 	 -1.5859}
}
{volume "piece03"
	{box 5.90551 15.1366 26.1144}
	{bone "piece03"}
	{matrix34
		1 	 0 	 0
		0 	 0.866 	 0.5
		0 	 -0.5 	 0.866
		0.1548 	 -4.3675 	 6.4549
	}
}
{volume "piece04"
	{box 5.90551 14.3503 24.1442}
	{bone "piece04"}
	{matrix34
		1 	 0 	 0
		0 	 0.9063 	 0.4226
		0 	 -0.4226 	 0.9063
		-0.6846 	 -2.2434 	 1.6742
	}
}
{volume "piece05"
	{box 9.84252 13.3674 23.302}
	{bone "piece05"}
	{matrix34
		1 	 0 	 0
		0 	 -1 	 0
		0 	 0 	 1
		1.3027 	 -0.43 	 -1.0247
	}
}
{volume "piece06"
	{box 5.90551 19.658 27.1283}
	{bone "piece06"}
	{Position 0.2361 	 0 	 -1.1356}
}
{volume "sub_piece01"
	{box 23.7901 3.30584 17.4315}
	{bone "sub_piece01"}
	{matrix34
		1 	 0 	 0
		0 	 0 	 1
		0 	 -1 	 0
		0.9609 	 -0.3669 	 0.2927
	}
}
{volume "sub_piece02"
	{box 5.90551 23.6132 12.2078}
	{bone "sub_piece02"}
	{Position 0.0093 	 -0.2397 	 0.9437}
}
{volume "sub_piece03"
	{box 5.90551 9.90762 13.4774}
	{bone "sub_piece03"}
	{Position -0.6826 	 0.5657 	 -0.9315}
}
{volume "sub_piece04"
	{box 5.90551 12.1879 15.1919}
	{bone "sub_piece04"}
	{matrix34
		1 	 0 	 0
		0 	 0.5 	 0.866
		0 	 -0.866 	 0.5
		0.078 	 -1.3475 	 1.9019
	}
}
{volume "sub_piece05"
	{box 5.90551 16.3146 23.8764}
	{bone "sub_piece05"}
	{matrix34
		1 	 0 	 0
		0 	 0.766 	 -0.6428
		0 	 0.6428 	 0.766
		0.01 	 5.4065 	 5.6489
	}
}
{volume "sub_piece06"
	{box 5.90551 23.6132 12.2078}
	{bone "sub_piece06"}
	{Position 0.0093 	 -0.2397 	 2.5202}
}
