;Exported by	: Oleksandr Tsaprylov
;Date			: 28.03.2023 12:10:14
;File			: E:\projects\gem2-mdl-soldiers\models\entourage\ruins_stone_wall\ruins_column.max
{skeleton
	{bone "ruins_column_05_x"
		{orientation
			1 	 0 	 0
			0 	 -1 	 0
			0 	 0 	 1
		}
		{bone "piece01"
			{matrix34
				-0.342 	 -0.1632 	 0.9254
				0.9397 	 -0.0594 	 0.3368
				0 	 0.9848 	 0.1736
				-0.5741 	 -9.0096 	 6.5761
			}
			{poly "piece01"}
		}
		{bone "piece02"
			{matrix34
				0 	 -0.2588 	 0.9659
				1 	 0 	 0
				0 	 0.9659 	 0.2588
				1.9385 	 8.92 	 9.348
			}
			{poly "piece02"}
		}
	}
}
{"volumes"
	{"piece01"
		{box 4.60276 9.68328 5.5182}
		{bone "piece01"}
		{matrix34
			0.9397 	 0.342 	 0
			-0.342 	 0.9397 	 0
			0 	 0 	 1
			0.4678 	 0.5433 	 0.4142
		}
	}
	{"piece02"
		{box 7.77346 6.90649 10.4558}
		{bone "piece02"}
		{matrix34
			0.0872 	 0.9962 	 0
			-0.9962 	 0.0872 	 0
			0 	 0 	 1
			-1.3971 	 -0.6925 	 -0.0727
		}
	}
	{"piece02_02"
		{box 10.9606 9.42735 2.30029}
		{bone "piece02"}
		{matrix34
			0.0872 	 0.9962 	 0
			-0.9962 	 0.0872 	 0
			0 	 0 	 1
			-0.2016 	 -0.2399 	 4.0111
		}
	}
}
