;Exported by:	 kobaa
;Date:			 07.10.2019 12:34:43
;File:			 G:\_GIT_\gem2\gem2-mdl-soldiers\models\fence\hedgehog\wires_square_x.max
{skeleton
	{bone "basis4"
		{orientation
			1 	 0 	 0
			0 	 -1 	 0
			0 	 0 	 1
		}
		{bone "piece1"
			{matrix34
				0.7071 	 0.5 	 0.5
				-0.7071 	 0.5 	 0.5
				0 	 -0.7071 	 0.7071
				13.8538 	 0.7551 	 12.3212
			}
			{LODView
				{poly "piece1"}
				{poly "piece1_lod1"}
				{poly "piece1_lod2"}
			}
		}
		{bone "piece2"
			{matrix34
				-0.7071 	 0.5 	 -0.5
				0.7071 	 0.5 	 -0.5
				0 	 -0.7071 	 -0.7071
				-13.3262 	 -0.3052 	 12.1844
			}
			{LODView
				{poly "piece2"}
				{poly "piece2_lod1"}
				{poly "piece2_lod2"}
			}
		}
		{bone "piece3"
			{matrix34
				0.7071 	 0.5 	 0.5
				-0.7071 	 0.5 	 0.5
				0 	 -0.7071 	 0.7071
				-14.1485 	 0.4337 	 11.9998
			}
			{LODView
				{poly "piece3"}
				{poly "piece3_lod1"}
				{poly "piece3_lod2"}
			}
		}
		{bone "piece4"
			{matrix34
				0 	 -0.7071 	 -0.7071
				0 	 0.7071 	 -0.7071
				1 	 0 	 0
				2.0808 	 -0.2113 	 14.984
			}
			{LODView
				{poly "piece4"}
				{poly "piece4_lod1"}
				{poly "piece4_lod2"}
			}
		}
		{bone "piece5"
			{matrix34
				-0.7071 	 0.5 	 -0.5
				0.7071 	 0.5 	 -0.5
				0 	 -0.7071 	 -0.7071
				14.936 	 -0.4539 	 12.3332
			}
			{LODView
				{poly "piece5"}
				{poly "piece5_lod1"}
				{poly "piece5_lod2"}
			}
		}
		{bone "piece6"
			{matrix34
				0 	 -0.7071 	 -0.7071
				0 	 0.7071 	 -0.7071
				1 	 0 	 0
				-3.0375 	 -0.2113 	 14.984
			}
			{LODView
				{poly "piece6"}
				{poly "piece6_lod1"}
				{poly "piece6_lod2"}
			}
		}
		{bone "piece7"
			{matrix34
				-0.7071 	 0.5 	 -0.5
				0.7071 	 0.5 	 -0.5
				0 	 -0.7071 	 -0.7071
				-13.3262 	 -0.3052 	 12.1844
			}
			{LODView
				{poly "piece7"}
				{poly "piece7_lod1"}
				{poly "piece7_lod2"}
			}
		}
	}
}
{area "obstacle"
	{obb2
		{center -0.967964 -0.147309}
		{extent 24.6002 14.9382}
		{axis -1 -2.66522e-008}
	}
	{rotate}
}
{volume "piece1"
	{cylinder 1.17029 34.7754}
	{bone "piece1"}
	{matrix34
		0.6886 	 -0.7247 	 -0.0255
		-0.7246 	 -0.689 	 0.0137
		-0.0275 	 0.0091 	 -0.9996
		0.2746 	 0.1371 	 0.3134
	}
}
{volume "piece2"
	{cylinder 1.05839 15.1006}
	{bone "piece2"}
	{matrix34
		-0.7235 	 0.6898 	 -0.0255
		0.6897 	 0.7239 	 0.0143
		0.0284 	 -0.0072 	 -0.9996
		0.5454 	 -0.0962 	 -9.8416
	}
}
{volume "piece3"
	{cylinder 1.2183 18.4624}
	{bone "piece3"}
	{matrix34
		0.6892 	 -0.7241 	 -0.0264
		-0.7245 	 -0.6889 	 -0.0212
		-0.0028 	 0.0337 	 -0.9994
		0.1595 	 -0.1633 	 1.226
	}
}
{volume "piece4"
	{cylinder 1.11294 22.4041}
	{bone "piece4"}
	{matrix34
		-0.6891 	 0.7246 	 0.0089
		0.7246 	 0.6892 	 -0.0046
		-0.0095 	 0.0033 	 -0.9999
		-0.2996 	 0.0105 	 7.1457
	}
}
{volume "piece5"
	{cylinder 1.20611 34.7754}
	{bone "piece5"}
	{matrix34
		-0.7405 	 0.672 	 -0.0009
		0.6719 	 0.7405 	 0.0152
		0.0109 	 0.0107 	 -0.9999
		0.0046 	 -0.4329 	 -0.2502
	}
}
{volume "piece6"
	{cylinder 1.09079 18.5096}
	{bone "piece6"}
	{matrix34
		-0.6893 	 0.7244 	 0.0096
		0.7244 	 0.689 	 0.0216
		0.009 	 0.0218 	 -0.9997
		-0.453 	 0.1098 	 -8.2222
	}
}
{volume "piece7"
	{cylinder 1.13553 20.2103}
	{bone "piece7"}
	{matrix34
		-0.7235 	 0.6898 	 -0.0255
		0.6897 	 0.7239 	 0.0143
		0.0284 	 -0.0072 	 -0.9996
		0.0442 	 0.0318 	 7.8273
	}
}
