;Exported by: klimenko
;Date:        Wed Nov 29 18:32:14 2006
;File:        D:\-Project-\-3DWork-\trench\trench12_1ba_sm3.max
{Skeleton
	{bone "trench_ground2_1_5_x"
		{parameters "CommonMesh;Ground;Land;"}
		{Orientation
			1	0	0
			0	-1	0
			0	0	1
		}
		{VolumeView "trench_ground2_1_5_x.ply" {Ground} {DecalTarget}}
		{bone "point"
			{Matrix34
				-0.99921	0.039735	0
				-0.0395429	-0.994381	-0.0981954
				-0.00390179	-0.0981179	0.995167
				-48.8194	-14.7203	-8.13267
			}
		}
		{bone "point1"
			{Matrix34
				-0.999401	-0.0345918	0.000989437
				0.0342608	-0.993057	-0.112539
				0.00487549	-0.112437	0.993647
				-15.5876	-14.5136	-8.13912
			}
		}
		{bone "point2"
			{Matrix34
				-0.999771	-0.0209208	0.00447367
				0.0205382	-0.997114	-0.0730932
				0.00598993	-0.0729846	0.997315
				13.6111	-14.4174	-8.13912
			}
		}
		{bone "point3"
			{Matrix34
				-1	0	0
				0	-0.998623	-0.0524642
				0	-0.0524642	0.998623
				48.0877	-14.7839	-8.13912
			}
		}
		{bone "point4"
			{Matrix34
				-1	0	0
				0	-0.999592	0.0285638
				0	0.0285638	0.999592
				-49.4451	15.1667	-8.13912
			}
		}
		{bone "point5"
			{Matrix34
				-0.99788	-0.0650865	0
				0.0648242	-0.993859	0.0896773
				-0.00583678	0.0894872	0.995971
				-14.9693	13.9091	-8.13912
			}
		}
		{bone "point6"
			{Matrix34
				-0.999735	-0.0229965	0.000314713
				0.0229986	-0.999642	0.013678
				0	0.0136816	0.999906
				14.2298	16.3477	-8.13912
			}
		}
		{bone "point7"
			{Matrix34
				-0.997441	0.0714913	0
				-0.0714913	-0.997441	0
				0	0	1
				47.4672	16.3622	-8.13912
			}
		}
		{bone "trench_wood2_1_5"
			{parameters "Ground;Land;"}
			{Matrix34
				-1	0	0
				0	-1	0
				0	0	1
				-0.000473056	-4.53944	5.64686
			}
			{VolumeView "trench_wood2_1_5.ply" {Ground}}
		}
	}
}
{Obstacle "body"
	{Obb2
		{Center -48.8655 15.8791}
		{Extent 4.12085 18.7643}
		{Axis 0.0356776 0.999363}
	}
	{Rotate}
}
{Obstacle "body1"
	{Obb2
		{Center -15.4983 14.9174}
		{Extent 15.7079 4.28257}
		{Axis 0.999391 0.0348818}
	}
	{Rotate}
}
{Obstacle "body2"
	{Obb2
		{Center 13.6064 15.2823}
		{Extent 3.80279 15.5842}
		{Axis 0.0182398 0.999834}
	}
	{Rotate}
}
{Obstacle "body3"
	{Obb2
		{Center 48.0877 15.4036}
		{Extent 20.2396 3.50972}
		{Axis 0.997567 0.0697212}
	}
	{Rotate}
}
{Obstacle "body4"
	{Obb2
		{Center -49.4452 -15.504}
		{Extent 20.2406 3.24954}
		{Axis 0.992554 0.121808}
	}
	{Rotate}
}
{Obstacle "body5"
	{Obb2
		{Center -15.0382 -14.966}
		{Extent 3.96646 15.6555}
		{Axis 0.157142 0.987576}
	}
	{Rotate}
}
{Obstacle "body6"
	{Obb2
		{Center 14.2298 -16.5093}
		{Extent 15.5587 3.01501}
		{Axis 0.997567 0.0697212}
	}
	{Rotate}
}
{Obstacle "body7"
	{Obb2
		{Center 47.4672 -16.3622}
		{Extent 2.89794 18.6634}
		{Axis 0.0182398 0.999834}
	}
	{Rotate}
}
{Area "cut"
	{Polygon2
		{Radius 0}
		{Vertex 72.0184 22.8009}
		{Vertex -71.7243 22.8009}
		{Vertex -71.7243 -21.1722}
		{Vertex 72.0183 -21.1723}
	}
	{Rotate}
}
{Volume "body"
	{Box 37.3125 5.70126 23.622}
	{Bone "point"}
	{Matrix34
		0.996585	0.0825683	0
		-0.0825683	0.996585	0
		0	0	1
		0	0.338956	8.37585
	}
}
{Volume "body1"
	{Box 31.0938 5.70126 23.622}
	{Bone "point1"}
	{Matrix34
		0.996917	-0.0784127	0.00267505
		0.0784123	0.996921	0.000266122
		-0.00268769	-5.55637e-005	0.999996
		-0.0670646	-0.528224	8.27734
	}
}
{Volume "body2"
	{Box 31.0938 5.70126 23.622}
	{Bone "point2"}
	{Matrix34
		0.999945	-0.00835964	-0.00638683
		0.00835875	0.999965	-0.000165936
		0.006388	0.000112541	0.99998
		0.0600107	0.253641	8.36819
	}
}
{Volume "body3"
	{Box 40.3815 5.70126 23.622}
	{Bone "point3"}
	{Matrix34
		0.997713	-0.0675978	0
		0.0675978	0.997713	0
		0	0	1
		0	0.181103	8.36392
	}
}
{Volume "body4"
	{Box 40.3815 5.70126 23.622}
	{Bone "point4"}
	{Matrix34
		-0.992936	0.118649	0
		-0.118649	-0.992936	0
		0	0	1
		0	-0.0985978	8.36057
	}
}
{Volume "body5"
	{Box 31.0938 5.70126 23.622}
	{Bone "point5"}
	{Matrix34
		-0.9961	-0.0882326	0
		0.0882326	-0.9961	0
		0	0	1
		0	-0.309555	8.37307
	}
}
{Volume "body6"
	{Box 31.0938 5.70126 23.622}
	{Bone "point6"}
	{Matrix34
		-0.995719	0.0924312	0
		-0.0924312	-0.995719	0
		0	0	1
		-0.00108034	-0.0472101	8.35949
	}
}
{Volume "body7"
	{Box 37.3125 5.70126 23.622}
	{Bone "point7"}
	{Matrix34
		-0.995741	-0.0921985	0
		0.0921985	-0.995741	0
		0	0	1
		0	0	8.35917
	}
}
