;Exported by	: joomb
;Date			: 18.05.2023 17:10:39
;File			: H:\git\gem2-mdl-soldiers\models\building\house_D\D_004_cup2.max
{skeleton
	{bone "d004_piece20"
		{orientation
			1 	 0 	 0
			0 	 -1 	 0
			0 	 0 	 1
		}
		{poly "d004_piece20"}
		{bone "fix38"
			{Position -42.969 	 -49.7191 	 -35.2807}
		}
		{bone "fix39"
			{Position -57.6472 	 24.3521 	 -2.8882}
		}
		{bone "fix40"
			{Position 10.2375 	 -49.7191 	 -14.557}
		}
	}
}
{"volumes"
	{"body01"
		{box 13.6566 5.90551 55.4518}
		{bone "d004_piece20"}
		{matrix34
			0 	 0.342 	 -0.9397
			-1 	 0 	 0
			0 	 0.9397 	 0.342
			-55.438 	 -21.2231 	 3.2224
		}
	}
	{"body02"
		{box 13.6566 5.90551 41.5889}
		{bone "d004_piece20"}
		{matrix34
			0 	 0.342 	 -0.9397
			-1 	 0 	 0
			0 	 0.9397 	 0.342
			-55.438 	 -9.6657 	 -6.5475
		}
	}
	{"body03"
		{box 10.4743 5.90551 10.0312}
		{bone "d004_piece20"}
		{matrix34
			0 	 0.5 	 0.866
			-1 	 0 	 0
			0 	 -0.866 	 0.5
			-55.438 	 7.5235 	 14.0714
		}
	}
	{"body04"
		{box 4.92293 5.90551 10.9341}
		{bone "d004_piece20"}
		{matrix34
			0 	 1 	 0
			-1 	 0 	 0
			0 	 0 	 1
			-55.438 	 -47.5673 	 -5.761
		}
	}
	{"body05"
		{box 36.4388 5.90551 8.58394}
		{bone "d004_piece20"}
		{matrix34
			-1 	 0 	 0
			0 	 -1 	 0
			0 	 0 	 1
			-40.1127 	 -47.2803 	 -4.3123
		}
	}
	{"roof1"
		{box 45.4748 0.984252 61.9252}
		{bone "d004_piece20"}
		{matrix34
			-1 	 0 	 0
			0 	 0.342 	 -0.9397
			0 	 -0.9397 	 -0.342
			-39.9227 	 -24.4026 	 9.6964
		}
	}
	{"roof2"
		{box 46.4315 0.984252 22.5709}
		{bone "d004_piece20"}
		{matrix34
			1 	 0 	 0
			0 	 -0.3584 	 -0.9336
			0 	 0.9336 	 -0.3584
			-38.9069 	 13.9717 	 17.3622
		}
	}
}
