;Exported by	: KobaA
;Date			: 04.03.2024 17:09:13
;File			: d:\git\gem2-mdl-soldiers\models\building\france_mill\france_mill_x.max
{skeleton
	{bone "france_mill_piece16_point"
		{orientation
			1 	 0 	 0
			0 	 -1 	 0
			0 	 0 	 1
		}
		{bone "piece02"
			{matrix34
				0.1241 	 0.6427 	 -0.756
				-0.9847 	 -0.014 	 -0.1736
				-0.1222 	 0.766 	 0.6312
				-0.5662 	 -45.9377 	 0.1332
			}
			{poly "piece02"}
		}
		{bone "piece01"
			{matrix34
				0.0578 	 0.6427 	 -0.7639
				-0.9961 	 -0.014 	 -0.0871
				-0.0667 	 0.766 	 0.6394
				-3.1769 	 38.5444 	 0.1332
			}
			{poly "piece01"}
		}
	}
}
{"volumes"
	{"piece01"
		{box 3.16929 12.3036 4.06136}
		{bone "piece01"}
		{matrix34
			-0.0035 	 -1 	 -0.0042
			0.6428 	 -0.0055 	 0.766
			-0.766 	 0 	 0.6428
			0.2514 	 0 	 -0.211
		}
	}
	{"piece02"
		{box 3.16929 12.3036 4.06136}
		{bone "piece02"}
		{matrix34
			-0.0702 	 -0.9962 	 0.0519
			0.6433 	 -0.0055 	 0.7656
			-0.7623 	 0.0871 	 0.6413
			0.2589 	 0.177 	 -0.214
		}
	}
}
