;Exported by:	 priadkor
;Date:			 26.11.2019 13:51:37
;File:			 E:\Git\gem2-mdl-soldiers\models\fence\Fence_wood_ua\gate_wood_ua02.max
{skeleton
	{bone "ua_gate_wood_03_piece03"
		{orientation
			1 	 0 	 0
			0 	 -1 	 0
			0 	 0 	 1
		}
		{poly "ua_gate_wood_03_piece03"}
	}
}
{volume "body01"
	{box 3.924 38.2378 3.96823}
	{bone "ua_gate_wood_03_piece03"}
	{matrix34
		1 	 0 	 0
		0 	 0 	 1
		0 	 -1 	 0
		-6.5601 	 -25.5118 	 20.6789
	}
}
{volume "body02"
	{box 40.2063 1.47648 3.3048}
	{bone "ua_gate_wood_03_piece03"}
	{matrix34
		0.4227 	 0.9062 	 0.0089
		-0.9062 	 0.4228 	 -0.012
		-0.0146 	 -0.003 	 0.9999
		4.5523 	 -7.0831 	 9.1652
	}
}
{volume "body03"
	{box 40.2779 1.52264 3.3048}
	{bone "ua_gate_wood_03_piece03"}
	{matrix34
		0.4237 	 0.9056 	 -0.018
		-0.9058 	 0.4236 	 -0.0083
		0.0001 	 0.0198 	 0.9998
		4.5776 	 -7.1096 	 24.2034
	}
}
{volume "body04"
	{box 3.01737 39.8628 1.49241}
	{bone "ua_gate_wood_03_piece03"}
	{matrix34
		0.016 	 -0.0149 	 -0.9998
		-0.4277 	 -0.9039 	 0.0066
		-0.9038 	 0.4274 	 -0.0209
		4.3578 	 -7.0717 	 16.6955
	}
}
{volume "body05"
	{box 1.28796 40.4212 2.80122}
	{bone "ua_gate_wood_03_piece03"}
	{matrix34
		0.9067 	 -0.4217 	 0.0103
		0.4218 	 0.9067 	 -0.0015
		-0.0087 	 0.0057 	 0.9999
		4.4507 	 -7.1285 	 2.4183
	}
}
