;Exported by	: joomb
;Date			: 17.04.2024 15:16:21
;File			: h:\git\gem2-mdl-soldiers\models\building\buildings_ru\barn_ru001_x.max
{skeleton
	{bone "barn_ru_001_piece11_point"
		{orientation
			1 	 0 	 0
			0 	 -1 	 0
			0 	 0 	 1
		}
		{bone "piece01"
			{matrix34
				0 	 -1 	 0
				1 	 0 	 0
				0 	 0 	 1
				61.4359 	 -15.2007 	 9.4049
			}
			{poly "piece01"}
		}
		{bone "piece02"
			{matrix34
				0 	 -1 	 0
				1 	 0 	 0
				0 	 0 	 1
				27.6965 	 -34.3322 	 -5.0293
			}
			{poly "piece02"}
		}
		{bone "piece03"
			{matrix34
				1 	 0 	 0
				0 	 0.8192 	 0.5736
				0 	 -0.5736 	 0.8192
				28.9942 	 2.725 	 34.2506
			}
			{poly "piece03"}
		}
		{bone "piece04"
			{matrix34
				1 	 0 	 0
				0 	 0.8192 	 0.5736
				0 	 -0.5736 	 0.8192
				9.2972 	 -31.4874 	 10.3068
			}
			{poly "piece04"}
		}
		{bone "piece05"
			{Position 60.6484 	 30.2553 	 -31.2224}
			{poly "piece05"}
		}
		{bone "sub_piece01"
			{matrix34
				-0.9962 	 0 	 -0.0872
				0 	 1 	 0
				0.0872 	 0 	 -0.9962
				3.5505 	 -34.3322 	 -7.1935
			}
			{poly "sub_piece01"}
		}
		{bone "sub_piece02"
			{matrix34
				-0.9962 	 0 	 -0.0872
				0 	 1 	 0
				0.0872 	 0 	 -0.9962
				46.5724 	 -34.3322 	 -7.1935
			}
			{poly "sub_piece02"}
		}
		{bone "sub_piece03"
			{Position 32.0052 	 -33.5448 	 -21.6057}
			{poly "sub_piece03"}
		}
		{bone "sub_piece04"
			{Position 60.6485 	 -28.0092 	 -22.9504}
			{poly "sub_piece04"}
		}
		{bone "sub_piece05"
			{Position 61.4208 	 29.4148 	 4.0558}
			{poly "sub_piece05"}
		}
		{bone "sub_piece06"
			{matrix34
				-0.9962 	 0 	 -0.0872
				0 	 1 	 0
				0.0872 	 0 	 -0.9962
				61.5358 	 0.2773 	 9.7568
			}
			{poly "sub_piece06"}
		}
		{bone "sub_piece07"
			{matrix34
				-1 	 0 	 0
				0 	 0.5736 	 -0.8192
				0 	 -0.8192 	 -0.5736
				1.105 	 5.3549 	 35.2899
			}
			{poly "sub_piece07"}
		}
	}
}
{"volumes"
	{"piece01"
		{polyhedron}
		{bone "piece01"}
		{matrix34
			-1 	 0 	 0
			0 	 -1 	 0
			0 	 0 	 1
			-0.0283 	 -0.0151 	 -15.7846
		}
	}
	{"piece02"
		{box 10.4278 0.984252 24.6506}
		{bone "piece02"}
		{matrix34
			0 	 1 	 0
			-1 	 0 	 0
			0 	 0 	 1
			0.3937 	 0 	 -0.6785
		}
	}
	{"piece03"
		{box 15.8888 0.984252 31.0243}
		{bone "piece03"}
		{matrix34
			1 	 0 	 0
			0 	 0 	 -1
			0 	 1 	 0
			0 	 -2.1706 	 0.2559
		}
	}
	{"piece04"
		{box 10.4278 0.984252 29.5808}
		{bone "piece04"}
		{matrix34
			1 	 0 	 0
			0 	 0 	 -1
			0 	 1 	 0
			6.1789 	 -0.0223 	 0.2461
		}
	}
	{"piece05"
		{box 14.4617 0.984252 27.8238}
		{bone "piece05"}
		{matrix34
			0 	 1 	 0
			-1 	 0 	 0
			0 	 0 	 1
			0.3937 	 -0.0168 	 4.0008
		}
	}
	{"sub_piece01"
		{box 5.13685 0.984252 24.6506}
		{bone "sub_piece01"}
		{matrix34
			-0.9925 	 0 	 0.1219
			0 	 1 	 0
			-0.1219 	 0 	 -0.9925
			-3.3683 	 -0.3937 	 -1.1892
		}
	}
	{"sub_piece02"
		{box 4.90107 0.984252 22.6786}
		{bone "sub_piece02"}
		{matrix34
			-0.9986 	 0 	 0.0523
			0 	 1 	 0
			-0.0523 	 0 	 -0.9986
			4.5748 	 -0.3937 	 0.6289
		}
	}
	{"sub_piece03"
		{box 10.4278 0.984252 14.5439}
		{bone "sub_piece03"}
		{Position 0 	 0 	 1.208}
	}
	{"sub_piece04"
		{box 10.4278 0.984252 16.0229}
		{bone "sub_piece04"}
		{matrix34
			0 	 1 	 0
			-1 	 0 	 0
			0 	 0 	 1
			0.3937 	 -0.1758 	 1.8119
		}
	}
	{"sub_piece05"
		{box 10.809 0.984252 24.7632}
		{bone "sub_piece05"}
		{matrix34
			0 	 1 	 0
			-1 	 0 	 0
			0 	 0 	 1
			0 	 0.0791 	 0.1602
		}
	}
	{"sub_piece06"
		{box 4.47764 0.984252 36.8971}
		{bone "sub_piece06"}
		{matrix34
			-0.0046 	 0.9986 	 -0.0521
			0.9962 	 0 	 -0.0872
			-0.087 	 -0.0523 	 -0.9948
			0.0703 	 0.1163 	 -0.516
		}
	}
	{"sub_piece07"
		{box 1.08309 2.24409 23.0944}
		{bone "sub_piece07"}
		{matrix34
			0.0078 	 0.9999 	 0.0068
			-0.0065 	 -0.0068 	 1
			0.9999 	 -0.0078 	 0.0065
			-0.8321 	 0.1151 	 -0.05
		}
	}
}
