;Exported by	: KobaA
;Date			: 16.01.2024 17:50:30
;File			: d:\git\gem2-mdl-soldiers\models\building\house_d\d_001_fort.max
{skeleton
	{bone "d001_piece15"
		{orientation
			1 	 0 	 0
			0 	 -1 	 0
			0 	 0 	 1
		}
		{poly "d001_piece15"}
		{bone "fix23"
			{Position -17.0863 	 -41.516 	 -26.8303}
		}
		{bone "fix22"
			{Position 30.2162 	 -41.516 	 -26.8303}
		}
	}
}
{"volumes"
	{"body01"
		{polyhedron}
		{bone "d001_piece15"}
		{matrix34
			0.4226 	 0 	 0.9063
			0 	 1 	 0
			-0.9063 	 0 	 0.4226
			36.1065 	 -41.8348 	 -10.7498
		}
	}
	{"body02"
		{box 23.4717 7.87402 39.2004}
		{bone "d001_piece15"}
		{matrix34
			0.4226 	 0 	 -0.9063
			0 	 1 	 0
			0.9063 	 0 	 0.4226
			-11.2451 	 -41.8348 	 -0.2045
		}
	}
	{"body03"
		{box 23.4717 7.87402 7.44807}
		{bone "d001_piece15"}
		{Position 3.4417 	 -41.8348 	 -10.4837}
	}
	{"roof01"
		{box 2.06693 48.9584 41.332}
		{bone "d001_piece15"}
		{matrix34
			0.3907 	 0 	 0.9205
			0 	 1 	 0
			-0.9205 	 0 	 0.3907
			22.5985 	 -20.2919 	 5.3856
		}
	}
	{"roof02"
		{box 2.06693 18.4084 21.4926}
		{bone "d001_piece15"}
		{matrix34
			0.3907 	 0 	 0.9205
			0 	 1 	 0
			-0.9205 	 0 	 0.3907
			12.8377 	 13.0672 	 9.5287
		}
	}
	{"roof03"
		{box 2.06693 66.9099 41.332}
		{bone "d001_piece15"}
		{matrix34
			0.3907 	 0 	 -0.9205
			0 	 -1 	 0
			-0.9205 	 0 	 -0.3907
			-16.9338 	 -6.2619 	 6.3848
		}
	}
}
