;Exported by	: KobaA
;Date			: 17.05.2023 16:16:14
;File			: D:\git\gem2-mdl-soldiers\models\entourage\bridge_river\bridge_river_settings_x.max
{skeleton
	{bone "bridge_river_2_piece_001_x"
		{orientation
			1 	 0 	 0
			0 	 -1 	 0
			0 	 0 	 1
		}
		{bone "piece01"
			{Position -85.0441 	 -0.0413 	 9.9114}
			{poly "piece01"}
		}
		{bone "piece04"
			{Position 5.4358 	 4.8054 	 41.6948}
			{poly "piece04"}
		}
		{bone "piece03"
			{Position 35.8391 	 1.4634 	 6.9596}
			{poly "piece03"}
		}
		{bone "piece02"
			{Position -28.5361 	 1.2246 	 9.241}
			{poly "piece02"}
		}
	}
}
{"volumes"
	{"piece01_01"
		{box 3.83858 3.83858 20.3783}
		{bone "piece01"}
		{Position 17.5647 	 0 	 0.3147}
	}
	{"piece01_02"
		{box 48.7799 1.93489 1.18789}
		{bone "piece01"}
		{Position 0.2744 	 0 	 8.0715}
	}
	{"piece01_03"
		{box 17.6137 1.66255 1.62709}
		{bone "piece01"}
		{matrix34
			0 	 0 	 -1
			0 	 1 	 0
			1 	 0 	 0
			-16.1994 	 0 	 -1.1562
		}
	}
	{"piece01_04"
		{box 62.2563 1.23833 0.819643}
		{bone "piece01"}
		{Position 0.8394 	 0 	 -5.5029}
	}
	{"piece02_01"
		{box 57.3881 1.93489 1.18789}
		{bone "piece02"}
		{Position -1.7602 	 -1.266 	 8.742}
	}
	{"piece02_02"
		{box 51.4515 1.23833 0.819643}
		{bone "piece02"}
		{Position 1.7834 	 -1.266 	 -4.8325}
	}
	{"piece02_03"
		{box 17.6137 1.66255 1.62709}
		{bone "piece02"}
		{matrix34
			0 	 0 	 -1
			0 	 1 	 0
			1 	 0 	 0
			-5.2252 	 -1.266 	 -0.4858
		}
	}
	{"piece03_01"
		{box 17.6137 1.66255 1.62709}
		{bone "piece03"}
		{matrix34
			0 	 0 	 -1
			0 	 1 	 0
			1 	 0 	 0
			31.6426 	 -1.5048 	 -2.9543
		}
	}
	{"piece03_02"
		{box 69.5279 1.93489 1.18789}
		{bone "piece03"}
		{matrix34
			0.9976 	 0 	 -0.0688
			0 	 1 	 0
			0.0688 	 0 	 0.9976
			-1.0479 	 -1.5048 	 8.6557
		}
	}
	{"piece03_03"
		{box 17.6137 1.66255 1.62709}
		{bone "piece03"}
		{matrix34
			0 	 0 	 -1
			0 	 1 	 0
			1 	 0 	 0
			-2.173 	 -1.5048 	 -0.6112
		}
	}
	{"piece03_04"
		{box 65.4186 1.21898 0.855279}
		{bone "piece03"}
		{matrix34
			0.9976 	 0 	 -0.0688
			0 	 1 	 0
			0.0688 	 0 	 0.9976
			-1.3749 	 -1.5048 	 -4.7913
		}
	}
	{"piece04_01"
		{box 1.9685 1.9685 27.5981}
		{bone "piece04"}
		{matrix34
			0.9985 	 0.0545 	 0.0056
			-0.0535 	 0.9923 	 -0.112
			-0.0117 	 0.1115 	 0.9937
			-5.5935 	 -4.0693 	 -5.2552
		}
	}
	{"piece04_02"
		{box 3.83858 3.83858 24.9213}
		{bone "piece04"}
		{Position -5.4327 	 -4.8472 	 -31.3168}
	}
	{"piece04_03"
		{box 1.9685 1.9685 25.1143}
		{bone "piece04"}
		{matrix34
			0.9635 	 0.0546 	 -0.2622
			-0.1248 	 0.9577 	 -0.2591
			0.237 	 0.2824 	 0.9296
			-2.4565 	 0.0813 	 19.9607
		}
	}
	{"piece04_04"
		{box 8.65984 8.09685 12.8083}
		{bone "piece04"}
		{matrix34
			0.9033 	 0.0915 	 -0.4192
			-0.1679 	 0.9745 	 -0.1491
			0.3948 	 0.2051 	 0.8956
			3.7558 	 3.4891 	 35.7547
		}
	}
}
