;Exported by:	 joomb
;Date:			 19.04.2021 16:57:55
;File:			 D:\git\gem2-mdl-soldiers\models\unit\vehicle\107mm_M2\107mm_M2_xx.max
{skeleton
	{bone revolute "turret"
		{limits -180 180}
		{orientation
			1 	 0 	 0
			0 	 -1 	 0
			0 	 0 	 1
		}
		{bone "body"
			{Position 0.9005 	 0.0067 	 -1.0075}
			{LODView
				{poly "body"}
				{poly "body_lod1"}
				{poly "body_lod2"}
				{poly "body_lod3"}
			}
			{bone "handler2"
				{Position -4.6285 	 -6.4487 	 2.5066}
				{LODView
					{poly "handler2"}
					{poly "handler2_lod1"}
					{poly "handler2_lod2"}
					{poly "handler2_lod3"}
				}
			}
			{bone "handlel1"
				{Position 2.0925 	 6.333 	 2.5066}
				{LODView
					{poly "handlel1"}
					{poly "handlel1_lod1"}
					{poly "handlel1_lod2"}
					{poly "handlel1_lod3"}
				}
			}
			{bone "handlel2"
				{Position -4.6285 	 6.3354 	 2.5066}
				{LODView
					{poly "handlel2"}
					{poly "handlel2_lod1"}
					{poly "handlel2_lod2"}
					{poly "handlel2_lod3"}
				}
			}
			{bone "handler1"
				{Position 2.0925 	 -6.4463 	 2.5066}
				{LODView
					{poly "handler1"}
					{poly "handler1_lod1"}
					{poly "handler1_lod2"}
					{poly "handler1_lod3"}
				}
			}
			{bone "part3"
				{matrix34
					0.866 	 0 	 -0.5
					0 	 1 	 0
					0.5 	 0 	 0.866
					0.3649 	 -0.0069 	 3.3921
				}
				{LODView
					{poly "part3"}
					{poly "part3_lod1"}
					{poly "part3_lod2"}
					{poly "part3_lod3"}
				}
			}
			{bone "part2"
				{Position 10.5451 	 -0.0067 	 15.0769}
				{LODView
					{poly "part2"}
					{poly "part2_lod1"}
					{poly "part2_lod2"}
					{poly "part2_lod3"}
				}
			}
			{bone "part1"
				{Position 19.7135 	 9.677 	 1.5648}
				{LODView
					{poly "part1"}
					{poly "part1_lod1"}
					{poly "part1_lod2"}
					{poly "part1_lod3"}
				}
			}
		}
	}
}
{volume "body"
	{box 14.8622 14.4685 1.9685}
	{bone "body"}
	{matrix34
		-1 	 0 	 0
		0 	 -1 	 0
		0 	 0 	 1
		-1.2951 	 0 	 1.9226
	}
}
{volume "part1"
	{cylinder 0.156342 13.2281}
	{bone "part1"}
	{matrix34
		0.9986 	 0.0523 	 -0.0009
		0 	 -0.0175 	 -0.9998
		-0.0523 	 0.9985 	 -0.0174
		0.1616 	 0.3265 	 -0.2269
	}
}
{volume "part2"
	{cylinder 0.738414 18.8929}
	{bone "part2"}
	{matrix34
		0.7547 	 0 	 0.6561
		0.0458 	 0.9976 	 -0.0526
		-0.6545 	 0.0698 	 0.7529
		5.541 	 -0.5978 	 -6.4994
	}
}
{volume "part3"
	{cylinder 1.47638 25.3937}
	{bone "part3"}
	{matrix34
		0.9994 	 0 	 -0.0349
		0 	 1 	 0
		0.0349 	 0 	 0.9994
		0.4816 	 0 	 11.5535
	}
}
