;Exported by:	 Цаприлов Олександр
;Date:			 10.09.2020 16:57:02
;File:			 E:\projects\gem2-mdl-soldiers\models\entourage\wooden_toilet_01\wooden_toilet_01.max
{skeleton
	{bone "wooden_toilet_01_x"
		{orientation
			1 	 0 	 0
			0 	 -1 	 0
			0 	 0 	 1
		}
		{bone "piece04"
			{matrix34
				0.9397 	 0.3368 	 0.0594
				-0.342 	 0.9254 	 0.1632
				0 	 -0.1736 	 0.9848
				-3.9936 	 3.8434 	 34.9318
			}
			{poly "piece04"}
		}
		{bone "piece01"
			{matrix34
				0.9659 	 -0.2588 	 0
				0.2346 	 0.8754 	 -0.4226
				0.1094 	 0.4082 	 0.9063
				-6.6111 	 -9.1058 	 18.4292
			}
			{poly "piece01"}
		}
		{bone "piece03"
			{matrix34
				0.8365 	 -0.5 	 0.2241
				0.483 	 0.866 	 0.1294
				-0.2588 	 0 	 0.9659
				5.4403 	 -7.4196 	 24.7334
			}
			{poly "piece03"}
		}
		{bone "piece02"
			{matrix34
				0.9659 	 -0.2432 	 -0.0885
				0.2588 	 0.9077 	 0.3304
				0 	 -0.342 	 0.9397
				-22.593 	 8.1531 	 28.5898
			}
			{poly "piece02"}
		}
		{bone "fx_dust1"
		}
		{bone "fx_wood1"
			{parameters "lastpose=undefined;"}
		}
	}
}
{volume "piece01"
	{box 12.8942 1.72241 19.02}
	{bone "piece01"}
	{matrix34
		0.9659 	 0.2346 	 0.1094
		-0.2588 	 0.8754 	 0.4082
		0 	 -0.4226 	 0.9063
		0.4988 	 -1.3508 	 -1.5077
	}
}
{volume "piece02"
	{box 13.1621 1.0819 19.8297}
	{bone "piece02"}
	{matrix34
		0.9581 	 -0.2297 	 0.171
		0.2723 	 0.9155 	 -0.2962
		-0.0885 	 0.3304 	 0.9397
		-0.0182 	 5.6188 	 0.5078
	}
}
{volume "piece03"
	{box 10.0557 1.72241 19.02}
	{bone "piece03"}
	{matrix34
		-0.5 	 0.866 	 0
		-0.8365 	 -0.483 	 0.2588
		0.2241 	 0.1294 	 0.9659
		4.1651 	 5.1224 	 -3.1288
	}
}
{volume "piece04"
	{box 9.07566 1.72241 19.02}
	{bone "piece03"}
	{matrix34
		0.8365 	 0.483 	 -0.2588
		-0.5 	 0.866 	 0
		0.2241 	 0.1294 	 0.9659
		4.2093 	 -1.7363 	 -2.2201
	}
}
{volume "piece05"
	{box 15.0124 1.05067 24.4468}
	{bone "piece04"}
	{matrix34
		0.3368 	 0.9254 	 -0.1736
		-0.199 	 -0.1103 	 -0.9738
		-0.9203 	 0.3626 	 0.1471
		4.4403 	 3.9708 	 9.9661
	}
}
{volume "piece06"
	{box 16.1233 1.72241 12.7206}
	{bone "piece04"}
	{matrix34
		-0.9397 	 0.342 	 0
		-0.3368 	 -0.9254 	 0.1736
		0.0594 	 0.1632 	 0.9848
		6.3886 	 5.6786 	 2.1348
	}
}
