;Exported by	: KobaA
;Date			: 14.09.2023 14:39:46
;File			: D:\git\gem2-mdl-soldiers\models\flora\tree10\bushes_10a-10c.max
{skeleton
	{animation
		{sequence "stir" {speed 0.7}}
	}
	{bone "bush10b_g2_piece02"
		{orientation
			1 	 0 	 0
			0 	 -1 	 0
			0 	 0 	 1
		}
		{poly "bush10b_g2_piece02"}
		{bone "rootx"
			{matrix34
				-0.4274 	 0.896 	 -0.1206
				0.0349 	 -0.1169 	 -0.9925
				-0.9034 	 -0.4284 	 0.0187
				2.715 	 0.8927 	 -7.5037
			}
			{poly "rootx"}
		}
		{bone "crown"
			{poly "crown"}
		}
		{bone "stir1"
			{Position -0.739 	 0.1053 	 2.6072}
			{bone "stir2"
				{Position -10.727 	 -4.1195 	 20.3761}
				{bone "stir5"
					{Position 0.894 	 5.2237 	 49.8779}
				}
				{bone "stir4"
					{Position -30.3409 	 -14.4869 	 28.0666}
				}
				{bone "stir3"
					{Position -29.0116 	 30.9249 	 28.0666}
				}
			}
		}
	}
}
{"volumes"
	{"bole"
		{cylinder 1.48515 57.3729}
		{bone "bush10b_g2_piece02"}
		{matrix34
			0.848 	 0 	 0.5299
			0 	 1 	 0
			-0.5299 	 0 	 0.848
			-12.7516 	 -0.1191 	 18.1559
		}
	}
	{"crown"
		{sphere 34.3519}
		{bone "bush10b_g2_piece02"}
		{matrix34
			0.9063 	 0 	 0.4226
			0 	 1 	 0
			-0.4226 	 0 	 0.9063
			-22.925 	 3.0097 	 52.2827
		}
	}
}
