;Exported by:	 tolokolnikova
;Date:			 27.08.2015 17:11:56
;File:			 D:\gem2\gem2-mdl-soldiers\entity\models\fence\fence_wood\woodfence_new_G2_x.max
{skeleton
	{bone "basis"
		{Orientation
			1 	 0 	 0
			0 	 -1 	 0
			0 	 0 	 1
		}
		{bone "piece02"
			{Matrix34
				0 	 -1 	 0
				1 	 0 	 0
				0 	 0 	 1
				106.927 	 0.7724 	 16.4812
			}
			{poly "piece02"}
		}
		{bone "piece01"
			{Matrix34
				0 	 -1 	 0
				1 	 0 	 0
				0 	 0 	 1
				-110.689 	 -0.3786 	 17.9006
			}
			{poly "piece01"}
		}
		{bone "piece03"
			{Matrix34
				0 	 -1 	 0
				1 	 0 	 0
				0 	 0 	 1
				-72.847 	 -1.9694 	 24.5824
			}
			{poly "piece03"}
		}
		{bone "piece07"
			{Matrix34
				0 	 -1 	 0
				1 	 0 	 0
				0 	 0 	 1
				-72.8139 	 -2.6837 	 11.1023
			}
			{poly "piece07"}
		}
		{bone "piece04"
			{Matrix34
				0 	 -1 	 0
				1 	 0 	 0
				0 	 0 	 1
				-35.3114 	 1.6171 	 16.9403
			}
			{poly "piece04"}
		}
		{bone "piece05"
			{Matrix34
				0 	 -1 	 0
				1 	 0 	 0
				0 	 0 	 1
				-2.5059 	 0.4402 	 23.2143
			}
			{poly "piece05"}
		}
		{bone "piece06"
			{Matrix34
				0 	 -1 	 0
				1 	 0 	 0
				0 	 0 	 1
				0.2121 	 -0.565 	 4.9924
			}
			{poly "piece06"}
		}
		{bone "piece09"
			{Matrix34
				0 	 -1 	 0
				1 	 0 	 0
				0 	 0 	 1
				0 	 0 	 0
			}
			{poly "piece09"}
		}
		{bone "piece08"
			{Matrix34
				0 	 -1 	 0
				1 	 0 	 0
				0 	 0 	 1
				72.8992 	 -1.5283 	 23.88
			}
			{poly "piece08"}
		}
		{bone "fx_wood"
			{parameters "lastpose=undefined;"}
		}
	}
}
{Volume "piece01"
	{Box 3.67873 3.63741 34.7522}
	{Bone "piece01"}
	{Matrix34
		0 	 1 	 0
		-1 	 0 	 0
		0 	 0 	 1
		-1.0553 	 -0.6208 	 -0.5245
	}
}
{Volume "piece02"
	{Box 3.67873 3.63741 33.3274}
	{Bone "piece02"}
	{Matrix34
		0 	 1 	 0
		-0.9848 	 0 	 0.1736
		0.1736 	 0 	 0.9848
		1.0334 	 -0.9704 	 -0.0707
	}
}
{Volume "piece03"
	{Box 33.6061 2.52072 2.10345}
	{Bone "piece03"}
	{Matrix34
		-0.1152 	 0.9933 	 0.0048
		-0.9933 	 -0.1152 	 0.0005
		0.0011 	 -0.0047 	 1
		1.0236 	 -26.6007 	 2.0127
	}
}
{Volume "piece04"
	{Box 3.67873 3.63741 34.7522}
	{Bone "piece04"}
	{Matrix34
		0 	 1 	 0
		-1 	 0 	 0
		0 	 0 	 1
		-0.3038 	 -0.3302 	 0.4358
	}
}
{Volume "piece05"
	{Box 64.591 2.52072 2.1685}
	{Bone "piece05"}
	{Matrix34
		-0.0597 	 0.9968 	 0.0541
		-0.9982 	 -0.0595 	 -0.0052
		-0.002 	 -0.0543 	 0.9985
		0.5339 	 -11.3444 	 -1.5013
	}
}
{Volume "piece06"
	{Box 41.569 2.52072 2.1685}
	{Bone "piece06"}
	{Matrix34
		-0.0367 	 0.9984 	 0.042
		-0.9993 	 -0.0366 	 -0.0038
		-0.0023 	 -0.0421 	 0.9991
		-0.3085 	 18.8853 	 0.4188
	}
}
{Volume "piece07"
	{Box 23.8341 2.52072 2.1685}
	{Bone "piece07"}
	{Matrix34
		-0.1152 	 0.9925 	 0.042
		-0.9933 	 -0.1152 	 -0.0038
		0.0011 	 -0.0421 	 0.9991
		-0.7458 	 30.9025 	 -0.4289
	}
}
{Volume "piece08"
	{Box 38.2068 2.52072 2.1685}
	{Bone "piece08"}
	{Matrix34
		0.1443 	 0.9889 	 -0.0347
		-0.9894 	 0.1448 	 0.0105
		0.0154 	 0.0329 	 0.9993
		2.1334 	 24.0427 	 1.6394
	}
}
{Volume "piece09"
	{Box 3.67873 3.63741 31.7403}
	{Bone "piece09"}
	{Matrix34
		0 	 1 	 0
		-1 	 0 	 0
		0 	 0 	 1
		-3.154 	 34.1427 	 15.8702
	}
}
