;Exported by:	 Цаприлов Олександр
;Date:			 01.09.2020 11:20:24
;File:			 E:\projects\gem2-mdl-soldiers\models\entourage\wine_furniture\wine_furniture.max
{skeleton
	{bone "wine_furniture_03"
		{orientation
			1 	 0 	 0
			0 	 -1 	 0
			0 	 0 	 1
		}
		{bone "body01"
			{matrix34
				0.766 	 0.6428 	 0
				-0.6428 	 0.766 	 0
				0 	 0 	 1
				3.3643 	 -8.0836 	 10.3364
			}
			{poly "body01"}
		}
	}
}
{volume "body01"
	{cylinder 7.68712 18.4794}
	{bone "body01"}
	{Position 0 	 0 	 -1.0939}
}
{volume "body02"
	{cylinder 7.68712 18.4794}
	{bone "body01"}
	{matrix34
		0.8192 	 0.5736 	 0
		-0.5736 	 0.8192 	 0
		0 	 0 	 1
		10.3652 	 12.3528 	 -1.0939
	}
}
{volume "body03"
	{cylinder 6.70506 8.05722}
	{bone "body01"}
	{matrix34
		0.0175 	 -0.0992 	 0.9949
		0.9848 	 0.1736 	 0
		-0.1728 	 0.9798 	 0.1007
		-3.6862 	 11.4349 	 -3.9629
	}
}
