;Exported by	: KobaA
;Date			: 28.03.2024 12:38:06
;File			: d:\git\gem2-mdl-soldiers\models\entourage\barrel_wood\barrel_wood.max
{skeleton
	{bone "barrel_wood_04_x"
		{orientation
			1 	 0 	 0
			0 	 -1 	 0
			0 	 0 	 1
		}
		{bone "fx_dust2"
			{Position 0.5447 	 1.0879 	 3.5079}
		}
		{bone "fx_wood1"
			{Position 1.0647 	 0.4044 	 8.8348}
		}
		{bone "fx_wood2a"
			{Position 0.5447 	 1.0879 	 3.5079}
		}
		{bone "piece01"
			{matrix34
				-0.755 	 -0.0192 	 -0.6555
				0.6534 	 -0.1057 	 -0.7496
				-0.0549 	 -0.9942 	 0.0924
				12.4119 	 18.1676 	 8.043
			}
			{poly "piece01"}
		}
		{bone "piece02"
			{matrix34
				0.327 	 0.7013 	 -0.6335
				0.4921 	 0.446 	 0.7477
				0.8068 	 -0.5562 	 -0.1993
				11.4783 	 15.1109 	 8.006
			}
			{poly "piece02"}
		}
		{bone "piece03"
			{matrix34
				-0.0443 	 -0.3876 	 -0.9208
				0.4509 	 0.8147 	 -0.3646
				0.8915 	 -0.4314 	 0.1386
				-1.8168 	 6.3494 	 7.9408
			}
			{poly "piece03"}
		}
		{bone "piece04"
			{matrix34
				-0.1592 	 -0.6852 	 -0.7107
				0.5839 	 0.5151 	 -0.6275
				0.7961 	 -0.5148 	 0.3181
				-1.1562 	 9.2821 	 8.006
			}
			{poly "piece04"}
		}
		{bone "piece05"
			{matrix34
				0.4387 	 0.8986 	 -0.0109
				-0.8968 	 0.437 	 -0.0689
				-0.0571 	 0.04 	 0.9976
				-607.702 	 90.5379 	 -48.0263
			}
			{poly "piece05"}
		}
		{bone "piece06"
			{matrix34
				0.2153 	 0.3551 	 0.9097
				-0.9358 	 0.3413 	 0.0883
				-0.2791 	 -0.8703 	 0.4058
				14.3632 	 2.0999 	 9.7646
			}
			{poly "piece06"}
		}
		{bone "piece07"
			{matrix34
				0.5736 	 0.8192 	 0
				-0.8192 	 0.5736 	 0
				0 	 0 	 1
				11.9551 	 -1.3394 	 11.2927
			}
			{poly "piece07"}
		}
		{bone "piece08"
			{matrix34
				0.5984 	 0.7669 	 0.232
				-0.6478 	 0.6334 	 -0.4232
				-0.4715 	 0.103 	 0.8758
				14.9406 	 -5.485 	 10.8486
			}
			{poly "piece08"}
		}
		{bone "piece09"
			{matrix34
				0.5209 	 0.7939 	 0.3138
				-0.8286 	 0.5586 	 -0.0376
				-0.2052 	 -0.2404 	 0.9487
				9.0264 	 1.8195 	 9.7646
			}
			{poly "piece09"}
		}
		{bone "piece10"
			{matrix34
				0.9877 	 0.1561 	 -0.0109
				-0.1564 	 0.9853 	 -0.0689
				0 	 0.0698 	 0.9976
				-288.039 	 554.991 	 -48.0263
			}
			{poly "piece10"}
		}
		{bone "piece11"
			{matrix34
				0.4144 	 0.0273 	 0.9097
				-0.2572 	 0.9623 	 0.0883
				-0.873 	 -0.2705 	 0.4058
				-3.6812 	 -5.3009 	 9.7646
			}
			{poly "piece11"}
		}
		{bone "piece12"
			{matrix34
				-0.2733 	 0.9093 	 0.3138
				-0.9605 	 -0.2757 	 -0.0376
				0.0523 	 -0.3117 	 0.9487
				-10.8354 	 0.36 	 9.7646
			}
			{poly "piece12"}
		}
		{bone "piece13"
			{Position -11.1301 	 -5.2054 	 11.2926}
			{poly "piece13"}
		}
		{bone "fx_dust1"
			{Position 0.5447 	 1.0879 	 3.5079}
		}
	}
}
{"volumes"
	{"piece01"
		{box 5.60364 16.027 0.955735}
		{bone "piece01"}
		{matrix34
			-0.7462 	 0.6616 	 0.0742
			-0.6555 	 -0.7496 	 0.0924
			0.1167 	 0.0203 	 0.993
			0.2177 	 -0.1891 	 -0.6567
		}
	}
	{"piece02"
		{box 2.94001 15.762 2.84639}
		{bone "piece02"}
		{matrix34
			0.5233 	 0.6037 	 0.6014
			-0.6335 	 0.7477 	 -0.1992
			-0.5699 	 -0.2767 	 0.7737
			1.2709 	 1.4345 	 3.4415
		}
	}
	{"piece03"
		{box 3.05095 14.3306 5.5796}
		{bone "piece03"}
		{matrix34
			-0.3831 	 0.9124 	 -0.1444
			-0.9208 	 -0.3646 	 0.1386
			0.0738 	 0.1861 	 0.9798
			-0.1021 	 -0.0924 	 0.4095
		}
	}
	{"piece04"
		{box 2.94001 15.762 2.84639}
		{bone "piece04"}
		{matrix34
			-0.7015 	 0.6664 	 -0.2526
			-0.7107 	 -0.6275 	 0.3181
			0.0535 	 0.4027 	 0.9138
			-2.1462 	 3.2831 	 0.3657
		}
	}
	{"piece05"
		{box 2.8709 24.891 0.63079}
		{bone "piece05"}
		{matrix34
			0.7194 	 -0.6945 	 0.0123
			-0.1001 	 -0.0861 	 0.9912
			-0.6874 	 -0.7143 	 -0.1315
			180.587 	 -600.737 	 21.3061
		}
	}
	{"piece06"
		{box 3.23947 24.7009 0.63579}
		{bone "piece06"}
		{matrix34
			0.6217 	 0.1182 	 -0.7743
			0.7773 	 0.0286 	 0.6285
			0.0964 	 -0.9926 	 -0.0741
			2.4807 	 -0.4471 	 -0.0854
		}
	}
	{"piece07"
		{box 2.65753 24.5535 0.70079}
		{bone "piece07"}
		{matrix34
			0.9603 	 0.2781 	 -0.0198
			0.0388 	 -0.0629 	 0.9973
			0.2761 	 -0.9585 	 -0.0712
			0.1725 	 -0.6118 	 2.3222
		}
	}
	{"piece08"
		{box 2.71572 24.2601 0.50579}
		{bone "piece08"}
		{matrix34
			0.316 	 0.4776 	 -0.8198
			0.944 	 -0.0714 	 0.3222
			0.0954 	 -0.8757 	 -0.4734
			0.3365 	 -2.1959 	 1.5667
		}
	}
	{"piece09"
		{box 2.56054 24.5806 0.616743}
		{bone "piece09"}
		{matrix34
			-0.2039 	 0.9059 	 0.3712
			0.4246 	 -0.2599 	 0.8673
			0.8821 	 0.3344 	 -0.3316
			1.2554 	 1.11 	 2.031
		}
	}
	{"piece10"
		{box 2.8709 24.891 0.63079}
		{bone "piece10"}
		{matrix34
			0.7194 	 -0.6945 	 0.0123
			-0.1001 	 -0.0861 	 0.9912
			-0.6874 	 -0.7143 	 -0.1315
			180.587 	 -600.737 	 21.306
		}
	}
	{"piece11"
		{box 3.23947 24.7009 0.63579}
		{bone "piece11"}
		{matrix34
			0.6217 	 0.1182 	 -0.7743
			0.7773 	 0.0286 	 0.6285
			0.0964 	 -0.9926 	 -0.0741
			2.4807 	 -0.4472 	 -0.0854
		}
	}
	{"piece12"
		{box 2.56054 24.5806 0.616743}
		{bone "piece12"}
		{matrix34
			-0.2039 	 0.9059 	 0.3712
			0.4246 	 -0.2599 	 0.8673
			0.8821 	 0.3344 	 -0.3316
			1.2553 	 1.1101 	 2.031
		}
	}
	{"piece13"
		{box 2.61873 24.6149 0.67079}
		{bone "piece13"}
		{matrix34
			-0.0342 	 -0.9991 	 -0.0254
			-0.082 	 -0.0226 	 0.9964
			-0.996 	 0.0362 	 -0.0811
			-2.1057 	 -0.6817 	 2.4589
		}
	}
}
