;Exported by	: KobaA
;Date			: 29.12.2023 11:47:10
;File			: d:\git\gem2-mdl-soldiers\models\entourage\bower\bower.max
{skeleton
	{bone "bower1_basis_piece02_point"
		{orientation
			1 	 0 	 0
			0 	 -1 	 0
			0 	 0 	 1
		}
		{bone "bower1_basis_piece02"
			{Position 0 	 0 	 0}
			{poly "bower1_basis_piece02"}
		}
		{bone "piece01"
			{matrix34
				-0.866 	 -0.5 	 0
				0.5 	 -0.866 	 0
				0 	 0 	 1
				3.3557 	 33.7152 	 4.0623
			}
			{poly "piece01"}
		}
		{bone "piece02"
			{matrix34
				-0.866 	 -0.5 	 0
				0.5 	 -0.866 	 0
				0 	 0 	 1
				3.3488 	 33.7112 	 -11.3742
			}
			{poly "piece02"}
		}
		{bone "piece03"
			{matrix34
				0 	 -1 	 0
				1 	 0 	 0
				0 	 0 	 1
				-19.0629 	 -5.1053 	 -7.303
			}
			{poly "piece03"}
		}
		{bone "piece04"
			{matrix34
				0 	 -1 	 0
				1 	 0 	 0
				0 	 0 	 1
				-19.0629 	 -5.1132 	 4.8534
			}
			{poly "piece04"}
		}
		{bone "piece05"
			{matrix34
				-0.5 	 0.866 	 0
				-0.866 	 -0.5 	 0
				0 	 0 	 1
				-12.5962 	 12.2269 	 17.6955
			}
			{poly "piece05"}
		}
		{bone "piece06"
			{matrix34
				-0.5 	 0.866 	 0
				-0.866 	 -0.5 	 0
				0 	 0 	 1
				4.9562 	 7.0318 	 28.7177
			}
			{poly "piece06"}
		}
		{bone "piece07"
			{matrix34
				-0.766 	 -0.6428 	 0
				0.6428 	 -0.766 	 0
				0 	 0 	 1
				-7.5336 	 -13.0117 	 21.6953
			}
			{poly "piece07"}
		}
		{bone "piece08"
			{matrix34
				-0.6428 	 0.766 	 0
				-0.766 	 -0.6428 	 0
				0 	 0 	 1
				17.8751 	 28.1923 	 22.6256
			}
			{poly "piece08"}
		}
		{bone "sub_piece01"
			{matrix34
				-1 	 0 	 0
				0 	 -1 	 0
				0 	 0 	 1
				12.7888 	 34.7253 	 12.2555
			}
			{poly "sub_piece01"}
		}
		{bone "sub_piece02"
			{matrix34
				-0.866 	 -0.5 	 0
				-0.2246 	 0.3891 	 0.8934
				-0.4467 	 0.7737 	 -0.4493
				14.3656 	 14.6438 	 27.8953
			}
			{poly "sub_piece02"}
		}
		{bone "sub_piece03"
			{matrix34
				-0.5 	 -0.866 	 0
				-0.433 	 0.25 	 0.866
				-0.75 	 0.433 	 -0.5
				-6.0123 	 13.237 	 18.1781
			}
			{poly "sub_piece03"}
		}
		{bone "sub_piece04"
			{matrix34
				0 	 -1 	 0
				-0.4493 	 0 	 0.8934
				-0.8934 	 0 	 -0.4493
				5.8822 	 -5.1141 	 29.3657
			}
			{poly "sub_piece04"}
		}
		{bone "sub_piece05"
			{matrix34
				0.5 	 -0.866 	 0
				0.866 	 0.5 	 0
				0 	 0 	 1
				-17.0666 	 -10.593 	 12.2555
			}
			{poly "sub_piece05"}
		}
		{bone "debris_land_002"
			{parameters "land;ground;"}
			{matrix34
				0.9397 	 -0.342 	 0
				0.342 	 0.9397 	 0
				0 	 0 	 1
				-18.7315 	 15.1317 	 -46.0933
			}
			{poly "debris_land_002" {ground}}
		}
		{bone "stones_002"
			{parameters "land;ground;"}
			{matrix34
				0.9397 	 -0.342 	 0
				0.342 	 0.9397 	 0
				0 	 0 	 1
				-20.4621 	 15.5942 	 -40.9093
			}
			{poly "stones_002" {ground}}
		}
		{bone "debris_land_001"
			{parameters "land;ground;"}
			{matrix34
				0.9063 	 0.4226 	 0
				-0.4226 	 0.9063 	 0
				0 	 0 	 1
				-15.861 	 -29.5064 	 -47.4045
			}
			{poly "debris_land_001" {ground}}
		}
		{bone "stones_001"
			{parameters "land;ground;"}
			{matrix34
				0.9063 	 0.4226 	 0
				-0.4226 	 0.9063 	 0
				0 	 0 	 1
				-17.4117 	 -30.403 	 -42.2205
			}
			{poly "stones_001" {ground}}
		}
	}
}
{"volumes"
	{"body01"
		{box 10.1785 10.4293 29.1118}
		{bone "bower1_basis_piece02"}
		{matrix34
			0.866 	 0.5 	 0
			-0.5 	 0.866 	 0
			0 	 0 	 1
			3.342 	 33.8142 	 -36.8324
		}
	}
	{"body02"
		{box 10.1785 9.4506 32.0637}
		{bone "bower1_basis_piece02"}
		{Position -19.1699 	 -5.0797 	 -35.3565}
	}
	{"body03"
		{box 43.0482 7.23737 23.7598}
		{bone "bower1_basis_piece02"}
		{matrix34
			0.5 	 0.866 	 0
			-0.866 	 0.5 	 0
			0 	 0 	 1
			-9.6971 	 16.4009 	 -39.5084
		}
	}
	{"body04"
		{box 43.0482 7.23737 23.7598}
		{bone "bower1_basis_piece02"}
		{matrix34
			0.5 	 -0.866 	 0
			0.866 	 0.5 	 0
			0 	 0 	 1
			-9.6352 	 -26.2985 	 -39.5084
		}
	}
	{"piece01"
		{box 10.9611 10.7244 11.8431}
		{bone "piece01"}
		{Position 0 	 0 	 0.5595}
	}
	{"piece02"
		{box 9.33725 9.91371 11.4201}
		{bone "piece02"}
		{Position 0 	 0 	 0.3415}
	}
	{"piece03"
		{box 10.1492 9.08848 10.5742}
		{bone "piece03"}
		{matrix34
			0 	 1 	 0
			-1 	 0 	 0
			0 	 0 	 1
			-0.0257 	 0.0356 	 -0.3244
		}
	}
	{"piece04"
		{box 10.9611 10.7244 10.5742}
		{bone "piece04"}
		{matrix34
			0 	 1 	 0
			-1 	 0 	 0
			0 	 0 	 1
			-0.0337 	 0.0356 	 0.1139
		}
	}
	{"piece05"
		{box 33.0824 15.9843 0.895351}
		{bone "piece05"}
		{matrix34
			-0.5 	 0.866 	 0
			-0.75 	 -0.433 	 0.5
			0.433 	 0.25 	 0.866
			-0.7772 	 -0.0906 	 -0.2824
		}
	}
	{"piece06"
		{box 25.0103 22.5067 0.895351}
		{bone "piece06"}
		{matrix34
			-0.5 	 0.866 	 0
			-0.75 	 -0.433 	 0.5
			0.433 	 0.25 	 0.866
			-1.7261 	 -2.075 	 0.0186
		}
	}
	{"piece07"
		{box 28.5117 30.8341 0.895351}
		{bone "piece07"}
		{matrix34
			0.5 	 0.866 	 0
			-0.75 	 0.433 	 0.5
			0.433 	 -0.25 	 0.866
			0.4499 	 0.6147 	 -0.2826
		}
	}
	{"piece08"
		{box 28.5117 30.8341 0.895351}
		{bone "piece08"}
		{matrix34
			0.5 	 0.866 	 0
			-0.75 	 0.433 	 0.5
			0.433 	 -0.25 	 0.866
			0.6779 	 0.403 	 -0.2274
		}
	}
	{"sub_piece01"
		{box 4.6173 20.0674 4.17209}
		{bone "sub_piece01"}
		{matrix34
			0 	 1 	 0
			-1 	 0 	 0
			0 	 0 	 1
			1.0687 	 0.128 	 0.0338
		}
	}
	{"sub_piece02"
		{box 30.0961 1.64198 3.03333}
		{bone "sub_piece02"}
		{matrix34
			0 	 0.0053 	 -1
			-1 	 0 	 0
			0 	 1 	 0.0053
			0.0351 	 -0.0908 	 -0.5718
		}
	}
	{"sub_piece03"
		{box 30.0961 1.64198 3.03333}
		{bone "sub_piece03"}
		{matrix34
			0 	 0 	 -1
			-1 	 0 	 0
			0 	 1 	 0
			-0.1102 	 0.1118 	 0.0914
		}
	}
	{"sub_piece04"
		{box 30.0961 1.64198 3.03333}
		{bone "sub_piece04"}
		{matrix34
			0 	 0.0053 	 -1
			-1 	 0 	 0
			0 	 1 	 0.0053
			0.0185 	 -0.0239 	 -0.3846
		}
	}
	{"sub_piece05"
		{box 4.6173 12.8635 4.17209}
		{bone "sub_piece05"}
		{matrix34
			0 	 -1 	 0
			1 	 0 	 0
			0 	 0 	 1
			-0.5108 	 -0.1124 	 0.0338
		}
	}
}
