;Exported by	: KobaA
;Date			: 18.01.2024 10:34:26
;File			: d:\git\gem2-mdl-soldiers\models\building\house_d\d_006_fort_x.max
{skeleton
	{bone "d006_piece05_x"
		{orientation
			1 	 0 	 0
			0 	 -1 	 0
			0 	 0 	 1
		}
		{bone "piece01"
			{Position 21.4965 	 -22.6851 	 2.9591}
			{poly "piece01"}
		}
		{bone "piece02"
			{Position 21.0956 	 26.6736 	 24.1069}
			{poly "piece02"}
		}
		{bone "piece03"
			{Position 23.8946 	 24.9145 	 -0.328}
			{poly "piece03"}
		}
		{bone "sub_piece01"
			{Position 25.3366 	 -17.5457 	 20.7519}
			{poly "sub_piece01"}
		}
		{bone "sub_piece02"
			{Position 28.736 	 1.9184 	 -4.9913}
			{poly "sub_piece02"}
		}
		{bone "sub_piece03"
			{Position 29.4757 	 2.0951 	 31.4951}
			{poly "sub_piece03"}
		}
		{bone "sub_piece04"
			{Position 24.726 	 -10.6551 	 40.8467}
			{poly "sub_piece04"}
		}
		{bone "sub_piece05"
			{Position 14.4515 	 13.1454 	 40.8467}
			{poly "sub_piece05"}
		}
	}
}
{"volumes"
	{"piece01"
		{box 5.90551 23.2146 15.7312}
		{bone "piece01"}
		{matrix34
			0.8596 	 -0.5109 	 0
			0.5109 	 0.8596 	 0
			0 	 0 	 1
			0.6343 	 -2.0848 	 -1.9431
		}
	}
	{"piece02"
		{box 5.90551 23.2146 15.7312}
		{bone "piece02"}
		{matrix34
			0.9063 	 0.4226 	 0
			-0.4226 	 0.9063 	 0
			0 	 0 	 1
			2.4887 	 -0.3126 	 0.0137
		}
	}
	{"piece03"
		{box 5.90551 20.9824 13.8498}
		{bone "piece03"}
		{matrix34
			0.9216 	 0.388 	 0
			-0.388 	 0.9216 	 0
			0 	 0 	 1
			0.9483 	 -0.3057 	 0.359
		}
	}
	{"sub_piece01"
		{box 5.90551 14.8812 16.7831}
		{bone "sub_piece01"}
		{matrix34
			-0.9172 	 0.3984 	 0
			-0.3984 	 -0.9172 	 0
			0 	 0 	 1
			0.8941 	 -0.3002 	 -0.307
		}
	}
	{"sub_piece02"
		{box 5.90551 14.8812 10.7015}
		{bone "sub_piece02"}
		{matrix34
			0.9989 	 -0.0469 	 0
			0.0469 	 0.9989 	 0
			0 	 0 	 1
			0.8162 	 -0.4867 	 -0.585
		}
	}
	{"sub_piece03"
		{box 5.90551 14.8812 10.7015}
		{bone "sub_piece03"}
		{matrix34
			0.9981 	 -0.0611 	 0
			0.0611 	 0.9981 	 0
			0 	 0 	 1
			-0.3191 	 -0.7214 	 -0.585
		}
	}
	{"sub_piece04"
		{box 13.7795 11.811 1.1811}
		{bone "sub_piece04"}
		{matrix34
			0.9251 	 -0.2575 	 -0.2792
			0.2682 	 0.9634 	 0
			0.269 	 -0.0749 	 0.9602
			-0.2364 	 0.0784 	 -0.1632
		}
	}
	{"sub_piece05"
		{box 13.7795 11.811 1.1811}
		{bone "sub_piece05"}
		{matrix34
			0.9251 	 -0.2575 	 -0.2792
			0.2682 	 0.9634 	 0
			0.269 	 -0.0749 	 0.9602
			-0.2364 	 0.0784 	 -0.1632
		}
	}
}
