;Exported by	: joomb
;Date			: 17.04.2024 15:16:23
;File			: h:\git\gem2-mdl-soldiers\models\building\buildings_ru\barn_ru001_x.max
{skeleton
	{bone "barn_ru_001_piece12_point"
		{orientation
			1 	 0 	 0
			0 	 -1 	 0
			0 	 0 	 1
		}
		{bone "piece01"
			{matrix34
				0 	 -1 	 0
				1 	 0 	 0
				0 	 0 	 1
				60.0039 	 -30.4958 	 3.7393
			}
			{poly "piece01"}
		}
		{bone "piece02"
			{matrix34
				1 	 0 	 0
				0 	 0 	 1
				0 	 -1 	 0
				-83.8382 	 -32.6316 	 -26.2967
			}
			{poly "piece02"}
		}
		{bone "piece03"
			{matrix34
				1 	 0 	 0
				0 	 0.8192 	 -0.5736
				0 	 0.5736 	 0.8192
				40.5649 	 29.9994 	 16.7978
			}
			{poly "piece03"}
		}
		{bone "piece04"
			{matrix34
				1 	 0 	 0
				0 	 0 	 1
				0 	 -1 	 0
				-10.7637 	 -27.0961 	 -12.9321
			}
			{poly "piece04"}
		}
		{bone "piece05"
			{matrix34
				0 	 -1 	 0
				1 	 0 	 0
				0 	 0 	 1
				60.0039 	 22.343 	 1.4921
			}
			{poly "piece05"}
		}
		{bone "sub_piece01"
			{matrix34
				-0.001 	 0.5714 	 0.8207
				-0.9948 	 -0.0845 	 0.0576
				0.1022 	 -0.8163 	 0.5685
				19.6284 	 33.726 	 14.4086
			}
			{poly "sub_piece01"}
		}
		{bone "sub_piece02"
			{matrix34
				-0.9998 	 -0.0175 	 0
				0 	 0 	 -1
				0.0175 	 -0.9998 	 0
				-59.4878 	 -28.9986 	 4.3878
			}
			{poly "sub_piece02"}
		}
		{bone "sub_piece03"
			{matrix34
				-1 	 0 	 0
				0 	 -1 	 0
				0 	 0 	 1
				22.2257 	 45.4195 	 -26.988
			}
			{poly "sub_piece03"}
		}
		{bone "sub_piece04"
			{matrix34
				-1 	 0 	 0
				0 	 -1 	 0
				0 	 0 	 1
				45.5913 	 45.4196 	 -31.2712
			}
			{poly "sub_piece04"}
		}
		{bone "sub_piece05"
			{matrix34
				-0.9962 	 0 	 -0.0872
				0 	 1 	 0
				0.0872 	 0 	 -0.9962
				59.9968 	 -13.0106 	 6.1909
			}
			{poly "sub_piece05"}
		}
		{bone "sub_piece06"
			{Position 59.2165 	 -24.4232 	 -32.5239}
			{poly "sub_piece06"}
		}
	}
}
{"volumes"
	{"piece01"
		{box 1.155 19.8881 42.6792}
		{bone "piece01"}
		{matrix34
			0 	 1 	 0
			-1 	 0 	 0
			0 	 0 	 1
			-2.4513 	 0 	 1.5157
		}
	}
	{"piece02"
		{box 5.08939 5.12318 26.8879}
		{bone "piece02"}
		{matrix34
			1 	 0 	 0
			0 	 0 	 -1
			0 	 1 	 0
			138.613 	 8.1504 	 -73.6719
		}
	}
	{"piece03"
		{box 18.6792 1.19677 48.4333}
		{bone "piece03"}
		{matrix34
			1 	 0 	 0
			0 	 0 	 1
			0 	 -1 	 0
			1.2739 	 -4.8741 	 -0.0826
		}
	}
	{"piece04"
		{box 7.48032 23.7874 5.1678}
		{bone "piece04"}
		{matrix34
			-0.0175 	 0 	 -0.9998
			0 	 1 	 0
			0.9998 	 0 	 -0.0175
			-0.1084 	 2.7051 	 5.4945
		}
	}
	{"piece05"
		{polyhedron}
		{bone "piece05"}
		{matrix34
			0 	 1 	 0
			-1 	 0 	 0
			0 	 0 	 1
			0.2612 	 0 	 -20.8824
		}
	}
	{"sub_piece01"
		{box 4.63503 1.19677 48.4333}
		{bone "sub_piece01"}
		{matrix34
			-0.001 	 -0.9928 	 0.1196
			1 	 -0.0013 	 -0.0025
			0.0027 	 0.1196 	 0.9928
			-0.2584 	 0.2405 	 1.6417
		}
	}
	{"sub_piece02"
		{box 5.46715 1.19677 49.8388}
		{bone "sub_piece02"}
		{matrix34
			-0.0349 	 0 	 -0.9994
			0 	 -1 	 0
			-0.9994 	 0 	 0.0349
			-22.2056 	 -0.3937 	 -18.5087
		}
	}
	{"sub_piece03"
		{box 4.63135 1.19677 17.5847}
		{bone "sub_piece03"}
		{matrix34
			-0.9998 	 0 	 -0.0175
			0 	 -1 	 0
			-0.0175 	 0 	 0.9998
			-0.0897 	 0.0069 	 0.8947
		}
	}
	{"sub_piece04"
		{box 4.63135 1.19677 28.8274}
		{bone "sub_piece04"}
		{matrix34
			-0.9998 	 0 	 -0.0175
			0 	 -1 	 0
			-0.0175 	 0 	 0.9998
			-0.0367 	 0.0069 	 0.7706
		}
	}
	{"sub_piece05"
		{box 1.155 4.97203 35.265}
		{bone "sub_piece05"}
		{matrix34
			-0.9962 	 0 	 0.0872
			0.0061 	 0.9976 	 0.0695
			-0.0869 	 0.0698 	 -0.9938
			0.0611 	 -0.2472 	 0.7805
		}
	}
	{"sub_piece06"
		{box 1.155 5.12095 32.3324}
		{bone "sub_piece06"}
		{Position 0 	 -2.4569 	 0.2283}
	}
}
