;Exported by	: KobaA
;Date			: 04.03.2024 15:10:35
;File			: d:\git\gem2-mdl-soldiers\models\building\b2\vil_build_002_x.max
{skeleton
	{bone "build_vil_002_piece04_point"
		{orientation
			1 	 0 	 0
			0 	 -1 	 0
			0 	 0 	 1
		}
		{bone "debris_land_04"
			{parameters "land;ground;"}
			{matrix34
				0 	 1 	 0
				-1 	 0 	 0
				0 	 0 	 1
				17.315 	 -38.7125 	 -40.4913
			}
			{poly "debris_land_04" {ground}}
		}
		{bone "body"
			{Position -10.9297 	 40.1731 	 5.4837}
			{poly "body"}
		}
		{bone "piece01"
			{matrix34
				0 	 1 	 0
				-1 	 0 	 0
				0 	 0 	 1
				6.4232 	 -26.3943 	 9.6271
			}
			{poly "piece01"}
		}
		{bone "piece02"
			{matrix34
				0 	 1 	 0
				-1 	 0 	 0
				0 	 0 	 1
				20.9593 	 -26.9299 	 -22.277
			}
			{poly "piece02"}
		}
		{bone "piece03"
			{matrix34
				-0.9912 	 0 	 0.1325
				0 	 -1 	 0
				0.1325 	 0 	 0.9912
				26.5573 	 -10.5605 	 28.8337
			}
			{poly "piece03"}
		}
		{bone "piece04"
			{matrix34
				-0.8995 	 0 	 0.4369
				0 	 -1 	 0
				0.4369 	 0 	 0.8995
				9.1383 	 -21.6726 	 43.7524
			}
			{poly "piece04"}
		}
		{bone "piece05"
			{matrix34
				-0.9892 	 0 	 0.1464
				0 	 -1 	 0
				0.1464 	 0 	 0.9892
				2.0664 	 -8.4691 	 48.8629
			}
			{poly "piece05"}
		}
		{bone "piece06"
			{matrix34
				-1 	 0 	 0
				0 	 -1 	 0
				0 	 0 	 1
				32.2979 	 -8.0892 	 -22.963
			}
			{poly "piece06"}
		}
		{bone "piece07"
			{matrix34
				-1 	 0 	 0
				0 	 -1 	 0
				0 	 0 	 1
				32.2979 	 3.0273 	 9.9
			}
			{poly "piece07"}
		}
		{bone "piece08"
			{matrix34
				-1 	 0 	 0
				0 	 -1 	 0
				0 	 0 	 1
				32.2979 	 -19.3043 	 9.9
			}
			{poly "piece08"}
		}
		{bone "piece09"
			{Position 18.7927 	 -5.8761 	 14.455}
			{poly "piece09"}
		}
		{bone "piece10"
			{Position 2.1894 	 -14.8147 	 14.4742}
			{poly "piece10"}
		}
		{bone "piece11"
			{Position 33.383 	 -27.8448 	 -11.6279}
			{poly "piece11"}
		}
		{bone "sub_piece01"
			{matrix34
				0.9397 	 0.342 	 0
				-0.342 	 0.9397 	 0
				0 	 0 	 1
				-11.8733 	 -32.3741 	 46.8732
			}
			{poly "sub_piece01"}
		}
		{bone "sub_piece02"
			{matrix34
				-0.9397 	 0.342 	 0
				0.342 	 0.9397 	 0
				0 	 0 	 -1
				-1.6911 	 -32.3747 	 35.8271
			}
			{poly "sub_piece02"}
		}
		{bone "sub_piece03"
			{matrix34
				0.9397 	 0.342 	 0
				-0.342 	 0.9397 	 0
				0 	 0 	 1
				9.2257 	 -32.3741 	 26.7871
			}
			{poly "sub_piece03"}
		}
		{bone "sub_piece04"
			{matrix34
				0 	 0 	 1
				-1 	 0 	 0
				0 	 -1 	 0
				14.4675 	 -27.5693 	 -20.0749
			}
			{poly "sub_piece04"}
		}
		{bone "sub_piece05"
			{matrix34
				0 	 -1 	 0
				0 	 0 	 -1
				1 	 0 	 0
				7.9942 	 -29.2149 	 -6.9002
			}
			{poly "sub_piece05"}
		}
		{bone "sub_piece06"
			{matrix34
				0 	 -1 	 0
				0 	 0 	 -1
				1 	 0 	 0
				22.2536 	 -29.2149 	 0.4082
			}
			{poly "sub_piece06"}
		}
		{bone "sub_piece07"
			{matrix34
				1 	 0 	 0
				0 	 0 	 1
				0 	 -1 	 0
				-7.2353 	 -29.2224 	 -10.468
			}
			{poly "sub_piece07"}
		}
		{bone "sub_piece08"
			{matrix34
				0 	 0 	 1
				-1 	 0 	 0
				0 	 -1 	 0
				-10.3364 	 -29.1499 	 3.1156
			}
			{poly "sub_piece08"}
		}
		{bone "sub_piece09"
			{matrix34
				0 	 0 	 1
				-0.0872 	 -0.9962 	 0
				0.9962 	 -0.0872 	 0
				35.0544 	 -9.302 	 -20.0749
			}
			{poly "sub_piece09"}
		}
		{bone "sub_piece10"
			{matrix34
				0.9962 	 -0.0872 	 0
				0 	 0 	 -1
				0.0872 	 0.9962 	 0
				35.0703 	 -1.8769 	 -9.5492
			}
			{poly "sub_piece10"}
		}
		{bone "sub_piece11"
			{matrix34
				0.9962 	 -0.0872 	 0
				0 	 0 	 -1
				0.0872 	 0.9962 	 0
				35.0703 	 9.975 	 -7.0832
			}
			{poly "sub_piece11"}
		}
		{bone "sub_piece12"
			{matrix34
				0 	 1 	 0
				-1 	 0 	 0
				0 	 0 	 1
				6.3702 	 -25.9777 	 -19.1884
			}
			{poly "sub_piece12"}
		}
		{bone "sub_piece13"
			{matrix34
				0 	 1 	 0
				-1 	 0 	 0
				0 	 0 	 1
				4.833 	 -25.9777 	 0.268
			}
			{poly "sub_piece13"}
		}
		{bone "sub_piece14"
			{matrix34
				-1 	 0 	 0
				0 	 -1 	 0
				0 	 0 	 1
				32.2979 	 -18.3315 	 -9.1721
			}
			{poly "sub_piece14"}
		}
		{bone "sub_piece15"
			{matrix34
				-1 	 0 	 0
				0 	 -1 	 0
				0 	 0 	 1
				32.2979 	 9.0531 	 -2.8709
			}
			{poly "sub_piece15"}
		}
		{bone revolute "attach6"
			{matrix34
				0 	 -1 	 0
				1 	 0 	 0
				0 	 0 	 1
				12.2396 	 -12.5041 	 -40.5119
			}
		}
		{bone revolute "attach5"
			{matrix34
				0 	 -1 	 0
				1 	 0 	 0
				0 	 0 	 1
				-12.5438 	 -16.1065 	 -40.5119
			}
		}
		{bone "fort_wall"
			{matrix34
				-1 	 0 	 0
				0 	 -1 	 0
				0 	 0 	 1
				9.3066 	 -34.7679 	 -34.882
			}
		}
	}
}
{"volumes"
	{"body01"
		{box 5.28137 56.2992 16.9698}
		{bone "body"}
		{matrix34
			0 	 -1 	 0
			1 	 0 	 0
			0 	 0 	 1
			17.7385 	 -66.745 	 -37.8074
		}
	}
	{"body05"
		{box 5.28137 28.6861 20.374}
		{bone "body"}
		{Position 43.2474 	 -49.7612 	 -36.1053}
	}
	{"piece01"
		{box 4.78571 31.0494 3.0861}
		{bone "piece01"}
		{Position 0 	 -1.113 	 0.0467}
	}
	{"piece02"
		{box 4.78571 18.9401 3.0861}
		{bone "piece02"}
		{Position 0 	 -0.2704 	 0.102}
	}
	{"piece03"
		{box 8.12059 33.0952 0.351305}
		{bone "piece03"}
		{matrix34
			0.0363 	 0.9981 	 -0.0493
			-0.8723 	 0.0076 	 -0.4889
			-0.4876 	 0.0608 	 0.8709
			-0.0857 	 -0.5538 	 0.153
		}
	}
	{"piece04"
		{box 5.45006 33.0952 0.351305}
		{bone "piece04"}
		{matrix34
			-0.0559 	 0.9751 	 0.2144
			-0.9741 	 -0.0061 	 -0.2262
			-0.2193 	 -0.2215 	 0.9502
			-0.4812 	 1.0641 	 -0.0484
		}
	}
	{"piece05"
		{box 3.57306 17.1368 0.351305}
		{bone "piece05"}
		{matrix34
			-0.0623 	 0.9925 	 0.1054
			-0.8607 	 0 	 -0.5091
			-0.5053 	 -0.1224 	 0.8542
			-0.8017 	 0.0779 	 -0.0661
		}
	}
	{"piece06"
		{box 4.78571 31.0494 3.0861}
		{bone "piece06"}
		{Position 0 	 -1.113 	 0.0467}
	}
	{"piece07"
		{box 4.78571 18.9401 3.0861}
		{bone "piece07"}
		{Position 0 	 -0.2704 	 0.102}
	}
	{"piece08"
		{box 4.78571 18.9401 3.0861}
		{bone "piece08"}
		{Position 0 	 -0.2704 	 0.102}
	}
	{"piece09"
		{box 3.85944 31.7478 2.25262}
		{bone "piece09"}
		{Position -0.0517 	 -1.0338 	 0.0037}
	}
	{"piece10"
		{box 3.85944 19.0487 2.25262}
		{bone "piece10"}
		{Position -0.0323 	 -0.3499 	 0.0064}
	}
	{"piece11"
		{box 3.30214 18.6087 3.30397}
		{bone "piece11"}
		{matrix34
			1 	 0 	 0
			0 	 0 	 1
			0 	 -1 	 0
			0 	 -0.007 	 -0.6372
		}
	}
	{"sub_piece01"
		{box 2.20539 13.6753 0.351305}
		{bone "sub_piece01"}
		{matrix34
			-0.9659 	 0.2588 	 0
			0 	 0 	 1
			0.2588 	 0.9659 	 0
			-0.0597 	 -0.1541 	 -0.546
		}
	}
	{"sub_piece02"
		{box 3.86911 12.5993 0.531305}
		{bone "sub_piece02"}
		{matrix34
			0.958 	 -0.2869 	 0
			0 	 0 	 -1
			0.2869 	 0.958 	 0
			-0.0178 	 -0.0221 	 0
		}
	}
	{"sub_piece03"
		{box 3.86911 16.8831 0.351305}
		{bone "sub_piece03"}
		{matrix34
			-0.9659 	 0.2588 	 0
			0 	 0 	 1
			0.2588 	 0.9659 	 0
			-0.0597 	 -0.1541 	 -1.3025
		}
	}
	{"sub_piece04"
		{box 1.12273 7.19038 0.751231}
		{bone "sub_piece04"}
		{Position 0 	 0.2073 	 -0.0102}
	}
	{"sub_piece05"
		{box 1.12273 12.84 0.751231}
		{bone "sub_piece05"}
		{Position 0.0168 	 0 	 0.0115}
	}
	{"sub_piece06"
		{box 1.12273 12.84 0.751231}
		{bone "sub_piece06"}
		{Position 0.0168 	 0 	 0.0115}
	}
	{"sub_piece07"
		{box 1.12273 7.19038 0.751231}
		{bone "sub_piece07"}
		{Position 0 	 0.2073 	 -0.0102}
	}
	{"sub_piece08"
		{box 1.12273 7.19038 0.751231}
		{bone "sub_piece08"}
		{Position 0 	 0.2073 	 -0.0102}
	}
	{"sub_piece09"
		{box 1.12273 7.19038 0.751231}
		{bone "sub_piece09"}
		{Position 0 	 0.2073 	 -0.0102}
	}
	{"sub_piece10"
		{box 1.12273 12.84 0.751231}
		{bone "sub_piece10"}
		{Position 0.0168 	 0 	 0.0115}
	}
	{"sub_piece11"
		{box 1.12273 12.84 0.751231}
		{bone "sub_piece11"}
		{Position 0.0168 	 0 	 0.0115}
	}
	{"sub_piece12"
		{box 4.78571 8.52305 3.0861}
		{bone "sub_piece12"}
		{Position 0 	 4.5717 	 0.102}
	}
	{"sub_piece13"
		{box 4.78571 8.52305 3.0861}
		{bone "sub_piece13"}
		{Position 0 	 4.5717 	 0.102}
	}
	{"sub_piece14"
		{box 4.78571 8.52305 3.0861}
		{bone "sub_piece14"}
		{Position 0 	 4.5717 	 0.102}
	}
	{"sub_piece15"
		{box 4.78571 8.52305 3.0861}
		{bone "sub_piece15"}
		{Position 0 	 4.5717 	 0.102}
	}
	{"target17"
		{box 9.84252 9.84252 9.84252}
		{bone "body"}
		{Position -2.2404 	 -59.7412 	 -36.7189}
	}
	{"target18"
		{box 9.84252 9.84252 9.84252}
		{bone "body"}
		{Position 23.1842 	 -56.5556 	 -36.7189}
	}
}
