;Exported by	: Oleksandr Tsaprylov
;Date			: 03.02.2023 16:23:54
;File			: E:\projects\gem2-mdl-soldiers\models\entourage\shed_wood_destroyed\shed_wood_destroyed.max
{skeleton
	{bone "shed_wood_destroyed_piece_004"
		{orientation
			1 	 0 	 0
			0 	 -1 	 0
			0 	 0 	 1
		}
		{poly "shed_wood_destroyed_piece_004"}
	}
}
{obstacle "obstacle01"
	{obb2
		{center -2.37423 -10.936}
		{extent 3.48102 2.83992}
		{axis -1 0}
	}
	{rotate}
}
{"volumes"
	{"body01"
		{box 3.93701 3.93701 69.8964}
		{bone "shed_wood_destroyed_piece_004"}
		{Position -2.3742 	 10.936 	 34.9482}
	}
	{"body02"
		{box 7.16952 2.91339 77.7047}
		{bone "shed_wood_destroyed_piece_004"}
		{matrix34
			0 	 0 	 1
			0 	 1 	 0
			-1 	 0 	 0
			-5.9282 	 10.6184 	 67.0639
		}
	}
	{"body03"
		{box 2.3622 2.98768 39.7069}
		{bone "shed_wood_destroyed_piece_004"}
		{matrix34
			1 	 0 	 0
			0 	 0.5736 	 0.8192
			0 	 -0.8192 	 0.5736
			19.197 	 25.9885 	 58.504
		}
	}
	{"body04"
		{box 2.3622 2.98768 103.355}
		{bone "shed_wood_destroyed_piece_004"}
		{matrix34
			1 	 0 	 0
			0 	 0.5736 	 0.8192
			0 	 -0.8192 	 0.5736
			-3.0233 	 -0.0803 	 76.7575
		}
	}
	{"body05"
		{box 2.3622 2.98768 95.6422}
		{bone "shed_wood_destroyed_piece_004"}
		{matrix34
			1 	 0 	 0
			0 	 0.5736 	 0.8192
			0 	 -0.8192 	 0.5736
			-37.1355 	 3.0788 	 74.5455
		}
	}
	{"body06"
		{box 1.58472 7.20607 41.0082}
		{bone "shed_wood_destroyed_piece_004"}
		{matrix34
			0 	 -0.5736 	 -0.8192
			0 	 -0.8192 	 0.5736
			-1 	 0 	 0
			18.4441 	 -24.278 	 93.6217
		}
	}
	{"body07"
		{box 1.58472 7.20607 35.4529}
		{bone "shed_wood_destroyed_piece_004"}
		{matrix34
			0 	 -0.5736 	 -0.8192
			-0.1776 	 -0.8061 	 0.5645
			-0.9841 	 0.1455 	 -0.1018
			15.2784 	 -9.054 	 82.8557
		}
	}
	{"body08"
		{box 1.58472 7.20607 35.209}
		{bone "shed_wood_destroyed_piece_004"}
		{matrix34
			0 	 -0.5736 	 -0.8192
			0.0838 	 -0.8163 	 0.5716
			-0.9965 	 -0.0686 	 0.048
			15.1583 	 3.7183 	 73.8003
		}
	}
	{"body09"
		{box 1.58472 7.20607 36.6746}
		{bone "shed_wood_destroyed_piece_004"}
		{matrix34
			0 	 -0.5736 	 -0.8192
			0 	 -0.8192 	 0.5736
			-1 	 0 	 0
			15.5102 	 21.306 	 63.758
		}
	}
	{"body10"
		{box 2.3622 2.98768 47.2825}
		{bone "shed_wood_destroyed_piece_004"}
		{matrix34
			-1 	 0 	 0
			0 	 0 	 1
			0 	 1 	 0
			-37.1356 	 -13.4631 	 69.3248
		}
	}
	{"body11"
		{box 1.55318 18.4786 82.2473}
		{bone "shed_wood_destroyed_piece_004"}
		{matrix34
			0 	 -0.5736 	 -0.8192
			0 	 -0.8192 	 0.5736
			-1 	 0 	 0
			4.4267 	 -32.1009 	 101.683
		}
	}
}
