;Exported by	: KobaA
;Date			: 12.04.2024 16:39:45
;File			: d:\git\gem2-mdl-soldiers\models\entourage\field_technical_buildings\field_technical_buildings.max
{skeleton
	{animation
		{sequence "flattern" {speed 0.2}}
	}
	{bone "field_technical_buildings_repair_piece001"
		{orientation
			1 	 0 	 0
			0 	 -1 	 0
			0 	 0 	 1
		}
		{bone "attach1"
			{matrix34
				0 	 1 	 0
				-1 	 0 	 0
				0 	 0 	 1
				23.1762 	 55.0695 	 4.2485
			}
		}
		{bone "attach2"
			{matrix34
				0 	 -1 	 0
				1 	 0 	 0
				0 	 0 	 1
				44.5905 	 28.4237 	 4.2485
			}
		}
		{bone "attach3"
			{matrix34
				0 	 -1 	 0
				1 	 0 	 0
				0 	 0 	 1
				48.4896 	 103.218 	 0
			}
		}
		{bone "box"
			{Position -78.5933 	 11.3351 	 12.8764}
			{poly "box"}
		}
		{bone "headquarters_tent003"
			{matrix34
				0 	 1 	 0
				-1 	 0 	 0
				0 	 0 	 1
				-0.7826 	 39.7168 	 0
			}
			{bone "tent003"
				{poly "tent003"}
			}
			{bone "b003"
				{matrix34
					1 	 0 	 0
					0 	 0.5736 	 -0.8192
					0 	 0.8192 	 0.5736
					-0.1132 	 -55.4587 	 57.3649
				}
			}
			{bone "f003"
				{matrix34
					1 	 0 	 0
					0 	 0.5736 	 0.8192
					0 	 -0.8192 	 0.5736
					-0.1132 	 56.5444 	 56.1159
				}
			}
			{bone "l_007"
				{matrix34
					0.5736 	 0 	 0.8192
					0 	 1 	 0
					-0.8192 	 0 	 0.5736
					17.6934 	 -27.095 	 57.6659
				}
			}
			{bone "l_008"
				{matrix34
					0.5736 	 0 	 0.8192
					0 	 1 	 0
					-0.8192 	 0 	 0.5736
					17.8744 	 27.2018 	 58.0321
				}
			}
			{bone "r_007"
				{matrix34
					0.5736 	 0 	 -0.8192
					0 	 1 	 0
					0.8192 	 0 	 0.5736
					-18.24 	 -27.095 	 57.6659
				}
			}
			{bone "r_008"
				{matrix34
					0.5736 	 0 	 -0.8192
					0 	 1 	 0
					0.8192 	 0 	 0.5736
					-17.456 	 27.2018 	 58.0321
				}
			}
			{bone "still003"
				{Position 0 	 0 	 0}
			}
			{bone "top"
				{Position -19.9956 	 5.6692 	 38.1354}
				{poly "top"}
			}
		}
		{bone "inside"
			{Position -3.2374 	 40.7356 	 35.2316}
			{poly "inside"}
		}
		{bone "land"
			{parameters "land;ground;"}
			{Position 33.454 	 40.4387 	 0.0815}
			{visibility 0}
			{poly "land" {ground}}
		}
		{bone "repair_crane"
			{matrix34
				0 	 1 	 0
				-1 	 0 	 0
				0 	 0 	 1
				-1.19 	 -46.7993 	 0
			}
			{poly "repair_crane"}
		}
		{bone "table"
			{Position 29.6908 	 88.7978 	 15.328}
			{poly "table"}
		}
		{bone "water_cistern_003_g2"
			{Position 83.9071 	 26.4542 	 24.6738}
			{poly "water_cistern_003_g2"}
		}
		{bone "welder"
			{matrix34
				-0.9848 	 -0.1736 	 0
				0.1736 	 -0.9848 	 0
				0 	 0 	 1
				-22.2198 	 -47.0918 	 16.0657
			}
			{poly "welder"}
		}
		{bone "wheell1"
			{Position -9.5516 	 9.5028 	 14.786}
			{poly "wheell1" {lod 0}}
			{poly "wheell1_lod1" {lod 1}}
			{poly "wheell1_lod2" {lod 2}}
			{poly "wheell1_lod3" {lod 3 {last}}}
		}
		{bone "wheell2"
			{Position -9.7999 	 8.6474 	 3.2042}
			{poly "wheell2" {lod 0}}
			{poly "wheell2_lod1" {lod 1}}
			{poly "wheell2_lod2" {lod 2}}
			{poly "wheell2_lod3" {lod 3 {last}}}
		}
		{bone "wheell3"
			{Position -10.4583 	 8.6474 	 9.6869}
			{poly "wheell3" {lod 0}}
			{poly "wheell3_lod1" {lod 1}}
			{poly "wheell3_lod2" {lod 2}}
			{poly "wheell3_lod3" {lod 3 {last}}}
		}
		{bone "wheell4"
			{matrix34
				0 	 1 	 0
				-1 	 0 	 0
				0 	 0 	 1
				-10.9442 	 70.1303 	 3.2042
			}
			{poly "wheell4" {lod 0}}
			{poly "wheell4_lod1" {lod 1}}
			{poly "wheell4_lod2" {lod 2}}
			{poly "wheell4_lod3" {lod 3 {last}}}
		}
		{bone "wheell5"
			{matrix34
				0 	 1 	 0
				-0.7071 	 0 	 -0.7071
				-0.7071 	 0 	 0.7071
				-19.1879 	 70.5151 	 5.8151
			}
			{poly "wheell5" {lod 0}}
			{poly "wheell5_lod1" {lod 1}}
			{poly "wheell5_lod2" {lod 2}}
			{poly "wheell5_lod3" {lod 3 {last}}}
		}
		{bone "lamp"
			{Position -0.8167 	 39.6171 	 38.5104}
			{bone "body"
				{Position -0.1025 	 0 	 3.6784}
				{poly "body"}
			}
			{bone "lamp_glass1"
				{Position 0 	 0 	 3.1623}
				{poly "lamp_glass1"}
			}
			{bone "lamp_light_point1"
				{Position 0 	 0 	 3.1623}
				{poly "lamp_light_point1"}
			}
			{bone "light_point"
				{Position 0 	 0 	 3.1623}
			}
			{bone "rope002"
				{matrix34
					-1 	 0 	 0
					0 	 0 	 1
					0 	 1 	 0
					-0.0676 	 -0.0444 	 24.9106
				}
				{poly "rope002"}
			}
		}
	}
}
{"volumes"
	{"body01"
		{box 15.748 39.3701 0.984252}
		{bone "field_technical_buildings_repair_piece001"}
		{matrix34
			0 	 1 	 0
			-1 	 0 	 0
			0 	 0 	 1
			45.7131 	 13.3594 	 25.5254
		}
	}
	{"body03"
		{box 15.748 39.3701 0.984252}
		{bone "field_technical_buildings_repair_piece001"}
		{matrix34
			0 	 -1 	 0
			1 	 0 	 0
			0 	 0 	 1
			21.2905 	 69.5765 	 25.5254
		}
	}
	{"body04"
		{box 8.72763 1.46103 48.5758}
		{bone "field_technical_buildings_repair_piece001"}
		{matrix34
			0 	 1 	 0
			-1 	 0 	 0
			0 	 0 	 1
			-68.6805 	 4.0319 	 24.2879
		}
	}
	{"body05"
		{box 2.17165 2.17165 21.6535}
		{bone "field_technical_buildings_repair_piece001"}
		{matrix34
			0 	 1 	 0
			-1 	 0 	 0
			0 	 0 	 1
			29.4135 	 20.1545 	 15.0819
		}
	}
	{"body06"
		{box 8.72763 1.46103 48.5758}
		{bone "field_technical_buildings_repair_piece001"}
		{matrix34
			-1 	 0 	 0
			0 	 -1 	 0
			0 	 0 	 1
			-64.9438 	 0.2598 	 24.2879
		}
	}
	{"body07"
		{box 2.17165 2.17165 21.6535}
		{bone "field_technical_buildings_repair_piece001"}
		{matrix34
			0 	 -1 	 0
			1 	 0 	 0
			0 	 0 	 1
			37.5902 	 62.7814 	 15.0819
		}
	}
	{"body08"
		{box 16.8443 1.46103 48.5758}
		{bone "field_technical_buildings_repair_piece001"}
		{matrix34
			-1 	 0 	 0
			0 	 -1 	 0
			0 	 0 	 1
			-0.2919 	 0.1729 	 24.2879
		}
	}
	{"body09"
		{box 2.17165 2.17165 21.6535}
		{bone "field_technical_buildings_repair_piece001"}
		{matrix34
			0 	 1 	 0
			-1 	 0 	 0
			0 	 0 	 1
			29.2314 	 6.8565 	 15.0819
		}
	}
	{"body10"
		{box 8.72763 1.46103 48.5758}
		{bone "field_technical_buildings_repair_piece001"}
		{Position -64.9261 	 79.1076 	 24.2879}
	}
	{"body11"
		{box 2.17165 2.17165 21.6535}
		{bone "field_technical_buildings_repair_piece001"}
		{matrix34
			0 	 -1 	 0
			1 	 0 	 0
			0 	 0 	 1
			37.7722 	 76.0794 	 15.0819
		}
	}
	{"body12"
		{box 8.72763 1.46103 48.5758}
		{bone "field_technical_buildings_repair_piece001"}
		{matrix34
			0 	 1 	 0
			-1 	 0 	 0
			0 	 0 	 1
			-68.6982 	 75.3709 	 24.2879
		}
	}
	{"body13"
		{box 2.17165 2.17165 21.6535}
		{bone "field_technical_buildings_repair_piece001"}
		{matrix34
			0 	 1 	 0
			-1 	 0 	 0
			0 	 0 	 1
			62.4373 	 7.043 	 15.0819
		}
	}
	{"body14"
		{box 8.72763 1.46103 48.5758}
		{bone "field_technical_buildings_repair_piece001"}
		{matrix34
			0 	 -1 	 0
			1 	 0 	 0
			0 	 0 	 1
			67.5623 	 75.3532 	 24.2879
		}
	}
	{"body15"
		{box 2.17165 2.17165 21.6535}
		{bone "field_technical_buildings_repair_piece001"}
		{matrix34
			0 	 -1 	 0
			1 	 0 	 0
			0 	 0 	 1
			4.5664 	 75.8929 	 15.0819
		}
	}
	{"body16"
		{box 8.72763 1.46103 48.5758}
		{bone "field_technical_buildings_repair_piece001"}
		{Position 63.8256 	 79.1253 	 24.2879}
	}
	{"body17"
		{box 2.17165 2.17165 21.6535}
		{bone "field_technical_buildings_repair_piece001"}
		{matrix34
			0 	 1 	 0
			-1 	 0 	 0
			0 	 0 	 1
			62.6193 	 20.341 	 15.0819
		}
	}
	{"body18"
		{box 8.72763 1.46103 48.5758}
		{bone "field_technical_buildings_repair_piece001"}
		{matrix34
			-1 	 0 	 0
			0 	 -1 	 0
			0 	 0 	 1
			63.8079 	 0.3648 	 24.2879
		}
	}
	{"body19"
		{box 2.17165 2.17165 21.6535}
		{bone "field_technical_buildings_repair_piece001"}
		{matrix34
			0 	 -1 	 0
			1 	 0 	 0
			0 	 0 	 1
			4.3844 	 62.5949 	 15.0819
		}
	}
	{"body20"
		{box 8.72763 1.46103 48.5758}
		{bone "field_technical_buildings_repair_piece001"}
		{matrix34
			0 	 -1 	 0
			1 	 0 	 0
			0 	 0 	 1
			67.58 	 4.1014 	 24.2879
		}
	}
	{"body21"
		{box 0.393701 34.7799 1.49133}
		{bone "field_technical_buildings_repair_piece001"}
		{matrix34
			0.0167 	 0.9998 	 -0.0051
			-0.9658 	 0.0174 	 0.2588
			0.2588 	 0.0006 	 0.9659
			46.0911 	 21.7814 	 15.5531
		}
	}
	{"body22"
		{box 16.8443 1.46103 48.5758}
		{bone "field_technical_buildings_repair_piece001"}
		{matrix34
			-1 	 0 	 0
			0 	 -1 	 0
			0 	 0 	 1
			-0.2919 	 79.347 	 24.2879
		}
	}
	{"body23"
		{box 0.393701 34.7799 1.49133}
		{bone "field_technical_buildings_repair_piece001"}
		{matrix34
			-0.0167 	 -0.9998 	 -0.0051
			0.9658 	 -0.0174 	 0.2588
			-0.2588 	 -0.0006 	 0.9659
			20.9126 	 61.1545 	 15.5531
		}
	}
	{"body24"
		{box 0.393701 34.7799 1.49133}
		{bone "field_technical_buildings_repair_piece001"}
		{matrix34
			0.0003 	 1 	 0.0009
			-0.9397 	 0 	 0.342
			0.342 	 -0.0009 	 0.9397
			46.1531 	 5.9293 	 15.5335
		}
	}
	{"body25"
		{box 0.393701 34.7799 1.49133}
		{bone "field_technical_buildings_repair_piece001"}
		{matrix34
			-0.0003 	 -1 	 0.0009
			0.9397 	 0 	 0.342
			-0.342 	 0.0009 	 0.9397
			20.8506 	 77.0066 	 15.5335
		}
	}
	{"body26"
		{box 0.393701 34.7799 1.49133}
		{bone "field_technical_buildings_repair_piece001"}
		{matrix34
			0.0003 	 1 	 0.0009
			-0.9397 	 0.0006 	 -0.342
			-0.342 	 -0.0007 	 0.9397
			45.643 	 5.1288 	 15.5335
		}
	}
	{"body27"
		{box 0.393701 34.7799 1.49133}
		{bone "field_technical_buildings_repair_piece001"}
		{matrix34
			-0.0003 	 -1 	 0.0009
			0.9397 	 -0.0006 	 -0.342
			0.342 	 0.0007 	 0.9397
			21.3606 	 77.8072 	 15.5335
		}
	}
	{"body28"
		{box 0.393701 34.7799 1.49133}
		{bone "field_technical_buildings_repair_piece001"}
		{matrix34
			0.0167 	 0.9998 	 -0.0051
			-0.9396 	 0.0139 	 -0.3421
			-0.3419 	 0.0105 	 0.9397
			45.6431 	 21.7887 	 15.3999
		}
	}
	{"body29"
		{box 0.393701 34.7799 1.49133}
		{bone "field_technical_buildings_repair_piece001"}
		{matrix34
			-0.0167 	 -0.9998 	 -0.0051
			0.9396 	 -0.0139 	 -0.3421
			0.3419 	 -0.0105 	 0.9397
			21.3606 	 61.1472 	 15.3999
		}
	}
	{"body30"
		{box 8.04409 11.1583 5.71511}
		{bone "field_technical_buildings_repair_piece001"}
		{matrix34
			0.5878 	 0.809 	 0
			-0.809 	 0.5878 	 0
			0 	 0 	 1
			36.763 	 13.3452 	 28.955
		}
	}
	{"body31"
		{box 8.04409 11.1583 5.71511}
		{bone "field_technical_buildings_repair_piece001"}
		{matrix34
			-0.5878 	 -0.809 	 0
			0.809 	 -0.5878 	 0
			0 	 0 	 1
			30.2407 	 69.5908 	 28.955
		}
	}
	{"body32"
		{box 8.17593 13.5869 9.20297}
		{bone "field_technical_buildings_repair_piece001"}
		{Position 59.5417 	 31.3508 	 8.9025}
	}
	{"body33"
		{box 30.5591 9.94901 5.9195}
		{bone "field_technical_buildings_repair_piece001"}
		{matrix34
			0 	 -1 	 0
			1 	 0 	 0
			0 	 0 	 1
			-61.2639 	 62.1686 	 3.0068
		}
	}
	{"body34"
		{box 63.3832 73.6704 4.23952}
		{bone "field_technical_buildings_repair_piece001"}
		{Position 33.454 	 40.4387 	 2.2013}
	}
	{"box01"
		{box 7.88135 10.9088 8.97021}
		{bone "box"}
		{matrix34
			0.9659 	 0.2588 	 0
			-0.2588 	 0.9659 	 0
			0 	 0 	 1
			2.2878 	 -4.073 	 8.1076
		}
	}
	{"box02"
		{box 16.086 21.8177 15.8596}
		{bone "box"}
		{Position 0 	 0 	 -4.9466}
	}
	{"cistern01"
		{box 22.0162 12.4204 13.1913}
		{bone "water_cistern_003_g2"}
		{Position -4.1118 	 20.6273 	 -18.0782}
	}
	{"cistern02"
		{box 2.95276 2.95276 19.6949}
		{bone "water_cistern_003_g2"}
		{matrix34
			0 	 1 	 0
			-1 	 0 	 0
			0 	 0 	 1
			10.9726 	 -22.3358 	 -15.756
		}
	}
	{"cistern03"
		{box 2.95276 2.95276 19.6949}
		{bone "water_cistern_003_g2"}
		{matrix34
			0 	 1 	 0
			-1 	 0 	 0
			0 	 0 	 1
			11.5473 	 10.1355 	 -15.756
		}
	}
	{"cistern04"
		{box 37.8827 21.5198 23.0174}
		{bone "water_cistern_003_g2"}
		{matrix34
			0 	 1 	 0
			-1 	 0 	 0
			0 	 0 	 1
			-0.6843 	 -6.1191 	 11.4783
		}
	}
	{"cistern05"
		{box 42.0919 29.1978 5.70867}
		{bone "water_cistern_003_g2"}
		{matrix34
			0 	 1 	 0
			-1 	 0 	 0
			0 	 0 	 1
			-0.1134 	 -6.1191 	 -2.978
		}
	}
	{"crane01"
		{box 90.9369 3.48983 6.12267}
		{bone "repair_crane"}
		{Position -0.0006 	 -0.3976 	 102.972}
	}
	{"crane02"
		{box 0.787402 0.787402 33.4646}
		{bone "repair_crane"}
		{matrix34
			-0.1722 	 0.9233 	 0.3434
			-0.9835 	 -0.1805 	 -0.0079
			0.0547 	 -0.3391 	 0.9391
			-21.0345 	 5.5786 	 15.0252
		}
	}
	{"crane03"
		{box 18.4147 3.90861 8.9391}
		{bone "repair_crane"}
		{matrix34
			0 	 0 	 1
			0 	 1 	 0
			-1 	 0 	 0
			-0.749 	 -0.3976 	 97.1072
		}
	}
	{"crane04"
		{box 0.787402 0.787402 33.4646}
		{bone "repair_crane"}
		{matrix34
			-0.1722 	 0.9233 	 0.3434
			-0.9835 	 -0.1805 	 -0.0079
			0.0547 	 -0.3391 	 0.9391
			-11.5616 	 7.249 	 15.0252
		}
	}
	{"crane05"
		{box 6.9976 3.90861 7.50884}
		{bone "repair_crane"}
		{Position 2.0616 	 -0.3976 	 76.0258}
	}
	{"crane06"
		{box 0.787402 0.787402 29.5276}
		{bone "repair_crane"}
		{matrix34
			-0.1724 	 0.9243 	 -0.3406
			-0.9825 	 -0.1862 	 -0.0079
			-0.0707 	 0.3333 	 0.9402
			-20.0705 	 -3.6343 	 13.1744
		}
	}
	{"crane07"
		{cylinder 1.35752 96.3423}
		{bone "repair_crane"}
		{matrix34
			1 	 0 	 0
			0 	 0.9653 	 -0.2613
			0 	 0.2613 	 0.9653
			-36.5316 	 -13.9088 	 55.107
		}
	}
	{"crane08"
		{box 0.787402 0.787402 29.5276}
		{bone "repair_crane"}
		{matrix34
			-0.1724 	 0.9243 	 -0.3406
			-0.9825 	 -0.1862 	 -0.0079
			-0.0707 	 0.3333 	 0.9402
			-9.4315 	 -1.814 	 13.1744
		}
	}
	{"crane09"
		{cylinder 1.35752 96.3423}
		{bone "repair_crane"}
		{matrix34
			1 	 0 	 0
			0 	 0.9652 	 0.2613
			0 	 -0.2613 	 0.9652
			-36.5316 	 13.9532 	 55.1069
		}
	}
	{"crane10"
		{cylinder 1.35752 96.3423}
		{bone "repair_crane"}
		{matrix34
			1 	 0 	 0
			0 	 0.9653 	 -0.2613
			0 	 0.2613 	 0.9653
			36.3169 	 -13.9088 	 55.107
		}
	}
	{"crane11"
		{cylinder 1.35752 96.3423}
		{bone "repair_crane"}
		{matrix34
			1 	 0 	 0
			0 	 0.9652 	 0.2613
			0 	 -0.2613 	 0.9652
			36.3169 	 13.9532 	 55.1069
		}
	}
	{"crane12"
		{cylinder 6.00239 6.20747}
		{bone "repair_crane"}
		{matrix34
			0 	 0 	 -1
			0 	 1 	 0
			1 	 0 	 0
			-36.5155 	 -26.3272 	 6.6644
		}
	}
	{"crane13"
		{cylinder 6.00239 6.20747}
		{bone "repair_crane"}
		{matrix34
			0 	 0 	 -1
			0 	 1 	 0
			1 	 0 	 0
			-36.5155 	 26.278 	 6.6644
		}
	}
	{"crane14"
		{cylinder 6.00239 6.20747}
		{bone "repair_crane"}
		{matrix34
			0 	 0 	 -1
			0 	 1 	 0
			1 	 0 	 0
			36.4731 	 -26.3272 	 6.6644
		}
	}
	{"crane15"
		{cylinder 6.00239 6.20747}
		{bone "repair_crane"}
		{matrix34
			0 	 0 	 -1
			0 	 1 	 0
			1 	 0 	 0
			36.4731 	 26.278 	 6.6644
		}
	}
	{"crane16"
		{box 7.04707 7.78308 28.1398}
		{bone "repair_crane"}
		{matrix34
			0.1736 	 -0.9848 	 0
			0.9848 	 0.1736 	 0
			0 	 0 	 1
			-0.6661 	 22.6782 	 14.0295
		}
	}
	{"crane17"
		{polyhedron}
		{bone "repair_crane"}
		{matrix34
			0 	 -1 	 0
			1 	 0 	 0
			0 	 0 	 1
			17.2112 	 2.0951 	 4.2352
		}
	}
	{"lamp1"
		{polyhedron}
		{bone "lamp"}
		{Position -0.0124 	 0 	 0}
	}
	{"table01"
		{box 7.95165 13.486 15.499}
		{bone "table"}
		{matrix34
			-0.9985 	 0.0549 	 0
			-0.0549 	 -0.9985 	 0
			0 	 0 	 1
			-6.7997 	 -1.7729 	 -7.5785
		}
	}
	{"table03"
		{box 7.82384 8.22902 21.0106}
		{bone "table"}
		{matrix34
			0.0058 	 1 	 0
			-1 	 0.0058 	 0
			0 	 0 	 1
			-15.8577 	 -2.0359 	 -4.6266
		}
	}
	{"table04"
		{box 7.91603 8.39696 31.3128}
		{bone "table"}
		{matrix34
			0.0058 	 1 	 0
			-1 	 0.0058 	 0
			0 	 0 	 1
			-24.8281 	 -3.1757 	 0.5245
		}
	}
	{"table05"
		{box 7.91603 8.39696 8.95674}
		{bone "table"}
		{matrix34
			0.1794 	 0.9838 	 0
			-0.9838 	 0.1794 	 0
			0 	 0 	 1
			-34.073 	 -0.7666 	 -10.6535
		}
	}
	{"table06"
		{box 0.393701 34.7799 1.49133}
		{bone "table"}
		{matrix34
			0.0167 	 0.9998 	 -0.0051
			-0.9396 	 0.0139 	 -0.3421
			-0.3419 	 0.0105 	 0.9397
			18.6853 	 8.322 	 -4.8354
		}
	}
	{"table07"
		{box 0.393701 34.7799 1.49133}
		{bone "table"}
		{matrix34
			0.0003 	 1 	 0.0009
			-0.9455 	 0.0006 	 -0.3256
			-0.3256 	 -0.0007 	 0.9455
			18.6974 	 -8.3379 	 -4.8071
		}
	}
	{"table08"
		{box 0.393701 34.7799 1.49133}
		{bone "table"}
		{matrix34
			0.0003 	 1 	 0.0009
			-0.9397 	 0 	 0.342
			0.342 	 -0.0009 	 0.9397
			19.1952 	 -7.5374 	 -4.7018
		}
	}
	{"table09"
		{box 0.393701 34.7799 1.49133}
		{bone "table"}
		{matrix34
			0.0167 	 0.9998 	 -0.0051
			-0.9658 	 0.0174 	 0.2588
			0.2588 	 0.0006 	 0.9659
			19.1332 	 8.3146 	 -4.6822
		}
	}
	{"table10"
		{box 2.17165 2.17165 21.6535}
		{bone "table"}
		{matrix34
			0 	 1 	 0
			-1 	 0 	 0
			0 	 0 	 1
			35.6614 	 6.8743 	 -5.1534
		}
	}
	{"table11"
		{box 2.17165 2.17165 21.6535}
		{bone "table"}
		{matrix34
			0 	 1 	 0
			-1 	 0 	 0
			0 	 0 	 1
			35.4794 	 -6.4237 	 -5.1534
		}
	}
	{"table12"
		{box 2.17165 2.17165 21.6535}
		{bone "table"}
		{matrix34
			0 	 1 	 0
			-1 	 0 	 0
			0 	 0 	 1
			2.2736 	 -6.6102 	 -5.1534
		}
	}
	{"table13"
		{box 2.17165 2.17165 21.6535}
		{bone "table"}
		{matrix34
			0 	 1 	 0
			-1 	 0 	 0
			0 	 0 	 1
			2.4556 	 6.6878 	 -5.1534
		}
	}
	{"table14"
		{box 15.748 39.3701 0.984252}
		{bone "table"}
		{matrix34
			0 	 1 	 0
			-1 	 0 	 0
			0 	 0 	 1
			18.7552 	 -0.1073 	 5.2901
		}
	}
	{"tent12"
		{polyhedron}
		{bone "headquarters_tent003"}
		{Position -0.0648 	 5.8702 	 38.1354}
	}
	{"tent13"
		{polyhedron}
		{bone "headquarters_tent003"}
		{Position -0.0648 	 5.8702 	 38.1354}
	}
	{"tent14"
		{polyhedron}
		{bone "headquarters_tent003"}
		{Position -0.0648 	 5.8702 	 38.1354}
	}
	{"tent15"
		{polyhedron}
		{bone "headquarters_tent003"}
		{Position -0.0648 	 5.8702 	 38.1354}
	}
	{"tent16"
		{polyhedron}
		{bone "headquarters_tent003"}
		{Position -0.0648 	 5.8702 	 38.1354}
	}
	{"wheelleft2"
		{cylinder 8.07087 16.2638}
		{bone "wheell2"}
		{matrix34
			0 	 -1 	 0
			1 	 0 	 0
			0 	 0 	 1
			0 	 0 	 4.8959
		}
	}
	{"wheelleft4"
		{cylinder 8.07087 6.69291}
		{bone "wheell4"}
		{matrix34
			0 	 -1 	 0
			-1 	 0 	 0
			0 	 0 	 -1
			0 	 0 	 -0.0564
		}
	}
	{"wheelleft5"
		{cylinder 8.07087 3.37096}
		{bone "wheell5"}
		{matrix34
			0 	 1 	 0
			-1 	 0 	 0
			0 	 0 	 1
			0 	 0 	 -0.2279
		}
	}
}
