;Exported by: sana
;Date:        Mon Jul 03 10:28:30 2006
;File:        D:\-Project-\-3DWork-\Entourage\e-house3a\farm_construction_x04.max
{Skeleton
	{bone "ch_farm_corner03"
		{Orientation
			1	0	0
			0	-1	0
			0	0	1
		}
		{poly "ch_farm_corner03"}
		{bone "piece07"
			{Position -6.70599	-3.89847	64.3764}
			{poly "piece07"}
		}
		{bone "piece01"
			{Position -27.4547	5.21779	45.4415}
			{poly "piece01"}
			{bone "sub_piece01"
				{Position 1.24658	0	-15.5944}
				{poly "sub_piece01"}
			}
		}
		{bone "piece02"
			{Position -0.33252	5.21779	27.8964}
			{poly "piece02"}
			{bone "sub_piece02"
				{Position -3.78674	0	-8.3192}
				{poly "sub_piece02"}
			}
		}
		{bone "piece03"
			{Position 5.97864	5.21779	51.7065}
			{poly "piece03"}
			{bone "sub_piece03"
				{Position -7.229	0	-8.5487}
				{poly "sub_piece03"}
			}
		}
		{bone "piece04"
			{Position 30.1903	5.21779	47.9199}
			{poly "piece04"}
			{bone "sub_piece04"
				{Position -4.9342	0	-10.6715}
				{poly "sub_piece04"}
			}
		}
		{bone "piece05"
			{Position -14.0824	-38.2285	57.1143}
			{poly "piece05"}
		}
		{bone "piece06"
			{Position -14.5323	-39.3558	75.3842}
			{poly "piece06"}
		}
		{bone "piece08"
			{Position 0.499023	-59.2716	84.2691}
			{poly "piece08"}
		}
		{bone "fx_wood1"
			{Position -17.5204	-6.64539	8.28527}
		}
	}
}
{Volume "piece01"
	{Box 21.5569 7.87402 27.5872}
	{Bone "piece01"}
	{Matrix34
		0.871111	0	-0.491086
		0	1	0
		0.491086	0	0.871111
		-0.334731	0	-0.581622
	}
}
{Volume "piece02"
	{Box 20.7796 7.87402 14.3829}
	{Bone "piece02"}
	{Matrix34
		0.919105	0	-0.394014
		0	1	0
		0.394014	0	0.919105
		-0.163123	0	0.628459
	}
}
{Volume "piece03"
	{Box 27.6542 7.87402 13.6183}
	{Bone "piece03"}
	{Position 0	0	1.00368}
}
{Volume "piece04"
	{Box 19.3924 7.87402 20.1382}
	{Bone "piece04"}
	{Matrix34
		0.961788	0	-0.273795
		0	1	0
		0.273795	0	0.961788
		1.03749	0	0.0742825
	}
}
{Volume "piece05"
	{Box 2.95276 63.396 2.95275}
	{Bone "piece05"}
	{Position 0	0	0}
}
{Volume "piece06"
	{Box 2.1962 50.1456 3.35931}
	{Bone "piece06"}
	{Matrix34
		1	0	0
		0	0.916303	-0.400486
		0	0.400486	0.916303
		0	13.1446	-5.79363
	}
}
{Volume "piece07"
	{Box 96.2004 47.1688 2.75591}
	{Bone "piece07"}
	{Matrix34
		1	0	0
		0	0.929469	-0.3689
		0	0.3689	0.929469
		0	1.88236	0.0355201
	}
}
{Volume "piece08"
	{Box 83.642 63.5826 2.75591}
	{Bone "piece08"}
	{Matrix34
		1	0	0
		0	0.927832	-0.372999
		0	0.372999	0.927832
		0	5.37619	1.29608
	}
}
{Volume "sub_piece01"
	{Box 18.4767 7.87402 11.5666}
	{Bone "sub_piece01"}
	{Matrix34
		0.949841	0	0.312734
		0	1	0
		-0.312734	0	0.949841
		0.697049	0	-1.03378
	}
}
{Volume "sub_piece02"
	{Box 13.655 7.87402 11.5895}
	{Bone "sub_piece02"}
	{Position 0	0	0}
}
{Volume "sub_piece03"
	{Box 13.196 7.87402 11.2453}
	{Bone "sub_piece03"}
	{Position 0	0	0}
}
{Volume "sub_piece04"
	{Box 17.5564 7.87402 11.1305}
	{Bone "sub_piece04"}
	{Position 0	0	0}
}
