;Exported by:	 seryoga
;Date:			 07.09.2017 14:34:54
;File:			 D:\git\gem2-mdl-soldiers\models\unit\vehicle\pm41\x\pm41_xx.max
{skeleton
	{bone revolute "turret"
		{limits -180 180}
		{speed 0.01}
		{orientation
			1 	 0 	 0
			0 	 -1 	 0
			0 	 0 	 1
		}
		{bone "body"
			{parameters "id=body;"}
			{matrix34
				0.9397 	 0 	 -0.342
				0 	 1 	 0
				0.342 	 0 	 0.9397
				-1.2948 	 0.0824 	 -0.3515
			}
			{LODView
				{poly "body"}
				{poly "body_lod1"}
				{poly "body_lod2"}
				{poly "body_lod3"}
			}
			{bone "part1"
				{matrix34
					0.9504 	 0 	 -0.3109
					0 	 1 	 0
					0.3109 	 0 	 0.9504
					-0.343 	 -0.0824 	 2.4108
				}
				{LODView
					{poly "part1"}
					{poly "part1_lod1"}
					{poly "part1_lod2"}
					{poly "part1_lod3"}
				}
			}
			{bone "part2"
				{matrix34
					0.8526 	 -0.092 	 0.5144
					0.0923 	 0.9954 	 0.0251
					-0.5144 	 0.0261 	 0.8572
					11.8797 	 -0.7034 	 28.6725
				}
				{LODView
					{poly "part2"}
					{poly "part2_lod1"}
					{poly "part2_lod2"}
					{poly "part2_lod3"}
				}
			}
			{bone "part3"
				{matrix34
					0.8269 	 0 	 0.5624
					-0.0028 	 1 	 0.0041
					-0.5624 	 -0.005 	 0.8269
					17.3071 	 -0.706 	 22.896
				}
				{LODView
					{poly "part3"}
					{poly "part3_lod1"}
					{poly "part3_lod2"}
					{poly "part3_lod3"}
				}
			}
		}
	}
}
{volume "body"
	{cylinder 9.22296 2.24193}
	{bone "body"}
	{Position -0.9907 	 0 	 4.5242}
}
{volume "part1"
	{cylinder 1.90813 31.9985}
	{bone "part1"}
	{Position -0.0745 	 -0.0228 	 19.2919}
}
{volume "part2"
	{cylinder 1.03039 18.5464}
	{bone "part2"}
	{matrix34
		0.9955 	 0.0925 	 -0.0195
		-0.092 	 0.9954 	 0.0261
		0.0218 	 -0.0242 	 0.9995
		1.4881 	 0.2354 	 -9.1786
	}
}
{volume "part3"
	{cylinder 0.710971 19.2694}
	{bone "part3"}
	{matrix34
		0.9949 	 0.0527 	 -0.0862
		-0.0124 	 -0.7836 	 -0.6212
		-0.1003 	 0.6191 	 -0.7789
		-0.5254 	 7.5306 	 -7.3233
	}
}
