;Exported by:	 kobaa
;Date:			 01.04.2020 16:33:17
;File:			 C:\Users\kobaa\Desktop\fence_wood_ru_001.max
{skeleton
	{bone "fence01a"
		{orientation
			1 	 0 	 0
			0 	 -1 	 0
			0 	 0 	 1
		}
		{bone "cylinder072"
			{matrix34
				0.9848 	 0.1736 	 0
				-0.1736 	 0.9848 	 0
				0 	 0 	 1
				1.5995 	 0.7477 	 -2.4934
			}
			{poly "cylinder072"}
		}
		{bone "cylinder070"
			{matrix34
				0 	 -0.2079 	 -0.9781
				0 	 0.9781 	 -0.2079
				1 	 0 	 0
				-71.311 	 -2.0792 	 22.9615
			}
			{poly "cylinder070"}
		}
		{bone "cylinder074"
			{matrix34
				-0.5221 	 0.1928 	 -0.8308
				-0.1786 	 0.9278 	 0.3275
				0.834 	 0.3194 	 -0.45
				32.9342 	 2.7732 	 11.5985
			}
			{poly "cylinder074"}
		}
		{bone "cylinder075"
			{matrix34
				-0.0345 	 -0.1564 	 -0.9871
				-0.0055 	 0.9877 	 -0.1563
				0.9994 	 0 	 -0.0349
				35.7 	 -1.689 	 5.6606
			}
			{poly "cylinder075"}
		}
		{bone "cylinder071"
			{matrix34
				0 	 -0.1564 	 -0.9877
				0 	 0.9877 	 -0.1564
				1 	 0 	 0
				-71.3091 	 -1.526 	 9.3897
			}
			{poly "cylinder071"}
		}
		{bone "cylinder073"
			{Position -77.0364 	 -0.0872 	 -2.4934}
			{poly "cylinder073"}
		}
		{bone "climb1"
			{matrix34
				0 	 -1 	 0
				1 	 0 	 0
				0 	 0 	 1
				-39.9044 	 21.7738 	 0
			}
			{visibility 0}
		}
		{bone "climb2"
			{matrix34
				0 	 1 	 0
				-1 	 0 	 0
				0 	 0 	 1
				-39.9044 	 -19.8835 	 0
			}
			{visibility 0}
		}
	}
}
{obstacle "obstacle001"
	{obb2
		{center -1.3446 -0.404175}
		{extent 26.3788 2.52119}
		{axis -1 0}
	}
	{rotate}
}
{obstacle "obstacle002"
	{obb2
		{center -65.7693 -0.140808}
		{extent 13.6989 2.52119}
		{axis -0.999978 0.00657653}
	}
	{rotate}
}
{volume "body01"
	{cylinder 2.19697 33.0874}
	{bone "fence01a"}
	{matrix34
		1 	 0 	 0
		0 	 0.9797 	 0.2005
		0 	 -0.2005 	 0.9797
		1.5727 	 -2.1436 	 16.2078
	}
}
{volume "body02"
	{cylinder 1.5748 78.7402}
	{bone "fence01a"}
	{matrix34
		-0.3245 	 -0.1729 	 -0.93
		-0.2962 	 0.9523 	 -0.0737
		0.8983 	 0.2515 	 -0.3602
		35.8158 	 3.9343 	 9.9288
	}
}
{volume "body03"
	{cylinder 1.5748 78.7402}
	{bone "fence01a"}
	{matrix34
		-0.0124 	 0.0441 	 -0.9989
		-0.0365 	 -0.9984 	 -0.0437
		-0.9993 	 0.0359 	 0.0139
		-38.8928 	 -3.4257 	 21.2484
	}
}
{volume "body04"
	{cylinder 1.5748 78.7402}
	{bone "fence01a"}
	{matrix34
		-0.0833 	 0.0376 	 -0.9958
		-0.0044 	 -0.9993 	 -0.0374
		-0.9965 	 0.0013 	 0.0834
		-40.4685 	 -1.4448 	 6.182
	}
}
{volume "body05"
	{cylinder 1.9685 33.0874}
	{bone "fence01a"}
	{matrix34
		1 	 0 	 0
		0 	 1 	 0.0044
		0 	 -0.0044 	 1
		-77.0079 	 -0.2462 	 16.5436
	}
}
{volume "body06"
	{cylinder 1.5748 81.9291}
	{bone "fence01a"}
	{matrix34
		-0.0797 	 -0.1139 	 -0.9903
		-0.1011 	 0.9893 	 -0.1057
		0.9917 	 0.0917 	 -0.0903
		39.221 	 1.825 	 3.4617
	}
}
