;Exported by	: joomb
;Date			: 13.04.2023 15:28:34
;File			: H:\git\gem2-mdl-soldiers\models\building\building_ua01\building_ua05_v2.max
{skeleton
	{bone "b_ua_05_piece13"
		{orientation
			1 	 0 	 0
			0 	 -1 	 0
			0 	 0 	 1
		}
		{poly "b_ua_05_piece13"}
		{bone "window1"
			{matrix34
				-1 	 0 	 0
				0 	 -1 	 0
				0 	 0 	 1
				-24.8236 	 0.6916 	 48.2544
			}
			{poly "window1"}
		}
		{bone "fort_wall"
			{matrix34
				-1 	 0 	 0
				0 	 -1 	 0
				0 	 0 	 1
				-6.0909 	 -67.3929 	 -12.0965
			}
		}
		{bone "fort_window"
			{matrix34
				0 	 1 	 0
				-1 	 0 	 0
				0 	 0 	 1
				-3.7712 	 -62.1645 	 6.1894
			}
		}
		{bone "window1_x"
			{matrix34
				-1 	 0 	 0
				0 	 -1 	 0
				0 	 0 	 1
				-24.8236 	 0.6916 	 48.2544
			}
			{poly "window1_x"}
		}
		{bone "window_x"
			{matrix34
				0 	 -1 	 0
				1 	 0 	 0
				0 	 0 	 1
				-3.9886 	 -55.7615 	 6.4312
			}
			{poly "window_x"}
		}
		{bone "window"
			{matrix34
				0 	 -1 	 0
				1 	 0 	 0
				0 	 0 	 1
				-3.9886 	 -55.7615 	 6.4312
			}
			{poly "window"}
		}
		{bone revolute "attach1"
			{matrix34
				0 	 -1 	 0
				1 	 0 	 0
				0 	 0 	 1
				-3.1647 	 -45.135 	 -15.1921
			}
		}
	}
}
{"volumes"
	{"body01"
		{box 60.804 6.29921 58.415}
		{bone "b_ua_05_piece13"}
		{matrix34
			0 	 -1 	 0
			1 	 0 	 0
			0 	 0 	 1
			-22.8588 	 -32.4061 	 0.0023
		}
	}
	{"body02"
		{box 60.804 6.29921 8.17811}
		{bone "b_ua_05_piece13"}
		{matrix34
			0 	 -1 	 0
			1 	 0 	 0
			0 	 0 	 1
			-22.8588 	 -24.7336 	 34.9746
		}
	}
	{"body03"
		{polyhedron}
		{bone "b_ua_05_piece13"}
		{matrix34
			0 	 -1 	 0
			1 	 0 	 0
			0 	 0 	 1
			-22.8588 	 -22.3717 	 38.6303
		}
	}
	{"body04"
		{box 57.7638 6.29921 58.415}
		{bone "b_ua_05_piece13"}
		{matrix34
			1 	 0 	 0
			0 	 1 	 0
			0 	 0 	 1
			-1.834 	 -56.0424 	 0.0023
		}
	}
	{"hole"
		{box 12.6402 11.1601 16.7209}
		{bone "b_ua_05_piece13"}
		{matrix34
			-1 	 0 	 0
			0 	 -1 	 0
			0 	 0 	 1
			-3.6483 	 -57.0809 	 6.8303
		}
	}
	{"roof01"
		{box 62.8356 3.93701 17.6921}
		{bone "b_ua_05_piece13"}
		{matrix34
			-1 	 0 	 0
			0 	 -0.6301 	 0.7765
			0 	 0.7765 	 0.6301
			-2.6117 	 -60.3318 	 34.2716
		}
	}
	{"roof02"
		{polyhedron}
		{bone "b_ua_05_piece13"}
		{matrix34
			-1 	 0 	 0
			0 	 -0.6301 	 0.7765
			0 	 0.7765 	 0.6301
			-6.3905 	 -54.5783 	 39.6961
		}
	}
	{"roof03"
		{polyhedron}
		{bone "b_ua_05_piece13"}
		{matrix34
			-1 	 0 	 0
			0 	 -0.6301 	 0.7765
			0 	 0.7765 	 0.6301
			-22.2702 	 -18.7869 	 67.7895
		}
	}
	{"roof04"
		{box 16.9656 3.93701 4.24611}
		{bone "b_ua_05_piece13"}
		{matrix34
			-0.9659 	 0.201 	 0.1631
			0 	 -0.6301 	 0.7765
			0.2588 	 0.7501 	 0.6086
			7.0206 	 -18.319 	 68.0928
		}
	}
	{"window"
		{box 12.6402 2.00002 16.7209}
		{bone "window"}
		{matrix34
			0 	 -1 	 0
			1 	 0 	 0
			0 	 0 	 1
			0.4087 	 -0.9952 	 0.3991
		}
	}
	{"window1"
		{box 11.629 2.00002 19.3962}
		{bone "window1"}
		{matrix34
			0 	 -1 	 0
			1 	 0 	 0
			0 	 0 	 1
			-0.4348 	 -0.0966 	 0.0281
		}
	}
}
