;Exported by: ubrashaev
;Date:        Mon Jul 11 11:38:52 2005
;File:        D:\-Projects1_5-\-work-\3d\city_neru\e_house022_x.max
{Skeleton
	{animation
		{sequence "crush" {speed 0.5}}
	}
	{bone "e_house022"
		{parameters "CommonMesh;"}
		{Orientation
			1	0	0
			0	-1	0
			0	0	1
		}
		{poly "e_house022"}
		{bone "piece1"
			{Position 48.5498	-40.1179	83.6027}
			{poly "piece1"}
		}
		{bone "piece2"
			{Position -47.0391	41.3355	71.2884}
			{poly "piece2"}
		}
		{bone "piece3"
			{Position -17.7161	41.3355	72.3089}
			{poly "piece3"}
		}
		{bone "piece4"
			{Position 5.59587	41.3355	66.7588}
			{poly "piece4"}
		}
		{bone "piece5"
			{Position 34.8756	41.3355	62.9202}
			{poly "piece5"}
		}
		{bone "piece6"
			{Position 46.9345	41.3355	79.233}
			{poly "piece6"}
		}
		{bone "piece7"
			{Position 10.9257	41.3355	86.0641}
			{poly "piece7"}
		}
		{bone "piece8"
			{Position -20.3916	41.3316	92.0033}
			{poly "piece8"}
		}
		{bone "piece9"
			{Position -47.0391	-40.1179	71.2884}
			{poly "piece9"}
		}
		{bone "piece10"
			{Position -46.1815	-40.1179	92.0391}
			{poly "piece10"}
		}
		{bone "piece11"
			{Position 15.8251	-40.1179	86.5963}
			{poly "piece11"}
		}
		{bone "piece12"
			{Position -17.7161	-40.1179	72.3089}
			{poly "piece12"}
		}
		{bone "piece13"
			{Position 9.08961	-40.1179	64.6891}
			{poly "piece13"}
		}
		{bone "piece14"
			{Position 39.5011	-40.1179	62.9202}
			{poly "piece14"}
		}
	}
}
{Volume "piece14"
	{Box 14.96 7 10.4278}
	{Bone "piece14"}
	{Matrix34
		0.906308	0	0.422618
		0	1	0
		-0.422618	0	0.906308
		0.144144	0	0.814271
	}
}
{Volume "piece13"
	{Box 21.287 7 11.5552}
	{Bone "piece13"}
	{Matrix34
		0.996195	0	-0.0871557
		0	1	0
		0.0871557	0	0.996195
		2.39569	0	-0.842755
	}
}
{Volume "piece12"
	{Box 16.8944 7 21.1375}
	{Bone "piece12"}
	{Matrix34
		0.984808	0	0.173648
		0	1	0
		-0.173648	0	0.984808
		1.31771	0	1.52809
	}
}
{Volume "piece"
	{Box 16.8944 7 14.0917}
	{Bone "piece11"}
	{Position 0	0	0.269379}
}
{Volume "piece10"
	{Box 16.8944 7 14.0917}
	{Bone "piece10"}
	{Position -0.522415	0	0.227356}
}
{Volume "piece9"
	{Box 16.8944 7 10.8506}
	{Bone "piece9"}
	{Matrix34
		0.939693	0	-0.34202
		0	1	0
		0.34202	0	0.939693
		-0.00409207	0	-1.03382
	}
}
{Volume "piece8"
	{Box 18.5838 7 12.9643}
	{Bone "piece8"}
	{Position 0.911621	0	0.209771}
}
{Volume "piece7"
	{Box 14.0224 7 14.0917}
	{Bone "piece7"}
	{Matrix34
		0.906308	0	-0.422618
		0	1	0
		0.422618	0	0.906308
		0.660426	0	-0.715008
	}
}
{Volume "piece6"
	{Box 10.4745 7 21.2784}
	{Bone "piece6"}
	{Position 0.92952	0	-0.61672}
}
{Volume "piece5"
	{Box 16.8944 7 11.6961}
	{Bone "piece5"}
	{Matrix34
		0.906308	0	0.422618
		0	1	0
		-0.422618	0	0.906308
		0.611677	0	0.62166
	}
}
{Volume "piece4"
	{Box 16.8944 7 14.0917}
	{Bone "piece4"}
	{Position 2.45154	0	-1.07371}
}
{Volume "piece3"
	{Box 13.0087 7 20.8557}
	{Bone "piece3"}
	{Matrix34
		0.707107	0	0.707107
		0	1	0
		-0.707107	0	0.707107
		0.0138702	0	-1.70393
	}
}
{Volume "piece2"
	{Box 16.8944 7 9.30051}
	{Bone "piece2"}
	{Matrix34
		0.866025	0	-0.5
		0	1	0
		0.5	0	0.866025
		0.0258576	0	-0.790048
	}
}
{Volume "piece1"
	{Box 28.2137 7 10.0051}
	{Bone "piece1"}
	{Matrix34
		0.422618	0	-0.906308
		0	1	0
		0.906308	0	0.422618
		-2.21516	0	-1.10864
	}
}
