;Exported by	: joomb
;Date			: 08.05.2023 17:08:41
;File			: H:\git\gem2-mdl-soldiers\models\unit\vehicle\P-51D Mustang\p_51d_x.max
{skeleton
	{bone "basis"
		{orientation
			1 	 0 	 0
			0 	 -1 	 0
			0 	 0 	 1
		}
		{bone "pivot_front"
			{Position 43.4952 	 0 	 2.7452}
			{bone "wingl1"
				{parameters "id=wingleft;"}
				{Position -49.2069 	 0 	 31.9622}
				{poly "wingl1" {lod 0}}
				{poly "wingl1_lod1" {lod 1}}
				{poly "wingl1_lod2" {lod 2}}
				{poly "wingl1_lod3" {lod 3 {last}}}
				{bone "aileron1"
					{parameters "id=wingleft;"}
					{matrix34
						0.9836 	 -0.1221 	 -0.1328
						-0.1221 	 0.0908 	 -0.9883
						0.1328 	 0.9883 	 0.0744
						22.5111 	 106.514 	 -0.3482
					}
					{poly "aileron1" {lod 0}}
					{poly "aileron1_lod1" {lod 1}}
					{poly "aileron1_lod2" {lod 2}}
					{poly "aileron1_lod3" {lod 3 {last}}}
					{bone "aileron1_flap"
						{parameters "id=wingleft;"}
						{matrix34
							0.9996 	 0.0186 	 -0.019
							-0.0184 	 0.9998 	 0.0078
							0.0191 	 -0.0075 	 0.9998
							-3.2215 	 0.4243 	 -26.0799
						}
						{poly "aileron1_flap" {lod 0}}
						{poly "aileron1_flap_lod1" {lod 1}}
						{poly "aileron1_flap_lod2" {lod 2}}
						{poly "aileron1_flap_lod3" {lod 3 {last}}}
					}
				}
				{bone "rocket09"
					{matrix34
						0.9997 	 0 	 0.0227
						0 	 1 	 0.002
						-0.0227 	 -0.002 	 0.9997
						49.5908 	 69.2757 	 -9.5846
					}
					{poly "rocket09" {lod 0}}
					{poly "rocket09_lod1" {lod 1}}
					{poly "rocket09_lod2" {lod 2}}
					{poly "rocket09_lod3" {lod 3 {last}}}
				}
				{bone "rocket07"
					{matrix34
						0.9997 	 0 	 0.0227
						0 	 1 	 0.002
						-0.0227 	 -0.002 	 0.9997
						49.5908 	 63.3702 	 -10.1283
					}
					{poly "rocket07" {lod 0}}
					{poly "rocket07_lod1" {lod 1}}
					{poly "rocket07_lod2" {lod 2}}
					{poly "rocket07_lod3" {lod 3 {last}}}
				}
				{bone "rocket05"
					{matrix34
						0.9997 	 0 	 0.0227
						0 	 1 	 0.002
						-0.0227 	 -0.002 	 0.9997
						49.5908 	 57.4646 	 -10.7157
					}
					{poly "rocket05" {lod 0}}
					{poly "rocket05_lod1" {lod 1}}
					{poly "rocket05_lod2" {lod 2}}
					{poly "rocket05_lod3" {lod 3 {last}}}
				}
				{bone "rocket03"
					{matrix34
						0.9997 	 0 	 0.0227
						0 	 1 	 0
						-0.0227 	 0 	 0.9997
						49.5908 	 51.5578 	 -11.3427
					}
					{poly "rocket03" {lod 0}}
					{poly "rocket03_lod1" {lod 1}}
					{poly "rocket03_lod2" {lod 2}}
					{poly "rocket03_lod3" {lod 3 {last}}}
				}
				{bone "rocket01"
					{matrix34
						0.9997 	 0 	 0.0227
						0 	 1 	 0
						-0.0227 	 0 	 0.9997
						49.5908 	 45.6525 	 -11.7655
					}
					{poly "rocket01" {lod 0}}
					{poly "rocket01_lod1" {lod 1}}
					{poly "rocket01_lod2" {lod 2}}
					{poly "rocket01_lod3" {lod 3 {last}}}
				}
			}
			{bone "wingr1"
				{parameters "id=wingright;"}
				{Position -49.2069 	 0 	 31.9622}
				{poly "wingr1" {lod 0}}
				{poly "wingr1_lod1" {lod 1}}
				{poly "wingr1_lod2" {lod 2}}
				{poly "wingr1_lod3" {lod 3 {last}}}
				{bone "aileron2"
					{parameters "id=wingright;"}
					{matrix34
						0.9836 	 0.1221 	 -0.1328
						0.1221 	 0.0908 	 0.9883
						0.1328 	 -0.9883 	 0.0744
						22.5058 	 -106.513 	 -0.3287
					}
					{poly "aileron2" {lod 0}}
					{poly "aileron2_lod1" {lod 1}}
					{poly "aileron2_lod2" {lod 2}}
					{poly "aileron2_lod3" {lod 3 {last}}}
					{bone "aileron2_flap"
						{parameters "id=wingright;"}
						{matrix34
							0.9996 	 -0.0186 	 -0.019
							0.0184 	 0.9998 	 -0.0077
							0.0192 	 0.0073 	 0.9998
							-3.2248 	 -0.3979 	 -26.08
						}
						{poly "aileron2_flap" {lod 0}}
						{poly "aileron2_flap_lod1" {lod 1}}
						{poly "aileron2_flap_lod2" {lod 2}}
						{poly "aileron2_flap_lod3" {lod 3 {last}}}
					}
				}
				{bone "rocket06"
					{matrix34
						0.9997 	 0 	 0.0227
						0 	 1 	 0
						-0.0227 	 0 	 0.9997
						49.5908 	 -63.3689 	 -10.1286
					}
					{poly "rocket06" {lod 0}}
					{poly "rocket06_lod1" {lod 1}}
					{poly "rocket06_lod2" {lod 2}}
					{poly "rocket06_lod3" {lod 3 {last}}}
				}
				{bone "rocket08"
					{matrix34
						0.9997 	 0 	 0.0227
						0 	 1 	 0
						-0.0227 	 0 	 0.9997
						49.5908 	 -69.2744 	 -9.585
					}
					{poly "rocket08" {lod 0}}
					{poly "rocket08_lod1" {lod 1}}
					{poly "rocket08_lod2" {lod 2}}
					{poly "rocket08_lod3" {lod 3 {last}}}
				}
			}
			{bone "suspl"
				{parameters "id=wheelleft;"}
				{matrix34
					0.186 	 0.982 	 0.0315
					-0.1482 	 -0.0036 	 0.989
					0.9713 	 -0.1886 	 0.1448
					-6.1392 	 34.8847 	 25.782
				}
				{poly "suspl" {lod 0}}
				{poly "suspl_lod1" {lod 1}}
				{poly "suspl_lod2" {lod 2}}
				{poly "suspl_lod3" {lod 3 {last}}}
				{bone revolute "wheell"
					{parameters "id=wheelleft;radius=0.22;support;"}
					{matrix34
						0.1958 	 -0.1482 	 0.9694
						-0.0084 	 -0.9887 	 -0.1495
						0.9806 	 0.0211 	 -0.1949
						4.7415 	 -26.2429 	 1.2831
					}
					{poly "wheell" {lod 0}}
					{poly "wheell_lod1" {lod 1}}
					{poly "wheell_lod2" {lod 2}}
					{poly "wheell_lod3" {lod 3 {last}}}
				}
			}
			{bone "suspr"
				{parameters "id=wheelright;"}
				{matrix34
					0.2086 	 -0.226 	 -0.9515
					-0.1183 	 0.96 	 -0.2539
					0.9708 	 0.1656 	 0.1735
					-4.4185 	 -34.5733 	 26.11
				}
				{poly "suspr" {lod 0}}
				{poly "suspr_lod1" {lod 1}}
				{poly "suspr_lod2" {lod 2}}
				{poly "suspr_lod3" {lod 3 {last}}}
				{bone revolute "wheelr"
					{parameters "id=wheelright;radius=0.22;support;"}
					{matrix34
						0.231 	 -0.1214 	 0.9653
						0.9524 	 0.231 	 -0.1989
						-0.1989 	 0.9653 	 0.169
						26.3934 	 2.6668 	 -0.8501
					}
					{poly "wheelr" {lod 0}}
					{poly "wheelr_lod1" {lod 1}}
					{poly "wheelr_lod2" {lod 2}}
					{poly "wheelr_lod3" {lod 3 {last}}}
				}
			}
		}
		{bone "emit1"
			{Position -16.1779 	 -25.1045 	 0}
		}
		{bone "body"
			{parameters "id=body;"}
			{Position -5.7116 	 0 	 34.7073}
			{poly "body" {lod 0}}
			{poly "body_lod1" {lod 1}}
			{poly "body_lod2" {lod 2}}
			{poly "body_lod3" {lod 3 {last}}}
			{bone "cabin"
				{parameters "id=body;"}
				{matrix34
					0.9948 	 0 	 -0.1023
					0 	 1 	 0
					0.1023 	 0 	 0.9948
					6.5872 	 0 	 12.867
				}
				{poly "cabin" {lod 0}}
				{poly "cabin_lod1" {lod 1}}
				{poly "cabin_lod2" {lod 2}}
				{poly "cabin_lod3" {lod 3 {last}}}
			}
			{bone "rudder"
				{parameters "id=body_back;"}
				{Position -76.9308 	 0 	 18.9715}
				{poly "rudder" {lod 0}}
				{poly "rudder_lod1" {lod 1}}
				{poly "rudder_lod2" {lod 2}}
				{poly "rudder_lod3" {lod 3 {last}}}
				{bone "rudder_flap"
					{parameters "id=body_back;"}
					{matrix34
						0.9895 	 0 	 -0.1448
						0 	 1 	 0
						0.1448 	 0 	 0.9895
						-8.0324 	 0 	 6.328
					}
					{poly "rudder_flap" {lod 0}}
					{poly "rudder_flap_lod1" {lod 1}}
					{poly "rudder_flap_lod2" {lod 2}}
					{poly "rudder_flap_lod3" {lod 3 {last}}}
				}
			}
			{bone "flap2"
				{parameters "id=body;"}
				{matrix34
					0.9869 	 0.1109 	 -0.1174
					0.1109 	 0.0628 	 0.9918
					0.1174 	 -0.9918 	 0.0497
					18.3005 	 -64.1377 	 -3.9553
				}
				{poly "flap2" {lod 0}}
				{poly "flap2_lod1" {lod 1}}
				{poly "flap2_lod2" {lod 2}}
				{poly "flap2_lod3" {lod 3 {last}}}
			}
			{bone "flap1"
				{parameters "id=body;"}
				{matrix34
					0.9868 	 -0.1109 	 -0.1179
					-0.1114 	 0.0629 	 -0.9918
					0.1174 	 0.9918 	 0.0497
					18.4012 	 64.1323 	 -4.0841
				}
				{poly "flap1" {lod 0}}
				{poly "flap1_lod1" {lod 1}}
				{poly "flap1_lod2" {lod 2}}
				{poly "flap1_lod3" {lod 3 {last}}}
			}
			{bone "cover1"
				{parameters "id=body;"}
				{matrix34
					0.1378 	 0.9418 	 0.3068
					-0.1987 	 -0.2771 	 0.9401
					0.9703 	 -0.1905 	 0.149
					45.3249 	 36.0672 	 -7.4214
				}
				{poly "cover1" {lod 0}}
				{poly "cover1_lod1" {lod 1}}
				{poly "cover1_lod2" {lod 2}}
				{poly "cover1_lod3" {lod 3 {last}}}
			}
			{bone "cover4"
				{parameters "id=body;"}
				{matrix34
					0.2075 	 -0.2171 	 -0.9538
					-0.1203 	 0.962 	 -0.2451
					0.9708 	 0.1656 	 0.1735
					45.3256 	 -36.071 	 -7.4285
				}
				{poly "cover4" {lod 0}}
				{poly "cover4_lod1" {lod 1}}
				{poly "cover4_lod2" {lod 2}}
				{poly "cover4_lod3" {lod 3 {last}}}
			}
			{bone "cover2"
				{parameters "id=body;"}
				{matrix34
					0.0963 	 0.0595 	 -0.9936
					0.0213 	 0.9979 	 0.0618
					0.9951 	 -0.0271 	 0.0949
					47.3597 	 1.215 	 -11.0311
				}
				{poly "cover2" {lod 0}}
				{poly "cover2_lod1" {lod 1}}
				{poly "cover2_lod2" {lod 2}}
				{poly "cover2_lod3" {lod 3 {last}}}
				{bone "pistonl"
					{parameters "id=body;"}
					{matrix34
						0.0963 	 0.0213 	 0.9951
						0.0595 	 0.9979 	 -0.0271
						-0.9936 	 0.0618 	 0.0949
						-6.5596 	 4.2722 	 -10.0758
					}
					{poly "pistonl" {lod 0}}
					{poly "pistonl_lod1" {lod 1}}
					{poly "pistonl_lod2" {lod 2}}
					{poly "pistonl_lod3" {lod 3 {last}}}
				}
			}
			{bone "cover3"
				{parameters "id=body;"}
				{matrix34
					0.0963 	 -0.0549 	 -0.9938
					-0.0217 	 0.9981 	 -0.0573
					0.9951 	 0.0271 	 0.0949
					47.3667 	 -1.2068 	 -11.0251
				}
				{poly "cover3" {lod 0}}
				{poly "cover3_lod1" {lod 1}}
				{poly "cover3_lod2" {lod 2}}
				{poly "cover3_lod3" {lod 3 {last}}}
				{bone "pistonr"
					{parameters "id=body;"}
					{matrix34
						0.0963 	 -0.0217 	 0.9951
						-0.0549 	 0.9981 	 0.0271
						-0.9938 	 -0.0573 	 0.0949
						-6.5532 	 -4.1869 	 -10.084
					}
					{poly "pistonr" {lod 0}}
					{poly "pistonr_lod1" {lod 1}}
					{poly "pistonr_lod2" {lod 2}}
					{poly "pistonr_lod3" {lod 3 {last}}}
				}
			}
			{bone "light"
				{parameters "id=body;"}
				{Position 39.3463 	 0 	 -9.3114}
				{poly "light" {lod 0}}
				{poly "light_lod1" {lod 1}}
				{poly "light_lod2" {lod 2}}
				{poly "light_lod3" {lod 3 {last}}}
			}
			{bone "cover7"
				{parameters "id=body;"}
				{matrix34
					-0.1374 	 0.0779 	 -0.9875
					0.0317 	 0.9967 	 0.0742
					0.99 	 -0.0211 	 -0.1394
					-46.6995 	 -2.758 	 -3.8437
				}
				{poly "cover7" {lod 0}}
				{poly "cover7_lod1" {lod 1}}
				{poly "cover7_lod2" {lod 2}}
				{poly "cover7_lod3" {lod 3 {last}}}
			}
			{bone "cover5"
				{parameters "id=body;"}
				{matrix34
					0.9962 	 0 	 -0.0872
					0 	 1 	 0
					0.0872 	 0 	 0.9962
					-18.4759 	 0 	 -12.1154
				}
				{poly "cover5" {lod 0}}
				{poly "cover5_lod1" {lod 1}}
				{poly "cover5_lod2" {lod 2}}
				{poly "cover5_lod3" {lod 3 {last}}}
			}
			{bone "cover6"
				{parameters "id=body;"}
				{matrix34
					-0.1371 	 -0.0573 	 -0.9889
					-0.0273 	 0.9982 	 -0.0541
					0.9902 	 0.0196 	 -0.1385
					-46.7299 	 2.7909 	 -3.8412
				}
				{poly "cover6" {lod 0}}
				{poly "cover6_lod1" {lod 1}}
				{poly "cover6_lod2" {lod 2}}
				{poly "cover6_lod3" {lod 3 {last}}}
			}
			{bone "visor1"
				{Position 31.7115 	 0 	 19.2811}
			}
			{bone "driver"
				{Position 17.894 	 0 	 -1.099}
			}
			{bone "window"
				{parameters "id=body;"}
				{matrix34
					0.9947 	 0 	 -0.103
					0 	 1 	 0
					0.103 	 0 	 0.9947
					15.5918 	 -0.0033 	 18.0842
				}
				{poly "window" {lod 0}}
				{poly "window_lod1" {lod 1}}
				{poly "window_lod2" {lod 2}}
				{poly "window_lod3" {lod 3 {last}}}
			}
			{bone "enumerator"
				{parameters "id=engine;"}
				{Position -75.2255 	 0.8947 	 12.6043}
				{poly "enumerator"}
			}
			{bone revolute "100lb"
				{limits -20 20}
				{speed 0.01}
				{matrix34
					1 	 0 	 0
					0 	 0 	 1
					0 	 -1 	 0
					97.9746 	 0 	 -9.6825
				}
			}
			{bone "body_back"
				{Position -51.1946 	 0.005 	 -11.4479}
				{bone "elevator1"
					{parameters "id=body_back;"}
					{matrix34
						0.9992 	 0.0007 	 0.0409
						0.0409 	 -0.0045 	 -0.9992
						-0.0005 	 1 	 -0.0045
						-14.4817 	 22.7432 	 22.4126
					}
					{poly "elevator1" {lod 0}}
					{poly "elevator1_lod1" {lod 1}}
					{poly "elevator1_lod2" {lod 2}}
					{poly "elevator1_lod3" {lod 3 {last}}}
					{bone "elevator1_flap"
						{parameters "id=body_back;"}
						{matrix34
							0.984 	 0.1445 	 -0.1039
							-0.1445 	 0.9895 	 0.0078
							0.104 	 0.0074 	 0.9946
							-6.0907 	 -0.366 	 0.2658
						}
						{poly "elevator1_flap" {lod 0}}
						{poly "elevator1_flap_lod1" {lod 1}}
						{poly "elevator1_flap_lod2" {lod 2}}
						{poly "elevator1_flap_lod3" {lod 3 {last}}}
					}
				}
				{bone "elevator2"
					{parameters "id=body_back;"}
					{matrix34
						1 	 0 	 0
						0 	 0 	 1
						0 	 -1 	 0
						-14.4525 	 -35.1191 	 22.443
					}
					{poly "elevator2" {lod 0}}
					{poly "elevator2_lod1" {lod 1}}
					{poly "elevator2_lod2" {lod 2}}
					{poly "elevator2_lod3" {lod 3 {last}}}
					{bone "elevator2_flap"
						{parameters "id=body_back;"}
						{matrix34
							0.9892 	 -0.1037 	 -0.1039
							0.1039 	 0.9946 	 -0.0032
							0.1037 	 -0.0076 	 0.9946
							-6.1805 	 -0.0357 	 -12.0982
						}
						{poly "elevator2_flap" {lod 0}}
						{poly "elevator2_flap_lod1" {lod 1}}
						{poly "elevator2_flap_lod2" {lod 2}}
						{poly "elevator2_flap_lod3" {lod 3 {last}}}
					}
				}
				{bone "pivot_back"
					{bone "susp_back"
						{parameters "id=body_back;"}
						{Position -2.9513 	 0.2296 	 9.7561}
						{poly "susp_back" {lod 0}}
						{poly "susp_back_lod1" {lod 1}}
						{poly "susp_back_lod2" {lod 2}}
						{poly "susp_back_lod3" {lod 3 {last}}}
						{bone revolute "wheel_back"
							{parameters "id=body_back;radius=0.05;support;"}
							{matrix34
								1 	 0 	 0
								0 	 0 	 -1
								0 	 1 	 0
								2.9513 	 -0.2296 	 -9.7561
							}
							{poly "wheel_back" {lod 0}}
							{poly "wheel_back_lod1" {lod 1}}
							{poly "wheel_back_lod2" {lod 2}}
							{poly "wheel_back_lod3" {lod 3 {last}}}
						}
					}
				}
			}
			{bone "rocket"
				{Position 100.244 	 0 	 -9.6825}
				{bone revolute "rocket_rot"
					{limits -20 20}
					{speed 0.01}
					{matrix34
						1 	 0 	 0
						0 	 0 	 1
						0 	 -1 	 0
						0 	 0 	 0
					}
				}
			}
			{bone revolute "propeller"
				{parameters "id=engine;"}
				{Position 97.3429 	 0 	 3.6162}
				{poly "propeller" {lod 0}}
				{poly "propeller_lod1" {lod 1}}
				{poly "propeller_lod2" {lod 2}}
				{poly "propeller_lod3" {lod 3 {last}}}
				{bone revolute "vane"
					{parameters "id=engine;"}
					{Position 0 	 0 	 0.0001}
					{poly "vane" {lod 0}}
					{poly "vane_lod1" {lod 1}}
					{poly "vane_lod2" {lod 2}}
					{poly "vane_lod3" {lod 3 {last}}}
				}
			}
			{bone "rocket00"
				{matrix34
					0.9997 	 0 	 0.0227
					0 	 1 	 0.001
					-0.0227 	 -0.001 	 0.9997
					49.5908 	 -45.6512 	 -11.7659
				}
				{poly "rocket00" {lod 0}}
				{poly "rocket00_lod1" {lod 1}}
				{poly "rocket00_lod2" {lod 2}}
				{poly "rocket00_lod3" {lod 3 {last}}}
			}
			{bone "rocket02"
				{matrix34
					0.9997 	 0 	 0.0227
					0 	 1 	 0.001
					-0.0227 	 -0.001 	 0.9997
					49.5908 	 -51.5565 	 -11.343
				}
				{poly "rocket02" {lod 0}}
				{poly "rocket02_lod1" {lod 1}}
				{poly "rocket02_lod2" {lod 2}}
				{poly "rocket02_lod3" {lod 3 {last}}}
			}
			{bone "rocket04"
				{matrix34
					0.9997 	 0 	 0.0227
					0 	 1 	 0.001
					-0.0227 	 -0.001 	 0.9997
					49.5908 	 -57.462 	 -10.7163
				}
				{poly "rocket04" {lod 0}}
				{poly "rocket04_lod1" {lod 1}}
				{poly "rocket04_lod2" {lod 2}}
				{poly "rocket04_lod3" {lod 3 {last}}}
			}
		}
	}
}
{obstacle "rectangle001"
	{obb2
		{center 21.6116 0}
		{extent 19.7893 110.696}
		{axis -1 0}
	}
	{rotate}
}
{obstacle "rectangle002"
	{obb2
		{center 8.45513 0}
		{extent 10.8615 90.223}
		{axis 0 1}
	}
	{rotate}
}
{obstacle "rectangle003"
	{obb2
		{center -69.5974 0}
		{extent 10.8615 37.8936}
		{axis -1 0}
	}
	{rotate}
}
{"volumes"
	{"aileron1"
		{polyhedron}
		{bone "aileron1"}
		{matrix34
			-0.9836 	 0.1221 	 -0.1328
			-0.1333 	 0.0043 	 0.9911
			0.1216 	 0.9925 	 0.012
			-2.4727 	 1.858 	 -0.1055
		}
	}
	{"aileron2"
		{polyhedron}
		{bone "aileron2"}
		{matrix34
			0.9836 	 0.1221 	 0.1328
			0.1332 	 0.0044 	 -0.9911
			-0.1216 	 0.9925 	 -0.012
			-2.465 	 -1.8767 	 -0.106
		}
	}
	{"body01"
		{polyhedron}
		{bone "body"}
		{matrix34
			0 	 0 	 1
			0 	 1 	 0
			-1 	 0 	 0
			90.4016 	 0 	 3.6434
		}
	}
	{"body02"
		{polyhedron}
		{bone "body"}
		{Position 26.116 	 3.8172 	 -1.5262}
	}
	{"body03"
		{polyhedron}
		{bone "body"}
		{Position -59.1745 	 0 	 14.7568}
	}
	{"body04"
		{polyhedron}
		{bone "body"}
		{matrix34
			-1 	 0 	 0
			0 	 0.9962 	 0.0872
			0 	 0.0872 	 -0.9962
			29.638 	 35.9134 	 -3.3455
		}
	}
	{"body05"
		{polyhedron}
		{bone "body"}
		{matrix34
			1 	 0 	 0
			0 	 0.9962 	 -0.0872
			0 	 0.0872 	 0.9962
			29.638 	 -35.7542 	 -3.3455
		}
	}
	{"body_back01"
		{polyhedron}
		{bone "body_back"}
		{matrix34
			-1 	 0 	 0
			0 	 -1 	 0
			0 	 0 	 1
			-20.3696 	 -0.005 	 40.4658
		}
	}
	{"body_back02"
		{polyhedron}
		{bone "body_back"}
		{Position -8.0849 	 19.6254 	 21.5663}
	}
	{"body_back03"
		{polyhedron}
		{bone "body_back"}
		{matrix34
			1 	 0 	 0
			0 	 -1 	 0
			0 	 0 	 -1
			-8.0849 	 -19.5714 	 23.7107
		}
	}
	{"cabin"
		{polyhedron}
		{bone "cabin"}
		{Position 7.1059 	 0 	 0}
	}
	{"elevator1"
		{polyhedron}
		{bone "elevator1"}
		{matrix34
			-0.9992 	 -0.0409 	 0.0005
			0.0007 	 -0.0045 	 1
			-0.0409 	 0.9992 	 0.0045
			-8.2785 	 -1.6239 	 -3.1196
		}
	}
	{"elevator2"
		{polyhedron}
		{bone "elevator2"}
		{matrix34
			-1 	 0 	 0
			0 	 0 	 1
			0 	 1 	 0
			-8.3656 	 -0.8766 	 -15.5476
		}
	}
	{"flap1"
		{polyhedron}
		{bone "flap1"}
		{matrix34
			-0.9868 	 0.1114 	 -0.1174
			-0.1207 	 -0.0238 	 0.9924
			0.1078 	 0.9935 	 0.0369
			-3.9032 	 1.9683 	 -0.5559
		}
	}
	{"flap2"
		{polyhedron}
		{bone "flap2"}
		{matrix34
			0.9869 	 0.1109 	 0.1174
			0.1207 	 -0.0239 	 -0.9924
			-0.1073 	 0.9935 	 -0.0369
			-3.7893 	 -2.0825 	 -0.5556
		}
	}
	{"propeller01"
		{polyhedron}
		{bone "propeller"}
		{matrix34
			0 	 1 	 0
			0 	 0 	 1
			1 	 0 	 0
			-6.8415 	 0 	 0
		}
	}
	{"propeller02"
		{polyhedron}
		{bone "propeller"}
		{matrix34
			-0.5736 	 0.8192 	 0
			-0.8192 	 -0.5736 	 0
			0 	 0 	 1
			-3.4452 	 -0.0476 	 0
		}
	}
	{"propeller03"
		{polyhedron}
		{bone "propeller"}
		{matrix34
			-0.5736 	 0 	 -0.8192
			-0.8192 	 0 	 0.5736
			0 	 1 	 0
			-3.4452 	 -0.0476 	 0
		}
	}
	{"propeller04"
		{polyhedron}
		{bone "propeller"}
		{matrix34
			-0.5736 	 -0.8192 	 0
			-0.8192 	 0.5736 	 0
			0 	 0 	 -1
			-3.4452 	 -0.0476 	 0
		}
	}
	{"propeller05"
		{polyhedron}
		{bone "propeller"}
		{matrix34
			-0.5736 	 0 	 0.8192
			-0.8192 	 0 	 -0.5736
			0 	 -1 	 0
			-3.4452 	 -0.0476 	 0
		}
	}
	{"rudder"
		{polyhedron}
		{bone "rudder"}
		{Position 0 	 0 	 0}
	}
	{"wheel_back"
		{polyhedron}
		{bone "wheel_back"}
		{Position 0 	 0 	 -1.34}
	}
	{"wheell"
		{polyhedron}
		{bone "wheell"}
		{matrix34
			0 	 1 	 0
			1 	 0 	 0
			0 	 0 	 -1
			0 	 0 	 -0.654
		}
	}
	{"wheelr"
		{polyhedron}
		{bone "wheelr"}
		{matrix34
			0 	 1 	 0
			1 	 0 	 0
			0 	 0 	 -1
			-0.0372 	 -0.1104 	 4.1842
		}
	}
	{"wingl1"
		{polyhedron}
		{bone "wingl1"}
		{matrix34
			1 	 0 	 0
			0 	 0.9962 	 0.0872
			0 	 -0.0872 	 0.9962
			31.8202 	 70.7103 	 -0.3931
		}
	}
	{"wingr1"
		{polyhedron}
		{bone "wingr1"}
		{matrix34
			-1 	 0 	 0
			0 	 0.9962 	 -0.0872
			0 	 -0.0872 	 -0.9962
			31.8202 	 -70.6921 	 -0.3931
		}
	}
}
