;Exported by	: Oleksandr Tsaprylov
;Date			: 03.02.2023 16:23:58
;File			: E:\projects\gem2-mdl-soldiers\models\entourage\shed_wood_destroyed\shed_wood_destroyed.max
{skeleton
	{bone "shed_wood_destroyed_piece_003"
		{orientation
			1 	 0 	 0
			0 	 -1 	 0
			0 	 0 	 1
		}
		{poly "shed_wood_destroyed_piece_003"}
	}
}
{obstacle "obstacle01"
	{obb2
		{center 17.5343 -12.2365}
		{extent 3.48102 2.83992}
		{axis -1 0}
	}
	{rotate}
}
{"volumes"
	{"body01"
		{box 3.93701 3.93701 69.8964}
		{bone "shed_wood_destroyed_piece_003"}
		{Position 17.5343 	 12.2365 	 34.9482}
	}
	{"body02"
		{box 7.16952 2.91339 93.8236}
		{bone "shed_wood_destroyed_piece_003"}
		{matrix34
			0 	 0 	 1
			0 	 1 	 0
			-1 	 0 	 0
			0.2032 	 11.9189 	 67.0639
		}
	}
	{"body03"
		{box 2.3622 2.98768 103.355}
		{bone "shed_wood_destroyed_piece_003"}
		{matrix34
			1 	 0 	 0
			0 	 0.5736 	 0.8192
			0 	 -0.8192 	 0.5736
			47.9847 	 1.2201 	 76.7575
		}
	}
	{"body04"
		{box 2.3622 2.98768 101.813}
		{bone "shed_wood_destroyed_piece_003"}
		{matrix34
			1 	 0 	 0
			0 	 0.5736 	 0.8192
			0 	 -0.8192 	 0.5736
			-34.3977 	 1.8519 	 76.3151
		}
	}
	{"body05"
		{box 2.3622 2.98768 59.1997}
		{bone "shed_wood_destroyed_piece_003"}
		{matrix34
			1 	 0 	 0
			0 	 0.5736 	 0.8192
			0 	 -0.8192 	 0.5736
			6.1827 	 19.3052 	 64.0942
		}
	}
	{"body06"
		{box 2.3622 2.98768 59.1997}
		{bone "shed_wood_destroyed_piece_003"}
		{matrix34
			1 	 0 	 0
			0 	 0.5736 	 0.8192
			0 	 -0.8192 	 0.5736
			28.3819 	 6.8832 	 72.7922
		}
	}
	{"body07"
		{box 1.58472 7.20607 12.9864}
		{bone "shed_wood_destroyed_piece_003"}
		{matrix34
			0 	 -0.5736 	 -0.8192
			-0.1776 	 -0.8061 	 0.5645
			-0.9841 	 0.1455 	 -0.1018
			-40.5381 	 -11.2743 	 85.3105
		}
	}
	{"body08"
		{box 1.58472 7.20607 12.8708}
		{bone "shed_wood_destroyed_piece_003"}
		{matrix34
			0 	 -0.5736 	 -0.8192
			0.0838 	 -0.8163 	 0.5716
			-0.9965 	 -0.0686 	 0.048
			-40.4074 	 6.6533 	 72.6073
		}
	}
	{"body09"
		{box 1.58472 7.20607 12.0245}
		{bone "shed_wood_destroyed_piece_003"}
		{matrix34
			0 	 -0.5736 	 -0.8192
			0 	 -0.8192 	 0.5736
			-1 	 0 	 0
			-39.9772 	 22.6064 	 63.758
		}
	}
	{"body10"
		{box 2.3622 2.98768 54.9872}
		{bone "shed_wood_destroyed_piece_003"}
		{matrix34
			-1 	 0 	 0
			0 	 0 	 1
			0 	 1 	 0
			47.8854 	 -15.9634 	 69.3248
		}
	}
	{"body11"
		{box 2.3622 2.98768 47.289}
		{bone "shed_wood_destroyed_piece_003"}
		{matrix34
			-1 	 0 	 0
			0 	 0 	 1
			0 	 1 	 0
			-34.7996 	 -12.0143 	 69.3248
		}
	}
	{"body12"
		{box 1.58472 7.20607 6.7337}
		{bone "shed_wood_destroyed_piece_003"}
		{matrix34
			0 	 -0.5736 	 -0.8192
			0 	 -0.8192 	 0.5736
			-1 	 0 	 0
			-37.3319 	 -22.9776 	 93.6217
		}
	}
}
