;Exported by	: KobaA
;Date			: 15.02.2024 10:28:55
;File			: d:\git\gem2-mdl-soldiers\models\entourage\radar\radar.max
{skeleton
	{animation
		{sequence "open" {speed 0.5}{resume}}
	}
	{bone "basis"
		{orientation
			1 	 0 	 0
			0 	 -1 	 0
			0 	 0 	 1
		}
		{bone revolute "turret"
			{parameters "id=turret;rotate;"}
			{limits -29 29}
			{speed 0.01}
			{matrix34
				0 	 -1 	 0
				1 	 0 	 0
				0 	 0 	 1
				0 	 0 	 26.9576
			}
			{bone revolute "gun_rot"
				{parameters "id=gun;"}
				{limits -29 29}
				{speed 0.01}
				{matrix34
					0.9063 	 0 	 -0.4226
					0.4226 	 0 	 0.9063
					0 	 -1 	 0
					-33.5893 	 0 	 63.824
				}
				{bone "gun"
					{parameters "id=gun;"}
					{matrix34
						-1 	 0 	 0
						0 	 0 	 1
						0 	 1 	 0
						-2.868 	 1.6818 	 0
					}
					{poly "gun"}
				}
				{bone "visor1"
					{matrix34
						-1 	 0 	 0
						0 	 0 	 1
						0 	 1 	 0
						-25.4492 	 1.6848 	 0
					}
				}
				{bone "visor2"
					{matrix34
						-1 	 0 	 0
						0 	 0 	 1
						0 	 1 	 0
						-19.3711 	 80.4029 	 0
					}
				}
				{bone "foresight"
					{matrix34
						-1 	 0 	 0
						0 	 0 	 1
						0 	 1 	 0
						-26.7437 	 1.6848 	 0
					}
				}
			}
			{bone "turret2"
				{parameters "id=turret;"}
				{poly "turret2"}
			}
			{bone "body"
				{parameters "id=body;"}
				{Position 25.0542 	 -1.0419 	 19.842}
				{poly "body"}
			}
			{bone "emit1"
				{matrix34
					0 	 1 	 0
					-1 	 0 	 0
					0 	 0 	 1
					34.5817 	 -63.622 	 -26.9576
				}
			}
			{bone "commander"
				{matrix34
					-0.7071 	 -0.7071 	 0
					0.7071 	 -0.7071 	 0
					0 	 0 	 1
					32.9228 	 36.4787 	 10.1736
				}
			}
			{bone "gunner"
				{matrix34
					-0.7071 	 -0.7071 	 0
					0.7071 	 -0.7071 	 0
					0 	 0 	 1
					32.9228 	 7.2292 	 10.1736
				}
			}
			{bone "window1"
				{parameters "id=body;"}
				{Position 62.4576 	 -16.9489 	 41.5797}
				{poly "window1"}
			}
			{bone "window2"
				{parameters "id=body;"}
				{Position 62.4576 	 35.2267 	 41.5797}
				{poly "window2"}
			}
			{bone "cover1"
				{parameters "id=body;"}
				{Position 59.6461 	 -35.2008 	 31.058}
				{poly "cover1"}
			}
		}
		{bone "base"
			{matrix34
				0 	 -1 	 0
				1 	 0 	 0
				0 	 0 	 1
				0.3619 	 -0.2989 	 16.1865
			}
			{poly "base"}
		}
	}
}
{obstacle "obstacle01"
	{circle2
		{radius 68.8969}
		{center 0 0}
	}
	{rotate}
}
{"volumes"
	{"base01"
		{polyhedron}
		{bone "base"}
		{Position -0.2989 	 -0.1638 	 -16.1865}
	}
	{"base02"
		{cylinder 17.3938 9.21607}
		{bone "base"}
		{Position -0.2989 	 -0.3619 	 13.9796}
	}
	{"body01"
		{box 0.676256 90.4403 46.9466}
		{bone "body"}
		{Position 37.2143 	 10.5796 	 11.5177}
	}
	{"body02"
		{box 0.676256 90.4403 35.6794}
		{bone "body"}
		{Position -17.6358 	 10.5796 	 5.8841}
	}
	{"body03"
		{box 0.676256 90.4403 37.5573}
		{bone "body"}
		{matrix34
			0 	 0 	 1
			0 	 1 	 0
			-1 	 0 	 0
			15.8021 	 10.5796 	 38.6516
		}
	}
	{"body04"
		{box 0.676256 90.4403 22.1213}
		{bone "body"}
		{matrix34
			-0.7071 	 0 	 0.7071
			0 	 1 	 0
			-0.7071 	 0 	 -0.7071
			-10.5867 	 10.5796 	 31.0327
		}
	}
	{"body05"
		{box 0.960284 90.4403 4.97959}
		{bone "body"}
		{matrix34
			-0.7071 	 0 	 -0.7071
			0 	 1 	 0
			0.7071 	 0 	 -0.7071
			36.0758 	 10.5796 	 36.8298
		}
	}
	{"body06"
		{box 0.676256 55.5123 35.6794}
		{bone "body"}
		{matrix34
			0 	 1 	 0
			-1 	 0 	 0
			0 	 0 	 1
			9.7508 	 55.2865 	 5.8841
		}
	}
	{"body07"
		{box 0.676256 55.5123 35.6794}
		{bone "body"}
		{matrix34
			0 	 1 	 0
			-1 	 0 	 0
			0 	 0 	 1
			9.7508 	 -34.5675 	 5.8841
		}
	}
	{"body08"
		{polyhedron}
		{bone "body"}
		{matrix34
			0 	 1 	 0
			-1 	 0 	 0
			0 	 0 	 1
			9.7508 	 -34.5675 	 23.7993
		}
	}
	{"body09"
		{polyhedron}
		{bone "body"}
		{matrix34
			0 	 1 	 0
			-1 	 0 	 0
			0 	 0 	 1
			9.7508 	 55.2865 	 23.7993
		}
	}
	{"body10"
		{box 14.2306 11.4872 1.51511}
		{bone "body"}
		{Position 9.4102 	 -40.1608 	 -12.6508}
	}
	{"body11"
		{box 20.5348 20.9851 1.51511}
		{bone "body"}
		{Position 26.653 	 -45.0933 	 -12.6508}
	}
	{"body12"
		{box 0.676256 90.4403 55.7651}
		{bone "body"}
		{matrix34
			0 	 0 	 1
			0 	 1 	 0
			-1 	 0 	 0
			9.8181 	 10.5796 	 -11.7316
		}
	}
	{"gun01"
		{box 1.18127 42.5197 42.5197}
		{bone "gun"}
		{matrix34
			-1 	 0 	 0
			0 	 -1 	 0
			0 	 0 	 1
			-7.9396 	 0 	 0
		}
	}
	{"gun02"
		{box 1.18127 52.7244 42.5197}
		{bone "gun"}
		{matrix34
			-0.866 	 0.5 	 0
			-0.5 	 -0.866 	 0
			0 	 0 	 1
			5.1184 	 44.1451 	 0
		}
	}
	{"gun03"
		{box 1.18127 49.0337 51.874}
		{bone "gun"}
		{matrix34
			-0.8613 	 0.4101 	 0.2998
			-0.5066 	 -0.6496 	 -0.5669
			-0.0378 	 -0.6402 	 0.7673
			4.7971 	 34.0493 	 30.8227
		}
	}
	{"gun04"
		{box 1.18127 52.7244 52.0356}
		{bone "gun"}
		{matrix34
			-0.866 	 0 	 0.5
			0 	 -1 	 0
			0.5 	 0 	 0.866
			4.3615 	 2.1674 	 44.0393
		}
	}
	{"gun05"
		{box 1.18127 49.0337 51.874}
		{bone "gun"}
		{matrix34
			-0.8614 	 -0.3655 	 0.3528
			-0.5066 	 0.5669 	 -0.6496
			0.0374 	 -0.7383 	 -0.6735
			4.1269 	 -32.4198 	 30.7585
		}
	}
	{"gun06"
		{box 1.18127 52.7244 42.5197}
		{bone "gun"}
		{matrix34
			-0.866 	 -0.5 	 0
			0.5 	 -0.866 	 0
			0 	 0 	 1
			5.1568 	 -43.0922 	 0
		}
	}
	{"gun07"
		{box 1.18127 42.6857 51.874}
		{bone "gun"}
		{matrix34
			-0.7707 	 -0.4701 	 -0.4302
			0.6361 	 -0.6076 	 -0.4756
			-0.0378 	 -0.6402 	 0.7673
			6.4566 	 -34.7555 	 -34.462
		}
	}
	{"gun08"
		{box 1.18127 52.7244 54.1701}
		{bone "gun"}
		{matrix34
			-0.866 	 0 	 -0.5
			0 	 -1 	 0
			-0.5 	 0 	 0.866
			4.3721 	 0 	 -42.4849
		}
	}
	{"gun09"
		{box 1.18127 42.6857 51.874}
		{bone "gun"}
		{matrix34
			-0.7707 	 0.4302 	 -0.4701
			0.6361 	 0.4756 	 -0.6076
			-0.0378 	 -0.7673 	 -0.6402
			6.5029 	 36.6325 	 -32.8452
		}
	}
	{"target"
		{polyhedron}
		{bone "body"}
		{Position 9.9855 	 10.3672 	 -10.2971}
	}
	{"turret01"
		{box 18.9427 114.002 24.0456}
		{bone "turret2"}
		{Position -1.9944 	 -0.2063 	 19.7238}
	}
	{"turret02"
		{polyhedron}
		{bone "turret2"}
		{matrix34
			-1 	 0 	 0
			0 	 -1 	 0
			0 	 0 	 1
			34.3448 	 -2.408 	 10.5765
		}
	}
	{"turret03"
		{polyhedron}
		{bone "turret2"}
		{Position -2.8356 	 -51.1703 	 31.7635}
	}
	{"turret04"
		{box 7.07375 8.58377 27.0486}
		{bone "turret2"}
		{matrix34
			-0.1736 	 0 	 -0.9848
			0 	 1 	 0
			0.9848 	 0 	 -0.1736
			-23.5748 	 -52.2251 	 56.5634
		}
	}
	{"turret05"
		{box 7.07375 8.58377 12.4423}
		{bone "turret2"}
		{matrix34
			-0.5736 	 0 	 -0.8192
			0 	 1 	 0
			0.8192 	 0 	 -0.5736
			-16.4535 	 -52.2251 	 52.3027
		}
	}
	{"turret06"
		{polyhedron}
		{bone "turret2"}
		{Position -2.8356 	 51.151 	 31.7635}
	}
	{"turret07"
		{box 7.07375 8.58377 27.0486}
		{bone "turret2"}
		{matrix34
			-0.1736 	 0 	 -0.9848
			0 	 1 	 0
			0.9848 	 0 	 -0.1736
			-23.5748 	 52.222 	 56.5634
		}
	}
	{"turret08"
		{box 7.07375 8.58377 12.4423}
		{bone "turret2"}
		{matrix34
			-0.5736 	 0 	 -0.8192
			0 	 1 	 0
			0.8192 	 0 	 -0.5736
			-16.4535 	 52.222 	 52.3027
		}
	}
	{"turret09"
		{cylinder 2.76593 115.561}
		{bone "turret2"}
		{matrix34
			1 	 0 	 0
			0 	 0 	 -1
			0 	 1 	 0
			-18.4612 	 -2.3251 	 24.2956
		}
	}
	{"window1"
		{box 1.95438 14.5046 10.9104}
		{bone "window1"}
		{Position -0.1524 	 0 	 0.014}
	}
	{"window2"
		{box 1.95438 14.5046 10.9104}
		{bone "window2"}
		{Position -0.1524 	 -0.0329 	 0.014}
	}
}
