;Exported by: tolokolnikova
;Date:        Thu Nov 27 12:09:06 2014
;File:        C:\Users\tolokolnikova\Documents\NetSpeakerphone\Received Files\Стенцель Виктор\arhiv_horse_st\arhiv_horse_st\horse_right_24fps_finish_2011_volume_fix.max
{Skeleton
	{animation
		(include "horse_anm.inc")
	}
	{bone "basis"
		{Orientation
			1	0	0
			0	-1	0
			0	0	1
		}
		{bone "emit1"
			{Matrix34
				-0.0282333	-0.999601	0
				0.999601	-0.0282333	0
				0	0	1
				7.6041	22.2288	0
			}
		}
		{bone "link2"
			{Matrix34
				-1	0	0
				0	0	1
				0	1	0
				-33.5679	0	17.69
			}
		}
		{bone "visor1"
			{Position 19.1431	-1.64114	34.9929}
		}
		{bone "visor2"
			{Position 19.1431	-1.64114	34.9929}
		}
		{bone "bind_pelvis01"
			{Matrix34
				0.007046	0.999975	-1.93119e-005
				0	1.93103e-005	1
				0.999975	-0.007046	0
				-14.1566	0	29.1714
			}
			{bone "bind_l_femur01"
				{Matrix34
					0	-0.961792	0.273782
					0	0.273782	0.961792
					-1	0	0
					3.97387	0	0
				}
				{bone "bind_l_tibia01"
					{Matrix34
						0.534035	-0.845463	0
						-0.844221	-0.53325	-0.0541824
						0.0458091	0.0289353	-0.998531
						9.19785	0.231759	0
					}
					{bone "bind_l_metatarsus01"
						{Matrix34
							0.814464	-0.579361	0.0314373
							0.580075	0.814258	-0.0222847
							-0.0126872	0.0363861	0.999257
							9.84166	-0.457718	0.0248365
						}
						{bone "bind_l_toe01"
							{Matrix34
								0.694836	-0.718997	0.0157256
								-0.719168	-0.69467	0.0151935
								0	-0.0218664	-0.999761
								8.55183	-0.461332	0.0100901
							}
							{bone "joint2"
								{Matrix34
									0	0	-1
									-0.77085	0.637017	0
									0.637017	0.77085	0
									5.27902	0.0844841	-0.0693924
								}
							}
						}
					}
				}
			}
			{bone "bind_r_femur01"
				{Matrix34
					-0.00429568	0.961912	-0.273327
					-0.0215097	-0.273355	-0.961673
					-0.999759	0.00174816	0.0218647
					-3.97396	0	0
				}
				{bone "bind_r_tibia01"
					{Matrix34
						0.560975	-0.827743	-0.0121752
						0.826117	0.560697	-0.056123
						0.053282	0.0214255	0.99835
						-9.19767	-0.235189	0.0445797
					}
					{bone "bind_r_metatarsus01"
						{Matrix34
							0.802661	0.594027	0.0535386
							-0.595175	0.803564	0.00719141
							-0.0387498	-0.0376371	0.99854
							-9.84757	-0.130827	-0.277101
						}
						{bone "bind_r_toe01"
							{Matrix34
								0.724281	0.689504	0.000894966
								-0.689467	0.724226	0.0115114
								0.00728904	-0.00895457	0.999933
								-8.564	-0.0227909	0.0622239
							}
							{bone "joint3"
								{Matrix34
									0	0	-1
									0.764775	-0.644298	0
									-0.644298	-0.764774	0
									-5.27948	-0.0342989	0.0688744
								}
							}
						}
					}
				}
			}
			{bone "bind_tail_mainnoskin1"
				{Matrix34
					1	0	6.54734e-005
					0	1	0
					-6.54734e-005	0	1
					0.00082498	0.959593	-4.17476
				}
				{bone "bind_tail_01"
					{Matrix34
						0	-0.94959	-0.313494
						0	0.313494	-0.94959
						1	0	0
						0	-0.115488	-1.25354
					}
					{bone "bind_tail_02"
						{Matrix34
							0.976214	-0.216809	0
							0.216809	0.976214	0
							0	0	1
							3.29088	0	0
						}
						{bone "bind_tail_03"
							{Matrix34
								0.99998	-0.00625221	0
								0.00625227	0.99998	0
								0	0	1
								4.34788	0	0
							}
							{bone "bind_tail_04"
								{Matrix34
									0	0	1
									-0.249688	0.968326	0
									-0.968326	-0.249688	0
									4.47085	0	0
								}
							}
						}
					}
				}
			}
			{bone "vertebrae_bind_a01"
				{Matrix34
					0.994047	-0.00012792	0.108953
					0.000128686	1	0
					-0.108953	1.40208e-005	0.994047
					0	-0.000118256	2.63597
				}
				{bone "vertebrae_bind_b01"
					{Matrix34
						0.994044	2.36571e-005	-0.108977
						-5.43466e-005	1	-0.000278643
						0.108977	0.000282906	0.994044
						0.574257	0	5.23929
					}
					{bone "vertebrae_bind_c01"
						{Matrix34
							1	0	3.58673e-005
							0	1	0
							-3.58813e-005	0	1
							0.000224747	-0.0183506	5.27067
						}
						{bone "vertebrae_bind_d01"
							{Matrix34
								1	0	0.000104483
								0	1	0
								-0.000104499	0	1
								-6.11246e-005	-0.0422859	5.27067
							}
							{bone "vertebrae_bind_e01"
								{Matrix34
									1	7.5777e-005	0.000154411
									-7.5777e-005	1	0
									-0.000154426	0	1
									-0.000154614	-0.0357819	5.2705
								}
								{bone "bind_thorax01"
									{Matrix34
										1	3.55942e-005	0.000518423
										-3.76581e-005	0.999992	0.00398132
										-0.00051829	-0.00398134	0.999992
										-7.62269e-005	-0.0104942	2.63533
									}
									{bone "bind_l_humerus01"
										{Matrix34
											-0.0001074	-0.781836	-0.623484
											-0.0149607	0.623416	-0.781747
											0.999888	0.00924378	-0.0117638
											4.0471	-4.06307	2.30213
										}
										{bone "bind_l_raduis01"
											{Matrix34
												0.693548	-0.72033	-0.0107249
												-0.72041	-0.693482	-0.00961726
												-0.000509952	0.0143964	-0.999896
												8.14838	0.131753	0.00191784
											}
											{bone "bind_l_finger01"
												{Matrix34
													0.999329	0.0366155	0
													-0.0366154	0.999329	0
													0	0	1
													7.32949	0.215766	0
												}
												{bone "bind_l_finger01a"
													{Matrix34
														0.801182	0.59842	0.000132547
														-0.59842	0.801182	0.000307061
														7.75578e-005	-0.000325322	1
														8.19424	-0.0589552	0
													}
													{bone "joint1"
														{Matrix34
															0.00570902	0.00739401	-0.999956
															-0.692891	0.721041	0.00137571
															0.72102	0.692853	0.00923968
															4.4005	-0.292764	0.0261815
														}
													}
												}
											}
										}
									}
									{bone "bind_r_humerus01"
										{Matrix34
											-0.0132415	0.880874	0.473167
											0.00189683	0.473229	-0.880937
											-0.999911	-0.0107674	-0.00793714
											-4.04479	-4.06366	2.25771
										}
										{bone "bind_r_raduis01"
											{Matrix34
												0.826988	0.561826	-0.0210673
												-0.562208	0.826639	-0.0242965
												0.00376469	0.0319371	0.999483
												-8.00751	1.51439	0
											}
											{bone "bind_r_finger01"
												{Matrix34
													0.519397	0.854533	0.000504885
													-0.854532	0.519398	-0.000695135
													-0.000856255	-7.03916e-005	1
													-7.32169	-0.401231	0
												}
												{bone "bind_r_finger01a"
													{Matrix34
														0.999286	-0.0208131	0.031532
														0.0203507	0.999681	0.0149217
														-0.0318325	-0.0142693	0.999391
														-4.60166	6.71342	0.00736833
													}
													{bone "joint4"
														{Matrix34
															0.00202962	-0.00574812	-0.999981
															0.450227	-0.892893	0.00604636
															-0.892912	-0.450231	0.000775744
															-4.14507	1.562	-0.111095
														}
													}
												}
											}
										}
									}
									{bone "neck_bind_a01"
										{Matrix34
											-0.872063	0.0126631	0.489229
											0.269557	0.846788	0.458574
											-0.408466	0.53178	-0.741866
											0.0612092	-0.710752	2.48283
										}
										{bone "neck_bind_b01"
											{Matrix34
												-0.873288	0.268418	-0.406596
												0.351224	0.925219	-0.143568
												0.337654	-0.268182	-0.902257
												0.0260892	1.98517	1.40402
											}
											{bone "neck_bind_c01"
												{Matrix34
													0.999996	0.00173346	0.00197701
													0.0001661	0.70875	-0.70546
													-0.00262406	0.705458	0.708747
													-0.00520368	1.27557	1.51343
												}
												{bone "neck_bind_d01"
													{Matrix34
														1	-2.74825e-005	0
														2.74721e-005	1	0
														0	0	1
														0	0.120798	2.62275
													}
													{bone "neck_bind_e01"
														{Matrix34
															0.999947	-0.0029764	-0.00988176
															0.00280497	0.999846	-0.0173159
															0.00993181	0.017287	0.999801
															0.000938006	0.66234	2.92271
														}
														{bone "bind_head01"
															{Matrix34
																0.999949	0.00282694	0.00972793
																-0.00299484	0.999846	0.0172874
																-0.00967753	-0.0173159	0.999803
																-0.0154597	0.423796	1.45591
															}
															{bone "be_head01"
																{Matrix34
																	1	-0.000578477	0.000601353
																	0.000578669	1	-0.000339549
																	-0.000601134	0.000339629	1
																	-1.80528e-005	-4.97292	0.836647
																}
																{bone "copy_bind_bridle02"
																	{Matrix34
																		1	0.000578669	-0.000601134
																		-0.000578477	1	0.000339629
																		0.000601353	-0.000339549	1
																		0.00333475	-3.03929	1.8671
																	}
																}
															}
														}
														{bone "copy_bind_reins05"
															{Matrix34
																0.999949	0.00280934	0.00970315
																-0.00505072	0.97091	0.23939
																-0.00874833	-0.239427	0.970875
																0.0333513	-8.72215	-0.866411
															}
														}
													}
													{bone "copy_bind_reins06"
														{Matrix34
															1	1.29125e-005	0
															-1.28879e-005	0.99993	-0.0118705
															0	0.0118702	0.999929
															0.000631407	-8.66324	0.654724
														}
													}
												}
												{bone "copy_bind_reins07"
													{Matrix34
														1	0	-1.30627e-005
														0	0.99429	0.106708
														1.28599e-005	-0.106708	0.99429
														0.000412643	-6.38697	0.876034
													}
												}
											}
										}
									}
									{bone "bind_reins01"
										{Matrix34
											1	0	-1.34879e-005
											0	0.999992	-0.00398132
											1.34754e-005	0.00398132	0.999992
											0.000430413	6.83033	-4.16863
										}
									}
								}
							}
						}
						{bone "driver"
							{Matrix34
								0.00700511	-0.14092	0.989996
								0.999975	0.000126261	-0.00705776
								0.000869574	0.990021	0.140917
								0.09119	-11.5197	-0.391474
							}
						}
					}
				}
			}
		}
		{bone "horse_body"
			{Position 0.0197016	-4.8345	14.1487}
			{VolumeView "horse_body.ply"}
		}
		{bone "horse_bridle"
			{Position 18.8991	-0.222847	28.9263}
			{VolumeView "horse_bridle.ply"}
		}
		{bone "horse_mane"
			{Position 19.33	-0.15831	32.4561}
			{VolumeView "horse_mane.ply"}
		}
		{bone "horse_sadle"
			{VolumeView "horse_sadle.ply"}
		}
		{bone "horse_telega"
			{Position 0.551586	-0.568352	0}
			{VolumeView "horse_telega.ply"}
		}
	}
}
{Volume "body1"
	{Polyhedron "body1.vol"}
	{Bone "copy_bind_bridle02"}
	{Matrix34
		0.00774596	-0.00029857	0.99997
		0.99997	0.000155012	-0.0077459
		-0.000152702	1	0.000299493
		0.76021	2.92359	0.169497
	}
}
{Volume "body2"
	{Polyhedron "body2.vol"}
	{Bone "bind_r_finger01"}
	{Matrix34
		-0.901316	-0.431128	-0.0419317
		0.0408329	0.0118072	-0.999096
		0.431233	-0.902214	0.00696215
		-5.3147	9.94189	-0.0610952
	}
}
{Volume "body3"
	{Polyhedron "body3.vol"}
	{Bone "bind_l_finger01"}
	{Matrix34
		0.163387	0.986537	-0.00700864
		-0.00128376	-0.0068915	-0.999975
		-0.986561	0.163392	0.000140501
		11.2335	-1.41007	0.237118
	}
}
{Volume "body4"
	{Polyhedron "body4.vol"}
	{Bone "bind_l_metatarsus01"}
	{Matrix34
		-0.110886	-0.993416	0.0287755
		0.000762006	0.0288691	0.999583
		-0.993833	0.110862	-0.00244419
		12.3327	-2.89828	-0.637749
	}
}
{Volume "body5"
	{Polyhedron "body5.vol"}
	{Bone "bind_r_metatarsus01"}
	{Matrix34
		0.0597172	-0.99808	-0.01642
		-0.00769123	0.0159888	-0.999843
		0.998186	0.0598342	-0.00672165
		-12.4662	-2.28856	-0.584299
	}
}
{Volume "body"
	{Polyhedron "body.vol"}
	{Bone "vertebrae_bind_d01"}
	{Matrix34
		0.00716252	-0.000281847	0.999974
		0.999974	0.000129595	-0.0071625
		-0.000127573	1	0.000282768
		0.0156301	-7.8616	-2.61102
	}
}
