;Exported by	: KobaA
;Date			: 15.01.2024 15:26:36
;File			: d:\git\gem2-mdl-soldiers\models\building\house_60\house_60_fort_x.max
{skeleton
	{bone "house_60_piece_002_point"
		{orientation
			1 	 0 	 0
			0 	 -1 	 0
			0 	 0 	 1
		}
		{bone "piece04"
			{Position 11.7153 	 -8.483 	 27.33}
			{poly "piece04"}
		}
		{bone "piece06"
			{matrix34
				0 	 -0.1737 	 0.9848
				-1 	 0 	 0
				0 	 -0.9848 	 -0.1737
				21.7506 	 -8.1311 	 -2.0138
			}
			{poly "piece06"}
		}
		{bone "piece02"
			{matrix34
				0 	 0.698 	 -0.7161
				-1 	 0 	 0
				0 	 0.7161 	 0.698
				21.5388 	 15.7005 	 -9.5963
			}
			{poly "piece02"}
		}
		{bone "piece03"
			{matrix34
				0 	 1 	 0
				-1 	 0 	 0
				0 	 0 	 1
				21.5355 	 2.6283 	 23.3916
			}
			{poly "piece03"}
		}
		{bone "piece07"
			{Position 8.489 	 -17.1248 	 6.6568}
			{poly "piece07"}
		}
		{bone "piece01"
			{Position -11.1294 	 -17.1622 	 -12.1383}
			{poly "piece01"}
		}
		{bone "piece08"
			{matrix34
				-0.6428 	 0 	 -0.766
				0 	 1 	 0
				0.766 	 0 	 -0.6428
				6.2028 	 -17.1065 	 -10.0558
			}
			{poly "piece08"}
		}
		{bone "sub_piece01"
			{matrix34
				0 	 1 	 0
				-1 	 0 	 0
				0 	 0 	 1
				21.5417 	 3.8042 	 -17.1504
			}
			{poly "sub_piece01"}
		}
		{bone "sub_piece02"
			{matrix34
				0 	 1 	 0
				-1 	 0 	 0
				0 	 0 	 1
				21.5599 	 -13.7612 	 11.238
			}
			{poly "sub_piece02"}
		}
		{bone "sub_piece04"
			{matrix34
				0 	 1 	 0
				-1 	 0 	 0
				0 	 0 	 1
				21.5417 	 2.2291 	 8.887
			}
			{poly "sub_piece04"}
		}
		{bone "sub_piece03"
			{matrix34
				0 	 1 	 0
				-1 	 0 	 0
				0 	 0 	 1
				21.5417 	 17.6729 	 7.8176
			}
			{poly "sub_piece03"}
		}
		{bone revolute "attach1"
			{Position 7.5295 	 11.6616 	 -42.295}
		}
		{bone "debris_land_001"
			{parameters "land;ground;"}
			{matrix34
				-1 	 0 	 0
				0 	 -1 	 0
				0 	 0 	 1
				33.7378 	 12.3034 	 -38.358
			}
			{poly "debris_land_001" {ground}}
		}
		{bone "fort_wall"
			{matrix34
				0 	 -1 	 0
				1 	 0 	 0
				0 	 0 	 1
				29.7874 	 3.7935 	 -34.421
			}
		}
		{bone "stones_001"
			{parameters "land;ground;"}
			{matrix34
				-1 	 0 	 0
				0 	 -1 	 0
				0 	 0 	 1
				33.7245 	 12.3034 	 -38.358
			}
			{poly "stones_001" {ground}}
		}
		{bone "debris_land_002"
			{parameters "land;ground;"}
			{matrix34
				0 	 1 	 0
				-1 	 0 	 0
				0 	 0 	 1
				6.5887 	 -24.6878 	 -38.358
			}
			{poly "debris_land_002" {ground}}
		}
		{bone revolute "attach2"
			{matrix34
				0 	 -1 	 0
				1 	 0 	 0
				0 	 0 	 1
				-0.8522 	 -3.0539 	 -42.295
			}
		}
		{bone "house_60_piece_002"
			{Position 0 	 0 	 0}
			{poly "house_60_piece_002"}
		}
	}
}
{"volumes"
	{"piece01"
		{box 12.525 5.90551 16.097}
		{bone "piece01"}
		{Position -0.3775 	 0 	 -0.3802}
	}
	{"piece02"
		{box 23.163 5.90551 13.5798}
		{bone "piece02"}
		{Position 0.4671 	 0 	 -0.3868}
	}
	{"piece03"
		{box 18.0933 5.90551 11.0747}
		{bone "piece03"}
		{matrix34
			0.6428 	 0 	 0.766
			0 	 1 	 0
			-0.766 	 0 	 0.6428
			0.6788 	 0 	 -0.0463
		}
	}
	{"piece04"
		{box 26.0905 33.7233 2.9164}
		{bone "piece04"}
		{matrix34
			1 	 0 	 0
			0 	 0.766 	 0.6428
			0 	 -0.6428 	 0.766
			1.876 	 0.094 	 0.0122
		}
	}
	{"piece06"
		{box 12.525 5.90551 16.097}
		{bone "piece06"}
		{Position -0.0148 	 0 	 -0.6314}
	}
	{"piece07"
		{box 14.028 5.90551 7.55272}
		{bone "piece07"}
		{matrix34
			0.9397 	 0 	 0.342
			0 	 1 	 0
			-0.342 	 0 	 0.9397
			-0.3941 	 0 	 -0.483
		}
	}
	{"piece08"
		{box 12.6038 5.90551 13.1789}
		{bone "piece08"}
		{matrix34
			0.5117 	 0 	 0.8592
			0 	 1 	 0
			-0.8592 	 0 	 0.5117
			-0.6266 	 0 	 0.6959
		}
	}
	{"sub_piece01"
		{box 9.8177 5.90551 7.80359}
		{bone "sub_piece01"}
		{matrix34
			0.8192 	 0 	 0.5736
			0 	 1 	 0
			-0.5736 	 0 	 0.8192
			-0.1473 	 0 	 0.1034
		}
	}
	{"sub_piece02"
		{box 7.42551 5.90551 6.41132}
		{bone "sub_piece02"}
		{Position 0.4613 	 -0.0149 	 -0.3968}
	}
	{"sub_piece03"
		{box 7.87977 5.90551 5.83341}
		{bone "sub_piece03"}
		{matrix34
			0.8192 	 0 	 0.5736
			0 	 1 	 0
			-0.5736 	 0 	 0.8192
			-0.5805 	 0 	 0.3141
		}
	}
	{"sub_piece04"
		{box 7.87977 5.90551 4.35329}
		{bone "sub_piece04"}
		{matrix34
			0.8192 	 0 	 0.5736
			0 	 1 	 0
			-0.5736 	 0 	 0.8192
			-0.1561 	 0 	 0.2776
		}
	}
	{"target_vol_1"
		{box 9.84252 11.811 15.6501}
		{bone "house_60_piece_002_point"}
		{matrix34
			1 	 0 	 0
			0 	 1 	 0
			0 	 0 	 1
			21.8726 	 11.6616 	 -18.5048
		}
	}
	{"target_vol_2"
		{box 9.84252 11.811 15.6501}
		{bone "house_60_piece_002_point"}
		{matrix34
			0 	 -1 	 0
			1 	 0 	 0
			0 	 0 	 1
			-0.8303 	 -17.6457 	 -18.5048
		}
	}
	{"vol_01"
		{box 27.6696 5.86712 17.0562}
		{bone "house_60_piece_002"}
		{Position -1.553 	 -17.4815 	 -33.7669}
	}
	{"vol_02"
		{box 9.40767 5.86712 23.471}
		{bone "house_60_piece_002"}
		{Position -20.1569 	 -17.4815 	 -30.5595}
	}
	{"vol_03"
		{box 12.324 6.21915 32.6365}
		{bone "house_60_piece_002"}
		{Position 18.3714 	 -17.4815 	 -25.9768}
	}
	{"vol_04"
		{box 38.6913 6.28134 16.971}
		{bone "house_60_piece_002"}
		{matrix34
			0 	 1 	 0
			-1 	 0 	 0
			0 	 0 	 1
			21.361 	 5.2683 	 -33.8096
		}
	}
	{"vol_05"
		{box 10.4467 6.28134 14.4253}
		{bone "house_60_piece_002"}
		{matrix34
			0 	 1 	 0
			-1 	 0 	 0
			0 	 0 	 1
			21.361 	 -11.4738 	 -18.01
		}
	}
}
