;Exported by:	 KobaA
;Date:			 09.10.2020 16:45:30
;File:			 G:\_GIT_\gem2\gem2-mdl-soldiers\models\entourage\awning_wood\awning_new.max
{skeleton
	{bone "awning_wood_02"
		{orientation
			1 	 0 	 0
			0 	 -1 	 0
			0 	 0 	 1
		}
		{bone "wood"
			{matrix34
				-1 	 0 	 0
				0 	 -1 	 0
				0 	 0 	 1
				0 	 0 	 -5.6624
			}
			{poly "wood"}
		}
		{bone "board"
			{matrix34
				-1 	 0 	 0
				0 	 -1 	 0
				0 	 0 	 1
				0 	 0 	 -5.6624
			}
			{poly "board"}
		}
	}
}
{area "body02"
	{obb2
		{center -20.6868 -41.2012}
		{extent 2.41238 2.67744}
		{axis 0.375164 0.926958}
	}
	{rotate}
}
{area "body03"
	{obb2
		{center -21.8014 39.8977}
		{extent 2.41238 2.67744}
		{axis 0.375164 0.926958}
	}
	{rotate}
}
{area "body04"
	{obb2
		{center 21.6667 -41.2012}
		{extent 2.40594 2.66151}
		{axis 0.375164 0.926958}
	}
	{rotate}
}
{area "body05"
	{obb2
		{center 21.4961 39.6538}
		{extent 2.4057 2.66115}
		{axis 0.375164 0.926958}
	}
	{rotate}
}
{area "body06"
	{obb2
		{center -0.253366 -43.9468}
		{extent 23.6927 0.492126}
		{axis 1 0}
	}
	{rotate}
}
{area "body07"
	{obb2
		{center 24.6423 -27.4943}
		{extent 1.0191 19.2855}
		{axis 1 0}
	}
	{rotate}
}
{area "body09"
	{obb2
		{center 0.422775 43.1822}
		{extent 1.5965 27.5603}
		{axis 0.0182398 0.999834}
	}
	{rotate}
}
{obstacle "obstacle01"
	{obb2
		{center 0.594227 -42.0349}
		{extent 26.6509 1.91832}
		{axis -1 0}
	}
	{rotate}
}
{obstacle "obstacle02"
	{obb2
		{center -0.364937 42.4346}
		{extent 27.6101 2.05534}
		{axis -1 0}
	}
	{rotate}
}
{obstacle "obstacle03"
	{obb2
		{center 26.798 27.229}
		{extent 1.07282 14.6523}
		{axis -0.992546 -0.12187}
	}
	{rotate}
}
{obstacle "obstacle04"
	{obb2
		{center 24.7216 -25.8114}
		{extent 1.02991 16.7482}
		{axis -1 0}
	}
	{rotate}
}
{volume "body01"
	{box 57.8532 90.7473 1.9685}
	{bone "board"}
	{matrix34
		-0.9962 	 0 	 -0.0872
		0 	 -1 	 0
		-0.0872 	 0 	 0.9962
		1.178 	 -0.7081 	 52.0532
	}
}
{volume "body02"
	{cylinder 2.40781 55.1181}
	{bone "wood"}
	{matrix34
		-0.9998 	 0 	 -0.0175
		0 	 -1 	 0
		-0.0175 	 0 	 0.9998
		20.6868 	 -41.2012 	 20.8777
	}
}
{volume "body03"
	{cylinder 2.40781 55.1181}
	{bone "wood"}
	{matrix34
		-0.9998 	 0 	 -0.0175
		0 	 -1 	 0
		-0.0175 	 0 	 0.9998
		21.8014 	 39.8977 	 21.1415
	}
}
{volume "body04"
	{cylinder 2.40781 53.1496}
	{bone "wood"}
	{matrix34
		-0.9998 	 0 	 0.0175
		0 	 -1 	 0
		0.0175 	 0 	 0.9998
		-21.6667 	 -41.2012 	 19.8517
	}
}
{volume "body05"
	{cylinder 2.40781 53.1496}
	{bone "wood"}
	{matrix34
		-0.9998 	 0.0003 	 0.0174
		-0.0003 	 -1 	 0
		0.0174 	 0 	 0.9998
		-21.4961 	 39.6538 	 20.1753
	}
}
{volume "body06"
	{box 47.2441 0.984252 3.93701}
	{bone "board"}
	{matrix34
		-0.9986 	 0 	 0.0523
		0 	 -1 	 0
		0.0523 	 0 	 0.9986
		0.2534 	 -43.9468 	 17.7375
	}
}
{volume "body07"
	{cylinder 0.984252 39.5618}
	{bone "wood"}
	{matrix34
		0.0005 	 0.2757 	 0.9612
		1 	 -0.0018 	 0
		0.0018 	 0.9612 	 -0.2757
		-24.6423 	 -27.4943 	 11.2926
	}
}
{volume "body08"
	{cylinder 1.1811 39.3701}
	{bone "wood"}
	{matrix34
		0.0076 	 0.3422 	 -0.9396
		0.9929 	 -0.1143 	 -0.0336
		-0.1189 	 -0.9326 	 -0.3406
		-25.8772 	 26.9316 	 12.7387
	}
}
{volume "body09"
	{cylinder 1.5748 55.1181}
	{bone "wood"}
	{matrix34
		0 	 0 	 -1
		0.0175 	 -0.9998 	 0
		-0.9998 	 -0.0175 	 0
		-0.4228 	 43.1822 	 20.9265
	}
}
{volume "body10"
	{box 8.78226 88.1612 0.984252}
	{bone "board"}
	{matrix34
		-0.766 	 0 	 -0.6428
		0 	 -1 	 0
		-0.6428 	 0 	 0.766
		-27.6826 	 -0.7425 	 45.4244
	}
}
