;Exported by	: KobaA
;Date			: 12.03.2024 10:57:55
;File			: d:\git\gem2-mdl-soldiers\models\entourage\railway\trainstation\station002.max
{skeleton
	{bone "station002_piece_031"
		{orientation
			1 	 0 	 0
			0 	 -1 	 0
			0 	 0 	 1
		}
		{poly "station002_piece_031"}
		{bone "fix51"
			{Position -54.0454 	 -63.48 	 -16.4181}
		}
		{bone "fix45"
			{Position 101.279 	 57.1719 	 -16.4181}
		}
		{bone "fix46"
			{Position -4.2502 	 57.1719 	 -16.4181}
		}
		{bone "fix47"
			{Position -110.044 	 57.1142 	 -16.5182}
		}
		{bone "fix48"
			{Position -104.834 	 -63.4801 	 -16.4181}
		}
		{bone "fix49"
			{Position 55.6415 	 -63.48 	 -16.4181}
		}
		{bone "fix50"
			{Position 106.668 	 -63.4223 	 -16.5182}
		}
	}
}
{"volumes"
	{"roof01"
		{polyhedron}
		{bone "station002_piece_031"}
		{matrix34
			1 	 0 	 0
			0 	 0.866 	 0.5
			0 	 -0.5 	 0.866
			-0.2156 	 -24.2835 	 6.184
		}
	}
	{"roof02"
		{polyhedron}
		{bone "station002_piece_031"}
		{matrix34
			-1 	 0 	 0
			0 	 -0.866 	 0.5
			0 	 0.5 	 0.866
			1.4333 	 18.024 	 6.184
		}
	}
	{"roof03"
		{polyhedron}
		{bone "station002_piece_031"}
		{matrix34
			0 	 1 	 0
			-0.848 	 0 	 0.5299
			0.5299 	 0 	 0.848
			79.2671 	 -3.1507 	 6.5766
		}
	}
	{"roof04"
		{polyhedron}
		{bone "station002_piece_031"}
		{matrix34
			-0.0175 	 -0.9998 	 0
			0.8479 	 -0.0148 	 0.5299
			-0.5298 	 0.0092 	 0.848
			-78.925 	 -3.3665 	 6.3699
		}
	}
}
