;Exported by:	 Oleksandr Tsaprylov
;Date:			 09.06.2022 11:03:13
;File:			 E:\projects\gem2-mdl-soldiers\models\entourage\hive\hive.max
{skeleton
	{bone "hive_x"
		{orientation
			1 	 0 	 0
			0 	 -1 	 0
			0 	 0 	 1
		}
		{poly "hive_x"}
		{bone "piece01"
			{matrix34
				0.8835 	 -0.2624 	 -0.3882
				0.284 	 0.9588 	 -0.0018
				0.3727 	 -0.1087 	 0.9216
				-0.2484 	 5.6062 	 14.0711
			}
			{poly "piece01"}
		}
		{bone "piece03"
			{matrix34
				0.9584 	 0.2347 	 -0.1621
				-0.15 	 0.898 	 0.4136
				0.2427 	 -0.3721 	 0.8959
				3.212 	 -0.0895 	 30.7617
			}
			{poly "piece03"}
		}
		{bone "piece02"
			{matrix34
				0.9021 	 -0.0458 	 -0.429
				0.1651 	 0.9553 	 0.2451
				0.3986 	 -0.2919 	 0.8694
				1.6979 	 -4.8592 	 14.0526
			}
			{poly "piece02"}
		}
		{bone "fx_wood1"
			{Position 0 	 0 	 1.7923}
		}
		{bone "fx_wood2"
			{Position 0 	 0 	 1.7923}
		}
	}
}
{volume "piece01"
	{box 8.23535 2.23619 24.0829}
	{bone "piece01"}
	{matrix34
		0.8835 	 0.284 	 0.3727
		-0.2624 	 0.9588 	 -0.1087
		-0.3882 	 -0.0018 	 0.9216
		0.1793 	 0.4894 	 -0.1314
	}
}
{volume "piece02"
	{box 9.55301 2.90704 24.0829}
	{bone "piece02"}
	{matrix34
		0.8731 	 0.3592 	 0.3296
		-0.2315 	 0.9005 	 -0.3681
		-0.429 	 0.2451 	 0.8694
		-0.3288 	 -1.2985 	 0.0047
	}
}
{volume "piece03"
	{box 8.23535 1.42248 6.20376}
	{bone "piece03"}
	{matrix34
		0.0594 	 0.9031 	 -0.4253
		-0.6702 	 -0.2797 	 -0.6875
		-0.7398 	 0.3258 	 0.5886
		0.4927 	 0.3135 	 -0.3809
	}
}
