;Exported by	: KobaA
;Date			: 14.09.2023 14:39:45
;File			: D:\git\gem2-mdl-soldiers\models\flora\tree10\bushes_10a-10c.max
{skeleton
	{animation
		{sequence "stir" {speed 0.7}}
	}
	{bone "bush10b_g2_piece03"
		{orientation
			1 	 0 	 0
			0 	 -1 	 0
			0 	 0 	 1
		}
		{poly "bush10b_g2_piece03"}
		{bone "rootx"
			{matrix34
				-0.4861 	 0.6912 	 -0.5347
				-0.1268 	 -0.6612 	 -0.7394
				-0.8646 	 -0.2916 	 0.4091
				0.5603 	 0.2471 	 -7.25
			}
			{poly "rootx"}
		}
		{bone "stir1"
			{Position -1.2838 	 12.0483 	 16.1178}
		}
		{bone "stir2"
			{Position -6.8035 	 32.7473 	 46.9056}
		}
		{bone "crown"
			{poly "crown"}
		}
	}
}
{"volumes"
	{"bole"
		{cylinder 1.51234 47.0429}
		{bone "bush10b_g2_piece03"}
		{matrix34
			0.9945 	 0.0538 	 0.0896
			0 	 0.8572 	 -0.515
			-0.1045 	 0.5122 	 0.8525
			-2.5904 	 12.4958 	 16.2457
		}
	}
	{"crown"
		{sphere 25.4201}
		{bone "bush10b_g2_piece03"}
		{matrix34
			1 	 0 	 0
			0 	 0.848 	 -0.5299
			0 	 0.5299 	 0.848
			-10.0836 	 31.196 	 40.8689
		}
	}
}
