;Exported by	: KobaA
;Date			: 15.01.2024 11:55:18
;File			: d:\git\gem2-mdl-soldiers\models\building\house_50\house_50_g2_fort.max
{skeleton
	{bone "50_g2_piece_001"
		{orientation
			1 	 0 	 0
			0 	 -1 	 0
			0 	 0 	 1
		}
		{poly "50_g2_piece_001"}
		{bone "exterior"
			{Position -1.3802 	 -2.0531 	 -4.6991}
			{poly "exterior"}
			{bone "window1_x"
				{matrix34
					0 	 -1 	 0
					0 	 0 	 1
					-1 	 0 	 0
					2.5536 	 -31.6435 	 2.2771
				}
				{poly "window1_x"}
			}
			{bone "window1"
				{matrix34
					0 	 -1 	 0
					0 	 0 	 1
					-1 	 0 	 0
					2.5536 	 -31.7668 	 2.2771
				}
				{poly "window1"}
			}
		}
		{bone "fix24"
			{Position 79.8249 	 -33.7983 	 -18.8914}
		}
		{bone "fix23"
			{Position -22.49 	 -51.7275 	 -39.5169}
		}
		{bone "fix22"
			{Position -80.7092 	 -35.4499 	 -25.1836}
		}
		{bone "fix21"
			{Position -74.9837 	 37.2796 	 -17.2439}
		}
		{bone "fix20"
			{Position 13.1955 	 40.1752 	 -21.4985}
		}
		{bone "fix19"
			{Position 81.4396 	 37.1492 	 -18.0103}
		}
		{bone "fort_window"
			{matrix34
				0 	 1 	 0
				-1 	 0 	 0
				0 	 0 	 1
				1.3041 	 -38.8692 	 -5.4987
			}
		}
	}
}
{area "interior"
	{obb2
		{center -2.73515 2.03328}
		{extent 83.5165 52.381}
		{axis -1 0}
	}
	{rotate}
}
{"volumes"
	{"hole"
		{box 13.7795 39.1732 17.7165}
		{bone "50_g2_piece_001"}
		{Position 1.2784 	 -20.8416 	 -2.3202}
	}
	{"roof1"
		{box 30.0357 32.2009 37.1229}
		{bone "exterior"}
		{Position 2.5507 	 -18.3754 	 4.0018}
	}
	{"roof10"
		{polyhedron}
		{bone "exterior"}
		{matrix34
			1 	 0 	 0
			0 	 0.7702 	 -0.6378
			0 	 0.6378 	 0.7702
			-67.9429 	 -28.2518 	 -10.0514
		}
	}
	{"roof11"
		{box 20.7078 1.9685 27.7755}
		{bone "exterior"}
		{matrix34
			1 	 0 	 0
			0 	 0.7595 	 0.6505
			0 	 -0.6505 	 0.7595
			-42.9528 	 36.058 	 -9.3135
		}
	}
	{"roof12"
		{polyhedron}
		{bone "exterior"}
		{matrix34
			1 	 0 	 0
			0 	 0.7595 	 0.6505
			0 	 -0.6505 	 0.7595
			-63.5561 	 33.4995 	 -5.7875
		}
	}
	{"roof13"
		{polyhedron}
		{bone "exterior"}
		{matrix34
			1 	 0 	 0
			0 	 0.7822 	 0.623
			0 	 -0.623 	 0.7822
			63.2645 	 22.3727 	 7.1949
		}
	}
	{"roof14"
		{box 11.1822 1.9685 7.9327}
		{bone "exterior"}
		{matrix34
			1 	 0 	 0
			0 	 0.7595 	 0.6505
			0 	 -0.6505 	 0.7595
			-57.2733 	 36.024 	 -8.735
		}
	}
	{"roof15"
		{polyhedron}
		{bone "exterior"}
		{matrix34
			1 	 0 	 0
			0 	 0.7702 	 -0.6378
			0 	 0.6378 	 0.7702
			45.8334 	 -10.3556 	 11.5575
		}
	}
	{"roof2"
		{polyhedron}
		{bone "exterior"}
		{matrix34
			0 	 1 	 0
			-0.9397 	 0 	 0.342
			0.342 	 0 	 0.9397
			-78.4979 	 6.3597 	 -15.1633
		}
	}
	{"roof3"
		{box 68.8521 1.9685 23.5669}
		{bone "exterior"}
		{matrix34
			1 	 0 	 0
			0 	 0.7702 	 -0.6378
			0 	 0.6378 	 0.7702
			8.6407 	 -36.2557 	 -19.7158
		}
	}
	{"roof4"
		{polyhedron}
		{bone "exterior"}
		{matrix34
			1 	 0 	 0
			0 	 0.7702 	 -0.6378
			0 	 0.6378 	 0.7702
			-64.0034 	 -20.7637 	 -1.0098
		}
	}
	{"roof5"
		{polyhedron}
		{bone "exterior"}
		{matrix34
			1 	 0 	 0
			0 	 0.7702 	 -0.6378
			0 	 0.6378 	 0.7702
			2.2028 	 -28.7556 	 -10.6597
		}
	}
	{"roof6"
		{box 16.4234 1.9685 12.0191}
		{bone "exterior"}
		{matrix34
			1 	 0 	 0
			0 	 0.7702 	 -0.6378
			0 	 0.6378 	 0.7702
			-63.0397 	 -32.4066 	 -15.0681
		}
	}
	{"roof7"
		{polyhedron}
		{bone "exterior"}
		{matrix34
			0 	 1 	 0
			-0.9397 	 0 	 0.342
			0.342 	 0 	 0.9397
			-74.5586 	 3.8677 	 -4.3401
		}
	}
	{"roof8"
		{polyhedron}
		{bone "exterior"}
		{matrix34
			0 	 1 	 0
			-0.9397 	 0 	 -0.342
			-0.342 	 0 	 0.9397
			80.0982 	 4.2061 	 -4.3401
		}
	}
	{"roof9"
		{box 116.722 1.9685 35.6097}
		{bone "exterior"}
		{matrix34
			1 	 0 	 0
			0 	 0.7822 	 0.623
			0 	 -0.623 	 0.7822
			-7.5049 	 15.9397 	 15.2718
		}
	}
	{"window1"
		{box 13.9721 0.754705 17.3699}
		{bone "window1"}
		{matrix34
			0 	 0 	 -1
			-1 	 0 	 0
			0 	 1 	 0
			0.1342 	 0.0151 	 0
		}
	}
}
