;Exported by	: KobaA
;Date			: 17.04.2024 12:41:11
;File			: d:\git\gem2-mdl-soldiers\models\entourage\canister01\canister_01.max
{skeleton
	{bone "canister02_x"
		{orientation
			1 	 0 	 0
			0 	 -1 	 0
			0 	 0 	 1
		}
		{bone "body"
			{matrix34
				1 	 0 	 0
				0 	 0 	 1
				0 	 -1 	 0
				0.0445 	 -0.0464 	 31.5818
			}
			{poly "body"}
		}
		{bone "land"
			{parameters "land;ground;"}
			{matrix34
				1 	 0 	 0
				0 	 0 	 1
				0 	 -1 	 0
				0.0445 	 -0.0464 	 31.5818
			}
			{poly "land" {ground}}
		}
		{bone "piece01"
			{Position 1.2165 	 -7.9308 	 44.9604}
			{poly "piece01"}
		}
		{bone "piece02"
			{Position -1.1956 	 -6.4328 	 17.2809}
			{poly "piece02"}
		}
		{bone "piece03"
			{Position -0.7534 	 8.6257 	 47.3535}
			{poly "piece03"}
		}
		{bone "piece04"
			{Position 0.2156 	 7.489 	 20.6965}
			{poly "piece04"}
		}
	}
}
{"volumes"
	{"piece01_vol1"
		{cylinder 2.34621 4.71665}
		{bone "piece01"}
		{matrix34
			1 	 0 	 0
			0 	 0 	 -1
			0 	 1 	 0
			-1.1165 	 -4.2564 	 -4.0048
		}
	}
	{"piece01_vol2"
		{box 16.3563 9.27675 1.6256}
		{bone "piece01"}
		{matrix34
			-0.9397 	 -0.342 	 0
			0.3156 	 -0.8671 	 -0.3854
			0.1318 	 -0.3621 	 0.9228
			0.3099 	 3.1691 	 10.1407
		}
	}
	{"piece01_vol3"
		{box 11.4969 15.3074 2.29177}
		{bone "piece01"}
		{matrix34
			-0.3378 	 -0.9412 	 0
			0 	 0 	 -1
			0.9412 	 -0.3378 	 0
			6.1543 	 2.9783 	 0.273
		}
	}
	{"piece01_vol4"
		{box 7.47296 17.9791 2.29177}
		{bone "piece01"}
		{matrix34
			-1 	 0 	 0.0045
			-0.0045 	 0 	 -1
			0 	 -1 	 0
			-0.2358 	 -1.3666 	 -0.9129
		}
	}
	{"piece02_vol1"
		{box 14.9038 5.72843 0.952947}
		{bone "piece02"}
		{matrix34
			0.9962 	 -0.0842 	 0.0226
			0.0872 	 0.9623 	 -0.2578
			0 	 0.2588 	 0.9659
			0.7525 	 -0.1228 	 -9.1552
		}
	}
	{"piece02_vol2"
		{box 9.09132 13.3542 0.952947}
		{bone "piece02"}
		{matrix34
			0.9659 	 0.2588 	 0
			0 	 0 	 1
			0.2588 	 -0.9659 	 0
			3.9663 	 -2.4994 	 -1.3856
		}
	}
	{"piece02_vol3"
		{box 9.09132 12.3623 0.952947}
		{bone "piece02"}
		{matrix34
			0.766 	 -0.6428 	 0
			0 	 0 	 1
			-0.6428 	 -0.766 	 0
			-4.3072 	 -0.8606 	 -1.857
		}
	}
	{"piece03_vol1"
		{cylinder 2.34621 2.45266}
		{bone "piece03"}
		{matrix34
			1 	 0 	 0
			0 	 0 	 -1
			0 	 1 	 0
			0.6954 	 2.5463 	 -1.0638
		}
	}
	{"piece03_vol2"
		{box 14.3477 4.66476 1.6256}
		{bone "piece03"}
		{matrix34
			1 	 0 	 0
			0 	 0.9228 	 -0.3854
			0 	 0.3854 	 0.9228
			0.3034 	 -1.3414 	 6.7655
		}
	}
	{"piece03_vol3"
		{box 11.8884 13.5054 2.29177}
		{bone "piece03"}
		{matrix34
			0.984 	 0.1781 	 0
			0 	 0 	 -1
			-0.1781 	 0.984 	 0
			-0.8716 	 -0.2627 	 -1.1965
		}
	}
	{"piece04_vol1"
		{cylinder 2.34621 4.71665}
		{bone "piece04"}
		{matrix34
			1 	 0 	 0
			0 	 0 	 -1
			0 	 1 	 0
			-0.128 	 4.815 	 1.0093
		}
	}
	{"piece04_vol2"
		{box 10.5892 2.16108 19.0316}
		{bone "piece04"}
		{matrix34
			0.826 	 -0.5637 	 0
			0.5637 	 0.826 	 0
			0 	 0 	 1
			4.47 	 0.6046 	 -1.6659
		}
	}
	{"piece04_vol3"
		{box 11.3835 5.90028 0.952947}
		{bone "piece04"}
		{matrix34
			0.8643 	 0.5025 	 0.0213
			-0.4805 	 0.8126 	 0.3299
			0.1485 	 -0.2954 	 0.9438
			-3.8489 	 -1.7636 	 -12.86
		}
	}
	{"piece04_vol4"
		{box 11.2837 5.90028 0.952947}
		{bone "piece04"}
		{matrix34
			0.8207 	 -0.571 	 0.0213
			0.5333 	 0.7789 	 0.3299
			-0.205 	 -0.2594 	 0.9438
			4.8495 	 -2.5781 	 -12.86
		}
	}
	{"piece04_vol5"
		{box 13.3424 2.03141 19.0316}
		{bone "piece04"}
		{matrix34
			0.8327 	 0.5538 	 0
			-0.5538 	 0.8327 	 0
			0 	 0 	 1
			-4.4433 	 -0.0835 	 -1.8765
		}
	}
}
