;Exported by:	 tolokolnikova
;Date:			 13.04.2018 16:52:43
;File:			 D:\gem2\gem2-mdl-soldiers\models\building\building_ua01\building_ua02_v2_x.max
{skeleton
	{bone "b_ua_02_piece13_point"
		{orientation
			1 	 0 	 0
			0 	 -1 	 0
			0 	 0 	 1
		}
		{bone "piece02"
			{matrix34
				0 	 0 	 -1
				0 	 1 	 0
				1 	 0 	 0
				20.2129 	 3.7251 	 38.1877
			}
			{poly "piece02"}
		}
		{bone "piece03"
			{matrix34
				0.8214 	 0.5704 	 0.0086
				-0.4202 	 0.5949 	 0.6852
				-0.3857 	 0.5664 	 -0.7283
				-45.3135 	 49.2061 	 -23.3186
			}
			{poly "piece03"}
		}
		{bone "piece04"
			{matrix34
				0.0066 	 -0.7906 	 -0.6122
				1 	 0.0086 	 -0.0003
				-0.0055 	 0.6122 	 -0.7907
				23.6656 	 50.2807 	 -23.4541
			}
			{poly "piece04"}
		}
		{bone "piece05"
			{matrix34
				-0.0065 	 0.781 	 -0.6246
				-1 	 -0.0086 	 -0.0003
				0.0056 	 -0.6245 	 -0.781
				43.156 	 -42.9659 	 -23.5649
			}
			{poly "piece05"}
		}
		{bone "piece01"
			{matrix34
				-0.0083 	 1 	 0.0047
				-0.8794 	 -0.0096 	 0.4759
				0.4759 	 -0.0001 	 0.8795
				-22.4851 	 -16.69 	 19.5886
			}
			{poly "piece01"}
		}
		{bone "piece06"
			{matrix34
				-0.0083 	 1 	 0.0047
				-0.8794 	 -0.0096 	 0.4759
				0.4759 	 -0.0001 	 0.8795
				-30.8251 	 -43.1637 	 4.2641
			}
			{poly "piece06"}
		}
		{bone "piece07"
			{matrix34
				-0.0083 	 1 	 0.0047
				-0.8794 	 -0.0096 	 0.4759
				0.4759 	 -0.0001 	 0.8795
				-38.7818 	 12.1277 	 -10.4395
			}
			{poly "piece07"}
		}
	}
}
{volume "piece01"
	{box 3.37795 3.77756 38.007}
	{bone "piece01"}
	{matrix34
		-0.0095 	 -0.9996 	 -0.0276
		1 	 -0.0095 	 -0.0001
		-0.0001 	 -0.0276 	 0.9996
		-1.8878 	 -0.2681 	 -3.0277
	}
}
{volume "piece02"
	{box 4.22244 3.77756 62.2529}
	{bone "piece02"}
	{matrix34
		1 	 0.0001 	 0
		-0.0001 	 1 	 -0.0001
		0 	 0.0001 	 1
		0.3754 	 0.0047 	 0.5557
	}
}
{volume "piece03"
	{box 3.37795 3.77756 34.9665}
	{bone "piece03"}
	{matrix34
		1 	 0 	 0
		0 	 1 	 0
		0 	 0 	 -1
		0 	 0 	 -2.4355
	}
}
{volume "piece04"
	{box 3.37795 3.77756 34.9665}
	{bone "piece04"}
	{matrix34
		1 	 0 	 0
		0 	 1 	 0
		0 	 0 	 -1
		0 	 0 	 -7.7497
	}
}
{volume "piece05"
	{box 3.37795 3.77756 38.007}
	{bone "piece05"}
	{matrix34
		1 	 0 	 0
		0 	 1 	 0
		0 	 0 	 -1
		0 	 0 	 -0.3845
	}
}
{volume "piece06"
	{box 6.49606 3.77756 21.8431}
	{bone "piece06"}
	{matrix34
		-0.0094 	 -0.9934 	 -0.1146
		1 	 -0.0095 	 -0.0001
		-0.0009 	 -0.1146 	 0.9934
		-2.9532 	 -1.4929 	 -0.6396
	}
}
{volume "piece07"
	{box 3.37795 3.77756 25.8752}
	{bone "piece07"}
	{matrix34
		-1 	 0 	 0
		0 	 -1 	 0
		0 	 0 	 1
		-3.2287 	 -0.5699 	 -0.6931
	}
}
