;Exported by:	 tolokolnikova
;Date:			 18.08.2016 10:55:13
;File:			 D:\gem2\gem2-mdl-soldiers\models\building\plan\plan_detail.max
{skeleton
	{bone "h1"
		{orientation
			1 	 0 	 0
			0 	 -1 	 0
			0 	 0 	 1
		}
		{poly "h1"}
	}
}
{obstacle "body_vol02"
	{obb2
		{center -3.02063 -15.4772}
		{extent 165.674 73.5637}
		{axis 0.559604 0.82876}
	}
	{rotate}
	{Tags "body"}
}
{obstacle "body_vol312"
	{obb2
		{center -32.6746 4.73726}
		{extent 165.512 36.9601}
		{axis 0.559604 0.82876}
	}
	{rotate}
	{Tags "body"}
}
{obstacle "body_vol313"
	{obb2
		{center 26.576 -35.6525}
		{extent 165.512 36.8955}
		{axis 0.559604 0.82876}
	}
	{rotate}
	{Tags "body"}
}
{volume "body_vol02"
	{box 330.708 145.669 57.992}
	{bone "h1"}
	{matrix34
		0.5633 	 -0.8263 	 0
		0.8263 	 0.5633 	 0
		0 	 0 	 1
		-3.0206 	 15.4772 	 28.6183
	}
}
{volume "body_vol312"
	{box 330.708 1.9685 76.5495}
	{bone "h1"}
	{matrix34
		0.5633 	 -0.8263 	 0
		-0.2872 	 -0.1958 	 0.9377
		-0.7748 	 -0.5281 	 -0.3476
		-32.6746 	 -4.7373 	 70.0782
	}
}
{volume "body_vol313"
	{box 330.708 1.9685 76.5495}
	{bone "h1"}
	{matrix34
		0.5633 	 -0.8263 	 0
		-0.2912 	 -0.1985 	 -0.9358
		0.7733 	 0.5271 	 -0.3524
		26.576 	 35.6525 	 69.8924
	}
}
