;Exported by	: joomb
;Date			: 13.04.2023 16:32:45
;File			: H:\git\gem2-mdl-soldiers\models\building\building_ua01\building_08_v02_newr.max
{skeleton
	{bone "b_ua_08_piece07"
		{orientation
			1 	 0 	 0
			0 	 -1 	 0
			0 	 0 	 1
		}
		{poly "b_ua_08_piece07"}
		{bone "fix01"
			{Position 41.8972 	 -10.0119 	 -10.9924}
		}
		{bone "fix02"
			{Position -45.739 	 -10.0119 	 -15.0409}
		}
	}
}
{"volumes"
	{"roof01"
		{box 1.37795 46.0862 30.8763}
		{bone "b_ua_08_piece07"}
		{matrix34
			0.7071 	 0 	 0.7071
			0 	 1 	 0
			-0.7071 	 0 	 0.7071
			23.134 	 30.05 	 8.3008
		}
	}
	{"roof02"
		{box 1.37795 88.0247 18.217}
		{bone "b_ua_08_piece07"}
		{matrix34
			0.7071 	 0 	 0.7071
			0 	 1 	 0
			-0.7071 	 0 	 0.7071
			6.0523 	 -4.3349 	 25.3825
		}
	}
	{"roof03"
		{box 1.37795 65.1383 29.8759}
		{bone "b_ua_08_piece07"}
		{matrix34
			-0.7071 	 0 	 0.7071
			0 	 -1 	 0
			0.7071 	 0 	 0.7071
			-11.0092 	 -14.5525 	 19.1952
		}
	}
	{"roof04"
		{box 1.37795 60.5786 16.133}
		{bone "b_ua_08_piece07"}
		{matrix34
			-0.7071 	 0 	 0.7071
			0 	 -1 	 0
			0.7071 	 0 	 0.7071
			-27.4082 	 1.2868 	 2.7963
		}
	}
}
