;Exported by	: KobaA
;Date			: 22.05.2023 16:16:37
;File			: D:\git\gem2-mdl-soldiers\models\entourage\bridge_river\bridge_river_settings.max
{skeleton
	{bone "bridge_river_2_piece_005"
		{orientation
			1 	 0 	 0
			0 	 -1 	 0
			0 	 0 	 1
		}
		{bone "bridge_river_1_1r023"
			{poly "bridge_river_1_1r023"}
		}
		{bone "group038"
			{poly "group038"}
			{bone "fix5"
				{Position -98.658 	 -85.9448 	 -3.439}
			}
		}
	}
}
{"volumes"
	{"body01"
		{box 3.83858 3.83858 20.3783}
		{bone "bridge_river_1_1r023"}
		{Position -67.4764 	 -5.4725 	 10.2261}
	}
	{"body02"
		{box 110.362 1.93489 1.18789}
		{bone "bridge_river_1_1r023"}
		{Position -55.7756 	 -5.4725 	 17.983}
	}
	{"body03"
		{box 17.6137 1.66255 1.62709}
		{bone "bridge_river_1_1r023"}
		{matrix34
			0 	 0 	 -1
			0 	 1 	 0
			1 	 0 	 0
			-101.24 	 -5.4725 	 8.7552
		}
	}
	{"body04"
		{box 118.087 1.23833 0.819643}
		{bone "bridge_river_1_1r023"}
		{Position -58.9135 	 -5.4725 	 4.4085}
	}
	{"body06"
		{box 69.5279 1.93489 1.18789}
		{bone "bridge_river_1_1r023"}
		{matrix34
			0.9976 	 0 	 -0.0688
			0 	 1 	 0
			0.0688 	 0 	 0.9976
			34.7942 	 -5.4725 	 15.6153
		}
	}
	{"body07"
		{box 65.4186 1.21898 0.855279}
		{bone "bridge_river_1_1r023"}
		{matrix34
			0.9976 	 0 	 -0.0688
			0 	 1 	 0
			0.0688 	 0 	 0.9976
			34.4672 	 -5.4725 	 2.1683
		}
	}
	{"body08"
		{box 17.6137 1.66255 1.62709}
		{bone "bridge_river_1_1r023"}
		{matrix34
			0 	 0 	 -1
			0 	 1 	 0
			1 	 0 	 0
			-33.7582 	 -5.4725 	 8.7552
		}
	}
	{"body09"
		{box 17.6137 1.66255 1.62709}
		{bone "bridge_river_1_1r023"}
		{matrix34
			0 	 0 	 -1
			0 	 1 	 0
			1 	 0 	 0
			33.6691 	 -5.4725 	 6.3484
		}
	}
	{"body10"
		{box 17.6137 1.66255 1.62709}
		{bone "bridge_river_1_1r023"}
		{matrix34
			0 	 0 	 -1
			0 	 1 	 0
			1 	 0 	 0
			67.4848 	 -5.4725 	 4.0053
		}
	}
	{"body11"
		{box 17.6137 1.66255 1.62709}
		{bone "bridge_river_1_1r023"}
		{matrix34
			0 	 0 	 -1
			0 	 1 	 0
			1 	 0 	 0
			0.0052 	 -5.4725 	 8.7552
		}
	}
	{"body12"
		{box 121.586 8.14764 6.09909}
		{bone "group038"}
		{matrix34
			0.5446 	 0 	 -0.8387
			0 	 1 	 0
			0.8387 	 0 	 0.5446
			31.1474 	 -0.3223 	 53.9851
		}
	}
	{"body13"
		{box 125.32 8.14764 6.09909}
		{bone "group038"}
		{matrix34
			-0.6293 	 0 	 -0.7771
			0 	 1 	 0
			0.7771 	 0 	 -0.6293
			-39.4445 	 -0.3223 	 51.6242
		}
	}
	{"body14"
		{box 105.311 8.14764 6.09909}
		{bone "group038"}
		{matrix34
			0 	 0 	 -1
			0 	 1 	 0
			1 	 0 	 0
			0.2688 	 -0.3223 	 52.1834
		}
	}
	{"body15"
		{box 105.311 8.14764 6.09909}
		{bone "group038"}
		{matrix34
			0 	 0 	 -1
			0 	 1 	 0
			1 	 0 	 0
			-78.712 	 -0.3223 	 52.1834
		}
	}
	{"body16"
		{box 118.076 8.14764 6.09909}
		{bone "group038"}
		{Position -50.2312 	 -0.3223 	 105.125}
	}
	{"body17"
		{box 79.932 8.14764 6.09909}
		{bone "group038"}
		{matrix34
			-0.6293 	 0 	 -0.7771
			0 	 1 	 0
			0.7771 	 0 	 -0.6293
			-106.376 	 0.0268 	 65.4299
		}
	}
	{"body18"
		{box 94.472 8.14764 6.09909}
		{bone "group038"}
		{matrix34
			0.6293 	 0 	 -0.7771
			0 	 1 	 0
			0.7771 	 0 	 0.6293
			-108.902 	 -0.3223 	 41.1452
		}
	}
}
