;Exported by	: KobaA
;Date			: 18.01.2024 15:43:01
;File			: d:\git\gem2-mdl-soldiers\models\building\house_d\d_002_cut_fort.max
{skeleton
	{bone "d002_piece17"
		{orientation
			1 	 0 	 0
			0 	 -1 	 0
			0 	 0 	 1
		}
		{poly "d002_piece17"}
		{bone "fix16"
			{Position 25.8058 	 64.0873 	 -6.1646}
		}
		{bone "fix17"
			{Position 78.4341 	 64.0873 	 -6.1646}
		}
		{bone "fix18"
			{Position -82.249 	 64.0873 	 -6.1646}
		}
		{bone "fix19"
			{Position -82.249 	 -56.8221 	 -12.5537}
		}
		{bone "fix20"
			{Position 65.6751 	 -58.8988 	 -14.0626}
		}
	}
}
{"volumes"
	{"roof01"
		{box 47.4174 0.974409 49.1155}
		{bone "d002_piece17"}
		{matrix34
			1 	 0 	 0
			0 	 -0.3746 	 0.9272
			0 	 -0.9272 	 -0.3746
			40.9678 	 -15.9815 	 2.4164
		}
	}
	{"roof02"
		{box 47.4174 0.974409 21.3311}
		{bone "d002_piece17"}
		{matrix34
			1 	 0 	 0
			0 	 -0.3746 	 0.9272
			0 	 -0.9272 	 -0.3746
			-85.8548 	 -4.2602 	 10.4899
		}
	}
	{"roof03"
		{box 86.2996 0.974409 29.2851}
		{bone "d002_piece17"}
		{matrix34
			1 	 0 	 0
			0 	 -0.3746 	 0.9272
			0 	 -0.9272 	 -0.3746
			-21.8132 	 -7.9476 	 9.0001
		}
	}
	{"roof04"
		{box 37.1088 0.974409 36.0207}
		{bone "d002_piece17"}
		{matrix34
			1 	 0 	 0
			0 	 -0.3746 	 0.9272
			0 	 -0.9272 	 -0.3746
			83.1741 	 -10.519 	 6.3743
		}
	}
	{"roof05"
		{box 28.2027 0.974409 19.181}
		{bone "d002_piece17"}
		{matrix34
			1 	 0 	 0
			0 	 -0.3746 	 0.9272
			0 	 -0.9272 	 -0.3746
			99.2756 	 -35.9275 	 -2.3045
		}
	}
	{"roof06"
		{box 30.0623 0.974409 19.1551}
		{bone "d002_piece17"}
		{matrix34
			1 	 0 	 0
			0 	 -0.3746 	 0.9272
			0 	 -0.9272 	 -0.3746
			45.8563 	 -48.935 	 -7.5599
		}
	}
	{"roof07"
		{box 33.6663 0.974409 12.5854}
		{bone "d002_piece17"}
		{matrix34
			1 	 0 	 0
			0 	 -0.3746 	 0.9272
			0 	 -0.9272 	 -0.3746
			-82.2172 	 -20.7737 	 3.818
		}
	}
	{"roof08"
		{box 75.0938 0.974409 32.1016}
		{bone "d002_piece17"}
		{matrix34
			-1 	 0 	 0
			0 	 0.3256 	 0.9455
			0 	 0.9455 	 -0.3256
			-25.4048 	 22.5133 	 8.5883
		}
	}
	{"roof09"
		{box 41.4893 0.974409 20.5451}
		{bone "d002_piece17"}
		{matrix34
			-1 	 0 	 0
			0 	 0.3256 	 0.9455
			0 	 0.9455 	 -0.3256
			-92.7532 	 17.0499 	 10.4695
		}
	}
	{"roof10"
		{box 12.4468 0.974409 14.1761}
		{bone "d002_piece17"}
		{matrix34
			-1 	 0 	 0
			0 	 0.3256 	 0.9455
			0 	 0.9455 	 -0.3256
			-67.7434 	 14.0389 	 11.5063
		}
	}
	{"roof11"
		{box 25.3559 0.974409 14.1761}
		{bone "d002_piece17"}
		{matrix34
			-1 	 0 	 0
			0 	 0.3256 	 0.9455
			0 	 0.9455 	 -0.3256
			85.776 	 14.0389 	 11.5063
		}
	}
	{"roof12"
		{box 60.9962 0.974409 26.7928}
		{bone "d002_piece17"}
		{matrix34
			-1 	 0 	 0
			0 	 0.3256 	 0.9455
			0 	 0.9455 	 -0.3256
			42.9623 	 20.0035 	 9.4525
		}
	}
}
