;Exported by	: KobaA
;Date			: 27.03.2024 10:09:12
;File			: d:\git\gem2-mdl-soldiers\models\entourage\sandbags\sandbag_woodbeam1_lod.max
{skeleton
	{bone "sandbag_woodbeam02_piece_002_x"
		{orientation
			1 	 0 	 0
			0 	 -1 	 0
			0 	 0 	 1
		}
		{bone "piece01"
			{matrix34
				-0.849 	 -0.5276 	 -0.0287
				-0.517 	 0.8408 	 -0.1606
				0.1089 	 -0.1215 	 -0.9866
				-11.5144 	 -0.276 	 4.0891
			}
			{poly "piece01"}
		}
		{bone "piece02"
			{matrix34
				-0.932 	 -0.2518 	 0.2607
				-0.2975 	 0.9423 	 -0.1535
				-0.207 	 -0.2206 	 -0.9531
				-24.26 	 -3.0593 	 3.765
			}
			{poly "piece01"}
		}
		{bone "piece03"
			{matrix34
				-0.1736 	 0.9848 	 0
				0.9848 	 0.1736 	 0
				0 	 0 	 -1
				-0.4579 	 -0.8129 	 1.9009
			}
			{poly "piece01"}
		}
		{bone "piece04"
			{matrix34
				0.9682 	 -0.2253 	 -0.1085
				-0.2344 	 -0.9688 	 -0.0802
				-0.087 	 0.103 	 -0.9909
				11.024 	 -0.0083 	 4.9624
			}
			{poly "piece01"}
		}
		{bone "piece05"
			{matrix34
				-0.9996 	 0.0109 	 0.0273
				0.0086 	 0.9965 	 -0.0828
				-0.0281 	 -0.0826 	 -0.9962
				24.7179 	 -3.0688 	 2.4684
			}
			{poly "piece01"}
		}
	}
}
{"volumes"
	{"piece01"
		{box 11.4392 7.48082 3.35371}
		{bone "piece01"}
		{matrix34
			-1 	 0 	 0
			0 	 1 	 0
			0 	 0 	 -1
			0.3988 	 -0.0029 	 0.3407
		}
	}
	{"piece02"
		{box 11.4392 7.48082 3.35371}
		{bone "piece02"}
		{matrix34
			-1 	 0 	 0
			0 	 1 	 0
			0 	 0 	 -1
			0.0914 	 -0.3221 	 0.2011
		}
	}
	{"piece03"
		{box 11.4392 7.48082 3.35371}
		{bone "piece03"}
		{matrix34
			-1 	 0 	 0
			0 	 1 	 0
			0 	 0 	 -1
			0.3367 	 0.0306 	 0.393
		}
	}
	{"piece04"
		{box 11.4392 7.48082 3.35371}
		{bone "piece04"}
		{matrix34
			-1 	 0 	 0
			0 	 1 	 0
			0 	 0 	 -1
			0.3367 	 0.0305 	 0.4672
		}
	}
	{"piece05"
		{box 11.4392 7.48082 3.35371}
		{bone "piece05"}
		{matrix34
			-1 	 0 	 0
			0 	 1 	 0
			0 	 0 	 -1
			0.3367 	 0.0306 	 0.3623
		}
	}
}
