;Exported by:	 tolokolnikova
;Date:			 08.06.2018 15:35:14
;File:			 D:\gem2\gem2-mdl-soldiers\models\building\building_ua01\building_07_v2_x_recover.max
{skeleton
	{bone "b_ua_07_piece07_point"
		{orientation
			1 	 0 	 0
			0 	 -1 	 0
			0 	 0 	 1
		}
		{bone "b_ua_07_piece07"
			{matrix34
				0 	 1 	 0
				-1 	 0 	 0
				0 	 0 	 1
				-29.9931 	 -34.4729 	 -30.1819
			}
			{poly "b_ua_07_piece07"}
		}
		{bone "piece04"
			{Position 0.3496 	 -25.9188 	 17.8921}
			{poly "piece04"}
		}
		{bone "piece05"
			{Position 21.4526 	 -8.0748 	 42.6008}
			{poly "piece05"}
		}
		{bone "piece03"
			{Position 10.4172 	 22.5383 	 -0.0442}
			{poly "piece03"}
		}
		{bone "piece02"
			{Position -8.8541 	 -21.1908 	 -0.0442}
			{poly "piece02"}
		}
		{bone "piece01"
			{matrix34
				0 	 -1 	 0
				1 	 0 	 0
				0 	 0 	 1
				-9.9717 	 4.5995 	 32.7686
			}
			{poly "piece01"}
		}
		{bone "piece06"
			{matrix34
				0 	 -1 	 0
				1 	 0 	 0
				0 	 0 	 1
				-29.0246 	 -4.0027 	 10.5022
			}
			{poly "piece06"}
		}
		{bone "fort_wall"
			{matrix34
				0 	 1 	 0
				-1 	 0 	 0
				0 	 0 	 1
				34.0568 	 10.876 	 -48.1682
			}
		}
	}
}
{volume "piece01"
	{box 33.6555 1.37795 28.4185}
	{bone "piece01"}
	{matrix34
		1 	 0 	 0
		0 	 0.766 	 -0.6428
		0 	 0.6428 	 0.766
		1.9818 	 -5.84 	 -3.976
	}
}
{volume "piece02"
	{box 53.6888 8.87477 2.29905}
	{bone "piece02"}
	{Position 1.2804 	 -0.09 	 0.1451}
}
{volume "piece03"
	{box 53.6888 8.87477 2.29905}
	{bone "piece03"}
	{Position 1.0603 	 -0.1205 	 0.1451}
}
{volume "piece04"
	{box 33.6555 1.37795 29.2974}
	{bone "piece04"}
	{matrix34
		1 	 0 	 0
		0 	 0.766 	 -0.6428
		0 	 0.6428 	 0.766
		2.284 	 -5.5575 	 -3.6393
	}
}
{volume "piece05"
	{box 33.6555 1.37795 11.0348}
	{bone "piece05"}
	{matrix34
		1 	 0 	 0
		0 	 0.766 	 -0.6428
		0 	 0.6428 	 0.766
		-1.6918 	 -0.2833 	 -0.0897
	}
}
{volume "piece06"
	{box 33.6555 1.37795 11.0348}
	{bone "piece06"}
	{matrix34
		1 	 0 	 0
		0 	 0.766 	 -0.6428
		0 	 0.6428 	 0.766
		0.968 	 -8.4221 	 -7.3685
	}
}
{volume "vol_01"
	{box 6.88976 6.88976 24.2204}
	{bone "b_ua_07_piece07"}
	{matrix34
		0 	 -1 	 0
		1 	 0 	 0
		0 	 0 	 1
		-0.0408 	 -0.1025 	 -18.7697
	}
}
