;Exported by	: KobaA
;Date			: 10.01.2023 18:32:50
;File			: D:\git\gem2-mdl-soldiers\models\unit\vehicle\Sturm_Boot_42\Sturm_Boot_42_xx.max
{skeleton
	{bone "basis"
		{orientation
			1 	 0 	 0
			0 	 -1 	 0
			0 	 0 	 1
		}
		{bone "body"
			{parameters "id=body;"}
			{orientation
				-0.0523 	 0 	 0.9986
				0 	 1 	 0
				-0.9986 	 0 	 -0.0523
			}
			{poly "body" {lod 0}}
			{poly "body_lod1" {lod 1}}
			{poly "body_lod2" {lod 2}}
			{poly "body_lod3" {lod 3 {last}}}
			{bone "part1"
				{matrix34
					-1 	 0 	 0
					0 	 1 	 0
					0 	 0 	 -1
					23.5018 	 0 	 40.4795
				}
				{poly "part1" {lod 0}}
				{poly "part1_lod1" {lod 1}}
				{poly "part1_lod2" {lod 2}}
				{poly "part1_lod3" {lod 3 {last}}}
			}
			{bone revolute "propellerl"
				{parameters "id=body;"}
				{matrix34
					0.9925 	 0 	 0.1219
					0 	 1 	 0
					-0.1219 	 0 	 0.9925
					-9.0775 	 7.4326 	 118.368
				}
				{poly "propellerl" {lod 0}}
				{poly "propellerl_lod1" {lod 1}}
				{poly "propellerl_lod2" {lod 2}}
				{poly "propellerl_lod3" {lod 3 {last}}}
			}
			{bone revolute "propellerr"
				{parameters "id=body;"}
				{matrix34
					0.9925 	 0 	 0.1219
					0 	 1 	 0
					-0.1219 	 0 	 0.9925
					-9.0775 	 -7.4324 	 118.368
				}
				{poly "propellerr" {lod 0}}
				{poly "propellerr_lod1" {lod 1}}
				{poly "propellerr_lod2" {lod 2}}
				{poly "propellerr_lod3" {lod 3 {last}}}
			}
			{bone "fx_bulb_norm_engine1"
				{matrix34
					0.0523 	 0.0175 	 0.9985
					0.0009 	 -0.9998 	 0.0174
					0.9986 	 0 	 -0.0523
					2.0852 	 0.0002 	 145.262
				}
			}
			{bone "fx_bulb_norm_front1"
				{matrix34
					-0.0492 	 0.342 	 -0.9384
					0.0179 	 0.9397 	 0.3416
					0.9986 	 0 	 -0.0523
					-6.3893 	 19.5875 	 -121.914
				}
			}
			{bone "fx_bulb_norm_front2"
				{matrix34
					-0.0492 	 -0.342 	 -0.9384
					-0.0179 	 0.9397 	 -0.3416
					0.9986 	 0 	 -0.0523
					-6.3893 	 -19.5879 	 -121.914
				}
			}
			{bone "fx_bulb_small_back1"
				{matrix34
					0 	 1 	 0
					0.0523 	 0 	 0.9986
					0.9986 	 0 	 -0.0523
					4.8383 	 30.1315 	 92.32
				}
			}
			{bone "fx_bulb_small_back2"
				{matrix34
					0 	 -1 	 0
					-0.0523 	 0 	 -0.9986
					0.9986 	 0 	 -0.0523
					4.8383 	 -30.1312 	 92.3201
				}
			}
			{bone "fx_bulb_small_center1"
				{matrix34
					0 	 1 	 0
					0.0523 	 0 	 0.9986
					0.9986 	 0 	 -0.0523
					0.1405 	 34.6225 	 2.6801
				}
			}
			{bone "fx_bulb_small_center2"
				{matrix34
					0 	 -1 	 0
					-0.0523 	 0 	 -0.9986
					0.9986 	 0 	 -0.0523
					0.1405 	 -34.6225 	 2.6802
				}
			}
			{bone "fx_bulb1"
				{matrix34
					0.0492 	 0.342 	 0.9384
					0.0179 	 -0.9397 	 0.3416
					0.9986 	 0 	 -0.0523
					7.2744 	 26.9416 	 138.803
				}
			}
			{bone "fx_bulb2"
				{matrix34
					0.0492 	 -0.342 	 0.9384
					-0.0179 	 -0.9397 	 -0.3416
					0.9986 	 0 	 -0.0523
					7.2744 	 -26.9412 	 138.803
				}
			}
			{bone "fx_fire1"
				{matrix34
					0.9998 	 0 	 -0.0175
					0 	 1 	 0
					0.0175 	 0 	 0.9998
					21.2886 	 0 	 8.114
				}
			}
			{bone "pivot_back"
				{matrix34
					-0.0175 	 0 	 -0.9998
					0 	 1 	 0
					0.9998 	 0 	 -0.0175
					1.914 	 0.0002 	 109.648
				}
			}
			{bone "pivot_front"
				{matrix34
					-0.0175 	 0 	 -0.9998
					0 	 1 	 0
					0.9998 	 0 	 -0.0175
					-1.0133 	 0 	 -58.0528
				}
			}
			{bone revolute "turret_mgun"
				{parameters "id=body;"}
				{limits -40 40}
				{speed 0.03}
				{matrix34
					0 	 0 	 -1
					0 	 1 	 0
					1 	 0 	 0
					30.5444 	 -0.0001 	 -86.1525
				}
				{poly "turret_mgun" {lod 0}}
				{poly "turret_mgun_lod1" {lod 1}}
				{poly "turret_mgun_lod2" {lod 2}}
				{poly "turret_mgun_lod3" {lod 3 {last}}}
			}
			{bone "fx_exp2"
				{matrix34
					-0.9998 	 0 	 0.0175
					0 	 1 	 0
					-0.0175 	 0 	 -0.9998
					-1.2129 	 0 	 -23.1431
				}
			}
			{bone "fx_exp3"
				{matrix34
					-0.9998 	 0 	 0.0175
					0 	 1 	 0
					-0.0175 	 0 	 -0.9998
					3.5319 	 0.0001 	 67.3922
				}
			}
			{bone "part2"
				{Position 24.2176 	 0 	 83.0333}
				{poly "part2" {lod 0}}
				{poly "part2_lod1" {lod 1}}
				{poly "part2_lod2" {lod 2}}
				{poly "part2_lod3" {lod 3 {last}}}
			}
		}
	}
}
{"volumes"
	{"body01"
		{polyhedron}
		{bone "body"}
		{orientation
			0.9998 	 0 	 -0.0175
			0 	 1 	 0
			0.0175 	 0 	 0.9998
		}
	}
	{"body02"
		{polyhedron}
		{bone "body"}
		{matrix34
			-0.0175 	 0 	 -0.9998
			0 	 1 	 0
			0.9998 	 0 	 -0.0175
			15.4438 	 12.7092 	 36.8583
		}
	}
	{"body03"
		{polyhedron}
		{bone "body"}
		{matrix34
			-0.0175 	 0 	 -0.9998
			0 	 1 	 0
			0.9998 	 0 	 -0.0175
			15.4438 	 -12.7091 	 36.8583
		}
	}
	{"engine"
		{polyhedron}
		{bone "body"}
		{matrix34
			-0.0523 	 0 	 -0.9986
			0 	 1 	 0
			0.9986 	 0 	 -0.0523
			0.6254 	 0 	 11.9334
		}
	}
	{"part1"
		{cylinder 6.01097 1.6712}
		{bone "part1"}
		{matrix34
			-0.9976 	 0 	 0.0698
			0 	 1 	 0
			-0.0698 	 0 	 -0.9976
			-0.0208 	 0 	 -0.1179
		}
	}
	{"part2"
		{cylinder 6.18511 15.9542}
		{bone "part2"}
		{matrix34
			-0.0523 	 0 	 -0.9986
			0.9986 	 0 	 -0.0523
			0 	 -1 	 0
			-0.0475 	 0.0176 	 -0.045
		}
	}
}
