;Exported by	: KobaA
;Date			: 02.05.2024 10:39:41
;File			: d:\git\gem2-mdl-soldiers\models\fence\vil_fence\vil_fence_9.max
{skeleton
	{bone "basis3_x"
		{orientation
			1 	 0 	 0
			0 	 -1 	 0
			0 	 0 	 1
		}
		{bone "piece01"
			{Position -13.5701 	 -7.9228 	 11.6572}
			{poly "piece01"}
		}
		{bone "piece02"
			{matrix34
				0.8445 	 0.325 	 -0.4255
				-0.5332 	 0.5834 	 -0.6127
				0.0491 	 0.7443 	 0.666
				-3.5377 	 -4.056 	 15.7614
			}
			{poly "piece02"}
		}
		{bone "piece03"
			{matrix34
				0.8829 	 0.2825 	 -0.3749
				-0.4695 	 0.5314 	 -0.7052
				0 	 0.7986 	 0.6018
				0.8401 	 -3.6135 	 12.5911
			}
			{poly "piece03"}
		}
		{bone "piece04"
			{matrix34
				0.8988 	 0.1135 	 -0.4234
				-0.4384 	 0.2326 	 -0.8682
				0 	 0.9659 	 0.2588
				9.5347 	 1.1981 	 6.233
			}
			{poly "piece04"}
		}
		{bone "piece05"
			{Position -10.0928 	 -7.8801 	 14.2441}
			{poly "piece05"}
		}
		{bone "piece06"
			{matrix34
				0.9962 	 -0.0605 	 -0.0627
				-0.0151 	 0.5882 	 -0.8085
				0.0858 	 0.8064 	 0.5851
				6.2334 	 -5.873 	 5.6452
			}
			{poly "piece06"}
		}
		{bone "piece07"
			{Position 3.8171 	 -3.8964 	 9.8108}
			{poly "piece07"}
		}
		{bone "piece08"
			{matrix34
				0.8746 	 0.1658 	 -0.4556
				-0.4724 	 0.0801 	 -0.8777
				-0.1091 	 0.9829 	 0.1484
				13.4272 	 1.2205 	 3.4193
			}
			{poly "piece08"}
		}
		{bone "piece09"
			{matrix34
				0.8434 	 0.1045 	 -0.527
				-0.0886 	 0.9945 	 0.0554
				0.5299 	 0 	 0.848
				-1.8594 	 -4.8489 	 11.3145
			}
			{poly "piece09"}
		}
		{bone "piece10"
			{matrix34
				0.9513 	 0.1736 	 -0.2549
				-0.1677 	 0.9848 	 0.0449
				0.2588 	 0 	 0.9659
				-2.6418 	 -10.2571 	 4.2402
			}
			{poly "piece10"}
		}
	}
}
{"volumes"
	{"piece01"
		{cylinder 1.69869 28.159}
		{bone "piece01"}
		{matrix34
			0.9913 	 -0.034 	 -0.127
			-0.0318 	 0.8755 	 -0.4822
			0.1275 	 0.4821 	 0.8668
			-0.0991 	 -0.2106 	 0.3314
		}
	}
	{"piece02"
		{box 2.355 0.58136 16.4664}
		{bone "piece02"}
		{matrix34
			1 	 0 	 0
			0 	 0.9986 	 0.0523
			0 	 -0.0523 	 0.9986
			0.1897 	 0.016 	 -0.058
		}
	}
	{"piece03"
		{box 2.355 0.58136 14.88}
		{bone "piece03"}
		{matrix34
			1 	 0 	 0
			0 	 0.9986 	 0.0523
			0 	 -0.0523 	 0.9986
			-0.0885 	 0.0784 	 -0.5404
		}
	}
	{"piece04"
		{box 2.355 0.58136 14.7307}
		{bone "piece04"}
		{matrix34
			0.9998 	 0 	 -0.0175
			0.0009 	 0.9986 	 0.0523
			0.0174 	 -0.0523 	 0.9985
			-0.0997 	 -0.2674 	 0.116
		}
	}
	{"piece05"
		{box 2.355 0.58136 27.9357}
		{bone "piece05"}
		{matrix34
			0.9481 	 0.2454 	 -0.2022
			-0.3127 	 0.8348 	 -0.4532
			0.0576 	 0.4929 	 0.8682
			0.0523 	 -0.2432 	 -0.1607
		}
	}
	{"piece06"
		{box 2.355 0.58136 12.6981}
		{bone "piece06"}
		{matrix34
			0.9998 	 0.0006 	 0.0174
			-0.0012 	 0.9994 	 0.0349
			-0.0174 	 -0.0349 	 0.9992
			0.037 	 0.024 	 -0.097
		}
	}
	{"piece07"
		{box 2.355 0.58136 27.9357}
		{bone "piece07"}
		{matrix34
			0.8404 	 0.3496 	 -0.414
			-0.5409 	 0.5887 	 -0.6008
			0.0337 	 0.7288 	 0.6839
			-0.1044 	 0.0079 	 -0.0786
		}
	}
	{"piece08"
		{box 2.355 0.58136 13.0684}
		{bone "piece08"}
		{matrix34
			0.9998 	 0.0006 	 -0.0175
			0 	 0.9994 	 0.0349
			0.0175 	 -0.0349 	 0.9992
			0.0866 	 -0.1042 	 0.0561
		}
	}
	{"piece09"
		{box 25.7218 0.671677 1.21791}
		{bone "piece09"}
		{matrix34
			0.9998 	 0 	 -0.0175
			0 	 1 	 0
			0.0175 	 0 	 0.9998
			0.3054 	 0.1442 	 0.1987
		}
	}
	{"piece10"
		{box 16.8116 0.671677 1.21791}
		{bone "piece10"}
		{matrix34
			0.9998 	 0 	 0.0175
			0 	 1 	 0
			-0.0175 	 0 	 0.9998
			0.0482 	 -0.2472 	 0.0756
		}
	}
}
