;Exported by	: KobaA
;Date			: 04.03.2024 15:10:25
;File			: d:\git\gem2-mdl-soldiers\models\building\b2\vil_build_002_x.max
{skeleton
	{bone "build_vil_002_piece07_point"
		{orientation
			1 	 0 	 0
			0 	 -1 	 0
			0 	 0 	 1
		}
		{bone "piece08"
			{Position -4.9236 	 -42.3271 	 10.5093}
			{poly "piece08"}
		}
		{bone "piece07"
			{Position -4.9236 	 -7.8483 	 10.1742}
			{poly "piece07"}
		}
		{bone "piece06"
			{Position -4.9236 	 26.2724 	 10.5093}
			{poly "piece06"}
		}
		{bone "piece05"
			{matrix34
				-0.8995 	 0 	 0.4369
				0 	 -1 	 0
				0.4369 	 0 	 0.8995
				9.6249 	 -43.4184 	 3.0097
			}
			{poly "piece05"}
		}
		{bone "piece04"
			{matrix34
				-0.9892 	 0 	 0.1464
				0 	 -1 	 0
				0.1464 	 0 	 0.9892
				5.6234 	 51.7401 	 6.6467
			}
			{poly "piece04"}
		}
		{bone "piece03"
			{matrix34
				-0.8995 	 0 	 0.4369
				0 	 -1 	 0
				0.4369 	 0 	 0.8995
				11.9415 	 40.2535 	 0.8279
			}
			{poly "piece03"}
		}
		{bone "piece02"
			{matrix34
				-0.9892 	 0 	 0.1464
				0 	 -1 	 0
				0.1464 	 0 	 0.9892
				5.6234 	 -22.749 	 6.6467
			}
			{poly "piece02"}
		}
		{bone "piece01"
			{matrix34
				-0.9892 	 0 	 0.1464
				0 	 -1 	 0
				0.1464 	 0 	 0.9892
				16.6406 	 -30.8994 	 -2.7886
			}
			{poly "piece01"}
		}
		{bone "sub_piece01"
			{matrix34
				0.5974 	 0.6428 	 0.4796
				0.626 	 0 	 -0.7798
				-0.5012 	 0.766 	 -0.4024
				-15.9798 	 -28.9521 	 3.0123
			}
			{poly "sub_piece01"}
		}
		{bone "sub_piece03"
			{matrix34
				0.505 	 0.6428 	 0.576
				0.7519 	 0 	 -0.6592
				-0.4238 	 0.766 	 -0.4833
				-12.9264 	 36.4382 	 3.7824
			}
			{poly "sub_piece03"}
		}
		{bone "sub_piece02"
			{matrix34
				0.5974 	 0.6428 	 0.4796
				0.626 	 0 	 -0.7798
				-0.5012 	 0.766 	 -0.4024
				-12.9034 	 -51.2449 	 5.8038
			}
			{poly "sub_piece02"}
		}
		{bone "sub_piece04"
			{matrix34
				-0.5512 	 -0.6428 	 0.532
				-0.6945 	 0 	 -0.7195
				0.4625 	 -0.766 	 -0.4464
				8.0971 	 14.5879 	 0.3003
			}
			{poly "sub_piece04"}
		}
		{bone "sub_piece05"
			{matrix34
				-0.5881 	 -0.6428 	 0.4908
				-0.6407 	 0 	 -0.7678
				0.4935 	 -0.766 	 -0.4118
				7.432 	 -51.8578 	 3.5137
			}
			{poly "sub_piece05"}
		}
	}
}
{"volumes"
	{"piece01"
		{box 3.57306 17.1368 0.351305}
		{bone "piece01"}
		{matrix34
			-0.0623 	 0.9925 	 0.1054
			-0.8607 	 0 	 -0.5091
			-0.5053 	 -0.1224 	 0.8542
			-0.8017 	 0.0779 	 -0.0661
		}
	}
	{"piece02"
		{box 3.57306 17.1368 0.351305}
		{bone "piece02"}
		{matrix34
			-0.0623 	 0.9925 	 0.1054
			-0.8607 	 0 	 -0.5091
			-0.5053 	 -0.1224 	 0.8542
			-0.8017 	 0.0779 	 -0.0661
		}
	}
	{"piece03"
		{box 5.45006 33.0952 0.351305}
		{bone "piece03"}
		{matrix34
			-0.0559 	 0.9751 	 0.2144
			-0.9741 	 -0.0061 	 -0.2262
			-0.2193 	 -0.2215 	 0.9502
			-0.4812 	 1.0641 	 -0.0484
		}
	}
	{"piece04"
		{box 3.57306 17.1368 0.351305}
		{bone "piece04"}
		{matrix34
			-0.0623 	 0.9925 	 0.1054
			-0.8607 	 0 	 -0.5091
			-0.5053 	 -0.1224 	 0.8542
			-0.8017 	 0.0779 	 -0.0661
		}
	}
	{"piece05"
		{box 5.45006 33.0952 0.351305}
		{bone "piece05"}
		{matrix34
			0.0027 	 0.9992 	 -0.0388
			-0.9741 	 -0.0061 	 -0.2262
			-0.2263 	 0.0384 	 0.9733
			-0.4824 	 -0.3764 	 -0.0444
		}
	}
	{"piece06"
		{box 3.03614 21.2312 3.23517}
		{bone "piece06"}
		{Position 0 	 -2.4433 	 0.0156}
	}
	{"piece07"
		{box 3.03613 19.459 3.66969}
		{bone "piece07"}
		{Position 0 	 0 	 0}
	}
	{"piece08"
		{box 3.03614 21.2312 3.23517}
		{bone "piece08"}
		{Position 0 	 -2.4433 	 0.0156}
	}
	{"sub_piece01"
		{box 2.00691 13.9055 1.53178}
		{bone "sub_piece01"}
		{matrix34
			0 	 1 	 0
			-0.766 	 0 	 0.6428
			0.6428 	 0 	 0.766
			-0.3389 	 0 	 0.1911
		}
	}
	{"sub_piece02"
		{box 2.00691 13.9055 1.53178}
		{bone "sub_piece02"}
		{matrix34
			0 	 1 	 0
			-0.766 	 0 	 0.6428
			0.6428 	 0 	 0.766
			-0.3389 	 0 	 0.1911
		}
	}
	{"sub_piece03"
		{box 2.00691 13.9055 1.53178}
		{bone "sub_piece03"}
		{matrix34
			0 	 1 	 0
			-0.766 	 0 	 0.6428
			0.6428 	 0 	 0.766
			-0.3389 	 0 	 0.1911
		}
	}
	{"sub_piece04"
		{box 2.00691 13.9055 1.53178}
		{bone "sub_piece04"}
		{matrix34
			0 	 1 	 0
			-0.766 	 0 	 0.6428
			0.6428 	 0 	 0.766
			-0.3389 	 0 	 0.1911
		}
	}
	{"sub_piece05"
		{box 2.00691 13.9055 1.53178}
		{bone "sub_piece05"}
		{matrix34
			0 	 1 	 0
			-0.766 	 0 	 0.6428
			0.6428 	 0 	 0.766
			-0.3389 	 0 	 0.1911
		}
	}
}
