;Exported by	: KobaA
;Date			: 21.12.2023 14:52:24
;File			: d:\git\gem2-mdl-soldiers\models\unit\vehicle\sc_497\sc_497_x.max
{skeleton
	{bone "basis"
		{orientation
			1 	 0 	 0
			0 	 -1 	 0
			0 	 0 	 1
		}
		{bone "body_1"
			{parameters "id=body;"}
			{poly "body_1" {lod 0}}
			{poly "body_1_lod1" {lod 1}}
			{poly "body_1_lod2" {lod 2}}
			{poly "body_1_lod3" {lod 3 {last}}}
			{bone "body_2"
				{parameters "id=body;"}
				{poly "body_2" {lod 0}}
				{poly "body_2_lod1" {lod 1}}
				{poly "body_2_lod2" {lod 2}}
				{poly "body_2_lod3" {lod 3 {last}}}
			}
			{bone "body_3"
				{parameters "id=body;"}
				{poly "body_3" {lod 0}}
				{poly "body_3_lod1" {lod 1}}
				{poly "body_3_lod2" {lod 2}}
				{poly "body_3_lod3" {lod 3 {last}}}
			}
			{bone "body_4"
				{parameters "id=body;"}
				{poly "body_4" {lod 0}}
				{poly "body_4_lod1" {lod 1}}
				{poly "body_4_lod2" {lod 2}}
				{poly "body_4_lod3" {lod 3 {last}}}
			}
			{bone "detail1"
				{parameters "id=body;"}
				{Position -229.493 	 29.7723 	 56.616}
				{poly "detail1" {lod 0}}
				{poly "detail1_lod1" {lod 1}}
				{poly "detail1_lod2" {lod 2}}
				{poly "detail1_lod3" {lod 3 {last}}}
			}
			{bone "detail2"
				{parameters "id=body;"}
				{Position -229.493 	 -29.5979 	 56.616}
				{poly "detail2" {lod 0}}
				{poly "detail2_lod1" {lod 1}}
				{poly "detail2_lod2" {lod 2}}
				{poly "detail2_lod3" {lod 3 {last}}}
			}
			{bone "glass"
				{parameters "id=body;"}
				{Position 40.5654 	 -0.0022 	 85.6219}
				{poly "glass" {lod 0}}
				{poly "glass_lod1" {lod 1}}
				{poly "glass_lod2" {lod 2}}
				{poly "glass_lod3" {lod 3 {last}}}
			}
			{bone "stand2"
				{parameters "id=body;"}
				{Position 150.955 	 0.1443 	 49.1693}
				{poly "stand2" {lod 0}}
				{poly "stand2_lod1" {lod 1}}
				{poly "stand2_lod2" {lod 2}}
				{poly "stand2_lod3" {lod 3 {last}}}
				{bone revolute "turret2"
					{parameters "id=turret1;"}
					{speed 0.005}
					{Position 0.0272 	 0.0154 	 1.766}
					{poly "turret2" {lod 0}}
					{poly "turret2_lod1" {lod 1}}
					{poly "turret2_lod2" {lod 2}}
					{poly "turret2_lod3" {lod 3 {last}}}
					{bone revolute "gun_rot2"
						{parameters "id=gun1;"}
						{limits -10 10}
						{speed 0.001}
						{matrix34
							1 	 0 	 0
							0 	 0 	 1
							0 	 -1 	 0
							-0.0046 	 3.4092 	 31.6477
						}
						{poly "gun_rot2" {lod 0}}
						{poly "gun_rot2_lod1" {lod 1}}
						{poly "gun_rot2_lod2" {lod 2}}
						{poly "gun_rot2_lod3" {lod 3 {last}}}
						{bone "gun2"
							{parameters "id=gun1;"}
							{matrix34
								1 	 0 	 0
								0 	 0 	 -1
								0 	 1 	 0
								-18.3561 	 -1.0474 	 4.1554
							}
							{poly "gun2" {lod 0}}
							{poly "gun2_lod1" {lod 1}}
							{poly "gun2_lod2" {lod 2}}
							{poly "gun2_lod3" {lod 3 {last}}}
							{bone "shutter"
								{parameters "id=gun1;"}
								{Position -0.83 	 0.782 	 1.1345}
								{poly "shutter" {lod 0}}
								{poly "shutter_lod1" {lod 1}}
								{poly "shutter_lod2" {lod 2}}
								{poly "shutter_lod3" {lod 3 {last}}}
							}
							{bone "visor2"
								{Position 51.7611 	 0.5865 	 21.7257}
							}
							{bone "foresight20"
								{Position 74.646 	 0.5865 	 1.2351}
							}
						}
					}
				}
			}
			{bone "stand3"
				{parameters "id=body;"}
				{matrix34
					0 	 1 	 0
					-1 	 0 	 0
					0 	 0 	 1
					-59.2233 	 28.5138 	 49.8854
				}
				{poly "stand3" {lod 0}}
				{poly "stand3_lod1" {lod 1}}
				{poly "stand3_lod2" {lod 2}}
				{poly "stand3_lod3" {lod 3 {last}}}
				{bone revolute "turret3"
					{parameters "id=turret2;"}
					{speed 0.005}
					{Position -0.0033 	 0.0011 	 20.8428}
					{poly "turret3" {lod 0}}
					{poly "turret3_lod1" {lod 1}}
					{poly "turret3_lod2" {lod 2}}
					{poly "turret3_lod3" {lod 3 {last}}}
					{bone revolute "gun_rot3"
						{parameters "id=gun2;"}
						{limits -10 10}
						{speed 0.001}
						{matrix34
							1 	 0 	 0
							0 	 0 	 1
							0 	 -1 	 0
							-7.1928 	 -3.1535 	 4.3132
						}
						{poly "gun_rot3" {lod 0}}
						{poly "gun_rot3_lod1" {lod 1}}
						{poly "gun_rot3_lod2" {lod 2}}
						{poly "gun_rot3_lod3" {lod 3 {last}}}
						{bone "gun3"
							{parameters "id=gun2;"}
							{matrix34
								1 	 0 	 0
								0 	 0 	 -1
								0 	 1 	 0
								19.2086 	 -0.0031 	 -3.1567
							}
							{poly "gun3" {lod 0}}
							{poly "gun3_lod1" {lod 1}}
							{poly "gun3_lod2" {lod 2}}
							{poly "gun3_lod3" {lod 3 {last}}}
							{bone "foresight21"
								{Position 15.4157 	 -0.0012 	 0.0095}
							}
						}
					}
				}
			}
			{bone "stand4"
				{parameters "id=body;"}
				{matrix34
					0 	 -1 	 0
					1 	 0 	 0
					0 	 0 	 1
					-59.2233 	 -28.7354 	 49.8854
				}
				{poly "stand4" {lod 0}}
				{poly "stand4_lod1" {lod 1}}
				{poly "stand4_lod2" {lod 2}}
				{poly "stand4_lod3" {lod 3 {last}}}
				{bone revolute "turret4"
					{parameters "id=turret3;"}
					{speed 0.005}
					{Position -0.0033 	 0.0011 	 20.8428}
					{poly "turret4" {lod 0}}
					{poly "turret4_lod1" {lod 1}}
					{poly "turret4_lod2" {lod 2}}
					{poly "turret4_lod3" {lod 3 {last}}}
					{bone revolute "gun_rot4"
						{parameters "id=gun3;"}
						{limits -10 10}
						{speed 0.001}
						{matrix34
							1 	 0 	 0
							0 	 0 	 1
							0 	 -1 	 0
							-7.1928 	 -3.1535 	 4.3132
						}
						{poly "gun_rot4" {lod 0}}
						{poly "gun_rot4_lod1" {lod 1}}
						{poly "gun_rot4_lod2" {lod 2}}
						{poly "gun_rot4_lod3" {lod 3 {last}}}
						{bone "gun4"
							{parameters "id=gun3;"}
							{matrix34
								1 	 0 	 0
								0 	 0 	 -1
								0 	 1 	 0
								19.2086 	 -0.0031 	 -3.1567
							}
							{poly "gun4" {lod 0}}
							{poly "gun4_lod1" {lod 1}}
							{poly "gun4_lod2" {lod 2}}
							{poly "gun4_lod3" {lod 3 {last}}}
							{bone "foresight22"
								{Position 15.6123 	 -0.0077 	 0.0095}
							}
						}
					}
				}
			}
			{bone revolute "stand"
				{parameters "id=turret;"}
				{speed 0.01}
				{Position -147.666 	 -0.1342 	 61.2062}
				{poly "stand" {lod 0}}
				{poly "stand_lod1" {lod 1}}
				{poly "stand_lod2" {lod 2}}
				{poly "stand_lod3" {lod 3 {last}}}
				{bone revolute "turret"
					{parameters "id=turret;"}
					{speed 0.01}
					{Position 0 	 0 	 2.5952}
					{poly "turret" {lod 0}}
					{poly "turret_lod1" {lod 1}}
					{poly "turret_lod2" {lod 2}}
					{poly "turret_lod3" {lod 3 {last}}}
					{bone revolute "gun_rot"
						{parameters "id=gun;"}
						{limits 0 60}
						{speed 0.08}
						{matrix34
							1 	 0 	 0
							0 	 0 	 1
							0 	 -1 	 0
							-2.4415 	 0 	 16.7387
						}
						{poly "gun_rot" {lod 0}}
						{poly "gun_rot_lod1" {lod 1}}
						{poly "gun_rot_lod2" {lod 2}}
						{poly "gun_rot_lod3" {lod 3 {last}}}
						{bone "gun"
							{parameters "id=gun;"}
							{matrix34
								1 	 0 	 0
								0 	 0 	 -1
								0 	 1 	 0
								39.6093 	 0.0717 	 0
							}
							{poly "gun" {lod 0}}
							{poly "gun_lod1" {lod 1}}
							{poly "gun_lod2" {lod 2}}
							{poly "gun_lod3" {lod 3 {last}}}
							{bone "foresight1"
								{matrix34
									1 	 0 	 -0.0001
									0 	 1 	 0
									0.0001 	 0 	 1
									18.4377 	 0 	 0.0893
								}
							}
						}
						{bone "detail3"
							{parameters "id=gun;"}
							{matrix34
								1 	 0 	 0
								0 	 0 	 -1
								0 	 1 	 0
								-0.6461 	 5.505 	 0
							}
							{poly "detail3" {lod 0}}
							{poly "detail3_lod1" {lod 1}}
							{poly "detail3_lod2" {lod 2}}
							{poly "detail3_lod3" {lod 3 {last}}}
						}
						{bone "ammo"
							{parameters "id=gun;"}
							{matrix34
								0.9991 	 0.0432 	 0
								0 	 0 	 -1
								-0.0432 	 0.9991 	 0
								0.1731 	 2.9699 	 0.0083
							}
							{poly "ammo" {lod 0}}
							{poly "ammo_lod1" {lod 1}}
							{poly "ammo_lod2" {lod 2}}
							{poly "ammo_lod3" {lod 3 {last}}}
						}
						{bone revolute "gun_rotator2"
							{parameters "id=gun;"}
							{matrix34
								0.9962 	 -0.0872 	 0
								0.0872 	 0.9962 	 0
								0 	 0 	 1
								-2.7545 	 -4.8428 	 0
							}
							{poly "gun_rotator2" {lod 0}}
							{poly "gun_rotator2_lod1" {lod 1}}
							{poly "gun_rotator2_lod2" {lod 2}}
							{poly "gun_rotator2_lod3" {lod 3 {last}}}
						}
					}
					{bone revolute "gun_rotator1"
						{parameters "id=gun;"}
						{matrix34
							-0.9951 	 0 	 0.0986
							-0.0986 	 0 	 -0.9951
							0 	 -1 	 0
							6.3153 	 0 	 10.6324
						}
						{poly "gun_rotator1" {lod 0}}
						{poly "gun_rotator1_lod1" {lod 1}}
						{poly "gun_rotator1_lod2" {lod 2}}
						{poly "gun_rotator1_lod3" {lod 3 {last}}}
					}
				}
			}
			{bone "pivot_front"
				{Position 135.215 	 0 	 20.6326}
			}
			{bone "pivot_back"
				{Position -161.739 	 0 	 20.6326}
			}
			{bone "visor1"
				{Position 80.7888 	 0 	 147.033}
			}
			{bone revolute "searchlight"
				{parameters "id=body;"}
				{limits -10 10}
				{speed 0.08}
				{matrix34
					1 	 0 	 0
					0 	 0 	 1
					0 	 -1 	 0
					19.6563 	 15.3838 	 133.58
				}
				{poly "searchlight" {lod 0}}
				{poly "searchlight_lod1" {lod 1}}
				{poly "searchlight_lod2" {lod 2}}
				{poly "searchlight_lod3" {lod 3 {last}}}
				{bone "light_point"
					{matrix34
						1 	 0 	 0
						0 	 0 	 -1
						0 	 1 	 0
						3.4912 	 0.3101 	 0.0333
					}
				}
				{bone "lamp_light_spot1"
					{matrix34
						1 	 0 	 0
						0 	 0 	 -1
						0 	 1 	 0
						3.5398 	 0.3101 	 0.0333
					}
				}
				{bone "lamp_light_point1"
					{parameters "id=body;"}
					{matrix34
						1 	 0 	 0
						0 	 0 	 -1
						0 	 1 	 0
						3.1136 	 0.0175 	 0.0333
					}
					{poly "lamp_light_point1" {lod 0}}
					{poly "lamp_light_point1_lod1" {lod 1}}
					{poly "lamp_light_point1_lod2" {lod 2}}
					{poly "lamp_light_point1_lod3" {lod 3 {last}}}
				}
				{bone "lamp_glass1"
					{parameters "id=body;"}
					{matrix34
						1 	 0 	 0
						0 	 0 	 -1
						0 	 1 	 0
						3.081 	 0.0175 	 0.0333
					}
					{poly "lamp_glass1" {lod 0}}
					{poly "lamp_glass1_lod1" {lod 1}}
					{poly "lamp_glass1_lod2" {lod 2}}
					{poly "lamp_glass1_lod3" {lod 3 {last}}}
				}
				{bone "foresight25"
					{matrix34
						1 	 0 	 0
						0 	 0 	 -1
						0 	 1 	 0
						3.6282 	 0.3101 	 0.0333
					}
				}
			}
			{bone "stand5"
				{parameters "id=body;"}
				{matrix34
					-0.9962 	 0 	 -0.0872
					0 	 -1 	 0
					-0.0872 	 0 	 0.9962
					238.085 	 -18.5173 	 62.9491
				}
				{poly "stand5" {lod 0}}
				{poly "stand5_lod1" {lod 1}}
				{poly "stand5_lod2" {lod 2}}
				{poly "stand5_lod3" {lod 3 {last}}}
				{bone revolute "gun_rotator4"
					{parameters "id=gun4;"}
					{matrix34
						0.6843 	 0 	 0.7292
						-0.7292 	 0 	 0.6843
						0 	 -1 	 0
						-11.6091 	 -0.027 	 -2.5294
					}
					{poly "gun_rotator4" {lod 0}}
					{poly "gun_rotator4_lod1" {lod 1}}
					{poly "gun_rotator4_lod2" {lod 2}}
					{poly "gun_rotator4_lod3" {lod 3 {last}}}
				}
				{bone "apparat5"
					{parameters "id=body;"}
					{matrix34
						0.9903 	 0 	 -0.1392
						0 	 1 	 0
						0.1392 	 0 	 0.9903
						21.2115 	 8.3663 	 -4.1945
					}
					{poly "apparat5" {lod 0}}
					{poly "apparat5_lod1" {lod 1}}
					{poly "apparat5_lod2" {lod 2}}
					{poly "apparat5_lod3" {lod 3 {last}}}
				}
				{bone revolute "gun_rot5"
					{parameters "id=gun4;"}
					{limits -10 10}
					{speed 0.001}
					{matrix34
						0.9397 	 0 	 0.342
						-0.342 	 0 	 0.9397
						0 	 -1 	 0
						7.2994 	 -12.9733 	 5.945
					}
					{poly "gun_rot5" {lod 0}}
					{poly "gun_rot5_lod1" {lod 1}}
					{poly "gun_rot5_lod2" {lod 2}}
					{poly "gun_rot5_lod3" {lod 3 {last}}}
					{bone "gun5"
						{parameters "id=gun4;"}
						{matrix34
							-1 	 0 	 0
							0 	 1 	 0
							0 	 0 	 -1
							-10.7304 	 19.1914 	 -2.6395
						}
						{poly "gun5" {lod 0}}
						{poly "gun5_lod1" {lod 1}}
						{poly "gun5_lod2" {lod 2}}
						{poly "gun5_lod3" {lod 3 {last}}}
						{bone "rocket07"
							{matrix34
								0.7071 	 0.7071 	 0
								0.7071 	 -0.7071 	 0
								0 	 0 	 -1
								-19.8756 	 -18.8719 	 19.9763
							}
							{poly "rocket07"}
							{bone "barrel07"
								{orientation
									-1 	 0 	 0
									0 	 -1 	 0
									0 	 0 	 1
								}
							}
							{bone "shooter07"
								{Position 47.9656 	 0 	 0}
							}
						}
						{bone "rocket06"
							{matrix34
								0.7071 	 0.7071 	 0
								0.7071 	 -0.7071 	 0
								0 	 0 	 -1
								-19.8756 	 -18.8719 	 17.2251
							}
							{poly "rocket06"}
							{bone "barrel06"
								{orientation
									-1 	 0 	 0
									0 	 -1 	 0
									0 	 0 	 1
								}
							}
							{bone "shooter06"
								{Position 47.9655 	 0 	 0}
							}
						}
						{bone "rocket05"
							{matrix34
								0.7071 	 0.7071 	 0
								0.7071 	 -0.7071 	 0
								0 	 0 	 -1
								-19.8756 	 -18.8719 	 14.4632
							}
							{poly "rocket05"}
							{bone "barrel05"
								{orientation
									-1 	 0 	 0
									0 	 -1 	 0
									0 	 0 	 1
								}
							}
							{bone "shooter05"
								{Position 47.9656 	 0 	 0}
							}
						}
						{bone "rocket04"
							{matrix34
								0.7071 	 0.7071 	 0
								0.7071 	 -0.7071 	 0
								0 	 0 	 -1
								-19.8756 	 -18.872 	 11.7098
							}
							{poly "rocket04"}
							{bone "barrel04"
								{orientation
									-1 	 0 	 0
									0 	 -1 	 0
									0 	 0 	 1
								}
							}
							{bone "shooter04"
								{Position 47.9656 	 0 	 0}
							}
						}
						{bone "rocket03"
							{matrix34
								0.7071 	 0.7071 	 0
								0.7071 	 -0.7071 	 0
								0 	 0 	 -1
								-19.8756 	 -18.872 	 8.9478
							}
							{poly "rocket03"}
							{bone "barrel03"
								{orientation
									-1 	 0 	 0
									0 	 -1 	 0
									0 	 0 	 1
								}
							}
							{bone "shooter03"
								{Position 47.9656 	 0 	 0}
							}
						}
						{bone "rocket02"
							{matrix34
								0.7071 	 0.7071 	 0
								0.7071 	 -0.7071 	 0
								0 	 0 	 -1
								-19.8756 	 -18.872 	 6.1936
							}
							{poly "rocket02"}
							{bone "barrel02"
								{orientation
									-1 	 0 	 0
									0 	 -1 	 0
									0 	 0 	 1
								}
							}
							{bone "shooter02"
								{Position 47.9656 	 0 	 0}
							}
						}
						{bone "rocket01"
							{matrix34
								0.7071 	 0.7071 	 0
								0.7071 	 -0.7071 	 0
								0 	 0 	 -1
								-19.8757 	 -18.872 	 3.4397
							}
							{poly "rocket01"}
							{bone "barrel01"
								{orientation
									-1 	 0 	 0
									0 	 -1 	 0
									0 	 0 	 1
								}
							}
							{bone "shooter01"
								{Position 47.9656 	 0 	 0}
							}
						}
						{bone "rocket00"
							{matrix34
								0.7071 	 0.7071 	 0
								0.7071 	 -0.7071 	 0
								0 	 0 	 -1
								-19.8756 	 -18.8719 	 0.6859
							}
							{poly "rocket00"}
							{bone "barrel00"
								{orientation
									-1 	 0 	 0
									0 	 -1 	 0
									0 	 0 	 1
								}
							}
							{bone "shooter00"
								{Position 47.9655 	 0 	 0}
							}
						}
						{bone "foresight23"
							{matrix34
								0.7071 	 0.7071 	 0
								0.7071 	 -0.7071 	 0
								0 	 0 	 -1
								15.5708 	 16.5746 	 -8.1836
							}
						}
						{bone "rocket08"
							{matrix34
								0.7071 	 0.7071 	 0
								0.7071 	 -0.7071 	 0
								0 	 0 	 -1
								-19.8757 	 -18.8719 	 -17.1326
							}
							{poly "rocket08"}
							{bone "barrel08"
								{matrix34
									-1 	 0 	 0
									0 	 -1 	 0
									0 	 0 	 1
									0 	 0 	 -0.045
								}
							}
							{bone "shooter08"
								{matrix34
									1 	 0 	 0
									0 	 1 	 0
									0 	 0 	 1
									47.9656 	 0 	 0.0185
								}
							}
						}
						{bone "rocket09"
							{matrix34
								0.7071 	 0.7071 	 0
								0.7071 	 -0.7071 	 0
								0 	 0 	 -1
								-19.8758 	 -18.872 	 -19.8864
							}
							{poly "rocket09"}
							{bone "barrel09"
								{matrix34
									-1 	 0 	 0
									0 	 -1 	 0
									0 	 0 	 1
									0 	 0 	 -0.045
								}
							}
							{bone "shooter09"
								{matrix34
									1 	 0 	 0
									0 	 1 	 0
									0 	 0 	 1
									47.9656 	 0 	 0.0185
								}
							}
						}
						{bone "rocket10"
							{matrix34
								0.7071 	 0.7071 	 0
								0.7071 	 -0.7071 	 0
								0 	 0 	 -1
								-19.8758 	 -18.872 	 -22.6403
							}
							{poly "rocket10"}
							{bone "barrel10"
								{matrix34
									-1 	 0 	 0
									0 	 -1 	 0
									0 	 0 	 1
									0 	 0 	 -0.045
								}
							}
							{bone "shooter10"
								{matrix34
									1 	 0 	 0
									0 	 1 	 0
									0 	 0 	 1
									47.9656 	 0 	 0.0185
								}
							}
						}
						{bone "rocket11"
							{matrix34
								0.7071 	 0.7071 	 0
								0.7071 	 -0.7071 	 0
								0 	 0 	 -1
								-19.8759 	 -18.872 	 -25.3945
							}
							{poly "rocket11"}
							{bone "barrel11"
								{matrix34
									-1 	 0 	 0
									0 	 -1 	 0
									0 	 0 	 1
									0 	 0 	 -0.045
								}
							}
							{bone "shooter11"
								{matrix34
									1 	 0 	 0
									0 	 1 	 0
									0 	 0 	 1
									47.9656 	 0 	 0.0185
								}
							}
						}
						{bone "rocket12"
							{matrix34
								0.7071 	 0.7071 	 0
								0.7071 	 -0.7071 	 0
								0 	 0 	 -1
								-19.8759 	 -18.872 	 -28.1565
							}
							{poly "rocket12"}
							{bone "barrel12"
								{matrix34
									-1 	 0 	 0
									0 	 -1 	 0
									0 	 0 	 1
									0 	 0 	 -0.045
								}
							}
							{bone "shooter12"
								{matrix34
									1 	 0 	 0
									0 	 1 	 0
									0 	 0 	 1
									47.9656 	 0 	 0.0184
								}
							}
						}
						{bone "rocket13"
							{matrix34
								0.7071 	 0.7071 	 0
								0.7071 	 -0.7071 	 0
								0 	 0 	 -1
								-19.8759 	 -18.872 	 -30.9099
							}
							{poly "rocket13"}
							{bone "barrel13"
								{matrix34
									-1 	 0 	 0
									0 	 -1 	 0
									0 	 0 	 1
									0 	 0 	 -0.045
								}
							}
							{bone "shooter13"
								{matrix34
									1 	 0 	 0
									0 	 1 	 0
									0 	 0 	 1
									47.9656 	 0 	 0.0185
								}
							}
						}
						{bone "rocket14"
							{matrix34
								0.7071 	 0.7071 	 0
								0.7071 	 -0.7071 	 0
								0 	 0 	 -1
								-19.876 	 -18.872 	 -33.6719
							}
							{poly "rocket14"}
							{bone "barrel14"
								{matrix34
									-1 	 0 	 0
									0 	 -1 	 0
									0 	 0 	 1
									0 	 0 	 -0.045
								}
							}
							{bone "shooter14"
								{matrix34
									1 	 0 	 0
									0 	 1 	 0
									0 	 0 	 1
									47.9656 	 0 	 0.0184
								}
							}
						}
						{bone "rocket15"
							{matrix34
								0.7071 	 0.7071 	 0
								0.7071 	 -0.7071 	 0
								0 	 0 	 -1
								-19.876 	 -18.872 	 -36.423
							}
							{poly "rocket15"}
							{bone "barrel15"
								{matrix34
									-1 	 0 	 0
									0 	 -1 	 0
									0 	 0 	 1
									0 	 0 	 -0.045
								}
							}
							{bone "shooter15"
								{matrix34
									1 	 0 	 0
									0 	 1 	 0
									0 	 0 	 1
									47.9655 	 0 	 0.0185
								}
							}
						}
					}
					{bone revolute "gun_rotator3"
						{parameters "id=gun4;"}
						{matrix34
							-0.8949 	 -0.4462 	 0
							-0.4462 	 0.8949 	 0
							0 	 0 	 -1
							-2.1523 	 7.6252 	 -12.9424
						}
						{poly "gun_rotator3" {lod 0}}
						{poly "gun_rotator3_lod1" {lod 1}}
						{poly "gun_rotator3_lod2" {lod 2}}
						{poly "gun_rotator3_lod3" {lod 3 {last}}}
					}
				}
			}
			{bone "boat1"
				{parameters "id=body;"}
				{matrix34
					0.9986 	 -0.0499 	 0.0157
					0.0523 	 0.9524 	 -0.3003
					0 	 0.3007 	 0.9537
					-147.821 	 46.3213 	 48.9237
				}
				{poly "boat1" {lod 0}}
				{poly "boat1_lod1" {lod 1}}
				{poly "boat1_lod2" {lod 2}}
				{poly "boat1_lod3" {lod 3 {last}}}
			}
			{bone "boat2"
				{parameters "id=body;"}
				{matrix34
					0.9986 	 -0.0499 	 0.0157
					0.0523 	 0.9524 	 -0.3003
					0 	 0.3007 	 0.9537
					-147.821 	 -46.3213 	 48.9237
				}
				{poly "boat2" {lod 0}}
				{poly "boat2_lod1" {lod 1}}
				{poly "boat2_lod2" {lod 2}}
				{poly "boat2_lod3" {lod 3 {last}}}
			}
			{bone "flag"
				{parameters "id=body;"}
				{matrix34
					0.1908 	 0 	 -0.9816
					0.9816 	 0 	 0.1908
					0 	 -1 	 0
					-354.975 	 -0.0235 	 82.4778
				}
				{poly "flag"}
			}
			{bone "flag1"
				{parameters "id=body;"}
				{matrix34
					0.1908 	 0 	 -0.9816
					0.9816 	 0 	 0.1908
					0 	 -1 	 0
					-354.975 	 -0.0235 	 82.4778
				}
				{poly "flag1"}
			}
		}
	}
}
{"volumes"
	{"boat1"
		{polyhedron}
		{bone "boat1"}
		{matrix34
			0.995 	 0.0962 	 0.0279
			-0.0324 	 0.5727 	 -0.8192
			-0.0947 	 0.8141 	 0.5729
			3.3695 	 -2.7309 	 -1.0868
		}
	}
	{"boat2"
		{polyhedron}
		{bone "boat2"}
		{matrix34
			0.9997 	 0.0022 	 -0.0231
			-0.0231 	 0.0086 	 -0.9997
			-0.002 	 1 	 0.0087
			3.3737 	 -2.8106 	 0.336
		}
	}
	{"body01"
		{polyhedron}
		{bone "body_1"}
		{Position 0.6214 	 0 	 0}
	}
	{"body02"
		{box 101.502 66.4299 20.4241}
		{bone "body_1"}
		{Position 53.0559 	 -0.0891 	 48.7759}
	}
	{"body03"
		{polyhedron}
		{bone "body_1"}
		{Position 38.2013 	 -0.0891 	 59.2011}
	}
	{"body04"
		{box 48.1307 12.7942 10.6376}
		{bone "body_1"}
		{matrix34
			0.9976 	 0 	 0.0698
			0 	 1 	 0
			-0.0698 	 0 	 0.9976
			144.466 	 -39.4766 	 52.5284
		}
	}
	{"body05"
		{box 48.1307 12.7942 10.6376}
		{bone "body_1"}
		{matrix34
			0.9976 	 0 	 0.0698
			0 	 1 	 0
			-0.0698 	 0 	 0.9976
			144.466 	 39.4685 	 52.5284
		}
	}
	{"body06"
		{box 26.5395 16.9246 14.5326}
		{bone "body_1"}
		{matrix34
			0.9659 	 0 	 0.2588
			0 	 1 	 0
			-0.2588 	 0 	 0.9659
			97.1169 	 -25.4463 	 66.6142
		}
	}
	{"body07"
		{box 26.5395 16.9246 14.5326}
		{bone "body_1"}
		{matrix34
			0.9659 	 0 	 0.2588
			0 	 1 	 0
			-0.2588 	 0 	 0.9659
			97.1169 	 25.4527 	 66.6142
		}
	}
	{"body08"
		{box 14.8419 37.1769 15.7368}
		{bone "body_1"}
		{Position 88.4444 	 0 	 67.4639}
	}
	{"body09"
		{box 19.0549 12.7942 11.6034}
		{bone "body_1"}
		{matrix34
			0.9994 	 0 	 0.0349
			0 	 1 	 0
			-0.0349 	 0 	 0.9994
			58.4052 	 38.7398 	 49.9086
		}
	}
	{"body10"
		{box 11.642 36.3043 15.9201}
		{bone "body_1"}
		{Position -26.6544 	 -29.891 	 58.0994}
	}
	{"body11"
		{box 11.642 36.3043 15.9201}
		{bone "body_1"}
		{Position -26.6544 	 29.8819 	 58.0994}
	}
	{"body12"
		{box 9.83738 9.71432 15.7207}
		{bone "body_1"}
		{Position -34.5396 	 0 	 57.9556}
	}
	{"body13"
		{box 125.12 94.3848 3.24176}
		{bone "body_1"}
		{Position -26.7408 	 0 	 48.5471}
	}
	{"body14"
		{box 98.4252 62.2952 15.1165}
		{bone "body_1"}
		{Position -40.5564 	 0 	 39.4421}
	}
	{"body15"
		{box 19.684 17.0289 34.5962}
		{bone "body_1"}
		{Position -90.6786 	 0.2996 	 53.5806}
	}
	{"body16"
		{box 19.684 17.0289 34.5962}
		{bone "body_1"}
		{Position -180.943 	 0.2996 	 53.5806}
	}
	{"body17"
		{polyhedron}
		{bone "body_1"}
		{Position -143.854 	 0 	 36.1564}
	}
	{"body18"
		{box 11.2153 30.7162 13.3485}
		{bone "body_1"}
		{Position -114.455 	 0 	 67.524}
	}
	{"body19"
		{box 10.5152 15.0401 8.94348}
		{bone "body_1"}
		{Position -178.423 	 0 	 75.2764}
	}
	{"body20"
		{box 10.8112 35.143 22.4511}
		{bone "body_1"}
		{Position -184.37 	 0 	 47.2037}
	}
	{"body21"
		{box 9.83738 9.71432 15.7207}
		{bone "body_1"}
		{Position -184.042 	 -23.058 	 44.7608}
	}
	{"body22"
		{box 9.83738 9.71432 15.7207}
		{bone "body_1"}
		{Position -214.231 	 -13.7951 	 44.7608}
	}
	{"body23"
		{box 9.83738 9.71432 15.7207}
		{bone "body_1"}
		{Position -214.231 	 14.8177 	 44.7608}
	}
	{"body24"
		{polyhedron}
		{bone "body_1"}
		{matrix34
			0.9945 	 0 	 0.1045
			0 	 1 	 0
			-0.1045 	 0 	 0.9945
			196.972 	 0 	 50.9478
		}
	}
	{"body25"
		{polyhedron}
		{bone "body_1"}
		{matrix34
			0.9976 	 0 	 0.0698
			0 	 1 	 0
			-0.0698 	 0 	 0.9976
			148.668 	 47.5493 	 44.8222
		}
	}
	{"body26"
		{polyhedron}
		{bone "body_1"}
		{matrix34
			0.9976 	 0 	 0.0698
			0 	 1 	 0
			-0.0698 	 0 	 0.9976
			148.668 	 -47.5591 	 44.8222
		}
	}
	{"body27"
		{cylinder 2.83753 159.775}
		{bone "body_1"}
		{matrix34
			1 	 0 	 0
			0 	 0.9997 	 -0.0262
			0 	 0.0262 	 0.9997
			-2.7781 	 2.0912 	 129.613
		}
	}
	{"body28"
		{cylinder 7.74646 17.8705}
		{bone "body_1"}
		{matrix34
			0.9954 	 0 	 -0.0958
			-0.0125 	 0.9914 	 -0.1299
			0.095 	 0.1305 	 0.9869
			3.3976 	 6.7532 	 217.836
		}
	}
	{"body29"
		{cylinder 3.97024 11.6386}
		{bone "body_1"}
		{Position 260.025 	 -6.4154 	 63.5111}
	}
	{"body30"
		{cylinder 3.97024 11.6386}
		{bone "body_1"}
		{Position 260.025 	 6.5109 	 63.5111}
	}
	{"body31"
		{cylinder 3.98894 7.28031}
		{bone "searchlight"}
		{matrix34
			0 	 -1 	 0
			0 	 0 	 -1
			1 	 0 	 0
			-0.4157 	 0 	 0
		}
	}
	{"engine"
		{polyhedron}
		{bone "body_1"}
		{Position 0.6214 	 0 	 0}
	}
	{"gun"
		{cylinder 0.919615 35.6617}
		{bone "gun"}
		{matrix34
			-0.1045 	 0.9945 	 0
			0.0371 	 0.0039 	 0.9993
			0.9938 	 0.1045 	 -0.0373
			0.5134 	 1.8625 	 -0.8203
		}
	}
	{"gun1"
		{cylinder 1.67421 47.5934}
		{bone "gun2"}
		{matrix34
			-0.0523 	 -0.0018 	 -0.9986
			-0.0349 	 0.9994 	 0
			0.998 	 0.0349 	 -0.0523
			50.0722 	 1.5755 	 -0.1107
		}
	}
	{"gun3"
		{cylinder 0.978084 24.5411}
		{bone "gun3"}
		{matrix34
			-0.061 	 -0.9981 	 0
			0 	 0 	 -1
			0.9981 	 -0.061 	 0
			2.8942 	 -0.7491 	 0
		}
	}
	{"gun4"
		{cylinder 0.978084 24.5411}
		{bone "gun4"}
		{matrix34
			0 	 1 	 0
			0.0872 	 0 	 0.9962
			0.9962 	 0 	 -0.0872
			2.657 	 -0.0088 	 -1.0694
		}
	}
	{"gun5_01"
		{box 49.4844 22.1395 3.03743}
		{bone "gun5"}
		{matrix34
			0.7071 	 0.7071 	 0
			0 	 0 	 -1
			-0.7071 	 0.7071 	 0
			-3.0223 	 -2.1137 	 10.2714
		}
	}
	{"gun5_02"
		{box 49.4844 22.1395 3.03743}
		{bone "gun5"}
		{matrix34
			0.7071 	 0.7071 	 0
			0 	 0 	 -1
			-0.7071 	 0.7071 	 0
			-3.0226 	 -2.1137 	 -26.8719
		}
	}
	{"gun_rot2"
		{box 33.6458 6.8057 10.1389}
		{bone "gun_rot2"}
		{matrix34
			1 	 0 	 0
			0 	 0 	 -1
			0 	 1 	 0
			-5.1746 	 -1.2725 	 3.5688
		}
	}
	{"gun_rot3"
		{box 5.25352 16.7267 7.16019}
		{bone "gun_rot3"}
		{matrix34
			0 	 0 	 1
			1 	 0 	 0
			0 	 1 	 0
			0.9784 	 -1.6078 	 -3.403
		}
	}
	{"gun_rot4"
		{box 5.25352 16.7267 7.16019}
		{bone "gun_rot4"}
		{matrix34
			0 	 0 	 -1
			-1 	 0 	 0
			0 	 1 	 0
			0.7638 	 -1.6078 	 -2.9016
		}
	}
	{"gun_rot5_01"
		{cylinder 1.58858 26.7371}
		{bone "gun_rot5"}
		{matrix34
			-0.9659 	 0.2588 	 0
			-0.2588 	 -0.9659 	 0
			0 	 0 	 1
			0.0132 	 5.3685 	 -12.9354
		}
	}
	{"gun_rot5_02"
		{cylinder 1.58858 26.7371}
		{bone "gun_rot5"}
		{matrix34
			-0.9659 	 0.2588 	 0
			-0.2588 	 -0.9659 	 0
			0 	 0 	 1
			0.0132 	 5.3684 	 23.8642
		}
	}
	{"gun_rot_01"
		{box 19.1732 5.08825 6.56579}
		{bone "gun_rot"}
		{matrix34
			1 	 0 	 0
			0 	 0 	 -1
			0 	 1 	 0
			2.4472 	 -0.5863 	 0
		}
	}
	{"gun_rot_02"
		{cylinder 1.83923 11.9559}
		{bone "gun_rot"}
		{matrix34
			0 	 0 	 -1
			0 	 1 	 0
			1 	 0 	 0
			18.071 	 -0.0838 	 0
		}
	}
	{"stand"
		{cylinder 7.16115 7.75389}
		{bone "stand"}
		{Position 0 	 0 	 1.7423}
	}
	{"stand2"
		{cylinder 11.1856 4.56002}
		{bone "stand2"}
		{Position 0.456 	 -0.329 	 1.4264}
	}
	{"stand3"
		{polyhedron}
		{bone "stand3"}
		{matrix34
			0 	 -1 	 0
			1 	 0 	 0
			0 	 0 	 1
			-0.173 	 -0.1939 	 0.1639
		}
	}
	{"stand4"
		{polyhedron}
		{bone "stand4"}
		{matrix34
			0 	 1 	 0
			-1 	 0 	 0
			0 	 0 	 1
			-0.1262 	 0.1938 	 0.1639
		}
	}
	{"stand5_01"
		{polyhedron}
		{bone "stand5"}
		{matrix34
			-0.9962 	 0 	 -0.0872
			0 	 -1 	 0
			-0.0872 	 0 	 0.9962
			7.7337 	 -0.0558 	 -6.3923
		}
	}
	{"stand5_02"
		{polyhedron}
		{bone "stand5"}
		{matrix34
			-0.9962 	 0 	 -0.0872
			0 	 -1 	 0
			-0.0872 	 0 	 0.9962
			7.7337 	 -37.1538 	 -6.3923
		}
	}
	{"turret01"
		{box 5.8078 8.55229 14.6747}
		{bone "turret"}
		{Position 3.0759 	 0 	 9.3316}
	}
	{"turret02"
		{box 8.05766 15.0525 1.51198}
		{bone "turret"}
		{Position 9.5816 	 0 	 2.7503}
	}
	{"turret03"
		{box 1.12807 11.0186 16.309}
		{bone "turret"}
		{matrix34
			0.9337 	 0 	 0.3581
			0 	 1 	 0
			-0.3581 	 0 	 0.9337
			11.8474 	 10.886 	 12.5941
		}
	}
	{"turret04"
		{box 1.12807 11.0186 16.309}
		{bone "turret"}
		{matrix34
			0.9337 	 0 	 0.3581
			0 	 1 	 0
			-0.3581 	 0 	 0.9337
			11.8474 	 -11.0039 	 12.5941
		}
	}
	{"turret2"
		{polyhedron}
		{bone "turret2"}
		{Position -0.1678 	 -0.3443 	 2.3742}
	}
	{"turret3_01"
		{box 11.1237 0.767205 15.7508}
		{bone "turret3"}
		{matrix34
			0 	 -1 	 0
			0.9816 	 0 	 0.1908
			-0.1908 	 0 	 0.9816
			3.67 	 -8.6695 	 4.0709
		}
	}
	{"turret3_02"
		{box 11.1237 0.767205 15.7508}
		{bone "turret3"}
		{matrix34
			0 	 -1 	 0
			0.9816 	 0 	 0.1908
			-0.1908 	 0 	 0.9816
			3.67 	 8.896 	 4.0709
		}
	}
	{"turret4_01"
		{box 11.1237 0.767205 15.7508}
		{bone "turret4"}
		{matrix34
			0 	 1 	 0
			-0.9816 	 0 	 -0.1908
			-0.1908 	 0 	 0.9816
			3.6222 	 -8.8984 	 4.0709
		}
	}
	{"turret4_02"
		{box 11.1237 0.767205 15.7508}
		{bone "turret4"}
		{matrix34
			0 	 1 	 0
			-0.9816 	 0 	 -0.1908
			-0.1908 	 0 	 0.9816
			3.6222 	 8.6671 	 4.0709
		}
	}
}
