;Exported by	: Inna
;Date			: 12.06.2023 18:08:09
;File			: F:\GIT\gem2-mdl-soldiers\models\entourage\firewood_1\firewood_1.max
{skeleton
	{bone "dummy001"
		{orientation
			1 	 0 	 0
			0 	 -1 	 0
			0 	 0 	 1
		}
		{bone "body"
			{matrix34
				0.0033 	 0.001 	 -1
				0.9996 	 0.028 	 0.0034
				0.028 	 -0.9996 	 -0.0009
				10.213 	 7.9422 	 2.1522
			}
			{poly "body"}
		}
		{bone "axe"
			{matrix34
				-0.4041 	 -0.8979 	 -0.1745
				0.9146 	 -0.4 	 -0.0598
				-0.0161 	 -0.1838 	 0.9828
				-1.1674 	 -2.7074 	 14.5755
			}
			{poly "axe"}
		}
	}
}
{obstacle "obstacle"
	{obb2
		{center 8.09708 -1.89821}
		{extent 8.10616 15.4902}
		{axis 0 -1}
	}
	{rotate}
}
{"volumes"
	{"body01"
		{cylinder 6.62725 10.0836}
		{bone "body"}
		{matrix34
			0.0033 	 -0.028 	 0.9996
			0.001 	 0.9996 	 0.028
			-1 	 0.0009 	 0.0034
			-2.8858 	 -11.0066 	 4.167
		}
	}
	{"body02"
		{box 12.8599 15.3672 4.86956}
		{bone "body"}
		{matrix34
			0.0033 	 -0.028 	 0.9996
			0.001 	 0.9996 	 0.028
			-1 	 0.0009 	 0.0034
			-0.2594 	 5.4479 	 5.3849
		}
	}
}
