;Exported by	: KobaA
;Date			: 19.02.2024 13:21:00
;File			: d:\git\gem2-mdl-soldiers\models\fence\fence_wall\wall_002_gem2_x.max
{skeleton
	{bone "fence_h_019_x"
		{orientation
			1 	 0 	 0
			0 	 -1 	 0
			0 	 0 	 1
		}
		{poly "fence_h_019_x"}
		{bone "fx_stone1"
			{Position 1.7198 	 -4.2611 	 0.6486}
		}
		{bone "piece06"
			{matrix34
				0.9659 	 0.2588 	 0
				-0.2588 	 0.9659 	 0
				0 	 0 	 1
				20.5092 	 -2.0219 	 11.1656
			}
			{poly "piece06"}
		}
		{bone "piece05"
			{matrix34
				0.9962 	 -0.0872 	 0
				0 	 0 	 1
				-0.0872 	 -0.9962 	 0
				13.7544 	 -3.9464 	 4.2503
			}
			{poly "piece05"}
		}
		{bone "piece04"
			{matrix34
				-1 	 0 	 0
				0 	 0 	 1
				0 	 1 	 0
				2.3229 	 -4.316 	 11.8064
			}
			{poly "piece04"}
		}
		{bone "piece02"
			{matrix34
				0.9659 	 -0.2588 	 0
				0 	 0 	 1
				-0.2588 	 -0.9659 	 0
				-17.6111 	 -1.6673 	 11.3992
			}
			{poly "piece02"}
		}
		{bone "piece03"
			{matrix34
				0.9848 	 -0.1736 	 0
				0 	 0 	 1
				-0.1736 	 -0.9848 	 0
				-8.0203 	 -3.9464 	 4.2503
			}
			{poly "piece03"}
		}
		{bone "piece07"
			{matrix34
				0.9552 	 -0.296 	 0
				0.296 	 0.9552 	 0
				0 	 0 	 1
				-27.8825 	 1.0085 	 31.9118
			}
			{poly "piece07"}
		}
		{bone "piece01"
			{matrix34
				0.9552 	 -0.296 	 0
				0.296 	 0.9552 	 0
				0 	 0 	 1
				-27.8825 	 1.0085 	 11.2344
			}
			{poly "piece01"}
		}
		{bone "piece08"
			{Position -0.2207 	 -4.2733 	 32.8252}
			{poly "piece08"}
		}
	}
}
{"volumes"
	{"piece01_vol001"
		{box 9.15945 9.74409 15.5512}
		{bone "piece01"}
		{Position 0 	 0 	 0.1782}
	}
	{"piece02"
		{box 8.55264 6.48567 9.05279}
		{bone "piece02"}
		{matrix34
			0.9966 	 0 	 0.082
			0.082 	 0 	 -0.9966
			0 	 1 	 0
			1.3089 	 1.0912 	 -0.1044
		}
	}
	{"piece03"
		{box 8.55264 6.48567 5.06956}
		{bone "piece03"}
		{matrix34
			0.9789 	 0 	 -0.2042
			-0.2042 	 0 	 -0.9789
			0 	 1 	 0
			-0.3754 	 -0.0793 	 0.3309
		}
	}
	{"piece04"
		{box 8.55264 6.48567 9.05279}
		{bone "piece04"}
		{matrix34
			-0.9995 	 0 	 0.0311
			0.0311 	 0 	 0.9995
			0 	 1 	 0
			0.2926 	 0.684 	 0.1088
		}
	}
	{"piece05"
		{box 8.55264 6.48567 4.61693}
		{bone "piece05"}
		{matrix34
			0.9767 	 0 	 -0.2148
			-0.2148 	 0 	 -0.9767
			0 	 1 	 0
			-0.5234 	 -0.1406 	 -0.8553
		}
	}
	{"piece06"
		{box 8.55264 6.48567 4.61693}
		{bone "piece06"}
		{matrix34
			0.9999 	 -0.0153 	 0
			0.0153 	 0.9999 	 0
			0 	 0 	 1
			0.051 	 -0.0488 	 0.0254
		}
	}
	{"piece07"
		{box 8.909 9.74409 21.9644}
		{bone "piece07"}
		{Position -0.0575 	 0.0062 	 1.9241}
	}
	{"piece08"
		{box 15.3594 1.18119 16.0961}
		{bone "piece08"}
		{Position -0.0407 	 0 	 0.8544}
	}
}
