;Exported by:	 tolokolnikova
;Date:			 07.06.2018 10:53:33
;File:			 D:\gem2\gem2-mdl-soldiers\models\building\building_ua01\building_08_v02_x.max
{skeleton
	{bone "b_ua_08_piece07_point"
		{orientation
			1 	 0 	 0
			0 	 -1 	 0
			0 	 0 	 1
		}
		{bone "piece06"
			{matrix34
				-0.0175 	 0 	 0.9998
				0 	 1 	 0
				-0.9998 	 0 	 -0.0175
				-7.2908 	 -19.5649 	 23.0079
			}
			{poly "piece06"}
		}
		{bone "piece01"
			{matrix34
				-0.7193 	 0 	 -0.6947
				0 	 -1 	 0
				-0.6947 	 0 	 0.7193
				14.7716 	 -45.935 	 13.0779
			}
			{poly "piece01"}
		}
		{bone "piece02"
			{matrix34
				-0.7193 	 0 	 -0.6947
				0 	 -1 	 0
				-0.6947 	 0 	 0.7193
				12.8 	 39.2482 	 15.1195
			}
			{poly "piece02"}
		}
		{bone "piece03"
			{matrix34
				0.7071 	 0 	 -0.7071
				-0.7071 	 0 	 -0.7071
				0 	 1 	 0
				0.0066 	 -15.0651 	 26.2212
			}
			{poly "piece03"}
		}
		{bone "piece04"
			{Position -27.3664 	 -21.4812 	 3.0566}
			{poly "piece04"}
		}
		{bone "piece05"
			{Position -27.3968 	 9.8335 	 3.0262}
			{poly "piece05"}
		}
		{bone "piece07"
			{Position 7.0561 	 -16.2195 	 19.9509}
			{poly "piece07"}
		}
		{bone "piece08"
			{Position 17.1267 	 20.4488 	 13.331}
			{poly "piece08"}
		}
	}
}
{volume "piece01"
	{box 3.08864 2.75803 24.3042}
	{bone "piece01"}
	{matrix34
		-0.9998 	 0 	 0.0175
		0 	 -1 	 0
		0.0175 	 0 	 0.9998
		-0.243 	 0.0781 	 3.8484
	}
}
{volume "piece02"
	{box 3.08864 2.75803 24.3042}
	{bone "piece02"}
	{matrix34
		-0.9998 	 0 	 0.0175
		0 	 -1 	 0
		0.0175 	 0 	 0.9998
		-0.243 	 -0.0523 	 1.0101
	}
}
{volume "piece03"
	{box 4.65864 52.1587 3.94629}
	{bone "piece03"}
	{matrix34
		1 	 0 	 0
		0 	 0 	 1
		0 	 -1 	 0
		-0.0524 	 -0.2797 	 0.5645
	}
}
{volume "piece04"
	{box 1.67361 14.7736 14.5534}
	{bone "piece04"}
	{matrix34
		-0.6883 	 0 	 0.7254
		0 	 -1 	 0
		0.7254 	 0 	 0.6883
		-0.4304 	 0.4471 	 -0.6906
	}
}
{volume "piece05"
	{box 1.67361 14.7736 14.5534}
	{bone "piece05"}
	{matrix34
		-0.6883 	 0 	 0.7254
		0 	 -1 	 0
		0.7254 	 0 	 0.6883
		-0.4 	 -0.0461 	 -0.6602
	}
}
{volume "piece06"
	{box 1.67361 23.4502 14.5534}
	{bone "piece06"}
	{matrix34
		0.7373 	 0 	 0.6755
		0 	 -1 	 0
		0.6755 	 0 	 -0.7373
		-0.1188 	 0.246 	 -0.3696
	}
}
{volume "piece07"
	{box 1.67361 23.4502 14.5534}
	{bone "piece07"}
	{matrix34
		0.7071 	 0 	 0.7071
		0 	 1 	 0
		-0.7071 	 0 	 0.7071
		0.7338 	 -0.1595 	 3.0418
	}
}
{volume "piece08"
	{box 1.67361 23.4502 14.5534}
	{bone "piece08"}
	{matrix34
		0.7071 	 0 	 0.7071
		0 	 1 	 0
		-0.7071 	 0 	 0.7071
		0.4277 	 -0.7863 	 -0.1144
	}
}
