;Exported by:	 tolokolnikova
;Date:			 13.04.2018 10:34:53
;File:			 D:\gem2\gem2-mdl-soldiers\models\fence\fence_wood_logs.max
{skeleton
	{bone "ua_fence_basis05"
		{orientation
			1 	 0 	 0
			0 	 -1 	 0
			0 	 0 	 1
		}
		{bone "ua_fence_wood_logs006"
			{matrix34
				-1 	 0 	 0
				0 	 0.9962 	 -0.0872
				0 	 0.0872 	 0.9962
				-12.4784 	 -1.5467 	 -1.8467
			}
			{poly "ua_fence_wood_logs006"}
		}
	}
}
{obstacle "rectangle009"
	{obb2
		{center 2.45642 1.82438}
		{extent 15.4468 1.31862}
		{axis -1 0}
	}
	{rotate}
}
{volume "boby01"
	{box 13.1872 1.69252 18.8495}
	{bone "ua_fence_basis05"}
	{matrix34
		0.9048 	 -0.414 	 0.0996
		0.4258 	 0.8757 	 -0.2275
		0.007 	 0.2483 	 0.9687
		-6.5891 	 4.3966 	 7.4477
	}
}
{volume "boby02"
	{box 17.8205 2.14243 18.8495}
	{bone "ua_fence_basis05"}
	{matrix34
		1 	 0 	 0
		0 	 0.9962 	 -0.0872
		0 	 0.0872 	 0.9962
		8.635 	 -0.0342 	 8.6934
	}
}
