;Exported by	: KobaA
;Date			: 18.01.2024 15:19:44
;File			: d:\git\gem2-mdl-soldiers\models\building\house_d\d_002_x_fort.max
{skeleton
	{bone "d002_piece06_point"
		{orientation
			1 	 0 	 0
			0 	 -1 	 0
			0 	 0 	 1
		}
		{bone "sub_piece01"
			{matrix34
				-0.3941 	 0 	 -0.919
				0 	 1 	 0
				0.919 	 0 	 -0.3941
				-23.5882 	 11.7235 	 13.2995
			}
			{poly "sub_piece01"}
		}
		{bone "piece01"
			{matrix34
				0.979 	 0 	 -0.204
				0 	 1 	 0
				0.204 	 0 	 0.979
				-4.751 	 11.7235 	 11.5807
			}
			{poly "piece01"}
		}
		{bone "piece03"
			{Position -14.1701 	 11.7235 	 32.9946}
			{poly "piece03"}
		}
		{bone "piece06"
			{matrix34
				0 	 1 	 0
				-1 	 0 	 0
				0 	 0 	 1
				-26.1865 	 5.4379 	 24.9673
			}
			{poly "piece06"}
		}
		{bone "sub_piece04"
			{matrix34
				-1 	 0 	 0
				0 	 -0.9976 	 -0.0698
				0 	 -0.0698 	 0.9976
				0.8487 	 -13.4912 	 47.6935
			}
			{poly "sub_piece04"}
		}
		{bone "piece02"
			{Position 38.758 	 11.6454 	 8.5372}
			{poly "piece02"}
		}
		{bone "sub_piece02"
			{Position 17.6902 	 11.7235 	 -6.2744}
			{poly "sub_piece02"}
		}
		{bone "d002_piece06"
			{Position 0 	 0 	 0}
			{poly "d002_piece06"}
		}
		{bone revolute "attach1"
			{matrix34
				0 	 1 	 0
				-1 	 0 	 0
				0 	 0 	 1
				-5.7001 	 -1.9339 	 -37.4713
			}
		}
		{bone "debris_land_001"
			{parameters "land;ground;"}
			{matrix34
				0 	 -1 	 0
				1 	 0 	 0
				0 	 0 	 1
				-10.7821 	 24.2744 	 -37.4588
			}
			{poly "debris_land_001" {ground}}
		}
		{bone "fort_wall"
			{Position -2.7739 	 20.3241 	 -31.8435}
		}
		{bone "stones_001"
			{parameters "land;ground;"}
			{matrix34
				0 	 -1 	 0
				1 	 0 	 0
				0 	 0 	 1
				-10.7821 	 24.2611 	 -37.4588
			}
			{poly "stones_001" {ground}}
		}
	}
}
{"volumes"
	{"piece01"
		{box 26.3745 5.90551 15.756}
		{bone "piece01"}
		{matrix34
			0.9734 	 0 	 -0.2292
			0 	 1 	 0
			0.2292 	 0 	 0.9734
			-0.1273 	 0 	 1.2982
		}
	}
	{"piece02"
		{box 5.90551 17.1368 24.3707}
		{bone "piece02"}
		{matrix34
			0 	 1 	 0
			-1 	 0 	 0
			0 	 0 	 1
			0 	 -0.187 	 0.3819
		}
	}
	{"piece03"
		{box 21.4744 5.90551 17.6467}
		{bone "piece03"}
		{Position 0.4136 	 0 	 0.7135}
	}
	{"piece06"
		{box 5.90551 17.1368 24.3707}
		{bone "piece06"}
		{matrix34
			0 	 1 	 0
			-1 	 0 	 0
			0 	 0 	 1
			0 	 -0.187 	 0.3819
		}
	}
	{"sub_piece01"
		{box 7.5792 5.90551 14.7864}
		{bone "sub_piece01"}
		{matrix34
			-0.3941 	 0 	 0.919
			0 	 1 	 0
			-0.919 	 0 	 -0.3941
			-0.0161 	 0 	 -0.6991
		}
	}
	{"sub_piece02"
		{box 18.0457 5.90551 14.7864}
		{bone "sub_piece02"}
		{Position -0.2665 	 0 	 0.1028}
	}
	{"sub_piece04"
		{box 1.9685 1.9685 53.652}
		{bone "sub_piece04"}
		{matrix34
			-1 	 0 	 0
			0 	 -0.375 	 0.927
			0 	 0.927 	 0.375
			0 	 -2.8285 	 -0.6667
		}
	}
	{"target_001"
		{box 9.84252 11.811 15.6501}
		{bone "d002_piece06_point"}
		{matrix34
			0 	 1 	 0
			-1 	 0 	 0
			0 	 0 	 1
			-5.7001 	 11.4405 	 -15.0081
		}
	}
	{"vol_01"
		{box 97.6329 6.29921 17.085}
		{bone "d002_piece06"}
		{Position 19.7773 	 11.6543 	 -28.9163}
	}
	{"vol_02"
		{box 61.5087 6.29921 7.34655}
		{bone "d002_piece06"}
		{Position 36.7825 	 11.6543 	 -17.3543}
	}
	{"vol_03"
		{box 18.1735 6.29921 7.34655}
		{bone "d002_piece06"}
		{Position 62.0235 	 11.6543 	 -8.738}
	}
	{"vol_04"
		{box 13.6301 6.29921 12.7095}
		{bone "d002_piece06"}
		{Position -22.4429 	 11.6543 	 -14.6728}
	}
	{"vol_05"
		{box 21.4792 6.29921 30.9238}
		{bone "d002_piece06"}
		{matrix34
			0 	 1 	 0
			-1 	 0 	 0
			0 	 0 	 1
			-26.6244 	 4.0107 	 -21.9969
		}
	}
}
