;Exported by	: joomb
;Date			: 07.04.2023 14:47:25
;File			: H:\git\gem2-mdl-soldiers\models\building\house_D\D_003_cut_fort_part.max
{skeleton
	{bone "d003_piece05"
		{orientation
			1 	 0 	 0
			0 	 -1 	 0
			0 	 0 	 1
		}
		{poly "d003_piece05"}
		{bone "fix09"
			{Position -31.0715 	 -34.6179 	 -36.3068}
		}
		{bone "fix08"
			{Position -31.0715 	 37.2499 	 -36.3068}
		}
		{bone "fix10"
			{Position -31.0715 	 -64.2837 	 2.5449}
		}
		{bone "fix11"
			{Position -0.7902 	 45.4965 	 -20.0724}
		}
	}
}
{"volumes"
	{"body01"
		{polyhedron}
		{bone "d003_piece05"}
		{matrix34
			0 	 1 	 0
			-1 	 0 	 0
			0 	 0 	 1
			-29.9157 	 14.0238 	 -41.009
		}
	}
	{"body02"
		{polyhedron}
		{bone "d003_piece05"}
		{matrix34
			0 	 1 	 0
			-1 	 0 	 0
			0 	 0 	 1
			-29.9157 	 -32.0816 	 -25.6819
		}
	}
	{"body03"
		{box 57.079 5.90551 19.7092}
		{bone "d003_piece05"}
		{matrix34
			0 	 1 	 0
			-1 	 0 	 0
			0 	 0 	 1
			-29.9157 	 -14.5949 	 -16.1165
		}
	}
	{"body04"
		{box 20.654 5.90551 30.1551}
		{bone "d003_piece05"}
		{matrix34
			1 	 0 	 0
			0 	 1 	 0
			0 	 0 	 1
			-22.5447 	 44.1716 	 6.2311
		}
	}
	{"roof1"
		{box 39.4583 0.984252 17.8839}
		{bone "d003_piece05"}
		{matrix34
			1 	 0 	 0
			0 	 -0.3404 	 0.9403
			0 	 -0.9403 	 -0.3404
			-17.4654 	 -28.3793 	 44.3686
		}
	}
	{"roof2"
		{box 43.717 0.866142 24.8381}
		{bone "d003_piece05"}
		{matrix34
			-1 	 0 	 0
			0 	 0.342 	 0.9397
			0 	 0.9397 	 -0.342
			-15.2279 	 -8.5165 	 42.5021
		}
	}
	{"roof3"
		{box 24.5289 0.866142 50.6697}
		{bone "d003_piece05"}
		{matrix34
			-1 	 0 	 0
			0 	 0.342 	 0.9397
			0 	 0.9397 	 -0.342
			-25.0306 	 27.1669 	 29.5144
		}
	}
}
