;Exported by	: KobaA
;Date			: 26.01.2024 11:04:02
;File			: d:\git\gem2-mdl-soldiers\models\building\building_ua01\building_ua05_v2_x.max
{skeleton
	{bone "b_ua_05_piece07_point"
		{orientation
			1 	 0 	 0
			0 	 -1 	 0
			0 	 0 	 1
		}
		{bone "b_ua_05_piece07"
			{Position 29.1096 	 -147.955 	 0.1358}
			{poly "b_ua_05_piece07"}
		}
		{bone "sub_piece01"
			{matrix34
				0 	 -0.6293 	 -0.7771
				-1 	 0 	 0
				0 	 -0.7771 	 0.6293
				-10.1556 	 -10.3682 	 48.0318
			}
			{poly "sub_piece01"}
		}
		{bone "piece01"
			{matrix34
				-1 	 0 	 0
				0 	 -1 	 0
				0 	 0 	 1
				21.3834 	 -2.5816 	 28.0214
			}
			{poly "piece01"}
		}
		{bone "sub_piece02"
			{matrix34
				-0.7071 	 0 	 -0.7071
				0 	 -1 	 0
				-0.7071 	 0 	 0.7071
				6.8644 	 -2.5817 	 23.4649
			}
			{poly "sub_piece02"}
		}
		{bone "piece02"
			{matrix34
				0.9397 	 0 	 0.342
				0 	 -1 	 0
				0.342 	 0 	 -0.9397
				-9.7799 	 -2.5816 	 28.7249
			}
			{poly "piece02"}
		}
		{bone revolute "attach1"
			{matrix34
				0 	 1 	 0
				-1 	 0 	 0
				0 	 0 	 1
				-14.1302 	 -16.3165 	 -14.3521
			}
		}
		{bone "debris_land_001"
			{parameters "land;ground;"}
			{matrix34
				0 	 -1 	 0
				1 	 0 	 0
				0 	 0 	 1
				-6.6187 	 11.7818 	 -18.0922
			}
			{poly "debris_land_001" {ground}}
		}
		{bone "fort_wall"
			{Position 1.3895 	 7.8314 	 -11.2025}
		}
		{bone "stones_001"
			{parameters "land;ground;"}
			{matrix34
				0 	 -1 	 0
				1 	 0 	 0
				0 	 0 	 1
				-6.6187 	 11.7684 	 -17.108
			}
			{poly "stones_001" {ground}}
		}
		{bone "sub_piece03"
			{matrix34
				0.1736 	 0 	 -0.9848
				0 	 -1 	 0
				-0.9848 	 0 	 -0.1736
				-25.7422 	 -2.5816 	 16.775
			}
			{poly "sub_piece03"}
		}
		{bone "piece03"
			{matrix34
				0.1736 	 0 	 -0.9848
				0 	 -1 	 0
				-0.9848 	 0 	 -0.1736
				-29.1529 	 -2.5816 	 31.2324
			}
			{poly "piece03"}
		}
	}
}
{"volumes"
	{"piece01"
		{box 11.551 5.90551 9.99911}
		{bone "piece01"}
		{Position -0.1217 	 0 	 -0.8332}
	}
	{"piece02"
		{box 11.551 5.90551 9.99911}
		{bone "piece02"}
		{matrix34
			-0.9659 	 0 	 -0.2588
			0 	 1 	 0
			0.2588 	 0 	 -0.9659
			0.9016 	 0 	 -1.3759
		}
	}
	{"piece03"
		{box 8.81752 5.90551 15.6236}
		{bone "piece03"}
		{Position -0.0504 	 0 	 -0.5338}
	}
	{"sub_piece01"
		{box 5.46198 3.93701 28.0975}
		{bone "sub_piece01"}
		{matrix34
			0 	 -1 	 0
			-0.9998 	 0 	 -0.0175
			0.0175 	 0 	 -0.9998
			0.7146 	 6.3678 	 -1.8538
		}
	}
	{"sub_piece02"
		{box 7.31854 5.90551 6.09321}
		{bone "sub_piece02"}
		{matrix34
			-0.4226 	 0 	 0.9063
			0 	 1 	 0
			-0.9063 	 0 	 -0.4226
			0.4514 	 0 	 -0.6132
		}
	}
	{"sub_piece03"
		{box 6.26044 5.90551 9.99911}
		{bone "sub_piece03"}
		{Position 0.2258 	 0 	 -1.2355}
	}
	{"target_vol_001"
		{box 9.84252 9.84252 15.6501}
		{bone "b_ua_05_piece07_point"}
		{matrix34
			0 	 1 	 0
			-1 	 0 	 0
			0 	 0 	 1
			-14.1302 	 -16.3165 	 7.2803
		}
	}
	{"vol_01"
		{box 62.0947 6.1453 26.457}
		{bone "b_ua_05_piece07"}
		{matrix34
			-1 	 0 	 0
			0 	 -1 	 0
			0 	 0 	 1
			-32.3375 	 145.441 	 -10.905
		}
	}
	{"vol_02"
		{box 21.7083 6.1453 24.605}
		{bone "b_ua_05_piece07"}
		{matrix34
			-0.6428 	 0 	 -0.766
			0 	 -1 	 0
			-0.766 	 0 	 0.6428
			-11.0875 	 145.441 	 1.6939
		}
	}
	{"vol_03"
		{box 11.2474 6.1453 4.66749}
		{bone "b_ua_05_piece07"}
		{matrix34
			-1 	 0 	 0
			0 	 -1 	 0
			0 	 0 	 1
			-59.1036 	 145.441 	 4.6669
		}
	}
}
