;Exported by	: KobaA
;Date			: 11.04.2024 16:38:59
;File			: d:\git\gem2-mdl-soldiers\models\entourage\wooden_box\crate_compose.max
{skeleton
	{bone "crate2_scene_x"
		{orientation
			1 	 0 	 0
			0 	 -1 	 0
			0 	 0 	 1
		}
		{bone "piece11"
			{matrix34
				-0.2362 	 -0.9678 	 0.0869
				0.9227 	 -0.2514 	 -0.2921
				0.3045 	 0.0112 	 0.9524
				12.2661 	 1.0109 	 10.5976
			}
			{poly "piece11"}
		}
		{bone "sub_piece01"
			{matrix34
				-0.1896 	 -0.9784 	 0.0829
				0.9491 	 -0.2043 	 -0.2397
				0.2514 	 0.0332 	 0.9673
				24.7557 	 2.9572 	 10.4779
			}
			{poly "sub_piece01"}
		}
		{bone "sub_piece02"
			{matrix34
				0.2742 	 0.9581 	 0.0829
				-0.9277 	 0.2862 	 -0.2397
				-0.2534 	 -0.0111 	 0.9673
				12.6328 	 -14.2812 	 9.3781
			}
			{poly "sub_piece02"}
		}
		{bone "piece15"
			{matrix34
				-0.3371 	 -0.9255 	 0.1728
				0.8579 	 -0.3775 	 -0.3485
				0.3877 	 0.0308 	 0.9213
				12.6285 	 -15.2406 	 1.9405
			}
			{poly "piece15"}
		}
		{bone "piece10"
			{matrix34
				0.1991 	 -0.9686 	 -0.149
				0.9705 	 0.1738 	 0.1674
				-0.1362 	 -0.1779 	 0.9746
				25.2928 	 -8.7369 	 1.7417
			}
			{poly "piece10"}
		}
		{bone "sub_piece03"
			{matrix34
				-0.9719 	 -0.2263 	 0.0644
				0.1941 	 -0.6162 	 0.7633
				-0.133 	 0.7544 	 0.6428
				-5.1908 	 37.0136 	 3.5058
			}
			{poly "sub_piece03"}
		}
		{bone "piece05"
			{matrix34
				-0.8949 	 -0.161 	 -0.4162
				0.2831 	 -0.9257 	 -0.2508
				-0.3449 	 -0.3423 	 0.874
				20.5587 	 29.0417 	 9.1614
			}
			{poly "piece05"}
		}
		{bone "piece04"
			{matrix34
				0.0843 	 0.0223 	 -0.9962
				0.2559 	 -0.9667 	 0
				-0.963 	 -0.2549 	 -0.0872
				13.4056 	 35.5222 	 14.8332
			}
			{poly "piece04"}
		}
		{bone "piece03"
			{matrix34
				-0.9719 	 -0.2263 	 0.0644
				0.1941 	 -0.6162 	 0.7633
				-0.133 	 0.7544 	 0.6428
				13.1028 	 41.0042 	 12.3221
			}
			{poly "piece03"}
		}
		{bone "piece01"
			{matrix34
				0.8949 	 0.161 	 -0.4162
				-0.2831 	 0.9257 	 -0.2508
				0.3449 	 0.3423 	 0.874
				-23.4847 	 17.3187 	 9.1614
			}
			{poly "piece01"}
		}
		{bone "piece02"
			{matrix34
				-0.0843 	 -0.0223 	 -0.9962
				-0.2559 	 0.9667 	 0
				0.963 	 0.2549 	 -0.0872
				-16.3317 	 10.8382 	 14.8332
			}
			{poly "piece02"}
		}
		{bone "sub_piece04"
			{matrix34
				0.8761 	 0.2319 	 0.4226
				0.108 	 0.76 	 -0.6409
				-0.4698 	 0.6071 	 0.6409
				-21.0355 	 29.0586 	 11.2299
			}
			{poly "sub_piece04"}
		}
		{bone "piece07"
			{matrix34
				-0.9321 	 -0.3623 	 0
				0.3623 	 -0.9321 	 0
				0 	 0 	 1
				-11.2678 	 -6.7412 	 10.3317
			}
			{poly "piece07"}
		}
		{bone "piece08"
			{matrix34
				-0.9321 	 -0.3623 	 0
				0.3623 	 -0.9321 	 0
				0 	 0 	 1
				-13.9519 	 0.9194 	 3.9075
			}
			{poly "piece08"}
		}
		{bone "piece06"
			{matrix34
				0.9321 	 0.3623 	 0
				-0.3623 	 0.9321 	 0
				0 	 0 	 1
				-0.2785 	 3.8955 	 10.3317
			}
			{poly "piece06"}
		}
		{bone "piece09"
			{matrix34
				0.9321 	 0.3623 	 0
				-0.3623 	 0.9321 	 0
				0 	 0 	 1
				1.1334 	 1.3481 	 -3.0255
			}
			{poly "piece09"}
		}
		{bone "sub_piece05"
			{matrix34
				0.9883 	 -0.1524 	 0
				0.1524 	 0.9883 	 0
				0 	 0 	 1
				4.7847 	 -34.4384 	 8.8622
			}
			{poly "sub_piece05"}
		}
		{bone "piece12"
			{matrix34
				0.8632 	 -0.4974 	 0.0869
				0.4994 	 0.8156 	 -0.2921
				0.0744 	 0.2955 	 0.9524
				5.1863 	 -38.9987 	 4.6797
			}
			{poly "piece12"}
		}
		{bone "sub_piece06"
			{matrix34
				0.9654 	 0.2472 	 0.0829
				-0.2215 	 0.9452 	 -0.2397
				-0.1376 	 0.2131 	 0.9673
				-5.9236 	 -11.0797 	 4.5709
			}
			{poly "sub_piece06"}
		}
		{bone "sub_piece07"
			{matrix34
				0.8858 	 0.4641 	 0
				-0.4641 	 0.8858 	 0
				0 	 0 	 1
				-2.1589 	 -18.2911 	 8.8622
			}
			{poly "sub_piece07"}
		}
		{bone "piece14"
			{matrix34
				0.9829 	 0.1621 	 0.0869
				-0.1305 	 0.9475 	 -0.2921
				-0.1297 	 0.2758 	 0.9524
				0.7475 	 -21.4377 	 4.6797
			}
			{poly "piece14"}
		}
		{bone "piece13"
			{matrix34
				0.9931 	 0.0828 	 0.0829
				-0.0608 	 0.9689 	 -0.2397
				-0.1001 	 0.233 	 0.9673
				-13.2519 	 50.1896 	 4.5709
			}
			{poly "piece13"}
		}
		{bone "sub_piece08"
			{matrix34
				0.9508 	 0.3099 	 0
				-0.3099 	 0.9508 	 0
				0 	 0 	 1
				-10.7422 	 42.4514 	 8.8622
			}
			{poly "sub_piece08"}
		}
		{bone "sub_piece09"
			{matrix34
				0.9962 	 -0.004 	 0.0869
				0.0293 	 0.9559 	 -0.2921
				-0.0819 	 0.2935 	 0.9524
				-8.4012 	 38.8642 	 4.6797
			}
			{poly "sub_piece09"}
		}
		{bone "sub_piece10"
			{matrix34
				-0.4378 	 -0.8953 	 0.0829
				0.8632 	 -0.4443 	 -0.2397
				0.2514 	 -0.0334 	 0.9673
				9.894 	 24.6524 	 21.4958
			}
			{poly "sub_piece10"}
		}
		{bone "sub_piece11"
			{matrix34
				-0.221 	 -0.9753 	 0
				0.9753 	 -0.221 	 0
				0 	 0 	 1
				1.963 	 26.4622 	 25.7872
			}
			{poly "sub_piece11"}
		}
		{bone "sub_piece12"
			{matrix34
				-0.5139 	 -0.8534 	 0.0869
				0.8059 	 -0.515 	 -0.2921
				0.294 	 -0.0801 	 0.9524
				-2.3171 	 26.2899 	 21.6046
			}
			{poly "sub_piece12"}
		}
		{bone "sub_piece13"
			{matrix34
				0.0797 	 -0.9968 	 0
				0.9968 	 0.0797 	 0
				0 	 0 	 1
				16.5044 	 2.0614 	 15.1984
			}
			{poly "sub_piece13"}
		}
		{bone "sub_piece14"
			{matrix34
				0.0075 	 1 	 0
				-1 	 0.0075 	 0
				0 	 0 	 1
				20.9308 	 -14.108 	 13.9159
			}
			{poly "sub_piece14"}
		}
		{bone "sub_piece15"
			{matrix34
				-0.8761 	 -0.2319 	 0.4226
				-0.108 	 -0.76 	 -0.6409
				0.4698 	 -0.6071 	 0.6409
				18.1095 	 17.3018 	 11.2299
			}
			{poly "sub_piece15"}
		}
	}
}
{"volumes"
	{"piece01"
		{box 0.685231 8.13736 12.7097}
		{bone "piece01"}
		{Position -0.0209 	 2.3426 	 0.9219}
	}
	{"piece02"
		{box 0.685231 8.13736 12.7097}
		{bone "piece02"}
		{Position -0.0209 	 2.3426 	 0.9219}
	}
	{"piece03"
		{box 11.3698 0.896632 4.77911}
		{bone "piece03"}
		{matrix34
			0.9975 	 -0.0299 	 -0.0644
			-0.0299 	 0.6453 	 -0.7633
			0.0644 	 0.7633 	 0.6428
			1.7671 	 -0.2389 	 -0.086
		}
	}
	{"piece04"
		{box 0.685231 8.13736 12.7097}
		{bone "piece04"}
		{Position -0.0209 	 2.3426 	 0.9219}
	}
	{"piece05"
		{box 0.685231 8.13736 12.7097}
		{bone "piece05"}
		{Position -0.0209 	 2.3426 	 0.9219}
	}
	{"piece06"
		{box 7.67855 4.03054 0.537405}
		{bone "piece06"}
		{Position -0.0008 	 0.1179 	 -0.3021}
	}
	{"piece07"
		{box 7.67855 4.03054 0.537405}
		{bone "piece07"}
		{Position -0.0008 	 0.1179 	 -0.3021}
	}
	{"piece08"
		{box 6.3732 0.487749 8.10407}
		{bone "piece08"}
		{matrix34
			0.9962 	 -0.0872 	 0
			0.0872 	 0.9962 	 0
			0 	 0 	 1
			-0.0677 	 -0.2426 	 -2.0888
		}
	}
	{"piece09"
		{box 6.3732 0.487749 8.10407}
		{bone "piece09"}
		{matrix34
			0.9962 	 -0.0872 	 0
			0.0872 	 0.9962 	 0
			0 	 0 	 1
			-0.7343 	 -5.4693 	 4.8442
		}
	}
	{"piece10"
		{box 16.1592 0.464159 4.51844}
		{bone "piece10"}
		{matrix34
			0.9671 	 -0.181 	 0.179
			0.2064 	 0.9691 	 -0.1349
			-0.149 	 0.1674 	 0.9746
			-0.1417 	 0.1648 	 -0.5685
		}
	}
	{"piece11"
		{box 9.85314 0.464159 4.53381}
		{bone "piece11"}
		{matrix34
			0.9459 	 0.3242 	 0.0131
			-0.3126 	 0.8998 	 0.3045
			0.0869 	 -0.2921 	 0.9524
			-0.2017 	 -0.1677 	 -0.5404
		}
	}
	{"piece12"
		{box 9.85314 0.464159 4.53381}
		{bone "piece12"}
		{matrix34
			0.9459 	 0.3242 	 0.0131
			-0.3126 	 0.8998 	 0.3045
			0.0869 	 -0.2921 	 0.9524
			-0.1654 	 -0.2127 	 -0.295
		}
	}
	{"piece13"
		{box 11.0709 0.464159 2.39904}
		{bone "piece13"}
		{matrix34
			-0.9601 	 -0.2793 	 0.013
			0.267 	 -0.9298 	 -0.2533
			0.0829 	 -0.2397 	 0.9673
			0.0886 	 0.412 	 -0.0028
		}
	}
	{"piece14"
		{box 9.85314 0.464159 4.53381}
		{bone "piece14"}
		{matrix34
			0.9459 	 0.3242 	 0.0131
			-0.3126 	 0.8998 	 0.3045
			0.0869 	 -0.2921 	 0.9524
			-0.1654 	 -0.2126 	 -0.295
		}
	}
	{"piece15"
		{box 9.85314 0.464159 3.84221}
		{bone "piece15"}
		{matrix34
			0.928 	 0.3711 	 -0.0337
			-0.3301 	 0.8607 	 0.3875
			0.1728 	 -0.3485 	 0.9213
			-0.0759 	 -0.1732 	 -0.4429
		}
	}
	{"sub_piece01"
		{box 11.0709 0.464159 2.39904}
		{bone "sub_piece01"}
		{matrix34
			-0.9601 	 -0.2793 	 0.013
			0.267 	 -0.9298 	 -0.2533
			0.0829 	 -0.2397 	 0.9673
			0.0875 	 0.4819 	 -0.1191
		}
	}
	{"sub_piece02"
		{box 11.0709 0.464159 2.39904}
		{bone "sub_piece02"}
		{matrix34
			-0.9601 	 -0.2793 	 0.013
			0.267 	 -0.9298 	 -0.2533
			0.0829 	 -0.2397 	 0.9673
			0.0875 	 0.4819 	 -0.1191
		}
	}
	{"sub_piece03"
		{box 11.3698 0.896632 4.77911}
		{bone "sub_piece03"}
		{matrix34
			0.9975 	 -0.0299 	 -0.0644
			-0.0299 	 0.6453 	 -0.7633
			0.0644 	 0.7633 	 0.6428
			1.4314 	 -0.2105 	 -0.086
		}
	}
	{"sub_piece04"
		{box 11.6564 3.07534 1.25952}
		{bone "sub_piece04"}
		{Position -0.7173 	 -0.1974 	 -0.0192}
	}
	{"sub_piece05"
		{box 8.66544 2.96852 0.451844}
		{bone "sub_piece05"}
		{Position 0 	 0.0215 	 0.032}
	}
	{"sub_piece06"
		{box 11.0709 0.464159 2.39904}
		{bone "sub_piece06"}
		{matrix34
			-0.9601 	 -0.2793 	 0.013
			0.267 	 -0.9298 	 -0.2533
			0.0829 	 -0.2397 	 0.9673
			0.0886 	 0.412 	 -0.0028
		}
	}
	{"sub_piece07"
		{box 8.66544 2.96852 0.451844}
		{bone "sub_piece07"}
		{Position 0 	 0.0215 	 0.032}
	}
	{"sub_piece08"
		{box 8.66544 2.96852 0.451844}
		{bone "sub_piece08"}
		{Position 0 	 0.0215 	 0.032}
	}
	{"sub_piece09"
		{box 9.85314 0.464159 4.53381}
		{bone "sub_piece09"}
		{matrix34
			0.9459 	 0.3242 	 0.0131
			-0.3126 	 0.8998 	 0.3045
			0.0869 	 -0.2921 	 0.9524
			-0.1654 	 -0.2127 	 -0.295
		}
	}
	{"sub_piece10"
		{box 11.0709 0.464159 2.39904}
		{bone "sub_piece10"}
		{matrix34
			-0.9601 	 -0.2793 	 0.013
			0.267 	 -0.9298 	 -0.2533
			0.0829 	 -0.2397 	 0.9673
			0.0886 	 0.412 	 -0.0028
		}
	}
	{"sub_piece11"
		{box 8.66544 2.96852 0.451844}
		{bone "sub_piece11"}
		{Position 0 	 0.0215 	 0.032}
	}
	{"sub_piece12"
		{box 9.85314 0.464159 4.53381}
		{bone "sub_piece12"}
		{matrix34
			0.9459 	 0.3242 	 0.0131
			-0.3126 	 0.8998 	 0.3045
			0.0869 	 -0.2921 	 0.9524
			-0.1654 	 -0.2127 	 -0.295
		}
	}
	{"sub_piece13"
		{box 8.66544 2.96852 0.451844}
		{bone "sub_piece13"}
		{Position 0 	 0.0237 	 0.0126}
	}
	{"sub_piece14"
		{box 8.66544 2.96852 0.451844}
		{bone "sub_piece14"}
		{Position 0 	 0.0237 	 0.0126}
	}
	{"sub_piece15"
		{box 11.6564 3.07534 1.25952}
		{bone "sub_piece15"}
		{Position -0.7173 	 -0.1974 	 -0.0192}
	}
}
