;Exported by	: KobaA
;Date			: 23.05.2024 17:05:34
;File			: d:\git\gem2-mdl-soldiers\models\entourage\coaster_ship_crate\coaster_ship_crate.max
{skeleton
	{bone "basis_1_x"
		{orientation
			1 	 0 	 0
			0 	 -1 	 0
			0 	 0 	 1
		}
		{bone "sub_piece01"
			{matrix34
				0.9756 	 -0.2183 	 -0.024
				0.2095 	 0.958 	 -0.1956
				0.0656 	 0.1858 	 0.9804
				-16.623 	 20.4243 	 6.4894
			}
			{poly "sub_piece01"}
		}
		{bone "sub_piece02"
			{matrix34
				0.9806 	 0.1653 	 -0.105
				-0.1707 	 0.9843 	 -0.0442
				0.0961 	 0.0613 	 0.9935
				3.9233 	 13.9398 	 4.9647
			}
			{poly "sub_piece02"}
		}
		{bone "sub_piece03"
			{matrix34
				-0.1738 	 -0.9813 	 0.0829
				0.9523 	 -0.1889 	 -0.2397
				0.2509 	 0.0372 	 0.9673
				18.0887 	 -6.392 	 5.3468
			}
			{poly "sub_piece03"}
		}
		{bone "sub_piece04"
			{matrix34
				0.9482 	 0.2969 	 -0.1126
				-0.2526 	 0.9201 	 0.2992
				0.1925 	 -0.2553 	 0.9475
				-24.7866 	 3.9319 	 5.0382
			}
			{poly "sub_piece04"}
		}
		{bone "sub_piece05"
			{matrix34
				0.9756 	 -0.2183 	 -0.024
				0.2095 	 0.958 	 -0.1956
				0.0656 	 0.1858 	 0.9804
				-22.1301 	 13.5297 	 17.3818
			}
			{poly "sub_piece05"}
		}
		{bone "sub_piece06"
			{matrix34
				0.9806 	 0.1653 	 -0.105
				-0.1707 	 0.9843 	 -0.0442
				0.0961 	 0.0613 	 0.9935
				3.9233 	 13.9398 	 11.2914
			}
			{poly "sub_piece06"}
		}
		{bone "sub_piece07"
			{matrix34
				-0.1738 	 -0.9813 	 0.0829
				0.9523 	 -0.1889 	 -0.2397
				0.2509 	 0.0372 	 0.9673
				18.0887 	 -6.392 	 11.6734
			}
			{poly "sub_piece07"}
		}
		{bone "sub_piece08"
			{matrix34
				0.9482 	 0.2969 	 -0.1126
				-0.2526 	 0.9201 	 0.2992
				0.1925 	 -0.2553 	 0.9475
				-24.7866 	 3.9319 	 11.3649
			}
			{poly "sub_piece08"}
		}
		{bone "sub_piece09"
			{matrix34
				-0.9987 	 0.0455 	 -0.024
				-0.04 	 -0.9799 	 -0.1956
				-0.0324 	 -0.1944 	 0.9804
				17.0699 	 -9.0953 	 18.8682
			}
			{poly "sub_piece09"}
		}
		{bone "sub_piece10"
			{matrix34
				-0.937 	 -0.3331 	 -0.105
				0.339 	 -0.9397 	 -0.0442
				-0.084 	 -0.077 	 0.9935
				-4.2903 	 -6.2772 	 17.3435
			}
			{poly "sub_piece10"}
		}
		{bone "sub_piece11"
			{matrix34
				0.0007 	 0.9966 	 0.0829
				-0.9706 	 0.0206 	 -0.2397
				-0.2406 	 -0.0802 	 0.9673
				-21.2829 	 -15.459 	 17.7256
			}
			{poly "sub_piece11"}
		}
		{bone "sub_piece12"
			{matrix34
				-0.8823 	 -0.4571 	 -0.1126
				0.4086 	 -0.8623 	 0.2992
				-0.2339 	 0.218 	 0.9475
				22.2456 	 8.5641 	 17.417
			}
			{poly "sub_piece12"}
		}
		{bone "sub_piece13"
			{matrix34
				-0.937 	 -0.3331 	 -0.105
				0.339 	 -0.9397 	 -0.0442
				-0.084 	 -0.077 	 0.9935
				-12.2563 	 -14.0296 	 17.3435
			}
			{poly "sub_piece13"}
		}
		{bone "sub_piece14"
			{matrix34
				-0.9746 	 0.2079 	 0.0829
				-0.222 	 -0.9451 	 -0.2397
				0.0285 	 -0.252 	 0.9673
				1.2473 	 18.4206 	 17.7256
			}
			{poly "sub_piece14"}
		}
		{bone "sub_piece15"
			{matrix34
				-0.8823 	 -0.4571 	 -0.1126
				0.4086 	 -0.8623 	 0.2992
				-0.2339 	 0.218 	 0.9475
				-14.6791 	 5.5298 	 17.417
			}
			{poly "sub_piece15"}
		}
		{bone "piece15"
			{matrix34
				0.9467 	 -0.2972 	 0.1243
				0.3219 	 0.8879 	 -0.3287
				-0.0127 	 0.3512 	 0.9362
				-4.2937 	 -27.4467 	 5.4457
			}
			{poly "piece15"}
		}
		{bone "piece14"
			{matrix34
				-0.0523 	 -0.9986 	 0
				0 	 0 	 1
				-0.9986 	 0.0523 	 0
				-24.9424 	 -9.5799 	 5.2044
			}
			{poly "piece14"}
		}
		{bone "piece13"
			{matrix34
				0.9559 	 -0.2761 	 0.1002
				0.2931 	 0.9177 	 -0.2681
				-0.0179 	 0.2856 	 0.9582
				-2.5057 	 -13.7299 	 5.3468
			}
			{poly "piece13"}
		}
		{bone "piece12"
			{matrix34
				-0.9146 	 0.3783 	 0.1431
				-0.4037 	 -0.8757 	 -0.2649
				0.0251 	 -0.3 	 0.9536
				-18.9916 	 -26.6129 	 5.3468
			}
			{poly "piece12"}
		}
		{bone "piece11"
			{matrix34
				0.154 	 0.9802 	 0.1243
				-0.9257 	 0.1871 	 -0.3287
				-0.3455 	 -0.0645 	 0.9362
				28.3383 	 9.3844 	 5.4457
			}
			{poly "piece11"}
		}
		{bone "piece10"
			{matrix34
				0.9954 	 0.0958 	 0
				0 	 0 	 1
				0.0958 	 -0.9954 	 0
				22.2482 	 -15.9762 	 5.2044
			}
			{poly "piece10"}
		}
		{bone "piece09"
			{matrix34
				0.1317 	 0.9862 	 0.1002
				-0.951 	 0.1543 	 -0.2681
				-0.2799 	 -0.06 	 0.9582
				6.4464 	 6.4921 	 5.3468
			}
			{poly "piece09"}
		}
		{bone "piece08"
			{matrix34
				-0.239 	 -0.9604 	 0.1431
				0.9258 	 -0.2698 	 -0.2649
				0.293 	 0.0692 	 0.9536
				29.686 	 -5.2753 	 5.3468
			}
			{poly "piece08"}
		}
		{bone "piece07"
			{matrix34
				-0.0958 	 0.9954 	 0
				-0.9954 	 -0.0958 	 0
				0 	 0 	 1
				13.2528 	 7.3428 	 8.6157
			}
			{poly "piece07"}
		}
		{bone "piece06"
			{matrix34
				0.0958 	 -0.9954 	 0
				0.9954 	 0.0958 	 0
				0 	 0 	 1
				22.8796 	 -6.126 	 8.6157
			}
			{poly "piece06"}
		}
		{bone "piece05"
			{matrix34
				0.9954 	 0.0958 	 0
				0 	 0 	 -1
				-0.0958 	 0.9954 	 0
				22.132 	 15.1411 	 5.2044
			}
			{poly "piece05"}
		}
		{bone "piece04"
			{matrix34
				0.2205 	 0.9715 	 0.0869
				-0.9267 	 0.2364 	 -0.2921
				-0.3043 	 -0.0161 	 0.9524
				16.741 	 8.2677 	 5.4457
			}
			{poly "piece04"}
		}
		{bone "piece03"
			{matrix34
				-0.3969 	 -0.8758 	 0.2747
				0.8907 	 -0.4397 	 -0.1151
				0.2216 	 0.199 	 0.9546
				7.8593 	 -8.1614 	 5.4457
			}
			{poly "piece03"}
		}
		{bone "piece02"
			{matrix34
				0.9027 	 -0.3941 	 0.1728
				0.4302 	 0.8328 	 -0.3485
				-0.0065 	 0.3889 	 0.9213
				-2.7368 	 19.5108 	 5.5251
			}
			{poly "piece02"}
		}
		{bone "piece01"
			{matrix34
				-0.9791 	 -0.1384 	 -0.149
				0.113 	 -0.9794 	 0.1674
				-0.1691 	 0.147 	 0.9746
				-11.5576 	 -2.6122 	 5.1087
			}
			{poly "piece01"}
		}
		{bone "fx_wood"
		}
	}
}
{"volumes"
	{"piece01"
		{box 16.1592 0.464159 4.51844}
		{bone "piece01"}
		{matrix34
			0.9671 	 -0.181 	 0.179
			0.2064 	 0.9691 	 -0.1349
			-0.149 	 0.1674 	 0.9746
			-0.1756 	 0.2018 	 -0.0877
		}
	}
	{"piece02"
		{box 9.85314 0.464159 3.84221}
		{bone "piece02"}
		{matrix34
			0.928 	 0.3711 	 -0.0337
			-0.3301 	 0.8607 	 0.3875
			0.1728 	 -0.3485 	 0.9213
			-0.0051 	 -0.2594 	 -0.0588
		}
	}
	{"piece03"
		{box 9.85314 0.464159 4.53381}
		{bone "piece03"}
		{matrix34
			0.8337 	 0.5231 	 -0.1768
			-0.479 	 0.8445 	 0.2396
			0.2747 	 -0.1151 	 0.9546
			-0.0442 	 -0.3396 	 -0.0344
		}
	}
	{"piece04"
		{box 9.85314 0.464159 4.53381}
		{bone "piece04"}
		{matrix34
			0.9459 	 0.3242 	 0.0131
			-0.3126 	 0.8998 	 0.3045
			0.0869 	 -0.2921 	 0.9524
			-0.1325 	 -0.2535 	 -0.0719
		}
	}
	{"piece05"
		{box 8.66544 2.96852 0.451844}
		{bone "piece05"}
		{Position 0 	 0.0196 	 0.0496}
	}
	{"piece06"
		{box 8.66544 2.96852 0.451844}
		{bone "piece06"}
		{Position 0 	 0.0196 	 0.0496}
	}
	{"piece07"
		{box 8.66544 2.96852 0.451844}
		{bone "piece07"}
		{Position 0 	 0.0196 	 0.0496}
	}
	{"piece08"
		{box 11.0709 0.464159 2.39904}
		{bone "piece08"}
		{matrix34
			-0.9331 	 -0.3573 	 0.0408
			0.3299 	 -0.8957 	 -0.2983
			0.1431 	 -0.2649 	 0.9536
			0.0656 	 0.3509 	 0.1122
		}
	}
	{"piece09"
		{box 11.0709 0.464159 2.39904}
		{bone "piece09"}
		{matrix34
			-0.969 	 -0.2447 	 0.0329
			0.2257 	 -0.9318 	 -0.2843
			0.1002 	 -0.2681 	 0.9582
			0.1051 	 0.3421 	 0.1092
		}
	}
	{"piece10"
		{box 8.66544 2.96852 0.451844}
		{bone "piece10"}
		{Position 0 	 0.0196 	 0.0496}
	}
	{"piece11"
		{box 9.85314 0.464159 4.53381}
		{bone "piece11"}
		{matrix34
			0.961 	 0.275 	 -0.0311
			-0.2472 	 0.9035 	 0.3501
			0.1243 	 -0.3287 	 0.9362
			-0.1495 	 -0.2438 	 -0.0721
		}
	}
	{"piece12"
		{box 11.0709 0.464159 2.39904}
		{bone "piece12"}
		{matrix34
			-0.9331 	 -0.3573 	 0.0408
			0.3299 	 -0.8957 	 -0.2983
			0.1431 	 -0.2649 	 0.9536
			0.0655 	 0.3509 	 0.1122
		}
	}
	{"piece13"
		{box 11.0709 0.464159 2.39904}
		{bone "piece13"}
		{matrix34
			-0.969 	 -0.2447 	 0.0329
			0.2257 	 -0.9318 	 -0.2843
			0.1002 	 -0.2681 	 0.9582
			0.1051 	 0.3421 	 0.1092
		}
	}
	{"piece14"
		{box 8.66544 2.96852 0.451844}
		{bone "piece14"}
		{Position 0 	 0.0196 	 0.0497}
	}
	{"piece15"
		{box 9.85314 0.464159 4.53381}
		{bone "piece15"}
		{matrix34
			0.961 	 0.275 	 -0.0311
			-0.2472 	 0.9035 	 0.3501
			0.1243 	 -0.3287 	 0.9362
			-0.1494 	 -0.2438 	 -0.0721
		}
	}
	{"sub_piece01"
		{box 11.0709 0.464159 1.87425}
		{bone "sub_piece01"}
		{matrix34
			0.9884 	 0.1422 	 0.0525
			-0.1497 	 0.9703 	 0.1899
			-0.024 	 -0.1956 	 0.9804
			-0.4564 	 -0.1026 	 0.0058
		}
	}
	{"sub_piece02"
		{box 7.60127 2.31916 0.451844}
		{bone "sub_piece02"}
		{matrix34
			-0.2333 	 -0.97 	 -0.0678
			0.105 	 0.0442 	 -0.9935
			0.9667 	 -0.2389 	 0.0916
			0.048 	 -0.0118 	 0.0045
		}
	}
	{"sub_piece03"
		{box 11.0709 0.464159 2.39904}
		{bone "sub_piece03"}
		{matrix34
			-0.9601 	 -0.2793 	 0.013
			0.267 	 -0.9298 	 -0.2533
			0.0829 	 -0.2397 	 0.9673
			0.0896 	 0.3484 	 0.1029
		}
	}
	{"sub_piece04"
		{box 7.60127 2.31916 0.451844}
		{bone "sub_piece04"}
		{matrix34
			0.3624 	 0.9003 	 -0.2412
			0.1126 	 -0.2992 	 -0.9475
			-0.9252 	 0.3162 	 -0.2098
			-0.0459 	 0.0157 	 -0.0104
		}
	}
	{"sub_piece05"
		{box 11.0709 0.464159 1.87425}
		{bone "sub_piece05"}
		{matrix34
			0.9884 	 0.1422 	 0.0525
			-0.1497 	 0.9703 	 0.1899
			-0.024 	 -0.1956 	 0.9804
			-0.4564 	 -0.1026 	 0.0058
		}
	}
	{"sub_piece06"
		{box 7.60127 2.31916 0.451844}
		{bone "sub_piece06"}
		{matrix34
			-0.2333 	 -0.97 	 -0.0678
			0.105 	 0.0442 	 -0.9935
			0.9667 	 -0.2389 	 0.0916
			0.048 	 -0.0118 	 0.0045
		}
	}
	{"sub_piece07"
		{box 11.0709 0.464159 2.39904}
		{bone "sub_piece07"}
		{matrix34
			-0.9601 	 -0.2793 	 0.013
			0.267 	 -0.9298 	 -0.2533
			0.0829 	 -0.2397 	 0.9673
			0.0896 	 0.3484 	 0.1029
		}
	}
	{"sub_piece08"
		{box 7.60127 2.31916 0.451844}
		{bone "sub_piece08"}
		{matrix34
			0.3624 	 0.9003 	 -0.2412
			0.1126 	 -0.2992 	 -0.9475
			-0.9252 	 0.3162 	 -0.2098
			-0.0459 	 0.0157 	 -0.0104
		}
	}
	{"sub_piece09"
		{box 11.0709 0.464159 1.87425}
		{bone "sub_piece09"}
		{matrix34
			0.9884 	 0.1422 	 0.0525
			-0.1497 	 0.9703 	 0.1899
			-0.024 	 -0.1956 	 0.9804
			-0.4563 	 -0.1026 	 0.0058
		}
	}
	{"sub_piece10"
		{box 7.60127 2.31916 0.451844}
		{bone "sub_piece10"}
		{matrix34
			-0.2333 	 -0.97 	 -0.0678
			0.105 	 0.0442 	 -0.9935
			0.9667 	 -0.2389 	 0.0916
			0.048 	 -0.0119 	 0.0045
		}
	}
	{"sub_piece11"
		{box 11.0709 0.464159 2.39904}
		{bone "sub_piece11"}
		{matrix34
			-0.9601 	 -0.2793 	 0.013
			0.267 	 -0.9298 	 -0.2533
			0.0829 	 -0.2397 	 0.9673
			0.0896 	 0.3484 	 0.1029
		}
	}
	{"sub_piece12"
		{box 7.60127 2.31916 0.451844}
		{bone "sub_piece12"}
		{matrix34
			0.3624 	 0.9003 	 -0.2412
			0.1126 	 -0.2992 	 -0.9475
			-0.9252 	 0.3162 	 -0.2098
			-0.046 	 0.0157 	 -0.0104
		}
	}
	{"sub_piece13"
		{box 7.60127 2.31916 0.451844}
		{bone "sub_piece13"}
		{matrix34
			-0.2333 	 -0.97 	 -0.0678
			0.105 	 0.0442 	 -0.9935
			0.9667 	 -0.2389 	 0.0916
			0.048 	 -0.0118 	 0.0045
		}
	}
	{"sub_piece14"
		{box 11.0709 0.464159 2.39904}
		{bone "sub_piece14"}
		{matrix34
			-0.9601 	 -0.2793 	 0.013
			0.267 	 -0.9298 	 -0.2533
			0.0829 	 -0.2397 	 0.9673
			0.0896 	 0.3484 	 0.1029
		}
	}
	{"sub_piece15"
		{box 7.60127 2.31916 0.451844}
		{bone "sub_piece15"}
		{matrix34
			0.3624 	 0.9003 	 -0.2412
			0.1126 	 -0.2992 	 -0.9475
			-0.9252 	 0.3162 	 -0.2098
			-0.0459 	 0.0157 	 -0.0104
		}
	}
}
