;Exported by	: KobaA
;Date			: 26.03.2024 14:42:28
;File			: d:\git\gem2-mdl-soldiers\models\entourage\sandbags\bags_big.max
{skeleton
	{bone "bags_big_01_x"
		{orientation
			1 	 0 	 0
			0 	 -1 	 0
			0 	 0 	 1
		}
		{bone "piece03"
			{matrix34
				0.8397 	 -0.5366 	 0.0832
				-0.4833 	 -0.8084 	 -0.336
				0.2476 	 0.2419 	 -0.9382
				5.5543 	 4.756 	 10.4201
			}
			{poly "piece03"}
		}
		{bone "piece02"
			{matrix34
				-0.9981 	 -0.0369 	 0.0496
				-0.054 	 0.9098 	 -0.4114
				-0.0299 	 -0.4133 	 -0.9101
				7.1244 	 -6.0056 	 18.1868
			}
			{poly "piece03"}
		}
		{bone "piece05"
			{matrix34
				0.3364 	 -0.9253 	 -0.1751
				-0.9212 	 -0.362 	 0.1428
				-0.1955 	 0.1132 	 -0.9742
				-11.4325 	 -3.3264 	 10.746
			}
			{poly "piece03"}
		}
		{bone "piece04"
			{matrix34
				0.7007 	 0.684 	 0.2027
				0.7026 	 -0.7109 	 -0.0299
				0.1236 	 0.1634 	 -0.9788
				-9.6682 	 2.8019 	 20.4017
			}
			{poly "piece03"}
		}
		{bone "piece01"
			{matrix34
				0 	 -1 	 0
				1 	 0 	 0
				0 	 0 	 1
				0.8525 	 -9.5177 	 3.8454
			}
			{poly "piece01"}
		}
		{bone "piece06"
			{matrix34
				0 	 -1 	 0
				1 	 0 	 0
				0 	 0 	 1
				0.3948 	 6.8587 	 3.8454
			}
			{poly "piece06"}
		}
	}
}
{"volumes"
	{"peice01"
		{box 4.18967 20.3426 1.01513}
		{bone "piece01"}
		{Position 0.0186 	 -0.0976 	 -0.0241}
	}
	{"piece02"
		{box 18.5855 11.553 4.93823}
		{bone "piece02"}
		{matrix34
			-1 	 0 	 0
			0 	 1 	 0
			0 	 0 	 -1
			0.8532 	 0.0126 	 -0.0019
		}
	}
	{"piece03"
		{box 18.5855 11.553 4.93823}
		{bone "piece03"}
		{matrix34
			-1 	 0 	 0
			0 	 1 	 0
			0 	 0 	 -1
			0.0793 	 0.0126 	 -0.022
		}
	}
	{"piece04"
		{box 18.5855 11.553 4.93823}
		{bone "piece04"}
		{matrix34
			-1 	 0 	 0
			0 	 1 	 0
			0 	 0 	 -1
			0.9883 	 0.4659 	 0.1191
		}
	}
	{"piece05"
		{box 18.5855 11.553 4.93823}
		{bone "piece05"}
		{matrix34
			-1 	 0 	 0
			0 	 1 	 0
			0 	 0 	 -1
			0.7915 	 0.4969 	 -0.1246
		}
	}
	{"piece06"
		{box 4.18967 28.6516 1.01513}
		{bone "piece06"}
		{Position 0 	 0 	 -0.0241}
	}
}
