;Exported by	: KobaA
;Date			: 16.01.2024 17:41:44
;File			: d:\git\gem2-mdl-soldiers\models\building\house_d\d_001_x_fort.max
{skeleton
	{bone "d001_piece16_point"
		{orientation
			1 	 0 	 0
			0 	 -1 	 0
			0 	 0 	 1
		}
		{bone "piece02"
			{Position 20.7006 	 51.7343 	 -3.4073}
			{poly "piece02"}
		}
		{bone "piece03"
			{Position -32.9261 	 51.7342 	 -3.8508}
			{poly "piece03"}
		}
		{bone "sub_piece01"
			{Position -1.8222 	 51.7342 	 7.198}
			{poly "sub_piece01"}
		}
		{bone "sub_piece02"
			{Position -15.4786 	 51.7343 	 -7.0039}
			{poly "sub_piece02"}
		}
		{bone "sub_piece03"
			{matrix34
				-0.3907 	 0 	 -0.9205
				0 	 -1 	 0
				0.9205 	 0 	 -0.3907
				6.3811 	 32.0876 	 9.7996
			}
			{poly "sub_piece03"}
		}
		{bone "sub_piece04"
			{matrix34
				0 	 -1 	 0
				0.919 	 0 	 -0.3942
				0.3942 	 0 	 0.919
				17.2864 	 8.817 	 5.2189
			}
			{poly "sub_piece04"}
		}
		{bone "sub_piece05"
			{matrix34
				-0.3907 	 0 	 -0.9205
				0 	 -1 	 0
				0.9205 	 0 	 -0.3907
				31.5386 	 33.8684 	 -0.8512
			}
			{poly "sub_piece05"}
		}
		{bone "sub_piece06"
			{matrix34
				0 	 1 	 0
				-0.919 	 0 	 -0.3942
				-0.3942 	 0 	 0.919
				-25.2511 	 30.5161 	 6.5722
			}
			{poly "sub_piece06"}
		}
		{bone "sub_piece07"
			{matrix34
				0.3907 	 0 	 -0.9205
				0 	 1 	 0
				-0.9205 	 0 	 -0.3907
				-18.8982 	 6.4563 	 9.06
			}
			{poly "sub_piece07"}
		}
		{bone "piece01"
			{Position 30.7385 	 51.6552 	 2.3445}
			{poly "piece01"}
		}
	}
}
{"volumes"
	{"piece01"
		{box 32.7967 11.9685 4.72448}
		{bone "piece01"}
		{matrix34
			0.921 	 0 	 -0.3897
			0 	 1 	 0
			0.3897 	 0 	 0.921
			-0.184 	 0.0791 	 -0.2138
		}
	}
	{"piece02"
		{box 26.0291 7.87402 14.6541}
		{bone "piece02"}
		{Position -0.0118 	 0 	 0.319}
	}
	{"piece03"
		{box 13.7954 7.87402 24.0327}
		{bone "piece03"}
		{matrix34
			0.7314 	 0 	 -0.682
			0 	 1 	 0
			0.682 	 0 	 0.7314
			0.14 	 0 	 -0.5112
		}
	}
	{"sub_piece01"
		{box 13.7954 7.87402 14.6541}
		{bone "sub_piece01"}
		{Position -1.3723 	 0 	 0.7277}
	}
	{"sub_piece02"
		{box 9.74531 7.87402 11.8698}
		{bone "sub_piece02"}
		{Position -0.507 	 0 	 0.6452}
	}
	{"sub_piece03"
		{box 16.2414 12.8865 0.734194}
		{bone "sub_piece03"}
		{matrix34
			-0.0012 	 0 	 1
			0 	 -1 	 0
			1 	 0 	 0.0012
			0.1316 	 1.8383 	 0.0057
		}
	}
	{"sub_piece04"
		{box 11.6938 12.7576 0.734194}
		{bone "sub_piece04"}
		{matrix34
			0 	 -1 	 -0.005
			1 	 0 	 0
			0 	 -0.005 	 1
			-1.3226 	 -0.0607 	 0.1707
		}
	}
	{"sub_piece05"
		{box 18.3528 12.8865 0.734194}
		{bone "sub_piece05"}
		{matrix34
			-0.0012 	 0 	 1
			0 	 -1 	 0
			1 	 0 	 0.0012
			0.1567 	 1.4573 	 -0.9012
		}
	}
	{"sub_piece06"
		{box 11.6938 12.7576 0.734194}
		{bone "sub_piece06"}
		{matrix34
			0 	 -1 	 -0.005
			1 	 0 	 0
			0 	 -0.005 	 1
			-1.3226 	 -0.0607 	 0.1706
		}
	}
	{"sub_piece07"
		{box 18.3528 12.8865 0.734194}
		{bone "sub_piece07"}
		{matrix34
			-0.0012 	 0 	 1
			0 	 -1 	 0
			1 	 0 	 0.0012
			0.1567 	 1.4573 	 -0.9012
		}
	}
}
