;Exported by:	 kobaa
;Date:			 09.10.2019 16:41:00
;File:			 G:\_GIT_\gem2\gem2-mdl-soldiers\models\fence\hedgehog\wires_square.max
{skeleton
	{bone "basis6"
		{orientation
			1 	 0 	 0
			0 	 -1 	 0
			0 	 0 	 1
		}
		{bone "body_wire"
			{matrix34
				-1 	 0 	 0
				0 	 1 	 0
				0 	 0 	 1
				1.1311 	 0.103 	 11.1335
			}
			{LODView
				{poly "body_wire"}
				{poly "body_wire_lod1"}
				{poly "body_wire_lod2"}
			}
			{bone "socket1"
				{Position 34.7374 	 -0.1417 	 -11.1335}
			}
			{bone "socket0"
				{matrix34
					-1 	 0 	 0
					0 	 -1 	 0
					0 	 0 	 1
					-28.145 	 0.4217 	 -11.1335
				}
			}
			{bone "socket2"
				{matrix34
					0 	 1 	 0
					-1 	 0 	 0
					0 	 0 	 1
					-1.6286 	 14.3519 	 -11.1335
				}
			}
			{bone "socket3"
				{matrix34
					0 	 -1 	 0
					1 	 0 	 0
					0 	 0 	 1
					-1.7598 	 -14.0297 	 -11.1335
				}
			}
		}
	}
}
{obstacle "obstacle"
	{obb2
		{center -9.45107 1.42482}
		{extent 21.7975 15.0387}
		{axis -1 0}
	}
	{rotate}
}
{volume "body_01"
	{cylinder 1.25559 40.7436}
	{bone "body_wire"}
	{matrix34
		-0.0089 	 0.9996 	 -0.0251
		0.0046 	 -0.025 	 -0.9997
		0.9999 	 0.009 	 0.0044
		13.2717 	 -0.5408 	 4.0963
	}
}
{volume "body_02"
	{cylinder 1.37446 34.7754}
	{bone "body_wire"}
	{matrix34
		-0.9923 	 -0.0958 	 0.0783
		-0.1233 	 0.7157 	 -0.6875
		-0.0098 	 0.6918 	 0.722
		27.7129 	 -0.4492 	 1.4413
	}
}
{volume "body_03"
	{cylinder 1.37446 34.7754}
	{bone "body_wire"}
	{matrix34
		-0.9535 	 -0.2971 	 0.0505
		-0.2326 	 0.6188 	 -0.7504
		-0.1917 	 0.7272 	 0.6591
		-3.2414 	 -0.5208 	 0.5097
	}
}
{volume "body_04"
	{cylinder 1.37446 34.7754}
	{bone "body_wire"}
	{matrix34
		-0.9949 	 -0.0945 	 -0.0361
		0.0914 	 -0.6861 	 -0.7217
		-0.0435 	 0.7213 	 -0.6913
		27.1389 	 0.4242 	 1.7465
	}
}
{volume "body_05"
	{cylinder 1.37446 34.7754}
	{bone "body_wire"}
	{matrix34
		-0.973 	 0.2197 	 0.0708
		-0.1986 	 -0.6407 	 -0.7416
		0.1176 	 0.7357 	 -0.6671
		-4.4606 	 0.5242 	 0.6063
	}
}
