;Exported by: dima
;Date:        Tue Feb 12 12:36:17 2008
;File:        D:\Попов Дмитрий\Домик\house 102\Krit\church_crit_x.max
{Skeleton
	{bone "w8_crit_x"
		{Orientation
			1	0	0
			0	-1	0
			0	0	1
		}
		{bone "piece05"
			{Matrix34
				1	0	0
				0	0.866024	-0.500002
				0	0.500002	0.866024
				33.5627	30.4136	135.236
			}
			{poly "piece05"}
		}
		{bone "piece03"
			{Position -26.5078	-21.9231	123.735}
			{poly "piece03"}
		}
		{bone "piece01"
			{Matrix34
				1	0	0
				0	1	0
				0	0	1
				-26.5097	18.9379	120.753
			}
			{poly "piece01"}
		}
		{bone "piece02"
			{Position -26.5933	12.2823	86.0314}
			{poly "piece02"}
		}
		{bone "piece04"
			{Matrix34
				1	0	0
				0	0.819152	0.573576
				0	-0.573576	0.819152
				33.4688	-24.9294	142.983
			}
			{poly "piece04"}
		}
	}
}
{Volume "piece01"
	{Box 8.1693 27.0874 32.9485}
	{Bone "piece01"}
	{Matrix34
		1	0	0
		0	0.939693	-0.34202
		0	0.34202	0.939693
		0	-1.13613	2.26691
	}
}
{Volume "piece02"
	{Box 8.17311 26.5321 27.9319}
	{Bone "piece02"}
}
{Volume "piece03"
	{Box 8.16541 31.1014 37.2853}
	{Bone "piece03"}
	{Position 0	0	0}
}
{Volume "piece04"
	{Box 72.113 55.2176 3.49654}
	{Bone "piece04"}
	{Position 0	0	0}
}
{Volume "piece05"
	{Box 73.2814 65.3991 3.28957}
	{Bone "piece05"}
	{Position 0	0	0}
}
