;Exported by: sana
;Date:        Mon Apr 17 16:50:29 2006
;File:        D:\-Project-\-3DWork-\Entourage\fence_wall.max
{Skeleton
	{bone "town_wall_low_cr1"
		{Orientation
			1	0	0
			0	-1	0
			0	0	1
		}
		{poly "town_wall_low_cr1"}
		{bone "fx_stone1"
			{Matrix34
				0	-1	0
				1	0	0
				0	0	1
				3.38412	0.234779	15.0627
			}
		}
		{bone "piece1"
			{Position 11.7504	-0.56144	32.2808}
			{poly "piece1"}
		}
		{bone "piece2"
			{Position 12.1867	-0.508766	21.1814}
			{poly "piece2"}
		}
		{bone "piece4"
			{Position 0.120941	-0.508789	25.8063}
			{poly "piece4"}
		}
		{bone "piece6"
			{Matrix34
				0.819152	0	-0.573577
				0	1	0
				0.573577	0	0.819152
				-10.6931	-0.508789	24.9054
			}
			{poly "piece6"}
		}
		{bone "piece7"
			{Position -10.8044	-0.508789	18.0641}
			{poly "piece7"}
		}
		{bone "piece9"
			{Position -23.6112	-0.508766	24.7675}
			{poly "piece9"}
		}
		{bone "piece10"
			{Position -26.7068	-0.508766	14.4736}
			{poly "piece10"}
		}
	}
}
{Volume "piece10"
	{Box 6.60491 7.20822 8.36345}
	{Bone "piece10"}
	{Position 0	1.90174e-005	0}
}
{Volume "piece1"
	{Box 9.10619 9.19302 4.99229}
	{Bone "piece1"}
	{Position 0	-4.99643e-005	0}
}
{Volume "piece2"
	{Box 8.23804 7.20819 9.25256}
	{Bone "piece2"}
	{Position 0	-1.95368e-005	0}
}
{Volume "piece4"
	{Box 6.32096 7.20819 9.25257}
	{Bone "piece4"}
	{Matrix34
		0.573576	0	0.819152
		0	1	0
		-0.819152	0	0.573576
		1.57078	-4.85032e-005	0.743983
	}
}
{Volume "piece6"
	{Box 10.0005 7.20819 7.36665}
	{Bone "piece6"}
	{Position 0	1.90488e-005	0}
}
{Volume "piece7"
	{Box 9.9261 7.20819 7.78532}
	{Bone "piece7"}
	{Matrix34
		0.866025	0	-0.5
		0	1	0
		0.5	0	0.866025
		-1.90814	-4.46237e-005	-0.395273
	}
}
{Volume "piece9"
	{Box 10.7523 7.20822 9.87322}
	{Bone "piece9"}
	{Position 0	1.83777e-005	0}
}
