;Exported by	: KobaA
;Date			: 15.01.2024 12:19:00
;File			: d:\git\gem2-mdl-soldiers\models\building\house_50\house_50_g2_x_fort.max
{skeleton
	{bone "50_g2_piece_001_x"
		{orientation
			1 	 0 	 0
			0 	 -1 	 0
			0 	 0 	 1
		}
		{bone "sub_piece07"
			{Position -11.1043 	 -22.342 	 8.7204}
			{poly "sub_piece07"}
		}
		{bone "sub_piece02"
			{matrix34
				-1 	 0 	 0
				0 	 -0.7071 	 0.7071
				0 	 0.7071 	 0.7071
				0.4223 	 2.2387 	 20.196
			}
			{poly "sub_piece02"}
		}
		{bone "sub_piece03"
			{Position 69.9557 	 -9.3012 	 9.4465}
			{poly "sub_piece03"}
		}
		{bone "sub_piece04"
			{Position -50.9678 	 24.5913 	 -4.4663}
			{poly "sub_piece04"}
		}
		{bone "sub_piece06"
			{Position 13.9567 	 16.8228 	 2.8415}
			{poly "sub_piece06"}
		}
		{bone "sub_piece05"
			{Position -11.2727 	 13.1919 	 7.3982}
			{poly "sub_piece05"}
		}
		{bone "sub_piece01"
			{Position 53.5204 	 13.0819 	 8.6718}
			{poly "sub_piece01"}
		}
		{bone "piece01"
			{matrix34
				1 	 0 	 0
				0 	 0.7584 	 -0.6518
				0 	 0.6518 	 0.7584
				-37.7584 	 -10.9319 	 4.8296
			}
			{poly "piece01"}
		}
		{bone "piece02"
			{matrix34
				1 	 0 	 0
				0 	 0.7584 	 -0.6518
				0 	 0.6518 	 0.7584
				33.7852 	 -13.169 	 5.8133
			}
			{poly "piece02"}
		}
		{bone "piece03"
			{Position 13.1092 	 -25.2493 	 -5.1374}
			{poly "piece03"}
		}
		{bone "piece04"
			{matrix34
				0 	 1 	 0
				-1 	 0 	 0
				0 	 0 	 1
				-10.579 	 -27.2232 	 -6.3151
			}
			{poly "piece04"}
		}
	}
}
{"volumes"
	{"piece01"
		{box 2.44557 10.8104 25.4398}
		{bone "piece01"}
		{matrix34
			0 	 -0.9999 	 -0.0119
			1 	 0 	 0
			0 	 -0.0119 	 0.9999
			-18.8453 	 -1.3919 	 -4.6782
		}
	}
	{"piece02"
		{box 1.27336 7.95271 6.27817}
		{bone "piece02"}
		{matrix34
			0 	 -0.9999 	 -0.0119
			1 	 0 	 0
			0 	 -0.0119 	 0.9999
			-10.1464 	 0.4796 	 4.7357
		}
	}
	{"piece03"
		{box 5.90551 16.9248 10.7312}
		{bone "piece03"}
		{Position 0.127 	 0.1235 	 -0.3174}
	}
	{"piece04"
		{box 5.84646 13.3567 16.5027}
		{bone "piece04"}
		{matrix34
			0 	 1 	 0
			-1 	 0 	 0
			0 	 0 	 1
			-0.5084 	 0.0154 	 -0.3162
		}
	}
	{"sub_piece01"
		{box 2.95276 2.95276 29.5969}
		{bone "sub_piece01"}
		{matrix34
			1 	 0 	 0
			0 	 0.766 	 0.6428
			0 	 -0.6428 	 0.766
			0 	 0.1048 	 0.4645
		}
	}
	{"sub_piece02"
		{box 129.948 4.17892 4.1385}
		{bone "sub_piece02"}
		{matrix34
			-1 	 0 	 0
			0 	 -0.7071 	 0.7071
			0 	 0.7071 	 0.7071
			0.6471 	 1.3574 	 0.7876
		}
	}
	{"sub_piece03"
		{box 35.4759 4.17892 4.1385}
		{bone "sub_piece03"}
		{matrix34
			0.275 	 -0.5913 	 -0.7581
			0.9138 	 -0.0843 	 0.3973
			-0.2988 	 -0.802 	 0.5171
			0.0086 	 0.4208 	 1.0701
		}
	}
	{"sub_piece04"
		{box 2.95276 2.95276 62.6714}
		{bone "sub_piece04"}
		{matrix34
			1 	 0 	 0
			0 	 0.766 	 0.6428
			0 	 -0.6428 	 0.766
			-0.2384 	 -0.3435 	 0.4205
		}
	}
	{"sub_piece05"
		{box 2.95276 2.95276 30.6058}
		{bone "sub_piece05"}
		{matrix34
			1 	 0 	 0
			0 	 0.766 	 0.6428
			0 	 -0.6428 	 0.766
			0.8225 	 1.1612 	 0.3479
		}
	}
	{"sub_piece06"
		{box 2.95276 2.95276 40.6957}
		{bone "sub_piece06"}
		{matrix34
			1 	 0 	 0
			0 	 0.766 	 0.6428
			0 	 -0.6428 	 0.766
			0.7301 	 1.9025 	 -0.3059
		}
	}
	{"sub_piece07"
		{box 14.1196 26.9798 1.32989}
		{bone "sub_piece07"}
		{matrix34
			0.6428 	 0 	 0.766
			0 	 1 	 0
			-0.766 	 0 	 0.6428
			0.6256 	 -1.8496 	 -0.5249
		}
	}
}
