;Exported by	: joomb
;Date			: 13.04.2023 15:01:33
;File			: H:\git\gem2-mdl-soldiers\models\building\building_ua01\building_ua04_2v.max
{skeleton
	{bone "b_ua_04_piece05"
		{orientation
			1 	 0 	 0
			0 	 -1 	 0
			0 	 0 	 1
		}
		{poly "b_ua_04_piece05"}
		{bone "fort_wall"
			{matrix34
				0 	 -1 	 0
				1 	 0 	 0
				0 	 0 	 1
				9.4705 	 -6.1016 	 -19.7825
			}
		}
		{bone revolute "attach1"
			{matrix34
				1 	 0 	 0
				0 	 1 	 0
				0 	 0 	 1
				-12.7874 	 5.9373 	 -21.751
			}
		}
		{bone revolute "attach2"
			{matrix34
				0 	 -1 	 0
				1 	 0 	 0
				0 	 0 	 1
				-12.7874 	 -19.1214 	 -21.751
			}
		}
	}
}
{"volumes"
	{"body01"
		{box 9.84252 13.1634 45.9576}
		{bone "b_ua_04_piece05"}
		{matrix34
			0 	 1 	 0
			-1 	 0 	 0
			0 	 0 	 1
			-2.7397 	 -28.1397 	 1.2273
		}
	}
	{"body02"
		{box 9.84252 54.3033 45.9576}
		{bone "b_ua_04_piece05"}
		{matrix34
			-1 	 0 	 0
			0 	 -1 	 0
			0 	 0 	 1
			3.9961 	 2.7276 	 1.2273
		}
	}
	{"roof01"
		{box 18.7548 1.9685 16.5761}
		{bone "b_ua_04_piece05"}
		{matrix34
			1 	 0 	 0
			0 	 0.7071 	 -0.7071
			0 	 0.7071 	 0.7071
			-4.8627 	 -36.4933 	 27.5755
		}
	}
	{"roof02"
		{box 40.5103 1.9685 16.5761}
		{bone "b_ua_04_piece05"}
		{matrix34
			0 	 1 	 0
			-0.9063 	 0 	 -0.4226
			-0.4226 	 0 	 0.9063
			13.2981 	 10.7242 	 29.2264
		}
	}
	{"roof03"
		{box 25.5215 1.9685 10.2772}
		{bone "b_ua_04_piece05"}
		{matrix34
			0.079 	 0.9962 	 0.0368
			-0.9029 	 0.0872 	 -0.421
			-0.4226 	 0 	 0.9063
			12.7048 	 -21.6325 	 25.4748
		}
	}
}
