;Exported by	: KobaA
;Date			: 15.01.2024 15:26:52
;File			: d:\git\gem2-mdl-soldiers\models\building\house_60\house_60_fort_x.max
{skeleton
	{bone "house_60_piece_006_point"
		{orientation
			1 	 0 	 0
			0 	 -1 	 0
			0 	 0 	 1
		}
		{bone "piece01"
			{Position -31.1343 	 31.4225 	 -10.0652}
			{poly "piece01"}
		}
		{bone "piece02"
			{Position 3.7734 	 24.6742 	 -4.445}
			{poly "piece02"}
		}
		{bone "piece03"
			{Position 34.3687 	 6.6949 	 10.3978}
			{poly "piece03"}
		}
		{bone "piece04"
			{Position 32.1979 	 24.654 	 -4.4283}
			{poly "piece04"}
		}
		{bone "piece05"
			{Position -38.5332 	 -25.0311 	 2.1141}
			{poly "piece05"}
		}
		{bone "piece06"
			{Position -8.4646 	 -16.3527 	 9.2785}
			{poly "piece06"}
		}
		{bone "piece07"
			{Position 22.0942 	 -10.2295 	 14.3325}
			{poly "piece07"}
		}
		{bone "sub_piece01"
			{matrix34
				0 	 0.7071 	 -0.7071
				0 	 0.7071 	 0.7071
				1 	 0 	 0
				0.663 	 -4.1531 	 16.6499
			}
			{poly "sub_piece01"}
		}
		{bone "sub_piece02"
			{matrix34
				1 	 0 	 0
				0 	 -0.6378 	 -0.7702
				0 	 -0.7702 	 0.6378
				8.0976 	 18.8494 	 -1.7695
			}
			{poly "sub_piece02"}
		}
		{bone "sub_piece03"
			{matrix34
				1 	 0 	 0
				0 	 0.6378 	 0.7702
				0 	 -0.7702 	 0.6378
				36.189 	 15.415 	 1.0745
			}
			{poly "sub_piece03"}
		}
		{bone "sub_piece04"
			{matrix34
				1 	 0 	 0
				0 	 0.6378 	 -0.7702
				0 	 0.7702 	 0.6378
				-50.3314 	 -22.8414 	 1.7166
			}
			{poly "sub_piece04"}
		}
	}
}
{"volumes"
	{"piece01"
		{box 25.4424 23.6614 4.14025}
		{bone "piece01"}
		{matrix34
			1 	 0 	 0
			0 	 0.766 	 -0.6428
			0 	 0.6428 	 0.766
			-0.6189 	 -0.35 	 -0.3765
		}
	}
	{"piece02"
		{box 44.2557 28.5077 4.14025}
		{bone "piece02"}
		{matrix34
			1 	 0 	 0
			0 	 0.766 	 -0.6428
			0 	 0.6428 	 0.766
			-0.0055 	 -0.4185 	 -0.2768
		}
	}
	{"piece03"
		{box 13.0256 28.3565 4.14025}
		{bone "piece03"}
		{matrix34
			1 	 0 	 0
			0 	 0.766 	 -0.6428
			0 	 0.6428 	 0.766
			-1.9062 	 -0.0499 	 -0.3424
		}
	}
	{"piece04"
		{box 13.0256 16.4589 4.14025}
		{bone "piece04"}
		{matrix34
			1 	 0 	 0
			0 	 0.766 	 -0.6428
			0 	 0.6428 	 0.766
			0.2645 	 -0.1474 	 -0.504
		}
	}
	{"piece05"
		{box 24.2906 21.2278 4.14025}
		{bone "piece05"}
		{matrix34
			-1 	 0 	 0
			0 	 -0.766 	 -0.6428
			0 	 -0.6428 	 0.766
			-0.1692 	 0.0991 	 -0.275
		}
	}
	{"piece06"
		{box 26.3657 29.1912 4.14025}
		{bone "piece06"}
		{matrix34
			-1 	 0 	 0
			0 	 -0.766 	 -0.6428
			0 	 -0.6428 	 0.766
			0.0581 	 1.3717 	 0.9104
		}
	}
	{"piece07"
		{box 23.9364 17.017 4.09885}
		{bone "piece07"}
		{matrix34
			-1 	 0 	 0
			0 	 -0.766 	 -0.6428
			0 	 -0.6428 	 0.766
			0.0371 	 0.1457 	 -0.0613
		}
	}
	{"sub_piece01"
		{box 102.445 3.93701 3.93701}
		{bone "sub_piece01"}
		{matrix34
			0 	 0 	 1
			0.9962 	 0.0872 	 0
			-0.0872 	 0.9962 	 0
			-0.0099 	 -0.0278 	 -1.6876
		}
	}
	{"sub_piece02"
		{box 1.9685 1.9685 57.4524}
		{bone "sub_piece02"}
		{matrix34
			-1 	 0 	 0
			0 	 1 	 0.0065
			0 	 0.0065 	 -1
			0 	 0.0045 	 -0.6971
		}
	}
	{"sub_piece03"
		{box 1.9685 1.9685 47.1109}
		{bone "sub_piece03"}
		{matrix34
			1 	 0 	 0
			0 	 1 	 -0.0065
			0 	 0.0065 	 1
			0.0825 	 0.0356 	 1.0381
		}
	}
	{"sub_piece04"
		{box 1.9685 1.9685 46.5364}
		{bone "sub_piece04"}
		{matrix34
			1 	 0 	 0
			0 	 1 	 0.0065
			0 	 -0.0065 	 1
			0.4111 	 0.2503 	 -0.2704
		}
	}
}
