;Exported by	: KobaA
;Date			: 11.03.2024 15:51:31
;File			: d:\git\gem2-mdl-soldiers\models\building\ger_build_01\ger_build_08_cut_details.max
{skeleton
	{bone "ger08_piece04"
		{orientation
			1 	 0 	 0
			0 	 -1 	 0
			0 	 0 	 1
		}
		{poly "ger08_piece04"}
		{bone "window1"
			{matrix34
				0.7071 	 0.7071 	 0
				-0.7071 	 0.7071 	 0
				0 	 0 	 1
				19.1032 	 -16.7916 	 0.8271
			}
			{poly "window1"}
		}
		{bone "window1_x"
			{matrix34
				0.7071 	 0.7071 	 0
				-0.7071 	 0.7071 	 0
				0 	 0 	 1
				19.1032 	 -16.7916 	 0.8271
			}
			{poly "window1_x"}
		}
		{bone "fort_window"
			{matrix34
				-1 	 0 	 0
				0 	 -1 	 0
				0 	 0 	 1
				27.9247 	 -25.9382 	 0.5219
			}
		}
		{bone "fix026"
			{Position 20.9142 	 4.3445 	 -36.4923}
		}
		{bone "fix034"
			{Position 22.6714 	 -42.0584 	 0.0556}
		}
		{bone "fix035"
			{Position -36.182 	 10.3984 	 0.0556}
		}
	}
}
{"volumes"
	{"body01"
		{polyhedron}
		{bone "ger08_piece04"}
		{matrix34
			-1 	 0 	 0
			0 	 -1 	 0
			0 	 0 	 1
			21.6319 	 1.9644 	 -23.3225
		}
	}
	{"body02"
		{polyhedron}
		{bone "ger08_piece04"}
		{matrix34
			-1 	 0 	 0
			0 	 -0.766 	 -0.6428
			0 	 -0.6428 	 0.766
			1.6045 	 37.1414 	 -31.8519
		}
	}
	{"body03"
		{polyhedron}
		{bone "ger08_piece04"}
		{matrix34
			-1 	 0 	 0
			0 	 -0.7604 	 0.6494
			0 	 0.6494 	 0.7604
			4.2729 	 -37.34 	 29.9853
		}
	}
	{"body04"
		{box 45.5177 8.17078 16.7772}
		{bone "ger08_piece04"}
		{matrix34
			-1 	 0 	 0
			0 	 -1 	 0
			0 	 0 	 1
			1.1523 	 29.5354 	 -37.3856
		}
	}
	{"body05"
		{box 43.7537 56.1162 1.81606}
		{bone "ger08_piece04"}
		{matrix34
			-1 	 0 	 0
			0 	 -1 	 0
			0 	 0 	 1
			-5.7108 	 4.1115 	 -27.4321
		}
	}
	{"body06"
		{box 12.1141 12.3879 72.1213}
		{bone "ger08_piece04"}
		{Position 9.9708 	 -5.9642 	 10.7464}
	}
	{"body07"
		{polyhedron}
		{bone "ger08_piece04"}
		{matrix34
			0.766 	 0 	 0.6428
			0 	 1 	 0
			-0.6428 	 0 	 0.766
			26.9306 	 -25.2299 	 14.1454
		}
	}
	{"window1"
		{box 9.06879 1.34567 24.8531}
		{bone "window1"}
		{matrix34
			1 	 0 	 0
			0 	 1 	 0
			0 	 0 	 1
			-4.4216 	 0.0022 	 0
		}
	}
}
