;Exported by:	 tolokolnikova
;Date:			 10.06.2018 11:23:19
;File:			 D:\gem2\gem2-mdl-soldiers\models\building\b1\001_x.max
{skeleton
	{bone "b1_vil_piece_03_point"
		{orientation
			1 	 0 	 0
			0 	 -1 	 0
			0 	 0 	 1
		}
		{bone "piece09"
			{matrix34
				0.0601 	 -0.9976 	 0.0356
				0.9964 	 0.0579 	 -0.0617
				0.0595 	 0.0392 	 0.9975
				-20.4068 	 4.1642 	 22.1118
			}
			{poly "piece09"}
		}
		{bone "piece10"
			{matrix34
				0 	 -1 	 0
				1 	 0 	 0
				0 	 0 	 1
				-19.9977 	 -9.1458 	 12.8037
			}
			{poly "piece10"}
		}
		{bone "piece11"
			{Position -20.1896 	 -17.1055 	 45.6693}
			{poly "piece11"}
		}
		{bone "piece12"
			{Position -20.2271 	 -8.5112 	 41.3407}
			{poly "piece12"}
		}
		{bone "piece14"
			{matrix34
				-0.9988 	 0 	 0.0488
				0 	 -1 	 0
				0.0488 	 0 	 0.9988
				-15.4983 	 17.4709 	 14.958
			}
			{poly "piece14"}
		}
		{bone "piece15"
			{matrix34
				-1 	 0 	 0
				0 	 -1 	 0
				0 	 0 	 1
				6.4794 	 17.338 	 19.8729
			}
			{poly "piece15"}
		}
		{bone "piece04"
			{matrix34
				-1 	 0 	 0
				0 	 -1 	 0
				0 	 0 	 1
				-20.5042 	 17.5126 	 19.7545
			}
			{poly "piece04"}
		}
		{bone "b1_vil_piece_03"
			{Position 61.0518 	 -71.244 	 -50.3013}
			{poly "b1_vil_piece_03"}
		}
		{bone "piece05"
			{matrix34
				1 	 0 	 0
				0 	 -0.6643 	 0.7475
				0 	 -0.7475 	 -0.6643
				-15.379 	 -43.7364 	 73.0311
			}
			{poly "piece05"}
		}
		{bone "piece02"
			{matrix34
				1 	 0 	 0
				0 	 0.7454 	 -0.6666
				0 	 0.6666 	 0.7454
				-16.1193 	 -26.0683 	 71.9215
			}
			{poly "piece02"}
		}
		{bone "piece03"
			{matrix34
				1 	 0 	 0
				0 	 0.7454 	 -0.6666
				0 	 0.6666 	 0.7454
				1.1578 	 10.8397 	 38.919
			}
			{poly "piece03"}
		}
		{bone "piece13"
			{matrix34
				0 	 -1 	 0
				1 	 0 	 0
				0 	 0 	 1
				-20.1694 	 -23.3016 	 3.2636
			}
			{poly "piece13"}
		}
		{bone "piece01"
			{matrix34
				0 	 1 	 0
				-1 	 0 	 0
				0 	 0 	 1
				5.676 	 18.1204 	 27.7195
			}
			{poly "piece01"}
		}
		{bone "piece06"
			{matrix34
				1 	 0 	 0
				0 	 0.6643 	 0.7475
				0 	 0.7475 	 -0.6643
				9.6199 	 -1.113 	 49.9204
			}
			{poly "piece06"}
		}
		{bone "piece07"
			{matrix34
				1 	 0 	 0
				0 	 0.6643 	 0.7475
				0 	 0.7475 	 -0.6643
				-14.8117 	 -21.4127 	 68.2829
			}
			{poly "piece07"}
		}
		{bone "piece08"
			{matrix34
				1 	 0 	 0
				0 	 0.6643 	 0.7475
				0 	 0.7475 	 -0.6643
				-25.4739 	 11.7081 	 38.84
			}
			{poly "piece08"}
		}
		{bone revolute "attach1"
			{matrix34
				0 	 1 	 0
				-1 	 0 	 0
				0 	 0 	 1
				6.1651 	 -1.218 	 -25.6236
			}
		}
		{bone "fort_wall"
			{Position -0.8728 	 25.2882 	 -25.9528}
		}
		{bone "fx_wood"
			{Position -15.1911 	 16.0594 	 -15.5414}
		}
		{bone "debris_land_001"
			{parameters "commonmesh;land;ground;"}
			{matrix34
				0 	 -1 	 0
				1 	 0 	 0
				0 	 0 	 1
				-8.881 	 29.2386 	 -33.8269
			}
			{poly "debris_land_001" {ground}}
		}
		{bone "stones_001"
			{parameters "commonmesh;land;ground;"}
			{matrix34
				0 	 -1 	 0
				1 	 0 	 0
				0 	 0 	 1
				-8.881 	 29.2253 	 -33.8269
			}
			{poly "stones_001" {ground}}
		}
	}
}
{volume "piece01"
	{box 5.90551 47.448 5.04392}
	{bone "piece01"}
	{matrix34
		-1 	 0 	 0
		0 	 -1 	 0
		0 	 0 	 1
		0.3486 	 0.4011 	 -0.0415
	}
}
{volume "piece02"
	{box 0.984252 28.5616 4.36784}
	{bone "piece02"}
	{matrix34
		0 	 0.0023 	 -1
		1 	 0 	 0
		0 	 -1 	 -0.0023
		-0.5055 	 0.0657 	 0.0668
	}
}
{volume "piece03"
	{box 0.984252 28.5616 4.36784}
	{bone "piece03"}
	{matrix34
		0 	 0.0023 	 -1
		1 	 0 	 0
		0 	 -1 	 -0.0023
		-4.3687 	 -0.1703 	 0.1822
	}
}
{volume "piece04"
	{box 5.90551 8.50736 4.58997}
	{bone "piece04"}
	{matrix34
		0 	 1 	 0
		-1 	 0 	 0
		0 	 0 	 1
		-0.3437 	 -0.3258 	 0.0079
	}
}
{volume "piece05"
	{box 0.984252 9.45749 17.0087}
	{bone "piece05"}
	{matrix34
		0 	 -1 	 -0.0007
		-1 	 0 	 0
		0 	 0.0007 	 -1
		-0.1705 	 -0.0837 	 -2.9309
	}
}
{volume "piece06"
	{box 0.984252 9.45749 32.0308}
	{bone "piece06"}
	{matrix34
		0 	 -1 	 -0.0007
		1 	 0 	 0
		0 	 0.0007 	 -1
		-4.0857 	 0.4177 	 1.5772
	}
}
{volume "piece07"
	{box 0.984252 9.45749 36.3987}
	{bone "piece07"}
	{matrix34
		0 	 -1 	 -0.0007
		1 	 0 	 0
		0 	 0.0007 	 -1
		-0.7378 	 0.1959 	 0.3281
	}
}
{volume "piece08"
	{box 0.984252 9.45749 32.0308}
	{bone "piece08"}
	{matrix34
		0 	 -1 	 -0.0007
		1 	 0 	 0
		0 	 0.0007 	 -1
		0.1064 	 0.1702 	 0.7782
	}
}
{volume "piece09"
	{box 5.90551 18.4943 5.04392}
	{bone "piece09"}
	{matrix34
		0.0601 	 0.9964 	 0.0595
		-0.9976 	 0.0579 	 0.0392
		0.0356 	 -0.0617 	 0.9975
		-0.0059 	 0.0101 	 -0.1636
	}
}
{volume "piece10"
	{box 5.90551 27.586 5.04392}
	{bone "piece10"}
	{matrix34
		0 	 1 	 0
		-1 	 0 	 0
		0 	 0 	 1
		-0.3717 	 -0.4974 	 -0.104
	}
}
{volume "piece11"
	{box 0.984252 3.79584 27.1928}
	{bone "piece11"}
	{Position 0.1295 	 0.0755 	 -1.8195}
}
{volume "piece12"
	{box 0.984252 5.61784 17.4389}
	{bone "piece12"}
	{Position 0.167 	 0.168 	 -2.3678}
}
{volume "piece13"
	{box 5.90551 6.65793 5.04392}
	{bone "piece13"}
	{matrix34
		0 	 1 	 0
		-1 	 0 	 0
		0 	 0 	 1
		-0.5368 	 -0.3258 	 -0.0589
	}
}
{volume "piece14"
	{box 5.90551 17.9309 5.04392}
	{bone "piece14"}
	{matrix34
		0 	 1 	 0
		-1 	 0 	 0
		0 	 0 	 1
		-1.1978 	 0 	 -0.2492
	}
}
{volume "piece15"
	{box 5.90551 27.586 5.04392}
	{bone "piece15"}
	{matrix34
		0 	 1 	 0
		-1 	 0 	 0
		0 	 0 	 1
		-0.3717 	 -0.4974 	 -0.104
	}
}
{volume "target_vol_001"
	{box 9.84252 9.84252 15.6501}
	{bone "b1_vil_piece_03_point"}
	{matrix34
		0 	 1 	 0
		-1 	 0 	 0
		0 	 0 	 1
		6.1651 	 -1.218 	 -7.4236
	}
}
{volume "vol_01"
	{box 5.90551 47.585 16.5454}
	{bone "b1_vil_piece_03"}
	{matrix34
		0 	 1 	 0
		-1 	 0 	 0
		0 	 0 	 1
		-62.3655 	 88.0838 	 30.8349
	}
}
{volume "vol_02"
	{box 5.90551 28.0752 9.26544}
	{bone "b1_vil_piece_03"}
	{matrix34
		0 	 1 	 0
		-1 	 0 	 0
		0 	 0 	 1
		-73.4074 	 88.0838 	 43.8048
	}
}
{volume "vol_03"
	{box 5.90551 10.1071 4.07679}
	{bone "b1_vil_piece_03"}
	{matrix34
		0 	 1 	 0
		-1 	 0 	 0
		0 	 0 	 1
		-43.2356 	 88.0838 	 41.2105
	}
}
{volume "vol_04"
	{box 5.90551 29.2553 23.3291}
	{bone "b1_vil_piece_03"}
	{matrix34
		-1 	 0 	 0
		0 	 -1 	 0
		0 	 0 	 1
		-80.8477 	 78.0122 	 34.2267
	}
}
{volume "vol_05"
	{box 5.90551 15.0548 4.8991}
	{bone "b1_vil_piece_03"}
	{matrix34
		-1 	 0 	 0
		0 	 -1 	 0
		0 	 0 	 1
		-80.8477 	 86.2463 	 48.5779
	}
}
