;Exported by	: KobaA
;Date			: 15.04.2024 11:20:55
;File			: d:\git\gem2-mdl-soldiers\models\fence\fence_s01\fence_s01.max
{skeleton
	{bone "fence_s02_basis_x"
		{orientation
			1 	 0 	 0
			0 	 -1 	 0
			0 	 0 	 1
		}
		{poly "fence_s02_basis_x"}
		{bone "piece01"
			{Position 14.2864 	 0.2451 	 15.5852}
			{poly "piece01"}
		}
		{bone "piece02"
			{Position 27.6339 	 0.2209 	 10.8633}
			{poly "piece02"}
		}
		{bone "piece03"
			{Position 38.2527 	 -0.0282 	 13.5329}
			{poly "piece03"}
		}
		{bone "piece04"
			{Position -38.1413 	 0.4606 	 9.6418}
			{poly "piece04"}
		}
		{bone "piece05"
			{Position -24.5285 	 0.2209 	 4.5618}
			{poly "piece05"}
		}
		{bone "piece06"
			{Position -13.8154 	 0.0392 	 9.4502}
			{poly "piece06"}
		}
		{bone "piece07"
			{Position -1.0891 	 0.2617 	 8.3455}
			{poly "piece07"}
		}
		{bone "fx_stone1"
			{Position -8.8687 	 -0.0024 	 10.7323}
		}
	}
}
{"volumes"
	{"piece01"
		{box 10.3863 6.90942 8.71264}
		{bone "piece01"}
		{matrix34
			0.9857 	 0 	 -0.1686
			0 	 1 	 0
			0.1686 	 0 	 0.9857
			0.0716 	 -0.2859 	 -0.1024
		}
	}
	{"piece02"
		{box 8.30906 6.90942 4.60304}
		{bone "piece02"}
		{matrix34
			0.8875 	 0 	 0.4608
			0 	 1 	 0
			-0.4608 	 0 	 0.8875
			-0.216 	 -0.2612 	 0.6113
		}
	}
	{"piece03"
		{box 11.051 7.73855 5.98396}
		{bone "piece03"}
		{matrix34
			0.9442 	 0 	 -0.3293
			0 	 1 	 0
			0.3293 	 0 	 0.9442
			0.128 	 -0.0151 	 0.6548
		}
	}
	{"piece04"
		{box 10.3863 6.90942 8.71264}
		{bone "piece04"}
		{matrix34
			0.9857 	 0 	 -0.1686
			0 	 1 	 0
			0.1686 	 0 	 0.9857
			0.4341 	 -0.5014 	 0.129
		}
	}
	{"piece05"
		{box 8.30906 6.90942 4.60304}
		{bone "piece05"}
		{matrix34
			0.8875 	 0 	 0.4608
			0 	 1 	 0
			-0.4608 	 0 	 0.8875
			-0.216 	 -0.2612 	 0.6113
		}
	}
	{"piece06"
		{box 8.30906 6.90942 4.60304}
		{bone "piece06"}
		{matrix34
			0.8996 	 0 	 -0.4367
			0 	 1 	 0
			0.4367 	 0 	 0.8996
			0.9371 	 0.1794 	 0.6308
		}
	}
	{"piece07"
		{box 10.3863 6.90942 8.71264}
		{bone "piece07"}
		{matrix34
			0.9857 	 0 	 -0.1686
			0 	 1 	 0
			0.1686 	 0 	 0.9857
			0.1317 	 -0.3026 	 -0.0272
		}
	}
}
