;Exported by	: KobaA
;Date			: 12.03.2024 14:51:45
;File			: d:\git\gem2-mdl-soldiers\models\entourage\railway\trainstation\station004_x.max
{skeleton
	{bone "station004_piece_004_x"
		{orientation
			1 	 0 	 0
			0 	 -1 	 0
			0 	 0 	 1
		}
		{bone "piece01"
			{matrix34
				-0.9238 	 -0.3828 	 0
				0.3828 	 -0.9238 	 0
				0 	 0 	 1
				-1.1885 	 -4.181 	 -0.7384
			}
			{poly "piece01"}
		}
		{bone "piece02"
			{matrix34
				1 	 -0.0017 	 0
				0.0017 	 0.972 	 0.2351
				-0.0004 	 -0.2351 	 0.972
				11.6679 	 -23.6182 	 15.6089
			}
			{poly "piece02"}
		}
		{bone "piece03"
			{matrix34
				-1 	 0.0017 	 0
				-0.0017 	 -0.972 	 0.2351
				0.0004 	 0.2351 	 0.972
				8.6334 	 17.2998 	 17.3613
			}
			{poly "piece03"}
		}
		{bone "sub_piece01"
			{matrix34
				-1 	 0 	 0
				0 	 -1 	 0
				0 	 0 	 1
				27.6917 	 0.2715 	 19.5799
			}
			{poly "sub_piece01"}
		}
		{bone "sub_piece02"
			{matrix34
				-0.3828 	 0.9238 	 0
				-0.9238 	 -0.3828 	 0
				0 	 0 	 1
				-0.7888 	 20.5603 	 -4.2772
			}
			{poly "sub_piece02"}
		}
		{bone "sub_piece03"
			{matrix34
				-0.3828 	 0.9238 	 0
				-0.9238 	 -0.3828 	 0
				0 	 0 	 1
				-0.4924 	 12.9388 	 8.9308
			}
			{poly "sub_piece03"}
		}
	}
}
{"volumes"
	{"piece01"
		{box 16.8554 5.90551 12.8104}
		{bone "piece01"}
		{matrix34
			0.3828 	 0.9238 	 0
			-0.9238 	 0.3828 	 0
			0 	 0 	 1
			0 	 0 	 0.0261
		}
	}
	{"piece02"
		{box 19.8865 27.5481 0.914963}
		{bone "piece02"}
		{matrix34
			-1 	 -0.0017 	 0
			0.0017 	 -1 	 -0.007
			0 	 -0.007 	 1
			-0.0227 	 1.2808 	 0.0056
		}
	}
	{"piece03"
		{box 19.8865 27.5481 0.914963}
		{bone "piece03"}
		{matrix34
			-1 	 -0.0017 	 0
			0.0017 	 -1 	 -0.007
			0 	 -0.007 	 1
			-0.0227 	 1.2808 	 0.0056
		}
	}
	{"sub_piece01"
		{box 49.0979 0.984252 2.95276}
		{bone "sub_piece01"}
		{Position 0.3393 	 0 	 0}
	}
	{"sub_piece02"
		{box 11.0764 5.90551 10.9079}
		{bone "sub_piece02"}
		{matrix34
			-0.9238 	 0.3828 	 0
			-0.3828 	 -0.9238 	 0
			0 	 0 	 1
			0 	 0 	 -0.2511
		}
	}
	{"sub_piece03"
		{box 11.0764 5.90551 10.9079}
		{bone "sub_piece03"}
		{matrix34
			-0.9238 	 0.3828 	 0
			-0.3828 	 -0.9238 	 0
			0 	 0 	 1
			0 	 0 	 -0.2511
		}
	}
}
