;Exported by	: KobaA
;Date			: 15.11.2023 12:26:36
;File			: D:\git\gem2-mdl-soldiers\models\flora\sticks2011\snag_tree.max
{skeleton
	{bone "snag_tree_07_basis_x"
		{orientation
			1 	 0 	 0
			0 	 -1 	 0
			0 	 0 	 1
		}
		{bone "piece01"
			{matrix34
				-0.0407 	 0.9319 	 0.3605
				0.0746 	 0.3626 	 -0.9289
				-0.9964 	 -0.0109 	 -0.0843
				3.2379 	 5.709 	 6.333
			}
			{poly "piece01"}
		}
	}
}
{"volumes"
	{"piece01_01"
		{cylinder 4.82988 33.6741}
		{bone "piece01"}
		{matrix34
			0.8696 	 0.4174 	 -0.2638
			0.4078 	 -0.9083 	 -0.0929
			-0.2784 	 -0.0268 	 -0.9601
			-4.6606 	 -2.3516 	 26.0655
		}
	}
	{"piece01_02"
		{cylinder 4.82988 54.6178}
		{bone "piece01"}
		{matrix34
			0.9025 	 0.3896 	 0.1834
			0.4073 	 -0.9107 	 -0.0695
			0.14 	 0.1374 	 -0.9806
			-5.293 	 0.7994 	 -12.0345
		}
	}
}
