;Exported by	: KobaA
;Date			: 05.03.2024 10:29:23
;File			: d:\git\gem2-mdl-soldiers\models\building\house_40\house_40_new_cut_x.max
{skeleton
	{bone "house_40_g2_piece_011_x"
		{orientation
			1 	 0 	 0
			0 	 -1 	 0
			0 	 0 	 1
		}
		{bone "sub_piece05"
			{matrix34
				0 	 1 	 0
				-1 	 0 	 0
				0 	 0 	 1
				16.7144 	 -9.006 	 -9.5476
			}
			{poly "sub_piece05"}
		}
		{bone "sub_piece01"
			{matrix34
				1 	 0 	 0
				0 	 0.766 	 -0.6428
				0 	 0.6428 	 0.766
				16.7144 	 2.7862 	 -14.985
			}
			{poly "sub_piece01"}
		}
		{bone "sub_piece04"
			{matrix34
				0 	 1 	 0
				-1 	 0 	 0
				0 	 0 	 1
				16.7144 	 4.7672 	 -5.3246
			}
			{poly "sub_piece04"}
		}
		{bone "piece01"
			{matrix34
				1 	 0 	 0
				0 	 -0.766 	 0.6428
				0 	 -0.6428 	 -0.766
				16.7144 	 15.5372 	 -11.397
			}
			{poly "piece01"}
		}
		{bone "sub_piece06"
			{matrix34
				0 	 1 	 0
				-1 	 0 	 0
				0 	 0 	 1
				16.7144 	 18.1235 	 -23.4737
			}
			{poly "sub_piece06"}
		}
		{bone "sub_piece07"
			{matrix34
				0 	 1 	 0
				-1 	 0 	 0
				0 	 0 	 1
				16.7144 	 29.5164 	 -25.0256
			}
			{poly "sub_piece07"}
		}
		{bone "sub_piece02"
			{matrix34
				1 	 0 	 0
				0 	 -0.342 	 0.9397
				0 	 -0.9397 	 -0.342
				16.7144 	 29.4015 	 -14.7794
			}
			{poly "sub_piece02"}
		}
		{bone "sub_piece03"
			{matrix34
				1 	 0 	 0
				0 	 0.2588 	 0.9659
				0 	 -0.9659 	 0.2588
				16.7144 	 32.3672 	 -5.0893
			}
			{poly "sub_piece03"}
		}
	}
}
{"volumes"
	{"piece01"
		{box 5.9055 7.19114 11.811}
		{bone "piece01"}
		{matrix34
			1 	 0 	 0
			0 	 0.9397 	 0.342
			0 	 -0.342 	 0.9397
			0 	 -0.5751 	 0.0973
		}
	}
	{"sub_piece01"
		{box 5.9055 4.38444 5.55118}
		{bone "sub_piece01"}
		{Position 0 	 0.0437 	 0.1881}
	}
	{"sub_piece02"
		{box 5.9055 4.38444 5.55118}
		{bone "sub_piece02"}
		{Position 0 	 0.0437 	 0.1881}
	}
	{"sub_piece03"
		{box 5.9055 4.38444 5.55118}
		{bone "sub_piece03"}
		{Position 0 	 0.0437 	 0.1881}
	}
	{"sub_piece04"
		{box 5.9055 7.19114 5.55118}
		{bone "sub_piece04"}
		{matrix34
			0 	 -1 	 0
			0.9397 	 0 	 0.342
			-0.342 	 0 	 0.9397
			0.4581 	 0 	 0.1528
		}
	}
	{"sub_piece05"
		{box 5.9055 4.02704 6.49158}
		{bone "sub_piece05"}
		{matrix34
			0 	 -1 	 0
			0.9848 	 0 	 -0.1736
			0.1736 	 0 	 0.9848
			0.1773 	 0 	 0.1295
		}
	}
	{"sub_piece06"
		{box 5.9055 7.19114 5.55118}
		{bone "sub_piece06"}
		{matrix34
			0 	 -1 	 0
			0.9397 	 0 	 0.342
			-0.342 	 0 	 0.9397
			0.4581 	 0 	 0.1528
		}
	}
	{"sub_piece07"
		{box 5.9055 7.19114 5.55118}
		{bone "sub_piece07"}
		{matrix34
			0 	 -1 	 0
			0.9397 	 0 	 0.342
			-0.342 	 0 	 0.9397
			0.4581 	 0 	 0.1528
		}
	}
}
