;Exported by	: KobaA
;Date			: 15.01.2024 12:34:54
;File			: d:\git\gem2-mdl-soldiers\models\building\house_60\house_60_cut_fort_edits.max
{skeleton
	{bone "house_60_piece_010"
		{orientation
			1 	 0 	 0
			0 	 -1 	 0
			0 	 0 	 1
		}
		{poly "house_60_piece_010"}
		{bone "exterior"
			{Position 4.8969 	 -3.6009 	 23.1456}
			{poly "exterior"}
		}
		{bone "attach1"
			{matrix34
				0 	 -1 	 0
				1 	 0 	 0
				0 	 0 	 1
				14.2068 	 -2.8847 	 -49.9867
			}
		}
		{bone "window1"
			{matrix34
				0 	 -1 	 0
				0 	 0 	 1
				-1 	 0 	 0
				14.1605 	 -21.9627 	 -18.4537
			}
			{poly "window1"}
		}
		{bone "window1_x"
			{matrix34
				0 	 -1 	 0
				0 	 0 	 1
				-1 	 0 	 0
				14.1605 	 -21.9654 	 -18.4538
			}
			{poly "window1_x"}
		}
		{bone "fort_window"
			{matrix34
				0 	 1 	 0
				-1 	 0 	 0
				0 	 0 	 1
				14.204 	 -26.0188 	 -19.3421
			}
		}
		{bone "fort_wall"
			{matrix34
				-1 	 0 	 0
				0 	 -1 	 0
				0 	 0 	 1
				-23.0315 	 -28.9954 	 -42.1127
			}
		}
		{bone revolute "attach2"
			{matrix34
				-1 	 0 	 0
				0 	 -1 	 0
				0 	 0 	 1
				-26.8076 	 -9.6075 	 -49.9867
			}
		}
	}
}
{"volumes"
	{"body01"
		{polyhedron}
		{bone "house_60_piece_010"}
		{matrix34
			1 	 0 	 0
			0 	 0.766 	 0.6428
			0 	 -0.6428 	 0.766
			-41.0832 	 0.7039 	 15.6226
		}
	}
	{"body02"
		{polyhedron}
		{bone "house_60_piece_010"}
		{Position 16.6906 	 -19.0198 	 -6.8888}
	}
	{"body03"
		{polyhedron}
		{bone "house_60_piece_010"}
		{Position -4.9798 	 -19.0198 	 -55.898}
	}
	{"body04"
		{polyhedron}
		{bone "house_60_piece_010"}
		{Position -40.9391 	 -12.1598 	 -56.2443}
	}
	{"body05"
		{polyhedron}
		{bone "house_60_piece_010"}
		{Position 31.2938 	 -19.0198 	 -55.898}
	}
	{"body06"
		{polyhedron}
		{bone "house_60_piece_010"}
		{matrix34
			1 	 0 	 0
			0 	 0.766 	 0.6428
			0 	 -0.6428 	 0.766
			-41.0832 	 -7.7503 	 4.9448
		}
	}
	{"body07"
		{polyhedron}
		{bone "house_60_piece_010"}
		{Position -17.1306 	 -19.0198 	 -28.7497}
	}
	{"floor1"
		{polyhedron}
		{bone "exterior"}
		{Position -5.8041 	 3.6003 	 -16.0952}
	}
	{"hole"
		{polyhedron}
		{bone "house_60_piece_010"}
		{matrix34
			0 	 -1 	 0
			1 	 0 	 0
			0 	 0 	 1
			14.204 	 -17.2381 	 -28.3706
		}
	}
	{"roof1"
		{polyhedron}
		{bone "exterior"}
		{matrix34
			1 	 0 	 0
			0 	 0.6498 	 -0.7601
			0 	 0.7601 	 0.6498
			-5.7948 	 -20.2661 	 -13.865
		}
	}
	{"roof2"
		{polyhedron}
		{bone "exterior"}
		{matrix34
			1 	 0 	 0
			0 	 0.6498 	 -0.7601
			0 	 0.7601 	 0.6498
			18.1688 	 -3.7668 	 0.2387
		}
	}
	{"roof3"
		{polyhedron}
		{bone "exterior"}
		{matrix34
			1 	 0 	 0
			0 	 0.6498 	 -0.7601
			0 	 0.7601 	 0.6498
			-12.7913 	 -3.7668 	 0.2387
		}
	}
	{"window1"
		{polyhedron}
		{bone "window1"}
		{matrix34
			1 	 0 	 0
			0 	 0 	 -1
			0 	 1 	 0
			0 	 -9.8795 	 0
		}
	}
}
