;Exported by	: KobaA
;Date			: 12.04.2024 12:32:55
;File			: d:\git\gem2-mdl-soldiers\models\entourage\field_technical_buildings\field_technical_buildings.max
{skeleton
	{animation
		{sequence "crush" {speed 0.7}}
	}
	{bone "field_technical_buildings_repair_x"
		{orientation
			1 	 0 	 0
			0 	 -1 	 0
			0 	 0 	 1
		}
		{bone "piece11"
			{matrix34
				0.0124 	 0.7569 	 0.6534
				-0.9883 	 -0.0901 	 0.1232
				0.1521 	 -0.6473 	 0.7469
				2.4322 	 -29.4568 	 7.9489
			}
			{poly "piece11"}
		}
		{bone "piece03"
			{Position 83.271 	 10.1879 	 36.3264}
			{poly "piece03"}
		}
		{bone "piece13"
			{Position 50.5969 	 15.4965 	 5.4562}
			{poly "piece13"}
		}
		{bone "piece12"
			{Position 16.5661 	 63.7889 	 6.4482}
			{poly "piece12"}
		}
		{bone "sub_piece03"
			{matrix34
				0.1293 	 0.0407 	 0.9908
				-0.9787 	 -0.1552 	 0.1341
				0.1592 	 -0.987 	 0.0198
				12.9157 	 91.8636 	 15.3906
			}
			{poly "sub_piece03"}
		}
		{bone "sub_piece04"
			{matrix34
				0.0866 	 -0.9953 	 -0.0439
				-0.9529 	 -0.0699 	 -0.2951
				0.2906 	 0.0674 	 -0.9545
				6.0379 	 89.3762 	 25.96
			}
			{poly "sub_piece04"}
		}
		{bone "sub_piece05"
			{matrix34
				0.0371 	 0.0124 	 -0.9992
				0.0549 	 0.9984 	 0.0144
				0.9978 	 -0.0554 	 0.0364
				-2.5652 	 93.84 	 15.361
			}
			{poly "sub_piece05"}
		}
		{bone "sub_piece06"
			{matrix34
				-0.0872 	 -0.9924 	 -0.0868
				0.9962 	 -0.0868 	 -0.0076
				0 	 -0.0872 	 0.9962
				14.6192 	 85.7063 	 20.7337
			}
			{poly "sub_piece06"}
		}
		{bone "sub_piece07"
			{matrix34
				-0.0213 	 -0.1293 	 0.9914
				-0.1633 	 0.9787 	 0.1241
				-0.9864 	 -0.1592 	 -0.042
				16.6777 	 81.3241 	 12.6004
			}
			{poly "sub_piece07"}
		}
		{bone "piece04"
			{Position -78.5662 	 11.3705 	 15.7073}
			{poly "piece04"}
		}
		{bone "piece14"
			{matrix34
				0 	 1 	 0
				-0.7071 	 0 	 -0.7071
				-0.7071 	 0 	 0.7071
				-19.1879 	 70.5151 	 5.8151
			}
			{poly "piece14"}
		}
		{bone "piece01"
			{matrix34
				-1 	 0 	 0
				0 	 0.0409 	 -0.9992
				0 	 -0.9992 	 -0.0409
				-62.7807 	 61.7355 	 4.6279
			}
			{poly "piece01"}
		}
		{bone "piece02"
			{matrix34
				0.9063 	 0.4226 	 0
				-0.4226 	 0.9063 	 0
				0 	 0 	 1
				60.2861 	 89.5148 	 21.0915
			}
			{poly "piece02"}
		}
		{bone "tent011"
			{parameters "commonmesh;"}
			{matrix34
				0 	 1 	 0
				-1 	 0 	 0
				0 	 0 	 1
				-0.7961 	 39.7408 	 0
			}
			{poly "tent011"}
			{bone "tent2_anim"
				{matrix34
					0 	 -1 	 0
					1 	 0 	 0
					0 	 0 	 1
					-58.3591 	 -3.0617 	 0
				}
			}
			{bone "tent1_anim"
				{matrix34
					0 	 -1 	 0
					1 	 0 	 0
					0 	 0 	 1
					-33.6733 	 -4.9343 	 0
				}
			}
			{bone "still_anim"
				{matrix34
					0 	 -1 	 0
					1 	 0 	 0
					0 	 0 	 1
					-0.2924 	 0.6964 	 0
				}
			}
		}
		{bone "fx_bomb1"
			{Position 2.2664 	 -41.9326 	 0}
		}
		{bone "fx_bomb2"
			{Position -60.3245 	 64.3505 	 0}
		}
		{bone "fx_bomb3"
			{Position 80.9329 	 22.9373 	 23.6185}
		}
		{bone "piece15"
			{Position 83.3274 	 33.7163 	 24.3076}
			{poly "piece15"}
		}
		{bone "fx_metall1"
			{matrix34
				0 	 0 	 1
				-1 	 0 	 0
				0 	 -1 	 0
				-2.517 	 -46.6353 	 94.5781
			}
		}
		{bone "sub_piece01"
			{matrix34
				0 	 0 	 -1
				0 	 1 	 0
				1 	 0 	 0
				-24.7873 	 -81.3399 	 33.9134
			}
			{poly "sub_piece01"}
		}
		{bone "piece05"
			{matrix34
				0 	 -1 	 0
				1 	 0 	 0
				0 	 0 	 1
				1.2128 	 -9.8977 	 100.627
			}
			{poly "piece05"}
		}
		{bone "sub_piece02"
			{matrix34
				0 	 1 	 0
				-1 	 0 	 0
				0 	 0 	 1
				-1.1906 	 -44.7746 	 73.4536
			}
			{poly "sub_piece02"}
		}
		{bone "piece07"
			{matrix34
				0 	 1 	 0
				-1 	 0 	 0
				0 	 0 	 1
				-1.1906 	 -48.3932 	 96.7896
			}
			{poly "piece07"}
		}
		{bone "piece08"
			{matrix34
				0 	 1 	 0
				-1 	 0 	 0
				0 	 0 	 1
				25.098 	 -83.2078 	 11.1421
			}
			{poly "piece08"}
		}
		{bone "sub_piece08"
			{matrix34
				0 	 0 	 -1
				0 	 1 	 0
				1 	 0 	 0
				22.406 	 -12.26 	 33.9134
			}
			{poly "sub_piece08"}
		}
		{bone "piece06"
			{matrix34
				0 	 -1 	 0
				1 	 0 	 0
				0 	 0 	 1
				-4.7639 	 -82.9484 	 101.342
			}
			{poly "piece06"}
		}
		{bone "piece09"
			{matrix34
				0 	 -1 	 0
				1 	 0 	 0
				0 	 0 	 1
				-17.7619 	 -9.4418 	 45.3399
			}
			{poly "piece09"}
		}
		{bone "sub_piece10"
			{matrix34
				0 	 -1 	 0
				1 	 0 	 0
				0 	 0 	 1
				15.2255 	 -9.1544 	 45.7573
			}
			{poly "sub_piece10"}
		}
		{bone "piece10"
			{matrix34
				0 	 -1 	 0
				1 	 0 	 0
				0 	 0 	 1
				14.5654 	 -84.1581 	 51.1369
			}
			{poly "piece10"}
		}
		{bone "sub_piece09"
			{matrix34
				0 	 -1 	 0
				1 	 0 	 0
				0 	 0 	 1
				-21.2679 	 -84.4454 	 37.3463
			}
			{poly "sub_piece09"}
		}
		{bone "body"
			{parameters "land;ground;"}
			{matrix34
				0 	 1 	 0
				-1 	 0 	 0
				0 	 0 	 1
				-1.1906 	 -47.3745 	 0.4507
			}
			{poly "body" {ground}}
		}
	}
}
{"volumes"
	{"piece01"
		{cylinder 1.73816 31.109}
		{bone "piece01"}
		{Position 0 	 0 	 0.0342}
	}
	{"piece02"
		{box 11.1182 8.79516 5.9483}
		{bone "piece02"}
		{Position 0 	 0 	 2.9741}
	}
	{"piece03"
		{polyhedron}
		{bone "piece03"}
		{Position 0.0261 	 -1.2469 	 -0.0713}
	}
	{"piece04"
		{box 15.7608 21.3833 1.23623}
		{bone "piece04"}
		{Position -0.0444 	 0.0754 	 -0.0344}
	}
	{"piece05_01"
		{cylinder 1.35752 31.8654}
		{bone "piece05"}
		{matrix34
			-1 	 0 	 0
			0 	 -0.9555 	 -0.2949
			0 	 -0.2949 	 0.9555
			0.5848 	 3.4728 	 -15.1863
		}
	}
	{"piece05_02"
		{cylinder 1.35752 15.4148}
		{bone "piece05"}
		{matrix34
			-1 	 0 	 0
			0 	 -0.9652 	 0.2613
			0 	 0.2613 	 0.9652
			0.5849 	 -6.0954 	 -7.26
		}
	}
	{"piece05_03"
		{box 35.4654 3.48983 6.12267}
		{bone "piece05"}
		{matrix34
			-0.9998 	 0 	 0.0175
			0 	 -1 	 0
			0.0175 	 0 	 0.9998
			8.9786 	 -2.0059 	 2.4504
		}
	}
	{"piece06_01"
		{cylinder 1.35752 18.7289}
		{bone "piece06"}
		{matrix34
			-1 	 0 	 0
			0 	 -0.9653 	 -0.2613
			0 	 -0.2613 	 0.9653
			0.3826 	 7.1255 	 -7.6209
		}
	}
	{"piece06_02"
		{cylinder 1.35752 49.1346}
		{bone "piece06"}
		{matrix34
			-1 	 0 	 0
			0 	 -0.9652 	 0.2613
			0 	 0.2613 	 0.9652
			0.3826 	 -3.6325 	 -20.9529
		}
	}
	{"piece06_03"
		{box 35.4654 3.48983 6.12267}
		{bone "piece06"}
		{matrix34
			-0.9986 	 0 	 -0.0523
			0 	 -1 	 0
			-0.0523 	 0 	 0.9986
			-9.2105 	 3.9708 	 3.1655
		}
	}
	{"piece07"
		{box 22.6501 4.37765 9.9224}
		{bone "piece07"}
		{matrix34
			0 	 0 	 1
			0 	 1 	 0
			-1 	 0 	 0
			1.284 	 0.1352 	 2.4268
		}
	}
	{"piece08"
		{cylinder 6.00239 6.20747}
		{bone "piece08"}
		{matrix34
			0 	 0 	 -1
			0 	 1 	 0
			1 	 0 	 0
			-0.1071 	 -0.0386 	 -4.1184
		}
	}
	{"piece09"
		{cylinder 1.35752 61.6591}
		{bone "piece09"}
		{matrix34
			-1 	 0 	 0
			0 	 -0.9652 	 0.2613
			0 	 0.2613 	 0.9652
			1.0407 	 -1.9139 	 -6.6128
		}
	}
	{"piece10"
		{cylinder 1.35752 78.0373}
		{bone "piece10"}
		{matrix34
			-1 	 0 	 0
			0 	 -0.9653 	 -0.2613
			0 	 -0.2613 	 0.9653
			-0.8271 	 0.5446 	 -4.5051
		}
	}
	{"piece11"
		{cylinder 7.75961 25.1968}
		{bone "piece11"}
		{matrix34
			0.9554 	 -0.231 	 -0.1839
			0.1925 	 0.9596 	 -0.2053
			0.2239 	 0.1607 	 0.9613
			2.82 	 2.0248 	 12.1094
		}
	}
	{"piece12"
		{box 29.078 23.394 4.14579}
		{bone "piece12"}
		{Position -0.1727 	 1.537 	 -0.0356}
	}
	{"piece13"
		{box 29.078 13.8025 4.14579}
		{bone "piece13"}
		{matrix34
			1 	 0 	 0
			0 	 1 	 0
			0 	 0 	 1
			-0.1728 	 -0.6608 	 -0.0356
		}
	}
	{"piece14"
		{cylinder 7.93186 3.11561}
		{bone "piece14"}
		{matrix34
			0 	 -1 	 0
			1 	 0 	 0
			0 	 0 	 1
			0 	 0 	 -0.3835
		}
	}
	{"piece15"
		{box 29.1886 16.2877 1.05864}
		{bone "piece15"}
		{Position 0 	 -0.1424 	 0.0504}
	}
	{"sub_piece01"
		{box 7.86526 7.15236 5.18911}
		{bone "sub_piece01"}
		{matrix34
			0 	 1 	 0
			-0.2588 	 0 	 -0.9659
			-0.9659 	 0 	 0.2588
			-1.9603 	 -1.4353 	 0.4691
		}
	}
	{"sub_piece02"
		{box 8.46709 3.90861 16.3993}
		{bone "sub_piece02"}
		{Position 0.0368 	 -0.3976 	 -0.8832}
	}
	{"sub_piece03"
		{box 7.54153 0.473744 6.13401}
		{bone "sub_piece03"}
		{matrix34
			1 	 0 	 0.0022
			-0.0022 	 0 	 1
			0 	 -1 	 0
			-0.142 	 -0.0942 	 0.1653
		}
	}
	{"sub_piece04"
		{box 6.67397 7.98261 0.914921}
		{bone "sub_piece04"}
		{matrix34
			0.9999 	 -0.0093 	 -0.0127
			0.0145 	 0.2174 	 0.976
			-0.0063 	 -0.976 	 0.2175
			0.0231 	 -0.0452 	 0.102
		}
	}
	{"sub_piece05"
		{box 0.466136 4.83843 6.91756}
		{bone "sub_piece05"}
		{matrix34
			-0.0737 	 0.0121 	 0.9972
			-0.0073 	 -0.9999 	 0.0116
			0.9972 	 -0.0065 	 0.0738
			-0.5366 	 -6.1709 	 -1.2994
		}
	}
	{"sub_piece06"
		{box 1.09979 0.973195 12.0728}
		{bone "sub_piece06"}
		{matrix34
			0.0079 	 -0.0091 	 0.9999
			-0.0095 	 0.9999 	 0.0092
			-0.9999 	 -0.0095 	 0.0079
			0.4806 	 -0.0432 	 -0.0918
		}
	}
	{"sub_piece07"
		{box 7.54153 0.473744 6.13401}
		{bone "sub_piece07"}
		{matrix34
			1 	 0 	 0.0022
			-0.0022 	 0 	 1
			0 	 -1 	 0
			-0.142 	 -0.094 	 0.1653
		}
	}
	{"sub_piece08"
		{box 7.86526 7.15236 5.18911}
		{bone "sub_piece08"}
		{matrix34
			0 	 1 	 0
			0.2588 	 0 	 -0.9659
			-0.9659 	 0 	 -0.2588
			-1.9223 	 1.7664 	 -0.4376
		}
	}
	{"sub_piece09"
		{cylinder 1.35752 49.1346}
		{bone "sub_piece09"}
		{matrix34
			-1 	 0 	 0
			0 	 -0.9652 	 0.2613
			0 	 0.2613 	 0.9652
			-1.1144 	 -0.0443 	 -4.6638
		}
	}
	{"sub_piece10"
		{cylinder 1.35752 49.7897}
		{bone "sub_piece10"}
		{matrix34
			-1 	 0 	 0
			0 	 -0.9555 	 -0.2949
			0 	 -0.2949 	 0.9555
			1.3282 	 1.6419 	 0.2059
		}
	}
}
