;Exported by:	 KobaA
;Date:			 02.02.2022 12:16:33
;File:			 G:\_GIT_\gem2\gem2-mdl-soldiers\models\unit\vehicle\Sd_Kfz_222\sdkfz222_xx.max
{skeleton
	{bone "basis"
		{parameters "wheelradius=0.4;steermax=20;"}
		{orientation
			1 	 0 	 0
			0 	 -1 	 0
			0 	 0 	 1
		}
		{bone "body"
			{parameters "id=body;"}
			{Position 0.0501 	 0 	 7.6998}
			{LODView
				{poly "body"}
				{poly "body_lod1"}
				{poly "body_lod2"}
				{poly "body_lod3"}
			}
			{bone "part4"
				{matrix34
					1 	 0 	 0
					0 	 0.8192 	 0.5736
					0 	 -0.5736 	 0.8192
					8.4461 	 -12.6772 	 10.1322
				}
				{LODView
					{poly "part4"}
					{poly "part4_lod1"}
					{poly "part4_lod2"}
					{poly "part4_lod3"}
				}
			}
			{bone "part3"
				{matrix34
					1 	 0 	 0
					0 	 0.8192 	 -0.5736
					0 	 0.5736 	 0.8192
					8.4461 	 12.6674 	 10.1322
				}
				{LODView
					{poly "part3"}
					{poly "part3_lod1"}
					{poly "part3_lod2"}
					{poly "part3_lod3"}
				}
			}
			{bone revolute "turret"
				{parameters "id=turret;"}
				{speed 0.01}
				{Position -3.1678 	 0 	 13.6299}
				{LODView
					{poly "turret"}
					{poly "turret_lod1"}
					{poly "turret_lod2"}
					{poly "turret_lod3"}
				}
				{bone "part5"
					{Position 3.8644 	 11.3136 	 14.249}
					{LODView
						{poly "part5"}
						{poly "part5_lod1"}
						{poly "part5_lod2"}
						{poly "part5_lod3"}
					}
				}
				{bone "part6"
					{Position 3.8644 	 -11.3135 	 14.249}
					{LODView
						{poly "part6"}
						{poly "part6_lod1"}
						{poly "part6_lod2"}
						{poly "part6_lod3"}
					}
				}
				{bone revolute "gun_rot"
					{parameters "id=gun;"}
					{limits -5 25}
					{speed 0.08}
					{matrix34
						1 	 0 	 0
						0 	 0 	 1
						0 	 -1 	 0
						-2.9714 	 -0.0165 	 12.0814
					}
					{LODView
						{poly "gun_rot"}
						{poly "gun_rot_lod1"}
						{poly "gun_rot_lod2"}
						{poly "gun_rot_lod3"}
					}
					{bone "gun"
						{parameters "id=gun;"}
						{matrix34
							1 	 0 	 0
							0 	 0 	 -1
							0 	 1 	 0
							21.6015 	 1.247 	 -0.014
						}
						{LODView
							{poly "gun"}
							{poly "gun_lod1"}
							{poly "gun_lod2"}
							{poly "gun_lod3"}
						}
					}
				}
			}
			{bone "cover1"
				{parameters "id=body;"}
				{Position 22.1104 	 -0.0844 	 22.1527}
				{LODView
					{poly "cover1"}
					{poly "cover1_lod1"}
					{poly "cover1_lod2"}
					{poly "cover1_lod3"}
				}
			}
			{bone "cover2"
				{parameters "id=body;"}
				{Position 22.1104 	 -0.0844 	 22.1527}
				{LODView
					{poly "cover2"}
					{poly "cover2_lod1"}
					{poly "cover2_lod2"}
					{poly "cover2_lod3"}
				}
			}
			{bone "fxfire2"
				{matrix34
					0 	 0 	 1
					0 	 1 	 0
					-1 	 0 	 0
					-0.1002 	 0 	 13.8601
				}
			}
			{bone "engine"
				{parameters "id=engine;"}
				{Position -33.9885 	 -0.2222 	 11.1543}
				{LODView
					{poly "engine"}
					{poly "engine_lod1"}
					{poly "engine_lod2"}
					{poly "engine_lod3"}
				}
				{bone "fxfire1"
					{matrix34
						0 	 0 	 1
						0 	 1 	 0
						-1 	 0 	 0
						0 	 0 	 5.8266
					}
				}
			}
			{bone "enumerator"
				{parameters "id=body;"}
				{Position -1.965 	 18.4858 	 2.2283}
				{poly "enumerator"}
			}
		}
		{bone "pivot_front"
			{Position 32.3479 	 0 	 8.236}
			{bone revolute "align_front"
				{limits -3 3}
				{speed 0.001}
				{matrix34
					0 	 0 	 1
					0 	 1 	 0
					-1 	 0 	 0
					0.1719 	 0 	 0.1142
				}
				{LODView
					{poly "align_front"}
					{poly "align_front_lod1"}
					{poly "align_front_lod2"}
					{poly "align_front_lod3"}
				}
				{bone revolute "steer_l1"
					{limits -15 15}
					{speed 0.001}
					{matrix34
						0 	 0 	 -1
						0 	 -1 	 0
						-1 	 0 	 0
						-0.6095 	 15.17 	 0.016
					}
					{LODView
						{poly "steer_l1"}
						{poly "steer_l1_lod1"}
						{poly "steer_l1_lod2"}
						{poly "steer_l1_lod3"}
					}
				}
				{bone revolute "steer_r1"
					{limits -15 15}
					{speed 0.001}
					{matrix34
						0 	 0 	 -1
						0 	 -1 	 0
						-1 	 0 	 0
						-0.6095 	 -15.17 	 0.016
					}
					{LODView
						{poly "steer_r1"}
						{poly "steer_r1_lod1"}
						{poly "steer_r1_lod2"}
						{poly "steer_r1_lod3"}
					}
				}
			}
			{bone revolute "wheelr1"
				{parameters "radius=0.4;id=wheelright1;"}
				{matrix34
					1 	 0 	 0
					0 	 0 	 -1
					0 	 1 	 0
					0.1854 	 -17.7306 	 -0.5052
				}
				{LODView
					{poly "wheelr1"}
					{poly "wheelr1_lod1"}
					{poly "wheelr1_lod2"}
					{poly "wheelr1_lod3"}
				}
			}
			{bone "part1"
				{matrix34
					1 	 0 	 0
					0 	 0 	 -1
					0 	 1 	 0
					0.1854 	 17.7306 	 -0.5052
				}
				{LODView
					{poly "part1"}
					{poly "part1_lod1"}
					{poly "part1_lod2"}
					{poly "part1_lod3"}
				}
			}
		}
		{bone "pivot_back"
			{Position -24.4116 	 0 	 8.236}
			{bone revolute "align_back"
				{limits -3 3}
				{speed 0.001}
				{matrix34
					0 	 0 	 1
					0 	 -1 	 0
					1 	 0 	 0
					-0.1816 	 0 	 0.1142
				}
				{LODView
					{poly "align_front"}
					{poly "align_front_lod1"}
					{poly "align_front_lod2"}
					{poly "align_front_lod3"}
				}
				{bone revolute "steer_r2"
					{limits -15 15}
					{speed 0.001}
					{matrix34
						0 	 0 	 -1
						0 	 1 	 0
						1 	 0 	 0
						-0.6095 	 15.1701 	 0.016
					}
					{LODView
						{poly "steer_r2"}
						{poly "steer_r2_lod1"}
						{poly "steer_r2_lod2"}
						{poly "steer_r2_lod3"}
					}
				}
				{bone revolute "steer_l2"
					{limits -15 15}
					{speed 0.001}
					{matrix34
						0 	 0 	 -1
						0 	 1 	 0
						1 	 0 	 0
						-0.6095 	 -15.17 	 0.016
					}
					{LODView
						{poly "steer_l2"}
						{poly "steer_l2_lod1"}
						{poly "steer_l2_lod2"}
						{poly "steer_l2_lod3"}
					}
				}
			}
			{bone revolute "wheelr2"
				{parameters "radius=0.4;id=wheelright2;"}
				{matrix34
					1 	 0 	 0
					0 	 0 	 -1
					0 	 1 	 0
					-0.1655 	 -17.7306 	 -0.4416
				}
				{LODView
					{poly "wheelr1"}
					{poly "wheelr1_lod1"}
					{poly "wheelr1_lod2"}
					{poly "wheelr1_lod3"}
				}
			}
			{bone "part2"
				{matrix34
					1 	 0 	 0
					0 	 0 	 -1
					0 	 1 	 0
					-0.1655 	 17.7306 	 -0.4416
				}
				{LODView
					{poly "part1"}
					{poly "part1_lod1"}
					{poly "part1_lod2"}
					{poly "part1_lod3"}
				}
			}
		}
	}
}
{volume "gun_rot01"
	{box 0.780678 5.92081 6.89887}
	{bone "gun_rot"}
	{matrix34
		0.9397 	 0.342 	 0
		0 	 0 	 -1
		-0.342 	 0.9397 	 0
		13.3047 	 1.1248 	 -0.0009
	}
}
{volume "gun_rot02"
	{box 17.2467 5.59507 5.64681}
	{bone "gun_rot"}
	{matrix34
		1 	 0 	 0
		0 	 0 	 -1
		0 	 1 	 0
		4.4994 	 0.4666 	 0.5425
	}
}
{volume "body01"
	{polyhedron}
	{bone "body"}
	{Position 14.8596 	 0 	 -0.9537}
}
{volume "body02"
	{polyhedron}
	{bone "body"}
	{Position 5.5648 	 0 	 17.0318}
}
{volume "body03"
	{box 0.393701 22.1307 6.45699}
	{bone "body"}
	{matrix34
		0.7572 	 -0.1748 	 -0.6293
		0.225 	 0.9744 	 0
		0.6132 	 -0.1416 	 0.7771
		45.0687 	 -0.5181 	 0.1485
	}
}
{volume "body04"
	{box 13.4001 10.0926 14.6698}
	{bone "body"}
	{Position -1.6302 	 14.3583 	 6.1451}
}
{volume "body05"
	{cylinder 4.68611 0.917437}
	{bone "body"}
	{matrix34
		1 	 0 	 0
		0 	 0 	 -1
		0 	 1 	 0
		32.4213 	 15.2089 	 0.0881
	}
}
{volume "body06"
	{cylinder 4.68611 0.917437}
	{bone "body"}
	{matrix34
		1 	 0 	 0
		0 	 0 	 -1
		0 	 1 	 0
		-24.6298 	 15.2089 	 0.0881
	}
}
{volume "engine01"
	{polyhedron}
	{bone "engine"}
	{Position -0.118 	 0.2222 	 -9.0051}
}
{volume "engine02"
	{polyhedron}
	{bone "engine"}
	{Position 9.4589 	 0.2222 	 8.2696}
}
{volume "engine03"
	{polyhedron}
	{bone "engine"}
	{Position -0.118 	 0.2222 	 -9.0051}
}
{volume "engine04"
	{box 6.73841 4.80851 2.85292}
	{bone "engine"}
	{matrix34
		0.9613 	 0 	 0.2756
		0 	 1 	 0
		-0.2756 	 0 	 0.9613
		-1.6762 	 0.2222 	 8.8894
	}
}
{volume "gun"
	{cylinder 0.590551 27.6838}
	{bone "gun"}
	{matrix34
		-0.0349 	 0.0006 	 -0.9994
		0.0175 	 0.9998 	 0
		0.9992 	 -0.0174 	 -0.0349
		7.1972 	 -0.2409 	 -0.4557
	}
}
{volume "part1"
	{cylinder 5.31496 4.13386}
	{bone "part1"}
	{Position 0 	 0 	 -0.4807}
}
{volume "part2"
	{cylinder 5.31496 4.13386}
	{bone "part2"}
	{Position 0 	 0 	 -0.4806}
}
{volume "part3_01"
	{box 13.2277 0.79836 15.147}
	{bone "part3"}
	{matrix34
		-0.2467 	 -0.9677 	 0.0524
		0.9677 	 -0.2431 	 0.0668
		-0.0519 	 0.0672 	 0.9964
		1.3663 	 6.3184 	 -0.2613
	}
}
{volume "part3_02"
	{box 8.44644 2.77333 7.92324}
	{bone "part3"}
	{matrix34
		0.2419 	 0.9697 	 0.0339
		-0.965 	 0.2441 	 -0.0961
		-0.1014 	 -0.0094 	 0.9948
		-0.2941 	 6.9557 	 -1.838
	}
}
{volume "part4_01"
	{box 13.2277 0.79836 15.147}
	{bone "part4"}
	{matrix34
		-0.753 	 0.6559 	 0.053
		-0.6574 	 -0.7463 	 -0.1046
		-0.029 	 -0.1136 	 0.9931
		5.3128 	 -4.2209 	 -0.2761
	}
}
{volume "part4_02"
	{box 8.44644 2.77343 7.92324}
	{bone "part4"}
	{matrix34
		0.7771 	 -0.6289 	 0.022
		0.6293 	 0.7767 	 -0.0271
		0 	 0.0349 	 0.9994
		3.996 	 -5.6981 	 -1.9742
	}
}
{volume "part5"
	{polyhedron}
	{bone "part5"}
	{matrix34
		1 	 0 	 0
		0 	 -0.2588 	 -0.9659
		0 	 0.9659 	 -0.2588
		0 	 1.4657 	 5.3071
	}
}
{volume "part6"
	{polyhedron}
	{bone "part6"}
	{matrix34
		1 	 0 	 0
		0 	 -0.3584 	 0.9336
		0 	 -0.9336 	 -0.3584
		0 	 -2.1229 	 5.4985
	}
}
{volume "turret02"
	{box 12.1411 5.46072 6.78908}
	{bone "turret"}
	{Position 0.3038 	 0.0265 	 3.1255}
}
{volume "turret"
	{polyhedron}
	{bone "turret"}
	{Position 0.1498 	 0 	 9.2777}
}
{volume "wheelright1"
	{cylinder 5.31496 4.13386}
	{bone "wheelr1"}
	{matrix34
		1 	 0 	 0
		0 	 -1 	 0
		0 	 0 	 -1
		0 	 0 	 0.4806
	}
}
{volume "wheelright2"
	{cylinder 5.31496 4.13386}
	{bone "wheelr2"}
	{matrix34
		1 	 0 	 0
		0 	 -1 	 0
		0 	 0 	 -1
		0 	 0 	 0.4806
	}
}
