;Exported by	: KobaA
;Date			: 04.03.2024 17:12:21
;File			: d:\git\gem2-mdl-soldiers\models\building\france_mill\france_mill_x.max
{skeleton
	{bone "france_mill_piece05_point"
		{orientation
			1 	 0 	 0
			0 	 -1 	 0
			0 	 0 	 1
		}
		{bone "france_mill_piece05"
			{Position 0 	 0 	 0}
			{poly "france_mill_piece05"}
			{bone "fort_wall"
				{matrix34
					0.6896 	 -0.7241 	 0
					0.7241 	 0.6896 	 0
					0 	 0 	 1
					19.4126 	 19.2166 	 -43.7479
				}
			}
			{bone "attach5"
				{matrix34
					0.9484 	 0.3172 	 0
					-0.3172 	 0.9484 	 0
					0 	 0 	 1
					0.5351 	 -15.0175 	 -46.9476
				}
			}
			{bone "attach10"
				{matrix34
					0.4236 	 0.9058 	 0
					-0.9058 	 0.4236 	 0
					0 	 0 	 1
					-14.219 	 4.6276 	 -46.9476
				}
			}
		}
		{bone "piece01"
			{matrix34
				-0.8544 	 0.5196 	 0
				-0.5196 	 -0.8544 	 0
				0 	 0 	 1
				16.5965 	 -4.9444 	 -3.9481
			}
			{poly "piece01"}
		}
		{bone "piece02"
			{matrix34
				-0.8544 	 0.5196 	 0
				-0.5196 	 -0.8544 	 0
				0 	 0 	 1
				14.3775 	 0.2802 	 23.5501
			}
			{poly "piece02"}
		}
		{bone "piece03"
			{matrix34
				-0.8271 	 0.5621 	 0
				-0.5621 	 -0.8271 	 0
				0 	 0 	 1
				5.8172 	 11.6102 	 -11.7607
			}
			{poly "piece03"}
		}
		{bone "piece04"
			{matrix34
				-0.8111 	 0.5849 	 0
				-0.5849 	 -0.8111 	 0
				0 	 0 	 1
				18.1906 	 -9.6886 	 38.4531
			}
			{poly "piece04"}
		}
		{bone "piece05"
			{matrix34
				-0.9873 	 0.1592 	 0
				-0.1592 	 -0.9873 	 0
				0 	 0 	 1
				0.535 	 16.4817 	 36.985
			}
			{poly "piece05"}
		}
		{bone "sub_piece01"
			{matrix34
				-0.0048 	 -0.6428 	 -0.766
				1 	 -0.0075 	 0
				-0.0058 	 -0.766 	 0.6428
				1.0682 	 -8.5261 	 5.1028
			}
			{poly "sub_piece01"}
		}
		{bone "sub_piece02"
			{matrix34
				0.0077 	 -0.6427 	 -0.766
				0.9999 	 0.012 	 0
				0.0092 	 -0.766 	 0.6428
				-20.2219 	 -9.9786 	 5.295
			}
			{poly "sub_piece02"}
		}
		{bone "sub_piece03"
			{matrix34
				-0.8544 	 0.5196 	 0
				-0.5196 	 -0.8544 	 0
				0 	 0 	 1
				7.7027 	 9.7387 	 7.2147
			}
			{poly "sub_piece03"}
		}
		{bone "sub_piece04"
			{matrix34
				-0.6287 	 0.7777 	 0
				-0.7777 	 -0.6287 	 0
				0 	 0 	 1
				20.9351 	 -16.852 	 12.1189
			}
			{poly "sub_piece04"}
		}
		{bone "sub_piece05"
			{matrix34
				-0.7473 	 0.6645 	 0
				-0.6645 	 -0.7473 	 0
				0 	 0 	 1
				20.6745 	 -19.7365 	 0.4431
			}
			{poly "sub_piece05"}
		}
		{bone "sub_piece06"
			{matrix34
				-0.9661 	 0.2583 	 0
				-0.2583 	 -0.9661 	 0
				0 	 0 	 1
				-3.3395 	 19.3909 	 1.9193
			}
			{poly "sub_piece06"}
		}
		{bone "sub_piece07"
			{matrix34
				-0.9371 	 0.3491 	 0
				-0.3491 	 -0.9371 	 0
				0 	 0 	 1
				-0.1632 	 16.979 	 50.1395
			}
			{poly "sub_piece07"}
		}
		{bone "sub_piece08"
			{matrix34
				-0.875 	 0.4841 	 0
				-0.4841 	 -0.875 	 0
				0 	 0 	 1
				13.1736 	 1.8899 	 42.3876
			}
			{poly "sub_piece08"}
		}
		{bone "debris_land_002"
			{parameters "land;ground;"}
			{matrix34
				-0.743 	 -0.6693 	 0
				0.6693 	 -0.743 	 0
				0 	 0 	 1
				19.4126 	 19.2166 	 -56.7035
			}
			{poly "debris_land_002" {ground}}
		}
		{bone "stones_005"
			{parameters "land;ground;"}
			{matrix34
				-0.743 	 -0.6693 	 0
				0.6693 	 -0.743 	 0
				0 	 0 	 1
				19.4126 	 19.2166 	 -56.7035
			}
			{poly "stones_005" {ground}}
		}
	}
}
{"volumes"
	{"body01"
		{box 5.90551 27.5591 29.6813}
		{bone "france_mill_piece05"}
		{matrix34
			0.7071 	 0.7071 	 0
			-0.7071 	 0.7071 	 0
			0 	 0 	 1
			6.0208 	 11.4723 	 -44.8268
		}
	}
	{"body03"
		{box 5.90551 25.5906 29.6813}
		{bone "france_mill_piece05"}
		{matrix34
			0.9613 	 0.2756 	 0
			-0.2756 	 0.9613 	 0
			0 	 0 	 1
			18.0405 	 -8.4475 	 -44.8268
		}
	}
	{"piece01"
		{box 6.88976 12.0503 12.2019}
		{bone "piece01"}
		{matrix34
			-0.4843 	 -0.8749 	 0
			0.8749 	 -0.4843 	 0
			0 	 0 	 1
			0.6042 	 -0.3344 	 0.74
		}
	}
	{"piece02"
		{box 6.88976 15.0629 10.429}
		{bone "piece02"}
		{matrix34
			-0.4843 	 -0.8749 	 0
			0.8749 	 -0.4843 	 0
			0 	 0 	 1
			0.3506 	 -0.0519 	 -0.4646
		}
	}
	{"piece03"
		{box 6.93383 8.38878 5.63728}
		{bone "piece03"}
		{matrix34
			-0.2252 	 -0.9743 	 0
			0.9743 	 -0.2252 	 0
			0 	 0 	 1
			0.2537 	 -0.3339 	 0.1732
		}
	}
	{"piece04"
		{box 6.88976 12.0503 12.2019}
		{bone "piece04"}
		{matrix34
			-0.5469 	 -0.8372 	 0
			0.8372 	 -0.5469 	 0
			0 	 0 	 1
			0.4086 	 -0.6749 	 0.74
		}
	}
	{"piece05"
		{box 6.88976 15.0629 10.429}
		{bone "piece05"}
		{matrix34
			-0.4843 	 -0.8749 	 0
			0.8749 	 -0.4843 	 0
			0 	 0 	 1
			0.3506 	 -0.0519 	 -0.4646
		}
	}
	{"sub_piece01"
		{box 3.16929 12.3036 4.06136}
		{bone "sub_piece01"}
		{matrix34
			-0.0035 	 -1 	 -0.0042
			0.6428 	 -0.0055 	 0.766
			-0.766 	 0 	 0.6428
			0.2514 	 0 	 -0.211
		}
	}
	{"sub_piece02"
		{box 3.16929 12.3036 4.06136}
		{bone "sub_piece02"}
		{matrix34
			-0.0035 	 -1 	 -0.0042
			0.6428 	 -0.0055 	 0.766
			-0.766 	 0 	 0.6428
			0.2514 	 0 	 -0.211
		}
	}
	{"sub_piece03"
		{box 6.93383 7.29824 5.63728}
		{bone "sub_piece03"}
		{matrix34
			-0.2741 	 -0.9617 	 0
			0.9617 	 -0.2741 	 0
			0 	 0 	 1
			0.4171 	 -0.1189 	 -0.0119
		}
	}
	{"sub_piece04"
		{box 6.93383 8.38543 3.45388}
		{bone "sub_piece04"}
		{matrix34
			-0.461 	 -0.8874 	 0
			0.8874 	 -0.461 	 0
			0 	 0 	 1
			0.0947 	 0.3336 	 0.0126
		}
	}
	{"sub_piece05"
		{box 6.93383 5.11511 5.63728}
		{bone "sub_piece05"}
		{matrix34
			-0.4955 	 -0.8686 	 0
			0.8686 	 -0.4955 	 0
			0 	 0 	 1
			-0.2531 	 -0.4437 	 0.1263
		}
	}
	{"sub_piece06"
		{box 6.93383 7.29824 5.63728}
		{bone "sub_piece06"}
		{matrix34
			-0.2741 	 -0.9617 	 0
			0.9617 	 -0.2741 	 0
			0 	 0 	 1
			0.4171 	 -0.1189 	 -0.0119
		}
	}
	{"sub_piece07"
		{box 6.93383 7.29824 5.63728}
		{bone "sub_piece07"}
		{matrix34
			-0.2741 	 -0.9617 	 0
			0.9617 	 -0.2741 	 0
			0 	 0 	 1
			0.4171 	 -0.1189 	 -0.0119
		}
	}
	{"sub_piece08"
		{box 6.93383 5.11511 5.63728}
		{bone "sub_piece08"}
		{matrix34
			-0.4955 	 -0.8686 	 0
			0.8686 	 -0.4955 	 0
			0 	 0 	 1
			-0.2531 	 -0.4437 	 0.1263
		}
	}
	{"target01"
		{box 9.84252 9.84252 9.84252}
		{bone "france_mill_piece05"}
		{Position 5.6187 	 -11.6094 	 -27.1}
	}
}
