;Exported by	: KobaA
;Date			: 28.12.2023 15:33:30
;File			: d:\git\gem2-mdl-soldiers\models\entourage\bower\bower.max
{skeleton
	{bone "bower1_basis_piece03"
		{orientation
			1 	 0 	 0
			0 	 -1 	 0
			0 	 0 	 1
		}
		{poly "bower1_basis_piece03"}
	}
}
{"volumes"
	{"body01"
		{box 10.1785 10.4293 61.6142}
		{bone "bower1_basis_piece03"}
		{matrix34
			0.866 	 -0.5 	 0
			0.5 	 0.866 	 0
			0 	 0 	 1
			-21.6659 	 -14.3067 	 -20.4929
		}
	}
	{"body02"
		{box 10.1785 10.4293 61.6142}
		{bone "bower1_basis_piece03"}
		{matrix34
			0.866 	 0.5 	 0
			-0.5 	 0.866 	 0
			0 	 0 	 1
			23.5302 	 -14.2437 	 -20.4929
		}
	}
	{"body03"
		{box 43.0482 7.23737 23.7598}
		{bone "bower1_basis_piece03"}
		{Position 0.8528 	 -16.4212 	 -39.4201}
	}
	{"body04"
		{polyhedron}
		{bone "bower1_basis_piece03"}
		{matrix34
			0.5 	 -0.866 	 0
			0.75 	 0.433 	 0.5
			-0.433 	 -0.25 	 0.866
			-20.5813 	 12.1383 	 26.2031
		}
	}
	{"body05"
		{polyhedron}
		{bone "bower1_basis_piece03"}
		{matrix34
			1 	 0 	 0
			0 	 0.866 	 0.5
			0 	 -0.5 	 0.866
			1.1629 	 -2.1391 	 25.1812
		}
	}
	{"body06"
		{polyhedron}
		{bone "bower1_basis_piece03"}
		{matrix34
			0.5 	 0.866 	 0
			-0.75 	 0.433 	 0.5
			0.433 	 -0.25 	 0.866
			23.9072 	 11.8206 	 25.1509
		}
	}
}
