;Exported by: vic
;Date:        Wed Mar 01 18:29:23 2006
;File:        D:\-Projects-\-3DWork-\Constructions\NEW\S2\Dot\barricade_cobble_vic_x.max
{Skeleton
	{bone "cobble3_x"
		{Orientation
			1	0	0
			0	-1	0
			0	0	1
		}
		{bone "piece00"
			{Matrix34
				0.999985	-0.0013995	0.00532911
				0.00131133	0.999863	0.0165112
				-0.00535148	-0.016504	0.999849
				-1.99124	0.513428	1.59036
			}
			{VolumeView "piece00.ply"}
		}
		{bone "piece01"
			{Matrix34
				0.999985	-0.0013995	0.00532911
				0.00131133	0.999863	0.0165112
				-0.00535148	-0.016504	0.999849
				-27.359	0.158417	-0.413283
			}
			{VolumeView "piece01.ply"}
		}
		{bone "piece02"
			{Matrix34
				0.999985	-0.0013995	0.00532911
				0.00131133	0.999863	0.0165112
				-0.00535148	-0.016504	0.999849
				-9.55811	16.178	0.570157
			}
			{VolumeView "piece02.ply"}
		}
		{bone "piece03"
			{Matrix34
				0.999985	-0.0013995	0.00532911
				0.00131133	0.999863	0.0165112
				-0.00535148	-0.016504	0.999849
				4.67468	12.2674	1.92007
			}
			{VolumeView "piece03.ply"}
		}
		{bone "piece04"
			{Matrix34
				0.999985	-0.0013995	0.00532911
				0.00131133	0.999863	0.0165112
				-0.00535148	-0.016504	0.999849
				15.679	-4.66016	-0.18767
			}
			{VolumeView "piece04.ply"}
		}
		{bone "piece05"
			{Matrix34
				0.999985	-0.0013995	0.00532911
				0.00131133	0.999863	0.0165112
				-0.00535148	-0.016504	0.999849
				8.83569	-13.5067	1.11984
			}
			{VolumeView "piece05.ply"}
		}
		{bone "piece06"
			{Matrix34
				0.999985	-0.0013995	0.00532911
				0.00131133	0.999863	0.0165112
				-0.00535148	-0.016504	0.999849
				-3.65582	-21.026	-2.10758
			}
			{VolumeView "piece06.ply"}
		}
		{bone "piece07"
			{Matrix34
				0.999985	-0.0013995	0.00532911
				0.00131133	0.999863	0.0165112
				-0.00535148	-0.016504	0.999849
				-13.884	-14.2664	1.24142
			}
			{VolumeView "piece07.ply"}
		}
		{bone "piece08"
			{Matrix34
				0.999985	-0.0013995	0.00532911
				0.00131133	0.999863	0.0165112
				-0.00535148	-0.016504	0.999849
				22.2515	-18.812	-1.82746
			}
			{VolumeView "piece08.ply"}
		}
	}
}
{Volume "piece00"
	{Box 9.54374 8.81235 4.10005}
	{Bone "piece00"}
	{Matrix34
		0.934806	-0.205579	0.289612
		0.267784	0.94364	-0.194514
		-0.233301	0.259386	0.937171
		-1.76889	-0.123018	0.230334
	}
}
{Volume "piece01"
	{Box 9.71505 6.77475 5.52095}
	{Bone "piece01"}
	{Matrix34
		0.959273	0.0887799	-0.268166
		-0.125703	0.984314	-0.123792
		0.252969	0.15246	0.955386
		-0.369641	-0.20676	-0.221248
	}
}
{Volume "piece02"
	{Box 5.00962 6.07854 5.97023}
	{Bone "piece02"}
	{Matrix34
		0.992186	0.0963715	-0.0792473
		-0.12477	0.766356	-0.630183
		0	0.635146	0.772392
		0.0892423	0.0957203	-0.739085
	}
}
{Volume "piece03"
	{Box 5.17735 5.77892 5.25662}
	{Bone "piece03"}
	{Matrix34
		0.566044	-0.601801	0.563409
		0.820451	0.344655	-0.456149
		0.0803293	0.720451	0.688839
		0.217825	0.189755	0.0792126
	}
}
{Volume "piece04"
	{Box 8.74599 6.18768 5.92814}
	{Bone "piece04"}
	{Matrix34
		0.833802	-0.101192	-0.54271
		-0.049164	0.965541	-0.255566
		0.549869	0.239774	0.800095
		-0.713002	0.34492	-0.234745
	}
}
{Volume "piece05"
	{Box 4.67973 6.21154 4.5778}
	{Bone "piece05"}
	{Matrix34
		0.802356	-0.465571	-0.373455
		0.422089	0.885011	-0.19646
		0.421977	0	0.906606
		-0.147945	0.208523	0.213847
	}
}
{Volume "piece06"
	{Box 5.0347 7.5661 5.41607}
	{Bone "piece06"}
	{Matrix34
		0.964595	-0.0577107	0.257345
		-0.206653	0.440875	0.873455
		-0.163865	-0.895711	0.41334
		-0.259824	0.079981	-0.188324
	}
}
{Volume "piece07"
	{Box 5.74885 5.71655 4.10352}
	{Bone "piece07"}
	{Matrix34
		0.958106	-0.00478566	-0.286373
		0.00466835	0.999989	-0.00109236
		0.286374	-0.000290283	0.958118
		-0.553356	0.0311229	-0.0342008
	}
}
{Volume "piece08"
	{Box 6.69882 6.10236 6.22047}
	{Bone "piece08"}
	{Matrix34
		0.813292	-0.218953	-0.539087
		0.478191	0.779363	0.404878
		0.331495	-0.587071	0.738551
		0.232572	-0.181761	-0.230764
	}
}
