;Exported by:	 tolokolnikova
;Date:			 10.06.2018 11:24:30
;File:			 D:\gem2\gem2-mdl-soldiers\models\building\b3\build_vil_003a_x_R1.max
{skeleton
	{bone "b_vil_piece_03_point"
		{orientation
			1 	 0 	 0
			0 	 -1 	 0
			0 	 0 	 1
		}
		{bone "b_vil_piece_03"
			{Position -60.8476 	 -26.8195 	 -74.5929}
			{poly "b_vil_piece_03"}
		}
		{bone "piece02"
			{Position -15.1844 	 -14.7791 	 2.7559}
			{poly "piece02"}
		}
		{bone "piece03"
			{Position 7.02 	 25.9679 	 0.4942}
			{poly "piece03"}
		}
		{bone "piece04"
			{matrix34
				-1 	 0 	 0
				0 	 -1 	 0
				0 	 0 	 1
				30.4148 	 17.1972 	 20.822
			}
			{poly "piece04"}
		}
		{bone "piece05"
			{matrix34
				0 	 1 	 0
				-1 	 0 	 0
				0 	 0 	 1
				29.3428 	 7.4872 	 -0.713
			}
			{poly "piece05"}
		}
		{bone "piece06"
			{matrix34
				0 	 1 	 0
				-1 	 0 	 0
				0 	 0 	 1
				29.4975 	 12.3755 	 -13.1571
			}
			{poly "piece06"}
		}
		{bone "piece08"
			{Position -15.8054 	 17.6799 	 -10.5455}
			{poly "piece08"}
		}
		{bone "piece07"
			{Position 22.2908 	 19.8748 	 -10.716}
			{poly "piece07"}
		}
		{bone "piece09"
			{Position -16.9553 	 18.3521 	 -20.9442}
			{poly "piece09"}
		}
		{bone "piece10"
			{matrix34
				0.9977 	 0.015 	 0.0657
				-0.0118 	 0.9987 	 -0.0492
				-0.0663 	 0.0483 	 0.9966
				-2.5768 	 28.5866 	 2.612
			}
			{poly "piece10"}
		}
		{bone "piece11"
			{matrix34
				0.9955 	 0.0686 	 0.0656
				-0.0924 	 0.5403 	 0.8364
				-0.0219 	 0.8386 	 -0.5442
				14.8214 	 -17.97 	 55.4979
			}
			{poly "piece11"}
		}
		{bone "piece01"
			{matrix34
				0.9973 	 0.0489 	 0.055
				-0.0736 	 0.6625 	 0.7454
				0 	 0.7475 	 -0.6643
				21.1812 	 7.3376 	 33.5135
			}
			{poly "piece01"}
		}
		{bone "fort_wall"
			{matrix34
				0 	 -1 	 0
				1 	 0 	 0
				0 	 0 	 1
				36.4528 	 -3.1703 	 -47.0341
			}
		}
		{bone revolute "attach1"
			{Position 10.9446 	 -11.4584 	 -49.8618}
		}
		{bone revolute "attach2"
			{matrix34
				0 	 1 	 0
				-1 	 0 	 0
				0 	 0 	 1
				-2.4625 	 -0.5185 	 -49.8618
			}
		}
		{bone "debris_land_001"
			{parameters "commonmesh;land;ground;"}
			{matrix34
				-1 	 0 	 0
				0 	 -1 	 0
				0 	 0 	 1
				40.4032 	 4.8379 	 -57.2379
			}
			{poly "debris_land_001" {ground}}
		}
		{bone "stones_001"
			{parameters "commonmesh;land;ground;"}
			{matrix34
				-1 	 0 	 0
				0 	 -1 	 0
				0 	 0 	 1
				40.3898 	 4.8379 	 -57.2379
			}
			{poly "stones_001" {ground}}
		}
	}
}
{volume "piece01"
	{box 25.2918 0.92346 10.4845}
	{bone "piece01"}
	{matrix34
		-0.9999 	 -0.0074 	 0.0119
		0.0072 	 -0.9998 	 -0.0182
		-0.012 	 0.0181 	 -0.9998
		-0.0358 	 -0.0914 	 0.1844
	}
}
{volume "piece02"
	{box 3.65924 32.9245 4.23295}
	{bone "piece02"}
	{Position 0 	 0 	 -0.12}
}
{volume "piece03"
	{box 40.2637 5.60873 0.84659}
	{bone "piece03"}
	{matrix34
		0.9977 	 0.015 	 0.0657
		-0.0118 	 0.9987 	 -0.0492
		-0.0663 	 0.0483 	 0.9966
		-0.5281 	 -0.0339 	 0.3548
	}
}
{volume "piece04"
	{box 2.82981 3.30989 26.5431}
	{bone "piece04"}
	{matrix34
		1 	 0 	 0
		0 	 0.6847 	 -0.7288
		0 	 0.7288 	 0.6847
		0.1304 	 -1.2683 	 -1.4902
	}
}
{volume "piece05"
	{box 13.5527 5.45107 4.97994}
	{bone "piece05"}
	{Position 0.6156 	 0 	 -0.0246}
}
{volume "piece06"
	{box 21.5334 5.45107 4.97994}
	{bone "piece06"}
	{Position 0.8825 	 0 	 -0.0704}
}
{volume "piece07"
	{box 22.8743 5.45107 4.97994}
	{bone "piece07"}
	{Position 0.1861 	 0 	 -0.1514}
}
{volume "piece08"
	{box 13.5527 5.45107 4.97994}
	{bone "piece08"}
	{Position 0.2447 	 0 	 0.0618}
}
{volume "piece09"
	{box 15.9922 5.45107 4.97994}
	{bone "piece09"}
	{Position -0.4377 	 -0.3203 	 0.2218}
}
{volume "piece10"
	{box 30.0318 1.48269 4.97994}
	{bone "piece10"}
	{matrix34
		0.9999 	 0 	 -0.0168
		0 	 1 	 0
		0.0168 	 0 	 0.9999
		2.461 	 0.0967 	 -0.0609
	}
}
{volume "piece11"
	{box 17.2053 0.92346 10.4845}
	{bone "piece11"}
	{matrix34
		-0.9984 	 -0.0225 	 0.0526
		0.017 	 -0.9946 	 -0.1028
		-0.0547 	 0.1018 	 -0.9933
		0.0445 	 -0.0747 	 -0.0118
	}
}
{volume "target_vol_001"
	{box 9.84252 9.84252 15.6501}
	{bone "b_vil_piece_03_point"}
	{matrix34
		1 	 0 	 0
		0 	 1 	 0
		0 	 0 	 1
		10.9446 	 -11.4584 	 -31.6619
	}
}
{volume "target_vol_002"
	{box 9.84252 9.84252 15.6501}
	{bone "b_vil_piece_03_point"}
	{matrix34
		0 	 1 	 0
		-1 	 0 	 0
		0 	 0 	 1
		-2.4625 	 -0.5185 	 -31.6619
	}
}
{volume "vol_01"
	{box 58.5452 5.90551 24.7746}
	{bone "b_vil_piece_03"}
	{matrix34
		0 	 1 	 0
		-1 	 0 	 0
		0 	 0 	 1
		89.2495 	 21.8205 	 29.7423
	}
}
{volume "vol_02"
	{box 9.01359 5.90551 14.3693}
	{bone "b_vil_piece_03"}
	{matrix34
		0 	 1 	 0
		-1 	 0 	 0
		0 	 0 	 1
		89.2495 	 4.9584 	 49.2871
	}
}
{volume "vol_03"
	{box 16.7653 5.90551 14.3693}
	{bone "b_vil_piece_03"}
	{matrix34
		0 	 1 	 0
		-1 	 0 	 0
		0 	 0 	 1
		89.2495 	 43.5158 	 49.2871
	}
}
{volume "vol_04"
	{box 51.5197 5.90551 24.7746}
	{bone "b_vil_piece_03"}
	{matrix34
		-1 	 0 	 0
		0 	 -1 	 0
		0 	 0 	 1
		70.5155 	 43.8926 	 29.7423
	}
}
{volume "vol_05"
	{polyhedron}
	{bone "b_vil_piece_03"}
	{matrix34
		-1 	 0 	 0
		0 	 -1 	 0
		0 	 0 	 1
		81.0414 	 43.8926 	 42.0048
	}
}
{volume "vol_06"
	{box 20.6079 5.90551 4.21169}
	{bone "b_vil_piece_03"}
	{matrix34
		-1 	 0 	 0
		0 	 -1 	 0
		0 	 0 	 1
		44.5566 	 43.8926 	 44.2856
	}
}
