;Exported by	: Inna
;Date			: 20.01.2024 16:15:46
;File			: f:\git\gem2-mdl-soldiers\models\entourage\cauldron\cauldron.max
{skeleton
	{bone "cauldron_x"
		{orientation
			1 	 0 	 0
			0 	 -1 	 0
			0 	 0 	 1
		}
		{bone "piece05"
			{matrix34
				-0.4123 	 0.0096 	 -0.911
				0.2562 	 -0.9584 	 -0.126
				-0.8743 	 -0.2853 	 0.3927
				-2.0297 	 0.02 	 14.7483
			}
			{poly "piece05"}
		}
		{bone "piece01"
			{Position -15.8395 	 8.8736 	 2.0407}
			{poly "piece01"}
		}
		{bone "piece02"
			{Position -0.6716 	 -1.9975 	 29.2377}
			{poly "piece02"}
		}
		{bone "piece03"
			{Position 12.6216 	 8.6163 	 8.1095}
			{poly "piece03"}
		}
		{bone "piece04"
			{Position 0.8795 	 -16.948 	 4.0705}
			{poly "piece04"}
		}
	}
}
{"volumes"
	{"piece01"
		{box 1.44784 0.888412 13.5087}
		{bone "piece01"}
		{matrix34
			0.3185 	 0.9443 	 0.0826
			-0.8476 	 0.2446 	 0.4708
			0.4244 	 -0.22 	 0.8783
			-0.4454 	 -0.7244 	 0.0257
		}
	}
	{"piece02_vol1"
		{box 1.08588 0.888412 10.701}
		{bone "piece02"}
		{matrix34
			-0.9713 	 -0.2229 	 0.0826
			0.2351 	 -0.8503 	 0.4708
			-0.0347 	 0.4768 	 0.8783
			1.2332 	 -1.3774 	 0.1106
		}
	}
	{"piece02_vol2"
		{box 1.08588 0.888412 3.37083}
		{bone "piece02"}
		{matrix34
			0.6593 	 -0.7473 	 0.0826
			0.6351 	 0.6124 	 0.4708
			-0.4025 	 -0.258 	 0.8783
			2.5379 	 3.0807 	 3.1327
		}
	}
	{"piece02_vol3"
		{box 1.08588 0.888412 6.74166}
		{bone "piece02"}
		{matrix34
			0.3421 	 0.936 	 0.0826
			-0.8412 	 0.2659 	 0.4708
			0.4187 	 -0.2306 	 0.8783
			-1.5351 	 3.2812 	 1.8254
		}
	}
	{"piece03"
		{box 1.2794 1.5103 27.3947}
		{bone "piece03"}
		{matrix34
			0.6869 	 -0.7254 	 0.0448
			0.6311 	 0.6259 	 0.4581
			-0.3603 	 -0.2864 	 0.8878
			0.6017 	 0.0868 	 0.5858
		}
	}
	{"piece04"
		{box 1.44784 0.888412 17.9778}
		{bone "piece04"}
		{matrix34
			-0.9713 	 -0.2229 	 0.0826
			0.2351 	 -0.8503 	 0.4708
			-0.0347 	 0.4768 	 0.8783
			0.1398 	 0.1659 	 -0.1824
		}
	}
	{"piece05"
		{cylinder 6.03908 7.48908}
		{bone "piece05"}
		{matrix34
			-0.4123 	 0.2562 	 -0.8743
			0.0096 	 -0.9584 	 -0.2853
			-0.911 	 -0.126 	 0.3927
			-0.5727 	 0.6857 	 -2.3114
		}
	}
}
