;Exported by: sana
;Date:        Mon Jul 03 10:28:48 2006
;File:        D:\-Project-\-3DWork-\Entourage\e-house3a\farm_construction_x04.max
{Skeleton
	{bone "ch_farm_corner19"
		{Orientation
			1	0	0
			0	-1	0
			0	0	1
		}
		{bone "piece10"
			{Position -7.40192	-2.27888	97.5322}
			{poly "piece10"}
		}
		{bone "piece01"
			{Position 17.0206	9.47794	57.8975}
			{poly "piece01"}
		}
		{bone "piece02"
			{Position -2.02881	18.5055	52.7645}
			{poly "piece02"}
		}
		{bone "piece03"
			{Position -4.41699	-16.5915	89.8973}
			{poly "piece03"}
		}
		{bone "piece04"
			{Position 23.8021	9.47794	94.4103}
			{poly "piece04"}
			{bone "sub_piece04"
				{Position 0	6.62677	-11.2265}
				{poly "sub_piece04"}
			}
		}
		{bone "piece05"
			{Position 23.8021	-7.28394	55.8291}
			{poly "piece05"}
			{bone "sub_piece05"
				{Position 0	17.9313	4.13205}
				{poly "sub_piece05"}
			}
		}
		{bone "piece06"
			{Position 23.8021	-46.8109	69.4624}
			{poly "piece06"}
		}
		{bone "piece07"
			{Position -26.4375	-2.02875	115.243}
			{poly "piece07"}
		}
		{bone "piece08"
			{Position -5.31665	-2.02875	120.31}
			{poly "piece08"}
		}
		{bone "piece09"
			{Position -9.25427	-41.6454	82.1109}
			{poly "piece09"}
		}
	}
}
{Volume "piece01"
	{Box 2.95276 112.09 2.95276}
	{Bone "piece01"}
	{Position 0	0	0}
}
{Volume "piece02"
	{Box 39.637 2.95276 2.95276}
	{Bone "piece02"}
	{Position 0	0	0}
}
{Volume "piece03"
	{Box 46.5145 2.6973 2.62789}
	{Bone "piece03"}
	{Position -0.00012207	0	0}
}
{Volume "piece04"
	{Box 7.87402 23.8003 15.1959}
	{Bone "piece04"}
	{Matrix34
		1	0	0
		0	0.93023	0.366977
		0	-0.366977	0.93023
		-1.08098e-005	0.625364	-1.15933
	}
}
{Volume "piece05"
	{Box 7.87402 27.7546 19.0228}
	{Bone "piece05"}
	{Position 0	0	-3.05704e-005}
}
{Volume "piece06"
	{Box 7.87402 19.6091 18.2369}
	{Bone "piece06"}
	{Matrix34
		1	0	0
		0	0.906121	0.423019
		0	-0.423019	0.906121
		0	2.18974	-0.345684
	}
}
{Volume "piece07"
	{Box 8.2225 7.81172 26.8206}
	{Bone "piece07"}
}
{Volume "piece08"
	{Box 8.2587 8.04148 35.732}
	{Bone "piece08"}
	{Position 0	0	0}
}
{Volume "piece09"
	{Box 83.7256 52.626 2.75591}
	{Bone "piece09"}
	{Matrix34
		1	0	0
		0	0.925873	0.377835
		0	-0.377835	0.925873
		0	1.36216	3.05449
	}
}
{Volume "piece10"
	{Box 80.0209 53.1392 2.75591}
	{Bone "piece10"}
	{Matrix34
		1	0	0
		0	0.925754	0.378125
		0	-0.378125	0.925754
		0	-1.62251	2.15934
	}
}
{Volume "sub_piece04"
	{Box 7.87402 17.4635 12.3807}
	{Bone "sub_piece04"}
	{Matrix34
		1	0	0
		0	0.933836	0.357701
		0	-0.357701	0.933836
		0	0.289963	-1.49044
	}
}
{Volume "sub_piece05"
	{Box 7.87402 14.3451 11.6943}
	{Bone "sub_piece05"}
	{Position -0.00012887	0	-3.81998e-005}
}
