;Exported by	: KobaA
;Date			: 23.05.2024 17:05:24
;File			: d:\git\gem2-mdl-soldiers\models\entourage\coaster_ship_crate\coaster_ship_crate.max
{skeleton
	{bone "basis_3_x"
		{orientation
			1 	 0 	 0
			0 	 -1 	 0
			0 	 0 	 1
		}
		{bone "fx_wood"
		}
		{bone "sub_piece12"
			{matrix34
				-0.3169 	 -0.9448 	 0.0829
				0.9139 	 -0.3276 	 -0.2397
				0.2536 	 -0.0002 	 0.9673
				-8.6247 	 -2.5137 	 23.8479
			}
			{poly "sub_piece12"}
		}
		{bone "sub_piece13"
			{matrix34
				-0.9646 	 -0.2385 	 -0.1126
				0.196 	 -0.9338 	 0.2992
				-0.1766 	 0.2665 	 0.9475
				20.1598 	 -25.2216 	 5.0382
			}
			{poly "sub_piece13"}
		}
		{bone "sub_piece14"
			{matrix34
				-0.9646 	 -0.2385 	 -0.1126
				0.196 	 -0.9338 	 0.2992
				-0.1766 	 0.2665 	 0.9475
				20.1598 	 -25.2216 	 11.3649
			}
			{poly "sub_piece14"}
		}
		{bone "piece09"
			{matrix34
				-0.0616 	 -0.9947 	 0.0829
				0.9676 	 -0.0799 	 -0.2397
				0.245 	 0.0654 	 0.9673
				20.5598 	 -0.378 	 6.9177
			}
			{poly "piece09"}
		}
		{bone "sub_piece15"
			{matrix34
				-0.2333 	 0.9667 	 -0.105
				-0.97 	 -0.2389 	 -0.0442
				-0.0678 	 0.0916 	 0.9935
				-17.0179 	 -29.4273 	 9.4351
			}
			{poly "sub_piece15"}
		}
		{bone "piece11"
			{matrix34
				0.9085 	 0.4024 	 -0.1126
				-0.3551 	 0.8856 	 0.2992
				0.2202 	 -0.2318 	 0.9475
				0.0803 	 -22.0114 	 6.6091
			}
			{poly "piece11"}
		}
		{bone "piece14"
			{matrix34
				0.8898 	 -0.4334 	 0.1431
				0.4564 	 0.8495 	 -0.2649
				-0.0067 	 0.3009 	 0.9536
				3.6306 	 -27.3595 	 5.3468
			}
			{poly "piece14"}
		}
		{bone "sub_piece02"
			{matrix34
				0.2972 	 0.9467 	 0.1243
				-0.8879 	 0.3219 	 -0.3287
				-0.3512 	 -0.0127 	 0.9362
				1.3706 	 14.2532 	 16.7621
			}
			{poly "sub_piece02"}
		}
		{bone "sub_piece01"
			{matrix34
				0.9986 	 -0.0523 	 0
				0 	 0 	 -1
				0.0523 	 0.9986 	 0
				-2.5574 	 18.1852 	 23.7054
			}
			{poly "sub_piece01"}
		}
		{bone "piece01"
			{matrix34
				-0.1042 	 0.9833 	 -0.149
				-0.9827 	 -0.0787 	 0.1674
				0.1528 	 0.1639 	 0.9746
				-23.3616 	 -20.0724 	 4.4971
			}
			{poly "piece01"}
		}
		{bone "sub_piece03"
			{Position 7.2225 	 24.6539 	 4.1768}
			{poly "sub_piece03"}
		}
		{bone "piece02"
			{matrix34
				0.0523 	 0 	 -0.9986
				0 	 1 	 0
				0.9986 	 0 	 0.0523
				19.1128 	 20.0737 	 19.3656
			}
			{poly "piece02"}
		}
		{bone "sub_piece04"
			{matrix34
				0.0047 	 -0.9998 	 -0.0185
				-1 	 -0.0047 	 0.0009
				-0.001 	 0.0185 	 -0.9998
				-11.191 	 24.1523 	 7.5299
			}
			{poly "sub_piece04"}
		}
		{bone "piece13"
			{matrix34
				0.1045 	 0.0261 	 -0.9942
				0.0007 	 -0.9997 	 -0.0262
				-0.9945 	 0.0021 	 -0.1045
				12.7561 	 12.9857 	 25.6467
			}
			{poly "piece13"}
		}
		{bone "piece04"
			{matrix34
				0.996 	 -0.0435 	 -0.0785
				0.0436 	 0.999 	 0
				0.0784 	 -0.0034 	 0.9969
				-25.1251 	 -2.6387 	 6.6688
			}
			{poly "piece04"}
		}
		{bone "sub_piece05"
			{matrix34
				0.9948 	 -0.0998 	 -0.0185
				-0.0998 	 -0.995 	 0.0009
				-0.0185 	 0.001 	 -0.9998
				-24.274 	 -19.6615 	 20.0418
			}
			{poly "sub_piece05"}
		}
		{bone "piece03"
			{matrix34
				0.0871 	 -0.0023 	 -0.9962
				-0.0262 	 -0.9997 	 0
				-0.9959 	 0.0261 	 -0.0872
				-13.774 	 -19.2349 	 24.6198
			}
			{poly "piece03"}
		}
		{bone "sub_piece06"
			{matrix34
				0.0215 	 0.9996 	 -0.0185
				0.9998 	 -0.0215 	 0.0009
				0.0005 	 -0.0185 	 -0.9998
				-19.6297 	 -30.0328 	 19.1409
			}
			{poly "sub_piece06"}
		}
		{bone "piece08"
			{matrix34
				0.9969 	 0 	 -0.0785
				0 	 1 	 0
				0.0785 	 0 	 0.9969
				-25.8489 	 17.103 	 7.0805
			}
			{poly "piece08"}
		}
		{bone "piece15"
			{matrix34
				-0.0872 	 0 	 -0.9962
				0 	 1 	 0
				0.9962 	 0 	 -0.0872
				10.943 	 19.9178 	 11.34
			}
			{poly "piece15"}
		}
		{bone "piece12"
			{matrix34
				-0.9968 	 0.0174 	 -0.0785
				-0.0175 	 -0.9998 	 0
				-0.0784 	 0.0014 	 0.9969
				21.4861 	 17.487 	 7.1354
			}
			{poly "piece12"}
		}
		{bone "sub_piece11"
			{matrix34
				-0.124 	 -0.9685 	 0.216
				-0.165 	 -0.1945 	 -0.9669
				0.9785 	 -0.1555 	 -0.1357
				7.7856 	 -3.7655 	 22.0929
			}
			{poly "sub_piece11"}
		}
		{bone "piece10"
			{matrix34
				0.9997 	 -0.0262 	 0
				0.0262 	 0.9997 	 0
				0 	 0 	 1
				11.0962 	 -11.4883 	 14.2063
			}
			{poly "piece10"}
		}
		{bone "sub_piece10"
			{matrix34
				0.9997 	 -0.0262 	 0
				0.0262 	 0.9997 	 0
				0 	 0 	 1
				11.0962 	 -11.4883 	 14.2063
			}
			{poly "sub_piece10"}
		}
		{bone "piece07"
			{matrix34
				0.0901 	 0.9722 	 0.216
				0.1581 	 0.2001 	 -0.9669
				-0.9833 	 0.1213 	 -0.1357
				-12.0119 	 10.9585 	 22.0929
			}
			{poly "piece07"}
		}
		{bone "sub_piece09"
			{matrix34
				-1 	 -0.0087 	 0
				0.0087 	 -1 	 0
				0 	 0 	 1
				-15.59 	 18.5611 	 14.2063
			}
			{poly "sub_piece09"}
		}
		{bone "piece05"
			{matrix34
				-1 	 -0.0087 	 0
				0.0087 	 -1 	 0
				0 	 0 	 1
				-15.59 	 18.5611 	 14.2063
			}
			{poly "piece05"}
		}
		{bone "sub_piece08"
			{matrix34
				-0.0546 	 0.9749 	 0.216
				0.1268 	 0.2213 	 -0.9669
				-0.9904 	 -0.0254 	 -0.1357
				-11.4351 	 -4.2094 	 22.0929
			}
			{poly "sub_piece08"}
		}
		{bone "sub_piece07"
			{Position -17.3958 	 -6.0763 	 14.2063}
			{poly "sub_piece07"}
		}
		{bone "piece06"
			{Position -17.3958 	 -6.0763 	 14.2063}
			{poly "piece06"}
		}
	}
}
{"volumes"
	{"piece01"
		{box 16.1592 0.464159 4.51844}
		{bone "piece01"}
		{matrix34
			0.9671 	 -0.181 	 0.179
			0.2064 	 0.9691 	 -0.1349
			-0.149 	 0.1674 	 0.9746
			-0.1756 	 0.2018 	 -0.0877
		}
	}
	{"piece02"
		{box 11.6564 3.07534 1.25952}
		{bone "piece02"}
		{Position -0.6933 	 -0.1908 	 0.0024}
	}
	{"piece03"
		{box 0.685231 8.13736 12.7097}
		{bone "piece03"}
		{Position -0.0202 	 2.2643 	 1.1034}
	}
	{"piece04"
		{box 0.685231 12.9164 12.7097}
		{bone "piece04"}
		{Position -0.0202 	 -0.4126 	 1.1034}
	}
	{"piece05"
		{box 9.11367 0.487749 12.0751}
		{bone "piece05"}
		{matrix34
			0.9962 	 -0.0869 	 0.0068
			0.0872 	 0.9931 	 -0.0782
			0 	 0.0785 	 0.9969
			-0.4895 	 -3.5719 	 4.268
		}
	}
	{"piece06"
		{box 9.11367 0.487749 12.0751}
		{bone "piece06"}
		{matrix34
			0.9962 	 -0.0869 	 0.0068
			0.0872 	 0.9931 	 -0.0782
			0 	 0.0785 	 0.9969
			-0.4895 	 -3.5719 	 4.268
		}
	}
	{"piece07"
		{box 11.9785 6.36825 0.537405}
		{bone "piece07"}
		{Position 2.7927 	 2.6186 	 9.891}
	}
	{"piece08"
		{box 0.685231 12.9164 12.7097}
		{bone "piece08"}
		{Position -0.0202 	 -0.4126 	 1.1034}
	}
	{"piece09"
		{box 11.0709 0.464159 2.39904}
		{bone "piece09"}
		{matrix34
			-0.9601 	 -0.2793 	 0.013
			0.267 	 -0.9298 	 -0.2533
			0.0829 	 -0.2397 	 0.9673
			0.0896 	 0.3484 	 0.1029
		}
	}
	{"piece10"
		{box 11.9785 6.44886 0.537405}
		{bone "piece10"}
		{Position 0 	 4.8776 	 10.6451}
	}
	{"piece11"
		{box 7.60127 2.31916 0.451844}
		{bone "piece11"}
		{matrix34
			0.3624 	 0.9003 	 -0.2412
			0.1126 	 -0.2992 	 -0.9475
			-0.9252 	 0.3162 	 -0.2098
			-0.0459 	 0.0157 	 -0.0104
		}
	}
	{"piece12"
		{box 0.685231 12.9164 12.7097}
		{bone "piece12"}
		{Position -0.0202 	 -0.4126 	 1.1034}
	}
	{"piece13"
		{box 0.685231 12.9164 12.7097}
		{bone "piece13"}
		{Position -0.0202 	 -0.4126 	 1.1034}
	}
	{"piece14"
		{box 11.0709 0.464159 2.39904}
		{bone "piece14"}
		{matrix34
			-0.9331 	 -0.3573 	 0.0408
			0.3299 	 -0.8957 	 -0.2983
			0.1431 	 -0.2649 	 0.9536
			0.0655 	 0.3509 	 0.1122
		}
	}
	{"piece15"
		{box 0.685231 8.13736 12.7097}
		{bone "piece15"}
		{Position -0.0202 	 2.2643 	 1.1034}
	}
	{"sub_piece01"
		{box 8.66544 2.96852 0.451844}
		{bone "sub_piece01"}
		{Position 0 	 0.0196 	 0.0496}
	}
	{"sub_piece02"
		{box 9.85314 0.464159 4.53381}
		{bone "sub_piece02"}
		{matrix34
			0.961 	 0.275 	 -0.0311
			-0.2472 	 0.9035 	 0.3501
			0.1243 	 -0.3287 	 0.9362
			-0.1494 	 -0.2438 	 -0.0721
		}
	}
	{"sub_piece03"
		{box 11.3698 0.896632 4.77911}
		{bone "sub_piece03"}
		{Position 0.0154 	 0.0069 	 -0.0398}
	}
	{"sub_piece04"
		{box 0.685231 8.13736 12.7097}
		{bone "sub_piece04"}
		{Position -0.0202 	 2.2643 	 1.1034}
	}
	{"sub_piece05"
		{box 0.685231 8.13736 12.7097}
		{bone "sub_piece05"}
		{Position -0.0203 	 2.2643 	 1.1034}
	}
	{"sub_piece06"
		{box 0.685231 8.13736 12.7097}
		{bone "sub_piece06"}
		{Position -0.0202 	 2.2643 	 1.1034}
	}
	{"sub_piece07"
		{box 11.9785 6.44886 0.537405}
		{bone "sub_piece07"}
		{Position 0 	 4.8776 	 10.6451}
	}
	{"sub_piece08"
		{box 11.9785 6.36825 0.537405}
		{bone "sub_piece08"}
		{Position 2.7927 	 2.6186 	 9.891}
	}
	{"sub_piece09"
		{box 11.9785 6.44886 0.537405}
		{bone "sub_piece09"}
		{Position 0 	 4.8776 	 10.6451}
	}
	{"sub_piece10"
		{box 9.11367 0.487749 12.0751}
		{bone "sub_piece10"}
		{matrix34
			0.9962 	 -0.0869 	 0.0068
			0.0872 	 0.9931 	 -0.0782
			0 	 0.0785 	 0.9969
			-0.4896 	 -3.5718 	 4.268
		}
	}
	{"sub_piece11"
		{box 11.9785 6.36825 0.537405}
		{bone "sub_piece11"}
		{Position 2.7927 	 2.6186 	 9.891}
	}
	{"sub_piece12"
		{box 11.0709 0.464159 2.39904}
		{bone "sub_piece12"}
		{matrix34
			-0.9601 	 -0.2793 	 0.013
			0.267 	 -0.9298 	 -0.2533
			0.0829 	 -0.2397 	 0.9673
			0.0896 	 0.3484 	 0.1029
		}
	}
	{"sub_piece13"
		{box 7.60127 2.31916 0.451844}
		{bone "sub_piece13"}
		{matrix34
			0.3624 	 0.9003 	 -0.2412
			0.1126 	 -0.2992 	 -0.9475
			-0.9252 	 0.3162 	 -0.2098
			-0.0459 	 0.0157 	 -0.0104
		}
	}
	{"sub_piece14"
		{box 7.60127 2.31916 0.451844}
		{bone "sub_piece14"}
		{matrix34
			0.3624 	 0.9003 	 -0.2412
			0.1126 	 -0.2992 	 -0.9475
			-0.9252 	 0.3162 	 -0.2098
			-0.0459 	 0.0157 	 -0.0104
		}
	}
	{"sub_piece15"
		{box 7.60127 2.31916 0.451844}
		{bone "sub_piece15"}
		{matrix34
			-0.2333 	 -0.97 	 -0.0678
			0.105 	 0.0442 	 -0.9935
			0.9667 	 -0.2389 	 0.0916
			0.048 	 -0.0118 	 0.0045
		}
	}
}
