;Exported by	: KobaA
;Date			: 29.12.2023 11:46:40
;File			: d:\git\gem2-mdl-soldiers\models\entourage\bower\bower.max
{skeleton
	{bone "bower2_basis_piece03"
		{orientation
			1 	 0 	 0
			0 	 -1 	 0
			0 	 0 	 1
		}
		{poly "bower2_basis_piece03"}
	}
}
{"volumes"
	{"body01"
		{box 10.1785 10.4293 61.6142}
		{bone "bower2_basis_piece03"}
		{matrix34
			0.866 	 -0.5 	 0
			0.5 	 0.866 	 0
			0 	 0 	 1
			-21.6658 	 -14.3012 	 -20.8845
		}
	}
	{"body02"
		{box 10.1785 10.4293 61.6142}
		{bone "bower2_basis_piece03"}
		{matrix34
			0.866 	 0.5 	 0
			-0.5 	 0.866 	 0
			0 	 0 	 1
			23.5302 	 -14.2382 	 -20.8845
		}
	}
	{"body04"
		{polyhedron}
		{bone "bower2_basis_piece03"}
		{matrix34
			0.5 	 -0.866 	 0
			0.75 	 0.433 	 0.5
			-0.433 	 -0.25 	 0.866
			-20.5813 	 12.1438 	 26.2024
		}
	}
	{"body05"
		{polyhedron}
		{bone "bower2_basis_piece03"}
		{matrix34
			1 	 0 	 0
			0 	 0.866 	 0.5
			0 	 -0.5 	 0.866
			1.1629 	 -2.1336 	 25.1805
		}
	}
	{"body06"
		{polyhedron}
		{bone "bower2_basis_piece03"}
		{matrix34
			0.5 	 0.866 	 0
			-0.75 	 0.433 	 0.5
			0.433 	 -0.25 	 0.866
			23.9072 	 11.8261 	 25.1502
		}
	}
}
