;Exported by:	 Oleksandr Tsaprylov
;Date:			 15.08.2022 15:23:34
;File:			 E:\projects\gem2-mdl-soldiers\models\entourage\watch_tower\watch_tower_03.max
{skeleton
	{bone "watch_tower_03_x"
		{orientation
			1 	 0 	 0
			0 	 -1 	 0
			0 	 0 	 1
		}
		{bone "fx_wood2"
			{Position 0 	 0 	 93.3548}
		}
		{bone "piece01"
			{matrix34
				0.3875 	 0.9211 	 -0.0375
				-0.9113 	 0.3765 	 -0.1669
				-0.1396 	 0.0988 	 0.9853
				17.5125 	 19.2027 	 41.0612
			}
			{poly "piece01"}
		}
		{bone "piece02"
			{matrix34
				-0.206 	 -0.7685 	 0.6058
				0.9427 	 -0.322 	 -0.0878
				0.2625 	 0.553 	 0.7907
				-22.3362 	 -18.7535 	 19.7103
			}
			{poly "piece02"}
		}
		{bone "piece03"
			{matrix34
				-0.3207 	 0.818 	 -0.4775
				-0.7672 	 -0.52 	 -0.3755
				-0.5555 	 0.246 	 0.7943
				-0.7605 	 12.6834 	 97.3108
			}
			{poly "piece03"}
		}
		{bone "piece04"
			{matrix34
				0.7381 	 -0.3424 	 0.5813
				0.6359 	 0.0652 	 -0.769
				0.2254 	 0.9373 	 0.2659
				14.0457 	 -17.5358 	 60.6426
			}
			{poly "piece04"}
		}
		{bone "piece05"
			{matrix34
				-0.8889 	 0.3477 	 0.2982
				-0.3997 	 -0.9067 	 -0.1344
				0.2236 	 -0.2386 	 0.945
				-20.8705 	 6.4158 	 27.0988
			}
			{poly "piece05"}
		}
		{bone "piece08"
			{matrix34
				0 	 0 	 1
				-1 	 0 	 0
				0 	 -1 	 0
				9.0206 	 0.5309 	 84.2939
			}
			{poly "piece08"}
		}
		{bone "piece09"
			{matrix34
				0.638 	 0.7149 	 0.2861
				-0.2883 	 0.5662 	 -0.7722
				-0.714 	 0.4102 	 0.5673
				19.8619 	 8.0018 	 43.1157
			}
			{poly "piece09"}
		}
		{bone "piece10"
			{matrix34
				0.1694 	 0.5911 	 0.7886
				-0.964 	 0.2658 	 0.0079
				-0.2049 	 -0.7615 	 0.6149
				-15.7255 	 0.1997 	 92.8612
			}
			{poly "piece10"}
		}
		{bone "piece11"
			{matrix34
				0.6021 	 0.6757 	 -0.4253
				-0.4395 	 0.7252 	 0.53
				0.6666 	 -0.1322 	 0.7336
				-0.309 	 -13.383 	 95.0465
			}
			{poly "piece11"}
		}
		{bone "piece12"
			{matrix34
				0.568 	 0.7152 	 -0.4073
				-0.4909 	 0.6915 	 0.5299
				0.6607 	 -0.1011 	 0.7438
				18.4907 	 -6.9386 	 95.5033
			}
			{poly "piece12"}
		}
		{bone "sub_piece01"
			{matrix34
				0.6611 	 0.4135 	 -0.626
				-0.5872 	 0.8046 	 -0.0887
				0.467 	 0.4262 	 0.7747
				15.4641 	 13.9887 	 98.92
			}
			{poly "sub_piece01"}
		}
		{bone "sub_piece02"
			{matrix34
				0.9809 	 0.1468 	 -0.1276
				-0.1943 	 0.7728 	 -0.6041
				0.0099 	 0.6174 	 0.7866
				-16.0915 	 -13.4812 	 104.728
			}
			{poly "sub_piece02"}
		}
		{bone "sub_piece04"
			{matrix34
				-0.5528 	 -0.7806 	 -0.2918
				0.7169 	 -0.624 	 0.3111
				-0.4249 	 -0.0372 	 0.9045
				12.5126 	 5.4891 	 67.7195
			}
			{poly "sub_piece04"}
		}
		{bone "sub_piece07"
			{matrix34
				0.3937 	 0.6424 	 -0.6575
				0.0727 	 0.6913 	 0.7189
				0.9164 	 -0.3308 	 0.2255
				13.3032 	 16.7985 	 103.247
			}
			{poly "sub_piece07"}
		}
		{bone "sub_piece08"
			{matrix34
				-0.3575 	 0.5943 	 -0.7204
				-0.9221 	 -0.1024 	 0.3731
				0.148 	 0.7977 	 0.5846
				-16.2356 	 -4.6531 	 105.742
			}
			{poly "sub_piece08"}
		}
	}
}
{volume "piece01"
	{cylinder 2.42167 39.4115}
	{bone "piece01"}
	{matrix34
		0.8938 	 -0.407 	 0.1882
		0.3774 	 0.9095 	 0.1741
		-0.2421 	 -0.0846 	 0.9666
		5.6908 	 -5.8118 	 6.7963
	}
}
{volume "piece02"
	{cylinder 2.42167 39.4115}
	{bone "piece02"}
	{matrix34
		0.8048 	 -0.4489 	 -0.3884
		0.4013 	 0.8936 	 -0.2011
		0.4373 	 0.006 	 0.8993
		8.0022 	 -2.6177 	 -6.6321
	}
}
{volume "piece03"
	{box 1.58597 18.3934 28.1787}
	{bone "piece03"}
	{matrix34
		-0.818 	 0.52 	 -0.246
		-0.3207 	 -0.7672 	 -0.5555
		-0.4775 	 -0.3755 	 0.7943
		6.6844 	 0.8846 	 6.4146
	}
}
{volume "piece04"
	{box 4.07598 1.11895 41.685}
	{bone "piece04"}
	{matrix34
		0.2916 	 0.9475 	 -0.1314
		-0.3844 	 0.2419 	 0.8909
		0.8759 	 -0.2092 	 0.4347
		-0.5639 	 -7.2182 	 -5.0536
	}
}
{volume "piece05"
	{box 4.07598 1.11895 41.685}
	{bone "piece05"}
	{matrix34
		-0.3733 	 0.8412 	 -0.3913
		-0.9217 	 -0.3841 	 0.0536
		-0.1052 	 0.3806 	 0.9187
		10.4584 	 -1.4133 	 2.349
	}
}
{volume "piece08"
	{box 23.5516 24.5883 1.20561}
	{bone "piece08"}
	{matrix34
		0 	 0 	 -1
		0 	 1 	 0
		1 	 0 	 0
		4.5409 	 9.3326 	 0.5309
	}
}
{volume "piece09"
	{box 2.08238 11.1985 26.7459}
	{bone "piece09"}
	{matrix34
		-0.6605 	 0.3545 	 0.6619
		-0.7149 	 -0.5662 	 -0.4102
		0.2294 	 -0.7441 	 0.6274
		5.6279 	 -4.2637 	 -0.7806
	}
}
{volume "piece10"
	{box 1.58597 14.483 28.1787}
	{bone "piece10"}
	{matrix34
		0.1694 	 -0.964 	 -0.2049
		0.5911 	 0.2658 	 -0.7615
		0.7886 	 0.0079 	 0.6149
		7.6986 	 8.1391 	 0.0955
	}
}
{volume "piece11"
	{box 1.58597 18.0273 28.1787}
	{bone "piece11"}
	{matrix34
		0.6757 	 0.7252 	 -0.1322
		-0.6021 	 0.4395 	 -0.6666
		-0.4253 	 0.53 	 0.7336
		-2.4709 	 -4.5638 	 7.3287
	}
}
{volume "piece12"
	{box 1.58597 14.4678 28.1787}
	{bone "piece12"}
	{matrix34
		-0.568 	 0.4909 	 -0.6607
		-0.7152 	 -0.6915 	 0.1011
		-0.4073 	 0.5299 	 0.7438
		-0.6771 	 -2.4675 	 5.9293
	}
}
{volume "sub_piece01"
	{box 2.65571 2.87073 24.7854}
	{bone "sub_piece01"}
	{matrix34
		0.4135 	 0.8046 	 0.4262
		-0.6611 	 0.5872 	 -0.467
		-0.626 	 -0.0887 	 0.7747
		2.0804 	 -1.0126 	 7.6285
	}
}
{volume "sub_piece02"
	{box 2.65571 2.87073 24.7854}
	{bone "sub_piece02"}
	{matrix34
		0.1468 	 0.7728 	 0.6174
		-0.9809 	 0.1943 	 -0.0099
		-0.1276 	 -0.6041 	 0.7866
		-3.5036 	 0.5031 	 -6.2127
	}
}
{volume "sub_piece04"
	{box 4.07598 1.11895 41.685}
	{bone "sub_piece04"}
	{matrix34
		0.7313 	 0.3989 	 -0.5532
		-0.6069 	 0.7508 	 -0.2609
		0.3113 	 0.5265 	 0.7911
		2.7574 	 5.3456 	 -11.1334
	}
}
{volume "sub_piece07"
	{box 1.58597 4.56891 28.1787}
	{bone "sub_piece07"}
	{matrix34
		-0.6424 	 -0.6913 	 0.3308
		0.3937 	 0.0727 	 0.9164
		-0.6575 	 0.7189 	 0.2255
		4.4018 	 -1.1737 	 -2.7829
	}
}
{volume "sub_piece08"
	{box 1.58597 5.04764 28.1787}
	{bone "sub_piece08"}
	{matrix34
		-0.3575 	 -0.9221 	 0.148
		0.5943 	 -0.1024 	 0.7977
		-0.7204 	 0.3731 	 0.5846
		4.5567 	 2.8278 	 -7.6279
	}
}
