;Exported by	: KobaA
;Date			: 22.05.2023 13:28:12
;File			: D:\git\gem2-mdl-soldiers\models\entourage\bridge_river\bridge_river_settings.max
{skeleton
	{bone "bridge_river_1_piece_009"
		{orientation
			1 	 0 	 0
			0 	 -1 	 0
			0 	 0 	 1
		}
		{bone "group055"
			{Position -0.0062 	 -5.3036 	 9.0222}
			{poly "group055"}
		}
		{bone "group056"
			{Position -7.4901 	 0.021 	 71.8535}
			{poly "group056"}
			{bone "fix9"
				{Position 15.3682 	 -85.9658 	 -75.2986}
			}
		}
	}
}
{"volumes"
	{"body01"
		{box 17.6137 1.66255 1.62709}
		{bone "group055"}
		{matrix34
			0 	 0 	 -1
			0 	 -1 	 0
			-1 	 0 	 0
			101.208 	 -0.0808 	 -0.267
		}
	}
	{"body02"
		{box 250.521 1.93489 1.18789}
		{bone "group055"}
		{matrix34
			-1 	 0 	 0
			0 	 -1 	 0
			0 	 0 	 1
			0.0093 	 -0.0808 	 8.9607
		}
	}
	{"body03"
		{box 3.83858 3.83858 20.3783}
		{bone "group055"}
		{matrix34
			-1 	 0 	 0
			0 	 -1 	 0
			0 	 0 	 1
			67.4442 	 -0.0808 	 1.2039
		}
	}
	{"body04"
		{box 236.174 1.23833 0.819643}
		{bone "group055"}
		{matrix34
			-1 	 0 	 0
			0 	 -1 	 0
			0 	 0 	 1
			0.0093 	 -0.0808 	 -4.6137
		}
	}
	{"body05"
		{box 17.6137 1.66255 1.62709}
		{bone "group055"}
		{matrix34
			0 	 0 	 -1
			0 	 -1 	 0
			-1 	 0 	 0
			33.7261 	 -0.0808 	 -0.267
		}
	}
	{"body06"
		{box 17.6137 1.66255 1.62709}
		{bone "group055"}
		{matrix34
			0 	 0 	 -1
			0 	 -1 	 0
			-1 	 0 	 0
			-0.0425 	 -0.0808 	 -0.267
		}
	}
	{"body07"
		{box 17.6137 1.66255 1.62709}
		{bone "group055"}
		{matrix34
			0 	 0 	 -1
			0 	 -1 	 0
			-1 	 0 	 0
			-101.198 	 -0.0808 	 -0.267
		}
	}
	{"body08"
		{box 17.6137 1.66255 1.62709}
		{bone "group055"}
		{matrix34
			0 	 0 	 -1
			0 	 -1 	 0
			-1 	 0 	 0
			-33.7737 	 -0.0808 	 -0.267
		}
	}
	{"body09"
		{box 3.83858 3.83858 20.3783}
		{bone "group055"}
		{matrix34
			-1 	 0 	 0
			0 	 -1 	 0
			0 	 0 	 1
			-67.506 	 -0.0808 	 1.2039
		}
	}
	{"body10"
		{box 98.4114 8.14764 6.09909}
		{bone "group056"}
		{matrix34
			-0.515 	 0 	 -0.8572
			0 	 -1 	 0
			-0.8572 	 0 	 0.515
			-99.0599 	 0.1935 	 17.8351
		}
	}
	{"body11"
		{box 36.1273 8.14764 6.09909}
		{bone "group056"}
		{matrix34
			-0.515 	 0 	 0.8572
			0 	 -1 	 0
			0.8572 	 0 	 0.515
			95.3478 	 0.1935 	 49.1737
		}
	}
	{"body12"
		{box 46.9511 8.14764 6.09909}
		{bone "group056"}
		{matrix34
			-0.515 	 0 	 -0.8572
			0 	 -1 	 0
			-0.8572 	 0 	 0.515
			102.341 	 0.1935 	 -43.3463
		}
	}
	{"body13"
		{box 120.269 8.14764 6.09909}
		{bone "group056"}
		{matrix34
			-0.5 	 0 	 0.866
			0 	 -1 	 0
			0.866 	 0 	 0.5
			-101.961 	 0.1935 	 -15.2316
		}
	}
	{"body14"
		{box 142.249 8.14764 6.09909}
		{bone "group056"}
		{matrix34
			-0.515 	 0 	 -0.8572
			0 	 1 	 0
			0.8572 	 0 	 -0.515
			46.2037 	 0.1935 	 -2.1563
		}
	}
	{"body15"
		{box 157.903 8.14764 6.09909}
		{bone "group056"}
		{matrix34
			0.5 	 0 	 -0.866
			0 	 1 	 0
			0.866 	 0 	 0.5
			-31.6361 	 0.1935 	 -1.89
		}
	}
	{"body16"
		{box 141.122 8.14764 6.09909}
		{bone "group056"}
		{matrix34
			0 	 0 	 -1
			0 	 1 	 0
			1 	 0 	 0
			86.0371 	 0.1935 	 -0.7615
		}
	}
	{"body17"
		{box 141.122 8.14764 6.09909}
		{bone "group056"}
		{matrix34
			0 	 0 	 -1
			0 	 1 	 0
			1 	 0 	 0
			7.5959 	 0.1935 	 -0.7615
		}
	}
	{"body18"
		{box 141.122 8.14764 6.09909}
		{bone "group056"}
		{matrix34
			0 	 0 	 -1
			0 	 1 	 0
			1 	 0 	 0
			-71.9356 	 0.1935 	 -0.7615
		}
	}
	{"body19"
		{box 236.892 8.14764 6.09909}
		{bone "group056"}
		{Position 16.8381 	 0.1935 	 70.0642}
	}
}
