;Exported by:	 tolokolnikova
;Date:			 27.06.2017 14:57:02
;File:			 D:\gem2\gem2-mdl-soldiers\models\building\house_D\D_005_cut_x_fort.max
{skeleton
	{bone "d005_piece10a_point"
		{orientation
			1 	 0 	 0
			0 	 -1 	 0
			0 	 0 	 1
		}
		{bone "piece01"
			{matrix34
				1 	 0 	 0
				0 	 0.5736 	 -0.8192
				0 	 0.8192 	 0.5736
				0.049 	 -5.1207 	 23.8887
			}
			{poly "piece01"}
		}
		{bone "piece02"
			{Position -0.0522 	 -23.7318 	 12.9625}
			{poly "piece02"}
		}
		{bone "piece03"
			{Position 0.0253 	 -8.7942 	 -1.5393}
			{poly "piece03"}
		}
		{bone "sub_piece01"
			{Position -0.0907 	 12.2299 	 11.916}
			{poly "sub_piece01"}
		}
		{bone "d005_piece10a"
			{poly "d005_piece10a"}
		}
		{bone revolute "attach1"
			{matrix34
				1 	 0 	 0
				0 	 1 	 0
				0 	 0 	 1
				-13.5951 	 5.9335 	 -22.2027
			}
		}
	}
}
{volume "piece01"
	{box 5.90551 15.0377 17.9705}
	{bone "piece01"}
	{matrix34
		1 	 0 	 0
		0 	 0.788 	 -0.6157
		0 	 0.6157 	 0.788
		0.0303 	 0.7892 	 -0.7634
	}
}
{volume "piece02"
	{box 10.2083 5.90551 16.5012}
	{bone "piece02"}
	{matrix34
		0 	 1 	 0
		-1 	 0 	 0
		0 	 0 	 1
		-0.108 	 0.8469 	 0.419
	}
}
{volume "piece03"
	{box 5.90551 12.9231 10.3609}
	{bone "piece03"}
	{matrix34
		-1 	 0 	 0
		0 	 -0.9781 	 0.2079
		0 	 0.2079 	 0.9781
		0.6606 	 2.5523 	 7.4889
	}
}
{volume "sub_piece01"
	{box 5.90551 12.7925 10.4432}
	{bone "sub_piece01"}
	{Position 0.6519 	 0.4017 	 -0.409}
}
{volume "target_vol_001"
	{box 9.84252 11.811 15.6501}
	{bone "d005_piece10a_point"}
	{matrix34
		1 	 0 	 0
		0 	 1 	 0
		0 	 0 	 1
		-0.2329 	 5.9335 	 2.0791
	}
}
{volume "vol_01"
	{box 6.13759 58.6977 22.7783}
	{bone "d005_piece10a"}
	{Position -0.1096 	 0.8716 	 -16.4435}
}
{volume "vol_02"
	{box 6.13759 14.6744 6.15014}
	{bone "d005_piece10a"}
	{Position -0.1096 	 -16.5133 	 -2.0462}
}
