;Exported by:	 tolokolnikova
;Date:			 07.12.2016 13:03:40
;File:			 D:\gem2\gem2-mdl-soldiers\models\fence\fence_wood\woodfence_new_G2_x.max
{skeleton
	{bone "basis"
		{orientation
			1 	 0 	 0
			0 	 -1 	 0
			0 	 0 	 1
		}
		{bone "piece01"
			{matrix34
				0 	 -1 	 0
				1 	 0 	 0
				0 	 0 	 1
				70.0786 	 6.6683 	 24.9678
			}
			{poly "piece01"}
		}
		{bone "piece02"
			{matrix34
				0 	 -1 	 0
				1 	 0 	 0
				0 	 0 	 1
				-0.611 	 4.399 	 24.0477
			}
			{poly "piece02"}
		}
		{bone "piece03"
			{matrix34
				0 	 -1 	 0
				0.9063 	 0 	 0.4226
				-0.4226 	 0 	 0.9063
				69.1608 	 4.9279 	 16.1343
			}
			{poly "piece03"}
		}
		{bone "piece04"
			{matrix34
				0 	 -1 	 0
				0.9962 	 0 	 -0.0872
				0.0872 	 0 	 0.9962
				13.3961 	 3.61 	 12.2037
			}
			{poly "piece04"}
		}
	}
}
{volume "piece01"
	{box 1.9685 1.9685 12.8262}
	{bone "piece01"}
	{matrix34
		0 	 0.9939 	 -0.1099
		-1 	 0 	 0
		0 	 0.1099 	 0.9939
		0.1864 	 -0.5861 	 -0.0965
	}
}
{volume "piece02"
	{box 3.93701 3.93701 20.1555}
	{bone "piece02"}
	{matrix34
		0 	 1 	 0
		-1 	 0 	 0
		0 	 0 	 1
		0.1212 	 0.0597 	 -0.6559
	}
}
{volume "piece03"
	{box 1.9685 1.9685 17.4437}
	{bone "piece03"}
	{matrix34
		0 	 0.0272 	 -0.9996
		-1 	 0 	 0
		0 	 0.9996 	 0.0272
		0 	 0.8582 	 0.2586
	}
}
{volume "piece04"
	{box 3.93701 1.9685 38.6986}
	{bone "piece04"}
	{matrix34
		-0.0343 	 0.3519 	 0.9354
		-0.9969 	 -0.0788 	 -0.0069
		0.0713 	 -0.9327 	 0.3535
		-0.0664 	 1.3568 	 -1.0772
	}
}
