;Exported by	: KobaA
;Date			: 05.03.2024 14:51:47
;File			: d:\git\gem2-mdl-soldiers\models\building\trainstation\water_tower_001_x.max
{skeleton
	{bone "water_tower_001_piece_014_x"
		{orientation
			1 	 0 	 0
			0 	 -1 	 0
			0 	 0 	 1
		}
		{bone "sub_piece01"
			{matrix34
				0.7071 	 -0.7071 	 0
				0.7071 	 0.7071 	 0
				0 	 0 	 1
				15.6132 	 -13.6496 	 -12.8958
			}
			{poly "sub_piece01"}
		}
		{bone "piece01"
			{matrix34
				0.7071 	 -0.7071 	 0
				0.7071 	 0.7071 	 0
				0 	 0 	 1
				15.4083 	 7.1452 	 -7.1676
			}
			{poly "piece01"}
		}
		{bone "sub_piece02"
			{matrix34
				-0.9239 	 0.3825 	 0
				-0.3825 	 -0.9239 	 0
				0 	 0 	 1
				17.0193 	 -15.1305 	 13.2079
			}
			{poly "sub_piece02"}
		}
		{bone "piece02"
			{matrix34
				0.3825 	 0.9239 	 0
				-0.9239 	 0.3825 	 0
				0 	 0 	 1
				10.7777 	 8.6133 	 14.6946
			}
			{poly "piece02"}
		}
		{bone "sub_piece03"
			{matrix34
				0.4566 	 -0.5782 	 -0.6762
				-0.0732 	 0.7331 	 -0.6762
				0.8867 	 0.3582 	 0.2924
				5.0779 	 -4.5414 	 13.7348
			}
			{poly "sub_piece03"}
		}
		{bone "sub_piece04"
			{matrix34
				0 	 -1 	 0
				1 	 0 	 0
				0 	 0 	 1
				15.3983 	 -21.594 	 0.2087
			}
			{poly "sub_piece04"}
		}
		{bone "sub_piece05"
			{matrix34
				0.3827 	 0.9239 	 0
				-0.9239 	 0.3827 	 0
				0 	 0 	 1
				3.3887 	 -3.6264 	 7.4608
			}
			{poly "sub_piece05"}
		}
		{bone "piece03"
			{matrix34
				0.3827 	 0.9239 	 0
				-0.9239 	 0.3827 	 0
				0 	 0 	 1
				-8.5826 	 -1.9194 	 7.3354
			}
			{poly "piece03"}
		}
	}
}
{"volumes"
	{"piece01"
		{box 1.27285 25.6773 11.6563}
		{bone "piece01"}
		{matrix34
			-0.7071 	 -0.7071 	 0
			0.7071 	 -0.7071 	 0
			0 	 0 	 1
			0 	 0 	 -0.0069
		}
	}
	{"piece02"
		{box 18.6577 30.1897 1.34303}
		{bone "piece02"}
		{matrix34
			-0.9239 	 -0.3825 	 0
			0.3662 	 -0.8845 	 -0.2891
			0.1106 	 -0.2671 	 0.9573
			-0.5504 	 -1.1349 	 0.0099
		}
	}
	{"piece03"
		{box 27.3806 7.59489 2.4732}
		{bone "piece03"}
		{matrix34
			0.9239 	 0.3827 	 0
			-0.3827 	 0.9239 	 0
			0 	 0 	 1
			0.0861 	 -0.2079 	 0.1143
		}
	}
	{"sub_piece01"
		{box 1.27285 13.8657 4.11002}
		{bone "sub_piece01"}
		{matrix34
			-0.7071 	 -0.7071 	 0
			0.7071 	 -0.7071 	 0
			0 	 0 	 1
			-0.3664 	 0.0297 	 -0.0044
		}
	}
	{"sub_piece02"
		{box 9.01338 18.6277 1.31976}
		{bone "sub_piece02"}
		{matrix34
			-0.3825 	 0.9239 	 0
			-0.8845 	 -0.3662 	 -0.2891
			-0.2671 	 -0.1106 	 0.9573
			-0.0714 	 0.9721 	 0.05
		}
	}
	{"sub_piece03"
		{box 3.02428 32.4735 3.08433}
		{bone "sub_piece03"}
		{matrix34
			0.7679 	 -0.0467 	 -0.6389
			0.6387 	 0.1334 	 0.7578
			0.0498 	 -0.99 	 0.1323
			0.2359 	 -0.028 	 -0.0306
		}
	}
	{"sub_piece04"
		{box 1.27285 11.8621 3.90205}
		{bone "sub_piece04"}
		{matrix34
			0 	 -1 	 0
			1 	 0 	 0
			0 	 0 	 1
			0 	 0 	 -0.0721
		}
	}
	{"sub_piece05"
		{box 18.8926 7.373 2.25931}
		{bone "sub_piece05"}
		{matrix34
			0.9239 	 0.3827 	 0
			-0.3827 	 0.9239 	 0
			0 	 0 	 1
			0.0635 	 -0.1533 	 0.1114
		}
	}
}
