;Exported by	: Oleksandr Tsaprylov
;Date			: 27.01.2023 12:44:45
;File			: E:\projects\gem2-mdl-soldiers\models\entourage\shed_wood_destroyed\shed_wood_destroyed.max
{skeleton
	{bone "shed_wood_destroyed_c_piece_004_x"
		{orientation
			1 	 0 	 0
			0 	 -1 	 0
			0 	 0 	 1
		}
		{bone "piece01"
			{Position 1.9621 	 13.9656 	 65.1425}
			{poly "piece01"}
		}
		{bone "piece02"
			{Position -5.7861 	 16.6519 	 15.008}
			{poly "piece02"}
		}
		{bone "piece03"
			{Position -5.4188 	 16.7234 	 40.8763}
			{poly "piece03"}
		}
		{bone "piece11"
			{matrix34
				0.9223 	 -0.33 	 0.2013
				0.3055 	 0.9413 	 0.1434
				-0.2368 	 -0.0707 	 0.969
				3.3179 	 14.2469 	 33.0717
			}
			{poly "piece11"}
		}
		{bone "piece10"
			{Position 29.0411 	 -7.4309 	 69.2517}
			{poly "piece10"}
		}
		{bone "piece06"
			{Position 28.776 	 27.0715 	 60.1125}
			{poly "piece06"}
		}
		{bone "piece07"
			{Position 7.2005 	 23.5664 	 62.7653}
			{poly "piece07"}
		}
		{bone "piece09"
			{Position 17.7534 	 -7.1997 	 86.6404}
			{poly "piece09"}
		}
		{bone "piece04"
			{Position 19.3941 	 -29.2825 	 101.798}
			{poly "piece04"}
		}
		{bone "piece05"
			{Position 30.2002 	 -28.7534 	 85.1942}
			{poly "piece05"}
		}
		{bone "piece08"
			{Position -14.3147 	 -1.1249 	 80.0401}
			{poly "piece08"}
		}
	}
}
{"volumes"
	{"piece01"
		{box 2.3622 2.98768 62.6366}
		{bone "piece01"}
		{matrix34
			0 	 1 	 0
			0 	 0 	 1
			1 	 0 	 0
			0.6033 	 -0.0174 	 0.1016
		}
	}
	{"piece02"
		{box 5.40378 1.25483 52.3753}
		{bone "piece02"}
		{matrix34
			-0.0974 	 0 	 -0.9952
			0 	 1 	 0
			0.9952 	 0 	 -0.0974
			-0.6824 	 0.0802 	 -0.4018
		}
	}
	{"piece03"
		{box 5.40378 1.25483 38.5112}
		{bone "piece03"}
		{matrix34
			0 	 0 	 -1
			0 	 1 	 0
			1 	 0 	 0
			0.8314 	 0.0087 	 0.095
		}
	}
	{"piece04"
		{box 2.0315 1.25483 29.6937}
		{bone "piece04"}
		{matrix34
			0 	 0.8192 	 -0.5736
			0 	 0.5736 	 0.8192
			1 	 0 	 0
			0.4754 	 -0.0246 	 0.1278
		}
	}
	{"piece05"
		{box 1.3937 0.523275 46.3465}
		{bone "piece05"}
		{matrix34
			0 	 0.9848 	 0.1736
			-1 	 0 	 0
			0 	 -0.1736 	 0.9848
			-0.0144 	 0.0258 	 0.0688
		}
	}
	{"piece06"
		{box 2.3622 2.98768 44.1188}
		{bone "piece06"}
		{matrix34
			1 	 0 	 0
			0 	 0.5736 	 0.8192
			0 	 -0.8192 	 0.5736
			0.0745 	 0.4887 	 -0.3433
		}
	}
	{"piece07"
		{box 2.3622 2.98768 24.8006}
		{bone "piece07"}
		{matrix34
			1 	 0 	 0
			0 	 0.5736 	 0.8192
			0 	 -0.8192 	 0.5736
			0.1072 	 -0.3585 	 0.0514
		}
	}
	{"piece08"
		{box 2.3622 2.98768 54.7073}
		{bone "piece08"}
		{matrix34
			1 	 0 	 0
			0 	 0.5736 	 0.8192
			0 	 -0.8192 	 0.5736
			0.1113 	 0.171 	 -0.1607
		}
	}
	{"piece09"
		{box 2.0315 1.25483 33.4087}
		{bone "piece09"}
		{matrix34
			0 	 0.8192 	 -0.5736
			0 	 0.5736 	 0.8192
			1 	 0 	 0
			0.1955 	 -0.0167 	 0.0134
		}
	}
	{"piece10"
		{box 2.3622 2.98768 31.3732}
		{bone "piece10"}
		{matrix34
			1 	 0 	 0
			0 	 0 	 1
			0 	 -1 	 0
			-0.115 	 0.6815 	 0.0731
		}
	}
	{"piece11"
		{cylinder 2.0525 48.2108}
		{bone "piece11"}
		{matrix34
			0.9223 	 0.3055 	 -0.2368
			-0.33 	 0.9413 	 -0.0707
			0.2013 	 0.1434 	 0.969
			-1.2457 	 -0.4655 	 0.0652
		}
	}
}
