;Exported by:	 kobaa
;Date:			 09.10.2019 16:37:43
;File:			 G:\_GIT_\gem2\gem2-mdl-soldiers\models\fence\hedgehog\wires_square.max
{skeleton
	{bone "basis4"
		{orientation
			1 	 0 	 0
			0 	 -1 	 0
			0 	 0 	 1
		}
		{bone "body_wire"
			{parameters "lastpose=undefined;"}
			{Position -12.9723 	 0.103 	 11.1335}
			{LODView
				{poly "body_wire"}
				{poly "body_wire_lod1"}
				{poly "body_wire_lod2"}
			}
			{bone "socket3"
				{matrix34
					0 	 -1 	 0
					1 	 0 	 0
					0 	 0 	 1
					27.1189 	 -14.0297 	 -11.1335
				}
			}
			{bone "socket2"
				{matrix34
					0 	 1 	 0
					-1 	 0 	 0
					0 	 0 	 1
					27.0824 	 14.3519 	 -11.1335
				}
			}
			{bone "socket1"
				{matrix34
					-1 	 0 	 0
					0 	 -1 	 0
					0 	 0 	 1
					-10.0023 	 0.4217 	 -11.1335
				}
			}
			{bone "socket0"
				{Position 32.3565 	 -0.1417 	 -11.1335}
			}
		}
	}
}
{obstacle "obstacle"
	{obb2
		{center 0.269634 -0.142028}
		{extent 19.7124 13.9234}
		{axis -1 -2.64575e-008}
	}
	{rotate}
}
{volume "body_01"
	{cylinder 1.25559 42.6303}
	{bone "body_wire"}
	{matrix34
		0.0089 	 0.9996 	 -0.0251
		-0.0046 	 -0.025 	 -0.9997
		-0.9999 	 0.009 	 0.0044
		12.0862 	 -0.0036 	 4.0993
	}
}
{volume "body_02"
	{cylinder 1.37446 34.7754}
	{bone "body_wire"}
	{matrix34
		0.9993 	 0.0013 	 -0.0361
		-0.0252 	 -0.6917 	 -0.7217
		-0.0259 	 0.7221 	 -0.6913
		-1.0886 	 0.5429 	 1.4629
	}
}
{volume "body_03"
	{cylinder 1.37446 34.7754}
	{bone "body_wire"}
	{matrix34
		0.9994 	 0.0012 	 0.0349
		0.0242 	 0.6967 	 -0.717
		-0.0252 	 0.7174 	 0.6962
		-0.546 	 -0.6806 	 0.5487
	}
}
{volume "body_04"
	{cylinder 1.37446 34.7754}
	{bone "body_wire"}
	{matrix34
		0.9988 	 -0.0337 	 0.0349
		0.0485 	 0.6954 	 -0.717
		-0.0001 	 0.7178 	 0.6963
		27.599 	 -0.5942 	 1.5908
	}
}
{volume "body_05"
	{cylinder 1.37446 34.7754}
	{bone "body_wire"}
	{matrix34
		0.9993 	 0 	 -0.0361
		-0.0252 	 -0.7165 	 -0.6971
		-0.0259 	 0.6976 	 -0.716
		26.9234 	 0.6364 	 1.6153
	}
}
