;Exported by	: joomb
;Date			: 17.04.2024 13:47:58
;File			: h:\git\gem2-mdl-soldiers\models\building\buildings_ru\barn_ru001_slice_cut.max
{skeleton
	{bone "barn_ru_001_piece17"
		{orientation
			1 	 0 	 0
			0 	 -1 	 0
			0 	 0 	 1
		}
		{poly "barn_ru_001_piece17"}
		{bone "fix31"
			{Position 10.4664 	 35.2371 	 -4.192}
		}
		{bone "fix32"
			{Position 10.4664 	 -30.0679 	 -4.192}
		}
	}
}
{"volumes"
	{"body01"
		{polyhedron}
		{bone "barn_ru_001_piece17"}
		{matrix34
			0 	 1 	 0
			-1 	 0 	 0
			0 	 0 	 1
			38.9488 	 5.0819 	 -15.2003
		}
	}
	{"roof01"
		{box 94.9803 3.93701 18.477}
		{bone "barn_ru_001_piece17"}
		{matrix34
			1 	 0 	 0
			0 	 0.5736 	 -0.8192
			0 	 0.8192 	 0.5736
			-0.5224 	 -3.735 	 14.4637
		}
	}
	{"roof02"
		{box 88.9764 3.93701 16.6712}
		{bone "barn_ru_001_piece17"}
		{matrix34
			-1 	 0 	 0
			0 	 -0.5736 	 -0.8192
			0 	 -0.8192 	 0.5736
			2.7609 	 7.3105 	 14.9927
		}
	}
	{"roof03"
		{box 20.1423 3.93701 11.4639}
		{bone "barn_ru_001_piece17"}
		{matrix34
			1 	 0 	 0
			0 	 0.5736 	 -0.8192
			0 	 0.8192 	 0.5736
			-8.9357 	 -16.0083 	 5.8699
		}
	}
	{"roof04"
		{box 21.6648 3.93701 11.4764}
		{bone "barn_ru_001_piece17"}
		{matrix34
			1 	 0 	 0
			0 	 0.5736 	 -0.8192
			0 	 0.8192 	 0.5736
			36.0159 	 -16.0032 	 5.8735
		}
	}
	{"roof05"
		{box 59.5386 3.93701 16.8396}
		{bone "barn_ru_001_piece17"}
		{matrix34
			-1 	 0 	 0
			0 	 -0.5736 	 -0.8192
			0 	 -0.8192 	 0.5736
			17.4071 	 21.0356 	 5.3822
		}
	}
}
