;Exported by:	 tolokolnikova
;Date:			 27.04.2016 10:40:17
;File:			 D:\gem2\gem2-mdl-soldiers\models\building\hangar_wood\HW2_x.max
{skeleton
	{bone "hangar_piece_08"
		{orientation
			1 	 0 	 0
			0 	 -1 	 0
			0 	 0 	 1
		}
		{bone "piece01"
			{matrix34
				-1 	 0 	 0
				0 	 -1 	 0
				0 	 0 	 1
				34.6684 	 -27.8655 	 -28.1383
			}
			{poly "piece01"}
		}
		{bone "piece02"
			{matrix34
				0 	 -1 	 0
				1 	 0 	 0
				0 	 0 	 1
				41.9951 	 -12.0579 	 35.8531
			}
			{poly "piece02"}
		}
		{bone "piece03"
			{matrix34
				0 	 -0.9455 	 -0.3256
				1 	 0 	 0
				0 	 -0.3256 	 0.9455
				41.9233 	 -13.6802 	 6.8951
			}
			{poly "piece03"}
		}
		{bone "piece04"
			{matrix34
				0 	 -1 	 0
				1 	 0 	 0
				0 	 0 	 1
				41.9931 	 -12.2868 	 -17.5934
			}
			{poly "piece04"}
		}
		{bone "piece05"
			{matrix34
				0 	 -1 	 0
				1 	 0 	 0
				0 	 0 	 1
				42.0362 	 8.1635 	 -26.6052
			}
			{poly "piece05"}
		}
		{bone "piece06"
			{matrix34
				0 	 -1 	 0
				1 	 0 	 0
				0 	 0 	 1
				41.934 	 10.8102 	 -5.6882
			}
			{poly "piece06"}
		}
		{bone "piece07"
			{matrix34
				0.3907 	 0 	 -0.9205
				0 	 -1 	 0
				-0.9205 	 0 	 -0.3907
				29.3196 	 -27.9343 	 31.9532
			}
			{poly "piece07"}
		}
		{bone "piece08"
			{matrix34
				-1 	 0 	 0
				0 	 -1 	 0
				0 	 0 	 1
				0.4457 	 -27.9542 	 24.0387
			}
			{poly "piece08"}
		}
		{bone "piece09"
			{matrix34
				-1 	 0 	 0
				0 	 -1 	 0
				0 	 0 	 1
				33.2156 	 -27.707 	 6.6989
			}
			{poly "piece09"}
		}
		{bone "sub_piece01"
			{matrix34
				0 	 -1 	 0
				1 	 0 	 0
				0 	 0 	 1
				41.972 	 3.3726 	 10.9816
			}
			{poly "sub_piece01"}
		}
		{bone "sub_piece03"
			{matrix34
				0 	 -1 	 0
				1 	 0 	 0
				0 	 0 	 1
				41.9964 	 14.396 	 19.1748
			}
			{poly "sub_piece03"}
		}
		{bone "sub_piece04"
			{matrix34
				-1 	 0 	 0
				0 	 -1 	 0
				0 	 0 	 1
				19.8372 	 -27.7175 	 19.0594
			}
			{poly "sub_piece04"}
		}
		{bone "sub_piece05"
			{matrix34
				-0.9135 	 0 	 -0.4067
				0 	 -1 	 0
				-0.4067 	 0 	 0.9135
				37.8429 	 -27.7138 	 -13.7235
			}
			{poly "sub_piece05"}
		}
		{bone "sub_piece07"
			{matrix34
				1 	 0 	 0
				0 	 -0.1392 	 0.9903
				0 	 -0.9903 	 -0.1392
				-1.8229 	 -23.3714 	 44.7091
			}
			{poly "sub_piece07"}
		}
		{bone "sub_piece02"
			{Position -13.3724 	 -0.4338 	 48.4529}
			{poly "sub_piece02"}
		}
		{bone "sub_piece08"
			{Position 31.6343 	 0.4158 	 48.2969}
			{poly "sub_piece08"}
		}
		{bone "sub_piece09"
			{matrix34
				1 	 0 	 0
				0 	 -0.1392 	 0.9903
				0 	 -0.9903 	 -0.1392
				35.2054 	 -30.2363 	 44.266
			}
			{poly "sub_piece09"}
		}
		{bone "sub_piece06"
			{Position 2.0662 	 -41.0466 	 42.5323}
			{poly "sub_piece06"}
		}
	}
}
{volume "piece01"
	{box 17.2175 5.02991 12.3047}
	{bone "piece01"}
	{matrix34
		0.9994 	 0 	 0.0349
		0 	 1 	 0
		-0.0349 	 0 	 0.9994
		-0.0911 	 0 	 0.476
	}
}
{volume "piece02"
	{box 26.0528 5.02991 15.5934}
	{bone "piece02"}
	{matrix34
		0.9903 	 0 	 -0.1392
		0 	 1 	 0
		0.1392 	 0 	 0.9903
		-1.5619 	 0 	 0.2817
	}
}
{volume "piece03"
	{box 22.6546 5.02991 22.3721}
	{bone "piece03"}
	{matrix34
		0.7193 	 0 	 -0.6947
		0 	 1 	 0
		0.6947 	 0 	 0.7193
		0.5986 	 0 	 1.405
	}
}
{volume "piece04"
	{box 22.6546 5.02991 18.3451}
	{bone "piece04"}
	{Position 0.132 	 0 	 0.4039}
}
{volume "piece05"
	{box 22.6546 5.02991 15.9801}
	{bone "piece05"}
	{matrix34
		0.8829 	 0 	 -0.4695
		0 	 1 	 0
		0.4695 	 0 	 0.8829
		0.7889 	 0 	 -1.0419
	}
}
{volume "piece06"
	{box 17.2175 5.02991 12.3047}
	{bone "piece06"}
	{matrix34
		0.9994 	 0 	 0.0349
		0 	 1 	 0
		-0.0349 	 0 	 0.9994
		-0.0911 	 0 	 0.476
	}
}
{volume "piece07"
	{box 18.1817 5.02991 13.9511}
	{bone "piece07"}
	{matrix34
		-0.4226 	 0 	 0.9063
		0 	 1 	 0
		-0.9063 	 0 	 -0.4226
		-0.1335 	 0 	 -0.3404
	}
}
{volume "piece08"
	{box 23.2497 5.03493 19.3691}
	{bone "piece08"}
	{Position -0.5087 	 0 	 0.5663}
}
{volume "piece09"
	{box 23.2497 5.03493 19.3691}
	{bone "piece09"}
	{Position 0 	 0 	 -0.305}
}
{volume "sub_piece01"
	{box 9.46961 5.02991 9.72068}
	{bone "sub_piece01"}
	{matrix34
		0.9994 	 0 	 0.0349
		0 	 1 	 0
		-0.0349 	 0 	 0.9994
		0.189 	 0 	 0.1695
	}
}
{volume "sub_piece02"
	{box 35.8394 1.19832 16.5215}
	{bone "sub_piece02"}
	{matrix34
		1 	 0 	 0
		0 	 0.1544 	 -0.988
		0 	 0.988 	 0.1544
		1.6443 	 1.7489 	 0.77
	}
}
{volume "sub_piece03"
	{box 11.0908 5.02991 10.6029}
	{bone "sub_piece03"}
	{matrix34
		0.9994 	 0 	 0.0349
		0 	 1 	 0
		-0.0349 	 0 	 0.9994
		0.1263 	 0 	 0.5407
	}
}
{volume "sub_piece04"
	{box 11.0908 5.02991 10.6029}
	{bone "sub_piece04"}
	{matrix34
		0.9994 	 0 	 0.0349
		0 	 1 	 0
		-0.0349 	 0 	 0.9994
		0.233 	 0 	 0.4825
	}
}
{volume "sub_piece05"
	{box 9.46961 5.02991 9.72068}
	{bone "sub_piece05"}
	{matrix34
		0.1564 	 0 	 0.9877
		0 	 1 	 0
		-0.9877 	 0 	 0.1564
		0.0554 	 0 	 0.0322
	}
}
{volume "sub_piece06"
	{box 19.2685 1.19832 14.121}
	{bone "sub_piece06"}
	{matrix34
		1 	 0 	 0
		0 	 0.1544 	 -0.988
		0 	 0.988 	 0.1544
		0.64 	 0.0229 	 0.5507
	}
}
{volume "sub_piece07"
	{box 32.6771 1.19832 25.8059}
	{bone "sub_piece07"}
	{matrix34
		1 	 0 	 0
		0 	 -0.9999 	 -0.0154
		0 	 0.0154 	 -0.9999
		0.3657 	 0.29 	 0.145
	}
}
{volume "sub_piece08"
	{box 23.4981 1.19832 24.7736}
	{bone "sub_piece08"}
	{matrix34
		1 	 0 	 0
		0 	 0.1544 	 -0.988
		0 	 0.988 	 0.1544
		0.2914 	 -0.8337 	 0.2175
	}
}
{volume "sub_piece09"
	{box 24.3151 1.19832 25.8059}
	{bone "sub_piece09"}
	{matrix34
		1 	 0 	 0
		0 	 -0.9994 	 -0.0349
		0 	 0.0349 	 -0.9994
		0 	 -0.2844 	 0.2674
	}
}
