;Exported by	: KobaA
;Date			: 11.03.2024 10:34:17
;File			: d:\git\gem2-mdl-soldiers\models\building\ger_build_01\barn_ger_01_cut_x.max
{skeleton
	{bone "barn_ger01_piece14_point"
		{orientation
			1 	 0 	 0
			0 	 -1 	 0
			0 	 0 	 1
		}
		{bone "barn_ger01_piece14"
			{poly "barn_ger01_piece14"}
		}
		{bone "piece01"
			{matrix34
				0 	 -1 	 0
				0.866 	 0 	 0.5
				-0.5 	 0 	 0.866
				-7.3236 	 -30.0289 	 41.412
			}
			{poly "piece01"}
		}
		{bone "piece02"
			{matrix34
				0 	 -1 	 0
				0.866 	 0 	 0.5
				-0.5 	 0 	 0.866
				-15.3154 	 8.7672 	 44.1478
			}
			{poly "piece02"}
		}
		{bone "piece03"
			{matrix34
				0 	 -1 	 0
				0.866 	 0 	 0.5
				-0.5 	 0 	 0.866
				12.8889 	 4.5318 	 33.8488
			}
			{poly "piece03"}
		}
		{bone "piece04"
			{matrix34
				0 	 -1 	 0
				0.866 	 0 	 0.5
				-0.5 	 0 	 0.866
				-0.6046 	 38.9228 	 39.0862
			}
			{poly "piece04"}
		}
		{bone "sub_piece01"
			{matrix34
				0 	 -1 	 0
				0.866 	 0 	 0.5
				-0.5 	 0 	 0.866
				19.0237 	 -26.0036 	 31.1964
			}
			{poly "sub_piece01"}
		}
		{bone "sub_piece02"
			{matrix34
				0 	 -1 	 0
				0.866 	 0 	 0.5
				-0.5 	 0 	 0.866
				22.8241 	 29.2088 	 30.1656
			}
			{poly "sub_piece02"}
		}
	}
}
{"volumes"
	{"body01"
		{box 4.50742 4.61354 42.1483}
		{bone "barn_ger01_piece14"}
		{Position 14.5869 	 -39.924 	 -8.2932}
	}
	{"body02"
		{box 4.50742 4.61354 33.4877}
		{bone "barn_ger01_piece14"}
		{Position 14.5869 	 48.2276 	 -12.6235}
	}
	{"piece01"
		{box 38.9293 41.7692 1.35682}
		{bone "piece01"}
		{matrix34
			-1 	 -0.001 	 0
			0.0006 	 -0.6403 	 0.7681
			-0.0008 	 0.7681 	 0.6403
			0.1763 	 0.1077 	 -0.2493
		}
	}
	{"piece02"
		{box 37.9872 22.367 1.35682}
		{bone "piece02"}
		{matrix34
			-1 	 -0.001 	 0
			0.0006 	 -0.6403 	 0.7681
			-0.0008 	 0.7681 	 0.6403
			0.1043 	 -0.126 	 -0.0307
		}
	}
	{"piece03"
		{box 31.922 31.6092 1.35682}
		{bone "piece03"}
		{matrix34
			-1 	 -0.001 	 0
			0.0006 	 -0.6403 	 0.7681
			-0.0008 	 0.7681 	 0.6403
			-0.6293 	 -0.1198 	 -0.1349
		}
	}
	{"piece04"
		{box 35.4335 35.7184 1.35682}
		{bone "piece04"}
		{matrix34
			-1 	 -0.001 	 0
			0.0006 	 -0.6403 	 0.7681
			-0.0008 	 0.7681 	 0.6403
			-0.1207 	 -0.1409 	 0.0407
		}
	}
	{"sub_piece01"
		{box 27.2505 23.3908 1.35682}
		{bone "sub_piece01"}
		{matrix34
			-1 	 -0.001 	 0
			0.0006 	 -0.6403 	 0.7681
			-0.0008 	 0.7681 	 0.6403
			0.3969 	 0.3326 	 0.1461
		}
	}
	{"sub_piece02"
		{box 28.8243 15.3306 1.35682}
		{bone "sub_piece02"}
		{matrix34
			-1 	 -0.001 	 0
			0.0006 	 -0.6403 	 0.7681
			-0.0008 	 0.7681 	 0.6403
			-0.3079 	 0.0284 	 0.0039
		}
	}
}
