;Exported by	: KobaA
;Date			: 02.03.2023 10:33:59
;File			: D:\git\gem2-mdl-soldiers\models\building\greenhouse\greenhouse_cut.max
{skeleton
	{bone "greenhouse_piece06"
		{orientation
			1 	 0 	 0
			0 	 -1 	 0
			0 	 0 	 1
		}
		{poly "greenhouse_piece06"}
		{bone "window2"
			{matrix34
				1 	 0 	 0
				0 	 0 	 1
				0 	 -1 	 0
				15.5771 	 -26.078 	 -2.3799
			}
			{poly "window2"}
		}
		{bone "window1"
			{matrix34
				1 	 0 	 0
				0 	 0 	 1
				0 	 -1 	 0
				-22.9391 	 -26.078 	 -2.3799
			}
			{poly "window1"}
		}
		{bone "window3"
			{matrix34
				-1 	 0 	 0
				0 	 -0.8856 	 0.4645
				0 	 0.4645 	 0.8856
				-23.0514 	 7.4631 	 20.0388
			}
			{poly "window3"}
		}
		{bone "window4"
			{matrix34
				1 	 0 	 0
				0 	 0.8856 	 0.4645
				0 	 -0.4645 	 0.8856
				15.4783 	 -16.4896 	 20.0388
			}
			{poly "window4"}
		}
		{bone "window6"
			{matrix34
				-1 	 0 	 0
				0 	 -0.8856 	 0.4645
				0 	 0.4645 	 0.8856
				15.4513 	 -16.3916 	 33.0216
			}
			{poly "window6"}
		}
		{bone "window5"
			{matrix34
				1 	 0 	 0
				0 	 0.8856 	 0.4645
				0 	 -0.4645 	 0.8856
				-23.0387 	 8.2237 	 33.0216
			}
			{poly "window5"}
		}
		{bone "window8"
			{matrix34
				0 	 1 	 0
				0 	 0 	 1
				1 	 0 	 0
				34.7585 	 -8.7222 	 26.1657
			}
			{poly "window8"}
		}
		{bone "window7"
			{matrix34
				0 	 1 	 0
				0 	 0 	 1
				1 	 0 	 0
				34.7585 	 -8.7222 	 -2.38
			}
			{poly "window7"}
		}
		{bone "window9"
			{matrix34
				1 	 0 	 0
				0 	 0.8856 	 0.4645
				0 	 -0.4645 	 0.8856
				15.5576 	 57.2522 	 33.0216
			}
			{poly "window9"}
		}
		{bone "window10"
			{matrix34
				1 	 0 	 0
				0 	 0.8856 	 0.4645
				0 	 -0.4645 	 0.8856
				-22.9594 	 57.2522 	 33.0216
			}
			{poly "window10"}
		}
		{bone "window1_x"
			{matrix34
				1 	 0 	 0
				0 	 0 	 1
				0 	 -1 	 0
				-22.9391 	 -26.078 	 -2.3799
			}
			{poly "window1_x"}
		}
		{bone "window2_x"
			{matrix34
				1 	 0 	 0
				0 	 0 	 1
				0 	 -1 	 0
				15.5771 	 -26.078 	 -2.3799
			}
			{poly "window2_x"}
		}
		{bone "window3_x"
			{matrix34
				-1 	 0 	 0
				0 	 -0.8856 	 0.4645
				0 	 0.4645 	 0.8856
				-23.0514 	 7.4631 	 20.0388
			}
			{poly "window3_x"}
		}
		{bone "window4_x"
			{matrix34
				1 	 0 	 0
				0 	 0.8856 	 0.4645
				0 	 -0.4645 	 0.8856
				15.4783 	 -16.4896 	 20.0388
			}
			{poly "window4_x"}
		}
		{bone "window5_x"
			{matrix34
				1 	 0 	 0
				0 	 0.8856 	 0.4645
				0 	 -0.4645 	 0.8856
				-23.0387 	 8.2237 	 33.0216
			}
			{poly "window5_x"}
		}
		{bone "window6_x"
			{matrix34
				-1 	 0 	 0
				0 	 -0.8856 	 0.4645
				0 	 0.4645 	 0.8856
				15.4513 	 -16.3916 	 33.0216
			}
			{poly "window6_x"}
		}
		{bone "window7_x"
			{matrix34
				0 	 1 	 0
				0 	 0 	 1
				1 	 0 	 0
				34.7585 	 -8.7222 	 -2.38
			}
			{poly "window7_x"}
		}
		{bone "window8_x"
			{matrix34
				0 	 1 	 0
				0 	 0 	 1
				1 	 0 	 0
				34.7585 	 -8.7222 	 26.1657
			}
			{poly "window8_x"}
		}
		{bone "window9_x"
			{matrix34
				1 	 0 	 0
				0 	 0.8856 	 0.4645
				0 	 -0.4645 	 0.8856
				15.5576 	 57.2522 	 33.0216
			}
			{poly "window9_x"}
		}
		{bone "window10_x"
			{matrix34
				1 	 0 	 0
				0 	 0.8856 	 0.4645
				0 	 -0.4645 	 0.8856
				-22.9594 	 57.2522 	 33.0216
			}
			{poly "window10_x"}
		}
	}
}
{obstacle "obstacle01"
	{obb2
		{center 34.9139 9.9096}
		{extent 4.92126 20.6851}
		{axis -1 0}
	}
	{rotate}
}
{obstacle "obstacle02"
	{obb2
		{center 3.10289 26.1104}
		{extent 4.92126 36.6335}
		{axis 4.84466e-08 1}
	}
	{rotate}
}
{"volumes"
	{"body01"
		{box 5.51181 68.3434 14.7638}
		{bone "greenhouse_piece06"}
		{matrix34
			0 	 1 	 0
			-1 	 0 	 0
			0 	 0 	 1
			4.7759 	 -26.1104 	 -24.6655
		}
	}
	{"body02"
		{box 5.51181 40.748 14.7638}
		{bone "greenhouse_piece06"}
		{Position 34.7594 	 -9.8899 	 -24.6655}
	}
	{"body03"
		{box 72.5025 0.984252 30.6424}
		{bone "greenhouse_piece06"}
		{matrix34
			-1 	 0 	 0
			0 	 -1 	 0
			0 	 0 	 1
			-0.3052 	 -26.0364 	 -1.8696
		}
	}
	{"body04"
		{box 37.9464 0.984252 30.6424}
		{bone "greenhouse_piece06"}
		{matrix34
			0 	 -1 	 0
			1 	 0 	 0
			0 	 0 	 1
			34.8285 	 -8.314 	 -1.8696
		}
	}
	{"body05"
		{box 73.1942 0.984252 56.4506}
		{bone "greenhouse_piece06"}
		{matrix34
			-1 	 0 	 0
			0 	 -0.4772 	 0.8788
			0 	 0.8788 	 0.4772
			-1.0695 	 -4.1617 	 27.0367
		}
	}
	{"body06"
		{polyhedron}
		{bone "greenhouse_piece06"}
		{matrix34
			0 	 -1 	 0
			1 	 0 	 0
			0 	 0 	 1
			35.2431 	 0.3665 	 12.9114
		}
	}
	{"body07"
		{box 76.3034 0.984252 7.65033}
		{bone "greenhouse_piece06"}
		{matrix34
			1 	 0 	 0
			0 	 0.4772 	 0.8788
			0 	 -0.8788 	 0.4772
			-2.171 	 24.0665 	 38.5266
		}
	}
	{"body08"
		{box 3.0614 3.09081 65.5648}
		{bone "greenhouse_piece06"}
		{Position -3.65 	 20.3749 	 0.735}
	}
	{"hole01"
		{box 31.0585 11.811 29.1339}
		{bone "greenhouse_piece06"}
		{matrix34
			-1 	 0 	 0
			0 	 -1 	 0
			0 	 0 	 1
			-20.4278 	 -26.017 	 -1.0584
		}
	}
	{"hole02"
		{box 35.7858 11.811 29.1339}
		{bone "greenhouse_piece06"}
		{matrix34
			-1 	 0 	 0
			0 	 -1 	 0
			0 	 0 	 1
			15.7495 	 -26.017 	 -1.0584
		}
	}
	{"hole03"
		{box 32.2689 11.811 25.8238}
		{bone "greenhouse_piece06"}
		{matrix34
			-1 	 0 	 0
			0 	 -0.4772 	 0.8788
			0 	 0.8788 	 0.4772
			-20.9361 	 -16.1539 	 20.4934
		}
	}
	{"hole04"
		{box 36.8307 11.811 25.8238}
		{bone "greenhouse_piece06"}
		{matrix34
			-1 	 0 	 0
			0 	 -0.4772 	 0.8788
			0 	 0.8788 	 0.4772
			15.4357 	 -16.1539 	 20.4934
		}
	}
	{"hole05"
		{box 36.8307 11.811 26.3429}
		{bone "greenhouse_piece06"}
		{matrix34
			-1 	 0 	 0
			0 	 -0.4772 	 0.8788
			0 	 0.8788 	 0.4772
			15.4357 	 7.8509 	 33.527
		}
	}
	{"hole06"
		{box 32.2689 11.811 26.3386}
		{bone "greenhouse_piece06"}
		{matrix34
			-1 	 0 	 0
			0 	 -0.4772 	 0.8788
			0 	 0.8788 	 0.4772
			-20.9361 	 7.849 	 33.5259
		}
	}
	{"hole07"
		{box 33.0045 11.811 29.1339}
		{bone "greenhouse_piece06"}
		{matrix34
			0 	 -1 	 0
			1 	 0 	 0
			0 	 0 	 1
			34.6472 	 -8.2543 	 -1.0584
		}
	}
	{"hole08"
		{polyhedron}
		{bone "greenhouse_piece06"}
		{matrix34
			0 	 1 	 0
			-1 	 0 	 0
			0 	 0 	 1
			35.11 	 -8.2544 	 13.3906
		}
	}
	{"hole09"
		{box 36.6732 11.811 10.0234}
		{bone "greenhouse_piece06"}
		{matrix34
			1 	 0 	 0
			0 	 0.4772 	 0.8788
			0 	 -0.8788 	 0.4772
			15.4545 	 25.8376 	 37.4407
		}
	}
	{"hole10"
		{box 30.3188 11.811 6.66253}
		{bone "greenhouse_piece06"}
		{matrix34
			1 	 0 	 0
			0 	 0.4772 	 0.8788
			0 	 -0.8788 	 0.4772
			-19.8873 	 24.4338 	 38.2028
		}
	}
	{"window1"
		{box 31.0585 1.37795 29.1339}
		{bone "window1"}
		{matrix34
			-1 	 0 	 0
			0 	 0 	 1
			0 	 1 	 0
			2.5114 	 1.3215 	 -0.061
		}
	}
	{"window10"
		{box 30.3188 1.37795 6.66253}
		{bone "window10"}
		{matrix34
			1 	 0 	 0
			0 	 0.8308 	 0.5566
			0 	 -0.5566 	 0.8308
			3.0721 	 -26.6563 	 19.8325
		}
	}
	{"window2"
		{box 35.7858 1.37795 29.1339}
		{bone "window2"}
		{matrix34
			-1 	 0 	 0
			0 	 0 	 1
			0 	 1 	 0
			0.1724 	 1.3215 	 -0.061
		}
	}
	{"window3"
		{box 32.2689 1.37795 25.8238}
		{bone "window3"}
		{matrix34
			1 	 0 	 0
			0 	 0.8308 	 0.5566
			0 	 -0.5566 	 0.8308
			-2.1153 	 21.1258 	 -10.5676
		}
	}
	{"window4"
		{box 36.8307 1.37795 25.8238}
		{bone "window4"}
		{matrix34
			-1 	 0 	 0
			0 	 -0.0143 	 0.9999
			0 	 0.9999 	 0.0143
			-0.0426 	 0.5084 	 0.2467
		}
	}
	{"window5"
		{box 32.2689 1.37795 26.3386}
		{bone "window5"}
		{matrix34
			-1 	 0 	 0
			0 	 -0.0143 	 0.9999
			0 	 0.9999 	 0.0143
			2.1025 	 -0.0976 	 0.6207
		}
	}
	{"window6"
		{box 36.8307 1.37795 26.3429}
		{bone "window6"}
		{matrix34
			1 	 0 	 0
			0 	 0.8308 	 0.5566
			0 	 -0.5566 	 0.8308
			0.0156 	 -21.2337 	 11.7082
		}
	}
	{"window7"
		{box 33.0045 1.37795 29.1339}
		{bone "window7"}
		{matrix34
			-1 	 0 	 0
			0 	 0 	 1
			0 	 1 	 0
			0.4679 	 1.3215 	 -0.1113
		}
	}
	{"window8"
		{polyhedron}
		{bone "window8"}
		{matrix34
			1 	 0 	 0
			0 	 0 	 -1
			0 	 1 	 0
			0.4678 	 -12.775 	 0.3515
		}
	}
	{"window9"
		{box 36.6732 1.37795 10.0234}
		{bone "window9"}
		{matrix34
			1 	 0 	 0
			0 	 0.8308 	 0.5566
			0 	 -0.5566 	 0.8308
			-0.1031 	 -25.7673 	 18.5055
		}
	}
}
