;Exported by	: KobaA
;Date			: 24.04.2023 14:31:46
;File			: D:\git\gem2-mdl-soldiers\models\inventory\mine_detector\mine_detector.max
{skeleton
	{bone "mine_detector_back"
		{orientation
			1 	 0 	 0
			0 	 -1 	 0
			0 	 0 	 1
		}
		{poly "mine_detector_back"}
		{bone "handle"
			{matrix34
				-0.9962 	 -0.0868 	 0.0076
				0.0872 	 -0.9924 	 0.0868
				0 	 0.0872 	 0.9962
				9.1891 	 3.2884 	 -1.0177
			}
		}
	}
}
{"volumes"
	{"body"
		{box 4.71488 8.16205 1.96332}
		{bone "mine_detector_back"}
		{matrix34
			0.0872 	 -0.9924 	 0.0868
			0.9962 	 0.0868 	 -0.0076
			0 	 0.0872 	 0.9962
			5.8912 	 3.05 	 -0.4411
		}
	}
	{"select"
		{box 8.74316 12.6212 7.39327}
		{bone "mine_detector_back"}
		{matrix34
			0.0872 	 -0.9924 	 0.0868
			0.9962 	 0.0868 	 -0.0076
			0 	 0.0872 	 0.9962
			6.4144 	 3.0777 	 -0.1639
		}
	}
}
{"preview"
	{"stuff"
		{camera
			{origin 9.0976 	 -0.9051 	 7.6262}
			{lookat 7.2159 	 -1.6844 	 1.6174}
			{fov 53.6033}
			{horizon 150.792}
		}
		{global
			{direction -0.2448 	 -0.1466 	 -0.4106}
			{diffuse 0xffbcbcbc}
		}
		{local
			{type point}
			{position 10.0841 	 -7.0807 	 4.2965}
		}
		{local
			{type point}
			{position 5.4871 	 -19.279 	 -3.1542}
		}
		{local
			{type point}
			{position 7.4277 	 -2.9103 	 -6.6565}
		}
		{local
			{type point}
			{position 16.9774 	 -4.3678 	 0.4168}
			{diffuse 0xffaeaeae}
		}
	}
}
