;Exported by	: KobaA
;Date			: 28.04.2023 15:36:06
;File			: D:\git\gem2-mdl-soldiers\models\inventory\soldiers_flashlight\soldiers_flashlight.max
{skeleton
	{bone "soldiers_flashlight"
		{orientation
			1 	 0 	 0
			0 	 -1 	 0
			0 	 0 	 1
		}
		{poly "soldiers_flashlight"}
		{bone "handle"
			{matrix34
				0 	 1 	 0
				-0.9659 	 0 	 -0.2588
				-0.2588 	 0 	 0.9659
				-1.2292 	 -0.7067 	 0.025
			}
		}
		{bone "glass"
			{orientation
				0.9659 	 0 	 0.2588
				0 	 1 	 0
				-0.2588 	 0 	 0.9659
			}
			{poly "glass"}
		}
		{bone "lightbulb"
			{orientation
				0.9659 	 0 	 0.2588
				0 	 1 	 0
				-0.2588 	 0 	 0.9659
			}
			{poly "lightbulb"}
		}
		{bone "fx_light"
			{matrix34
				-0.2588 	 0 	 0.9659
				0 	 1 	 0
				-0.9659 	 0 	 -0.2588
				-0.7048 	 0.0256 	 0.5376
			}
		}
	}
}
{"volumes"
	{"body"
		{box 3.19857 1.74551 1.00995}
		{bone "soldiers_flashlight"}
		{matrix34
			0.9659 	 0 	 0.2588
			0 	 1 	 0
			-0.2588 	 0 	 0.9659
			-1.2222 	 0 	 -0.0011
		}
	}
	{"select"
		{box 8.45976 3.64325 3.15633}
		{bone "soldiers_flashlight"}
		{matrix34
			0.9659 	 0 	 0.2588
			0 	 1 	 0
			-0.2588 	 0 	 0.9659
			-1.2215 	 0 	 -0.0039
		}
	}
}
{"preview"
	{"stuff"
		{camera
			{origin -3.1837 	 0.8551 	 3.8209}
			{lookat -1.086 	 -0.1619 	 -0.423}
			{fov 53.6033}
			{horizon 112.908}
		}
		{global
			{direction 0.1022 	 -0.3176 	 -0.3724}
		}
		{local
			{type spot}
			{position -10.8653 	 32.5228 	 35.895}
			{direction 0.0915 	 -0.3536 	 -0.3415}
			{angle_end 42.5}
			{angle_falloff 45.5}
		}
		{local
			{type spot}
			{position -5.5926 	 -42.9829 	 14.9522}
			{direction 0.0443 	 0.4698 	 -0.1652}
			{angle_end 42.5}
			{angle_falloff 45.5}
			{diffuse 0xff6f6f4d}
		}
	}
}
