;Exported by	: Oleksandr Tsaprylov
;Date			: 12.03.2023 13:54:39
;File			: E:\projects\gem2-mdl-soldiers\models\entourage\ruins_stone_wall\ruins_stone_wall.max
{skeleton
	{bone "ruins_stone_wall_03_x"
		{orientation
			1 	 0 	 0
			0 	 -1 	 0
			0 	 0 	 1
		}
		{bone "piece06"
			{matrix34
				0.2113 	 0.6088 	 0.7646
				-0.8179 	 0.5385 	 -0.2027
				-0.5352 	 -0.5825 	 0.6118
				-4.1773 	 -24.1064 	 91.9298
			}
			{poly "piece06"}
		}
		{bone "sub_piece05"
			{matrix34
				0.6502 	 -0.4972 	 -0.5744
				0.465 	 0.8584 	 -0.2167
				0.6009 	 -0.1262 	 0.7893
				4.8318 	 -29.4972 	 23.1961
			}
			{poly "sub_piece05"}
		}
		{bone "piece02"
			{matrix34
				0.6909 	 -0.3526 	 -0.6311
				0.5607 	 0.8124 	 0.16
				0.4563 	 -0.4645 	 0.759
				6.4808 	 47.2076 	 32.1907
			}
			{poly "piece02"}
		}
		{bone "piece05"
			{matrix34
				0.8054 	 0.3249 	 0.4958
				-0.3053 	 0.9443 	 -0.1229
				-0.5081 	 -0.0524 	 0.8597
				-5.1362 	 42.9936 	 101.149
			}
			{poly "piece05"}
		}
		{bone "sub_piece06"
			{matrix34
				0.513 	 -0.8374 	 -0.1886
				0.6935 	 0.5338 	 -0.4839
				0.5059 	 0.1175 	 0.8546
				3.996 	 71.5536 	 10.1659
			}
			{poly "sub_piece06"}
		}
		{bone "piece14"
			{matrix34
				0.8808 	 0.2647 	 0.3926
				-0.2572 	 0.9636 	 -0.0725
				-0.3975 	 -0.0371 	 0.9168
				-3.0422 	 -70.7885 	 34.9416
			}
			{poly "piece14"}
		}
		{bone "piece07"
			{matrix34
				-0.5971 	 -0.4972 	 0.6294
				-0.4441 	 0.8584 	 0.2568
				-0.668 	 -0.1262 	 -0.7334
				-2.5191 	 -63.5288 	 69.2783
			}
			{poly "piece07"}
		}
		{bone "piece10"
			{Position -1.4356 	 22.3078 	 45.4759}
			{poly "piece10"}
		}
		{bone "piece15"
			{Position 1.3688 	 66.2757 	 87.8104}
			{poly "piece15"}
		}
		{bone "piece03"
			{Position 1.1177 	 72.0651 	 52.1551}
			{poly "piece03"}
		}
		{bone "piece11"
			{Position -0.1209 	 -12.5559 	 22.962}
			{poly "piece11"}
		}
		{bone "piece09"
			{matrix34
				-1 	 0 	 0
				0 	 -1 	 0
				0 	 0 	 1
				1.6952 	 -56.6788 	 51.9918
			}
			{poly "piece09"}
		}
		{bone "sub_piece02"
			{matrix34
				-1 	 0 	 0
				0 	 -1 	 0
				0 	 0 	 1
				1.3688 	 -48.8222 	 87.8104
			}
			{poly "sub_piece02"}
		}
		{bone "sub_piece03"
			{matrix34
				1 	 0 	 0
				0 	 0.0872 	 -0.9962
				0 	 0.9962 	 0.0872
				1.3688 	 6.6208 	 100.932
			}
			{poly "sub_piece03"}
		}
		{bone "piece04"
			{matrix34
				-0.2113 	 0.6088 	 -0.7646
				0.8179 	 0.5385 	 0.2027
				0.5352 	 -0.5825 	 -0.6118
				5.3989 	 43.3206 	 68.0974
			}
			{poly "piece04"}
		}
		{bone "piece08"
			{matrix34
				0.8054 	 0.171 	 -0.5676
				-0.3053 	 -0.7011 	 -0.6444
				-0.5081 	 0.6923 	 -0.5125
				-5.1362 	 -23.9825 	 56.4381
			}
			{poly "piece08"}
		}
		{bone "piece13"
			{matrix34
				0.6502 	 -0.4972 	 -0.5744
				0.465 	 0.8584 	 -0.2167
				0.6009 	 -0.1262 	 0.7893
				4.8318 	 5.5613 	 71.1662
			}
			{poly "piece13"}
		}
		{bone "piece01"
			{matrix34
				0.6502 	 -0.4972 	 -0.5744
				0.465 	 0.8584 	 -0.2167
				0.6009 	 -0.1262 	 0.7893
				4.8318 	 48.3768 	 11.5447
			}
			{poly "piece01"}
		}
		{bone "sub_piece07"
			{matrix34
				-0.9356 	 0.2647 	 -0.2337
				0.2659 	 0.9636 	 0.0268
				0.2323 	 -0.0371 	 -0.9719
				5.8496 	 -49.5225 	 8.4151
			}
			{poly "sub_piece07"}
		}
		{bone "sub_piece01"
			{matrix34
				0 	 0 	 1
				0 	 -1 	 0
				1 	 0 	 0
				-11.6448 	 -47.1696 	 65.1091
			}
			{poly "sub_piece01"}
		}
		{bone "piece12"
			{matrix34
				-1 	 0 	 0
				0 	 -1 	 0
				0 	 0 	 1
				-6.4545 	 -7.2534 	 67.5607
			}
			{poly "piece12"}
		}
		{bone "sub_piece04"
			{matrix34
				0.9962 	 -0.0872 	 0
				0.0872 	 0.9962 	 0
				0 	 0 	 1
				-11.1204 	 44.5899 	 67.5607
			}
			{poly "sub_piece04"}
		}
		{bone "body"
			{Position -0.1694 	 -7.5127 	 0}
			{poly "body"}
		}
	}
}
{"volumes"
	{"piece01"
		{box 5.73201 14.721 15.5768}
		{bone "piece01"}
		{matrix34
			0.6502 	 0.465 	 0.6009
			-0.4972 	 0.8584 	 -0.1262
			-0.5744 	 -0.2167 	 0.7893
			-2.5901 	 -2.518 	 -1.5171
		}
	}
	{"piece02"
		{box 5.73572 21.0299 15.5768}
		{bone "piece02"}
		{matrix34
			0.679 	 0.5377 	 0.4998
			-0.2873 	 0.8212 	 -0.493
			-0.6756 	 0.1912 	 0.7121
			-4.5157 	 -3.6116 	 -1.6509
		}
	}
	{"piece03"
		{box 8.77527 6.34455 19.4876}
		{bone "piece03"}
		{matrix34
			1 	 0 	 0
			0 	 0.1033 	 -0.9946
			0 	 0.9946 	 0.1033
			0 	 -1.5199 	 0.4034
		}
	}
	{"piece04"
		{box 6.58998 27.7595 26.0132}
		{bone "piece04"}
		{matrix34
			0.2772 	 -0.8324 	 -0.4798
			0.6088 	 0.5385 	 -0.5825
			0.7433 	 -0.1307 	 0.6561
			0.8977 	 -3.9371 	 -2.7011
		}
	}
	{"piece05"
		{box 6.3459 27.5492 11.9759}
		{bone "piece05"}
		{matrix34
			0.8175 	 -0.2753 	 -0.5058
			0.3617 	 0.9289 	 0.0791
			0.4481 	 -0.2476 	 0.859
			3.791 	 -2.2709 	 -2.1931
		}
	}
	{"piece06"
		{box 6.58998 27.7595 26.0132}
		{bone "piece06"}
		{matrix34
			0.2772 	 -0.8324 	 -0.4798
			0.6088 	 0.5385 	 -0.5825
			0.7433 	 -0.1307 	 0.6561
			0.8977 	 -3.9371 	 -2.7011
		}
	}
	{"piece07"
		{box 5.73201 14.721 15.5768}
		{bone "piece07"}
		{matrix34
			0.6502 	 0.465 	 0.6009
			-0.4972 	 0.8584 	 -0.1262
			-0.5744 	 -0.2167 	 0.7893
			-2.5901 	 -2.518 	 -1.5171
		}
	}
	{"piece08"
		{box 6.3459 27.5492 11.9759}
		{bone "piece08"}
		{matrix34
			0.8175 	 -0.2753 	 -0.5058
			0.3617 	 0.9289 	 0.0791
			0.4481 	 -0.2476 	 0.859
			3.791 	 -2.2709 	 -2.1932
		}
	}
	{"piece09"
		{box 8.77527 6.34455 19.4876}
		{bone "piece09"}
		{matrix34
			1 	 0 	 0
			0 	 0.1033 	 -0.9946
			0 	 0.9946 	 0.1033
			0 	 -1.5199 	 0.4034
		}
	}
	{"piece10"
		{box 10.5303 9.64372 19.4876}
		{bone "piece10"}
		{matrix34
			1 	 0 	 0
			0 	 0.8659 	 0.5002
			0 	 -0.5002 	 0.8659
			0 	 0.3587 	 -1.6124
		}
	}
	{"piece11"
		{box 8.39052 9.91337 15.3528}
		{bone "piece11"}
		{Position 0 	 0 	 1.0711}
	}
	{"piece12"
		{box 5.90435 44.2365 1.21283}
		{bone "piece12"}
		{Position 0 	 -1.3853 	 0.1031}
	}
	{"piece13"
		{box 5.73201 14.721 15.5768}
		{bone "piece13"}
		{matrix34
			0.6502 	 0.465 	 0.6009
			-0.4972 	 0.8584 	 -0.1262
			-0.5744 	 -0.2167 	 0.7893
			-2.5901 	 -2.518 	 -1.5171
		}
	}
	{"piece14"
		{box 5.8608 9.67377 10.1249}
		{bone "piece14"}
		{matrix34
			0.8808 	 -0.2572 	 -0.3975
			-0.4576 	 -0.2465 	 -0.8543
			0.1218 	 0.9344 	 -0.3349
			3.7591 	 -1.3673 	 -1.6187
		}
	}
	{"piece15"
		{box 9.23712 6.34455 14.6523}
		{bone "piece15"}
		{Position 0 	 0 	 0.0788}
	}
	{"sub_piece01"
		{box 11.6022 4.04402 4.02117}
		{bone "sub_piece01"}
		{matrix34
			0 	 0 	 1
			0 	 -1 	 0
			1 	 0 	 0
			-0.0375 	 0.0014 	 0.1072
		}
	}
	{"sub_piece02"
		{box 9.23712 6.34455 14.6523}
		{bone "sub_piece02"}
		{Position 0 	 0 	 0.0788}
	}
	{"sub_piece03"
		{box 9.23712 6.34455 14.6523}
		{bone "sub_piece03"}
		{Position 0 	 0 	 0.0788}
	}
	{"sub_piece04"
		{box 5.90435 34.9291 1.21283}
		{bone "sub_piece04"}
		{Position 0 	 1.2327 	 0.1031}
	}
	{"sub_piece05"
		{box 5.73201 14.721 15.5768}
		{bone "sub_piece05"}
		{matrix34
			0.6502 	 0.465 	 0.6009
			-0.4972 	 0.8584 	 -0.1262
			-0.5744 	 -0.2167 	 0.7893
			-2.5901 	 -2.518 	 -1.5172
		}
	}
	{"sub_piece06"
		{box 5.8608 9.67377 10.1249}
		{bone "sub_piece06"}
		{matrix34
			0.513 	 0.6935 	 0.5059
			-0.8374 	 0.5338 	 0.1175
			-0.1886 	 -0.4839 	 0.8546
			-1.3491 	 -1.7601 	 -1.6196
		}
	}
	{"sub_piece07"
		{box 5.8608 9.67377 10.1249}
		{bone "sub_piece07"}
		{matrix34
			0.8808 	 -0.2572 	 -0.3975
			-0.4576 	 -0.2465 	 -0.8543
			0.1218 	 0.9344 	 -0.3349
			3.7591 	 -1.3673 	 -1.6187
		}
	}
}
