;Exported by:	 evhen
;Date:			 06.03.2020 18:30:31
;File:			 D:\gem2-mdl-soldiers\models\entourage\beam_wood\new_wood_02.max
{skeleton
	{bone "beam_medium_02_x"
		{orientation
			1 	 0 	 0
			0 	 -1 	 0
			0 	 0 	 1
		}
		{bone "piece02"
			{Position 16.1534 	 0.8846 	 10.9867}
			{poly "piece02"}
		}
		{bone "piece03"
			{matrix34
				1 	 0 	 0
				0 	 0.9962 	 0.0872
				0 	 -0.0872 	 0.9962
				14.9254 	 5.6355 	 19.7413
			}
			{poly "piece03"}
		}
		{bone "piece04"
			{matrix34
				1 	 0 	 0
				0 	 0.9397 	 0.342
				0 	 -0.342 	 0.9397
				2.8185 	 -7.8344 	 8.3263
			}
			{poly "piece04"}
		}
		{bone "piece05"
			{matrix34
				0.974 	 0.0301 	 -0.2247
				0.0061 	 0.9873 	 0.1586
				0.2267 	 -0.1559 	 0.9614
				27.9864 	 -35.3009 	 16.5784
			}
			{poly "piece05"}
		}
		{bone "piece06"
			{matrix34
				0.8854 	 -0.1606 	 0.4361
				0.0002 	 0.9385 	 0.3453
				-0.4648 	 -0.3056 	 0.831
				12.0596 	 -18.8264 	 25.8651
			}
			{poly "piece06"}
		}
		{bone "piece07"
			{matrix34
				1 	 0 	 0
				0 	 0.9397 	 0.342
				0 	 -0.342 	 0.9397
				2.2083 	 50.23 	 18.5305
			}
			{poly "piece07"}
		}
		{bone "piece08"
			{matrix34
				0.9329 	 -0.3403 	 -0.1176
				0.3386 	 0.9403 	 -0.0347
				0.1224 	 -0.0075 	 0.9925
				-0.4619 	 17.8139 	 25.9502
			}
			{poly "piece08"}
		}
		{bone "piece09"
			{Position -5.5251 	 1.7102 	 19.5567}
			{poly "piece09"}
		}
		{bone "piece10"
			{matrix34
				0.983 	 0.0942 	 -0.1575
				-0.0719 	 0.9872 	 0.1422
				0.1689 	 -0.1285 	 0.9772
				-9.2541 	 -6.5046 	 9.8066
			}
			{poly "piece10"}
		}
		{bone "piece11"
			{matrix34
				0.9927 	 0.0564 	 -0.1068
				-0.0254 	 0.9621 	 0.2716
				0.1181 	 -0.2669 	 0.9565
				-0.6168 	 11.0961 	 3.3789
			}
			{poly "piece11"}
		}
		{bone "piece12"
			{matrix34
				0.9925 	 0.1215 	 0.0146
				-0.1193 	 0.9341 	 0.3366
				0.0273 	 -0.3358 	 0.9415
				-15.7751 	 -2.4755 	 11.0736
			}
			{poly "piece12"}
		}
		{bone "piece01"
			{matrix34
				0.8914 	 -0.3216 	 0.3193
				0.3636 	 0.928 	 -0.0806
				-0.2704 	 0.1879 	 0.9442
				-22.678 	 29.4106 	 18.9809
			}
			{poly "piece01"}
		}
		{bone "fx_wood3"
			{Position 0 	 0 	 16.85}
		}
		{bone "fx_dust2"
		}
	}
}
{volume "piece01"
	{polyhedron}
	{bone "piece01"}
	{matrix34
		0.8026 	 0.3166 	 -0.5056
		-0.271 	 0.9486 	 0.1637
		0.5314 	 0.0056 	 0.8471
		1.2306 	 4.0094 	 -0.0578
	}
}
{volume "piece02"
	{polyhedron}
	{bone "piece02"}
	{matrix34
		0.9841 	 0.177 	 -0.0155
		-0.0015 	 0.0956 	 0.9954
		0.1776 	 -0.9796 	 0.0943
		-0.0428 	 0.2602 	 0.1188
	}
}
{volume "piece03"
	{polyhedron}
	{bone "piece03"}
	{matrix34
		0.9903 	 -0.1326 	 -0.0415
		0.0752 	 0.2605 	 0.9625
		-0.1168 	 -0.9563 	 0.268
		-1.1036 	 -2.7965 	 0.29
	}
}
{volume "piece04"
	{polyhedron}
	{bone "piece04"}
	{matrix34
		0.9943 	 0.1041 	 -0.0241
		-0.0009 	 0.2335 	 0.9723
		0.1069 	 -0.9668 	 0.2323
		3.0658 	 7.2918 	 -2.7931
	}
}
{volume "piece05"
	{polyhedron}
	{bone "piece05"}
	{matrix34
		0.9686 	 0.2153 	 -0.1245
		-0.2381 	 0.9474 	 -0.2138
		0.0719 	 0.2368 	 0.9689
		-1.4653 	 2.2811 	 -0.5683
	}
}
{volume "piece06"
	{polyhedron}
	{bone "piece06"}
	{matrix34
		0.4427 	 -0.5093 	 -0.738
		-0.0554 	 0.8059 	 -0.5894
		0.895 	 0.3018 	 0.3286
		-0.9238 	 -2.0791 	 1.4027
	}
}
{volume "piece07"
	{polyhedron}
	{bone "piece07"}
	{matrix34
		0.9797 	 0.2004 	 -0.006
		-0.1962 	 0.9642 	 0.1783
		0.0415 	 -0.1735 	 0.984
		1.9675 	 2.942 	 -0.2384
	}
}
{volume "piece08"
	{polyhedron}
	{bone "piece08"}
	{matrix34
		0.8344 	 -0.4666 	 0.2933
		-0.198 	 0.2428 	 0.9496
		-0.5143 	 -0.8505 	 0.1102
		0.5695 	 7.4666 	 0.375
	}
}
{volume "piece09"
	{polyhedron}
	{bone "piece09"}
	{matrix34
		0.9586 	 0.0914 	 -0.2698
		0.2518 	 0.1712 	 0.9525
		0.1333 	 -0.981 	 0.1411
		0.0999 	 -0.2675 	 0.066
	}
}
{volume "piece10"
	{polyhedron}
	{bone "piece10"}
	{matrix34
		0.9131 	 -0.0271 	 0.4069
		-0.4077 	 -0.041 	 0.9122
		-0.008 	 -0.9988 	 -0.0485
		4.0784 	 6.6223 	 -0.3271
	}
}
{volume "piece11"
	{polyhedron}
	{bone "piece11"}
	{matrix34
		0.9654 	 0.2608 	 -0.0038
		-0.0006 	 0.0169 	 0.9999
		0.2608 	 -0.9652 	 0.0165
		-1.393 	 -9.2508 	 2.4747
	}
}
{volume "piece12"
	{polyhedron}
	{bone "piece12"}
	{matrix34
		0.9585 	 -0.2802 	 0.0528
		0.097 	 0.4946 	 0.8637
		-0.2681 	 -0.8227 	 0.5013
		1.4734 	 4.2777 	 -1.5569
	}
}
