;Exported by: sergienko
;Date:        Wed Jul 26 12:57:44 2006
;File:        D:\-projets1_5\3dwork\anima\gun\crow_bar.max
{Skeleton
	{bone "crow_bar"
		{Orientation
			1	0	0
			0	-1	0
			0	0	1
		}
		{VolumeView "crow_bar.ply"}
		{bone "handle"
			{Matrix34
				0.288059	0.957613	0
				0.957613	-0.288059	0
				0	0	-1
				-3.74475	-0.16784	0
			}
		}
	}
}
{Volume "body"
	{Cylinder 0.921433 10.4909}
	{Bone "crow_bar"}
	{Matrix34
		0.12285	0.992425	0
		0	0	-1
		-0.992425	0.12285	0
		1.09352	0.0240865	-0.0290956
	}
}
{Volume "select"
	{Cylinder 2.15103 15.7364}
	{Bone "crow_bar"}
	{Matrix34
		0.12285	0.992425	0
		0	0	-1
		-0.992425	0.12285	0
		0.627094	0.0818234	-0.0290955
	}
}
{Extender "preview"
	{"stuff"
		{camera
			{origin -2.90376	-7.82971	-14.5123}
			{lookat -0.989035	-2.15891	-3.83214}
			{fov 45}
			{horizon 174}
		}
		{lights
			{"0"
				{type directional}
				{direction 0	0	0.5}
				{ambient 0xb9b9b9}
			}
		}
	}
	{"stuff_primary"
		{camera
			{origin -3.07947	-8.35012	-15.4924}
			{lookat -0.989035	-2.15891	-3.83214}
			{fov 45}
			{horizon 180}
		}
		{lights
			{"0"
				{type directional}
				{direction 0	0	0.5}
				{ambient 0xb9b9b9}
			}
		}
	}
	{"stuff_secondary"
		{camera
			{origin -2.85779	-7.69356	-14.2558}
			{lookat -0.989035	-2.15891	-3.83214}
			{fov 45}
			{horizon -170}
		}
		{lights
			{"0"
				{type directional}
				{direction 0	0	0.5}
				{ambient 0xb9b9b9}
			}
		}
	}
}
