;Exported by:	 vic
;Date:			 29.11.2016 10:39:37
;File:			 D:\-Project_vtv_online-\-3DWork-\building\house_vtv_221\house_001_g2_x2.max
{skeleton
	{bone "house_001_g2_piece_021_x"
		{parameters "lastpose=undefined;"}
		{orientation
			1 	 0 	 0
			0 	 -1 	 0
			0 	 0 	 1
		}
		{bone "sub_piece05"
			{parameters "lastpose=undefined;"}
			{matrix34
				-0.9848 	 0 	 0.1736
				-0.1736 	 0 	 -0.9848
				0 	 -1 	 0
				-11.3458 	 -15.2172 	 -7.6868
			}
			{poly "sub_piece05"}
		}
		{bone "sub_piece04"
			{parameters "lastpose=undefined;"}
			{matrix34
				0.1305 	 0 	 0.9914
				-0.9914 	 0 	 0.1305
				0 	 -1 	 0
				-25.3278 	 -15.2172 	 -12.4452
			}
			{poly "sub_piece04"}
		}
		{bone "sub_piece03"
			{parameters "lastpose=undefined;"}
			{matrix34
				0.9397 	 0 	 0.342
				-0.342 	 0 	 0.9397
				0 	 -1 	 0
				-0.451 	 -15.2172 	 -22.4797
			}
			{poly "sub_piece03"}
		}
		{bone "sub_piece02"
			{parameters "lastpose=undefined;"}
			{matrix34
				1 	 0 	 0
				0 	 0 	 1
				0 	 -1 	 0
				24.7683 	 -15.2172 	 -10.9117
			}
			{poly "sub_piece02"}
		}
		{bone "sub_piece01"
			{parameters "lastpose=undefined;"}
			{matrix34
				1 	 0 	 0
				0 	 0 	 1
				0 	 -1 	 0
				16.681 	 -15.2172 	 -5.3174
			}
			{poly "sub_piece01"}
		}
		{bone "sub_piece00"
			{parameters "lastpose=undefined;"}
			{matrix34
				1 	 0 	 0
				0 	 0 	 1
				0 	 -1 	 0
				0.3494 	 -15.2172 	 13.9169
			}
			{poly "sub_piece00"}
		}
		{bone "piece00"
			{parameters "lastpose=undefined;"}
			{matrix34
				-0.766 	 0 	 -0.6428
				0.6428 	 0 	 -0.766
				0 	 -1 	 0
				-14.5379 	 -15.2172 	 -21.5369
			}
			{poly "piece00"}
		}
		{bone "piece01"
			{parameters "lastpose=undefined;"}
			{matrix34
				1 	 0 	 0
				0 	 0 	 1
				0 	 -1 	 0
				-19.0883 	 -15.2172 	 -4.7515
			}
			{poly "piece01"}
		}
		{bone "piece02"
			{parameters "lastpose=undefined;"}
			{matrix34
				-0.8434 	 0 	 -0.5373
				0.5373 	 0 	 -0.8434
				0 	 -1 	 0
				13.8603 	 -15.2172 	 -18.7006
			}
			{poly "piece02"}
		}
		{bone "piece03"
			{parameters "lastpose=undefined;"}
			{matrix34
				1 	 0 	 0
				0 	 0 	 1
				0 	 -1 	 0
				6.1063 	 -15.2172 	 2.8745
			}
			{poly "piece03"}
		}
		{bone "piece04"
			{parameters "lastpose=undefined;"}
			{matrix34
				-0.7071 	 0 	 -0.7071
				0 	 -1 	 0
				-0.7071 	 0 	 0.7071
				12.7826 	 -11.3172 	 7.4946
			}
			{poly "piece04"}
		}
		{bone "piece05"
			{parameters "lastpose=undefined;"}
			{matrix34
				-0.7071 	 0 	 -0.7071
				0 	 -1 	 0
				-0.7071 	 0 	 0.7071
				27.0191 	 0.0228 	 -6.7571
			}
			{poly "piece05"}
		}
		{bone "piece06"
			{parameters "lastpose=undefined;"}
			{matrix34
				0.7071 	 0 	 -0.7071
				0 	 1 	 0
				0.7071 	 0 	 0.7071
				-12.8133 	 0.0188 	 7.4946
			}
			{poly "piece06"}
		}
		{bone "piece07"
			{parameters "lastpose=undefined;"}
			{matrix34
				0.7071 	 0 	 -0.7071
				0 	 1 	 0
				0.7071 	 0 	 0.7071
				-27.0499 	 -11.3212 	 -6.7571
			}
			{poly "piece07"}
		}
		{bone "piece08"
			{parameters "lastpose=undefined;"}
			{matrix34
				-0.7373 	 0 	 -0.6756
				0.6756 	 0 	 -0.7373
				0 	 -1 	 0
				-8.9138 	 -15.2172 	 4.7892
			}
			{poly "piece08"}
		}
	}
}
{volume "piece00_volume021"
	{box 5.90551 6.81481 9.49004}
	{bone "piece00"}
	{matrix34
		0 	 0 	 -1
		-0.9962 	 -0.0872 	 0
		-0.0872 	 0.9962 	 0
		-0.5864 	 -0.6934 	 0.0078
	}
}
{volume "piece01_volume024"
	{box 5.90551 5.47672 7.78311}
	{bone "piece01"}
	{matrix34
		0 	 0 	 -1
		-0.766 	 0.6428 	 0
		0.6428 	 0.766 	 0
		-0.016 	 -0.0395 	 0.0078
	}
}
{volume "piece02_volume016"
	{box 5.90551 10.664 8.12962}
	{bone "piece02"}
	{matrix34
		0 	 0 	 -1
		-0.9239 	 -0.3827 	 0
		-0.3827 	 0.9239 	 0
		0.1279 	 0.0375 	 0.0079
	}
}
{volume "piece03_volume008"
	{box 5.90551 11.2134 8.49687}
	{bone "piece03"}
	{matrix34
		0 	 0 	 -1
		-0.9914 	 0.1305 	 0
		0.1305 	 0.9914 	 0
		0.1109 	 -0.2239 	 0.0079
	}
}
{volume "piece04_volume011"
	{box 26.3467 1.9685 1.9685}
	{bone "piece04"}
	{matrix34
		0 	 0 	 1
		0 	 1 	 0
		-1 	 0 	 0
		0.0159 	 0.004 	 -0.6953
	}
}
{volume "piece05_volume012"
	{box 26.3467 1.9685 1.9685}
	{bone "piece05"}
	{matrix34
		0 	 0 	 1
		0 	 1 	 0
		-1 	 0 	 0
		0.0159 	 0.004 	 -0.6953
	}
}
{volume "piece06_volume012"
	{box 26.3467 1.9685 1.9685}
	{bone "piece06"}
	{matrix34
		0 	 0 	 1
		0 	 1 	 0
		-1 	 0 	 0
		0.0159 	 0.004 	 -0.6953
	}
}
{volume "piece07_volume013"
	{box 26.3467 1.9685 1.9685}
	{bone "piece07"}
	{matrix34
		0 	 0 	 1
		0 	 1 	 0
		-1 	 0 	 0
		0.0159 	 0.004 	 -0.6953
	}
}
{volume "piece08_volume018"
	{box 5.90551 9.44403 7.21503}
	{bone "piece08"}
	{matrix34
		0 	 0 	 -1
		-0.9962 	 0.0872 	 0
		0.0872 	 0.9962 	 0
		-0.0047 	 0.1602 	 0.0078
	}
}
{volume "sub_piece00_volume025"
	{box 5.90551 6.24346 4.5142}
	{bone "sub_piece00"}
	{matrix34
		0 	 0 	 -1
		-0.766 	 0.6428 	 0
		0.6428 	 0.766 	 0
		-1.0853 	 -0.2134 	 0.0078
	}
}
{volume "sub_piece01_volume010"
	{box 5.90551 5.15816 8.49687}
	{bone "sub_piece01"}
	{matrix34
		0 	 0 	 -1
		-0.9763 	 0.2164 	 0
		0.2164 	 0.9763 	 0
		-0.0201 	 0.1824 	 0.0079
	}
}
{volume "sub_piece02_volume007"
	{box 5.90551 3.83767 7.89189}
	{bone "sub_piece02"}
	{matrix34
		0 	 0 	 -1
		-0.999 	 -0.0436 	 0
		-0.0436 	 0.999 	 0
		0.3341 	 -0.0514 	 0.0079
	}
}
{volume "sub_piece03_volume019"
	{box 5.90551 7.7441 5.26698}
	{bone "sub_piece03"}
	{matrix34
		0 	 0 	 -1
		-0.9239 	 0.3827 	 0
		0.3827 	 0.9239 	 0
		-0.3346 	 0.1909 	 0.0078
	}
}
{volume "sub_piece04_volume022"
	{box 5.90551 5.2474 8.44613}
	{bone "sub_piece04"}
	{matrix34
		0 	 0 	 -1
		-0.887 	 0.4617 	 0
		0.4617 	 0.887 	 0
		0.1895 	 -0.0721 	 0.0078
	}
}
{volume "sub_piece05_volume023"
	{box 5.90551 3.72566 8.19275}
	{bone "sub_piece05"}
	{matrix34
		0 	 0 	 -1
		-1 	 0 	 0
		0 	 1 	 0
		-0.0099 	 0.0559 	 0.0078
	}
}
