;Exported by:	 joomb
;Date:			 10.08.2022 15:24:18
;File:			 D:\git\gem2-mdl-soldiers\models\fence\sandbag_woodbeam\meshki4_wood1_002_g2.max
{skeleton
	{animation
		{sequence "crush1" {speed 0.5}}
	}
	{bone "sw31_x"
		{orientation
			1 	 0 	 0
			0 	 -1 	 0
			0 	 0 	 1
		}
		{bone "land"
			{parameters "land;ground;"}
			{matrix34
				0.0872 	 0.9962 	 0
				-0.9962 	 0.0872 	 0
				0 	 0 	 1
				1.9619 	 1.8944 	 0.1457
			}
			{poly "land" {ground}}
		}
		{bone "x2"
			{bone "piece01"
				{matrix34
					0.3407 	 -0.9361 	 0.0872
					0.9397 	 0.342 	 0
					-0.0298 	 0.0819 	 0.9962
					-16.782 	 2.1947 	 9.7944
				}
				{poly "piece01"}
			}
			{bone "piece02"
				{matrix34
					-0.4981 	 -0.8627 	 0.0872
					0.866 	 -0.5 	 0
					0.0436 	 0.0755 	 0.9962
					14.443 	 -2.8635 	 9.8706
				}
				{poly "piece02"}
			}
			{bone "piece03"
				{matrix34
					-0.9848 	 0.1736 	 0
					-0.1736 	 -0.9848 	 0
					0 	 0 	 1
					-11.2717 	 -2.7808 	 11.5852
				}
				{poly "piece03"}
			}
			{bone "piece04"
				{matrix34
					0.3407 	 -0.9361 	 0.0872
					0.9397 	 0.342 	 0
					-0.0298 	 0.0819 	 0.9962
					-8.6473 	 4.9998 	 10.1665
				}
				{poly "piece04"}
			}
		}
		{bone "x1"
			{bone "sand"
				{Position -0.0269 	 -39.046 	 0}
				{poly "sand"}
			}
			{bone "sand00"
				{matrix34
					0.5681 	 -0.6965 	 -0.4382
					0.7951 	 0.6019 	 0.0743
					0.212 	 -0.3906 	 0.8958
					17.4557 	 -5.5807 	 9.7739
				}
				{poly "sand00"}
			}
			{bone "sand01"
				{matrix34
					0.5262 	 -0.6269 	 -0.5746
					0.8477 	 0.44 	 0.2962
					0.0672 	 -0.6429 	 0.763
					21.8196 	 -6.1442 	 4.1763
				}
				{poly "sand01"}
			}
			{bone "sand02"
				{Position 1.4909 	 3.7106 	 10.7449}
				{poly "sand02"}
			}
			{bone "sand03"
				{Position -19.8329 	 0.1391 	 9.0226}
				{poly "sand03"}
			}
			{bone "sand04"
				{matrix34
					0.6525 	 0.7578 	 0.0084
					-0.7577 	 0.6521 	 0.0268
					0.0148 	 -0.0239 	 0.9996
					-21.6209 	 0.5201 	 5.783
				}
				{poly "sand04"}
			}
			{bone "sand05"
				{matrix34
					-0.3574 	 -0.9012 	 0.245
					0.9333 	 -0.3545 	 0.0573
					0.0353 	 0.2492 	 0.9678
					9.5578 	 1.7998 	 12.6106
				}
				{poly "sand05"}
			}
			{bone "sand06"
				{matrix34
					-0.9695 	 -0.222 	 0.1037
					0.2449 	 -0.8873 	 0.3907
					0.0053 	 0.4042 	 0.9147
					-10.5531 	 5.9753 	 12.5664
				}
				{poly "sand06"}
			}
			{bone "sand07"
				{matrix34
					-0.0777 	 -0.9776 	 0.1958
					0.9951 	 -0.0639 	 0.0756
					-0.0614 	 0.2007 	 0.9777
					1.6454 	 5.7275 	 6.2494
				}
				{poly "sand07"}
			}
		}
	}
}
{volume "piece01"
	{box 13.505 9.93109 4.41866}
	{bone "piece01"}
	{matrix34
		-0.0868 	 -0.9962 	 0.0076
		0.9924 	 -0.0872 	 -0.0868
		0.0872 	 0 	 0.9962
		-0.1136 	 0.7447 	 -0.0383
	}
}
{volume "piece02"
	{box 13.505 9.93109 4.41866}
	{bone "piece02"}
	{matrix34
		-0.0868 	 -0.9962 	 0.0076
		0.9924 	 -0.0872 	 -0.0868
		0.0872 	 0 	 0.9962
		-0.2248 	 0.0535 	 0.0381
	}
}
{volume "piece03"
	{box 2.97934 1.6365 14.1845}
	{bone "piece03"}
	{matrix34
		0.866 	 0.5 	 0
		-0.5 	 0.866 	 0
		0 	 0 	 1
		-0.0689 	 0.0835 	 -4.4929
	}
}
{volume "piece04"
	{box 13.505 9.93109 4.41866}
	{bone "piece04"}
	{matrix34
		-0.0868 	 -0.9962 	 0.0076
		0.9924 	 -0.0872 	 -0.0868
		0.0872 	 0 	 0.9962
		-0.1766 	 0.0484 	 -0.2423
	}
}
