;Exported by:	 tolokolnikova
;Date:			 10.05.2016 17:03:24
;File:			 D:\gem2\gem2-mdl-soldiers\models\entourage\barricade_cobl_g2\barricade_new.max
{skeleton
	{bone "b1_c2_x"
		{orientation
			1 	 0 	 0
			0 	 -1 	 0
			0 	 0 	 1
		}
		{bone "piece01"
			{matrix34
				-0.9962 	 0.0872 	 0
				-0.0872 	 -0.9962 	 0
				0 	 0 	 1
				7.6638 	 18.9451 	 8.9322
			}
			{poly "piece01"}
		}
		{bone "piece04"
			{matrix34
				-0.5084 	 -0.0757 	 0.8578
				-0.7486 	 -0.4535 	 -0.4837
				0.4256 	 -0.888 	 0.1739
				15.6518 	 11.2979 	 10.5575
			}
			{poly "piece04"}
		}
		{bone "piece05"
			{matrix34
				0.2449 	 -0.9665 	 -0.0762
				-0.7364 	 -0.1343 	 -0.6631
				0.6307 	 0.2185 	 -0.7446
				14.4158 	 10.3361 	 11.5141
			}
			{poly "piece05"}
		}
		{bone "piece02"
			{Position 9.9645 	 -2.4382 	 8.5864}
			{poly "piece02"}
		}
		{bone "piece03"
			{Position 7.3886 	 8.3379 	 8.7161}
			{poly "piece03"}
		}
	}
}
{volume "piece01"
	{cylinder 5.88196 14.9821}
	{bone "piece01"}
	{matrix34
		-0.8443 	 -0.4583 	 0.2775
		0.4452 	 -0.8883 	 -0.1126
		0.2981 	 0.0285 	 0.9541
		-0.3052 	 0.2154 	 1.195
	}
}
{volume "piece02"
	{cylinder 4.8232 14.9821}
	{bone "piece02"}
	{matrix34
		0.9159 	 0.383 	 0.1203
		-0.3801 	 0.9237 	 -0.0473
		-0.1292 	 -0.0024 	 0.9916
		-0.5366 	 0.4071 	 1.0701
	}
}
{volume "piece03"
	{cylinder 4.8232 14.9821}
	{bone "piece03"}
	{matrix34
		0.9159 	 0.383 	 0.1203
		-0.3801 	 0.9237 	 -0.0473
		-0.1292 	 -0.0024 	 0.9916
		0.8799 	 0.0939 	 0.5903
	}
}
{volume "piece04"
	{box 0.776825 14.1047 3.20256}
	{bone "piece04"}
	{matrix34
		-0.0422 	 -0.979 	 0.1992
		0.9989 	 -0.0377 	 0.0266
		-0.0186 	 0.2001 	 0.9796
		0.4828 	 -0.1414 	 0.3382
	}
}
{volume "piece05"
	{box 1.47126 13.0599 4.85236}
	{bone "piece05"}
	{matrix34
		-0.0566 	 -0.9939 	 0.095
		-0.9977 	 0.0599 	 0.033
		-0.0385 	 -0.0929 	 -0.9949
		-0.0302 	 0.4429 	 -0.0442
	}
}
