;Exported by	: Inna
;Date			: 06.11.2023 12:07:10
;File			: F:\GIT\gem2-mdl-soldiers\models\entourage\d\table_1.max
{skeleton
	{bone "chair02"
		{orientation
			1 	 0 	 0
			0 	 -1 	 0
			0 	 0 	 1
		}
		{bone "body"
			{matrix34
				0 	 1 	 0
				-1 	 0 	 0
				0 	 0 	 1
				-1.3827 	 0.0137 	 8.0436
			}
			{poly "body"}
		}
	}
}
{obstacle "obstacle01"
	{obb2
		{center 0.382664 -0.0884018}
		{extent 5.63345 7.29465}
		{axis 4.23219e-08 1}
	}
	{rotate}
}
{"volumes"
	{"body01"
		{box 8.72619 9.22551 2.52856}
		{bone "body"}
		{Position 0.0708 	 -1.5637 	 0.4567}
	}
	{"body02"
		{box 0.630622 0.641949 8.21599}
		{bone "body"}
		{Position 3.8716 	 -4.2355 	 -4.7618}
	}
	{"body03"
		{box 0.813502 0.995021 8.21599}
		{bone "body"}
		{matrix34
			0.9961 	 0 	 -0.0887
			0.0149 	 0.9858 	 0.1672
			0.0875 	 -0.1679 	 0.9819
			-3.3325 	 3.3042 	 -4.7736
		}
	}
	{"body04"
		{box 0.813502 0.995021 8.21599}
		{bone "body"}
		{matrix34
			0.9946 	 0 	 0.1041
			-0.0175 	 0.9858 	 0.167
			-0.1026 	 -0.1679 	 0.9804
			3.3715 	 3.3042 	 -4.7797
		}
	}
	{"body05"
		{box 0.630622 0.641949 8.21599}
		{bone "body"}
		{Position -3.8628 	 -4.2355 	 -4.7618}
	}
	{"body06"
		{box 7.5816 2.78958 1.16242}
		{bone "body"}
		{matrix34
			1 	 0 	 0
			0 	 0.1717 	 0.9852
			0 	 -0.9852 	 0.1717
			-0.064 	 3.7255 	 8.46
		}
	}
	{"body07"
		{box 0.630622 0.641949 8.21599}
		{bone "body"}
		{matrix34
			1 	 0 	 0
			0 	 -0.9959 	 0.091
			0 	 -0.091 	 -0.9959
			3.8716 	 1.5607 	 5.2448
		}
	}
	{"body08"
		{box 0.813502 0.995021 8.21599}
		{bone "body"}
		{matrix34
			0.9961 	 0.0081 	 0.0884
			0.0149 	 -0.9969 	 -0.0769
			0.0875 	 0.0779 	 -0.9931
			-3.3325 	 -5.9467 	 5.9424
		}
	}
	{"body09"
		{box 0.813502 0.995021 8.21599}
		{bone "body"}
		{matrix34
			0.9946 	 -0.0095 	 -0.1037
			-0.0175 	 -0.9969 	 -0.0766
			-0.1026 	 0.078 	 -0.9917
			3.3715 	 -5.9461 	 5.9484
		}
	}
	{"body10"
		{box 0.630622 0.641949 8.21599}
		{bone "body"}
		{matrix34
			1 	 0 	 0
			0 	 -0.9959 	 0.091
			0 	 -0.091 	 -0.9959
			-3.8628 	 1.5607 	 5.2448
		}
	}
	{"body11"
		{box 7.5816 2.78958 1.16242}
		{bone "body"}
		{matrix34
			1 	 0 	 0
			0 	 -0.2606 	 -0.9655
			0 	 0.9655 	 -0.2606
			-0.064 	 -7.5699 	 -7.1981
		}
	}
}
