;Exported by	: KobaA
;Date			: 08.11.2023 11:03:50
;File			: D:\git\gem2-mdl-soldiers\models\fence\picket_fence\picket_fence.max
{skeleton
	{bone "picket_fence4_basis_x"
		{orientation
			1 	 0 	 0
			0 	 -1 	 0
			0 	 0 	 1
		}
		{bone "piece01"
			{matrix34
				0.9204 	 0.0049 	 0.3909
				-0.0317 	 0.9976 	 0.0622
				-0.3896 	 -0.0696 	 0.9183
				-3.2164 	 26.5399 	 7.2962
			}
			{poly "piece01"}
		}
		{bone "piece02"
			{matrix34
				0.2756 	 0 	 -0.9613
				0.0503 	 0.9986 	 0.0144
				0.9599 	 -0.0523 	 0.2753
				9.664 	 -27.7193 	 1.5098
			}
			{poly "piece02"}
		}
		{bone "piece03"
			{matrix34
				0.1281 	 -0.0494 	 -0.9905
				0.9607 	 0.2541 	 0.1115
				0.2462 	 -0.9659 	 0.08
				-2.0967 	 21.3115 	 2.0746
			}
			{poly "piece03"}
		}
		{bone "piece04"
			{matrix34
				0.1219 	 0 	 -0.9925
				0.9925 	 0 	 0.1219
				0 	 -1 	 0
				3.7126 	 17.1535 	 2.7009
			}
			{poly "piece04"}
		}
		{bone "piece05"
			{matrix34
				0.0341 	 -0.0145 	 -0.9993
				0.994 	 -0.1035 	 0.0355
				-0.104 	 -0.9945 	 0.0109
				3.7275 	 12.9897 	 1.8665
			}
			{poly "piece05"}
		}
		{bone "piece06"
			{matrix34
				-0.0698 	 0 	 -0.9976
				0.4057 	 0.9135 	 -0.0284
				0.9113 	 -0.4067 	 -0.0637
				-9.2527 	 15.2501 	 0.8847
			}
			{poly "piece06"}
		}
		{bone "piece07"
			{matrix34
				-0.0175 	 0 	 -0.9998
				-0.9062 	 -0.4226 	 0.0158
				-0.4226 	 0.9063 	 0.0074
				-0.3623 	 0.5203 	 1.1803
			}
			{poly "piece07"}
		}
		{bone "piece08"
			{matrix34
				0.0349 	 0 	 -0.9994
				0.9994 	 0 	 0.0349
				0 	 -1 	 0
				-5.3996 	 -13.8364 	 0.8579
			}
			{poly "piece08"}
		}
		{bone "piece09"
			{matrix34
				-0.0175 	 0 	 0.9998
				-0.978 	 -0.2079 	 -0.0171
				0.2079 	 -0.9781 	 0.0036
				3.4721 	 -23.0126 	 1.8948
			}
			{poly "piece09"}
		}
		{bone "piece10"
			{matrix34
				0 	 -0.0036 	 1
				-0.9994 	 -0.0347 	 0
				0.0347 	 -0.9994 	 -0.0036
				-7.3083 	 -19.3496 	 1.1389
			}
			{poly "piece10"}
		}
		{bone "piece11"
			{matrix34
				0.0007 	 0.0853 	 -0.9964
				-0.2086 	 -0.9744 	 -0.0835
				-0.978 	 0.2079 	 0.0171
				10.3947 	 12.1283 	 1.8633
			}
			{poly "piece11"}
		}
		{bone "piece12"
			{matrix34
				-0.0375 	 -0.1227 	 -0.9917
				0.1437 	 0.9815 	 -0.1269
				0.9889 	 -0.1473 	 -0.0192
				4.7393 	 -16.5209 	 1.1635
			}
			{poly "piece12"}
		}
		{bone "piece13"
			{matrix34
				-0.0349 	 0 	 -0.9994
				0.0871 	 -0.9962 	 -0.003
				-0.9956 	 -0.0872 	 0.0348
				-0.5935 	 -10.2221 	 0.5296
			}
			{poly "piece13"}
		}
		{bone "piece14"
			{matrix34
				0.0326 	 0.0188 	 -0.9993
				0.0808 	 -0.9966 	 -0.0161
				-0.9962 	 -0.0802 	 -0.0341
				-1.4677 	 7.3527 	 0.2486
			}
			{poly "piece14"}
		}
	}
}
{"volumes"
	{"piece01"
		{box 3.21317 3.23276 33.5701}
		{bone "piece01"}
		{Position -0.016 	 -0.0047 	 0.1829}
	}
	{"piece02"
		{box 3.21317 3.23276 33.5701}
		{bone "piece02"}
		{Position -0.016 	 -0.0623 	 0.1829}
	}
	{"piece03"
		{box 0.640305 1.64545 19.2581}
		{bone "piece03"}
		{matrix34
			1 	 0 	 0
			0 	 0 	 -1
			0 	 1 	 0
			0.0032 	 -0.1768 	 0.005
		}
	}
	{"piece04"
		{box 0.640305 1.64545 14.0122}
		{bone "piece04"}
		{matrix34
			1 	 0 	 0
			0 	 0 	 -1
			0 	 1 	 0
			-0.0135 	 0.1721 	 0.0253
		}
	}
	{"piece05"
		{box 0.640305 1.64545 10.5091}
		{bone "piece05"}
		{matrix34
			1 	 0 	 0
			0 	 0 	 -1
			0 	 1 	 0
			-0.0003 	 0.1295 	 -0.0235
		}
	}
	{"piece06"
		{box 0.640305 1.64545 12.3927}
		{bone "piece06"}
		{matrix34
			1 	 0 	 0
			0 	 0 	 -1
			0 	 1 	 0
			-0.0114 	 -0.0694 	 -0.0041
		}
	}
	{"piece07"
		{box 0.640305 1.64545 13.3254}
		{bone "piece07"}
		{matrix34
			1 	 0 	 0
			0 	 0 	 1
			0 	 -1 	 0
			0.0118 	 -0.0917 	 0.0287
		}
	}
	{"piece08"
		{box 0.640305 1.64545 12.3927}
		{bone "piece08"}
		{matrix34
			1 	 0 	 0
			0 	 0 	 -1
			0 	 1 	 0
			-0.0241 	 -0.0549 	 0.0165
		}
	}
	{"piece09"
		{box 0.640305 1.64545 10.9847}
		{bone "piece09"}
		{matrix34
			1 	 0 	 0
			0 	 0 	 -1
			0 	 1 	 0
			-0.0146 	 -0.0003 	 0.0019
		}
	}
	{"piece10"
		{box 0.640305 1.64545 14.0122}
		{bone "piece10"}
		{matrix34
			1 	 0 	 0
			0 	 0 	 -1
			0 	 1 	 0
			-0.0135 	 0.2214 	 0.0291
		}
	}
	{"piece11"
		{box 0.640305 1.64545 12.3927}
		{bone "piece11"}
		{matrix34
			1 	 0 	 0
			0 	 0 	 -1
			0 	 1 	 0
			-0.0239 	 -0.0041 	 0.0086
		}
	}
	{"piece12"
		{box 0.640305 1.64545 12.3927}
		{bone "piece12"}
		{matrix34
			1 	 0 	 0
			0 	 0 	 -1
			0 	 1 	 0
			-0.0164 	 -0.3009 	 0.0362
		}
	}
	{"piece13"
		{box 0.640305 1.64545 11.7853}
		{bone "piece13"}
		{matrix34
			1 	 0 	 0
			0 	 0 	 -1
			0 	 1 	 0
			0.0227 	 -0.0145 	 0.0148
		}
	}
	{"piece14"
		{box 0.640305 1.64545 19.2581}
		{bone "piece14"}
		{matrix34
			1 	 0 	 0
			0 	 0 	 -1
			0 	 1 	 0
			0.0032 	 -0.1244 	 -0.0349
		}
	}
}
