;Exported by:	 kobaa
;Date:			 07.10.2019 11:53:11
;File:			 G:\_GIT_\gem2\gem2-mdl-soldiers\models\fence\hedgehog\wires_square.max
{skeleton
	{bone "basis2"
		{orientation
			1 	 0 	 0
			0 	 -1 	 0
			0 	 0 	 1
		}
		{bone "body_wire"
			{Position 1.1311 	 0.103 	 11.1335}
			{LODView
				{poly "body_wire"}
				{poly "body_wire_lod1"}
				{poly "body_wire_lod2"}
			}
			{bone "socket0"
				{Position 32.3565 	 -0.1417 	 -11.1335}
			}
			{bone "socket1"
				{matrix34
					-1 	 0 	 0
					0 	 -1 	 0
					0 	 0 	 1
					-35.752 	 0.4217 	 -11.1335
				}
			}
			{bone "socket2"
				{matrix34
					0 	 1 	 0
					-1 	 0 	 0
					0 	 0 	 1
					-1.6286 	 14.3519 	 -11.1335
				}
			}
			{bone "socket3"
				{matrix34
					0 	 -1 	 0
					1 	 0 	 0
					0 	 0 	 1
					-1.7598 	 -14.0297 	 -11.1335
				}
			}
		}
	}
}
{obstacle "obstacle"
	{obb2
		{center 0.303299 -0.147309}
		{extent 34.9814 14.9382}
		{axis -1 -2.68363e-008}
	}
	{rotate}
}
{volume "body_01"
	{cylinder 1.25559 38.0023}
	{bone "body_wire"}
	{matrix34
		0.0089 	 0.9996 	 -0.0251
		-0.0046 	 -0.025 	 -0.9997
		-0.9999 	 0.009 	 0.0044
		14.4001 	 -0.0245 	 4.0891
	}
}
{volume "body_02"
	{cylinder 1.37446 34.7754}
	{bone "body_wire"}
	{matrix34
		0.9778 	 0.2095 	 0.0018
		-0.1376 	 0.6485 	 -0.7487
		-0.158 	 0.7319 	 0.6629
		-29.9555 	 -0.4423 	 0.8855
	}
}
{volume "body_03"
	{cylinder 1.37446 34.7754}
	{bone "body_wire"}
	{matrix34
		0.9994 	 0.0012 	 0.0349
		0.0242 	 0.6967 	 -0.717
		-0.0252 	 0.7174 	 0.6962
		-0.5542 	 -0.9168 	 0.7917
	}
}
{volume "body_04"
	{cylinder 1.37446 34.7754}
	{bone "body_wire"}
	{matrix34
		0.9988 	 -0.0337 	 0.0349
		0.0485 	 0.6954 	 -0.717
		-0.0001 	 0.7178 	 0.6963
		27.599 	 -0.5942 	 1.5908
	}
}
{volume "body_05"
	{cylinder 1.37446 34.7754}
	{bone "body_wire"}
	{matrix34
		0.9993 	 0 	 -0.0361
		-0.0252 	 -0.7165 	 -0.6971
		-0.0259 	 0.6976 	 -0.716
		26.9234 	 0.6364 	 1.6153
	}
}
{volume "body_06"
	{cylinder 1.37446 34.7754}
	{bone "body_wire"}
	{matrix34
		0.9993 	 0.0013 	 -0.0361
		-0.0252 	 -0.6917 	 -0.7217
		-0.0259 	 0.7221 	 -0.6913
		-1.0886 	 0.5429 	 1.4629
	}
}
{volume "body_07"
	{cylinder 1.37446 34.7754}
	{bone "body_wire"}
	{matrix34
		0.9366 	 -0.3478 	 -0.0439
		-0.2648 	 -0.62 	 -0.7385
		0.2296 	 0.7033 	 -0.6728
		-31.0213 	 0.4211 	 0.9075
	}
}
{volume "body_08"
	{cylinder 1.25559 27.793}
	{bone "body_wire"}
	{matrix34
		0.1268 	 0.9917 	 -0.0211
		0.6192 	 -0.0958 	 -0.7794
		-0.7749 	 0.0857 	 -0.6262
		-8.75 	 -0.6928 	 -0.8178
	}
}
{volume "body_09"
	{cylinder 1.25559 12.2064}
	{bone "body_wire"}
	{matrix34
		0.2374 	 0.9699 	 -0.0542
		0.1742 	 -0.0974 	 -0.9799
		-0.9557 	 0.2232 	 -0.1921
		-30.2554 	 0.4702 	 3.2382
	}
}
