;Exported by	: joomb
;Date			: 13.04.2023 15:28:34
;File			: H:\git\gem2-mdl-soldiers\models\building\building_ua01\building_ua05_v2.max
{skeleton
	{bone "b_ua_05_piece14"
		{orientation
			1 	 0 	 0
			0 	 -1 	 0
			0 	 0 	 1
		}
		{poly "b_ua_05_piece14"}
		{bone "fort_wall"
			{matrix34
				0 	 1 	 0
				-1 	 0 	 0
				0 	 0 	 1
				-16.9625 	 11.9955 	 -12.0939
			}
		}
		{bone revolute "attach1"
			{matrix34
				-1 	 0 	 0
				0 	 -1 	 0
				0 	 0 	 1
				5.2955 	 9.0693 	 -15.1895
			}
		}
	}
}
{"volumes"
	{"body01"
		{box 44.875 6.29921 58.415}
		{bone "b_ua_05_piece14"}
		{matrix34
			-1 	 0 	 0
			0 	 -1 	 0
			0 	 0 	 1
			10.5605 	 29.4405 	 0.005
		}
	}
	{"body02"
		{box 68.3191 6.29921 58.415}
		{bone "b_ua_05_piece14"}
		{matrix34
			0 	 -1 	 0
			1 	 0 	 0
			0 	 0 	 1
			-4.1016 	 2.1814 	 0.005
		}
	}
	{"body03"
		{polyhedron}
		{bone "b_ua_05_piece14"}
		{matrix34
			0 	 -1 	 0
			1 	 0 	 0
			0 	 0 	 1
			-4.1016 	 8.0601 	 28.539
		}
	}
	{"body04"
		{box 13.2949 6.29921 22.1977}
		{bone "b_ua_05_piece14"}
		{matrix34
			0 	 -1 	 0
			1 	 0 	 0
			0 	 0 	 1
			-4.1016 	 -28.4157 	 68.3233
		}
	}
	{"roof01"
		{polyhedron}
		{bone "b_ua_05_piece14"}
		{matrix34
			1 	 0 	 0
			0 	 0.6301 	 0.7765
			0 	 -0.7765 	 0.6301
			13.6109 	 40.6225 	 28.6693
		}
	}
	{"roof02"
		{box 53.4262 3.93701 26.0178}
		{bone "b_ua_05_piece14"}
		{matrix34
			1 	 0 	 0
			0 	 0.6301 	 0.7765
			0 	 -0.7765 	 0.6301
			11.4082 	 -18.7355 	 76.8347
		}
	}
	{"roof03"
		{box 50.4969 3.93701 17.6921}
		{bone "b_ua_05_piece14"}
		{matrix34
			-1 	 0 	 0
			0 	 -0.6301 	 0.7765
			0 	 0.7765 	 0.6301
			9.9513 	 -37.9899 	 75.5012
		}
	}
}
