;Exported by: sana
;Date:        Tue Jul 24 12:20:15 2007
;File:        D:\-Project-\-3DWork-\Entourage\School_Ru\School_ru_cut3a_x01.max
{Skeleton
	{bone "school_ru_wall2_16_x"
		{Orientation
			1	0	0
			0	-1	0
			0	0	1
		}
		{bone "piece02"
			{Position 13.2826	0.216583	0.0747757}
			{poly "piece02"}
			{bone "sub_piece02"
				{Position 6.11194	0	-7.88219}
				{poly "sub_piece02"}
			}
		}
		{bone "piece01"
			{Position -5.5629	0.216553	-3.88412}
			{poly "piece01"}
			{bone "sub_piece01"
				{Position -1.2381	3.05176e-005	5.30695}
				{poly "sub_piece01"}
			}
		}
		{bone "piece03"
			{Position -1.52747	0.216553	15.5717}
			{poly "piece03"}
		}
		{bone "piece04"
			{Matrix34
				0.968174	-0.250278	0
				0.250278	0.968174	0
				0	0	1
				4.02238	-37.9679	20.4822
			}
			{poly "piece04"}
		}
		{bone "piece05"
			{Position 5.49879	-18.6599	26.9279}
			{poly "piece05"}
		}
		{bone "piece06"
			{Position 26.6646	-52.3244	36.8177}
			{poly "piece06"}
		}
	}
}
{Volume "piece01"
	{Box 12.49 3.83698 8.92058}
	{Bone "piece01"}
	{Matrix34
		0.941813	0	0.336137
		0	1	0
		-0.336137	0	0.941813
		-0.0832794	0	-0.370205
	}
}
{Volume "piece02"
	{Box 12.725 3.83698 12.2925}
	{Bone "piece02"}
	{Matrix34
		0.830106	0	0.557606
		0	1	0
		-0.557606	0	0.830106
		0.423595	0	-0.630593
	}
}
{Volume "piece03"
	{Box 10.6045 3.83698 7.02002}
	{Bone "piece03"}
	{Position 0	0	0}
}
{Volume "piece04"
	{Box 3.26793 53.9876 3.09739}
	{Bone "piece04"}
	{Position 0	5.01872	0}
}
{Volume "piece05"
	{Box 49.3104 53.459 1.60456}
	{Bone "piece05"}
	{Matrix34
		1	0	0
		0	0.974883	-0.222718
		0	0.222718	0.974883
		0.493469	0.190722	1.07342
	}
}
{Volume "piece06"
	{Box 47.5115 55.7864 2.10493}
	{Bone "piece06"}
	{Matrix34
		1	0	0
		0	0.969054	-0.246847
		0	0.246847	0.969054
		0	0.205041	0.0758619
	}
}
{Volume "sub_piece01"
	{Box 11.4627 3.83698 5.76246}
	{Bone "sub_piece01"}
	{Matrix34
		0.910187	0	0.414198
		0	1	0
		-0.414198	0	0.910187
		-0.583177	0	0.63565
	}
}
{Volume "sub_piece02"
	{Box 8.67939 3.83699 7.11245}
	{Bone "sub_piece02"}
	{Matrix34
		0.882439	0	0.470427
		0	1	0
		-0.470427	0	0.882439
		-0.312712	0	-0.601647
	}
}
