;Exported by:	 tolokolnikova
;Date:			 30.03.2016 11:55:16
;File:			 D:\gem2\gem2-mdl-soldiers\models\entourage\Ship_wood\Ship_wood.max
{skeleton
	{bone "basis004"
		{orientation
			1 	 0 	 0
			0 	 -1 	 0
			0 	 0 	 1
		}
		{bone "piece01"
			{matrix34
				0.1287 	 0.93 	 0.3444
				-0.7748 	 -0.1225 	 0.6202
				0.619 	 -0.3467 	 0.7048
				-2.7209 	 -23.2586 	 6.1331
			}
			{poly "piece01"}
		}
		{bone "piece02"
			{matrix34
				1 	 0 	 0
				0 	 0.9981 	 -0.0615
				0 	 0.0615 	 0.9981
				3.3346 	 -10.0059 	 8.3743
			}
			{poly "piece02"}
		}
		{bone "piece03"
			{Position -27.1744 	 -8.1738 	 5.3131}
			{poly "piece03"}
		}
		{bone "piece04"
			{Position 26.436 	 6.4185 	 7.1001}
			{poly "piece04"}
		}
		{bone "piece05"
			{Position 0.0386 	 -8.1293 	 3.2119}
			{poly "piece05"}
		}
		{bone "piece06"
			{Position 25.6116 	 2.516 	 0.2784}
			{poly "piece06"}
		}
		{bone "piece07"
			{matrix34
				0.6697 	 -0.6001 	 0.4374
				0.5908 	 0.7874 	 0.1758
				-0.4499 	 0.1407 	 0.8819
				-9.643 	 18.5723 	 7.3227
			}
			{poly "piece07"}
		}
		{bone "piece08"
			{Position 44.359 	 -0.1429 	 9.1128}
			{poly "piece08"}
		}
		{bone "piece09"
			{Position -21.4835 	 0.3349 	 0.502}
			{poly "piece09"}
		}
		{bone "piece10"
			{matrix34
				0.9991 	 0.0432 	 0
				-0.0432 	 0.9991 	 0
				0 	 0 	 1
				-50.387 	 0.4305 	 8.1746
			}
			{poly "piece10"}
		}
		{bone "piece11"
			{Position -12.153 	 10.8417 	 8.887}
			{poly "piece11"}
		}
		{bone "piece12"
			{Position -2.9558 	 9.1273 	 2.726}
			{poly "piece12"}
		}
		{bone "piece13"
			{Position 33.5335 	 -5.5196 	 5.244}
			{poly "piece13"}
		}
	}
}
{volume "piece01"
	{cylinder 0.633776 44.4284}
	{bone "piece01"}
	{matrix34
		0.1207 	 -0.7737 	 0.6219
		0.0297 	 -0.6234 	 -0.7813
		0.9922 	 0.1128 	 -0.0522
		-0.6452 	 0.3439 	 0.0271
	}
}
{volume "piece02"
	{box 37.377 0.721186 2.91295}
	{bone "piece02"}
	{matrix34
		1 	 0 	 0
		0 	 0.8192 	 0.5736
		0 	 -0.5736 	 0.8192
		-0.2831 	 -0.0756 	 -0.1895
	}
}
{volume "piece03"
	{box 23.2672 0.634643 2.03907}
	{bone "piece03"}
	{matrix34
		1 	 0 	 0
		0 	 0.8192 	 0.5736
		0 	 -0.5736 	 0.8192
		-0.1649 	 -0.0257 	 -0.1471
	}
}
{volume "piece04"
	{box 41.5632 0.58416 4.07801}
	{bone "piece04"}
	{matrix34
		0.9868 	 -0.1578 	 0.0376
		0.159 	 0.896 	 -0.4146
		0.0318 	 0.4151 	 0.9092
		0.2346 	 2.2266 	 0.9312
	}
}
{volume "piece05"
	{box 31.0229 0.721186 2.03907}
	{bone "piece05"}
	{matrix34
		1 	 0 	 0
		0 	 0.8192 	 0.5736
		0 	 -0.5736 	 0.8192
		-0.291 	 0.0185 	 -0.013
	}
}
{volume "piece06"
	{box 20.166 3.79439 0.545641}
	{bone "piece06"}
	{matrix34
		0.9378 	 -0.3466 	 -0.0208
		0.3441 	 0.9357 	 -0.0784
		0.0466 	 0.0664 	 0.9967
		0.039 	 -0.1449 	 0.2719
	}
}
{volume "piece07"
	{cylinder 0.633776 40.9408}
	{bone "piece07"}
	{matrix34
		-0.0318 	 -0.9605 	 0.2765
		-0.0095 	 -0.2764 	 -0.961
		0.9994 	 -0.0332 	 -0.0003
		0.4636 	 -0.2737 	 -0.0386
	}
}
{volume "piece08"
	{box 8.16537 7.74365 0.490641}
	{bone "piece08"}
	{matrix34
		0.9982 	 0 	 0.0605
		-0.0097 	 0.9871 	 0.1599
		-0.0597 	 -0.1602 	 0.9853
		-0.7614 	 -0.0393 	 0.2646
	}
}
{volume "piece09"
	{box 21.9196 3.79439 0.545641}
	{bone "piece09"}
	{matrix34
		0.9964 	 0.0822 	 -0.0208
		-0.0836 	 0.9934 	 -0.0784
		0.0142 	 0.0799 	 0.9967
		-0.0836 	 0.0354 	 0.0483
	}
}
{volume "piece10"
	{box 0.431331 15.1383 3.18539}
	{bone "piece10"}
	{matrix34
		0.9864 	 -0.0775 	 0.1448
		0.0767 	 0.997 	 0.0113
		-0.1452 	 0 	 0.9894
		0.1729 	 0 	 -0.0449
	}
}
{volume "piece11"
	{box 56.3107 0.870399 1.5571}
	{bone "piece11"}
	{matrix34
		0.9981 	 0.0612 	 0
		-0.0575 	 0.9379 	 -0.342
		-0.0209 	 0.3414 	 0.9397
		-0.2442 	 0.3418 	 0.0388
	}
}
{volume "piece12"
	{box 29.9016 0.58416 5.18039}
	{bone "piece12"}
	{matrix34
		0.9993 	 0.0029 	 0.0376
		0.013 	 0.9099 	 -0.4146
		-0.0354 	 0.4148 	 0.9092
		-0.0179 	 0.1179 	 -0.0947
	}
}
{volume "piece13"
	{box 31.0229 0.721186 2.03907}
	{bone "piece13"}
	{matrix34
		0.9551 	 0.2962 	 0
		-0.2427 	 0.7824 	 0.5736
		0.1699 	 -0.5478 	 0.8192
		0.0686 	 -0.2332 	 -0.1692
	}
}
