;Exported by	: joomb
;Date			: 10.04.2023 14:17:30
;File			: H:\git\gem2-mdl-soldiers\models\building\house_D\D_005_cut_fort2v_part.max
{skeleton
	{bone "d005_piece09"
		{orientation
			1 	 0 	 0
			0 	 -1 	 0
			0 	 0 	 1
		}
		{poly "d005_piece09"}
		{bone "fix09"
			{Position 13.7253 	 38.269 	 -7.5333}
		}
		{bone "fix10"
			{Position -15.8804 	 -44.8693 	 -18.8114}
		}
		{bone "fix11"
			{Position -15.8804 	 4.7682 	 -28.9921}
		}
	}
}
{"volumes"
	{"body01"
		{box 12.129 5.90551 11.1329}
		{bone "d005_piece09"}
		{matrix34
			-1 	 0 	 0
			0 	 -1 	 0
			0 	 0 	 1
			-12.3859 	 37.4209 	 -3.7556
		}
	}
	{"body02"
		{box 49.5008 5.90551 9.86115}
		{bone "d005_piece09"}
		{matrix34
			0 	 -1 	 0
			1 	 0 	 0
			0 	 0 	 1
			-15.4679 	 6.5487 	 -9.4517
		}
	}
	{"body03"
		{box 12.9494 5.90551 6.55442}
		{bone "d005_piece09"}
		{matrix34
			0 	 -0.9848 	 -0.1736
			1 	 0 	 0
			0 	 -0.1736 	 0.9848
			-15.4679 	 4.3719 	 -16.5418
		}
	}
	{"body04"
		{polyhedron}
		{bone "d005_piece09"}
		{matrix34
			0 	 -0.9397 	 -0.342
			1 	 0 	 0
			0 	 -0.342 	 0.9397
			-15.4679 	 -23.9035 	 -7.6375
		}
	}
	{"body05"
		{polyhedron}
		{bone "d005_piece09"}
		{matrix34
			0 	 -1 	 0
			1 	 0 	 0
			0 	 0 	 1
			-15.6201 	 -70.3343 	 -62.7693
		}
	}
	{"body06"
		{polyhedron}
		{bone "d005_piece09"}
		{matrix34
			0 	 -1 	 0
			1 	 0 	 0
			0 	 0 	 1
			-15.6201 	 -0.3023 	 -62.7693
		}
	}
	{"roof1"
		{box 21.2687 0.984252 60.7181}
		{bone "d005_piece09"}
		{matrix34
			-1 	 0 	 0
			0 	 0.342 	 0.9397
			0 	 0.9397 	 -0.342
			-8.7623 	 15.057 	 11.8887
		}
	}
	{"roof2"
		{box 21.2687 0.984252 28.5375}
		{bone "d005_piece09"}
		{matrix34
			1 	 0 	 0
			0 	 -0.342 	 0.9397
			0 	 -0.9397 	 -0.342
			-8.7621 	 -26.8795 	 17.3919
		}
	}
}
