;Exported by	: KobaA
;Date			: 27.06.2023 13:23:46
;File			: D:\git\gem2-mdl-soldiers\models\entourage\operating_table\operating_table.max
{skeleton
	{bone "operating_table_001_x"
		{orientation
			1 	 0 	 0
			0 	 -1 	 0
			0 	 0 	 1
		}
		{bone "piece02"
			{matrix34
				1 	 0 	 0
				0 	 0.9848 	 0.1736
				0 	 -0.1736 	 0.9848
				0.2708 	 3.9476 	 0
			}
			{poly "piece02"}
		}
		{bone "piece01"
			{Position 0.0592 	 0 	 18.8693}
			{poly "piece01"}
		}
		{bone "piece03"
			{matrix34
				-0.9063 	 0 	 -0.4226
				0 	 -1 	 0
				-0.4226 	 0 	 0.9063
				9.355 	 0 	 17.3529
			}
			{poly "piece03"}
		}
		{bone "piece04"
			{Position -8.3102 	 0 	 18.0063}
			{poly "piece04"}
		}
	}
}
{"volumes"
	{"piece01"
		{box 39.1551 10.6822 1.98273}
		{bone "piece01"}
		{matrix34
			0.9994 	 0 	 0.0349
			0 	 1 	 0
			-0.0349 	 0 	 0.9994
			0.0708 	 -0.0674 	 -0.0308
		}
	}
	{"piece02_01"
		{box 17.0669 11.1383 0.882154}
		{bone "piece02"}
		{Position -0.0658 	 0.0475 	 17.3176}
	}
	{"piece02_02"
		{box 17.0669 11.1383 0.882154}
		{bone "piece02"}
		{matrix34
			-0.225 	 0 	 -0.9744
			0 	 1 	 0
			0.9744 	 0 	 -0.225
			-9.7229 	 0.0475 	 8.8183
		}
	}
	{"piece02_03"
		{box 17.0669 11.1383 0.882154}
		{bone "piece02"}
		{matrix34
			0.2079 	 0 	 -0.9781
			0 	 1 	 0
			0.9781 	 0 	 0.2079
			9.9472 	 0.0475 	 8.9223
		}
	}
	{"piece03"
		{box 10.0987 11.1383 0.882154}
		{bone "piece03"}
		{matrix34
			-0.9976 	 0 	 -0.0698
			0 	 -1 	 0
			-0.0698 	 0 	 0.9976
			-5.4362 	 0 	 -0.1134
		}
	}
	{"piece04"
		{box 10.0987 11.1383 0.882154}
		{bone "piece04"}
		{Position -5.3943 	 0.0475 	 -0.1698}
	}
}
