;Exported by	: Inna
;Date			: 25.10.2023 11:52:02
;File			: F:\GIT\gem2-mdl-soldiers\models\entourage\plough\plough_1.max
{skeleton
	{bone "plough02"
		{orientation
			1 	 0 	 0
			0 	 -1 	 0
			0 	 0 	 1
		}
		{bone "body"
			{matrix34
				-1 	 0.0016 	 -0.005
				-0.0016 	 -1 	 -0.0008
				-0.005 	 -0.0008 	 1
				21.2945 	 24.4996 	 9.8612
			}
			{poly "body"}
		}
		{bone "doski"
			{matrix34
				-1 	 0.0016 	 -0.005
				-0.0016 	 -1 	 -0.0008
				-0.005 	 -0.0008 	 1
				21.2945 	 24.4996 	 9.8612
			}
			{poly "doski"}
		}
	}
}
{obstacle "obstacle02"
	{obb2
		{center -17.8825 3.55071}
		{extent 29.4615 21.2232}
		{axis 1 3.23702e-07}
	}
	{rotate}
}
{obstacle "obstacle03"
	{obb2
		{center 22.3487 4.33393}
		{extent 10.9278 30.253}
		{axis 1 3.05447e-07}
	}
	{rotate}
}
{"volumes"
	{"body01"
		{box 19.3863 1.26297 1.51798}
		{bone "body"}
		{matrix34
			-0.433 	 0.9014 	 -0.0015
			-0.9014 	 -0.433 	 -0.0048
			-0.005 	 -0.0008 	 1
			23.125 	 20.5736 	 -0.4965
		}
	}
	{"body02"
		{box 67.0411 1.26297 1.51798}
		{bone "body"}
		{matrix34
			-0.9997 	 -0.0016 	 -0.0224
			0.0016 	 -1 	 -0.0008
			-0.0224 	 -0.0008 	 0.9997
			37.0819 	 28.6606 	 -0.6135
		}
	}
	{"body03"
		{box 67.0411 1.26297 1.51798}
		{bone "body"}
		{matrix34
			-0.9997 	 -0.0016 	 -0.0224
			0.0016 	 -1 	 -0.0008
			-0.0224 	 -0.0008 	 0.9997
			33.4138 	 45.2527 	 -0.493
		}
	}
	{"body05"
		{box 31.3778 1.74016 1.4007}
		{bone "body"}
		{matrix34
			-0.6608 	 -0.7164 	 -0.2241
			0.679 	 -0.6977 	 0.2284
			-0.3199 	 -0.0012 	 0.9474
			-11.6843 	 41.3682 	 -4.1274
		}
	}
	{"body06"
		{box 67.0411 1.26297 1.51798}
		{bone "body"}
		{matrix34
			-1 	 -0.0016 	 -0.005
			0.0016 	 -1 	 -0.0008
			-0.005 	 -0.0008 	 1
			33.4784 	 13.3854 	 -0.9883
		}
	}
	{"body07"
		{box 19.3863 1.26297 1.51798}
		{bone "body"}
		{matrix34
			-0.5542 	 0.8324 	 -0.0015
			-0.8324 	 -0.5542 	 -0.0048
			-0.0048 	 -0.0015 	 1
			48.736 	 37.3074 	 -0.3841
		}
	}
	{"body08"
		{box 19.3863 1.26297 1.51798}
		{bone "body"}
		{matrix34
			-0.5396 	 0.8419 	 -0.0015
			-0.8419 	 -0.5396 	 -0.0048
			-0.0048 	 -0.0014 	 1
			32.1261 	 37.9658 	 -0.662
		}
	}
	{"body09"
		{box 31.3778 1.74016 1.3867}
		{bone "body"}
		{matrix34
			-0.6649 	 0.7127 	 -0.2236
			-0.675 	 -0.7014 	 -0.2288
			-0.3199 	 -0.0012 	 0.9474
			-11.5802 	 16.5648 	 -4.1527
		}
	}
	{"body10"
		{polyhedron}
		{bone "body"}
		{matrix34
			0.9474 	 0.0013 	 0.3199
			-0.0016 	 1 	 0.0008
			-0.3199 	 -0.0012 	 0.9474
			-24.1963 	 28.8073 	 -8.7755
		}
	}
	{"body11"
		{box 19.3863 1.26297 1.51798}
		{bone "body"}
		{matrix34
			-0.4193 	 0.9078 	 -0.0014
			-0.9078 	 -0.4193 	 -0.0048
			-0.005 	 -0.0008 	 1
			40.1552 	 21.1925 	 -0.8022
		}
	}
	{"body12"
		{box 29.5448 4.40125 8.23813}
		{bone "body"}
		{matrix34
			-1 	 -0.0016 	 -0.005
			0.0016 	 -1 	 -0.0008
			-0.005 	 -0.0008 	 1
			26.4399 	 13.1165 	 -5.601
		}
	}
	{"body13"
		{box 18.7053 4.40125 8.23813}
		{bone "body"}
		{matrix34
			-1 	 -0.0016 	 -0.005
			0.0016 	 -1 	 -0.0008
			-0.005 	 -0.0008 	 1
			51.9387 	 44.3191 	 -5.4504
		}
	}
	{"body14"
		{box 36.4513 4.40125 8.23813}
		{bone "body"}
		{matrix34
			-1 	 -0.0016 	 -0.005
			0.0016 	 -1 	 -0.0008
			-0.005 	 -0.0008 	 1
			38.2941 	 28.377 	 -5.5304
		}
	}
	{"body15"
		{cylinder 2.87362 1.53805}
		{bone "body"}
		{matrix34
			-0.9905 	 0.1376 	 -0.005
			0.005 	 0 	 -1
			-0.1376 	 -0.9905 	 -0.0008
			-1.6287 	 2.594 	 -1.3719
		}
	}
	{"body18"
		{cylinder 2.49785 1.57428}
		{bone "body"}
		{matrix34
			-1 	 -0.0016 	 -0.005
			0.0049 	 -0.6151 	 -0.7885
			-0.0018 	 -0.7885 	 0.6151
			65.9877 	 27.3639 	 -6.4318
		}
	}
	{"body19"
		{cylinder 2.49785 1.57428}
		{bone "body"}
		{matrix34
			-1 	 -0.0016 	 -0.005
			0.005 	 0.0008 	 -1
			0.0016 	 -1 	 -0.0008
			62.5271 	 15.9184 	 -7.0339
		}
	}
	{"body20"
		{box 18.9937 6.97526 7.53091}
		{bone "body"}
		{matrix34
			-1 	 -0.0016 	 -0.005
			0.0016 	 -1 	 -0.0008
			-0.005 	 -0.0008 	 1
			-1.5897 	 55.589 	 -6.0608
		}
	}
}
