;Exported by:	 tolokolnikova
;Date:			 14.12.2017 10:04:35
;File:			 D:\gem2\gem2-mdl-soldiers\models\building\building_ua01\building_ua03_v2_x.max
{skeleton
	{bone "b_ua_03_piece02_point"
		{orientation
			1 	 0 	 0
			0 	 -1 	 0
			0 	 0 	 1
		}
		{bone "sub_piece01"
			{Position 3.8084 	 -12.7056 	 -2.4981}
			{poly "sub_piece01"}
		}
		{bone "b_ua_03_piece02"
			{Position 2.5859 	 54.0887 	 -64.982}
			{poly "b_ua_03_piece02"}
		}
		{bone "piece02"
			{matrix34
				0 	 1 	 0
				-1 	 0 	 0
				0 	 0 	 1
				-2.6333 	 19.6121 	 -7.9371
			}
			{poly "piece02"}
		}
		{bone "piece03"
			{matrix34
				0 	 1 	 0
				-0.866 	 0 	 -0.5
				-0.5 	 0 	 0.866
				24.9913 	 19.6434 	 -16.7622
			}
			{poly "piece03"}
		}
		{bone "piece04"
			{matrix34
				0 	 1 	 0
				0.5736 	 0 	 -0.8192
				-0.8192 	 0 	 -0.5736
				-6.6269 	 19.6121 	 -21.9297
			}
			{poly "piece04"}
		}
		{bone "piece01"
			{matrix34
				0 	 1 	 0
				-1 	 0 	 0
				0 	 0 	 1
				34.1942 	 19.6796 	 -7.4343
			}
			{poly "piece01"}
		}
		{bone "sub_piece02"
			{matrix34
				0 	 1 	 0
				-0.1736 	 0 	 -0.9848
				-0.9848 	 0 	 0.1736
				43.8307 	 19.6796 	 -18.7013
			}
			{poly "sub_piece02"}
		}
		{bone "sub_piece03"
			{matrix34
				-1 	 0 	 0
				0 	 -1 	 0
				0 	 0 	 1
				-10.7624 	 10.1063 	 33.276
			}
			{poly "sub_piece03"}
		}
		{bone revolute "attach1"
			{matrix34
				0 	 -1 	 0
				1 	 0 	 0
				0 	 0 	 1
				13.5762 	 35.9266 	 -49.3127
			}
		}
		{bone "debris_land_001"
			{parameters "commonmesh;land;ground;"}
			{matrix34
				0 	 1 	 0
				-1 	 0 	 0
				0 	 0 	 1
				9.993 	 7.3047 	 -49.4635
			}
			{poly "debris_land_001" {ground}}
		}
		{bone "fort_wall"
			{matrix34
				-1 	 0 	 0
				0 	 -1 	 0
				0 	 0 	 1
				1.9848 	 11.255 	 -43.8483
			}
		}
		{bone "stones_001"
			{parameters "commonmesh;land;ground;"}
			{matrix34
				0 	 1 	 0
				-1 	 0 	 0
				0 	 0 	 1
				9.993 	 7.318 	 -49.4635
			}
			{poly "stones_001" {ground}}
		}
	}
}
{volume "piece01"
	{box 6.49606 12.2043 10.1968}
	{bone "piece01"}
	{Position 0 	 0.2133 	 0.278}
}
{volume "piece02"
	{box 6.49606 19.2828 8.76925}
	{bone "piece02"}
	{matrix34
		1 	 0 	 0
		0 	 0.9397 	 0.342
		0 	 -0.342 	 0.9397
		0.0024 	 -1.1802 	 1.0333
	}
}
{volume "piece03"
	{box 6.49606 15.3478 13.3343}
	{bone "piece03"}
	{matrix34
		1 	 0 	 0
		0 	 0.7071 	 -0.7071
		0 	 0.7071 	 0.7071
		0 	 -0.2917 	 0.4291
	}
}
{volume "piece04"
	{box 6.49606 13.6908 8.76925}
	{bone "piece04"}
	{matrix34
		1 	 0 	 0
		0 	 0.9397 	 0.342
		0 	 -0.342 	 0.9397
		0.0024 	 0.2618 	 0.2532
	}
}
{volume "sub_piece01"
	{box 10.3287 37.9554 3.56888}
	{bone "sub_piece01"}
	{matrix34
		0 	 1 	 0
		-1 	 0 	 0
		0 	 0 	 1
		-1.991 	 0.036 	 1.7911
	}
}
{volume "sub_piece02"
	{box 6.49606 9.27527 6.93383}
	{bone "sub_piece02"}
	{Position 0 	 -0.2239 	 0.2651}
}
{volume "sub_piece_03"
	{box 3.93701 26.8273 24.1194}
	{bone "sub_piece03"}
	{matrix34
		0 	 -0.8192 	 -0.5736
		1 	 0 	 0
		0 	 -0.5736 	 0.8192
		-1.5322 	 3.9868 	 -0.8991
	}
}
{volume "target_vol_004"
	{box 9.84252 9.84252 15.6501}
	{bone "b_ua_03_piece02_point"}
	{matrix34
		0 	 -1 	 0
		1 	 0 	 0
		0 	 0 	 1
		13.5761 	 35.9266 	 -25.8971
	}
}
{volume "vol01"
	{box 66.4919 6.10236 16.7334}
	{bone "b_ua_03_piece02"}
	{Position 12.3213 	 -34.5333 	 24.0365}
}
{volume "vol02"
	{polyhedron}
	{bone "b_ua_03_piece02"}
	{Position 12.3213 	 -34.5333 	 32.5946}
}
{volume "vol03"
	{polyhedron}
	{bone "b_ua_03_piece02"}
	{Position 24.9751 	 -34.5333 	 32.5683}
}
{volume "vol04"
	{box 12.8845 6.10236 5.18736}
	{bone "b_ua_03_piece02"}
	{Position 39.0678 	 -34.5333 	 34.9343}
}
{volume "vol05"
	{box 14.0032 6.10236 20.9168}
	{bone "b_ua_03_piece02"}
	{matrix34
		0 	 -1 	 0
		1 	 0 	 0
		0 	 0 	 1
		42.2191 	 -37.7259 	 26.1282
	}
}
