;Exported by	: KobaA
;Date			: 27.03.2024 10:56:24
;File			: d:\git\gem2-mdl-soldiers\models\entourage\watch_tower\watch_tower_04_x.max
{skeleton
	{bone "watch_tower_04"
		{orientation
			1 	 0 	 0
			0 	 -1 	 0
			0 	 0 	 1
		}
		{bone "piece01"
			{matrix34
				-0.5333 	 0.8247 	 -0.1883
				-0.8423 	 -0.5383 	 0.0282
				-0.0781 	 0.1737 	 0.9817
				-25.0742 	 15.5055 	 85.5568
			}
			{poly "piece01"}
		}
		{bone "piece02"
			{matrix34
				0.7841 	 0.5859 	 0.2046
				-0.6146 	 0.6874 	 0.3871
				0.0861 	 -0.4293 	 0.8991
				24.9665 	 3.2334 	 97.564
			}
			{poly "piece02"}
		}
		{bone "piece03"
			{matrix34
				-0.7841 	 -0.5859 	 0.2046
				0.6146 	 -0.6874 	 0.3871
				-0.0861 	 0.4293 	 0.8991
				-16.9084 	 0.0948 	 98.4228
			}
			{poly "piece03"}
		}
		{bone "piece04"
			{matrix34
				-0.2808 	 0.438 	 -0.854
				-0.0147 	 0.8877 	 0.4602
				0.9597 	 0.1418 	 -0.2428
				2.9492 	 -25.2385 	 70.4131
			}
			{poly "piece04"}
		}
		{bone "piece05"
			{matrix34
				-0.2808 	 -0.5108 	 0.8126
				-0.0147 	 -0.8442 	 -0.5358
				0.9597 	 -0.1624 	 0.2295
				-3.6823 	 6.9708 	 132.607
			}
			{poly "piece05"}
		}
		{bone "piece06"
			{matrix34
				-0.5058 	 0.8397 	 -0.1974
				-0.8438 	 -0.5292 	 -0.0889
				-0.1791 	 0.1217 	 0.9763
				-6.4452 	 33.8356 	 29.04
			}
			{poly "piece06"}
		}
		{bone "piece07"
			{matrix34
				-0.5108 	 0.8126 	 -0.2808
				-0.8442 	 -0.5358 	 -0.0147
				-0.1624 	 0.2295 	 0.9597
				-16.702 	 22.5985 	 148.148
			}
			{poly "piece07"}
		}
		{bone "piece08"
			{matrix34
				-0.4315 	 0.8865 	 0.167
				-0.8693 	 -0.3591 	 -0.3398
				-0.2413 	 -0.2917 	 0.9256
				-1.83 	 8.3518 	 167.637
			}
			{poly "piece08"}
		}
		{bone "piece09"
			{matrix34
				0.5333 	 -0.8247 	 -0.1883
				0.8423 	 0.5383 	 0.0282
				0.0781 	 -0.1737 	 0.9817
				21.9281 	 -27.0441 	 69.5181
			}
			{poly "piece09"}
		}
		{bone "sub_piece05"
			{matrix34
				0.0277 	 0.3918 	 -0.9196
				0.4186 	 -0.84 	 -0.3453
				-0.9077 	 -0.3754 	 -0.1873
				0.0882 	 -26.1855 	 125.913
			}
			{poly "sub_piece05"}
		}
		{bone "piece11"
			{matrix34
				-0.5108 	 -0.8126 	 0.2808
				-0.8442 	 0.5358 	 0.0147
				-0.1624 	 -0.2295 	 -0.9597
				-19.4318 	 -11.1657 	 140.834
			}
			{poly "piece11"}
		}
		{bone "piece12"
			{matrix34
				-0.5108 	 -0.8126 	 0.2808
				-0.8442 	 0.5358 	 0.0147
				-0.1624 	 -0.2295 	 -0.9597
				19.0446 	 -1.3266 	 136.406
			}
			{poly "piece12"}
		}
		{bone "piece13"
			{matrix34
				-0.5108 	 -0.8126 	 0.2808
				-0.8442 	 0.5358 	 0.0147
				-0.1624 	 -0.2295 	 -0.9597
				9.5547 	 -17.8408 	 140.805
			}
			{poly "piece13"}
		}
		{bone "piece10"
			{matrix34
				-0.5108 	 -0.8126 	 0.2808
				-0.8442 	 0.5358 	 0.0147
				-0.1624 	 -0.2295 	 -0.9597
				-11.6448 	 6.0208 	 136.702
			}
			{poly "piece10"}
		}
		{bone "sub_piece01"
			{matrix34
				0.3918 	 0.0277 	 0.9196
				-0.84 	 0.4186 	 0.3453
				-0.3754 	 -0.9077 	 0.1873
				-11.3697 	 -15.4454 	 124.472
			}
			{poly "sub_piece01"}
		}
		{bone "sub_piece02"
			{matrix34
				0.3918 	 0.9196 	 -0.0277
				-0.84 	 0.3453 	 -0.4186
				-0.3754 	 0.1873 	 0.9077
				25.5545 	 -19.3668 	 148.148
			}
			{poly "sub_piece02"}
		}
		{bone "sub_piece03"
			{matrix34
				0.3918 	 -0.9196 	 0.0277
				-0.84 	 -0.3453 	 0.4186
				-0.3754 	 -0.1873 	 -0.9077
				14.9799 	 -16.0249 	 132.411
			}
			{poly "sub_piece03"}
		}
		{bone "sub_piece04"
			{matrix34
				0.3918 	 -0.9196 	 0.0277
				-0.84 	 -0.3453 	 0.4186
				-0.3754 	 -0.1873 	 -0.9077
				20.1049 	 14.786 	 140.493
			}
			{poly "sub_piece04"}
		}
		{bone "sub_piece08"
			{matrix34
				0.9514 	 -0.2926 	 -0.0964
				0.3067 	 0.929 	 0.2072
				0.0289 	 -0.2267 	 0.9735
				24.9945 	 -5.7307 	 35.6336
			}
			{poly "sub_piece08"}
		}
		{bone "sub_piece06"
			{matrix34
				0.0277 	 0.4705 	 -0.882
				0.4186 	 -0.8067 	 -0.4172
				-0.9077 	 -0.3576 	 -0.2193
				14.6143 	 22.29 	 70.4131
			}
			{poly "sub_piece06"}
		}
		{bone "sub_piece09"
			{matrix34
				0.0277 	 0.3918 	 -0.9196
				0.4186 	 -0.84 	 -0.3453
				-0.9077 	 -0.3754 	 -0.1873
				0.0882 	 24.0587 	 125.913
			}
			{poly "sub_piece09"}
		}
		{bone "sub_piece07"
			{matrix34
				-0.5058 	 0.8397 	 -0.1974
				-0.8438 	 -0.5292 	 -0.0889
				-0.1791 	 0.1217 	 0.9763
				-6.5307 	 27.3257 	 99.2965
			}
			{poly "sub_piece07"}
		}
		{bone "sub_piece10"
			{matrix34
				0.3918 	 0.0277 	 0.9196
				-0.84 	 0.4186 	 0.3453
				-0.3754 	 -0.9077 	 0.1873
				12.4079 	 -4.2945 	 125.388
			}
			{poly "sub_piece10"}
		}
		{bone "body01"
			{matrix34
				0 	 0.9984 	 0.0572
				-0.9962 	 -0.005 	 0.087
				0.0872 	 -0.057 	 0.9946
				-32.9613 	 33.2055 	 -2.0997
			}
			{poly "body01"}
		}
		{bone "fx_dust1"
			{matrix34
				0 	 1 	 0
				-1 	 0 	 0
				0 	 0 	 1
				0 	 0 	 128.27
			}
		}
		{bone "fx_wood1"
			{matrix34
				0 	 1 	 0
				-1 	 0 	 0
				0 	 0 	 1
				0 	 0 	 128.27
			}
		}
	}
}
{"volumes"
	{"piece01"
		{box 5.08904 4.99685 57.8294}
		{bone "piece01"}
		{matrix34
			0.8115 	 -0.5355 	 0.2338
			0.5188 	 0.8444 	 0.1334
			-0.2689 	 0.013 	 0.9631
			13.1624 	 -4.4696 	 -3.1388
		}
	}
	{"piece02"
		{box 3.46055 1.29572 40.8044}
		{bone "piece02"}
		{matrix34
			-0.5197 	 -0.7487 	 -0.4116
			0.7803 	 -0.6121 	 0.1281
			-0.3478 	 -0.2547 	 0.9023
			4.4419 	 -2.4231 	 -0.2392
		}
	}
	{"piece03"
		{box 3.46055 1.29572 36.4325}
		{bone "piece03"}
		{matrix34
			-0.5237 	 -0.7543 	 -0.396
			0.7824 	 -0.6098 	 0.1269
			-0.3372 	 -0.2433 	 0.9095
			11.8532 	 -6.4024 	 0.0915
		}
	}
	{"piece04"
		{box 34.1655 3.0238 3.34172}
		{bone "piece04"}
		{matrix34
			-0.2808 	 -0.0147 	 0.9597
			0.4952 	 0.8543 	 0.158
			-0.8221 	 0.5196 	 -0.2326
			-2.2174 	 -6.442 	 -4.9767
		}
	}
	{"piece05"
		{box 30.5518 17.9655 1.85945}
		{bone "piece05"}
		{matrix34
			-0.5108 	 -0.8442 	 -0.1624
			0.2808 	 0.0147 	 -0.9597
			0.8126 	 -0.5358 	 0.2295
			-2.9776 	 2.3251 	 2.9951
		}
	}
	{"piece06"
		{box 2.39185 10.1436 25.4449}
		{bone "piece06"}
		{matrix34
			0.813 	 -0.5357 	 0.2282
			0.5058 	 0.8438 	 0.1791
			-0.2885 	 -0.0302 	 0.957
			7.2791 	 -0.7955 	 0.5628
		}
	}
	{"piece07"
		{box 3.40989 2.85661 22.1853}
		{bone "piece07"}
		{matrix34
			0.8126 	 -0.5358 	 0.2295
			0.5108 	 0.8442 	 0.1624
			-0.2808 	 -0.0147 	 0.9597
			6.5533 	 5.8504 	 1.5755
		}
	}
	{"piece08"
		{box 42.244 36.588 4.73473}
		{bone "piece08"}
		{matrix34
			0.8131 	 -0.2589 	 -0.5214
			0.4315 	 0.8693 	 0.2413
			0.3907 	 -0.4211 	 0.8185
			3.2497 	 -3.3943 	 2.1736
		}
	}
	{"piece09"
		{box 5.08904 4.99685 57.8294}
		{bone "piece09"}
		{matrix34
			0.8115 	 -0.5355 	 0.2338
			0.5188 	 0.8444 	 0.1334
			-0.2689 	 0.013 	 0.9631
			4.5915 	 4.9163 	 2.008
		}
	}
	{"piece10"
		{box 9.58935 10.9865 4.60515}
		{bone "piece10"}
		{matrix34
			-0.8126 	 0.5358 	 -0.2295
			0.5108 	 0.8442 	 0.1624
			0.2808 	 0.0147 	 -0.9597
			6.3601 	 10.547 	 2.1037
		}
	}
	{"piece11"
		{box 9.58935 11.5912 4.19068}
		{bone "piece11"}
		{matrix34
			0.5108 	 0.8442 	 0.1624
			0.6771 	 -0.5115 	 0.5291
			0.5297 	 -0.1603 	 -0.8329
			3.4663 	 2.443 	 1.1719
		}
	}
	{"piece12"
		{box 9.58935 11.5912 4.60515}
		{bone "piece12"}
		{matrix34
			-0.8126 	 0.5358 	 -0.2295
			0.5108 	 0.8442 	 0.1624
			0.2808 	 0.0147 	 -0.9597
			-2.128 	 -3.4677 	 -0.5613
		}
	}
	{"piece13"
		{box 9.58935 11.5912 4.60515}
		{bone "piece13"}
		{matrix34
			-0.8126 	 0.5358 	 -0.2295
			0.5108 	 0.8442 	 0.1624
			0.2808 	 0.0147 	 -0.9597
			6.1043 	 2.2357 	 1.6482
		}
	}
	{"sub_piece01"
		{box 31.3846 3.0238 1.43694}
		{bone "sub_piece01"}
		{matrix34
			0.0277 	 0.4186 	 -0.9077
			-0.3918 	 0.84 	 0.3754
			0.9196 	 0.3453 	 0.1873
			3.309 	 4.641 	 2.2413
		}
	}
	{"sub_piece02"
		{box 3.40989 2.85661 21.0942}
		{bone "sub_piece02"}
		{matrix34
			0.9196 	 0.3453 	 0.1873
			-0.3918 	 0.84 	 0.3754
			-0.0277 	 -0.4186 	 0.9077
			-5.5822 	 -2.2109 	 -0.9145
		}
	}
	{"sub_piece03"
		{box 9.58935 11.5912 4.19068}
		{bone "sub_piece03"}
		{matrix34
			-0.3918 	 0.84 	 0.3754
			0.9196 	 0.3453 	 0.1873
			0.0277 	 0.4186 	 -0.9077
			7.496 	 -0.8911 	 -0.1333
		}
	}
	{"sub_piece04"
		{box 9.58935 11.5912 4.60515}
		{bone "sub_piece04"}
		{matrix34
			-0.8736 	 -0.4676 	 0.1345
			-0.3918 	 0.84 	 0.3754
			-0.2885 	 0.2753 	 -0.9171
			-2.4486 	 -5.2151 	 -2.4224
		}
	}
	{"sub_piece05"
		{box 39.7273 3.0238 3.34172}
		{bone "sub_piece05"}
		{matrix34
			0.0277 	 0.4186 	 -0.9077
			0.3918 	 -0.84 	 -0.3754
			-0.9196 	 -0.3453 	 -0.1873
			0.0653 	 0.0245 	 0.0133
		}
	}
	{"sub_piece06"
		{box 34.1655 3.0238 3.34172}
		{bone "sub_piece06"}
		{matrix34
			-0.0277 	 -0.4186 	 0.9077
			-0.4093 	 0.8332 	 0.3718
			-0.912 	 -0.3612 	 -0.1944
			4.6637 	 -9.6346 	 -1.056
		}
	}
	{"sub_piece07"
		{box 2.39185 10.1436 25.4449}
		{bone "sub_piece07"}
		{matrix34
			0.813 	 -0.5357 	 0.2282
			0.5058 	 0.8438 	 0.1791
			-0.2885 	 -0.0302 	 0.957
			6.4796 	 -0.391 	 0.4379
		}
	}
	{"sub_piece08"
		{box 3.46055 1.29572 36.4325}
		{bone "sub_piece08"}
		{matrix34
			0.2825 	 -0.7595 	 -0.586
			0.9513 	 0.3002 	 0.0695
			0.1231 	 -0.5771 	 0.8073
			6.1312 	 8.0659 	 -1.0797
		}
	}
	{"sub_piece09"
		{box 39.7273 3.0238 3.34172}
		{bone "sub_piece09"}
		{matrix34
			0.0277 	 0.4186 	 -0.9077
			0.3918 	 -0.84 	 -0.3754
			-0.9196 	 -0.3453 	 -0.1873
			0.0653 	 0.0245 	 0.0133
		}
	}
	{"sub_piece10"
		{box 31.3846 3.0238 1.43694}
		{bone "sub_piece10"}
		{matrix34
			0.0277 	 0.4186 	 -0.9077
			-0.3918 	 0.84 	 0.3754
			0.9196 	 0.3453 	 0.1873
			5.3936 	 -2.4841 	 -0.9809
		}
	}
}
