;Exported by	: Oleksandr Tsaprylov
;Date			: 01.02.2023 17:36:54
;File			: E:\projects\gem2-mdl-soldiers\models\entourage\shed_wood_destroyed\shed_wood_destroyed.max
{skeleton
	{bone "shed_wood_destroyed_b_piece_002_x"
		{orientation
			1 	 0 	 0
			0 	 -1 	 0
			0 	 0 	 1
		}
		{bone "piece07"
			{Position -32.4039 	 -27.69 	 63.812}
			{poly "piece07"}
		}
		{bone "piece04"
			{matrix34
				0.9279 	 -0.0839 	 0.3634
				0.1273 	 0.9871 	 -0.0972
				-0.3505 	 0.1364 	 0.9266
				11.5221 	 -10.5466 	 48.5745
			}
			{poly "piece04"}
		}
		{bone "piece03"
			{matrix34
				0.8703 	 -0.3137 	 0.3797
				0.3211 	 0.9459 	 0.0456
				-0.3735 	 0.0822 	 0.924
				4.5359 	 -29.3759 	 28.7834
			}
			{poly "piece03"}
		}
		{bone "piece06"
			{matrix34
				0.9137 	 -0.1414 	 0.3811
				0.0802 	 0.9818 	 0.172
				-0.3984 	 -0.1266 	 0.9084
				-19.0426 	 -31.0006 	 29.2881
			}
			{poly "piece06"}
		}
		{bone "piece08"
			{Position -12.7667 	 -19.7304 	 69.2517}
			{poly "piece08"}
		}
		{bone "sub_piece01"
			{Position -29.5199 	 -5.6792 	 82.9699}
			{poly "sub_piece01"}
		}
		{bone "piece10"
			{Position 43.0135 	 -7.9547 	 26.9022}
			{poly "piece10"}
		}
		{bone "piece11"
			{Position -51.5366 	 4.8966 	 86.4709}
			{poly "piece11"}
		}
		{bone "body"
			{Position 5.7475 	 -21.318 	 7.1093}
			{poly "body"}
		}
		{bone "piece12"
			{Position 29.8752 	 5.9529 	 69.2517}
			{poly "piece12"}
		}
		{bone "piece14"
			{Position 30.4928 	 -17.0828 	 71.3778}
			{poly "piece14"}
		}
		{bone "piece13"
			{Position -38.215 	 -11.5633 	 78.5824}
			{poly "piece13"}
		}
		{bone "piece02"
			{matrix34
				0.9941 	 0.1078 	 0.0137
				-0.1004 	 0.8626 	 0.4959
				0.0416 	 -0.4943 	 0.8683
				22.9919 	 -40.5006 	 25.2042
			}
			{poly "piece02"}
		}
		{bone "piece01"
			{Position 38.4825 	 -14.9419 	 72.7143}
			{poly "piece01"}
		}
		{bone "piece05"
			{matrix34
				0.8968 	 0.3918 	 -0.2057
				-0.3033 	 0.8827 	 0.3588
				0.3221 	 -0.2594 	 0.9105
				34.3992 	 -7.7796 	 47.9669
			}
			{poly "piece05"}
		}
		{bone "piece09"
			{Position -6.1989 	 13.3325 	 94.9268}
			{poly "piece09"}
		}
		{bone "land"
			{parameters "land;ground;"}
			{Position -42.3882 	 -21.4464 	 0}
			{visibility 0}
			{poly "land" {ground}}
		}
	}
}
{obstacle "obstacle01"
	{obb2
		{center 29.6193 21.3852}
		{extent 9.31684 9.72127}
		{axis -1 0}
	}
	{rotate}
}
{obstacle "obstacle02"
	{obb2
		{center -42.4776 21.3852}
		{extent 9.00969 9.50281}
		{axis -1 0}
	}
	{rotate}
}
{obstacle "obstacle03"
	{obb2
		{center 12.9489 18.995}
		{extent 48.9648 5.38493}
		{axis -1 0}
	}
	{rotate}
}
{"volumes"
	{"body01"
		{box 15.8326 17.8977 15.1624}
		{bone "body"}
		{Position 23.8979 	 0.0238 	 0.4719}
	}
	{"body02"
		{box 15.8326 17.8977 15.1624}
		{bone "body"}
		{Position -48.1721 	 0.0238 	 0.4719}
	}
	{"body03"
		{box 95.2684 7.92719 12.1299}
		{bone "body"}
		{Position 4.3018 	 2.194 	 -1.0443}
	}
	{"piece01"
		{box 1.58472 7.20607 11.4124}
		{bone "piece01"}
		{matrix34
			0.0338 	 0.5729 	 -0.8189
			0.064 	 -0.819 	 -0.5703
			-0.9974 	 -0.0332 	 -0.0644
			-0.5446 	 0.0288 	 -0.0017
		}
	}
	{"piece02"
		{box 16.1651 17.7847 17.7485}
		{bone "piece02"}
		{matrix34
			0.9941 	 -0.1004 	 0.0416
			0.1078 	 0.8626 	 -0.4943
			0.0137 	 0.4959 	 0.8683
			8.4979 	 16.0599 	 -8.9717
		}
	}
	{"piece03"
		{box 14.607 7.86936 14.1988}
		{bone "piece03"}
		{matrix34
			0.8703 	 0.3211 	 -0.3735
			-0.3137 	 0.9459 	 0.0822
			0.3797 	 0.0456 	 0.924
			1.2519 	 11.2367 	 -0.5844
		}
	}
	{"piece04"
		{box 19.4272 7.86936 14.1988}
		{bone "piece04"}
		{matrix34
			0.9279 	 0.1273 	 -0.3505
			-0.0839 	 0.9871 	 0.1364
			0.3634 	 -0.0972 	 0.9266
			-2.4414 	 -8.9959 	 0.2512
		}
	}
	{"piece05"
		{box 16.1651 17.7847 18.2862}
		{bone "piece05"}
		{matrix34
			0.8968 	 -0.3033 	 0.3221
			0.3918 	 0.8827 	 -0.2594
			-0.2057 	 0.3588 	 0.9105
			-9.4217 	 -10.7009 	 1.4657
		}
	}
	{"piece06"
		{box 17.7639 7.86936 17.7485}
		{bone "piece06"}
		{matrix34
			0.9137 	 0.0802 	 -0.3984
			-0.1414 	 0.9818 	 -0.1266
			0.3811 	 0.172 	 0.9084
			3.9136 	 12.0841 	 -3.9639
		}
	}
	{"piece07"
		{box 2.3622 2.98768 21.8764}
		{bone "piece07"}
		{matrix34
			-1 	 0 	 0
			0 	 -0.5736 	 0.8192
			0 	 0.8192 	 0.5736
			0.1779 	 0.1655 	 0.1442
		}
	}
	{"piece08"
		{box 2.3622 2.98768 31.3732}
		{bone "piece08"}
		{matrix34
			0 	 1 	 0
			0 	 0 	 1
			1 	 0 	 0
			-0.6815 	 -0.1149 	 0.0731
		}
	}
	{"piece09"
		{box 1.41732 2.09138 50.702}
		{bone "piece09"}
		{matrix34
			0 	 -0.5736 	 0.8192
			0 	 -0.8192 	 -0.5736
			1 	 0 	 0
			-0.1058 	 -0.035 	 0.0295
		}
	}
	{"piece10"
		{box 8.37586 1.25483 52.3753}
		{bone "piece10"}
		{matrix34
			-0.9718 	 -0.0428 	 0.2319
			0.0126 	 0.9725 	 0.2324
			-0.2355 	 0.2287 	 -0.9446
			-0.2044 	 -0.1002 	 0.7763
		}
	}
	{"piece11"
		{box 2.3622 2.98768 49.5}
		{bone "piece11"}
		{matrix34
			-1 	 0 	 0
			0 	 -0.5704 	 0.8213
			0 	 0.8213 	 0.5704
			-0.2046 	 0.252 	 0.3113
		}
	}
	{"piece12"
		{box 2.3622 2.98768 31.3732}
		{bone "piece12"}
		{matrix34
			-1 	 0 	 0
			0 	 0 	 1
			0 	 1 	 0
			0.1151 	 -0.6815 	 0.0731
		}
	}
	{"piece13"
		{box 1.58472 7.20607 23.5609}
		{bone "piece13"}
		{matrix34
			0.1048 	 -0.6049 	 0.7894
			0.6683 	 0.6306 	 0.3946
			-0.7365 	 0.4862 	 0.4703
			0.4269 	 -0.1978 	 -0.4412
		}
	}
	{"piece14"
		{box 2.3622 2.98768 54.7073}
		{bone "piece14"}
		{matrix34
			-1 	 0 	 0
			0 	 -0.5736 	 0.8192
			0 	 0.8192 	 0.5736
			-0.1113 	 -0.171 	 -0.1606
		}
	}
	{"sub_piece01"
		{box 0.666142 1.54762 46.1388}
		{bone "sub_piece01"}
		{matrix34
			0.0121 	 -0.6004 	 0.7996
			0.9397 	 0.2802 	 0.1962
			-0.3418 	 0.749 	 0.5676
			-0.0794 	 -0.1136 	 -0.047
		}
	}
}
