;Exported by	: KobaA
;Date			: 15.01.2024 17:29:06
;File			: d:\git\gem2-mdl-soldiers\models\building\house_70\house_70_fort_x.max
{skeleton
	{bone "h_70_piece08_x"
		{orientation
			1 	 0 	 0
			0 	 -1 	 0
			0 	 0 	 1
		}
		{bone "sub_piece07"
			{matrix34
				-1 	 0 	 0
				0 	 -1 	 0
				0 	 0 	 1
				-28.0412 	 29.9655 	 3.7636
			}
			{poly "sub_piece07"}
		}
		{bone "sub_piece06"
			{matrix34
				-1 	 0 	 0
				0 	 0.8192 	 0.5736
				0 	 0.5736 	 -0.8192
				-28.0271 	 8.1266 	 2.3123
			}
			{poly "sub_piece06"}
		}
		{bone "sub_piece09"
			{matrix34
				-1 	 0 	 0
				0 	 -0.8192 	 -0.5736
				0 	 -0.5736 	 0.8192
				-28.0586 	 -20.3554 	 2.6936
			}
			{poly "sub_piece09"}
		}
		{bone "sub_piece08"
			{matrix34
				-1 	 0 	 0
				0 	 -1 	 0
				0 	 0 	 1
				-28.0261 	 -34.4282 	 -8.4924
			}
			{poly "sub_piece08"}
		}
		{bone "piece01"
			{matrix34
				-1 	 0 	 0
				0 	 1 	 0
				0 	 0 	 -1
				-28.0545 	 -42.3789 	 1.9108
			}
			{poly "piece01"}
		}
		{bone "sub_piece04"
			{matrix34
				0 	 -1 	 0
				1 	 0 	 0
				0 	 0 	 1
				-26.1109 	 -50.9576 	 3.7841
			}
			{poly "sub_piece04"}
		}
		{bone "piece05"
			{matrix34
				0 	 -1 	 0
				-0.6428 	 0 	 -0.766
				0.766 	 0 	 -0.6428
				-13.3747 	 -50.9995 	 10.2536
			}
			{poly "piece05"}
		}
		{bone "piece03"
			{matrix34
				0 	 -1 	 0
				0.9063 	 0 	 -0.4226
				0.4226 	 0 	 0.9063
				-11.5341 	 -50.9995 	 -7.3025
			}
			{poly "piece03"}
		}
		{bone "sub_piece10"
			{matrix34
				0 	 -1 	 0
				0.2588 	 0 	 -0.9659
				0.9659 	 0 	 0.2588
				-9.1595 	 -50.9995 	 -21.0022
			}
			{poly "sub_piece10"}
		}
		{bone "piece04"
			{matrix34
				0 	 -1 	 0
				1 	 0 	 0
				0 	 0 	 1
				2.8388 	 -50.9995 	 -19.4452
			}
			{poly "piece04"}
		}
		{bone "piece02"
			{matrix34
				-1 	 0 	 0
				0 	 -1 	 0
				0 	 0 	 1
				-28.0261 	 2.789 	 -15.5321
			}
			{poly "piece02"}
		}
		{bone "sub_piece11"
			{matrix34
				0 	 -1 	 0
				-0.0872 	 0 	 0.9962
				-0.9962 	 0 	 -0.0872
				4.3743 	 -50.9995 	 -5.354
			}
			{poly "sub_piece11"}
		}
		{bone "sub_piece02"
			{matrix34
				0 	 -1 	 0
				1 	 0 	 0
				0 	 0 	 1
				-1.9759 	 22.6374 	 30.5585
			}
			{poly "sub_piece02"}
		}
		{bone "piece07"
			{matrix34
				0 	 -1 	 0
				1 	 0 	 0
				0 	 0 	 1
				-14.0669 	 -8.7367 	 22.166
			}
			{poly "piece07"}
		}
		{bone "piece08"
			{matrix34
				0 	 -1 	 0
				1 	 0 	 0
				0 	 0 	 1
				-23.4805 	 -43.8425 	 15.6318
			}
			{poly "piece08"}
		}
		{bone "piece06"
			{matrix34
				0 	 -1 	 0
				1 	 0 	 0
				0 	 0 	 1
				-25.239 	 23.959 	 14.4112
			}
			{poly "piece06"}
		}
		{bone "sub_piece12"
			{matrix34
				0 	 -1 	 0
				-0.57 	 0 	 0.8216
				0.8216 	 0 	 0.57
				-14.2842 	 -11.6294 	 19.688
			}
			{poly "sub_piece12"}
		}
		{bone "h_70_piece08a"
			{Position 0 	 0 	 0}
			{poly "h_70_piece08a"}
		}
		{bone "debris_land_002"
			{parameters "land;ground;"}
			{matrix34
				0 	 1 	 0
				-1 	 0 	 0
				0 	 0 	 1
				-2.7205 	 -62.4551 	 -37.7753
			}
			{poly "debris_land_002" {ground}}
		}
		{bone "fort_wall"
			{matrix34
				0 	 1 	 0
				-1 	 0 	 0
				0 	 0 	 1
				-36.4906 	 -27.0608 	 -35.7034
			}
		}
		{bone "stones_001"
			{parameters "land;ground;"}
			{matrix34
				0 	 1 	 0
				-1 	 0 	 0
				0 	 0 	 1
				-2.7205 	 -62.4417 	 -37.3816
			}
			{poly "stones_001" {ground}}
		}
		{bone revolute "attach2"
			{matrix34
				-1 	 0 	 0
				0 	 -1 	 0
				0 	 0 	 1
				-13.7138 	 -29.987 	 -41.3312
			}
		}
		{bone revolute "attach1"
			{matrix34
				0 	 -1 	 0
				1 	 0 	 0
				0 	 0 	 1
				3.1324 	 -34.8206 	 -41.3312
			}
		}
		{bone "debris_land_001"
			{parameters "land;ground;"}
			{Position -39.9221 	 -35.069 	 -37.7753}
			{poly "debris_land_001" {ground}}
		}
		{bone "stones_002"
			{parameters "land;ground;"}
			{Position -39.9087 	 -35.069 	 -37.7753}
			{poly "stones_002" {ground}}
		}
	}
}
{"volumes"
	{"piece01"
		{box 5.90551 19.425 11.7644}
		{bone "piece01"}
		{matrix34
			-1 	 0 	 0
			0 	 -1 	 0
			0 	 0 	 1
			0 	 0 	 -0.3238
		}
	}
	{"piece02"
		{box 5.90551 11.8492 15.049}
		{bone "piece02"}
		{matrix34
			-1 	 0 	 0
			0 	 -0.9659 	 -0.2588
			0 	 -0.2588 	 0.9659
			0 	 -0.2103 	 -0.3737
		}
	}
	{"piece03"
		{box 5.90551 19.425 11.7644}
		{bone "piece03"}
		{matrix34
			-1 	 0 	 0
			0 	 -1 	 0
			0 	 0 	 1
			0 	 0 	 -0.3238
		}
	}
	{"piece04"
		{box 5.90551 11.8492 15.049}
		{bone "piece04"}
		{matrix34
			-1 	 0 	 0
			0 	 -0.9659 	 -0.2588
			0 	 -0.2588 	 0.9659
			0 	 -0.1371 	 -0.3287
		}
	}
	{"piece05"
		{box 5.90551 11.8492 11.2868}
		{bone "piece05"}
		{matrix34
			-1 	 0 	 0
			0 	 -0.9659 	 -0.2588
			0 	 -0.2588 	 0.9659
			0 	 0.2766 	 -0.3175
		}
	}
	{"piece06"
		{box 1.58609 26.6397 22.2638}
		{bone "piece06"}
		{matrix34
			0 	 -0.5736 	 0.8192
			1 	 0 	 0
			0 	 0.8192 	 0.5736
			-0.6053 	 -0.8943 	 0.7174
		}
	}
	{"piece07"
		{box 1.58609 31.7139 15.9027}
		{bone "piece07"}
		{matrix34
			0 	 -0.5736 	 0.8192
			1 	 0 	 0
			0 	 0.8192 	 0.5736
			0.0334 	 -1.5537 	 0.3237
		}
	}
	{"piece08"
		{box 1.58609 22.6528 25.6495}
		{bone "piece08"}
		{matrix34
			0 	 -0.5736 	 0.8192
			1 	 0 	 0
			0 	 0.8192 	 0.5736
			0.2726 	 -1.0734 	 0.6027
		}
	}
	{"sub_piece02"
		{box 1.58609 20.073 14.6941}
		{bone "sub_piece02"}
		{matrix34
			0 	 -0.5736 	 0.8192
			1 	 0 	 0
			0 	 0.8192 	 0.5736
			0.8326 	 -1.3797 	 0.5192
		}
	}
	{"sub_piece04"
		{box 5.90551 6.60838 5.87984}
		{bone "sub_piece04"}
		{matrix34
			-1 	 0 	 0
			0 	 -1 	 0
			0 	 0 	 1
			0 	 0.0863 	 -0.5668
		}
	}
	{"sub_piece06"
		{box 5.90551 9.7125 7.41157}
		{bone "sub_piece06"}
		{matrix34
			-1 	 0 	 0
			0 	 -1 	 0
			0 	 0 	 1
			0 	 -0.3815 	 -0.619
		}
	}
	{"sub_piece07"
		{box 5.90551 6.60838 5.87984}
		{bone "sub_piece07"}
		{matrix34
			-1 	 0 	 0
			0 	 -1 	 0
			0 	 0 	 1
			0 	 0.0863 	 -0.2113
		}
	}
	{"sub_piece08"
		{box 5.90551 8.06137 6.37395}
		{bone "sub_piece08"}
		{matrix34
			-1 	 0 	 0
			0 	 -1 	 0
			0 	 0 	 1
			0 	 0.0694 	 -0.1063
		}
	}
	{"sub_piece09"
		{box 5.90551 6.31431 10.9153}
		{bone "sub_piece09"}
		{matrix34
			-1 	 0 	 0
			0 	 -0.766 	 0.6428
			0 	 0.6428 	 0.766
			0 	 -0.4428 	 -0.0752
		}
	}
	{"sub_piece10"
		{box 5.90551 8.06137 6.37395}
		{bone "sub_piece10"}
		{matrix34
			-1 	 0 	 0
			0 	 -1 	 0
			0 	 0 	 1
			0 	 0.0694 	 -0.1063
		}
	}
	{"sub_piece11"
		{box 5.90551 9.7125 7.41157}
		{bone "sub_piece11"}
		{matrix34
			-1 	 0 	 0
			0 	 -1 	 0
			0 	 0 	 1
			0 	 -0.3815 	 -0.619
		}
	}
	{"sub_piece12"
		{box 2.95276 2.95276 46.913}
		{bone "sub_piece12"}
		{matrix34
			0 	 -1 	 0.0044
			-1 	 0 	 0
			0 	 -0.0044 	 -1
			0.1691 	 -0.1192 	 0.9876
		}
	}
	{"target_vol_001"
		{box 9.84252 11.811 15.6501}
		{bone "h_70_piece08_x"}
		{matrix34
			-1 	 0 	 0
			0 	 -1 	 0
			0 	 0 	 1
			-27.7782 	 -29.987 	 -17.9426
		}
	}
	{"target_vol_002"
		{box 9.84252 11.811 15.6501}
		{bone "h_70_piece08_x"}
		{matrix34
			0 	 -1 	 0
			1 	 0 	 0
			0 	 0 	 1
			3.1324 	 -51.09 	 -17.9426
		}
	}
	{"vol_01"
		{box 6.17284 68.8976 15.8189}
		{bone "h_70_piece08a"}
		{Position -28.1673 	 -19.4155 	 -33.4092}
	}
	{"vol_02"
		{polyhedron}
		{bone "h_70_piece08a"}
		{Position -28.1673 	 -45.6783 	 -25.3638}
	}
	{"vol_03"
		{polyhedron}
		{bone "h_70_piece08a"}
		{matrix34
			0 	 -1 	 0
			1 	 0 	 0
			0 	 0 	 1
			-20.2584 	 -50.8023 	 -28.3809
		}
	}
	{"vol_04"
		{box 45.1303 6.17284 13.0123}
		{bone "h_70_piece08a"}
		{Position -8.412 	 -50.8913 	 -34.8125}
	}
}
