;Exported by:	 tolokolnikova
;Date:			 28.07.2016 16:41:41
;File:			 D:\gem2\gem2-mdl-soldiers\models\entourage\shelter_box\shelter-gr_cart001_Gem2.max
{skeleton
	{bone "basis003"
		{orientation
			1 	 0 	 0
			0 	 -1 	 0
			0 	 0 	 1
		}
		{bone "group001"
			{matrix34
				-1 	 0 	 0
				0 	 -1 	 0
				0 	 0 	 1
				17.9929 	 0 	 21.8594
			}
			{poly "group001"}
		}
	}
}
{volume "body10"
	{box 31.2391 0.80307 11.3489}
	{bone "basis003"}
	{matrix34
		0 	 -1 	 0
		0.9962 	 0 	 0.0872
		-0.0872 	 0 	 0.9962
		-32.4425 	 0 	 23.6117
	}
}
{volume "body1"
	{cylinder 13.4048 1.47638}
	{bone "basis003"}
	{matrix34
		-1 	 0 	 0
		0 	 0 	 1
		0 	 1 	 0
		17.6153 	 16.8526 	 13.073
	}
}
{volume "body2"
	{box 50.3623 1.87626 1.51952}
	{bone "basis003"}
	{matrix34
		-0.9659 	 0 	 0.2588
		0 	 -1 	 0
		0.2588 	 0 	 0.9659
		46.6336 	 -11.5748 	 7.5084
	}
}
{volume "body3"
	{cylinder 14.7131 1.47638}
	{bone "basis003"}
	{matrix34
		-1 	 0 	 0
		0 	 0 	 1
		0 	 1 	 0
		-18.6947 	 16.5781 	 14.6146
	}
}
{volume "body4"
	{cylinder 14.7131 1.47638}
	{bone "basis003"}
	{matrix34
		-1 	 0 	 0
		0 	 0 	 1
		0 	 1 	 0
		-18.6947 	 -16.9395 	 14.6146
	}
}
{volume "body5"
	{box 50.3623 1.87626 1.51952}
	{bone "basis003"}
	{matrix34
		-0.9659 	 0 	 0.2588
		0 	 -1 	 0
		0.2588 	 0 	 0.9659
		46.6336 	 11.4019 	 7.5084
	}
}
{volume "body6"
	{cylinder 13.4048 1.47638}
	{bone "basis003"}
	{matrix34
		-1 	 0 	 0
		0 	 0 	 1
		0 	 1 	 0
		17.6153 	 -16.3891 	 13.073
	}
}
{volume "body7"
	{polyhedron}
	{bone "basis003"}
	{matrix34
		-1 	 0 	 0
		0 	 -1 	 0
		0 	 0 	 1
		-2.3918 	 0 	 17.655
	}
}
{volume "body8"
	{box 62.4782 0.55307 11.3489}
	{bone "basis003"}
	{matrix34
		-1 	 0 	 0
		0 	 -0.9962 	 -0.0872
		0 	 -0.0872 	 0.9962
		-1.2457 	 -13.8884 	 23.6117
	}
}
{volume "body9"
	{box 62.4782 0.80307 11.3489}
	{bone "basis003"}
	{matrix34
		-1 	 0 	 0
		0 	 -0.9962 	 0.0872
		0 	 0.0872 	 0.9962
		-1.2457 	 13.7789 	 23.6117
	}
}
