;Exported by	: KobaA
;Date			: 11.04.2024 16:04:05
;File			: d:\git\gem2-mdl-soldiers\models\entourage\shelter_box\shelter_gr001_004_new2_gem2_x.max
{skeleton
	{bone "basis_gr_010"
		{orientation
			1 	 0 	 0
			0 	 -1 	 0
			0 	 0 	 1
		}
		{bone "piece07"
			{matrix34
				0.9997 	 -0.0257 	 0
				0.0178 	 0.9998 	 0
				0 	 0 	 1
				-2.8042 	 1.4673 	 2.1601
			}
			{poly "piece07"}
		}
		{bone "piece08"
			{matrix34
				-0.6407 	 -0.0157 	 -0.7676
				0.0484 	 -0.9986 	 -0.02
				-0.7662 	 -0.05 	 0.6406
				-9.6431 	 5.0898 	 5.7478
			}
			{poly "piece08"}
		}
		{bone "piece09"
			{matrix34
				-0.9997 	 -0.0157 	 0.0175
				0.0148 	 -0.9986 	 -0.0503
				0.0182 	 -0.05 	 0.9986
				7.5666 	 5.0898 	 23.1656
			}
			{poly "piece09"}
		}
		{bone "piece10"
			{matrix34
				-0.9997 	 -0.0157 	 0.0175
				0.0148 	 -0.9986 	 -0.0503
				0.0182 	 -0.05 	 0.9986
				7.5666 	 5.0898 	 12.2564
			}
			{poly "piece10"}
		}
		{bone "piece01"
			{matrix34
				-0.0378 	 0.9987 	 -0.0354
				-0.729 	 -0.0518 	 -0.6825
				-0.6835 	 0 	 0.73
				-4.8453 	 10.5887 	 9.6544
			}
			{poly "piece01"}
		}
		{bone "piece02"
			{matrix34
				-0.2252 	 0.9512 	 -0.2109
				-0.6944 	 -0.3085 	 -0.6501
				-0.6835 	 0 	 0.73
				-9.2769 	 11.1694 	 8.7123
			}
			{poly "piece02"}
		}
		{bone "piece03"
			{matrix34
				0.0853 	 0.9956 	 -0.039
				-0.7243 	 0.0351 	 -0.6886
				-0.6842 	 0.087 	 0.7241
				-8.4994 	 11.1029 	 14.5697
			}
			{poly "piece03"}
		}
		{bone "piece04"
			{matrix34
				0.9848 	 0.1736 	 0
				0 	 0 	 -1
				-0.1736 	 0.9848 	 0
				0.5338 	 -10.5539 	 10.3566
			}
			{poly "piece04"}
		}
		{bone "piece05"
			{matrix34
				0.1182 	 0.7373 	 -0.6652
				-0.9908 	 0.0426 	 -0.1288
				-0.0666 	 0.6742 	 0.7355
				-1.8453 	 -2.4291 	 3.9247
			}
			{poly "piece05"}
		}
		{bone "piece06"
			{matrix34
				0.0853 	 0.9956 	 -0.039
				-0.7243 	 0.0351 	 -0.6886
				-0.6842 	 0.087 	 0.7241
				9.704 	 1.0322 	 8.2755
			}
			{poly "piece06"}
		}
		{bone "fx_wood1"
			{Position -0.9018 	 6.2226 	 0}
		}
		{bone "fx_wood2"
			{Position -0.9018 	 6.2226 	 0}
		}
		{bone "fx_wood2a"
			{Position -0.9018 	 6.2226 	 0}
		}
		{bone "fx_dust2"
			{Position -0.9018 	 6.2226 	 0}
		}
		{bone "fx_dust1"
			{Position -0.9018 	 6.2226 	 0}
		}
	}
}
{"volumes"
	{"piece01"
		{box 12.1682 6.76974 0.30069}
		{bone "piece01"}
		{matrix34
			-0.0235 	 0.9925 	 -0.1197
			-0.9997 	 -0.0233 	 0.0028
			0 	 0.1197 	 0.9928
			0.0059 	 -0.1776 	 1.261
		}
	}
	{"piece02"
		{box 0.848221 0.925499 12.4827}
		{bone "piece02"}
		{matrix34
			0.0184 	 0.0292 	 0.9994
			-0.0057 	 0.9996 	 -0.0291
			-0.9998 	 -0.0051 	 0.0186
			0.2795 	 -0.0396 	 -0.0138
		}
	}
	{"piece03"
		{box 1.09979 0.973195 12.0728}
		{bone "piece03"}
		{matrix34
			0.0079 	 -0.0091 	 0.9999
			-0.0095 	 0.9999 	 0.0092
			-0.9999 	 -0.0095 	 0.0079
			0.4653 	 0.0564 	 0.0427
		}
	}
	{"piece04"
		{box 6.67397 7.98261 0.914921}
		{bone "piece04"}
		{matrix34
			0.9999 	 -0.0093 	 -0.0127
			0.0145 	 0.2174 	 0.976
			-0.0063 	 -0.976 	 0.2175
			0.0231 	 -0.0452 	 0.102
		}
	}
	{"piece05"
		{box 7.0415 3.89937 0.34569}
		{bone "piece05"}
		{matrix34
			0.1219 	 0.9902 	 0.0677
			0.1587 	 0.0479 	 -0.9862
			-0.9798 	 0.131 	 -0.1513
			-3.0482 	 -0.0237 	 2.03
		}
	}
	{"piece06"
		{box 1.09979 0.973195 12.0728}
		{bone "piece06"}
		{matrix34
			0.0079 	 -0.0091 	 0.9999
			-0.0095 	 0.9999 	 0.0092
			-0.9999 	 -0.0095 	 0.0079
			0.4654 	 0.0564 	 0.0426
		}
	}
	{"piece07"
		{box 6.70403 5.473 0.439873}
		{bone "piece07"}
		{matrix34
			0.9998 	 0.0218 	 0
			-0.0218 	 0.9998 	 0
			0 	 0 	 1
			-0.0334 	 3.9201 	 1.8722
		}
	}
	{"piece08"
		{box 1.53929 11.482 12.4838}
		{bone "piece08"}
		{matrix34
			-0.0026 	 -0.0105 	 0.9999
			-0.0173 	 0.9998 	 0.0105
			-0.9998 	 -0.0173 	 -0.0028
			-0.3988 	 -5.0704 	 0.3945
		}
	}
	{"piece09"
		{box 0.305893 7.23364 12.4838}
		{bone "piece09"}
		{matrix34
			-0.0026 	 -0.0105 	 0.9999
			-0.0173 	 0.9998 	 0.0105
			-0.9998 	 -0.0173 	 -0.0028
			-0.4536 	 -7.6943 	 -0.4768
		}
	}
	{"piece10"
		{box 0.338797 11.482 12.4838}
		{bone "piece10"}
		{matrix34
			-0.0026 	 -0.0105 	 0.9999
			-0.0173 	 0.9998 	 0.0105
			-0.9998 	 -0.0173 	 -0.0028
			-0.0542 	 -4.8926 	 0.1438
		}
	}
}
