;Exported by	: KobaA
;Date			: 02.03.2023 10:34:04
;File			: D:\git\gem2-mdl-soldiers\models\building\greenhouse\greenhouse_cut.max
{skeleton
	{bone "greenhouse_piece04"
		{orientation
			1 	 0 	 0
			0 	 -1 	 0
			0 	 0 	 1
		}
		{poly "greenhouse_piece04"}
		{bone "window6"
			{matrix34
				0 	 -1 	 0
				0 	 0 	 1
				-1 	 0 	 0
				-32.4584 	 -7.5189 	 -11.6127
			}
			{poly "window6"}
		}
		{bone "window1"
			{matrix34
				-1 	 0 	 0
				0 	 0 	 1
				0 	 1 	 0
				-13.277 	 18.8739 	 -11.6127
			}
			{poly "window1"}
		}
		{bone "window2"
			{matrix34
				-1 	 0 	 0
				0 	 0 	 1
				0 	 1 	 0
				25.24 	 18.8739 	 -11.6127
			}
			{poly "window2"}
		}
		{bone "window3"
			{matrix34
				-1 	 0 	 0
				0 	 -0.8856 	 0.4645
				0 	 0.4645 	 0.8856
				-13.3368 	 9.4639 	 10.8061
			}
			{poly "window3"}
		}
		{bone "window5"
			{matrix34
				-1 	 0 	 0
				0 	 -0.8856 	 0.4645
				0 	 0.4645 	 0.8856
				25.1803 	 -15.2494 	 23.7888
			}
			{poly "window5"}
		}
		{bone "window4"
			{matrix34
				-1 	 0 	 0
				0 	 -0.8856 	 0.4645
				0 	 0.4645 	 0.8856
				-13.3368 	 -15.2494 	 23.7888
			}
			{poly "window4"}
		}
		{bone "window7"
			{matrix34
				0 	 -1 	 0
				0 	 0 	 1
				-1 	 0 	 0
				-32.4584 	 -7.0963 	 16.9329
			}
			{poly "window7"}
		}
		{bone "window10"
			{matrix34
				1 	 0 	 0
				0 	 0.8856 	 0.4645
				0 	 -0.4645 	 0.8856
				-13.2304 	 58.3944 	 23.7888
			}
			{poly "window10"}
		}
		{bone "window9"
			{matrix34
				-1 	 0 	 0
				0 	 -0.8856 	 0.4645
				0 	 0.4645 	 0.8856
				25.2595 	 33.7791 	 23.7888
			}
			{poly "window9"}
		}
		{bone "window8"
			{matrix34
				-1 	 0 	 0
				0 	 -0.8856 	 0.4645
				0 	 0.4645 	 0.8856
				63.6177 	 8.6053 	 10.8061
			}
			{poly "window8"}
		}
		{bone "window1_x"
			{matrix34
				-1 	 0 	 0
				0 	 0 	 1
				0 	 1 	 0
				-13.277 	 18.8739 	 -11.6127
			}
			{poly "window1_x"}
		}
		{bone "window2_x"
			{matrix34
				-1 	 0 	 0
				0 	 0 	 1
				0 	 1 	 0
				25.24 	 18.8739 	 -11.6127
			}
			{poly "window2_x"}
		}
		{bone "window3_x"
			{matrix34
				-1 	 0 	 0
				0 	 -0.8856 	 0.4645
				0 	 0.4645 	 0.8856
				-13.3368 	 9.4639 	 10.8061
			}
			{poly "window3_x"}
		}
		{bone "window4_x"
			{matrix34
				-1 	 0 	 0
				0 	 -0.8856 	 0.4645
				0 	 0.4645 	 0.8856
				-13.3368 	 -15.2494 	 23.7888
			}
			{poly "window4_x"}
		}
		{bone "window5_x"
			{matrix34
				-1 	 0 	 0
				0 	 -0.8856 	 0.4645
				0 	 0.4645 	 0.8856
				25.1803 	 -15.2494 	 23.7888
			}
			{poly "window5_x"}
		}
		{bone "window6_x"
			{matrix34
				0 	 -1 	 0
				0 	 0 	 1
				-1 	 0 	 0
				-32.4584 	 -7.5189 	 -11.6127
			}
			{poly "window6_x"}
		}
		{bone "window7_x"
			{matrix34
				0 	 -1 	 0
				0 	 0 	 1
				-1 	 0 	 0
				-32.4584 	 -7.0963 	 16.9329
			}
			{poly "window7_x"}
		}
		{bone "window8_x"
			{matrix34
				-1 	 0 	 0
				0 	 -0.8856 	 0.4645
				0 	 0.4645 	 0.8856
				63.6177 	 8.6053 	 10.8061
			}
			{poly "window8_x"}
		}
		{bone "window9_x"
			{matrix34
				-1 	 0 	 0
				0 	 -0.8856 	 0.4645
				0 	 0.4645 	 0.8856
				25.2595 	 33.7791 	 23.7888
			}
			{poly "window9_x"}
		}
		{bone "window10_x"
			{matrix34
				1 	 0 	 0
				0 	 0.8856 	 0.4645
				0 	 -0.4645 	 0.8856
				-13.2304 	 58.3944 	 23.7888
			}
			{poly "window10_x"}
		}
	}
}
{obstacle "obstacle01"
	{obb2
		{center -32.6097 8.76962}
		{extent 4.92126 20.6851}
		{axis -1 0}
	}
	{rotate}
}
{obstacle "obstacle02"
	{obb2
		{center 0.931351 24.9682}
		{extent 4.92126 36.4512}
		{axis 4.84466e-08 1}
	}
	{rotate}
}
{obstacle "obstacle03"
	{obb2
		{center -43.0617 -12.6434}
		{extent 0.590551 9.97973}
		{axis 0.0871588 0.996194}
	}
	{rotate}
}
{obstacle "obstacle04"
	{obb2
		{center 3.89595 8.65238}
		{extent 9.84252 35.4331}
		{axis 4.84467e-08 1}
	}
	{rotate}
}
{"volumes"
	{"body01"
		{box 5.51181 40.6712 14.7638}
		{bone "greenhouse_piece04"}
		{matrix34
			-1 	 0 	 0
			0 	 -1 	 0
			0 	 0 	 1
			-32.6097 	 -8.7696 	 -33.8983
		}
	}
	{"body02"
		{box 5.51181 73.8761 14.7638}
		{bone "greenhouse_piece04"}
		{matrix34
			0 	 1 	 0
			-1 	 0 	 0
			0 	 0 	 1
			0.4003 	 -24.9682 	 -33.8983
		}
	}
	{"body03"
		{box 56.1822 18.0433 10.3693}
		{bone "greenhouse_piece04"}
		{matrix34
			-1 	 0 	 0
			0 	 -1 	 0
			0 	 0 	 1
			-1.7565 	 -9.237 	 -36.0955
		}
	}
	{"body04"
		{cylinder 6.88713 21.4211}
		{bone "greenhouse_piece04"}
		{matrix34
			-1 	 0 	 0
			0 	 -1 	 0
			0 	 0 	 1
			32.7014 	 -5.7614 	 -30.5696
		}
	}
	{"body05"
		{cylinder 2.01724 69.2074}
		{bone "greenhouse_piece04"}
		{matrix34
			-1 	 0 	 0
			0 	 -1 	 0
			0 	 0 	 1
			33.872 	 -7.9091 	 14.6082
		}
	}
	{"body06"
		{box 20.2953 0.984252 40.7298}
		{bone "greenhouse_piece04"}
		{matrix34
			0.9962 	 0.0872 	 0
			-0.0872 	 0.9962 	 0
			0 	 0 	 1
			-42.0618 	 11.6477 	 -18.9281
		}
	}
	{"body07"
		{box 37.57 0.984252 30.6424}
		{bone "greenhouse_piece04"}
		{matrix34
			0 	 1 	 0
			-1 	 0 	 0
			0 	 0 	 1
			-32.7112 	 -7.3119 	 -11.1024
		}
	}
	{"body08"
		{box 82.2381 0.984252 30.6424}
		{bone "greenhouse_piece04"}
		{matrix34
			-1 	 0 	 0
			0 	 -1 	 0
			0 	 0 	 1
			7.5662 	 -24.8467 	 -11.1024
		}
	}
	{"body09"
		{box 81.9058 0.984252 55.7982}
		{bone "greenhouse_piece04"}
		{matrix34
			-1 	 0 	 0
			0 	 -0.4772 	 0.8788
			0 	 0.8788 	 0.4772
			7.5142 	 -3.2587 	 17.6483
		}
	}
	{"body10"
		{polyhedron}
		{bone "greenhouse_piece04"}
		{matrix34
			0 	 1 	 0
			-1 	 0 	 0
			0 	 0 	 1
			-32.6892 	 -7.1634 	 4.1578
		}
	}
	{"body11"
		{box 76.3187 0.984252 7.57459}
		{bone "greenhouse_piece04"}
		{matrix34
			1 	 0 	 0
			0 	 0.4772 	 0.8788
			0 	 -0.8788 	 0.4772
			4.8037 	 24.5611 	 29.4512
		}
	}
	{"body12"
		{box 3.0614 3.09081 65.5648}
		{bone "greenhouse_piece04"}
		{Position 5.9779 	 21.5171 	 -8.4978}
	}
	{"hole01"
		{box 36.9742 11.811 6.66253}
		{bone "greenhouse_piece04"}
		{matrix34
			1 	 0 	 0
			0 	 0.4772 	 0.8788
			0 	 -0.8788 	 0.4772
			-13.2084 	 25.2126 	 28.9968
		}
	}
	{"hole02"
		{box 32.6889 11.811 7.7295}
		{bone "greenhouse_piece04"}
		{matrix34
			1 	 0 	 0
			0 	 0.4772 	 0.8788
			0 	 -0.8788 	 0.4772
			23.2908 	 26.0887 	 28.5211
		}
	}
	{"hole03"
		{polyhedron}
		{bone "greenhouse_piece04"}
		{matrix34
			0 	 1 	 0
			-1 	 0 	 0
			0 	 0 	 1
			-32.7135 	 -7.1121 	 4.1578
		}
	}
	{"hole04"
		{box 33.0045 11.811 29.1339}
		{bone "greenhouse_piece04"}
		{matrix34
			0 	 1 	 0
			-1 	 0 	 0
			0 	 0 	 1
			-32.7135 	 -7.1121 	 -10.2912
		}
	}
	{"hole05"
		{box 35.7677 11.811 29.1339}
		{bone "greenhouse_piece04"}
		{matrix34
			-1 	 0 	 0
			0 	 -1 	 0
			0 	 0 	 1
			-13.2279 	 -24.8748 	 -10.2912
		}
	}
	{"hole06"
		{box 38.5879 11.811 29.1339}
		{bone "greenhouse_piece04"}
		{matrix34
			-1 	 0 	 0
			0 	 -1 	 0
			0 	 0 	 1
			26.5981 	 -24.8748 	 -10.2912
		}
	}
	{"hole07"
		{box 36.8307 11.811 25.8238}
		{bone "greenhouse_piece04"}
		{matrix34
			-1 	 0 	 0
			0 	 -0.4772 	 0.8788
			0 	 0.8788 	 0.4772
			-13.1018 	 -15.0117 	 11.2606
		}
	}
	{"hole08"
		{box 36.8307 11.811 26.3386}
		{bone "greenhouse_piece04"}
		{matrix34
			-1 	 0 	 0
			0 	 -0.4772 	 0.8788
			0 	 0.8788 	 0.4772
			-13.2809 	 9.2422 	 24.4294
		}
	}
	{"hole09"
		{box 36.8307 11.811 26.3386}
		{bone "greenhouse_piece04"}
		{matrix34
			-1 	 0 	 0
			0 	 -0.4772 	 0.8788
			0 	 0.8788 	 0.4772
			25.3149 	 9.2422 	 24.4294
		}
	}
	{"hole10"
		{box 11.0492 11.811 50.0982}
		{bone "greenhouse_piece04"}
		{matrix34
			-1 	 0 	 0
			0 	 -0.4772 	 0.8788
			0 	 0.8788 	 0.4772
			51.5278 	 -4.3453 	 17.052
		}
	}
	{"window1"
		{box 35.7677 1.37795 29.1339}
		{bone "window1"}
		{matrix34
			1 	 0 	 0
			0 	 0 	 -1
			0 	 1 	 0
			-0.0492 	 1.3215 	 -43.7487
		}
	}
	{"window10"
		{box 36.9742 1.37795 6.66253}
		{bone "window10"}
		{matrix34
			1 	 0 	 0
			0 	 0.8308 	 0.5566
			0 	 -0.5566 	 0.8308
			0.022 	 -26.9658 	 20.025
		}
	}
	{"window2"
		{box 38.5879 1.37795 29.1339}
		{bone "window2"}
		{matrix34
			1 	 0 	 0
			0 	 0 	 -1
			0 	 1 	 0
			-1.3581 	 1.3215 	 -43.7487
		}
	}
	{"window3"
		{box 36.8307 1.37795 25.8238}
		{bone "window3"}
		{matrix34
			1 	 0 	 0
			0 	 0.8308 	 0.5566
			0 	 -0.5566 	 0.8308
			-0.235 	 21.8861 	 -10.9663
		}
	}
	{"window4"
		{box 36.8307 1.37795 26.3386}
		{bone "window4"}
		{matrix34
			1 	 0 	 0
			0 	 0.8308 	 0.5566
			0 	 -0.5566 	 0.8308
			-0.0559 	 -21.3915 	 11.9437
		}
	}
	{"window5"
		{box 36.8307 1.37795 26.3386}
		{bone "window5"}
		{matrix34
			1 	 0 	 0
			0 	 0.8308 	 0.5566
			0 	 -0.5566 	 0.8308
			-0.1346 	 -21.3916 	 11.9437
		}
	}
	{"window6"
		{box 33.0045 1.37795 29.1339}
		{bone "window6"}
		{matrix34
			-1 	 0 	 0
			0 	 0 	 1
			0 	 1 	 0
			-0.4068 	 1.3215 	 0.2551
		}
	}
	{"window7"
		{polyhedron}
		{bone "window7"}
		{matrix34
			-1 	 0 	 0
			0 	 0 	 1
			0 	 1 	 0
			0.0158 	 -12.7751 	 0.2551
		}
	}
	{"window8"
		{box 11.0492 1.37795 50.0982}
		{bone "window8"}
		{matrix34
			1 	 0 	 0
			0 	 0.8308 	 0.5566
			0 	 -0.5566 	 0.8308
			12.0898 	 14.37 	 -0.4843
		}
	}
	{"window9"
		{box 32.6889 1.37795 7.7295}
		{bone "window9"}
		{matrix34
			-1 	 0 	 0
			0 	 -0.0143 	 0.9999
			0 	 0.9999 	 0.0143
			1.9687 	 9.0085 	 0.6186
		}
	}
}
