;Exported by:	 Цаприлов Олександр
;Date:			 02.11.2020 17:48:49
;File:			 E:\projects\gem2-mdl-soldiers\models\landscape\rock\s_stone\s_stone_02\s_stone_02_group.max
{skeleton
	{bone "stone_09"
		{orientation
			1 	 0 	 0
			0 	 -1 	 0
			0 	 0 	 1
		}
		{bone "stone04"
			{matrix34
				0.9513 	 -0.2588 	 -0.1677
				0.2388 	 0.9623 	 -0.1306
				0.1952 	 0.0842 	 0.9771
				-11.5989 	 -36.2294 	 -4.8704
			}
			{VolumeView "stone04.ply"}
		}
		{bone "stone06"
			{matrix34
				0.2756 	 -0.9322 	 0.2347
				0.6416 	 0.3602 	 0.6771
				-0.7158 	 -0.036 	 0.6974
				28.3883 	 -68.0698 	 -27.9679
			}
			{VolumeView "stone06.ply"}
		}
		{bone "stone05"
			{matrix34
				0.2595 	 -0.8544 	 0.4502
				0.9137 	 0.0662 	 -0.401
				0.3129 	 0.5154 	 0.7978
				26.115 	 -22.0164 	 -28.9946
			}
			{VolumeView "stone05.ply"}
		}
		{bone "stone03"
			{matrix34
				-0.7013 	 -0.3163 	 0.6388
				0.3373 	 -0.9367 	 -0.0935
				0.628 	 0.1499 	 0.7637
				-13.625 	 16.0139 	 -13.5305
			}
			{VolumeView "stone03.ply"}
		}
		{bone "stone01"
			{matrix34
				0.6978 	 0.5957 	 -0.3978
				-0.6912 	 0.7057 	 -0.1556
				0.188 	 0.3835 	 0.9042
				-42.4549 	 -12.3937 	 -15.5595
			}
			{VolumeView "stone01.ply"}
		}
		{bone "stone02"
			{matrix34
				-0.5275 	 0.8406 	 -0.1228
				-0.5577 	 -0.4517 	 -0.6964
				-0.6409 	 -0.2988 	 0.7071
				42.5654 	 30.1487 	 -27.2546
			}
			{VolumeView "stone02.ply"}
		}
	}
}
{obstacle "line011"
	{polygon2
		{radius 0}
		{vertex -73.4239 -54.0971}
		{vertex 2.97733 -70.3527}
		{vertex 63.6648 -45.9693}
		{vertex 99.4271 3.8811}
		{vertex 62.0393 81.3661}
		{vertex 9.47955 95.4543}
		{vertex -53.9172 81.3661}
		{vertex -97.8073 32.0575}
		{vertex -96.1818 -23.2115}
	}
	{rotate}
}
{volume "stone01"
	{polyhedron "stone01.vol"}
	{bone "stone01"}
	{Position 0 	 0 	 0}
}
{volume "stone02"
	{polyhedron "stone02.vol"}
	{bone "stone02"}
	{Position -3.442 	 -1.5464 	 0}
}
{volume "stone03"
	{polyhedron "stone03.vol"}
	{bone "stone03"}
	{matrix34
		0.9876 	 0.1394 	 0.0721
		-0.136 	 0.9894 	 -0.0504
		-0.0783 	 0.04 	 0.9961
		0.1346 	 0.1171 	 -0.4305
	}
}
{volume "stone04"
	{polyhedron "stone04.vol"}
	{bone "stone04"}
	{Position -3.442 	 -1.5464 	 0}
}
{volume "stone05"
	{polyhedron "stone05.vol"}
	{bone "stone05"}
	{Position 0 	 0 	 0}
}
{volume "stone06"
	{polyhedron "stone06.vol"}
	{bone "stone06"}
	{Position -3.442 	 -1.5464 	 0}
}
