;Exported by:	 tolokolnikova
;Date:			 27.04.2016 10:40:15
;File:			 D:\gem2\gem2-mdl-soldiers\models\building\hangar_wood\HW2_x.max
{skeleton
	{bone "hangar_piece_09"
		{orientation
			1 	 0 	 0
			0 	 -1 	 0
			0 	 0 	 1
		}
		{bone "piece01"
			{matrix34
				-1 	 0 	 0
				0 	 -1 	 0
				0 	 0 	 1
				-25.3794 	 -32.2252 	 19.5985
			}
			{poly "piece01"}
		}
		{bone "piece02"
			{matrix34
				-1 	 0 	 0
				0 	 -1 	 0
				0 	 0 	 1
				6.0072 	 -32.2291 	 -35.7337
			}
			{poly "piece02"}
		}
		{bone "piece03"
			{matrix34
				-0.0349 	 0 	 -0.9994
				0 	 -1 	 0
				-0.9994 	 0 	 0.0349
				-0.7214 	 -32.2516 	 21.9564
			}
			{poly "piece03"}
		}
		{bone "piece04"
			{matrix34
				-1 	 0 	 0
				0 	 -1 	 0
				0 	 0 	 1
				35.2784 	 -32.2578 	 17.0176
			}
			{poly "piece04"}
		}
		{bone "piece05"
			{matrix34
				-1 	 0 	 0
				0 	 -1 	 0
				0 	 0 	 1
				26.2113 	 -32.3025 	 -8.0557
			}
			{poly "piece05"}
		}
		{bone "piece06"
			{matrix34
				-0.6947 	 0 	 0.7193
				0 	 -1 	 0
				0.7193 	 0 	 0.6947
				-19.5919 	 -32.2692 	 -27.163
			}
			{poly "piece06"}
		}
		{bone "piece07"
			{matrix34
				-0.0872 	 0 	 -0.9962
				0 	 -1 	 0
				-0.9962 	 0 	 0.0872
				-37.4097 	 -32.3288 	 -7.2516
			}
			{poly "piece07"}
		}
		{bone "sub_piece01"
			{matrix34
				-1 	 0 	 0
				0 	 -1 	 0
				0 	 0 	 1
				25.4373 	 -32.1758 	 -28.9476
			}
			{poly "sub_piece01"}
		}
		{bone "sub_piece02"
			{matrix34
				-0.5736 	 0 	 0.8192
				0 	 -1 	 0
				0.8192 	 0 	 0.5736
				7.0924 	 -32.2446 	 -17.9727
			}
			{poly "sub_piece02"}
		}
		{bone "sub_piece03"
			{matrix34
				-0.1908 	 0 	 -0.9816
				0 	 -1 	 0
				-0.9816 	 0 	 0.1908
				17.6888 	 -32.3374 	 16.4822
			}
			{poly "sub_piece03"}
		}
		{bone "sub_piece04"
			{matrix34
				1 	 0 	 0
				0 	 -0.1392 	 0.9903
				0 	 -0.9903 	 -0.1392
				-6.6946 	 -5.6863 	 41.2376
			}
			{poly "sub_piece04"}
		}
		{bone "sub_piece05"
			{matrix34
				1 	 0 	 0
				0 	 -0.1392 	 0.9903
				0 	 -0.9903 	 -0.1392
				28.0053 	 -40.8194 	 36.2162
			}
			{poly "sub_piece05"}
		}
		{bone "sub_piece06"
			{Position -26.5758 	 -37.9292 	 36.9163}
			{poly "sub_piece06"}
		}
	}
}
{volume "piece01"
	{box 22.6546 5.02991 18.3451}
	{bone "piece01"}
	{Position 0.132 	 0 	 0.4039}
}
{volume "piece02"
	{box 22.6546 5.02991 15.9801}
	{bone "piece02"}
	{matrix34
		0.8829 	 0 	 -0.4695
		0 	 1 	 0
		0.4695 	 0 	 0.8829
		0.7889 	 0 	 -1.0419
	}
}
{volume "piece03"
	{box 18.1817 5.02991 13.9511}
	{bone "piece03"}
	{matrix34
		-0.4226 	 0 	 0.9063
		0 	 1 	 0
		-0.9063 	 0 	 -0.4226
		-0.1335 	 0 	 -0.3404
	}
}
{volume "piece04"
	{box 23.2497 5.03493 19.3691}
	{bone "piece04"}
	{Position -0.5087 	 0 	 0.5663}
}
{volume "piece05"
	{box 23.2497 5.03493 19.3691}
	{bone "piece05"}
	{Position 0 	 0 	 -0.305}
}
{volume "piece06"
	{box 22.6546 5.02991 22.3721}
	{bone "piece06"}
	{matrix34
		0.7193 	 0 	 -0.6947
		0 	 1 	 0
		0.6947 	 0 	 0.7193
		0.5986 	 0 	 1.405
	}
}
{volume "piece07"
	{box 26.0528 5.02991 15.5934}
	{bone "piece07"}
	{matrix34
		0.9903 	 0 	 -0.1392
		0 	 1 	 0
		0.1392 	 0 	 0.9903
		-1.5619 	 0 	 -0.4994
	}
}
{volume "sub_piece01"
	{box 11.0908 5.02991 10.6029}
	{bone "sub_piece01"}
	{matrix34
		0.9994 	 0 	 0.0349
		0 	 1 	 0
		-0.0349 	 0 	 0.9994
		0.233 	 0 	 0.4825
	}
}
{volume "sub_piece02"
	{box 9.46961 5.02991 9.72068}
	{bone "sub_piece02"}
	{matrix34
		0.9994 	 0 	 0.0349
		0 	 1 	 0
		-0.0349 	 0 	 0.9994
		0.189 	 0 	 0.1695
	}
}
{volume "sub_piece03"
	{box 9.46961 5.02991 9.72068}
	{bone "sub_piece03"}
	{matrix34
		0.1564 	 0 	 0.9877
		0 	 1 	 0
		-0.9877 	 0 	 0.1564
		-1.0418 	 0 	 0.8632
	}
}
{volume "sub_piece04"
	{box 32.6771 1.19832 25.8059}
	{bone "sub_piece04"}
	{matrix34
		1 	 0 	 0
		0 	 -0.9999 	 -0.0154
		0 	 0.0154 	 -0.9999
		0.3657 	 0.29 	 0.145
	}
}
{volume "sub_piece05"
	{box 24.3151 1.19832 25.8059}
	{bone "sub_piece05"}
	{matrix34
		1 	 0 	 0
		0 	 -0.9994 	 -0.0349
		0 	 0.0349 	 -0.9994
		0 	 -0.2844 	 0.2674
	}
}
{volume "sub_piece06"
	{box 23.4981 1.19832 24.7736}
	{bone "sub_piece06"}
	{matrix34
		1 	 0 	 0
		0 	 0.1544 	 -0.988
		0 	 0.988 	 0.1544
		0.2914 	 -0.8337 	 0.2175
	}
}
