;Exported by: butyvsky
;Date:        Sat May 06 10:36:57 2006
;File:        D:\-Projects-\-3D Work-\Tank\-Tank\M4A3_mineexpl\m4a3m_xx.max
{Skeleton
	{bone "basis"
		{Orientation
			1	0	0
			0	-1	0
			0	0	1
		}
		{bone "wheelsl"
			{parameters "ID=trackleft;"}
			{Position 2.42568	22.5951	5.84048}
			{poly "wheelsl"}
			{bone revolute "wheell2"
				{parameters "ID=trackleft;"}
				{Matrix34
					-1	0	0
					0	0	1
					0	1	0
					36.5829	-0.0449344	-0.997084
				}
				{poly "wheell2"}
			}
			{bone revolute "wheell3"
				{parameters "ID=trackleft;"}
				{Matrix34
					-1	0	0
					0	0	1
					0	1	0
					23.6313	-0.0449322	-0.997084
				}
				{poly "wheell2"}
			}
			{bone revolute "wheell6"
				{parameters "ID=trackleft;"}
				{Matrix34
					-1	0	0
					0	0	1
					0	1	0
					-23.6396	-0.0449201	-0.997084
				}
				{poly "wheell2"}
			}
			{bone revolute "wheell7"
				{parameters "ID=trackleft;"}
				{Matrix34
					-1	0	0
					0	0	1
					0	1	0
					-36.8057	-0.0449159	-0.997084
				}
				{poly "wheell2"}
			}
		}
		{bone "wheelsr"
			{parameters "ID=trackright;"}
			{Matrix34
				0.999363	0.0353346	0.00499866
				-0.0354571	0.999006	0.0270109
				-0.00403927	-0.0271709	0.999623
				2.6127	-23.9809	6.10652
			}
			{poly "wheelsr"}
			{bone revolute "wheelr3"
				{parameters "ID=trackright;"}
				{Matrix34
					-1	0	0
					0	0	1
					0	1	0
					23.4443	0.365647	-0.997084
				}
				{poly "wheell2"}
			}
			{bone revolute "wheelr6"
				{parameters "ID=trackright;"}
				{Matrix34
					-1	0	0
					0	0	1
					0	1	0
					-23.8266	0.365654	-0.997084
				}
				{poly "wheell2"}
			}
			{bone revolute "wheelr7"
				{parameters "ID=trackright;"}
				{Matrix34
					-1	0	0
					0	0	1
					0	1	0
					-36.9928	0.365658	-0.997084
				}
				{poly "wheell2"}
			}
			{bone revolute "wheelr2"
				{parameters "ID=trackright;"}
				{Matrix34
					-1	0	0
					0	0	1
					0	1	0
					36.3959	0.365639	-0.997084
				}
				{poly "wheell2"}
			}
		}
		{bone "body"
			{parameters "ID=body;"}
			{poly "body"}
			{bone "engine"
				{parameters "ID=engine;"}
				{Matrix34
					0.99861	-0.000430462	-0.0527025
					-0.000774582	0.999739	-0.0228425
					0.0526985	0.0228516	0.998349
					-47.0619	-0.236121	31.5428
				}
				{poly "engine"}
			}
			{bone "fxfire1"
				{Matrix34
					0.0526985	0.0228516	0.998349
					0.000774536	-0.999739	0.0228425
					0.99861	-0.000430507	-0.0527025
					-16.0756	0.967128	30.3942
				}
			}
			{bone "fxfire2"
				{Matrix34
					0.0526995	0.0228516	0.998349
					0.000774537	-0.999739	0.0228425
					0.99861	-0.000430534	-0.0527035
					-4.10672	-7.80481	30.4323
				}
			}
			{bone revolute "wheell1"
				{parameters "ID=trackleft;"}
				{Matrix34
					-0.99861	0.000430374	0.0527023
					0.0526984	0.0228516	0.998349
					-0.000774669	0.999739	-0.0228425
					51.186	24.0882	10.7593
				}
				{poly "wheell1"}
			}
			{bone revolute "wheell9"
				{parameters "ID=trackleft;"}
				{Matrix34
					-0.99861	0.000430374	0.0527023
					0.0526984	0.0228516	0.998349
					-0.000774669	0.999739	-0.0228425
					-34.4837	22.3203	18.8474
				}
				{poly "wheell9"}
			}
			{bone revolute "wheell10"
				{parameters "ID=trackleft;"}
				{Matrix34
					-0.99861	0.000430374	0.0527023
					0.0526984	0.0228516	0.998349
					-0.000774669	0.999739	-0.0228425
					-4.12503	22.3072	17.2452
				}
				{poly "wheell10"}
			}
			{bone revolute "wheell11"
				{parameters "ID=trackleft;"}
				{Matrix34
					-0.99861	0.000430374	0.0527023
					0.0526984	0.0228516	0.998349
					-0.000774669	0.999739	-0.0228425
					25.9596	22.2942	15.6574
				}
				{poly "wheell11"}
			}
			{bone revolute "wheelr8"
				{parameters "ID=trackright;"}
				{Matrix34
					-0.995381	-0.0810492	0.0514523
					0.066658	-0.197795	0.977974
					-0.069087	0.976887	0.202284
					-46.1354	-23.063	16.4915
				}
				{poly "wheelr8"}
			}
			{bone revolute "wheelr9"
				{parameters "ID=trackright;"}
				{Matrix34
					-0.99861	0.000430311	0.0527023
					0.0526984	0.0228516	0.998349
					-0.000774732	0.999739	-0.0228425
					-34.4772	-22.106	19.8697
				}
				{poly "wheelr9"}
			}
			{bone revolute "wheelr10"
				{parameters "ID=trackright;"}
				{Matrix34
					-0.99861	-0.00634336	0.0523209
					0.0526983	-0.105581	0.993013
					-0.000774967	0.994391	0.105768
					-4.2985	-22.1191	18.277
				}
				{poly "wheelr10"}
			}
			{bone revolute "wheelr11"
				{parameters "ID=trackright;"}
				{Matrix34
					-0.99861	0.000430311	0.0527023
					0.0526984	0.0228516	0.998349
					-0.000774732	0.999739	-0.0228425
					25.9309	-22.1321	16.6816
				}
				{poly "wheelr11"}
			}
			{bone "part1"
				{Matrix34
					0.116938	0.00332545	0.993134
					-0.993116	-0.00642622	0.116958
					0.00677104	-0.999974	0.00255112
					93.8747	1.1776	7.308
				}
				{poly "part1"}
			}
			{bone "part2"
				{Matrix34
					0.952392	-0.0201235	-0.30421
					0.304739	0.0329785	0.951865
					-0.00912244	-0.999253	0.0375409
					73.4723	32.8232	13.1472
				}
				{poly "part2"}
			}
			{bone "part4"
				{Matrix34
					0.990066	0.00397816	0.140548
					-0.00077433	0.999739	-0.0228426
					-0.140602	0.0225069	0.98981
					-27.0687	16.2339	38.5198
				}
				{poly "part4"}
			}
			{bone "part5"
				{Position 69.5485	-32.2854	3.90174}
				{poly "part5"}
			}
			{bone revolute "part6"
				{Matrix34
					-0.993594	0.0915155	0.0662942
					0.0408805	-0.255827	0.965858
					0.105351	0.962381	0.250447
					-46.1699	22.8358	15.432
				}
				{poly "part6"}
			}
			{bone "part3"
				{Matrix34
					-0.999363	-0.0353348	-0.00499867
					-0.00403927	-0.0271709	0.999623
					-0.0354573	0.999006	0.0270108
					9.19598	-22.2341	4.06887
				}
				{poly "part3"}
			}
		}
	}
}
{Volume "body"
	{polyhedron}
	{Bone "body"}
	{Position -2.25161	-0.013787	0}
}
{Volume "engine"
	{Box 11.986 30.5026 27.6978}
	{Bone "engine"}
	{Matrix34
		-0.200474	0.000377657	0.979699
		-0.00457358	-0.99999	-0.00055039
		0.979688	-0.00459107	0.200473
		2.59288	-0.0692905	-2.25695
	}
}
{Volume "part1"
	{Cylinder 6.97827 55.1133}
	{Bone "part1"}
	{Position 0.000147947	3.34566e-005	-5.6963e-005}
}
{Volume "part2"
	{polyhedron}
	{Bone "part2"}
	{Position 0.000264201	2.39412	3.98051e-005}
}
{Volume "part3"
	{Cylinder 5.08831 4.30157}
	{Bone "part3"}
	{Matrix34
		0.983671	0.179402	-0.0143361
		-0.179484	0.98375	-0.00463962
		0.0132708	0.00713694	0.999886
		-0.44089	0.661308	-0.0694927
	}
}
{Volume "part4"
	{Cylinder 4.9054 4.58449}
	{Bone "part4"}
	{Matrix34
		0.99915	0.000931432	-0.0412234
		-0.000924674	0.999999	0.000183166
		0.0412235	-0.00014491	0.99915
		-0.0429027	5.89496e-005	9.46937e-005
	}
}
{Volume "part5"
	{Box 52.9069 2.93241 5.50502}
	{Bone "part5"}
	{Position 0	0	0}
}
{Volume "part6"
	{Cylinder 6.95563 6.18659}
	{Bone "part6"}
	{Position 6.11101e-005	0.000127042	0}
}
{Volume "trackleft"
	{polyhedron}
	{Bone "wheelsl"}
	{Position -0.536628	-0.129469	-5.84049}
}
{Volume "trackright"
	{polyhedron}
	{Bone "wheelsr"}
	{Position -0.723647	-0.116068	-5.84049}
}
