;Exported by:	 evhen
;Date:			 20.11.2019 13:03:39
;File:			 C:\Users\evhen\Desktop\3d modell Ref\Rus Kolodets\Well_rus01.max
{skeleton
	{bone "basis"
		{orientation
			1 	 0 	 0
			0 	 -1 	 0
			0 	 0 	 1
		}
		{bone "body"
			{Position -0.0962 	 0.4831 	 -9.3254}
			{poly "body"}
		}
		{bone "cylinder"
			{matrix34
				0 	 -0.9659 	 0.2588
				0 	 -0.2588 	 -0.9659
				1 	 0 	 0
				-11.5351 	 0.1184 	 26.43
			}
			{poly "cylinder"}
		}
		{bone "roof"
			{matrix34
				-0.9849 	 0 	 0.1731
				0.1224 	 -0.7071 	 0.6964
				0.1224 	 0.7071 	 0.6964
				0.1685 	 0.6044 	 27.5345
			}
			{poly "roof"}
		}
	}
}
{area "obstacle"
	{obb2
		{center 0.289349 -0.119079}
		{extent 20.2072 14.9244}
		{axis -1 0}
	}
	{rotate}
}
{volume "body01"
	{cylinder 16.1334 23.333}
	{bone "body"}
	{Position 0.4647 	 0.0157 	 11.7379}
}
{volume "body02"
	{cylinder 2.56793 39.8913}
	{bone "body"}
	{Position -14.9395 	 -0.4015 	 19.885}
}
{volume "body03"
	{cylinder 2.56793 39.8913}
	{bone "body"}
	{Position 15.1807 	 -0.4015 	 19.885}
}
{volume "cylinder"
	{cylinder 2.34797 25.3783}
	{bone "cylinder"}
	{matrix34
		0.2588 	 -0.9659 	 0
		-0.9659 	 -0.2588 	 0
		0 	 0 	 -1
		0.7636 	 -2.7072 	 11.5113
	}
}
{volume "roof01"
	{box 18.1389 35.5628 1.1811}
	{bone "roof"}
	{matrix34
		0.0244 	 -0.0424 	 -0.9988
		-0.9995 	 -0.0214 	 -0.0235
		-0.0203 	 0.9989 	 -0.0429
		-0.1007 	 8.3835 	 -0.2351
	}
}
{volume "roof02"
	{box 18.1028 35.5628 1.1811}
	{bone "roof"}
	{matrix34
		-0.0275 	 0.9996 	 0
		-0.9996 	 -0.0275 	 0
		0 	 0 	 1
		0.0052 	 0.1125 	 8.2838
	}
}
