;Exported by	: KobaA
;Date			: 10.04.2023 10:44:32
;File			: D:\git\gem2-mdl-soldiers\models\flora\African_tree\African_tree.max
{skeleton
	{bone "african_tree_001_basis"
		{orientation
			1 	 0 	 0
			0 	 -1 	 0
			0 	 0 	 1
		}
		{bone "african_tree_001"
			{poly "african_tree_001"}
		}
		{bone "rootx"
			{matrix34
				-0.6548 	 0.7503 	 0.0909
				-0.0286 	 0.0957 	 -0.995
				-0.7553 	 -0.6541 	 -0.0412
				2.6482 	 2.0405 	 -28.111
			}
			{poly "rootx"}
		}
	}
}
{"volumes"
	{"bole"
		{cylinder 4.6188 79.0936}
		{bone "african_tree_001"}
		{matrix34
			0.9659 	 0 	 -0.2588
			0 	 1 	 0
			0.2588 	 0 	 0.9659
			6.3546 	 2.0181 	 28.2622
		}
	}
	{"crown"
		{polyhedron}
		{bone "african_tree_001"}
		{matrix34
			0.9962 	 0 	 -0.0872
			0 	 1 	 0
			0.0872 	 0 	 0.9962
			40.0231 	 4.9005 	 70.2922
		}
	}
}
