;Exported by:	 seryoga
;Date:			 07.09.2017 14:35:06
;File:			 D:\git\gem2-mdl-soldiers\models\unit\vehicle\pm41\x\pm41_x.max
{skeleton
	{bone revolute "turret"
		{limits -180 180}
		{speed 0.01}
		{orientation
			1 	 0 	 0
			0 	 -1 	 0
			0 	 0 	 1
		}
		{bone "body"
			{parameters "id=body;"}
			{matrix34
				0.9397 	 0 	 -0.342
				0 	 1 	 0
				0.342 	 0 	 0.9397
				-1.2948 	 0.0824 	 -0.3515
			}
			{LODView
				{poly "body"}
				{poly "body_lod1"}
				{poly "body_lod2"}
				{poly "body_lod3"}
			}
			{bone "gun"
				{parameters "id=gun;"}
				{matrix34
					0.9504 	 0 	 -0.3109
					0 	 1 	 0
					0.3109 	 0 	 0.9504
					-0.343 	 -0.0824 	 2.4108
				}
				{LODView
					{poly "gun"}
					{poly "gun_lod1"}
					{poly "gun_lod2"}
					{poly "gun_lod3"}
				}
			}
			{bone "stand"
				{parameters "id=gun;"}
				{matrix34
					0.8538 	 0 	 0.5206
					0.0099 	 0.9998 	 -0.0163
					-0.5205 	 0.0191 	 0.8537
					20.2709 	 -1.0646 	 17.8483
				}
				{LODView
					{poly "stand"}
					{poly "stand_lod1"}
					{poly "stand_lod2"}
					{poly "stand_lod3"}
				}
				{bone "rod"
					{parameters "id=gun;"}
					{matrix34
						0.9957 	 -0.0919 	 -0.0064
						0.0918 	 0.9957 	 -0.0076
						0.0071 	 0.007 	 1
						-1.5297 	 0.1015 	 13.6145
					}
					{LODView
						{poly "rod"}
						{poly "rod_lod1"}
						{poly "rod_lod2"}
						{poly "rod_lod3"}
					}
				}
				{bone "standl"
					{parameters "commonmesh;id=body;"}
					{matrix34
						0.9988 	 -0.0009 	 0.0497
						-0.0002 	 0.9997 	 0.0241
						-0.0497 	 -0.0241 	 0.9985
						0.0972 	 0.2469 	 5.8584
					}
					{LODView
						{poly "standl"}
						{poly "standl_lod1"}
						{poly "standl_lod2"}
						{poly "standl_lod3"}
					}
				}
				{bone "standr"
					{parameters "commonmesh;id=body;"}
					{matrix34
						0.9959 	 0.0821 	 0.0372
						-0.066 	 0.9457 	 -0.3184
						-0.0613 	 0.3146 	 0.9472
						0.1096 	 0.0961 	 5.8343
					}
					{LODView
						{poly "standr"}
						{poly "standr_lod1"}
						{poly "standr_lod2"}
						{poly "standr_lod3"}
					}
				}
			}
		}
	}
}
{volume "body"
	{cylinder 9.22296 2.24193}
	{bone "body"}
	{Position -0.9907 	 0 	 4.5242}
}
{volume "gun"
	{cylinder 1.90813 31.9985}
	{bone "gun"}
	{Position -0.0745 	 -0.0228 	 19.2919}
}
{volume "rod"
	{cylinder 0.823906 21.5312}
	{bone "rod"}
	{matrix34
		0.3136 	 -0.9495 	 0.0021
		-0.9495 	 -0.3136 	 0.0029
		-0.0021 	 -0.0029 	 -1
		1.5962 	 0.0569 	 -12.5474
	}
}
{volume "standl"
	{cylinder 0.473906 19.8298}
	{bone "standl"}
	{matrix34
		0.1336 	 -0.7815 	 -0.6095
		-0.991 	 -0.1086 	 -0.078
		-0.0053 	 0.6144 	 -0.789
		-0.0956 	 7.9272 	 -8.1759
	}
}
{volume "standr"
	{cylinder 0.473906 19.8298}
	{bone "standr"}
	{matrix34
		0.647 	 0.6721 	 -0.3601
		-0.7384 	 0.6701 	 -0.0759
		0.1903 	 0.315 	 0.9298
		-1.3569 	 -5.5033 	 -8.7044
	}
}
