;Exported by: sergienko
;Date:        Fri Nov 25 12:24:19 2005
;File:        D:\-projets1_5\3dwork\anima\construction\hangar\hangar2_x.max
{Skeleton
	{bone "air_force_kaserne2_c9"
		{Orientation
			1	0	0
			0	-1	0
			0	0	1
		}
		{bone "piece2"
			{Matrix34
				1	0	0
				0	0.34202	0.939693
				0	-0.939693	0.34202
				20.0209	-35.7149	54.6071
			}
			{poly "piece2"}
		}
		{bone "piece1"
			{Matrix34
				-0.455104	0.855378	0.247403
				0.460036	-0.0120235	0.887819
				0.762396	0.517864	-0.388033
				0.206955	8.10669	82.1061
			}
			{poly "piece1"}
		}
		{bone "piece3"
			{Matrix34
				1	0	0
				0	-0.642788	0.766044
				0	-0.766044	-0.642788
				29.3059	-35.7149	20.6654
			}
			{poly "piece3"}
		}
		{bone "fx_wood2"
			{Position -4.67511	-33.5663	45.9262}
		}
		{bone "fx_wood1"
			{Position -4.67511	-33.5663	30.6932}
		}
		{bone "fx_dust1"
			{Position 15.0052	-33.5663	45.9262}
		}
		{bone "piece7"
			{Position 15.5632	-31.5047	74.965}
			{poly "piece7"}
		}
		{bone "piece6"
			{Position 38.9816	-6.25473	88.8906}
			{poly "piece6"}
		}
		{bone "piece5"
			{Position 42.9619	13.7488	99.9228}
			{poly "piece5"}
		}
		{bone "piece4"
			{Position 16.3797	14.5618	100.371}
			{poly "piece4"}
		}
	}
}
{Volume "piece1"
	{Box 47.0406 18.7312 2.14069}
	{Bone "piece1"}
	{Position 0	0	0}
}
{Volume "piece2"
	{Box 45.4417 23.3381 2.14069}
	{Bone "piece2"}
	{Position 0	0	0}
}
{Volume "piece3"
	{Box 40.5514 14.0579 2.14069}
	{Bone "piece3"}
	{Position 0	1.66456e-005	1.12309e-005}
}
{Volume "piece4"
	{Box 34.5276 20.7651 1.66577}
	{Bone "piece4"}
	{Matrix34
		0.732417	0.596044	0.329085
		-0.680856	0.641182	0.354007
		0	-0.48334	0.875433
		-5.21183	6.29422	3.9034
	}
}
{Volume "piece5"
	{Box 27.3989 15.3089 1.60416}
	{Bone "piece5"}
	{Matrix34
		1	0	0
		0	0.88781	0.46021
		0	-0.46021	0.88781
		0	-0.671595	-0.188065
	}
}
{Volume "piece6"
	{Box 31.47 22.9633 1.97002}
	{Bone "piece6"}
	{Matrix34
		0.843398	0.466782	0.266073
		-0.53729	0.732719	0.417662
		0	-0.495214	0.868771
		1.88293	0.448936	0.284249
	}
}
{Volume "piece7"
	{Box 31.889 20.0865 2.21558}
	{Bone "piece7"}
	{Matrix34
		1	0	0
		0	0.880079	0.474827
		0	-0.474827	0.880079
		0	-0.143894	0.0684872
	}
}
