;Exported by:	 tolokolnikova
;Date:			 27.04.2016 10:40:36
;File:			 D:\gem2\gem2-mdl-soldiers\models\building\hangar_wood\HW2_x.max
{skeleton
	{bone "hangar_piece_02"
		{orientation
			1 	 0 	 0
			0 	 -1 	 0
			0 	 0 	 1
		}
		{bone "piece01"
			{matrix34
				0 	 1 	 0
				-1 	 0 	 0
				0 	 0 	 1
				-67.321 	 38.3971 	 30.0841
			}
			{poly "piece01"}
		}
		{bone "piece02"
			{matrix34
				0 	 1 	 0
				-1 	 0 	 0
				0 	 0 	 1
				-67.3308 	 -37.2395 	 29.0454
			}
			{poly "piece02"}
		}
		{bone "piece03"
			{matrix34
				0 	 -0.3907 	 -0.9205
				-1 	 0 	 0
				0 	 0.9205 	 -0.3907
				-67.2767 	 -11.6265 	 27.0327
			}
			{poly "piece03"}
		}
		{bone "piece04"
			{matrix34
				0 	 -0.9962 	 0.0872
				-1 	 0 	 0
				0 	 -0.0872 	 -0.9962
				-67.2598 	 14.5534 	 34.9946
			}
			{poly "piece04"}
		}
		{bone "sub_piece01"
			{matrix34
				0 	 0.5 	 0.866
				-1 	 0 	 0
				0 	 -0.866 	 0.5
				-67.2914 	 -8.7653 	 40.2478
			}
			{poly "sub_piece01"}
		}
		{bone "sub_piece02"
			{matrix34
				0 	 0.8192 	 -0.5736
				-1 	 0 	 0
				0 	 0.5736 	 0.8192
				-67.3187 	 10.9964 	 22.3963
			}
			{poly "sub_piece02"}
		}
		{bone "sub_piece05"
			{Position -48.8937 	 -37.6764 	 43.3049}
			{poly "sub_piece05"}
		}
		{bone "sub_piece03"
			{matrix34
				1 	 0 	 0
				0 	 0.14 	 0.9902
				0 	 -0.9902 	 0.14
				-16.4378 	 19.546 	 45.5677
			}
			{poly "sub_piece03"}
		}
		{bone "sub_piece07"
			{matrix34
				1 	 0 	 0
				0 	 0.9623 	 -0.2719
				0 	 0.2719 	 0.9623
				-60.9306 	 17.0884 	 45.8994
			}
			{poly "sub_piece07"}
		}
		{bone "sub_piece04"
			{matrix34
				1 	 0 	 0
				0 	 0.1354 	 0.9908
				0 	 -0.9908 	 0.1354
				-56.8179 	 47.2801 	 41.8458
			}
			{poly "sub_piece04"}
		}
		{bone "sub_piece06"
			{Position -56.1093 	 -12.1733 	 46.2341}
			{poly "sub_piece06"}
		}
	}
}
{volume "piece01"
	{box 23.2497 5.03493 19.3691}
	{bone "piece01"}
	{Position 0 	 0 	 -0.305}
}
{volume "piece02"
	{box 23.2497 5.03493 19.3691}
	{bone "piece02"}
	{Position -0.5087 	 0 	 0.5663}
}
{volume "piece03"
	{box 18.1817 5.02991 13.9511}
	{bone "piece03"}
	{matrix34
		-0.4226 	 0 	 0.9063
		0 	 1 	 0
		-0.9063 	 0 	 -0.4226
		-0.1335 	 0 	 -0.3404
	}
}
{volume "piece04"
	{box 22.6546 5.02991 18.3451}
	{bone "piece04"}
	{Position 0.132 	 0 	 0.4039}
}
{volume "sub_piece01"
	{box 9.46961 5.02991 9.72068}
	{bone "sub_piece01"}
	{matrix34
		0.9994 	 0 	 0.0349
		0 	 1 	 0
		-0.0349 	 0 	 0.9994
		0.189 	 0 	 0.1695
	}
}
{volume "sub_piece02"
	{box 14.7255 5.02991 7.83024}
	{bone "sub_piece02"}
	{matrix34
		0.891 	 0 	 0.454
		0 	 1 	 0
		-0.454 	 0 	 0.891
		0.076 	 0 	 -0.6438
	}
}
{volume "sub_piece03"
	{box 32.6771 1.19832 25.8059}
	{bone "sub_piece03"}
	{matrix34
		1 	 0 	 0
		0 	 -0.9999 	 -0.0154
		0 	 0.0154 	 -0.9999
		0.3657 	 0.2899 	 0.145
	}
}
{volume "sub_piece04"
	{box 24.3151 1.19832 25.8059}
	{bone "sub_piece04"}
	{matrix34
		1 	 0 	 0
		0 	 -0.9994 	 -0.0349
		0 	 0.0349 	 -0.9994
		0 	 -0.2844 	 0.2674
	}
}
{volume "sub_piece05"
	{box 35.8394 1.19832 16.5215}
	{bone "sub_piece05"}
	{matrix34
		1 	 0 	 0
		0 	 0.1544 	 -0.988
		0 	 0.988 	 0.1544
		1.6443 	 1.7489 	 0.77
	}
}
{volume "sub_piece06"
	{box 19.2685 1.19832 14.121}
	{bone "sub_piece06"}
	{matrix34
		1 	 0 	 0
		0 	 0.1544 	 -0.988
		0 	 0.988 	 0.1544
		0.64 	 0.0229 	 0.5507
	}
}
{volume "sub_piece07"
	{box 23.4981 1.19832 24.7736}
	{bone "sub_piece07"}
	{matrix34
		1 	 0 	 0
		0 	 0.1544 	 -0.988
		0 	 0.988 	 0.1544
		0.2914 	 -0.8337 	 0.2175
	}
}
