;Exported by	: KobaA
;Date			: 12.01.2024 16:52:26
;File			: d:\git\gem2-mdl-soldiers\models\building\house_90\house_90_fort_x.max
{skeleton
	{bone "h_90_piece10_x"
		{orientation
			1 	 0 	 0
			0 	 -1 	 0
			0 	 0 	 1
		}
		{bone "sub_piece05"
			{matrix34
				1 	 0 	 0
				0 	 -0.6947 	 0.7193
				0 	 -0.7193 	 -0.6947
				-0.5984 	 2.2281 	 13.169
			}
			{poly "sub_piece05"}
		}
		{bone "sub_piece06"
			{matrix34
				1 	 0 	 0
				0 	 0.6947 	 0.7193
				0 	 0.7193 	 -0.6947
				-0.5984 	 20.9156 	 15.2201
			}
			{poly "sub_piece06"}
		}
		{bone "sub_piece01"
			{matrix34
				1 	 0 	 0
				0 	 0.7071 	 0.7071
				0 	 0.7071 	 -0.7071
				5.3866 	 13.3454 	 21.4395
			}
			{poly "sub_piece01"}
		}
		{bone "sub_piece02"
			{Position -7.6765 	 17.6779 	 20.2356}
			{poly "sub_piece02"}
		}
		{bone "piece01"
			{Position 16.5679 	 16.3391 	 21.6069}
			{poly "piece01"}
		}
		{bone "sub_piece03"
			{Position -10.3757 	 8.0491 	 18.6858}
			{poly "sub_piece03"}
		}
		{bone "sub_piece04"
			{Position 19.167 	 7.9661 	 18.787}
			{poly "sub_piece04"}
		}
	}
}
{"volumes"
	{"piece01"
		{box 11.811 8.86862 1.1811}
		{bone "piece01"}
		{matrix34
			1 	 0 	 0
			0 	 0.766 	 -0.6428
			0 	 0.6428 	 0.766
			0.799 	 -0.0596 	 -0.4088
		}
	}
	{"sub_piece01"
		{box 52.3799 4.07025 3.38464}
		{bone "sub_piece01"}
		{matrix34
			-1 	 0 	 0
			0 	 -0.7071 	 -0.7071
			0 	 -0.7071 	 0.7071
			0.9725 	 0.1468 	 -0.3198
		}
	}
	{"sub_piece02"
		{box 9.09449 12.3025 1.1811}
		{bone "sub_piece02"}
		{matrix34
			1 	 0 	 0
			0 	 0.766 	 -0.6428
			0 	 0.6428 	 0.766
			0.8101 	 0.0071 	 0.2042
		}
	}
	{"sub_piece03"
		{box 12.2776 7.75061 1.1811}
		{bone "sub_piece03"}
		{matrix34
			-1 	 0 	 0
			0 	 -0.766 	 -0.6428
			0 	 -0.6428 	 0.766
			0 	 -0.3796 	 0.4524
		}
	}
	{"sub_piece04"
		{box 8.22596 7.75061 1.1811}
		{bone "sub_piece04"}
		{matrix34
			-1 	 0 	 0
			0 	 -0.766 	 -0.6428
			0 	 -0.6428 	 0.766
			-0.9369 	 -0.2966 	 0.3512
		}
	}
	{"sub_piece05"
		{box 2.0258 17.5164 2.01969}
		{bone "sub_piece05"}
		{matrix34
			-1 	 0 	 0
			0 	 -0.1045 	 0.9945
			0 	 0.9945 	 0.1045
			0.034 	 0.0539 	 0.0883
		}
	}
	{"sub_piece06"
		{box 3.36496 13.4098 2.27953}
		{bone "sub_piece06"}
		{matrix34
			-1 	 0 	 0
			0 	 0.0175 	 -0.9998
			0 	 -0.9998 	 -0.0175
			0.4766 	 0.0357 	 1.022
		}
	}
}
