;Exported by:	 joomb
;Date:			 10.08.2022 15:37:54
;File:			 D:\git\gem2-mdl-soldiers\models\fence\sandbag_woodbeam\meshki4_wood1_002_g03_v1.max
{skeleton
	{animation
		{sequence "crush1" {speed 0.5}}
	}
	{bone "sw5_x"
		{orientation
			1 	 0 	 0
			0 	 -1 	 0
			0 	 0 	 1
		}
		{bone "x2"
			{matrix34
				0 	 1 	 0
				-1 	 0 	 0
				0 	 0 	 1
				41.6837 	 -0.9386 	 0
			}
			{bone "piece0"
				{matrix34
					0.5919 	 -0.806 	 0
					0.806 	 0.5919 	 0
					0 	 0 	 1
					18.2774 	 36.4688 	 11.5711
				}
				{poly "piece0"}
			}
			{bone "piece1"
				{matrix34
					0 	 -1 	 0
					1 	 0 	 0
					0 	 0 	 1
					2.1314 	 32.8994 	 11.5711
				}
				{poly "piece1"}
			}
			{bone "piece2"
				{matrix34
					0 	 -1 	 0
					1 	 0 	 0
					0 	 0 	 1
					-10.3888 	 46.8638 	 11.5711
				}
				{poly "piece2"}
			}
			{bone "piece3"
				{matrix34
					0 	 -1 	 0
					1 	 0 	 0
					0 	 0 	 1
					-1.6519 	 46.8638 	 19.0381
				}
				{poly "piece3"}
			}
			{bone "piece4"
				{matrix34
					-0.5375 	 -0.8433 	 0
					0.8433 	 -0.5375 	 0
					0 	 0 	 1
					13.9878 	 46.8638 	 19.0381
				}
				{poly "piece4"}
			}
			{bone "piece5"
				{matrix34
					0 	 -1 	 0
					1 	 0 	 0
					0 	 0 	 1
					13.9878 	 34.2731 	 24.7624
				}
				{poly "piece5"}
			}
			{bone "piece6"
				{matrix34
					-0.6491 	 -0.7607 	 0
					0.7607 	 -0.6491 	 0
					0 	 0 	 1
					0.1755 	 34.2731 	 18.7343
				}
				{poly "piece6"}
			}
			{bone "piece7"
				{matrix34
					0.7713 	 -0.6364 	 0
					0.6364 	 0.7713 	 0
					0 	 0 	 1
					3.5675 	 44.4734 	 26.9301
				}
				{poly "piece7"}
			}
			{bone "piece8"
				{matrix34
					0.9982 	 0.0608 	 0
					-0.0608 	 0.9982 	 0
					0 	 0 	 1
					17.5785 	 41.6323 	 31.7691
				}
				{poly "piece8"}
			}
			{bone "piece9"
				{matrix34
					0 	 -1 	 0
					1 	 0 	 0
					0 	 0 	 1
					-0.5291 	 48.7135 	 5.0886
				}
				{poly "piece9"}
			}
			{bone "piece10"
				{matrix34
					0 	 -1 	 0
					1 	 0 	 0
					0 	 0 	 1
					-13.9282 	 36.9335 	 5.0886
				}
				{poly "piece10"}
			}
			{bone "piece11"
				{matrix34
					0.5919 	 -0.806 	 0
					0.806 	 0.5919 	 0
					0 	 0 	 1
					15.2763 	 44.1166 	 5.0886
				}
				{poly "piece11"}
			}
		}
		{bone "land"
			{parameters "land;ground;"}
			{Position 2.2775 	 0.1406 	 0}
			{poly "land" {ground}}
		}
		{bone "x1"
			{bone "sandbag_x1"
				{Position 0.3768 	 -2.179 	 0}
				{poly "sandbag_x1"}
			}
			{bone "sand09"
				{matrix34
					0.9908 	 -0.0305 	 0.1317
					0.0246 	 0.9986 	 0.046
					-0.1329 	 -0.0423 	 0.9902
					6.7589 	 20.5732 	 16.8157
				}
				{poly "sand09"}
			}
			{bone "sand19"
				{Position -5.9723 	 14.9897 	 27.3833}
				{poly "sand19"}
			}
			{bone "sand02"
				{matrix34
					0.9739 	 0.2234 	 0.041
					-0.2254 	 0.9278 	 0.2972
					0.0283 	 -0.2987 	 0.9539
					8.42 	 3.4857 	 25.2641
				}
				{poly "sand02"}
			}
			{bone "sand01"
				{matrix34
					0.9817 	 -0.0537 	 0.1826
					0.1 	 0.9618 	 -0.2549
					-0.1619 	 0.2685 	 0.9496
					6.4753 	 -6.2655 	 23.5641
				}
				{poly "sand01"}
			}
			{bone "sand03"
				{Position 8.0659 	 15.06 	 24.7098}
				{poly "sand03"}
			}
			{bone "sand17"
				{matrix34
					0.9949 	 -0.0321 	 -0.0952
					0.0273 	 0.9983 	 -0.0511
					0.0967 	 0.0483 	 0.9941
					-8.0458 	 -7.1439 	 17.0877
				}
				{poly "sand17"}
			}
			{bone "sand04"
				{Position -6.013 	 -6.8835 	 24.6937}
				{poly "sand04"}
			}
			{bone "sand16"
				{matrix34
					0.9927 	 0.1042 	 -0.0606
					-0.0922 	 0.9803 	 0.1745
					0.0776 	 -0.1677 	 0.9828
					-6.9139 	 19.868 	 15.827
				}
				{poly "sand16"}
			}
			{bone "sand14"
				{matrix34
					0.9969 	 0.0261 	 -0.0744
					-0.0217 	 0.998 	 0.0588
					0.0758 	 -0.057 	 0.9955
					8.9351 	 17.2483 	 16.1932
				}
				{poly "sand14"}
			}
			{bone "sand13"
				{matrix34
					0.9996 	 0.0164 	 -0.0231
					-0.0178 	 0.998 	 -0.0602
					0.0221 	 0.0606 	 0.9979
					8.6735 	 4.8011 	 16.2998
				}
				{poly "sand13"}
			}
			{bone "sand08"
				{Position 6.8423 	 12.0906 	 20.1255}
				{poly "sand08"}
			}
			{bone "sand20"
				{matrix34
					0.9991 	 0.0368 	 -0.0208
					-0.0314 	 0.9756 	 0.2173
					0.0283 	 -0.2164 	 0.9759
					6.2096 	 5.3791 	 28.7868
				}
				{poly "sand20"}
			}
			{bone "sand10"
				{Position 8.6852 	 -7.6051 	 20.11}
				{poly "sand10"}
			}
			{bone "sand12"
				{matrix34
					0.9961 	 -0.0572 	 0.0669
					0.0608 	 0.9967 	 -0.0529
					-0.0637 	 0.0568 	 0.9964
					6.8423 	 -6.7711 	 16.1445
				}
				{poly "sand12"}
			}
			{bone "sand07"
				{Position 0.313 	 17.4392 	 25.1943}
				{poly "sand07"}
			}
			{bone "sand06"
				{Position -9.2958 	 17.7532 	 22.5844}
				{poly "sand06"}
			}
			{bone "sand05"
				{matrix34
					0.9681 	 -0.0931 	 -0.2325
					0.0637 	 0.9894 	 -0.1308
					0.2422 	 0.1118 	 0.9638
					-7.6127 	 5.6534 	 23.504
				}
				{poly "sand05"}
			}
			{bone "sand18"
				{matrix34
					0.9972 	 -0.039 	 -0.0638
					0.0408 	 0.9988 	 0.027
					0.0627 	 -0.0295 	 0.9976
					-2.8503 	 -12.5818 	 21.037
				}
				{poly "sand18"}
			}
			{bone "sand11"
				{matrix34
					0.9993 	 -0.0012 	 0.0374
					0.007 	 0.988 	 -0.1543
					-0.0368 	 0.1545 	 0.9873
					6.7933 	 -13.8266 	 16.2593
				}
				{poly "sand11"}
			}
			{bone "sand15"
				{matrix34
					0.5555 	 0.8141 	 -0.169
					-0.7995 	 0.5789 	 0.1606
					0.2286 	 0.0459 	 0.9724
					3.1344 	 21.2246 	 17.5598
				}
				{poly "sand15"}
			}
		}
	}
}
{obstacle "body"
	{obb2
		{center 0.395568 3.22725}
		{extent 12.8709 26.5889}
		{axis 1 0}
	}
	{rotate}
	{Tags "body"}
}
{volume "body"
	{polyhedron}
	{bone "x1"}
	{Position 0.3956 	 -2.424 	 0}
}
{volume "piece0"
	{box 7.88974 12.4049 3.01201}
	{bone "piece0"}
	{Position -0.0282 	 0.0641 	 -0.1575}
}
{volume "piece10"
	{box 7.88974 12.4049 3.01201}
	{bone "piece10"}
	{Position -0.0282 	 0.0641 	 -0.1575}
}
{volume "piece11"
	{box 7.88974 12.4049 3.01201}
	{bone "piece11"}
	{Position -0.0282 	 0.0641 	 -0.1575}
}
{volume "piece1"
	{box 7.88974 12.4049 3.01201}
	{bone "piece1"}
	{Position -0.0282 	 0.0641 	 -0.1575}
}
{volume "piece2"
	{box 7.88974 12.4049 3.01201}
	{bone "piece2"}
	{Position -0.0282 	 0.0641 	 -0.1575}
}
{volume "piece3"
	{box 7.88974 12.4049 3.01201}
	{bone "piece3"}
	{Position -0.0282 	 0.0641 	 -0.1575}
}
{volume "piece4"
	{box 7.88974 12.4049 3.01201}
	{bone "piece4"}
	{Position -0.0282 	 0.0641 	 -0.1575}
}
{volume "piece5"
	{box 7.88974 12.4049 3.01201}
	{bone "piece5"}
	{Position -0.0282 	 0.0641 	 -0.1575}
}
{volume "piece6"
	{box 7.88974 12.4049 3.01201}
	{bone "piece6"}
	{Position -0.0282 	 0.0641 	 -0.1575}
}
{volume "piece7"
	{box 7.88974 12.4049 3.01201}
	{bone "piece7"}
	{Position -0.0282 	 0.0641 	 -0.1575}
}
{volume "piece8"
	{box 7.88974 12.4049 3.01201}
	{bone "piece8"}
	{Position -0.0282 	 0.0641 	 -0.1575}
}
{volume "piece9"
	{box 7.88974 12.4049 3.01201}
	{bone "piece9"}
	{Position -0.0282 	 0.0641 	 -0.1575}
}
