;Exported by	: KobaA
;Date			: 03.05.2024 16:00:07
;File			: d:\git\gem2-mdl-soldiers\models\entourage\wooden_box\wooden_box.max
{skeleton
	{bone "wooden_box_05_x"
		{orientation
			1 	 0 	 0
			0 	 -1 	 0
			0 	 0 	 1
		}
		{bone "piece01"
			{matrix34
				0.0931 	 -0.9931 	 0.0717
				0.0797 	 0.0793 	 0.9937
				-0.9925 	 -0.0868 	 0.0865
				-14.164 	 -0.8325 	 10.399
			}
			{poly "piece01"}
		}
		{bone "piece02"
			{matrix34
				0.9696 	 -0.229 	 0.0869
				0.2445 	 0.9246 	 -0.2921
				-0.0135 	 0.3044 	 0.9524
				-6.762 	 -5.2918 	 10.1165
			}
			{poly "piece02"}
		}
		{bone "sub_piece01"
			{matrix34
				0.9962 	 0.0872 	 0
				-0.0872 	 0.9962 	 0
				0 	 0 	 1
				-7.6564 	 -1.7957 	 13.9188
			}
			{poly "sub_piece01"}
		}
		{bone "piece03"
			{matrix34
				0.9797 	 -0.1823 	 0.0829
				0.1972 	 0.9506 	 -0.2397
				-0.0351 	 0.2512 	 0.9673
				-8.4477 	 5.0178 	 10.0175
			}
			{poly "piece03"}
		}
		{bone "piece04"
			{matrix34
				-0.9459 	 0.3126 	 0.0869
				-0.3242 	 -0.8998 	 -0.2921
				-0.0131 	 -0.3045 	 0.9524
				5.0927 	 5.5231 	 9.2075
			}
			{poly "piece04"}
		}
		{bone "sub_piece02"
			{matrix34
				-1 	 0 	 0
				0 	 -1 	 0
				0 	 0 	 1
				5.679 	 1.9623 	 12.8589
			}
			{poly "sub_piece02"}
		}
		{bone "piece05"
			{matrix34
				-0.9601 	 0.267 	 0.0829
				-0.2793 	 -0.9298 	 -0.2397
				0.013 	 -0.2533 	 0.9673
				5.8734 	 -4.8943 	 9.1086
			}
			{poly "piece05"}
		}
		{bone "piece06"
			{matrix34
				0.928 	 -0.3301 	 0.1728
				0.3711 	 0.8607 	 -0.3485
				-0.0337 	 0.3875 	 0.9213
				6.6663 	 -4.8919 	 2.9618
			}
			{poly "piece06"}
		}
		{bone "piece07"
			{matrix34
				0.9671 	 0.2064 	 -0.149
				-0.181 	 0.9691 	 0.1674
				0.179 	 -0.1349 	 0.9746
				1.2133 	 5.534 	 2.7975
			}
			{poly "piece07"}
		}
		{bone "piece08"
			{matrix34
				0 	 1 	 0
				0 	 0 	 1
				1 	 0 	 0
				14.4369 	 0.2911 	 3.0739
			}
			{poly "piece08"}
		}
		{bone "piece09"
			{Position 7.4128 	 -0.8334 	 5.3799}
			{poly "piece09"}
		}
		{bone "piece10"
			{matrix34
				0.9884 	 -0.1497 	 -0.024
				0.1422 	 0.9703 	 -0.1956
				0.0525 	 0.1899 	 0.9804
				-8.3239 	 -5.1496 	 4.0107
			}
			{poly "piece10"}
		}
	}
}
{"volumes"
	{"piece01"
		{box 7.60127 2.31916 0.451844}
		{bone "piece01"}
		{Position 0 	 0 	 0.0208}
	}
	{"piece02"
		{box 9.85314 0.464159 4.53381}
		{bone "piece02"}
		{matrix34
			0.9459 	 0.3242 	 0.0131
			-0.3126 	 0.8998 	 0.3045
			0.0869 	 -0.2921 	 0.9524
			-0.1325 	 -0.2535 	 -0.0719
		}
	}
	{"piece03"
		{box 11.0709 0.464159 2.39904}
		{bone "piece03"}
		{matrix34
			-0.9601 	 -0.2793 	 0.013
			0.267 	 -0.9298 	 -0.2533
			0.0829 	 -0.2397 	 0.9673
			0.0896 	 0.3484 	 0.1029
		}
	}
	{"piece04"
		{box 9.85314 0.464159 4.53381}
		{bone "piece04"}
		{matrix34
			0.9459 	 0.3242 	 0.0131
			-0.3126 	 0.8998 	 0.3045
			0.0869 	 -0.2921 	 0.9524
			-0.1325 	 -0.2535 	 -0.0719
		}
	}
	{"piece05"
		{box 11.0709 0.464159 2.39904}
		{bone "piece05"}
		{matrix34
			-0.9601 	 -0.2793 	 0.013
			0.267 	 -0.9298 	 -0.2533
			0.0829 	 -0.2397 	 0.9673
			0.0896 	 0.3484 	 0.1029
		}
	}
	{"piece06"
		{box 9.85314 0.464159 3.84221}
		{bone "piece06"}
		{matrix34
			0.928 	 0.3711 	 -0.0337
			-0.3301 	 0.8607 	 0.3875
			0.1728 	 -0.3485 	 0.9213
			-0.0051 	 -0.2594 	 -0.0588
		}
	}
	{"piece07"
		{box 16.1592 0.464159 4.51844}
		{bone "piece07"}
		{matrix34
			0.9671 	 -0.181 	 0.179
			0.2064 	 0.9691 	 -0.1349
			-0.149 	 0.1674 	 0.9746
			-0.1756 	 0.2018 	 -0.0877
		}
	}
	{"piece08"
		{box 7.60127 2.31916 0.451844}
		{bone "piece08"}
		{Position 0 	 0 	 0.0496}
	}
	{"piece09"
		{box 7.60127 2.31916 0.451844}
		{bone "piece09"}
		{Position 0 	 0 	 0.0208}
	}
	{"piece10"
		{box 11.0709 0.464159 1.87425}
		{bone "piece10"}
		{matrix34
			0.9884 	 0.1422 	 0.0525
			-0.1497 	 0.9703 	 0.1899
			-0.024 	 -0.1956 	 0.9804
			-0.4564 	 -0.1026 	 0.0058
		}
	}
	{"sub_piece01"
		{box 8.66544 2.96852 0.451844}
		{bone "sub_piece01"}
		{Position 0 	 0.0196 	 0.0496}
	}
	{"sub_piece02"
		{box 8.66544 2.96852 0.451844}
		{bone "sub_piece02"}
		{Position 0 	 0.0196 	 0.0496}
	}
}
