;Exported by	: KobaA
;Date			: 11.04.2024 14:33:55
;File			: d:\git\gem2-mdl-soldiers\models\entourage\box_fruit\sh_box_gem2_x.max
{skeleton
	{bone "basis02"
		{orientation
			1 	 0 	 0
			0 	 -1 	 0
			0 	 0 	 1
		}
		{bone "piece01"
			{Position 1.7188 	 7.8112 	 15.9187}
			{poly "piece01"}
		}
		{bone "piece02"
			{matrix34
				0.9397 	 0 	 -0.342
				0 	 1 	 0
				0.342 	 0 	 0.9397
				-5.5201 	 -6.6011 	 11.1122
			}
			{poly "piece02"}
		}
		{bone "piece03"
			{matrix34
				0.908 	 0.4118 	 0.0768
				-0.4189 	 0.8927 	 0.1664
				0 	 -0.1832 	 0.9831
				1.7262 	 0.1351 	 16.1126
			}
			{poly "piece03"}
		}
		{bone "piece04"
			{Position 2.2355 	 -10.9092 	 13.1426}
			{poly "piece04"}
		}
		{bone "piece05"
			{Position 1.7188 	 -8.9352 	 16.1159}
			{poly "piece05"}
		}
		{bone "piece06"
			{matrix34
				-0.0872 	 0 	 -0.9962
				0 	 1 	 0
				0.9962 	 0 	 -0.0872
				0.6969 	 -5.4645 	 16.4891
			}
			{poly "piece06"}
		}
		{bone "piece07"
			{matrix34
				-0.9659 	 0 	 -0.2588
				-0.0226 	 0.9962 	 0.0842
				0.2578 	 0.0872 	 -0.9623
				10.2052 	 9.2535 	 9.9014
			}
			{poly "piece07"}
		}
		{bone "fx_wood"
		}
	}
}
{"volumes"
	{"piece01"
		{box 11.6564 3.07534 1.25952}
		{bone "piece01"}
		{Position -0.6933 	 -0.1908 	 0.0024}
	}
	{"piece02"
		{box 0.685231 12.9164 12.7097}
		{bone "piece02"}
		{Position -0.0202 	 -0.4126 	 1.1034}
	}
	{"piece03"
		{box 13.6986 0.96412 0.894256}
		{bone "piece03"}
		{Position 0.0059 	 0.034 	 -0.036}
	}
	{"piece04"
		{box 11.3698 0.896632 4.77911}
		{bone "piece04"}
		{Position 0.0154 	 0.0069 	 -0.0398}
	}
	{"piece05"
		{box 13.6986 0.96412 0.7809}
		{bone "piece05"}
		{Position 0.0059 	 0.0139 	 -0.0295}
	}
	{"piece06"
		{box 0.685231 8.13736 12.7097}
		{bone "piece06"}
		{Position -0.0202 	 2.2643 	 1.1034}
	}
	{"piece07"
		{box 0.685231 8.13736 12.7097}
		{bone "piece07"}
		{Position -0.0202 	 2.2643 	 1.1034}
	}
}
