;Exported by:	 vic
;Date:			 23.01.2017 11:55:54
;File:			 E:\Git\gem2-mdl-soldiers\models\entourage\stack\stog02a.max
{skeleton
	{bone "basis006"
		{orientation
			1 	 0 	 0
			0 	 -1 	 0
			0 	 0 	 1
		}
		{bone "fx_hayfall3"
			{parameters "lastpose=undefined;"}
			{Position -6.7798 	 9.0139 	 34.0259}
		}
		{bone "piece05"
			{matrix34
				-0.8673 	 0.3918 	 0.3072
				-0.3612 	 -0.9198 	 0.1533
				0.3426 	 0.022 	 0.9392
				-17.7775 	 -1.487 	 25.1487
			}
			{poly "piece05"}
		}
		{bone "fx_haulm1"
			{parameters "lastpose=undefined;"}
			{Position 0.1329 	 -0.173 	 24.4785}
		}
		{bone "piece04"
			{matrix34
				0.8768 	 0.4085 	 0.2537
				-0.4604 	 0.8654 	 0.1978
				-0.1387 	 -0.2903 	 0.9468
				4.4554 	 13.3842 	 26.9868
			}
			{poly "piece04"}
		}
		{bone "piece00"
			{matrix34
				0.4697 	 -0.8828 	 0
				0.8828 	 0.4697 	 0
				0 	 0 	 1
				-1.6791 	 -1.5264 	 74.3645
			}
			{poly "piece00"}
		}
		{bone "piece03"
			{matrix34
				0.8528 	 0.4537 	 0.2588
				-0.4697 	 0.8828 	 0
				-0.2285 	 -0.1216 	 0.9659
				6.8419 	 4.2786 	 61.318
			}
			{poly "piece03"}
		}
		{bone "piece02"
			{matrix34
				0.8528 	 0.4537 	 0.2588
				-0.4697 	 0.8828 	 0
				-0.2285 	 -0.1216 	 0.9659
				15.1198 	 8.8556 	 24.9175
			}
			{poly "piece02"}
		}
		{bone "fx_dust1"
			{parameters "lastpose=undefined;"}
			{Position 0.2296 	 -0.173 	 0}
		}
		{bone "fx_hayfall2"
			{parameters "lastpose=undefined;"}
			{Position -3.9504 	 -5.9465 	 49.3774}
		}
		{bone "fx_hayfall1"
			{parameters "lastpose=undefined;"}
			{Position 7.43 	 0.43 	 39.1475}
		}
		{bone "piece01"
			{matrix34
				0.0501 	 -0.9503 	 0.3072
				0.983 	 0.1014 	 0.1533
				-0.1768 	 0.2943 	 0.9392
				4.3138 	 -11.8757 	 34.4789
			}
			{poly "piece01"}
		}
	}
}
{volume "piece00_volume008"
	{cylinder 1.13528 30.8104}
	{bone "piece00"}
	{matrix34
		0 	 1 	 0
		-1 	 0 	 0
		0 	 0 	 1
		-0.559 	 -0.3284 	 4.2652
	}
}
{volume "piece01_volume004"
	{cylinder 1.13528 42.5183}
	{bone "piece01"}
	{Position 0 	 0 	 0.1518}
}
{volume "piece02_volume004"
	{box 12.7739 2.01587 29.7669}
	{bone "piece02"}
	{matrix34
		0 	 -1 	 0
		1 	 0 	 0.0067
		-0.0067 	 0 	 1
		-0.2859 	 -0.0775 	 -0.3635
	}
}
{volume "piece03_volume004"
	{box 10.0914 2.01587 21.8697}
	{bone "piece03"}
	{matrix34
		0 	 -1 	 0
		0.9994 	 0 	 -0.0358
		0.0358 	 0 	 0.9994
		-0.3004 	 0.0754 	 -0.1239
	}
}
{volume "piece04_volume004"
	{cylinder 1.13528 30.6132}
	{bone "piece04"}
	{Position 0 	 0 	 0.0992}
}
{volume "piece05_volume004"
	{cylinder 1.13528 30.8104}
	{bone "piece05"}
	{Position 0 	 0 	 0.0286}
}
