;Exported by	: KobaA
;Date			: 12.03.2024 10:36:46
;File			: d:\git\gem2-mdl-soldiers\models\entourage\railway\trainstation\station001_x.max
{skeleton
	{bone "station001_piece_032_x"
		{orientation
			1 	 0 	 0
			0 	 -1 	 0
			0 	 0 	 1
		}
		{bone "piece02"
			{matrix34
				0.3828 	 -0.9238 	 0
				0.9238 	 0.3828 	 0
				0 	 0 	 1
				6.2478 	 -17.7282 	 -15.436
			}
			{poly "piece02"}
		}
		{bone "piece01"
			{matrix34
				0.3828 	 -0.9238 	 0
				0.9238 	 0.3828 	 0
				0 	 0 	 1
				-1.0195 	 -17.5724 	 1.0834
			}
			{poly "piece01"}
		}
		{bone "piece04"
			{matrix34
				0 	 -0.9574 	 0.2887
				1 	 0 	 0
				0 	 0.2887 	 0.9574
				-11.3118 	 -12.8565 	 25.2146
			}
			{poly "piece04"}
		}
		{bone "sub_piece03"
			{matrix34
				0.3828 	 -0.9238 	 0
				0.9238 	 0.3828 	 0
				0 	 0 	 1
				-13.6112 	 -17.5386 	 14.5982
			}
			{poly "sub_piece03"}
		}
		{bone "sub_piece02"
			{matrix34
				-0.3828 	 0.9238 	 0
				-0.9238 	 -0.3828 	 0
				0 	 0 	 1
				-22.9716 	 -0.8404 	 17.9795
			}
			{poly "sub_piece02"}
		}
		{bone "piece03"
			{matrix34
				-0.9238 	 -0.3828 	 0
				0.3828 	 -0.9238 	 0
				0 	 0 	 1
				-19.5127 	 -3.4103 	 1.1899
			}
			{poly "piece03"}
		}
		{bone "sub_piece04"
			{matrix34
				-0.9238 	 -0.3828 	 0
				0.3828 	 -0.9238 	 0
				0 	 0 	 1
				-19.7101 	 -4.2564 	 -14.519
			}
			{poly "sub_piece04"}
		}
		{bone "sub_piece01"
			{matrix34
				-0.9238 	 -0.3828 	 0
				0.3828 	 -0.9238 	 0
				0 	 0 	 1
				-9.3581 	 -16.9832 	 -15.6785
			}
			{poly "sub_piece01"}
		}
		{bone "sub_piece05"
			{matrix34
				-0.3828 	 0.9238 	 0
				-0.9238 	 -0.3828 	 0
				0 	 0 	 1
				-19.1547 	 16.2466 	 -13.5526
			}
			{poly "sub_piece05"}
		}
		{bone "group001"
			{Position 6.1012 	 0.6479 	 -41.6374}
			{poly "group001"}
			{bone "attach1"
				{matrix34
					0 	 -1 	 0
					1 	 0 	 0
					0 	 0 	 1
					16.6093 	 -2.7752 	 -3.5149
				}
			}
			{bone "fort_wall"
				{matrix34
					0 	 1 	 0
					-1 	 0 	 0
					0 	 0 	 1
					-38.4062 	 19.111 	 3.5249
				}
			}
		}
		{bone "stones_x013"
			{parameters "land;ground;"}
			{matrix34
				-0.7071 	 -0.7071 	 0
				0.7071 	 -0.7071 	 0
				0 	 0 	 1
				-32.305 	 19.7588 	 -47.9551
			}
			{poly "stones_x013" {ground}}
		}
	}
}
{"volumes"
	{"body01"
		{polyhedron}
		{bone "group001"}
		{matrix34
			-1 	 0 	 0
			0 	 -1 	 0
			0 	 0 	 1
			17.0522 	 -19.228 	 -1.6317
		}
	}
	{"body02"
		{polyhedron}
		{bone "group001"}
		{matrix34
			0 	 1 	 0
			-1 	 0 	 0
			0 	 0 	 1
			-28.0563 	 -11.5475 	 -1.6317
		}
	}
	{"piece01"
		{box 16.8554 5.90551 12.8104}
		{bone "piece01"}
		{matrix34
			0.3828 	 0.9238 	 0
			-0.9238 	 0.3828 	 0
			0 	 0 	 1
			0 	 0 	 0.0261
		}
	}
	{"piece02"
		{box 15.6358 5.90551 13.6417}
		{bone "piece02"}
		{matrix34
			0.3828 	 0.9238 	 0
			-0.9238 	 0.3828 	 0
			0 	 0 	 1
			-0.4021 	 -0.0523 	 -1.1366
		}
	}
	{"piece03"
		{box 16.8554 5.90551 12.8104}
		{bone "piece03"}
		{matrix34
			0.3828 	 0.9238 	 0
			-0.9238 	 0.3828 	 0
			0 	 0 	 1
			0 	 0 	 0.0261
		}
	}
	{"piece04"
		{box 9.8222 21.874 0.843178}
		{bone "piece04"}
		{matrix34
			0 	 -1 	 0
			0.8501 	 0 	 -0.5266
			0.5266 	 0 	 0.8501
			-0.2824 	 -0.0286 	 0.0659
		}
	}
	{"sub_piece01"
		{box 11.0764 5.90551 10.9079}
		{bone "sub_piece01"}
		{matrix34
			-0.9238 	 0.3828 	 0
			-0.3828 	 -0.9238 	 0
			0 	 0 	 1
			0 	 0 	 -0.2511
		}
	}
	{"sub_piece02"
		{box 11.0764 5.90551 10.9079}
		{bone "sub_piece02"}
		{matrix34
			-0.9238 	 0.3828 	 0
			-0.3828 	 -0.9238 	 0
			0 	 0 	 1
			0 	 0 	 -0.2511
		}
	}
	{"sub_piece03"
		{box 9.27048 5.90551 9.59499}
		{bone "sub_piece03"}
		{matrix34
			0.3828 	 0.9238 	 0
			-0.9238 	 0.3828 	 0
			0 	 0 	 1
			0 	 0 	 0.3423
		}
	}
	{"sub_piece04"
		{box 9.27048 5.90551 9.59499}
		{bone "sub_piece04"}
		{matrix34
			0.3828 	 0.9238 	 0
			-0.9238 	 0.3828 	 0
			0 	 0 	 1
			0 	 0 	 0.3423
		}
	}
	{"sub_piece05"
		{polyhedron}
		{bone "sub_piece05"}
		{matrix34
			-0.9238 	 0.3828 	 0
			-0.3828 	 -0.9238 	 0
			0 	 0 	 1
			0 	 0 	 -5.705
		}
	}
	{"target_vol_01"
		{box 11.811 11.811 19.685}
		{bone "group001"}
		{Position 16.6093 	 -2.7752 	 19.9832}
	}
}
