;Exported by	: Oleksandr Tsaprylov
;Date			: 01.02.2023 17:36:50
;File			: E:\projects\gem2-mdl-soldiers\models\entourage\shed_wood_destroyed\shed_wood_destroyed.max
{skeleton
	{bone "shed_wood_destroyed_b_piece_005_x"
		{orientation
			1 	 0 	 0
			0 	 -1 	 0
			0 	 0 	 1
		}
		{bone "piece03"
			{matrix34
				0.9075 	 -0.3179 	 -0.2746
				0.2493 	 0.9337 	 -0.2568
				0.3381 	 0.1646 	 0.9266
				-23.7938 	 7.6098 	 48.9775
			}
			{poly "piece03"}
		}
		{bone "piece01"
			{matrix34
				0.8651 	 -0.284 	 -0.4134
				0.2949 	 0.9547 	 -0.0389
				0.4057 	 -0.0882 	 0.9097
				-51.6159 	 25.6125 	 36.8564
			}
			{poly "piece01"}
		}
		{bone "piece11"
			{Position -33.8933 	 24.317 	 62.7653}
			{poly "piece11"}
		}
		{bone "piece02"
			{matrix34
				0.8894 	 0.2682 	 0.3702
				-0.2659 	 0.9622 	 -0.0585
				-0.3719 	 -0.0464 	 0.9271
				-6.82 	 24.1335 	 29.1594
			}
			{poly "piece02"}
		}
		{bone "piece05"
			{Position -19.1691 	 24.2093 	 62.5695}
			{poly "piece05"}
		}
		{bone "piece06"
			{Position -2.5958 	 28.5224 	 26.3228}
			{poly "piece06"}
		}
		{bone "piece09"
			{Position -30.9019 	 26.5684 	 25.7447}
			{poly "piece09"}
		}
		{bone "piece04"
			{Position 0.6483 	 25.8734 	 63.773}
			{poly "piece04"}
		}
		{bone "piece10"
			{Position -17.0389 	 14.8102 	 64.9297}
			{poly "piece10"}
		}
		{bone "body"
			{Position -25.5608 	 14.2763 	 8.2144}
			{poly "body"}
		}
		{bone "piece12"
			{Position -4.4917 	 -4.3178 	 82.656}
			{poly "piece12"}
		}
		{bone "piece13"
			{Position -4.543 	 5.6984 	 78.55}
			{poly "piece13"}
		}
		{bone "piece14"
			{Position -53.0804 	 -10.2731 	 69.4212}
			{poly "piece14"}
		}
		{bone "piece07"
			{Position -53.2035 	 -11.9334 	 88.0444}
			{poly "piece07"}
		}
		{bone "piece08"
			{Position 16.2141 	 -19.3584 	 93.3262}
			{poly "piece08"}
		}
		{bone "land"
			{parameters "land;ground;"}
			{Position -43.7035 	 17.3932 	 0}
			{visibility 0}
			{poly "land" {ground}}
		}
	}
}
{obstacle "obstacle01"
	{obb2
		{center -44.0249 -14.3049}
		{extent 8.80493 9.8305}
		{axis -1 0}
	}
	{rotate}
}
{obstacle "obstacle02"
	{obb2
		{center -24.2155 -15.7269}
		{extent 28.7323 5.38493}
		{axis -1 0}
	}
	{rotate}
}
{"volumes"
	{"body01"
		{box 15.8326 17.8977 15.1624}
		{bone "body"}
		{Position -18.5787 	 0.0265 	 -0.6332}
	}
	{"body02"
		{box 44.2617 8.24907 12.1299}
		{bone "body"}
		{Position 2.9365 	 1.2328 	 -2.1494}
	}
	{"piece01"
		{box 16.1651 17.7847 18.2862}
		{bone "piece01"}
		{matrix34
			-0.8651 	 -0.2949 	 -0.4057
			0.284 	 -0.9547 	 0.0882
			-0.4134 	 -0.0389 	 0.9097
			10.3382 	 -8.5935 	 3.7064
		}
	}
	{"piece02"
		{box 14.607 7.86936 14.1988}
		{bone "piece02"}
		{matrix34
			-0.8894 	 0.2659 	 0.3719
			-0.2682 	 -0.9622 	 0.0464
			0.3702 	 -0.0585 	 0.9271
			-5.955 	 -7.0581 	 2.4163
		}
	}
	{"piece03"
		{box 19.4272 7.86936 14.1988}
		{bone "piece03"}
		{matrix34
			-0.9075 	 -0.2493 	 -0.3381
			0.3179 	 -0.9337 	 -0.1646
			-0.2746 	 -0.2568 	 0.9266
			0.0575 	 8.1676 	 2.5183
		}
	}
	{"piece04"
		{box 6.4305 1.25483 36.6238}
		{bone "piece04"}
		{matrix34
			-0.0083 	 0.8671 	 -0.498
			0.0179 	 0.4981 	 0.8669
			0.9998 	 -0.0017 	 -0.0196
			-0.9331 	 -0.2168 	 0.2391
		}
	}
	{"piece05"
		{box 2.3622 2.98768 44.1188}
		{bone "piece05"}
		{matrix34
			1 	 0 	 0
			0 	 0.5736 	 0.8192
			0 	 -0.8192 	 0.5736
			0.0745 	 0.4887 	 -0.3433
		}
	}
	{"piece06"
		{box 7.24106 1.25483 52.3753}
		{bone "piece06"}
		{matrix34
			-0.9714 	 -0.0973 	 0.2164
			-0.027 	 0.9515 	 0.3066
			-0.2358 	 0.292 	 -0.9269
			-0.2247 	 -0.1664 	 0.7583
		}
	}
	{"piece07"
		{box 2.3622 2.98768 54.7073}
		{bone "piece07"}
		{matrix34
			1 	 0 	 0
			0 	 0.5736 	 0.8192
			0 	 -0.8192 	 0.5736
			0.1113 	 0.1711 	 -0.1606
		}
	}
	{"piece08"
		{box 1.58472 7.20607 23.5609}
		{bone "piece08"}
		{matrix34
			-0.0125 	 -0.5737 	 -0.819
			-0.0827 	 -0.8157 	 0.5726
			-0.9965 	 0.0749 	 -0.0372
			0.6193 	 0.0701 	 0.1659
		}
	}
	{"piece09"
		{box 5.40378 1.25483 38.5112}
		{bone "piece09"}
		{matrix34
			-0.9985 	 0 	 -0.0553
			-0.0149 	 0.9627 	 0.2702
			0.0532 	 0.2706 	 -0.9612
			0.1389 	 0.2333 	 -0.7916
		}
	}
	{"piece10"
		{box 2.3622 2.98768 51.7658}
		{bone "piece10"}
		{matrix34
			0 	 1 	 0
			0 	 0 	 1
			1 	 0 	 0
			-0.2991 	 -0.1114 	 0.0194
		}
	}
	{"piece11"
		{box 2.3622 2.98768 24.8006}
		{bone "piece11"}
		{matrix34
			1 	 0 	 0
			0 	 0.5736 	 0.8192
			0 	 -0.8192 	 0.5736
			0.1072 	 -0.3585 	 0.0514
		}
	}
	{"piece12"
		{box 1.58472 7.20607 23.5632}
		{bone "piece12"}
		{matrix34
			-0.0202 	 -0.5971 	 -0.8019
			-0.1743 	 -0.7877 	 0.5909
			-0.9845 	 0.1517 	 -0.0881
			-0.8374 	 -0.0077 	 -0.2204
		}
	}
	{"piece13"
		{box 2.0315 1.25483 33.4087}
		{bone "piece13"}
		{matrix34
			0 	 0.8192 	 -0.5736
			0 	 0.5736 	 0.8192
			1 	 0 	 0
			0.1955 	 -0.0167 	 0.0134
		}
	}
	{"piece14"
		{box 2.3622 2.98768 51.7658}
		{bone "piece14"}
		{matrix34
			1 	 0 	 0
			0 	 0 	 1
			0 	 -1 	 0
			-0.1115 	 0.2991 	 0.0194
		}
	}
}
