;Exported by	: KobaA
;Date			: 12.03.2024 12:51:39
;File			: d:\git\gem2-mdl-soldiers\models\entourage\railway\trainstation\station002_x.max
{skeleton
	{bone "station002_piece_029_x"
		{orientation
			1 	 0 	 0
			0 	 -1 	 0
			0 	 0 	 1
		}
		{bone "sub_piece04"
			{Position 0 	 17.916 	 0}
			{poly "sub_piece04"}
		}
		{bone "piece01"
			{matrix34
				0.9238 	 0.3828 	 0
				-0.3828 	 0.9238 	 0
				0 	 0 	 1
				0.5419 	 2.8883 	 5.9616
			}
			{poly "piece01"}
		}
		{bone "piece05"
			{matrix34
				0.3828 	 -0.9238 	 0
				0.9238 	 0.3828 	 0
				0 	 0 	 1
				-0.2239 	 23.1948 	 -3.0725
			}
			{poly "piece05"}
		}
		{bone "piece04"
			{matrix34
				0 	 0 	 -1
				1 	 0 	 0
				0 	 -1 	 0
				-52.4116 	 4.9252 	 11.3788
			}
			{poly "piece04"}
		}
		{bone "piece02"
			{matrix34
				-0.4475 	 0 	 0.8943
				0 	 -1 	 0
				0.8943 	 0 	 0.4475
				-7.7474 	 -3.2947 	 24.351
			}
			{poly "piece02"}
		}
		{bone "sub_piece02"
			{Position -25.4203 	 10.713 	 13.3632}
			{poly "sub_piece02"}
		}
		{bone "sub_piece01"
			{Position -42.4791 	 0.2826 	 13.3632}
			{poly "sub_piece01"}
		}
		{bone "piece03"
			{Position -33.7753 	 23.8876 	 13.3632}
			{poly "piece03"}
		}
		{bone "sub_piece03"
			{Position -26.2753 	 -9.0521 	 13.3632}
			{poly "sub_piece03"}
		}
	}
}
{"volumes"
	{"piece01"
		{box 15.6358 5.90551 13.6417}
		{bone "piece01"}
		{matrix34
			0.3828 	 0.9238 	 0
			-0.9238 	 0.3828 	 0
			0 	 0 	 1
			-0.4021 	 -0.0523 	 -1.1366
		}
	}
	{"piece02"
		{box 15.5378 19.7033 0.922978}
		{bone "piece02"}
		{matrix34
			-0.8534 	 0 	 0.5213
			0 	 -1 	 0
			0.5213 	 0 	 0.8534
			1.8118 	 0.1099 	 -1.1412
		}
	}
	{"piece03"
		{box 41.4333 8.91143 0.909012}
		{bone "piece03"}
		{Position 0.2244 	 0.0009 	 0}
	}
	{"piece04"
		{polyhedron}
		{bone "piece04"}
		{matrix34
			0 	 0 	 -1
			0 	 -1 	 0
			-1 	 0 	 0
			1.4764 	 0 	 -1.6647
		}
	}
	{"piece05"
		{box 11.0764 5.90551 10.9079}
		{bone "piece05"}
		{matrix34
			-0.9238 	 0.3828 	 0
			-0.3828 	 -0.9238 	 0
			0 	 0 	 1
			0 	 0 	 -0.2511
		}
	}
	{"sub_piece01"
		{box 30.9203 4.35103 0.909012}
		{bone "sub_piece01"}
		{Position 1.0058 	 -0.0013 	 0}
	}
	{"sub_piece02"
		{box 30.9203 4.35103 0.909012}
		{bone "sub_piece02"}
		{Position 1.0058 	 -0.0013 	 0}
	}
	{"sub_piece03"
		{box 11.3535 3.54979 0.909012}
		{bone "sub_piece03"}
		{Position -0.1018 	 -0.0056 	 0}
	}
	{"sub_piece04"
		{box 25.0159 11.0338 0.922978}
		{bone "sub_piece04"}
		{matrix34
			0.848 	 0 	 -0.5299
			0 	 1 	 0
			0.5299 	 0 	 0.848
			-16.501 	 -1.4389 	 29.7862
		}
	}
}
