;Exported by:	 tolokolnikova
;Date:			 27.06.2017 14:38:44
;File:			 D:\gem2\gem2-mdl-soldiers\models\building\house_D\D_004_x_fort.max
{skeleton
	{bone "d004_piece03_point"
		{orientation
			1 	 0 	 0
			0 	 -1 	 0
			0 	 0 	 1
		}
		{bone "piece01"
			{Position -12.2946 	 24.0711 	 -8.0958}
			{poly "piece01"}
		}
		{bone "sub_piece01"
			{matrix34
				-1 	 0 	 0
				0 	 -0.342 	 -0.9397
				0 	 -0.9397 	 0.342
				11.5434 	 -2.6502 	 7.0982
			}
			{poly "sub_piece01"}
		}
		{bone "sub_piece02"
			{Position -14.7641 	 19.7648 	 1.2406}
			{poly "sub_piece02"}
		}
		{bone "sub_piece03"
			{Position -4.1125 	 -3.8474 	 11.7552}
			{poly "sub_piece03"}
		}
		{bone "sub_piece04"
			{Position 21.7182 	 -11.3777 	 12.6448}
			{poly "sub_piece04"}
		}
		{bone "sub_piece05"
			{Position 18.5907 	 19.7648 	 1.2406}
			{poly "sub_piece05"}
		}
	}
}
{volume "piece01"
	{box 32.4724 5.90551 10.4851}
	{bone "piece01"}
	{Position 1.8019 	 0 	 0.8323}
}
{volume "sub_piece01"
	{box 3.09128 58.9436 3.32591}
	{bone "sub_piece01"}
	{matrix34
		-1 	 0 	 0
		0 	 0 	 -1
		0 	 -1 	 0
		0 	 0.0919 	 -0.4286
	}
}
{volume "sub_piece02"
	{box 26.2393 22.9534 0.984252}
	{bone "sub_piece02"}
	{matrix34
		1 	 0 	 0
		0 	 0.9397 	 -0.342
		0 	 0.342 	 0.9397
		-1.0581 	 0.1683 	 0.0196
	}
}
{volume "sub_piece03"
	{box 27.2888 16.756 0.984252}
	{bone "sub_piece03"}
	{matrix34
		1 	 0 	 0
		0 	 0.9397 	 -0.342
		0 	 0.342 	 0.9397
		-1.4759 	 0.4595 	 -0.4636
	}
}
{volume "sub_piece04"
	{box 19.1022 13.4048 0.984252}
	{bone "sub_piece04"}
	{matrix34
		1 	 0 	 0
		0 	 0.9397 	 -0.342
		0 	 0.342 	 0.9397
		-2.8917 	 1.5365 	 -0.3643
	}
}
{volume "sub_piece05"
	{box 20.729 22.9534 0.984252}
	{bone "sub_piece05"}
	{matrix34
		1 	 0 	 0
		0 	 0.9397 	 -0.342
		0 	 0.342 	 0.9397
		-1.4695 	 0.1683 	 0.0196
	}
}
