;Exported by	: KobaA
;Date			: 26.01.2024 11:04:10
;File			: d:\git\gem2-mdl-soldiers\models\building\building_ua01\building_ua05_v2_x.max
{skeleton
	{bone "b_ua_05_piece16_point"
		{orientation
			1 	 0 	 0
			0 	 -1 	 0
			0 	 0 	 1
		}
		{bone "piece02"
			{matrix34
				0 	 -0.7071 	 0.7071
				0 	 0.7071 	 0.7071
				1 	 0 	 0
				4.7092 	 27.8531 	 53.7378
			}
			{poly "piece02"}
		}
		{bone "piece01"
			{matrix34
				-1 	 0 	 0
				0 	 1 	 0
				0 	 0 	 1
				21.3526 	 7.3755 	 2.7823
			}
			{poly "piece01"}
		}
		{bone "b_ua_05_piece16"
			{Position -8.3438 	 -28.6778 	 -46.5674}
			{poly "b_ua_05_piece16"}
		}
		{bone "piece03"
			{Position 20.5236 	 45.4594 	 29.4466}
			{poly "piece03"}
		}
		{bone "piece04"
			{matrix34
				0 	 0.6293 	 -0.7771
				-1 	 0 	 0
				0 	 0.7771 	 0.6293
				1.3611 	 -12.7871 	 21.2135
			}
			{poly "piece04"}
		}
		{bone "piece05"
			{matrix34
				0 	 0.6293 	 -0.7771
				-1 	 0 	 0
				0 	 0.7771 	 0.6293
				-12.2804 	 15.2568 	 43.6772
			}
			{poly "piece05"}
		}
		{bone "piece06"
			{matrix34
				0 	 -0.6293 	 -0.7771
				1 	 0 	 0
				0 	 -0.7771 	 0.6293
				-24.4793 	 38.5162 	 45.6965
			}
			{poly "piece06"}
		}
		{bone "piece07"
			{matrix34
				0 	 -0.6293 	 -0.7771
				1 	 0 	 0
				0 	 -0.7771 	 0.6293
				19.0364 	 38.3751 	 45.522
			}
			{poly "piece07"}
		}
	}
}
{"volumes"
	{"piece01"
		{box 2.87949 42.7245 5.21757}
		{bone "piece01"}
		{matrix34
			1 	 0 	 0
			0 	 -1 	 0
			0 	 0 	 -1
			0 	 0 	 0.0402
		}
	}
	{"piece02"
		{box 31.6967 4.99797 4.23149}
		{bone "piece02"}
		{matrix34
			0 	 0 	 -1
			0.7071 	 -0.7071 	 0
			-0.7071 	 -0.7071 	 0
			-0.2686 	 0.0071 	 -2.0975
		}
	}
	{"piece03"
		{box 1.123 17.5171 10.9569}
		{bone "piece03"}
		{Position 0.8291 	 0.6321 	 1.0776}
	}
	{"piece04"
		{box 9.36436 3.30709 34.7459}
		{bone "piece04"}
		{matrix34
			0 	 -1 	 0
			0.9998 	 0 	 0.0175
			-0.0175 	 0 	 0.9998
			0.5807 	 -0.7212 	 -2.0773
		}
	}
	{"piece05"
		{box 3.15204 2.48031 16.3306}
		{bone "piece05"}
		{matrix34
			0 	 -1 	 0
			0.9998 	 0 	 0.0175
			-0.0175 	 0 	 0.9998
			-0.3379 	 -1.2584 	 -3.1709
		}
	}
	{"piece06"
		{box 3.15204 2.48031 16.3306}
		{bone "piece06"}
		{matrix34
			0 	 -1 	 0
			0.9998 	 0 	 0.0175
			-0.0175 	 0 	 0.9998
			-0.165 	 -1.2584 	 -3.1709
		}
	}
	{"piece07"
		{box 3.15204 2.48031 16.3306}
		{bone "piece07"}
		{matrix34
			0 	 -1 	 0
			0.9998 	 0 	 0.0175
			-0.0175 	 0 	 0.9998
			-0.3895 	 0.135 	 -3.1709
		}
	}
	{"vol_01"
		{box 24.5675 5.90551 31.8145}
		{bone "b_ua_05_piece16"}
		{Position 24.7877 	 -1.7097 	 15.9073}
	}
	{"vol_02"
		{box 24.5675 5.90551 31.8145}
		{bone "b_ua_05_piece16"}
		{matrix34
			0 	 1 	 0
			-1 	 0 	 0
			0 	 0 	 1
			35.0041 	 4.5506 	 15.9073
		}
	}
	{"vol_03"
		{box 34.8859 5.90551 12.4077}
		{bone "b_ua_05_piece16"}
		{matrix34
			0 	 1 	 0
			-1 	 0 	 0
			0 	 0 	 1
			35.0041 	 33.3318 	 6.2038
		}
	}
	{"vol_04"
		{box 19.1627 5.90551 12.4077}
		{bone "b_ua_05_piece16"}
		{Position 3.3728 	 -1.7097 	 6.2038}
	}
}
