;Exported by	: KobaA
;Date			: 10.04.2023 10:48:53
;File			: D:\git\gem2-mdl-soldiers\models\flora\African_tree\African_tree.max
{skeleton
	{bone "african_tree_007_basis"
		{orientation
			1 	 0 	 0
			0 	 -1 	 0
			0 	 0 	 1
		}
		{bone "rootx"
			{matrix34
				-0.6548 	 0.7503 	 0.0909
				-0.0286 	 0.0957 	 -0.995
				-0.7553 	 -0.6541 	 -0.0412
				2.7151 	 -1.3087 	 -26.9122
			}
			{poly "rootx"}
		}
		{bone "african_tree_007"
			{Position 0 	 0 	 1.3897}
			{poly "african_tree_007"}
		}
	}
}
{"volumes"
	{"bole01"
		{cylinder 3.32783 24.4851}
		{bone "african_tree_007"}
		{matrix34
			0.7521 	 0.6513 	 0.1007
			-0.3749 	 0.5485 	 -0.7474
			-0.542 	 0.5244 	 0.6567
			-3.7237 	 2.4373 	 0.0505
		}
	}
	{"bole02"
		{cylinder 2.5654 44.3481}
		{bone "african_tree_007"}
		{matrix34
			0.6681 	 0.7417 	 -0.0588
			-0.6397 	 0.5323 	 -0.5544
			-0.3799 	 0.408 	 0.8302
			-18.1409 	 18.4638 	 26.1702
		}
	}
	{"crown"
		{polyhedron}
		{bone "african_tree_007"}
		{Position -46.4161 	 34.3134 	 51.6486}
	}
}
