;Exported by:	 Oleksandr Tsaprylov
;Date:			 14.06.2022 11:03:14
;File:			 E:\projects\gem2-mdl-soldiers\models\entourage\pile_Planks\pile_Planks.max
{skeleton
	{bone "pile_planks_03_x"
		{orientation
			1 	 0 	 0
			0 	 -1 	 0
			0 	 0 	 1
		}
		{bone "fx_wood2"
			{Position 0 	 0 	 1.5589}
		}
		{bone "piece1"
			{matrix34
				-0.6771 	 -0.2024 	 -0.7075
				0.4653 	 0.6271 	 -0.6247
				0.5701 	 -0.7522 	 -0.3304
				-18.2338 	 -15.2195 	 2.367
			}
			{poly "piece1"}
		}
		{bone "piece2"
			{matrix34
				0.5436 	 0.8389 	 -0.0295
				-0.3182 	 0.2385 	 0.9175
				0.7767 	 -0.4893 	 0.3966
				15.5754 	 -4.3778 	 -2.9743
			}
			{poly "piece2"}
		}
		{bone "piece3"
			{matrix34
				0.8355 	 -0.5417 	 0.0924
				0.252 	 0.527 	 0.8116
				-0.4883 	 -0.6549 	 0.5768
				-8.7744 	 12.1107 	 -1.8696
			}
			{poly "piece3"}
		}
		{bone "piece4"
			{matrix34
				-0.5595 	 0.6614 	 0.4995
				-0.2091 	 -0.6958 	 0.6871
				0.802 	 0.28 	 0.5276
				-15.9727 	 -2.6721 	 -3.4261
			}
			{poly "piece4"}
		}
		{bone "fx_dust1"
			{Position 0 	 0 	 1.5589}
		}
	}
}
{volume "piece01"
	{box 1.96406 22.3082 1.89405}
	{bone "piece1"}
	{matrix34
		0.7021 	 -0.194 	 0.6851
		0.7042 	 0.332 	 -0.6276
		-0.1057 	 0.9231 	 0.3697
		-0.0572 	 -0.0092 	 -0.017
	}
}
{volume "piece02"
	{box 4.36863 12.3336 0.896367}
	{bone "piece2"}
	{matrix34
		0.5471 	 0.1886 	 -0.8155
		-0.7761 	 0.4792 	 -0.4099
		0.3135 	 0.8572 	 0.4085
		0.3962 	 1.1575 	 0.4694
	}
}
{volume "piece03"
	{box 1.96406 22.3082 1.89405}
	{bone "piece3"}
	{matrix34
		0.7021 	 -0.194 	 0.6851
		0.7042 	 0.332 	 -0.6276
		-0.1057 	 0.9231 	 0.3697
		-0.0572 	 -0.0092 	 -0.0171
	}
}
{volume "piece04"
	{box 4.36863 12.3336 0.896367}
	{bone "piece4"}
	{matrix34
		0.5471 	 0.1886 	 -0.8155
		-0.7761 	 0.4792 	 -0.4099
		0.3135 	 0.8572 	 0.4085
		0.3962 	 1.1575 	 0.4694
	}
}
