;Exported by:	 tolokolnikova
;Date:			 27.06.2017 14:25:18
;File:			 D:\gem2\gem2-mdl-soldiers\models\building\water_mill\water_mill_01_x_fort.max
{skeleton
	{bone "house_80_piers_piece06_point"
		{orientation
			1 	 0 	 0
			0 	 -1 	 0
			0 	 0 	 1
		}
		{bone "piece01"
			{matrix34
				0.0098 	 0 	 1
				0 	 1 	 0
				-1 	 0 	 0.0098
				-30.4825 	 6.5085 	 0.4751
			}
			{poly "piece01"}
		}
		{bone "piece02"
			{matrix34
				-0.9634 	 0 	 0.2682
				0 	 1 	 0
				-0.2682 	 0 	 -0.9634
				-25.0194 	 6.5085 	 -19.7962
			}
			{poly "piece02"}
		}
	}
}
{volume "piece01"
	{box 13.7474 17.7165 20.6682}
	{bone "piece01"}
	{matrix34
		0.9865 	 0 	 -0.164
		0 	 1 	 0
		0.164 	 0 	 0.9865
		-0.7494 	 0 	 1.6331
	}
}
{volume "piece02"
	{box 12.5869 17.7165 20.6682}
	{bone "piece02"}
	{matrix34
		0.9104 	 0 	 -0.4137
		0 	 1 	 0
		0.4137 	 0 	 0.9104
		-0.646 	 0 	 1.034
	}
}
