;Exported by:	 tolokolnikova
;Date:			 13.04.2018 16:52:43
;File:			 D:\gem2\gem2-mdl-soldiers\models\building\building_ua01\building_ua02_v2_x.max
{skeleton
	{bone "b_ua_02_piece14_point"
		{orientation
			1 	 0 	 0
			0 	 -1 	 0
			0 	 0 	 1
		}
		{bone "piece03"
			{matrix34
				0 	 0 	 -1
				0 	 1 	 0
				1 	 0 	 0
				-16.8706 	 -1.1623 	 22.5939
			}
			{poly "piece03"}
		}
		{bone "piece04"
			{matrix34
				0.0066 	 -0.7906 	 -0.6122
				-1 	 -0.0086 	 0.0003
				-0.0055 	 0.6122 	 -0.7907
				-37.8173 	 16.7674 	 -2.0806
			}
			{poly "piece04"}
		}
		{bone "piece05"
			{matrix34
				0.0066 	 -0.7906 	 0.6122
				-1 	 -0.0081 	 0.0003
				0.0048 	 -0.6122 	 -0.7907
				-0.2195 	 -27.0584 	 -13.2893
			}
			{poly "piece05"}
		}
		{bone "piece06"
			{matrix34
				0.0066 	 0.7906 	 -0.6122
				1 	 -0.0086 	 -0.0003
				-0.0055 	 -0.6122 	 -0.7907
				39.2407 	 -14.7786 	 2.5708
			}
			{poly "piece06"}
		}
		{bone "piece08"
			{matrix34
				0.0066 	 0.7906 	 0.6122
				1 	 -0.0086 	 0.0003
				-0.0055 	 -0.6122 	 0.7907
				40.9639 	 25.4917 	 -13.9125
			}
			{poly "piece08"}
		}
		{bone "piece07"
			{matrix34
				0.0066 	 0.7906 	 0.6122
				1 	 -0.0086 	 0.0003
				-0.0055 	 -0.6122 	 0.7907
				1.2075 	 26.2055 	 -14.277
			}
			{poly "piece07"}
		}
		{bone "piece01"
			{matrix34
				0 	 -1 	 0
				-0.5736 	 0 	 -0.8192
				0.8192 	 0 	 -0.5736
				34.4073 	 12.3213 	 31.6445
			}
			{poly "piece01"}
		}
		{bone "piece02"
			{matrix34
				0 	 -1 	 0
				-0.5736 	 0 	 -0.8192
				0.8192 	 0 	 -0.5736
				34.8899 	 3.771 	 23.2897
			}
			{poly "piece02"}
		}
	}
}
{volume "piece01"
	{box 6.49606 10.2516 7.54564}
	{bone "piece01"}
	{Position 0 	 0.1085 	 -0.5002}
}
{volume "piece02"
	{box 6.49606 10.2516 7.54564}
	{bone "piece02"}
	{Position 0 	 0.1085 	 -0.2904}
}
{volume "piece03"
	{box 4.55132 4.24044 63.4006}
	{bone "piece03"}
	{matrix34
		1 	 0 	 0
		0 	 1 	 0
		0 	 0 	 1
		-0.3657 	 0 	 0.6588
	}
}
{volume "piece04"
	{box 35.0102 4.24044 2.84256}
	{bone "piece04"}
	{matrix34
		0 	 0.0109 	 -0.9999
		-0.0109 	 0.9999 	 0.0109
		0.9999 	 0.0109 	 0.0001
		-0.1016 	 -0.2415 	 -5.0337
	}
}
{volume "piece05"
	{box 35.0102 4.24044 2.84256}
	{bone "piece05"}
	{matrix34
		0 	 0 	 1
		-0.001 	 1 	 0
		-1 	 -0.001 	 0
		-0.0025 	 0.0245 	 -3.2506
	}
}
{volume "piece06"
	{box 35.0102 4.24044 2.84256}
	{bone "piece06"}
	{matrix34
		0 	 0.0092 	 1
		-0.0122 	 -0.9999 	 0.0092
		0.9999 	 -0.0122 	 0
		-0.2798 	 -0.0692 	 -2.7615
	}
}
{volume "piece07"
	{box 23.8164 4.24044 2.84256}
	{bone "piece07"}
	{matrix34
		-0.0392 	 0.0057 	 0.9992
		0.0066 	 1 	 -0.0055
		0.9992 	 -0.0064 	 0.0393
		-0.0122 	 -0.3293 	 0.1463
	}
}
{volume "piece08"
	{box 28.8973 4.24044 2.84256}
	{bone "piece08"}
	{matrix34
		-0.0392 	 0.0057 	 0.9992
		0.0066 	 1 	 -0.0055
		0.9992 	 -0.0064 	 0.0393
		-0.1901 	 -3.6831 	 -1.0952
	}
}
