;Exported by	: KobaA
;Date			: 12.09.2023 15:46:07
;File			: D:\git\gem2-mdl-soldiers\models\flora\African_tree\African_tree.max
{skeleton
	{bone "african_tree_002_basis"
		{orientation
			1 	 0 	 0
			0 	 -1 	 0
			0 	 0 	 1
		}
		{bone "african_tree_002"
			{Position 0 	 0 	 1.6018}
			{poly "african_tree_002"}
		}
		{bone "rootx"
			{matrix34
				-0.6548 	 0.7503 	 0.0909
				-0.0286 	 0.0957 	 -0.995
				-0.7553 	 -0.6541 	 -0.0412
				3.5095 	 0.7424 	 -24.4812
			}
			{poly "rootx"}
		}
	}
}
{"volumes"
	{"bole01"
		{cylinder 3.19076 52.0805}
		{bone "african_tree_002"}
		{matrix34
			0.959 	 -0.2015 	 -0.1992
			0.2087 	 0.9778 	 0.016
			0.1916 	 -0.057 	 0.9798
			4.3037 	 -1.3467 	 19.2076
		}
	}
	{"bole02"
		{cylinder 2.68024 45.9015}
		{bone "african_tree_002"}
		{matrix34
			0.4164 	 -0.0597 	 -0.9072
			0.2193 	 0.975 	 0.0365
			0.8823 	 -0.2142 	 0.419
			28.5485 	 -7.7801 	 53.0628
		}
	}
	{"crown"
		{polyhedron}
		{bone "african_tree_002"}
		{matrix34
			0.5649 	 -0.8192 	 0.0996
			0.8067 	 0.5736 	 0.1422
			-0.1736 	 0 	 0.9848
			78.585 	 -6.2905 	 58.0235
		}
	}
}
