;Exported by: vic
;Date:        Wed Mar 01 18:29:23 2006
;File:        D:\-Projects-\-3DWork-\Constructions\NEW\S2\Dot\barricade_cobble_vic_x.max
{Skeleton
	{bone "cobble2_x"
		{Orientation
			1	0	0
			0	-1	0
			0	0	1
		}
		{bone "piece03"
			{Matrix34
				0.999997	0.00186622	-0.00128205
				-0.00186008	0.999987	0.0047683
				0.00129093	-0.0047659	0.999988
				-15.4793	-20.9577	-1.66842
			}
			{VolumeView "piece03.ply"}
		}
		{bone "piece04"
			{Matrix34
				0.999997	0.00186622	-0.00128205
				-0.00186008	0.999987	0.0047683
				0.00129093	-0.0047659	0.999988
				10.0684	-13.0879	2.78767
			}
			{VolumeView "piece04.ply"}
		}
		{bone "piece01"
			{Matrix34
				0.999997	0.00186622	-0.00128205
				-0.00186008	0.999987	0.0047683
				0.00129093	-0.0047659	0.999988
				1.12531	7.72856	2.71255
			}
			{VolumeView "piece01.ply"}
		}
		{bone "piece05"
			{Matrix34
				0.999997	0.00186622	-0.00128205
				-0.00186008	0.999987	0.0047683
				0.00129093	-0.0047659	0.999988
				29.842	7.55605	0.655434
			}
			{VolumeView "piece05.ply"}
		}
		{bone "piece00"
			{Matrix34
				0.999997	0.00186622	-0.00128205
				-0.00186008	0.999987	0.0047683
				0.00129093	-0.0047659	0.999988
				-15.6431	4.3293	2.10043
			}
			{VolumeView "piece00.ply"}
		}
		{bone "piece02"
			{Matrix34
				0.999997	0.00186622	-0.00128205
				-0.00186008	0.999987	0.0047683
				0.00129093	-0.0047659	0.999988
				-7.58038	-5.91806	0.594359
			}
			{VolumeView "piece02.ply"}
		}
	}
}
{Volume "piece00"
	{Box 4.33204 9.28386 4.69433}
	{Bone "piece00"}
	{Matrix34
		0.790671	0	-0.612241
		0.166117	0.962488	0.21453
		0.589275	-0.271326	0.761011
		-0.061605	0.844219	-0.351683
	}
}
{Volume "piece01"
	{Box 9.77333 7.8519 5.11377}
	{Bone "piece01"}
	{Matrix34
		0.920678	0	-0.390323
		-0.0543137	0.990271	-0.128113
		0.386526	0.139151	0.911721
		-0.13911	-0.0500946	-0.328205
	}
}
{Volume "piece02"
	{Box 3.52411 29.7657 5.5097}
	{Bone "piece02"}
	{Matrix34
		0.213634	-0.715183	-0.665488
		0.464458	0.673656	-0.574862
		0.859441	-0.18628	0.476088
		-0.00254499	0.0447567	0.234495
	}
}
{Volume "piece03"
	{Box 4.51454 5.55586 5.24012}
	{Bone "piece03"}
	{Matrix34
		0.491914	0.5755	-0.653315
		-0.50553	0.79973	0.323837
		0.708844	0.170971	0.684331
		-0.223303	1.05477	0.177463
	}
}
{Volume "piece04"
	{Box 8.26487 8.66879 4.96813}
	{Bone "piece04"}
	{Matrix34
		0.9321	0	-0.3622
		0.056607	0.987712	0.145675
		0.357749	-0.156286	0.920647
		0.744756	0.0397073	-0.391963
	}
}
{Volume "piece05"
	{Box 5.90748 5.43416 5.75666}
	{Bone "piece05"}
	{Matrix34
		0.653164	0.692164	-0.307059
		-0.626399	0.721739	0.294477
		0.425443	0	0.904985
		0.127208	0.00625443	0.178411
	}
}
