;Exported by:	 tolokolnikova
;Date:			 23.03.2018 09:15:41
;File:			 D:\gem2\gem2-mdl-soldiers\models\building\building_ua01\building_06_v2_x.max
{skeleton
	{bone "b_ua_06_piece02_point"
		{orientation
			1 	 0 	 0
			0 	 -1 	 0
			0 	 0 	 1
		}
		{bone "piece01"
			{matrix34
				0 	 -1 	 0
				1 	 0 	 0
				0 	 0 	 1
				57.4094 	 5.4306 	 24.3064
			}
			{poly "piece01"}
		}
		{bone "piece02"
			{matrix34
				0 	 -1 	 0
				1 	 0 	 0
				0 	 0 	 1
				-44.6169 	 5.469 	 19.0695
			}
			{poly "piece02"}
		}
		{bone "piece03"
			{matrix34
				0 	 -1 	 0
				1 	 0 	 0
				0 	 0 	 1
				-29.3021 	 5.3986 	 21.1597
			}
			{poly "piece03"}
		}
		{bone "piece04"
			{matrix34
				0 	 -1 	 0
				0.866 	 0 	 -0.5
				0.5 	 0 	 0.866
				-16.7214 	 5.4205 	 10.9781
			}
			{poly "piece04"}
		}
		{bone "piece05"
			{matrix34
				0 	 -1 	 0
				0.9063 	 0 	 -0.4226
				0.4226 	 0 	 0.9063
				22.0291 	 5.5474 	 21.7518
			}
			{poly "piece05"}
		}
		{bone "piece06"
			{matrix34
				0 	 -1 	 0
				1 	 0 	 0
				0 	 0 	 1
				-60.3272 	 5.4878 	 24.3002
			}
			{poly "piece06"}
		}
		{bone "piece07"
			{matrix34
				0 	 -1 	 0
				0.6428 	 0 	 -0.766
				0.766 	 0 	 0.6428
				40.9082 	 5.1689 	 18.4062
			}
			{poly "piece07"}
		}
		{bone "piece08"
			{matrix34
				0 	 -1 	 0
				0.4226 	 0 	 -0.9063
				0.9063 	 0 	 0.4226
				17.156 	 5.5861 	 9.3827
			}
			{poly "piece08"}
		}
		{bone "b_ua_06_piece02"
			{Position 1.3043 	 60.8994 	 0.4856}
			{poly "b_ua_06_piece02"}
		}
		{bone "sub_piece09"
			{matrix34
				-1 	 0 	 0
				0 	 -0.8192 	 0.5736
				0 	 0.5736 	 0.8192
				-34.8874 	 13.3917 	 50.9234
			}
			{poly "sub_piece09"}
		}
		{bone "sub_piece01"
			{Position -1.2221 	 3.8227 	 28.7335}
			{poly "sub_piece01"}
		}
		{bone "sub_piece02"
			{matrix34
				-0.9916 	 0.1294 	 0
				0.1294 	 0.9916 	 0
				0 	 0 	 1
				-34.6355 	 -3.0789 	 27.8397
			}
			{poly "sub_piece02"}
		}
		{bone "sub_piece03"
			{matrix34
				-0.9916 	 0.1294 	 0
				0.1294 	 0.9916 	 0
				0 	 0 	 1
				39.3035 	 -3.0789 	 27.8397
			}
			{poly "sub_piece03"}
		}
		{bone "sub_piece04"
			{matrix34
				1 	 0 	 0
				0 	 0.8192 	 -0.5736
				0 	 0.5736 	 0.8192
				-1.2613 	 7.5514 	 43.0047
			}
			{poly "sub_piece04"}
		}
		{bone "sub_piece06"
			{Position -48.3679 	 28.1462 	 28.7201}
			{poly "sub_piece06"}
		}
		{bone "sub_piece05"
			{matrix34
				1 	 0 	 0
				0 	 0.8192 	 -0.5736
				0 	 0.5736 	 0.8192
				72.9282 	 9.1259 	 45.2532
			}
			{poly "sub_piece05"}
		}
		{bone "sub_piece07"
			{Position 10.0314 	 62.9816 	 28.7201}
			{poly "sub_piece07"}
		}
		{bone "sub_piece08"
			{Position 45.7072 	 25.839 	 28.7201}
			{poly "sub_piece08"}
		}
		{bone revolute "attach1"
			{matrix34
				0 	 -1 	 0
				1 	 0 	 0
				0 	 0 	 1
				24.3224 	 21.6345 	 -14.7395
			}
		}
		{bone "debris_land_001"
			{parameters "commonmesh;land;ground;"}
			{matrix34
				0 	 1 	 0
				-1 	 0 	 0
				0 	 0 	 1
				30.9598 	 -11.5928 	 -21.6061
			}
			{poly "debris_land_001" {ground}}
		}
		{bone "fort_wall"
			{matrix34
				-1 	 0 	 0
				0 	 -1 	 0
				0 	 0 	 1
				22.9517 	 -7.6424 	 -11.7636
			}
		}
		{bone "stones_001"
			{parameters "commonmesh;land;ground;"}
			{matrix34
				0 	 1 	 0
				-1 	 0 	 0
				0 	 0 	 1
				30.9598 	 -11.5794 	 -21.6061
			}
			{poly "stones_001" {ground}}
		}
		{bone revolute "attach2"
			{matrix34
				0 	 -1 	 0
				1 	 0 	 0
				0 	 0 	 1
				-17.7007 	 21.6345 	 -14.7395
			}
		}
	}
}
{volume "piece01"
	{box 5.90551 16.8417 8.71504}
	{bone "piece01"}
	{Position 0 	 1.2328 	 0.0373}
}
{volume "piece02"
	{box 5.90551 14.4839 8.71504}
	{bone "piece02"}
	{matrix34
		1 	 0 	 0
		0 	 0.5 	 0.866
		0 	 -0.866 	 0.5
		0 	 0.1544 	 0.8492
	}
}
{volume "piece03"
	{box 5.90551 8.58928 8.71504}
	{bone "piece03"}
	{Position 0 	 -0.2573 	 0.1906}
}
{volume "piece04"
	{box 5.90551 15.1727 11.9384}
	{bone "piece04"}
	{matrix34
		1 	 0 	 0
		0 	 0.766 	 -0.6428
		0 	 0.6428 	 0.766
		0 	 0.216 	 0.7924
	}
}
{volume "piece05"
	{box 5.90551 15.1727 11.9384}
	{bone "piece05"}
	{matrix34
		1 	 0 	 0
		0 	 0.9397 	 0.342
		0 	 -0.342 	 0.9397
		0 	 -0.3096 	 0.1231
	}
}
{volume "piece06"
	{box 5.90551 16.8417 8.71504}
	{bone "piece06"}
	{Position 0 	 1.0866 	 0.0434}
}
{volume "piece07"
	{box 5.90551 11.7421 8.92421}
	{bone "piece07"}
	{matrix34
		1 	 0 	 0
		0 	 0.9397 	 0.342
		0 	 -0.342 	 0.9397
		0 	 0.2779 	 0.1135
	}
}
{volume "piece08"
	{box 5.90551 6.23144 8.71504}
	{bone "piece08"}
	{matrix34
		1 	 0 	 0
		0 	 0.9397 	 -0.342
		0 	 0.342 	 0.9397
		0 	 -0.594 	 0.234
	}
}
{volume "sub_piece01"
	{box 31.8384 4.66464 1.48196}
	{bone "sub_piece01"}
	{Position -0.4529 	 -0.1873 	 0.0247}
}
{volume "sub_piece02"
	{box 28.6546 4.66464 1.48196}
	{bone "sub_piece02"}
	{matrix34
		-0.9962 	 0.0858 	 0.0151
		-0.0436 	 -0.6409 	 0.7664
		-0.0755 	 -0.7628 	 -0.6422
		-0.7845 	 0.1404 	 -0.3104
	}
}
{volume "sub_piece03"
	{box 28.6546 4.66464 1.48196}
	{bone "sub_piece03"}
	{matrix34
		-0.9962 	 0.0858 	 0.0151
		-0.0436 	 -0.6409 	 0.7664
		-0.0755 	 -0.7628 	 -0.6422
		-0.7844 	 0.1404 	 -0.3104
	}
}
{volume "sub_piece04"
	{box 2.95276 2.95276 25.5093}
	{bone "sub_piece04"}
	{Position -0.6745 	 0.234 	 -2.4174}
}
{volume "sub_piece05"
	{box 2.95276 2.95276 15.0505}
	{bone "sub_piece05"}
	{Position -1.1288 	 0.234 	 -4.3174}
}
{volume "sub_piece06"
	{box 31.8384 10.822 1.48196}
	{bone "sub_piece06"}
	{matrix34
		0 	 1 	 0
		-1 	 0 	 0
		0 	 0 	 1
		-0.0536 	 0.2185 	 0.0381
	}
}
{volume "sub_piece07"
	{box 31.2016 5.41098 1.48196}
	{bone "sub_piece07"}
	{matrix34
		0 	 1 	 0
		-1 	 0 	 0
		0 	 0 	 1
		0.29 	 -0.5041 	 0.0381
	}
}
{volume "sub_piece08"
	{box 31.8384 10.822 1.48196}
	{bone "sub_piece08"}
	{matrix34
		0 	 1 	 0
		-1 	 0 	 0
		0 	 0 	 1
		-0.0536 	 -1.2644 	 0.0381
	}
}
{volume "sub_piece09"
	{box 2.95276 2.95276 25.5093}
	{bone "sub_piece09"}
	{matrix34
		-1 	 0 	 0
		0 	 -1 	 0
		0 	 0 	 1
		0 	 0 	 -1.0385
	}
}
{volume "target_vol_001"
	{box 9.84252 9.84252 15.6501}
	{bone "b_ua_06_piece02_point"}
	{matrix34
		0 	 -1 	 0
		1 	 0 	 0
		0 	 0 	 1
		24.3224 	 21.6345 	 4.2716
	}
}
{volume "target_vol_002"
	{box 9.84252 9.84252 15.6501}
	{bone "b_ua_06_piece02_point"}
	{matrix34
		0 	 -1 	 0
		1 	 0 	 0
		0 	 0 	 1
		-17.7007 	 21.6345 	 4.2716
	}
}
{volume "vol_21"
	{box 6.50407 35.8593 13.1733}
	{bone "b_ua_06_piece02"}
	{matrix34
		0 	 -1 	 0
		1 	 0 	 0
		0 	 0 	 1
		-28.2955 	 -55.3875 	 -8.5365
	}
}
{volume "vol_22"
	{polyhedron}
	{bone "b_ua_06_piece02"}
	{matrix34
		0 	 -1 	 0
		1 	 0 	 0
		0 	 0 	 1
		-35.5947 	 -55.3875 	 -2.053
	}
}
{volume "vol_23"
	{box 6.50407 35.8593 13.1733}
	{bone "b_ua_06_piece02"}
	{matrix34
		0 	 -1 	 0
		1 	 0 	 0
		0 	 0 	 1
		24.8697 	 -55.3875 	 -8.5365
	}
}
{volume "vol_24"
	{polyhedron}
	{bone "b_ua_06_piece02"}
	{matrix34
		0 	 -1 	 0
		1 	 0 	 0
		0 	 0 	 1
		36.5279 	 -55.3875 	 -2.0474
	}
}
{volume "vol_35"
	{box 9.67846 27.2839 7.50376}
	{bone "b_ua_06_piece02"}
	{matrix34
		0 	 -1 	 0
		1 	 0 	 0
		0 	 0 	 1
		-31.8467 	 -63.3753 	 -18.3997
	}
}
{volume "vol_36"
	{box 9.67846 28.9624 7.5788}
	{bone "b_ua_06_piece02"}
	{matrix34
		0 	 -1 	 0
		1 	 0 	 0
		0 	 0 	 1
		28.9265 	 -63.3753 	 -18.3622
	}
}
