;Exported by:	 tolokolnikova
;Date:			 27.06.2017 14:31:41
;File:			 D:\gem2\gem2-mdl-soldiers\models\building\house_D\D_003_x_fort.max
{skeleton
	{bone "d003_piece19_point"
		{orientation
			1 	 0 	 0
			0 	 -1 	 0
			0 	 0 	 1
		}
		{bone "sub_piece04"
			{Position -13.7468 	 3.8197 	 32.5171}
			{poly "sub_piece04"}
		}
		{bone "sub_piece02"
			{Position 14.9614 	 -6.5576 	 29.2075}
			{poly "sub_piece02"}
		}
		{bone "sub_piece01"
			{Position -38.5486 	 -25.9111 	 21.5808}
			{poly "sub_piece01"}
		}
		{bone "piece01"
			{matrix34
				0 	 1 	 0
				1 	 0 	 0
				0 	 0 	 -1
				-41.3588 	 -28.6357 	 1.0326
			}
			{poly "piece01"}
		}
		{bone "piece03"
			{Position -10.4346 	 -28.67 	 7.2647}
			{poly "piece03"}
		}
		{bone "piece02"
			{matrix34
				0 	 1 	 0
				-0.9397 	 0 	 -0.342
				-0.342 	 0 	 0.9397
				12.5223 	 -28.6833 	 10.8854
			}
			{poly "piece02"}
		}
		{bone "piece04"
			{Position 16.0349 	 -28.6357 	 -2.1739}
			{poly "piece04"}
		}
		{bone "sub_piece03"
			{matrix34
				0.9397 	 0 	 0.342
				0 	 1 	 0
				-0.342 	 0 	 0.9397
				-28.3764 	 -28.6402 	 11.2911
			}
			{poly "sub_piece03"}
		}
	}
}
{volume "piece01"
	{box 5.90551 12.432 19.4865}
	{bone "piece01"}
	{Position 0.1324 	 1.1265 	 0.3743}
}
{volume "piece02"
	{box 5.90551 23.4965 10.3279}
	{bone "piece02"}
	{matrix34
		1 	 0 	 0
		0 	 0.9563 	 0.2924
		0 	 -0.2924 	 0.9563
		0.1324 	 0.3765 	 0.3558
	}
}
{volume "piece03"
	{box 5.90551 23.4965 10.3279}
	{bone "piece03"}
	{matrix34
		0 	 1 	 0
		-0.9563 	 0 	 0.2924
		0.2924 	 0 	 0.9563
		1.6422 	 -0.1457 	 0.3558
	}
}
{volume "piece04"
	{box 5.90551 12.432 19.4865}
	{bone "piece04"}
	{matrix34
		0 	 1 	 0
		-1 	 0 	 0
		0 	 0 	 1
		0.1324 	 1.0827 	 0.3502
	}
}
{volume "sub_piece01"
	{box 1.22835 17.0637 16.6176}
	{bone "sub_piece01"}
	{matrix34
		0.0164 	 0.3451 	 -0.9384
		-0.9995 	 -0.0209 	 -0.0251
		-0.0282 	 0.9383 	 0.3445
		1.6809 	 -1.5055 	 -0.1578
	}
}
{volume "sub_piece02"
	{box 1.22835 17.0637 16.6176}
	{bone "sub_piece02"}
	{matrix34
		0.0464 	 0.3423 	 -0.9384
		-0.9975 	 0.0663 	 -0.0251
		0.0537 	 0.9372 	 0.3445
		0.2693 	 -1.4295 	 -0.6003
	}
}
{volume "sub_piece03"
	{box 5.90551 12.7925 8.70269}
	{bone "sub_piece03"}
	{matrix34
		0 	 1 	 0
		-1 	 0 	 0
		0 	 0 	 1
		0.6519 	 0.7339 	 0.4247
	}
}
{volume "sub_piece04"
	{box 1.22835 17.0637 16.6176}
	{bone "sub_piece04"}
	{matrix34
		0.0164 	 0.3451 	 -0.9384
		-0.9995 	 -0.0209 	 -0.0251
		-0.0282 	 0.9383 	 0.3445
		0.8028 	 -1.7459 	 -0.2952
	}
}
