;Exported by	: KobaA
;Date			: 30.05.2024 11:49:13
;File			: d:\git\gem2-mdl-soldiers\models\entourage\elevator\elevator.max
{skeleton
	{bone "elevator_1_piece_001_x"
		{orientation
			1 	 0 	 0
			0 	 -1 	 0
			0 	 0 	 1
		}
		{bone "elevator_1_piece_001"
			{Position -1.1708 	 1.4421 	 1.147}
			{poly "elevator_1_piece_001"}
		}
		{bone "piece01"
			{Position -1.3373 	 1.0436 	 56.2032}
			{poly "piece01"}
		}
		{bone "piece02"
			{Position 0.0434 	 1.7875 	 95.862}
			{poly "piece02"}
		}
		{bone "piece03"
			{Position 16.4704 	 0.6378 	 74.6798}
			{poly "piece03"}
		}
		{bone "piece04"
			{Position -10.422 	 1.038 	 66.0773}
			{poly "piece04"}
		}
		{bone "piece05"
			{Position -21.7662 	 1.038 	 83.1007}
			{poly "piece05"}
		}
	}
}
{"volumes"
	{"body01"
		{box 20.1991 19.512 38.4984}
		{bone "elevator_1_piece_001"}
		{Position 0.0657 	 -0.4078 	 -19.7808}
	}
	{"piece01"
		{box 5.01822 2.5725 77.3713}
		{bone "piece01"}
		{Position 0.0139 	 -0.0071 	 0.1052}
	}
	{"piece02"
		{box 4.60155 2.65045 68.1951}
		{bone "piece02"}
		{matrix34
			0 	 0 	 -1
			0 	 1 	 0
			1 	 0 	 0
			-0.1243 	 -0.751 	 0.0976
		}
	}
	{"piece03"
		{box 1.59995 1.99293 26.9773}
		{bone "piece03"}
		{matrix34
			0.8526 	 0 	 -0.5225
			0 	 1 	 0
			0.5225 	 0 	 0.8526
			1.4315 	 -0.0441 	 -2.1844
		}
	}
	{"piece04"
		{box 1.59995 1.99293 17.677}
		{bone "piece04"}
		{matrix34
			0.8387 	 0 	 0.5446
			0 	 1 	 0
			-0.5446 	 0 	 0.8387
			-0.9648 	 -0.9561 	 -3.6284
		}
	}
	{"piece05"
		{box 1.59995 1.99293 19.4351}
		{bone "piece05"}
		{matrix34
			0.8526 	 0 	 0.5225
			0 	 1 	 0
			-0.5225 	 0 	 0.8526
			-2.6174 	 -0.6069 	 -1.5821
		}
	}
}
