;Exported by	: joomb
;Date			: 13.04.2023 16:09:47
;File			: H:\git\gem2-mdl-soldiers\models\building\building_ua01\building_06_v2a.max
{skeleton
	{bone "b_ua_06_piece11"
		{orientation
			1 	 0 	 0
			0 	 -1 	 0
			0 	 0 	 1
		}
		{poly "b_ua_06_piece11"}
		{bone "fix05"
			{Position 6.2517 	 -68.3967 	 -45.436}
		}
		{bone "fix06"
			{Position 5.8958 	 68.5981 	 -45.436}
		}
	}
}
{"volumes"
	{"body01"
		{box 22.3546 22.0872 16.9361}
		{bone "b_ua_06_piece11"}
		{Position -29.012 	 -1.5681 	 45.2269}
	}
	{"roof01"
		{polyhedron}
		{bone "b_ua_06_piece11"}
		{matrix34
			-1 	 0 	 0
			0 	 -0.815 	 -0.5795
			0 	 -0.5795 	 0.815
			-1.2898 	 41.7126 	 -9.5154
		}
	}
	{"roof02"
		{box 77.1578 1.9685 24.6017}
		{bone "b_ua_06_piece11"}
		{matrix34
			-1 	 0 	 0
			0 	 -0.815 	 -0.5795
			0 	 -0.5795 	 0.815
			2.1748 	 48.6064 	 -19.2106
		}
	}
	{"roof03"
		{polyhedron}
		{bone "b_ua_06_piece11"}
		{matrix34
			-0.9848 	 -0.1006 	 0.1415
			0 	 -0.815 	 -0.5795
			0.1736 	 -0.5707 	 0.8026
			16.9112 	 64.6986 	 -41.1779
		}
	}
	{"roof04"
		{box 81.3552 1.9685 30.1847}
		{bone "b_ua_06_piece11"}
		{matrix34
			1 	 0 	 0
			0 	 0.815 	 -0.5795
			0 	 0.5795 	 0.815
			1.1714 	 -56.3671 	 -28.0347
		}
	}
	{"roof05"
		{box 71.5926 1.9685 14.7905}
		{bone "b_ua_06_piece11"}
		{matrix34
			1 	 0 	 0
			0 	 0.815 	 -0.5795
			0 	 0.5795 	 0.815
			-0.5522 	 -42.6596 	 -8.7569
		}
	}
	{"roof06"
		{box 72.3085 1.9685 34.9056}
		{bone "b_ua_06_piece11"}
		{matrix34
			1 	 0 	 0
			0 	 0.7614 	 -0.6483
			0 	 0.6483 	 0.7614
			2.561 	 -27.8443 	 9.454
		}
	}
	{"roof07"
		{polyhedron}
		{bone "b_ua_06_piece11"}
		{matrix34
			1 	 0 	 0
			0 	 0.7614 	 -0.6483
			0 	 0.6483 	 0.7614
			-40.3465 	 -39.1592 	 -3.8341
		}
	}
	{"roof08"
		{box 81.3552 4.37008 26.7121}
		{bone "b_ua_06_piece11"}
		{matrix34
			1 	 0 	 0
			0 	 0.815 	 -0.5795
			0 	 0.5795 	 0.815
			-3.4752 	 -10.9903 	 33.6634
		}
	}
}
