;Exported by:	 evhen
;Date:			 02.03.2020 15:32:15
;File:			 D:\gem2-mdl-soldiers\models\entourage\ru\cart_ru_001\cart_ru_005.max
{skeleton
	{bone "cart_ru_005"
		{orientation
			1 	 0 	 0
			0 	 -1 	 0
			0 	 0 	 1
		}
		{bone "body"
			{matrix34
				0.9613 	 0 	 0.2756
				0 	 1 	 0
				-0.2756 	 0 	 0.9613
				0 	 -0.0076 	 11.3733
			}
			{poly "body"}
		}
	}
}
{obstacle "obstacle01"
	{obb2
		{center -2.38419e-007 -3.45696}
		{extent 40.1813 22.4827}
		{axis 1.62921e-007 1}
	}
	{rotate}
}
{volume "body01"
	{box 64.4196 22.0998 0.811396}
	{bone "body"}
	{matrix34
		0 	 1 	 0
		-1 	 0 	 0
		0 	 0 	 1
		-0.0125 	 0 	 0.0208
	}
}
{volume "body02"
	{box 64.4196 0.705315 6.23347}
	{bone "body"}
	{matrix34
		0 	 1 	 0
		-0.8746 	 0 	 0.4848
		0.4848 	 0 	 0.8746
		11.6215 	 0 	 3.8312
	}
}
{volume "body03"
	{box 64.4196 0.705315 6.55143}
	{bone "body"}
	{matrix34
		0 	 1 	 0
		-0.8829 	 0 	 -0.4695
		-0.4695 	 0 	 0.8829
		-11.4932 	 0 	 3.7818
	}
}
{volume "body04"
	{box 64.4196 0.507827 1.3758}
	{bone "body"}
	{matrix34
		0 	 1 	 0
		-0.8829 	 0 	 -0.4695
		-0.4695 	 0 	 0.8829
		-15.134 	 0 	 13.1053
	}
}
{volume "body05"
	{box 4.00046 24.2487 0.811396}
	{bone "body"}
	{matrix34
		0 	 1 	 0
		-1 	 0 	 0
		0 	 0 	 1
		0.3606 	 23.1909 	 5.6522
	}
}
{volume "body06"
	{box 0.52006 21.5813 2.91291}
	{bone "body"}
	{matrix34
		0 	 1 	 0
		-1 	 0 	 0
		0 	 0 	 1
		0.3606 	 20.1113 	 3.4513
	}
}
{volume "body07"
	{box 0.639674 25.5393 2.24249}
	{bone "body"}
	{matrix34
		0 	 1 	 0
		-1 	 0 	 0
		0 	 0 	 1
		-0.0219 	 33.924 	 5.4513
	}
}
{volume "body08"
	{box 2.92971 16.741 6.06549}
	{bone "body"}
	{matrix34
		-0.1812 	 0.9825 	 0.0435
		-0.9753 	 -0.1852 	 0.1205
		0.1264 	 -0.0206 	 0.9918
		-0.3691 	 27.4769 	 -5.9901
	}
}
{volume "body09"
	{box 2.91691 17.8775 6.45838}
	{bone "body"}
	{matrix34
		0 	 1 	 0
		-1 	 0 	 0
		0 	 0 	 1
		-0.0218 	 -22.9723 	 -3.3779
	}
}
{volume "body10"
	{box 0.639674 1.27697 26.9732}
	{bone "body"}
	{matrix34
		-0.0185 	 0.9685 	 0.2482
		-0.9857 	 -0.0593 	 0.1577
		0.1675 	 -0.2418 	 0.9558
		8.3655 	 36.3463 	 -1.4372
	}
}
{volume "body11"
	{box 1.15781 1.27697 11.059}
	{bone "body"}
	{matrix34
		-0.3731 	 0.8791 	 0.2966
		0.5174 	 -0.0682 	 0.853
		0.7701 	 0.4717 	 -0.4294
		-3.7142 	 31.1075 	 -8.984
	}
}
{volume "body12"
	{box 1.15781 1.27697 15.0403}
	{bone "body"}
	{matrix34
		-0.4679 	 0.816 	 0.3395
		0.3671 	 -0.1699 	 0.9145
		0.8039 	 0.5525 	 -0.22
		6.9005 	 38.0611 	 -13.1866
	}
}
{volume "body13"
	{cylinder 8.86976 1.23961}
	{bone "body"}
	{matrix34
		0 	 1 	 0
		0 	 0 	 1
		1 	 0 	 0
		13.3768 	 -23.0156 	 -6.7844
	}
}
{volume "body14"
	{cylinder 6.79638 1.23961}
	{bone "body"}
	{matrix34
		-0.1754 	 0.9844 	 0.0135
		-0.2688 	 -0.0611 	 0.9613
		0.9471 	 0.165 	 0.2753
		15.1252 	 30.353 	 -10.2266
	}
}
