;Exported by	: KobaA
;Date			: 06.04.2023 11:44:31
;File			: D:\git\gem2-mdl-soldiers\models\flora\grapes_2\grapes_2_x.max
{skeleton
	{bone "basis_02"
		{orientation
			1 	 0 	 0
			0 	 -1 	 0
			0 	 0 	 1
		}
		{bone "piece02"
			{Position -60.9072 	 1.4129 	 8.4294}
			{poly "piece02"}
		}
		{bone "piece01"
			{Position -61.3698 	 1.3869 	 29.5353}
			{poly "piece01"}
		}
		{bone "piece03"
			{Position -21.9848 	 2.0442 	 9.9746}
			{poly "piece03"}
		}
		{bone "piece04"
			{Position -22.0347 	 2.8263 	 31.807}
			{poly "piece04"}
		}
		{bone "piece05"
			{Position 13.616 	 0.4096 	 29.9629}
			{poly "piece05"}
		}
		{bone "piece06"
			{Position 15.8196 	 1.3032 	 9.6703}
			{poly "piece06"}
		}
		{bone "piece07"
			{Position 55.6005 	 1.7361 	 8.7594}
			{poly "piece07"}
		}
		{bone "piece08"
			{Position 55.6541 	 1.8082 	 28.9753}
			{poly "piece08"}
		}
	}
}
{"volumes"
	{"piece01"
		{cylinder 1.55942 21.5779}
		{bone "piece01"}
		{Position 0 	 0 	 0.5998}
	}
	{"piece02"
		{cylinder 1.68417 24.1673}
		{bone "piece02"}
		{matrix34
			0.9978 	 0 	 0.0667
			0 	 1 	 0
			-0.0667 	 0 	 0.9978
			-0.2732 	 -0.0259 	 -0.2433
		}
	}
	{"piece03"
		{cylinder 1.31366 22.9828}
		{bone "piece03"}
		{matrix34
			0.9964 	 0.0849 	 -0.0011
			-0.0849 	 0.995 	 -0.0534
			-0.0035 	 0.0533 	 0.9986
			0.0503 	 -0.0444 	 -0.1709
		}
	}
	{"piece04"
		{cylinder 1.31366 22.9828}
		{bone "piece04"}
		{matrix34
			0.9964 	 0.0849 	 -0.0011
			-0.0849 	 0.995 	 -0.0534
			-0.0035 	 0.0533 	 0.9986
			0.1002 	 0.38 	 1.2136
		}
	}
	{"piece05"
		{cylinder 1.31366 19.0757}
		{bone "piece05"}
		{matrix34
			0.9964 	 0.0847 	 0.0069
			-0.0849 	 0.9956 	 0.0402
			-0.0035 	 -0.0406 	 0.9992
			-0.2348 	 -0.403 	 1.1126
		}
	}
	{"piece06"
		{cylinder 1.55011 22.3186}
		{bone "piece06"}
		{matrix34
			0.9912 	 -0.0587 	 0.1187
			0.0547 	 0.9978 	 0.0366
			-0.1206 	 -0.0298 	 0.9923
			-0.0436 	 0.0394 	 -0.2166
		}
	}
	{"piece07"
		{cylinder 1.16915 22.9828}
		{bone "piece07"}
		{matrix34
			0.9964 	 0.0849 	 0.0019
			-0.0849 	 0.9962 	 -0.0191
			-0.0035 	 0.0189 	 0.9998
			0.184 	 -0.1322 	 -0.5543
		}
	}
	{"piece08"
		{cylinder 1.20856 19.0757}
		{bone "piece08"}
		{matrix34
			0.9964 	 0.0849 	 0.0019
			-0.0849 	 0.9962 	 -0.0191
			-0.0035 	 0.0189 	 0.9998
			0.0076 	 -0.011 	 -0.0506
		}
	}
}
