;Exported by:	 evhen
;Date:			 02.03.2020 15:47:27
;File:			 D:\gem2-mdl-soldiers\models\entourage\ru\cart_ru_001\cart_ru_006.max
{skeleton
	{bone "cart_ru_006"
		{orientation
			1 	 0 	 0
			0 	 -1 	 0
			0 	 0 	 1
		}
		{bone "wheell1"
			{Position -13.384 	 27.4453 	 6.835}
			{poly "wheell1"}
		}
		{bone "wheell2"
			{Position -13.3773 	 -22.9676 	 8.6811}
			{poly "wheell2"}
		}
		{bone "cart"
			{Position 0 	 0 	 15.4271}
			{poly "cart"}
		}
		{bone "wheelr1"
			{Position 13.3582 	 27.4469 	 6.835}
			{poly "wheelr1"}
		}
		{bone "wheelr2"
			{Position 13.362 	 -22.9676 	 8.6811}
			{poly "wheelr2"}
		}
		{bone "hay"
			{matrix34
				0.0872 	 -0.9962 	 0
				0.9962 	 0.0872 	 0
				0 	 0 	 1
				-1.618 	 -1.8002 	 31.8961
			}
			{poly "hay"}
		}
		{bone "rectangle002"
			{matrix34
				0 	 -1 	 0
				1 	 0 	 0
				0 	 0 	 1
				-0.0527 	 -5.2841 	 26.3165
			}
			{poly "rectangle002"}
		}
	}
}
{obstacle "obstacle01"
	{obb2
		{center 3.34239e-010 0.00764465}
		{extent 34.7113 16.8959}
		{axis 1.62921e-007 1}
	}
	{rotate}
}
{obstacle "obstacle02"
	{obb2
		{center 0 -68.7775}
		{extent 34.7113 9.63066}
		{axis 1.62921e-007 1}
	}
	{rotate}
}
{volume "body01"
	{box 64.875 0.771613 6.07704}
	{bone "cart"}
	{matrix34
		0 	 1 	 0
		-0.866 	 0 	 0.5
		0.5 	 0 	 0.866
		11.5578 	 -0.0502 	 3.9878
	}
}
{volume "body02"
	{box 64.3699 23.2404 1.39775}
	{bone "cart"}
	{matrix34
		0 	 1 	 0
		-1 	 0 	 0
		0 	 0 	 1
		0 	 -0.0076 	 0.0513
	}
}
{volume "body03"
	{box 3.75777 26.2244 0.88414}
	{bone "cart"}
	{matrix34
		0 	 1 	 0
		-1 	 0 	 0
		0 	 0 	 1
		0 	 23.2239 	 5.8074
	}
}
{volume "body04"
	{box 0.843243 25.5817 2.40943}
	{bone "cart"}
	{matrix34
		0 	 1 	 0
		-1 	 0 	 0
		0 	 0 	 1
		0 	 -33.9714 	 5.2074
	}
}
{volume "body05"
	{box 3.00291 19.8949 4.08578}
	{bone "cart"}
	{matrix34
		0 	 1 	 0
		-1 	 0 	 0
		0 	 0 	 1
		0 	 -22.9038 	 -4.6201
	}
}
{volume "body06"
	{box 3.06316 19.2858 5.77545}
	{bone "cart"}
	{matrix34
		0 	 1 	 0
		-1 	 0 	 0
		0 	 0 	 1
		0 	 27.4279 	 -5.7052
	}
}
{volume "body07"
	{box 72.8612 1.35387 1.39663}
	{bone "cart"}
	{matrix34
		0.0611 	 0.9926 	 -0.1045
		-0.9981 	 0.0614 	 0
		0.0064 	 0.1043 	 0.9945
		-5.3736 	 66.8223 	 -10.8037
	}
}
{volume "body08"
	{box 72.8612 1.35387 1.39663}
	{bone "cart"}
	{matrix34
		-0.0598 	 0.9927 	 -0.1045
		-0.9982 	 -0.0601 	 0
		-0.0063 	 0.1043 	 0.9945
		5.3386 	 66.8252 	 -10.8037
	}
}
{volume "body09"
	{box 64.2069 0.690855 4.18086}
	{bone "cart"}
	{matrix34
		0 	 1 	 0
		-0.866 	 0 	 0.5
		0.5 	 0 	 0.866
		14.4036 	 -0.0502 	 11.9688
	}
}
{volume "body10"
	{box 0.82671 22.3289 3.09106}
	{bone "cart"}
	{matrix34
		0 	 1 	 0
		-1 	 0 	 0
		0 	 0 	 1
		0 	 20.0856 	 3.522
	}
}
{volume "body11"
	{box 0.563666 26.2244 2.41731}
	{bone "cart"}
	{matrix34
		0 	 1 	 0
		-1 	 0 	 0
		0 	 0 	 1
		0 	 34.1009 	 5.7123
	}
}
{volume "body12"
	{box 64.2262 0.690855 4.13607}
	{bone "cart"}
	{matrix34
		0 	 1 	 0
		-0.866 	 0 	 -0.5
		-0.5 	 0 	 0.866
		-14.4713 	 -0.0502 	 11.9494
	}
}
{volume "body13"
	{box 64.875 0.771613 6.07704}
	{bone "cart"}
	{matrix34
		0 	 1 	 0
		-0.866 	 0 	 -0.5
		-0.5 	 0 	 0.866
		-11.7944 	 -0.0502 	 3.9878
	}
}
{volume "body14"
	{box 44.2865 22.4014 16.558}
	{bone "rectangle002"}
	{matrix34
		-1 	 0 	 0
		0 	 -1 	 0
		0 	 0 	 1
		4.2893 	 0.0527 	 -1.8505
	}
}
{volume "wheell1"
	{cylinder 6.8681 1.35135}
	{bone "wheell1"}
	{matrix34
		0 	 1 	 0
		0 	 0 	 -1
		-1 	 0 	 0
		0.0073 	 0 	 0
	}
}
{volume "wheell2"
	{cylinder 8.85985 1.35135}
	{bone "wheell2"}
	{orientation
		0 	 1 	 0
		0 	 0 	 -1
		-1 	 0 	 0
	}
}
{volume "wheelr1"
	{cylinder 6.8681 1.35135}
	{bone "wheelr1"}
	{orientation
		0 	 1 	 0
		0 	 0 	 -1
		-1 	 0 	 0
	}
}
{volume "wheelr2"
	{cylinder 8.85985 1.35135}
	{bone "wheelr2"}
	{orientation
		0 	 1 	 0
		0 	 0 	 -1
		-1 	 0 	 0
	}
}
