;Exported by	: KobaA
;Date			: 09.01.2024 14:44:52
;File			: d:\git\gem2-mdl-soldiers\models\building\house_001_g2\house_001_g2_emit_roof_fort2b_test.max
{skeleton
	{bone "house_001_piece_019"
		{orientation
			1 	 0 	 0
			0 	 -1 	 0
			0 	 0 	 1
		}
		{poly "house_001_piece_019"}
		{bone "fix012"
			{Position 25.4123 	 21.4763 	 -17.7241}
		}
		{bone "fix013"
			{Position -24.2757 	 21.4763 	 -17.7241}
		}
	}
}
{"volumes"
	{"roof_vol_013"
		{box 22.4499 1.9685 49.0604}
		{bone "house_001_piece_019"}
		{matrix34
			0 	 1 	 0
			-0.7071 	 0 	 -0.7071
			-0.7071 	 0 	 0.7071
			17.0225 	 14.1457 	 12.0613
		}
	}
	{"roof_vol_014"
		{box 24.2173 1.9685 49.1426}
		{bone "house_001_piece_019"}
		{matrix34
			0 	 -1 	 0
			0.7071 	 0 	 -0.7071
			0.7071 	 0 	 0.7071
			-17.1178 	 12.4026 	 11.9263
		}
	}
	{"roof_vol_015"
		{box 22.4499 1.9685 30.908}
		{bone "house_001_piece_019"}
		{matrix34
			0 	 1 	 0
			-0.7071 	 0 	 -0.7071
			-0.7071 	 0 	 0.7071
			11.2326 	 -7.3111 	 17.8512
		}
	}
	{"roof_vol_016"
		{box 20.9506 1.9685 32.1002}
		{bone "house_001_piece_019"}
		{matrix34
			0 	 -1 	 0
			0.7071 	 0 	 -0.7071
			0.7071 	 0 	 0.7071
			-11.1954 	 -9.4629 	 17.8487
		}
	}
	{"vol_064"
		{box 29.151 5.90551 44.8107}
		{bone "house_001_piece_019"}
		{matrix34
			0.7071 	 0 	 -0.7071
			0 	 1 	 0
			0.7071 	 0 	 0.7071
			-6.1344 	 21.5151 	 2.8251
		}
	}
	{"vol_065"
		{box 29.151 5.90551 12.9951}
		{bone "house_001_piece_019"}
		{matrix34
			0.7071 	 0 	 0.7071
			0 	 1 	 0
			-0.7071 	 0 	 0.7071
			13.5672 	 21.5151 	 -6.2172
		}
	}
	{"vol_066"
		{box 19.5312 10.8268 23.2976}
		{bone "house_001_piece_019"}
		{Position 0.0451 	 19.1589 	 31.0155}
	}
}
