;Exported by	: KobaA
;Date			: 03.06.2024 17:19:24
;File			: d:\git\gem2-mdl-soldiers\models\entourage\metal_cistern\metall_cistern_platform.max
{skeleton
	{bone "basis_x"
		{orientation
			1 	 0 	 0
			0 	 -1 	 0
			0 	 0 	 1
		}
		{bone "fuel_cistern_platform_x"
			{bone "piece01"
				{matrix34
					0 	 -0.7071 	 -0.7071
					-1 	 0 	 0
					0 	 0.7071 	 -0.7071
					-57.178 	 -42.1558 	 21.1839
				}
				{poly "piece01"}
			}
			{bone "piece02"
				{matrix34
					0 	 -0.7071 	 -0.7071
					-1 	 0 	 0
					0 	 0.7071 	 -0.7071
					-57.178 	 -22.9245 	 39.4082
				}
				{poly "piece02"}
			}
			{bone "piece03"
				{matrix34
					0 	 -0.7071 	 -0.7071
					-1 	 0 	 0
					0 	 0.7071 	 -0.7071
					-57.1779 	 -6.2755 	 53.6285
				}
				{poly "piece03"}
			}
			{bone "piece04"
				{Position -67.7689 	 1.2971 	 62.7765}
				{poly "piece04"}
			}
			{bone "piece05"
				{matrix34
					1 	 0 	 0
					0 	 0 	 1
					0 	 -1 	 0
					-34.4508 	 16.8421 	 62.49
				}
				{poly "piece05"}
			}
			{bone "piece06"
				{Position -40.3654 	 52.7458 	 62.7575}
				{poly "piece06"}
			}
			{bone "piece07"
				{matrix34
					1 	 0 	 0
					0 	 0 	 1
					0 	 -1 	 0
					-2.6493 	 39.0577 	 62.49
				}
				{poly "piece07"}
			}
			{bone "piece08"
				{matrix34
					1 	 0 	 0
					0 	 0 	 1
					0 	 -1 	 0
					2.183 	 12.3536 	 62.5048
				}
				{poly "piece08"}
			}
			{bone "piece09"
				{matrix34
					1 	 0 	 0
					0 	 0 	 1
					0 	 -1 	 0
					36.6572 	 1.8272 	 62.555
				}
				{poly "piece09"}
			}
			{bone "piece10"
				{matrix34
					1 	 0 	 0
					0 	 0 	 1
					0 	 -1 	 0
					38.692 	 50.4734 	 63.4603
				}
				{poly "piece10"}
			}
			{bone "piece11"
				{matrix34
					0 	 1 	 0
					0 	 0 	 1
					1 	 0 	 0
					60.817 	 27.2886 	 62.49
				}
				{poly "piece11"}
			}
			{bone "sub_piece01"
				{matrix34
					0 	 1 	 0
					-1 	 0 	 0
					0 	 0 	 1
					-67.3927 	 -41.5861 	 39.783
				}
				{poly "sub_piece01"}
			}
			{bone "sub_piece02"
				{matrix34
					0 	 1 	 0
					-1 	 0 	 0
					0 	 0 	 1
					-68.2533 	 -16.4238 	 60.549
				}
				{poly "sub_piece02"}
			}
			{bone "sub_piece03"
				{matrix34
					0.0872 	 -0.9962 	 0
					0.9962 	 0.0872 	 0
					0 	 0 	 1
					-67.9927 	 53.177 	 37.6903
				}
				{poly "sub_piece03"}
			}
			{bone "sub_piece04"
				{Position -67.9838 	 3.9802 	 32.3624}
				{poly "sub_piece04"}
			}
			{bone "sub_piece05"
				{matrix34
					-0.0872 	 0.9962 	 0
					-0.9962 	 -0.0872 	 0
					0 	 0 	 1
					69.9222 	 1.8212 	 15.6119
				}
				{poly "sub_piece05"}
			}
			{bone "sub_piece06"
				{matrix34
					-0.0872 	 0.9962 	 0
					-0.9962 	 -0.0872 	 0
					0 	 0 	 1
					69.3197 	 1.5441 	 44.7962
				}
				{poly "sub_piece06"}
			}
			{bone "sub_piece07"
				{matrix34
					-1 	 0 	 0
					0 	 -1 	 0
					0 	 0 	 1
					69.3608 	 53.0088 	 15.2561
				}
				{poly "sub_piece07"}
			}
			{bone "sub_piece08"
				{matrix34
					-1 	 0 	 0
					0 	 -1 	 0
					0 	 0 	 1
					69.7777 	 52.8547 	 45.1194
				}
				{poly "sub_piece08"}
			}
		}
	}
}
{"volumes"
	{"piece01"
		{box 23.5657 6.71591 27.5082}
		{bone "piece01"}
		{matrix34
			0 	 -1 	 0
			0 	 0 	 1
			-1 	 0 	 0
			-1.9225 	 0 	 1.0127
		}
	}
	{"piece02"
		{box 23.5657 6.71591 18.4745}
		{bone "piece02"}
		{matrix34
			0 	 -1 	 0
			0 	 0 	 1
			-1 	 0 	 0
			0.2738 	 0 	 0.2425
		}
	}
	{"piece03"
		{box 23.5657 6.71591 18.4745}
		{bone "piece03"}
		{matrix34
			0 	 -1 	 0
			0 	 0 	 1
			-1 	 0 	 0
			-0.3624 	 0 	 -0.6037
		}
	}
	{"piece04_01"
		{box 19.7267 25.0927 1.68648}
		{bone "piece04"}
		{Position 8.9548 	 12.1159 	 -0.2364}
	}
	{"piece04_02"
		{box 1.26151 1.33813 15.2234}
		{bone "piece04"}
		{matrix34
			0.9659 	 0 	 0.2588
			0 	 1 	 0
			-0.2588 	 0 	 0.9659
			-1.5484 	 0.3057 	 7.7922
		}
	}
	{"piece04_03"
		{box 1.26151 1.33813 15.8799}
		{bone "piece04"}
		{matrix34
			0.9834 	 0.1581 	 0.0885
			0.0298 	 0.3407 	 -0.9397
			-0.1787 	 0.9268 	 0.3304
			-2.964 	 1.4582 	 13.0713
		}
	}
	{"piece05"
		{box 23.2775 19.0705 1.68648}
		{bone "piece05"}
		{matrix34
			1 	 0 	 0
			0 	 0 	 -1
			0 	 1 	 0
			-0.2583 	 0.05 	 -2.0283
		}
	}
	{"piece06_01"
		{box 29.9846 13.801 1.68648}
		{bone "piece06"}
		{Position -3.4089 	 -5.9744 	 -0.2175}
	}
	{"piece06_02"
		{box 1.26151 1.33813 16.1368}
		{bone "piece06"}
		{matrix34
			0.7786 	 -0.5992 	 -0.1865
			0.6253 	 0.7657 	 0.1506
			0.0526 	 -0.2338 	 0.9709
			-0.7046 	 -0.8328 	 8.292
		}
	}
	{"piece06_03"
		{box 1.26151 1.33813 19.3734}
		{bone "piece06"}
		{matrix34
			-0.0941 	 -0.9915 	 0.0895
			0.2386 	 -0.1097 	 -0.9649
			0.9666 	 -0.0694 	 0.2469
			1.3845 	 -4.4089 	 17.1726
		}
	}
	{"piece07"
		{box 21.1076 18.0668 1.68648}
		{bone "piece07"}
		{matrix34
			1 	 0 	 0
			0 	 0 	 -1
			0 	 1 	 0
			0.3112 	 0.05 	 1.0215
		}
	}
	{"piece08"
		{box 27.0256 23.5872 1.68648}
		{bone "piece08"}
		{matrix34
			1 	 0 	 0
			0 	 0 	 -1
			0 	 1 	 0
			-0.5651 	 0.0352 	 -0.3704
		}
	}
	{"piece09_01"
		{box 19.7267 25.0927 1.68648}
		{bone "piece09"}
		{matrix34
			1 	 0 	 0
			0 	 0 	 -1
			0 	 1 	 0
			1.1875 	 -0.015 	 -11.5427
		}
	}
	{"piece09_02"
		{box 1.26151 1.33813 16.1368}
		{bone "piece09"}
		{matrix34
			0.8192 	 0.0766 	 0.5684
			0.573 	 -0.0674 	 -0.8168
			-0.0242 	 0.9948 	 -0.0991
			0.098 	 8.6876 	 -0.2111
		}
	}
	{"piece09_03"
		{box 1.26151 1.33813 13.7551}
		{bone "piece09"}
		{matrix34
			-0.3467 	 0.1416 	 -0.9273
			-0.1154 	 -0.9875 	 -0.1076
			-0.9309 	 0.0697 	 0.3586
			-5.7226 	 17.8708 	 0.3695
		}
	}
	{"piece10_01"
		{box 17.1375 23.0853 1.68648}
		{bone "piece10"}
		{matrix34
			1 	 0 	 0
			0 	 0 	 -1
			0 	 1 	 0
			-3.6497 	 -0.9203 	 7.8576
		}
	}
	{"piece10_02"
		{box 1.26151 1.33813 16.1368}
		{bone "piece10"}
		{matrix34
			0.7965 	 -0.0542 	 0.6023
			0.6047 	 0.0626 	 -0.794
			0.0053 	 0.9966 	 0.0826
			4.0072 	 7.7967 	 -2.0235
		}
	}
	{"piece10_03"
		{box 1.26151 1.33813 19.3734}
		{bone "piece10"}
		{matrix34
			-0.0677 	 0.1108 	 0.9915
			-0.0193 	 -0.9938 	 0.1097
			0.9975 	 -0.0117 	 0.0694
			4.6414 	 16.3728 	 -3.2134
		}
	}
	{"piece11"
		{box 16.886 30.6131 1.68648}
		{bone "piece11"}
		{matrix34
			0 	 0 	 1
			1 	 0 	 0
			0 	 1 	 0
			-0.3159 	 0.05 	 0.6763
		}
	}
	{"sub_piece01_01"
		{box 0.565735 0.594334 6.05081}
		{bone "sub_piece01"}
		{matrix34
			0 	 -1 	 0
			1 	 0 	 0
			0 	 0 	 1
			2.3895 	 0.4688 	 -0.8259
		}
	}
	{"sub_piece01_02"
		{box 0.565735 0.594334 12.0242}
		{bone "sub_piece01"}
		{matrix34
			0.0872 	 -0.9962 	 0
			0.6403 	 0.056 	 -0.766
			0.7631 	 0.0668 	 0.6428
			-0.065 	 0.2278 	 -0.1947
		}
	}
	{"sub_piece02_01"
		{box 0.565735 0.594334 6.05081}
		{bone "sub_piece02"}
		{matrix34
			0 	 -1 	 0
			1 	 0 	 0
			0 	 0 	 1
			-0.516 	 -0.3918 	 -1.1549
		}
	}
	{"sub_piece02_02"
		{box 0.565735 0.594334 11.1335}
		{bone "sub_piece02"}
		{matrix34
			0 	 -1 	 0
			0.5 	 0 	 -0.866
			0.866 	 0 	 0.5
			-0.2795 	 -0.0612 	 1.1756
		}
	}
	{"sub_piece03"
		{box 1.3024 1.21399 30.7777}
		{bone "sub_piece03"}
		{matrix34
			0.0872 	 0.9962 	 0
			-0.9962 	 0.0872 	 0
			0 	 0 	 1
			-0.2165 	 0.0066 	 0.0441
		}
	}
	{"sub_piece04"
		{box 1.3024 1.21399 25.8532}
		{bone "sub_piece04"}
		{Position -0.282 	 0.3391 	 0.1963}
	}
	{"sub_piece05"
		{box 1.3024 1.21399 20.9411}
		{bone "sub_piece05"}
		{matrix34
			-0.0944 	 -0.9917 	 -0.0868
			0.9924 	 -0.0868 	 -0.0872
			0.0789 	 -0.0944 	 0.9924
			-0.1071 	 0.1749 	 0.2751
		}
	}
	{"sub_piece06"
		{box 1.3024 1.21399 19.2658}
		{bone "sub_piece06"}
		{matrix34
			-0.0872 	 -0.9962 	 0
			0.9962 	 -0.0872 	 0
			0 	 0 	 1
			-0.1851 	 -0.2254 	 -0.0017
		}
	}
	{"sub_piece07"
		{box 1.3024 1.21399 20.9411}
		{bone "sub_piece07"}
		{matrix34
			-1 	 0 	 0
			0 	 -1 	 0
			0 	 0 	 1
			0.1317 	 -0.4017 	 0.7105
		}
	}
	{"sub_piece08"
		{box 1.3024 1.21399 21.7704}
		{bone "sub_piece08"}
		{matrix34
			-0.9962 	 0 	 0.0872
			0 	 -1 	 0
			0.0872 	 0 	 0.9962
			-0.0125 	 0.108 	 0.8859
		}
	}
}
