;Exported by	: KobaA
;Date			: 07.05.2024 17:36:55
;File			: d:\git\gem2-mdl-soldiers\models\fence\hedgehog\hedgehog_details_x.max
{skeleton
	{bone "basis2"
		{orientation
			1 	 0 	 0
			0 	 -1 	 0
			0 	 0 	 1
		}
		{bone "piece1"
			{Position -3.1127 	 1.8342 	 20.1476}
			{poly "piece1" {lod 0}}
			{poly "piece1_lod1" {lod 1}}
			{poly "piece1_lod2" {lod 2 {last}}}
		}
		{bone "piece2"
			{Position 0.1631 	 -14.4584 	 19.7916}
			{poly "piece2" {lod 0}}
			{poly "piece2_lod1" {lod 1}}
			{poly "piece2_lod2" {lod 2 {last}}}
		}
		{bone "piece3"
			{Position -6.5245 	 0.0121 	 10.1192}
			{poly "piece3" {lod 0}}
			{poly "piece3_lod1" {lod 1}}
			{poly "piece3_lod2" {lod 2 {last}}}
		}
	}
}
{"volumes"
	{"piece1_01"
		{box 3.61447 33.0882 0.787402}
		{bone "piece1"}
		{matrix34
			0.0142 	 0.861 	 -0.5083
			0.6778 	 -0.3821 	 -0.6282
			-0.7351 	 -0.3356 	 -0.589
			-1.392 	 -0.6154 	 -0.9166
		}
	}
	{"piece1_02"
		{box 3.3379 32.7671 0.819373}
		{bone "piece1"}
		{matrix34
			0.7373 	 0.4365 	 0.5157
			0.6697 	 -0.3713 	 -0.6431
			-0.0892 	 0.8195 	 -0.5661
			0.0641 	 1.3133 	 -0.858
		}
	}
	{"piece2_01"
		{box 3.72399 14.8136 0.787402}
		{bone "piece2"}
		{matrix34
			0.6474 	 -0.382 	 -0.6595
			-0.0311 	 0.8513 	 -0.5237
			0.7615 	 0.3596 	 0.5393
			1.2276 	 0.0989 	 0.9182
		}
	}
	{"piece2_02"
		{box 3.54325 15.0894 0.787402}
		{bone "piece2"}
		{matrix34
			0.8147 	 0.325 	 0.4803
			-0.0369 	 0.8556 	 -0.5163
			-0.5787 	 0.4029 	 0.7091
			-1.3015 	 0.3604 	 1.2821
		}
	}
	{"piece3_01"
		{box 3.72399 32.4427 0.787402}
		{bone "piece3"}
		{matrix34
			0.6693 	 -0.41 	 -0.6196
			0.7429 	 0.3599 	 0.5644
			-0.0084 	 -0.8381 	 0.5455
			-0.4703 	 -1.4575 	 0.5742
		}
	}
	{"piece3_02"
		{box 3.54183 33.4324 0.787402}
		{bone "piece3"}
		{matrix34
			-0.0366 	 0.8532 	 -0.5203
			0.7424 	 0.3718 	 0.5574
			0.669 	 -0.3659 	 -0.647
			0.9952 	 -0.6443 	 -1.207
		}
	}
}
