;Exported by	: KobaA
;Date			: 11.04.2024 16:38:03
;File			: d:\git\gem2-mdl-soldiers\models\entourage\wooden_box\crate_compose.max
{skeleton
	{bone "basis03_x"
		{orientation
			1 	 0 	 0
			0 	 -1 	 0
			0 	 0 	 1
		}
		{bone "piece01"
			{matrix34
				0.5793 	 0.8109 	 0.0829
				-0.7782 	 0.5804 	 -0.2397
				-0.2425 	 0.0744 	 0.9673
				-14.4044 	 15.3009 	 9.1301
			}
			{poly "piece01"}
		}
		{bone "piece02"
			{matrix34
				0.342 	 0.9397 	 0
				-0.9397 	 0.342 	 0
				0 	 0 	 1
				-9.4445 	 13.465 	 13.4215
			}
			{poly "piece02"}
		}
		{bone "piece03"
			{matrix34
				0.6173 	 0.782 	 0.0869
				-0.7346 	 0.6124 	 -0.2921
				-0.2816 	 0.1165 	 0.9524
				-6.9262 	 12.7314 	 9.2389
			}
			{poly "piece03"}
		}
		{bone "piece04"
			{matrix34
				0.9773 	 -0.2118 	 0
				0.2118 	 0.9773 	 0
				0 	 0 	 1
				2.9313 	 -9.4265 	 11.9171
			}
			{poly "piece04"}
		}
		{bone "piece05"
			{matrix34
				0.9773 	 -0.2118 	 0
				0.2118 	 0.9773 	 0
				0 	 0 	 1
				5.3917 	 1.9269 	 11.9197
			}
			{poly "piece05"}
		}
		{bone "piece06"
			{matrix34
				-0.827 	 -0.5622 	 0
				0.5622 	 -0.827 	 0
				0 	 0 	 1
				2.5119 	 20.4634 	 17.8932
			}
			{poly "piece06"}
		}
		{bone "piece07"
			{matrix34
				-0.827 	 -0.5622 	 0
				0.5622 	 -0.827 	 0
				0 	 0 	 1
				9.0428 	 10.8562 	 17.8958
			}
			{poly "piece07"}
		}
		{bone "piece08"
			{matrix34
				0.827 	 0.5622 	 0
				-0.5622 	 0.827 	 0
				0 	 0 	 1
				9.1532 	 11.0343 	 11.8649
			}
			{poly "piece08"}
		}
		{bone "piece09"
			{matrix34
				0.9884 	 -0.1497 	 -0.024
				0.1422 	 0.9703 	 -0.1956
				0.0525 	 0.1899 	 0.9804
				-9.8204 	 -13.2961 	 3.3848
			}
			{poly "piece09"}
		}
		{bone "piece10"
			{Position -8.9941 	 -5.9831 	 4.754}
			{poly "piece10"}
		}
		{bone "piece11"
			{matrix34
				0.9671 	 0.2064 	 -0.149
				-0.181 	 0.9691 	 0.1674
				0.179 	 -0.1349 	 0.9746
				-0.2832 	 -2.6125 	 2.1716
			}
			{poly "piece11"}
		}
		{bone "piece12"
			{matrix34
				0.928 	 -0.3301 	 0.1728
				0.3711 	 0.8607 	 -0.3485
				-0.0337 	 0.3875 	 0.9213
				5.1699 	 -13.0384 	 2.3359
			}
			{poly "piece12"}
		}
		{bone "piece13"
			{matrix34
				-0.9342 	 0.3121 	 0.1728
				-0.3543 	 -0.8678 	 -0.3485
				0.0411 	 -0.3868 	 0.9213
				-8.9585 	 9.2108 	 2.3359
			}
			{poly "piece13"}
		}
		{bone "piece14"
			{matrix34
				0.9671 	 0.2064 	 -0.149
				-0.181 	 0.9691 	 0.1674
				0.179 	 -0.1349 	 0.9746
				-4.174 	 21.4211 	 2.1716
			}
			{poly "piece14"}
		}
		{bone "piece15"
			{matrix34
				0.928 	 -0.3301 	 0.1728
				0.3711 	 0.8607 	 -0.3485
				-0.0337 	 0.3875 	 0.9213
				1.2791 	 10.9952 	 2.3359
			}
			{poly "piece15"}
		}
		{bone "sub_piece01"
			{matrix34
				0.928 	 -0.3301 	 0.1728
				0.3711 	 0.8607 	 -0.3485
				-0.0337 	 0.3875 	 0.9213
				-8.2477 	 -0.9028 	 2.3359
			}
			{poly "sub_piece01"}
		}
		{bone "sub_piece02"
			{matrix34
				-0.827 	 -0.5622 	 0
				0.5622 	 -0.827 	 0
				0 	 0 	 1
				4.6065 	 24.8226 	 15.4134
			}
			{poly "sub_piece02"}
		}
	}
}
{"volumes"
	{"piece01"
		{box 11.0709 0.464159 2.39904}
		{bone "piece01"}
		{matrix34
			-0.9601 	 -0.2793 	 0.013
			0.267 	 -0.9298 	 -0.2533
			0.0829 	 -0.2397 	 0.9673
			0.0885 	 0.412 	 -0.0028
		}
	}
	{"piece02"
		{box 8.66544 2.96852 0.451844}
		{bone "piece02"}
		{Position 0 	 0.0215 	 0.032}
	}
	{"piece03"
		{box 9.85314 0.464159 4.53381}
		{bone "piece03"}
		{matrix34
			0.9459 	 0.3242 	 0.0131
			-0.3126 	 0.8998 	 0.3045
			0.0869 	 -0.2921 	 0.9524
			-0.1654 	 -0.2126 	 -0.295
		}
	}
	{"piece04"
		{box 7.12468 3.95038 0.20916}
		{bone "piece04"}
		{Position 0.0008 	 -0.2206 	 0.1968}
	}
	{"piece05"
		{box 7.12468 3.95038 0.20916}
		{bone "piece05"}
		{Position 0.0008 	 0.0917 	 0.2535}
	}
	{"piece06"
		{box 7.12468 3.95038 0.20916}
		{bone "piece06"}
		{Position 0.0008 	 -0.2205 	 0.1968}
	}
	{"piece07"
		{box 7.12468 3.95038 0.20916}
		{bone "piece07"}
		{Position 0.0008 	 0.0916 	 0.2535}
	}
	{"piece08"
		{box 7.12468 3.95038 0.20916}
		{bone "piece08"}
		{Position 0.0007 	 -0.2205 	 0.1968}
	}
	{"piece09"
		{box 11.0709 0.464159 1.87425}
		{bone "piece09"}
		{matrix34
			0.9884 	 0.1422 	 0.0525
			-0.1497 	 0.9703 	 0.1899
			-0.024 	 -0.1956 	 0.9804
			-0.4564 	 -0.1026 	 0.0058
		}
	}
	{"piece10"
		{box 7.60127 2.31916 0.451844}
		{bone "piece10"}
		{Position 0 	 0 	 0.0496}
	}
	{"piece11"
		{box 16.1592 0.464159 4.51844}
		{bone "piece11"}
		{matrix34
			0.9671 	 -0.181 	 0.179
			0.2064 	 0.9691 	 -0.1349
			-0.149 	 0.1674 	 0.9746
			-0.1756 	 0.2018 	 -0.0877
		}
	}
	{"piece12"
		{box 9.85314 0.464159 3.84221}
		{bone "piece12"}
		{matrix34
			0.928 	 0.3711 	 -0.0337
			-0.3301 	 0.8607 	 0.3875
			0.1728 	 -0.3485 	 0.9213
			-0.0051 	 -0.2594 	 -0.0588
		}
	}
	{"piece13"
		{box 9.85314 0.464159 3.84221}
		{bone "piece13"}
		{matrix34
			0.928 	 0.3711 	 -0.0337
			-0.3301 	 0.8607 	 0.3875
			0.1728 	 -0.3485 	 0.9213
			-0.0051 	 -0.2594 	 -0.0588
		}
	}
	{"piece14"
		{box 16.1592 0.464159 4.51844}
		{bone "piece14"}
		{matrix34
			0.9671 	 -0.181 	 0.179
			0.2064 	 0.9691 	 -0.1349
			-0.149 	 0.1674 	 0.9746
			-0.1756 	 0.2018 	 -0.0877
		}
	}
	{"piece15"
		{box 9.85314 0.464159 3.84221}
		{bone "piece15"}
		{matrix34
			0.928 	 0.3711 	 -0.0337
			-0.3301 	 0.8607 	 0.3875
			0.1728 	 -0.3485 	 0.9213
			-0.0051 	 -0.2594 	 -0.0588
		}
	}
	{"sub_piece01"
		{box 9.85314 0.464159 3.84221}
		{bone "sub_piece01"}
		{matrix34
			0.928 	 0.3711 	 -0.0337
			-0.3301 	 0.8607 	 0.3875
			0.1728 	 -0.3485 	 0.9213
			-0.0051 	 -0.2594 	 -0.0588
		}
	}
	{"sub_piece02"
		{box 1.42494 1.18511 3.92916}
		{bone "sub_piece02"}
		{Position 0.1395 	 0.1398 	 -1.1673}
	}
}
