;Exported by: shevchenko
;Date:        Wed Sep 28 12:17:14 2005
;File:        D:\-Projects1_5-\-3DWork-\e_farm_121_lm_corner_roof_tex_x.max
{Skeleton
	{animation
		{sequence "crush" {speed 0.4}}
	}
	{bone "121_f3w1a"
		{parameters "CommonMesh;"}
		{Orientation
			1	0	0
			0	-1	0
			0	0	1
		}
		{poly "121_f3w1a"}
		{bone "piece0"
			{Matrix34
				1	0	0
				0	0	1
				0	-1	0
				-22.2052	24.3241	-5.25159
			}
			{poly "piece0"}
		}
		{bone "piece1"
			{Matrix34
				1	0	0
				0	0	1
				0	-1	0
				-3.50442	24.3241	-18.0469
			}
			{poly "piece1"}
		}
		{bone "piece2"
			{Matrix34
				1	0	0
				0	0	1
				0	-1	0
				13.2279	24.3241	-5.25156
			}
			{poly "piece2"}
		}
		{bone "piece3"
			{Matrix34
				1	0	0
				0	0	1
				0	-1	0
				-4.48867	24.3241	15.4177
			}
			{poly "piece3"}
		}
	}
}
{Volume "piece3"
	{Box 13.5827 5.90552 14.1732}
	{Bone "piece3"}
	{Matrix34
		0.738294	0.674479	0
		0	0	-1
		-0.674479	0.738294	0
		-0.0465821	-0.385313	0
	}
}
{Volume "piece2"
	{Box 15.3543 5.90552 23.622}
	{Bone "piece2"}
	{Matrix34
		0.655729	0.754997	0
		0	0	-1
		-0.754997	0.655729	0
		0.0305418	1.26487	-1.01487e-005
	}
}
{Volume "piece1"
	{Box 16.4764 5.90552 13.2874}
	{Bone "piece1"}
	{Matrix34
		0.861444	-0.507852	0
		0	0	-1
		0.507852	0.861444	0
		0.688435	0.505297	0
	}
}
{Volume "piece0"
	{Box 16.7717 5.90552 20.3937}
	{Bone "piece0"}
	{Matrix34
		0.690915	-0.722936	0
		0	0	-1
		0.722936	0.690915	0
		0.380907	1.68074	0
	}
}
