;Exported by:	 KobaA
;Date:			 21.09.2021 17:08:51
;File:			 G:\_GIT_\gem2\gem2-mdl-soldiers\models\unit\vehicle\zis_2\Zis_2_x.max
{skeleton
	{bone revolute "basis"
		{speed 0.01}
		{orientation
			1 	 0 	 0
			0 	 -1 	 0
			0 	 0 	 1
		}
		{bone "body"
			{parameters "id=body;"}
			{animation
				{sequence "break" {file "body_b"}{speed 0.5}}
			}
			{Position -0.0122 	 0 	 7.9251}
			{LODView
				{poly "body"}
				{poly "body_lod1"}
				{poly "body_lod2"}
				{poly "body_lod3"}
			}
			{bone revolute "turret"
				{parameters "id=turret;"}
				{animation
					{sequence "break" {file "turret_b"}{speed 0.5}}
				}
				{limits -30 30}
				{speed 0.01}
				{Position -1.3941 	 0 	 2.2414}
				{LODView
					{poly "turret"}
					{poly "turret_lod1"}
					{poly "turret_lod2"}
					{poly "turret_lod3"}
				}
				{bone revolute "gun_rot"
					{parameters "id=gun;"}
					{limits -5 25}
					{speed 0.08}
					{matrix34
						1 	 0 	 0
						0 	 0 	 1
						0 	 -1 	 0
						-4.6275 	 -0.0087 	 3.0485
					}
					{LODView
						{poly "gun_rot"}
						{poly "gun_rot_lod1"}
						{poly "gun_rot_lod2"}
						{poly "gun_rot_lod3"}
					}
					{bone "gun"
						{parameters "id=gun;"}
						{matrix34
							1 	 0 	 0
							0 	 0 	 -1
							0 	 1 	 0
							-6.6728 	 4.0936 	 -0.0087
						}
						{LODView
							{poly "gun"}
							{poly "gun_lod1"}
							{poly "gun_lod2"}
							{poly "gun_lod3"}
						}
						{bone "shutter"
							{parameters "id=gun;"}
							{LODView
								{poly "shutter"}
								{poly "shutter_lod1"}
								{poly "shutter_lod2"}
								{poly "shutter_lod3"}
							}
						}
					}
					{bone revolute "gun_rotator1"
						{parameters "id=gun;"}
						{matrix34
							0.9877 	 -0.1564 	 0
							0.1564 	 0.9877 	 0
							0 	 0 	 1
							-1.3613 	 -1.796 	 -0.0087
						}
						{LODView
							{poly "gun_rotator1"}
							{poly "gun_rotator1_lod1"}
							{poly "gun_rotator1_lod2"}
							{poly "gun_rotator1_lod3"}
						}
					}
					{bone revolute "gun_rotator4"
						{parameters "id=gun;"}
						{matrix34
							-0.9945 	 -0.1045 	 0
							0.1045 	 -0.9945 	 0
							0 	 0 	 1
							8.2828 	 0.5165 	 -4.1123
						}
						{LODView
							{poly "gun_rotator4"}
							{poly "gun_rotator4_lod1"}
							{poly "gun_rotator4_lod2"}
							{poly "gun_rotator4_lod3"}
						}
					}
				}
				{bone revolute "gun_rotator2"
					{parameters "id=gun;"}
					{matrix34
						-0.9877 	 0 	 0.1564
						0.1564 	 0 	 0.9877
						0 	 1 	 0
						-1.0734 	 0 	 0.4801
					}
				}
				{bone revolute "gun_rotator3"
					{parameters "id=gun;"}
					{matrix34
						0.9945 	 0 	 0.1045
						-0.1045 	 0 	 0.9945
						0 	 -1 	 0
						-5.8786 	 4.7141 	 2.6524
					}
					{LODView
						{poly "gun_rotator3"}
						{poly "gun_rotator3_lod1"}
						{poly "gun_rotator3_lod2"}
						{poly "gun_rotator3_lod3"}
					}
				}
			}
			{bone "standr"
				{parameters "id=body;"}
				{matrix34
					0.9051 	 0.422 	 0.0523
					-0.4226 	 0.9063 	 0
					-0.0474 	 -0.0221 	 0.9986
					-2.8335 	 -5.6081 	 0.2755
				}
				{LODView
					{poly "standr"}
					{poly "standr_lod1"}
					{poly "standr_lod2"}
					{poly "standr_lod3"}
				}
				{bone "emphasisr"
					{parameters "id=body;"}
					{matrix34
						-0.6153 	 0.0215 	 -0.788
						0.0349 	 0.9994 	 0
						0.7875 	 -0.0275 	 -0.6157
						-62.4338 	 1.9846 	 -0.7551
					}
					{LODView
						{poly "emphasisr"}
						{poly "emphasisr_lod1"}
						{poly "emphasisr_lod2"}
						{poly "emphasisr_lod3"}
					}
				}
			}
			{bone "standl"
				{parameters "id=body;"}
				{matrix34
					0.9051 	 -0.422 	 0.0523
					0.4226 	 0.9063 	 0
					-0.0474 	 0.0221 	 0.9986
					-2.8335 	 5.5778 	 0.2755
				}
				{LODView
					{poly "standl"}
					{poly "standl_lod1"}
					{poly "standl_lod2"}
					{poly "standl_lod3"}
				}
				{bone "emphasisl"
					{parameters "id=body;"}
					{matrix34
						-0.6153 	 -0.0215 	 -0.788
						-0.0349 	 0.9994 	 0
						0.7875 	 0.0275 	 -0.6157
						-62.4338 	 -1.9543 	 -0.7551
					}
					{LODView
						{poly "emphasisl"}
						{poly "emphasisl_lod1"}
						{poly "emphasisl_lod2"}
						{poly "emphasisl_lod3"}
					}
				}
			}
			{bone "pivot_back"
				{Position -59.4918 	 0 	 -7.9251}
			}
			{bone "pivot_front"
				{Position 0.0122 	 0 	 0.0837}
				{bone revolute "wheell"
					{parameters "id=wheelleft;support=1;radius=0.41;"}
					{matrix34
						1 	 0 	 0.0024
						0.0024 	 0 	 -1
						0 	 1 	 0
						0 	 14.8945 	 -0.0916
					}
					{LODView
						{poly "wheell"}
						{poly "wheell_lod1"}
						{poly "wheell_lod2"}
						{poly "wheell_lod3"}
					}
				}
				{bone revolute "wheelr"
					{parameters "id=wheelleft;support=1;radius=0.41;"}
					{matrix34
						1 	 0 	 0.0024
						0.0024 	 0 	 -1
						0 	 1 	 0
						0 	 -14.8945 	 -0.0916
					}
					{LODView
						{poly "wheelr"}
						{poly "wheelr_lod1"}
						{poly "wheelr_lod2"}
						{poly "wheelr_lod3"}
					}
				}
			}
		}
	}
}
{obstacle "close"
	{obb2
		{center -35.6159 0}
		{extent 32.4803 7.38189}
		{axis -1 0}
	}
	{Tags "close"}
	{rotate}
}
{obstacle "obstacle"
	{obb2
		{center -1.50721 0}
		{extent 10.3088 17.7245}
		{axis -1 0}
	}
	{rotate}
}
{obstacle "openl"
	{obb2
		{center -35.3953 -19.9499}
		{extent 29.5276 2.06926}
		{axis -0.913361 -0.40715}
	}
	{Tags "open"}
	{rotate}
}
{obstacle "openr"
	{obb2
		{center -35.3952 19.9499}
		{extent 29.5276 2.06926}
		{axis -0.913361 0.40715}
	}
	{Tags "open"}
	{rotate}
}
{volume "body01"
	{box 5.51181 26.6471 5.20127}
	{bone "body"}
	{Position -1.0663 	 0 	 0.4926}
}
{volume "body02"
	{box 0.393701 25.7471 4.92126}
	{bone "body"}
	{Position 1.6036 	 0 	 -3.5873}
}
{volume "gun_rot01"
	{box 49.2126 4.33071 2.95276}
	{bone "gun_rot"}
	{matrix34
		1 	 0 	 0
		0 	 0 	 -1
		0 	 1 	 0
		3.7026 	 -0.3917 	 0
	}
}
{volume "gun_rot02"
	{cylinder 0.984252 30.5118}
	{bone "gun_rot"}
	{matrix34
		0 	 -1 	 0
		0 	 0 	 -1
		1 	 0 	 0
		11.1668 	 6.3929 	 -0.0087
	}
}
{volume "gun_rot03"
	{box 7.48032 4.52756 4.52756}
	{bone "gun_rot"}
	{matrix34
		1 	 0 	 0
		0 	 0 	 -1
		0 	 1 	 0
		-7.2619 	 3.3863 	 -0.0087
	}
}
{volume "gun"
	{cylinder 1.1811 78.7402}
	{bone "gun"}
	{matrix34
		-0.0174 	 -0.0009 	 -0.9998
		-0.0523 	 0.9986 	 0
		0.9985 	 0.0523 	 -0.0175
		42.5734 	 0.0703 	 -1.643
	}
}
{volume "standl"
	{box 59.0551 2.95276 3.34646}
	{bone "standl"}
	{matrix34
		0.9983 	 0.026 	 0.0523
		-0.0261 	 0.9997 	 0.0023
		-0.0523 	 -0.0036 	 0.9986
		-30.477 	 -1.7253 	 -1.5766
	}
}
{volume "standr"
	{box 59.0551 2.95276 3.34646}
	{bone "standr"}
	{matrix34
		0.9983 	 -0.026 	 0.0523
		0.0261 	 0.9997 	 -0.0023
		-0.0523 	 0.0036 	 0.9986
		-30.4767 	 1.2766 	 -1.5761
	}
}
{volume "turret01"
	{box 0.590551 33.7685 11.811}
	{bone "turret"}
	{matrix34
		0.8279 	 -0.0523 	 0.5584
		0.0434 	 0.9986 	 0.0293
		-0.5592 	 0 	 0.829
		-5.0191 	 -0.0437 	 11.7772
	}
}
{volume "turret02"
	{box 0.590551 24.6063 6.88976}
	{bone "turret"}
	{matrix34
		0.8289 	 -0.0175 	 0.5591
		0.0145 	 0.9998 	 0.0098
		-0.5592 	 0 	 0.829
		0.3962 	 -0.0184 	 4.1442
	}
}
{volume "wheelleft"
	{cylinder 8.07087 2.95276}
	{bone "wheell"}
	{Position 0 	 0 	 -0.3428}
}
{volume "wheelright"
	{cylinder 8.07087 2.95276}
	{bone "wheelr"}
	{matrix34
		-1 	 0 	 0
		0 	 1 	 0
		0 	 0 	 -1
		0 	 0 	 0.3427
	}
}
