;Exported by	: KobaA
;Date			: 12.01.2024 13:48:16
;File			: d:\git\gem2-mdl-soldiers\models\building\house_001b_g2\house_001b_g2_x.max
{skeleton
	{bone "house_001b_piece_010_x"
		{orientation
			1 	 0 	 0
			0 	 -1 	 0
			0 	 0 	 1
		}
		{bone "sub_piece02"
			{Position 11.783 	 9.7115 	 -5.5779}
			{poly "sub_piece02"}
		}
		{bone "piece00"
			{Position 2.7531 	 16.7323 	 0.1888}
			{poly "piece00"}
		}
		{bone "sub_piece00"
			{Position -8.3217 	 16.7323 	 13.8885}
			{poly "sub_piece00"}
		}
		{bone "sub_piece01"
			{Position -17.0797 	 16.7323 	 -3.6057}
			{poly "sub_piece01"}
		}
		{bone "piece01"
			{matrix34
				0 	 1 	 0
				-0.766 	 0 	 0.6428
				0.6428 	 0 	 0.766
				16.2903 	 8.6984 	 2.2903
			}
			{poly "piece01"}
		}
		{bone "piece02"
			{matrix34
				0 	 1 	 0
				-0.766 	 0 	 0.6428
				0.6428 	 0 	 0.766
				0.3213 	 8.7785 	 15.8415
			}
			{poly "piece02"}
		}
	}
}
{"volumes"
	{"piece00_volume001"
		{box 5.90551 21.5706 20.4263}
		{bone "piece00"}
		{matrix34
			0 	 1 	 0
			0.766 	 0 	 -0.6428
			-0.6428 	 0 	 -0.766
			-1.1876 	 0.0452 	 0.742
		}
	}
	{"piece01_volume001"
		{box 14.6248 0.984252 14.6338}
		{bone "piece01"}
		{matrix34
			0 	 -1 	 0
			0 	 0 	 -1
			1 	 0 	 0
			0.4767 	 -0.6722 	 0.1746
		}
	}
	{"piece02_volume001"
		{box 14.6248 0.984252 14.6338}
		{bone "piece02"}
		{matrix34
			0 	 -1 	 0
			0 	 0 	 -1
			1 	 0 	 0
			0.3966 	 -0.5806 	 0.0584
		}
	}
	{"sub_piece00_volume001"
		{box 5.90551 9.57838 16.3492}
		{bone "sub_piece00"}
		{matrix34
			0 	 1 	 0
			0.766 	 0 	 -0.6428
			-0.6428 	 0 	 -0.766
			-1.0735 	 0.0452 	 -1.279
		}
	}
	{"sub_piece01_volume001"
		{box 5.90551 18.7664 11.8473}
		{bone "sub_piece01"}
		{matrix34
			0 	 1 	 0
			0.1736 	 0 	 -0.9848
			-0.9848 	 0 	 -0.1736
			0.5303 	 0.0452 	 0.9877
		}
	}
	{"sub_piece02_volume001"
		{box 5.90551 16.4661 11.4755}
		{bone "sub_piece02"}
		{matrix34
			1 	 0 	 0
			0 	 -1 	 0
			0 	 0 	 -1
			4.8905 	 1.6572 	 -1.3355
		}
	}
}
