;Exported by	: KobaA
;Date			: 15.01.2024 12:34:55
;File			: d:\git\gem2-mdl-soldiers\models\building\house_60\house_60_cut_fort_edits.max
{skeleton
	{bone "house_60_piece_005"
		{orientation
			1 	 0 	 0
			0 	 -1 	 0
			0 	 0 	 1
		}
		{poly "house_60_piece_005"}
		{bone "exterior"
			{Position 0 	 2.8173 	 31.4961}
			{poly "exterior"}
		}
		{bone "fort_wall"
			{Position -7.5912 	 62.6395 	 -49.4687}
		}
		{bone revolute "attach1"
			{matrix34
				0 	 1 	 0
				-1 	 0 	 0
				0 	 0 	 1
				-4.1194 	 40.0735 	 -57.3428
			}
		}
	}
}
{"volumes"
	{"body1"
		{polyhedron}
		{bone "house_60_piece_005"}
		{Position -4.9692 	 54.2274 	 -63.254}
	}
	{"body2"
		{polyhedron}
		{bone "house_60_piece_005"}
		{matrix34
			0 	 1 	 0
			-1 	 0 	 0
			0 	 0 	 1
			13.2445 	 33.0795 	 -63.254
		}
	}
	{"body3"
		{polyhedron}
		{bone "house_60_piece_005"}
		{Position -28.9296 	 54.2274 	 -38.449}
	}
	{"body4"
		{polyhedron}
		{bone "house_60_piece_005"}
		{Position 37.4863 	 44.3828 	 -54.8459}
	}
	{"body5"
		{polyhedron}
		{bone "house_60_piece_005"}
		{Position 25.6373 	 44.3828 	 -63.254}
	}
	{"floor1"
		{polyhedron}
		{bone "exterior"}
		{Position -11.8791 	 4.7574 	 -31.8016}
	}
	{"floor2"
		{polyhedron}
		{bone "exterior"}
		{Position 30.5056 	 0.4998 	 -31.8016}
	}
	{"roof1"
		{polyhedron}
		{bone "exterior"}
		{matrix34
			1 	 0 	 0
			0 	 0.656 	 0.7548
			0 	 -0.7548 	 0.656
			3.9143 	 55.7864 	 -30.056
		}
	}
	{"roof2"
		{polyhedron}
		{bone "exterior"}
		{matrix34
			1 	 0 	 0
			0 	 0.6498 	 -0.7601
			0 	 0.7601 	 0.6498
			-2.8582 	 -22.5906 	 23.7951
		}
	}
	{"roof3"
		{polyhedron}
		{bone "exterior"}
		{matrix34
			1 	 0 	 0
			0 	 0.656 	 0.7548
			0 	 -0.7548 	 0.656
			-15.6956 	 55.7864 	 -30.056
		}
	}
	{"roof4"
		{polyhedron}
		{bone "exterior"}
		{matrix34
			1 	 0 	 0
			0 	 0.6498 	 -0.7601
			0 	 0.7601 	 0.6498
			-4.6713 	 -47.6416 	 2.3812
		}
	}
	{"roof5"
		{polyhedron}
		{bone "exterior"}
		{matrix34
			1 	 0 	 0
			0 	 0.656 	 0.7548
			0 	 -0.7548 	 0.656
			21.5845 	 47.5223 	 -31.0435
		}
	}
	{"roof6"
		{polyhedron}
		{bone "exterior"}
		{matrix34
			1 	 0 	 0
			0 	 0.6498 	 -0.7601
			0 	 0.7601 	 0.6498
			8.1389 	 -55.84 	 -4.6269
		}
	}
}
