;Exported by	: KobaA
;Date			: 28.03.2024 13:53:14
;File			: d:\git\gem2-mdl-soldiers\models\entourage\shelter_box\shelter_gr001_004_new2_gem2_x.max
{skeleton
	{bone "basis_gr_005"
		{orientation
			1 	 0 	 0
			0 	 -1 	 0
			0 	 0 	 1
		}
		{bone "piece01"
			{matrix34
				0.0223 	 -0.0813 	 -0.9964
				0.9993 	 0.0315 	 0.0198
				0.0298 	 -0.9962 	 0.0819
				7.8123 	 -4.397 	 4.3007
			}
			{poly "piece01"}
		}
		{bone "piece02"
			{matrix34
				0.3341 	 -0.0673 	 -0.9401
				0.9421 	 0.0554 	 0.3308
				0.0298 	 -0.9962 	 0.0819
				13.6125 	 -5.8011 	 8.0785
			}
			{poly "piece02"}
		}
		{bone "piece03"
			{matrix34
				0.0223 	 -0.0813 	 -0.9964
				0.9993 	 0.0315 	 0.0198
				0.0298 	 -0.9962 	 0.0819
				10.343 	 -5.8011 	 9.2685
			}
			{poly "piece03"}
		}
		{bone "piece04"
			{matrix34
				-0.8754 	 -0.0942 	 -0.4741
				0.191 	 -0.9684 	 -0.1603
				-0.444 	 -0.2309 	 0.8658
				7.3018 	 -9.2639 	 6.8143
			}
			{poly "piece04"}
		}
		{bone "piece05"
			{matrix34
				0.0379 	 0.3387 	 -0.9401
				-0.1373 	 0.9337 	 0.3308
				0.9898 	 0.1165 	 0.0819
				11.05 	 -2.5221 	 8.0785
			}
			{poly "piece05"}
		}
		{bone "piece06"
			{matrix34
				-0.0843 	 -0.0005 	 -0.9964
				-0.2282 	 -0.9734 	 0.0198
				-0.97 	 0.229 	 0.0819
				7.2253 	 -6.1693 	 9.2685
			}
			{poly "piece06"}
		}
		{bone "piece07"
			{matrix34
				0.3341 	 -0.0673 	 -0.9401
				0.9421 	 0.0554 	 0.3308
				0.0298 	 -0.9962 	 0.0819
				3.4282 	 4.3524 	 8.0785
			}
			{poly "piece07"}
		}
		{bone "piece08"
			{matrix34
				0.0223 	 -0.0813 	 -0.9964
				0.9993 	 0.0315 	 0.0198
				0.0298 	 -0.9962 	 0.0819
				0.1587 	 4.3524 	 9.2685
			}
			{poly "piece08"}
		}
		{bone "piece09"
			{matrix34
				0.0379 	 0.3387 	 -0.9401
				-0.1373 	 0.9337 	 0.3308
				0.9898 	 0.1165 	 0.0819
				0.8657 	 7.6313 	 8.0785
			}
			{poly "piece09"}
		}
		{bone "piece10"
			{matrix34
				0.0223 	 -0.0813 	 -0.9964
				0.9993 	 0.0315 	 0.0198
				0.0298 	 -0.9962 	 0.0819
				-2.3721 	 5.7564 	 4.3007
			}
			{poly "piece10"}
		}
		{bone "piece11"
			{matrix34
				0.3341 	 -0.0673 	 -0.9401
				0.9421 	 0.0554 	 0.3308
				0.0298 	 -0.9962 	 0.0819
				-10.5535 	 -0.5528 	 8.0785
			}
			{poly "piece11"}
		}
		{bone "piece12"
			{matrix34
				0.0223 	 -0.0813 	 -0.9964
				0.9993 	 0.0315 	 0.0198
				0.0298 	 -0.9962 	 0.0819
				-13.8228 	 -0.5528 	 9.2685
			}
			{poly "piece12"}
		}
		{bone "piece14"
			{matrix34
				0.0223 	 -0.0813 	 -0.9964
				0.9993 	 0.0315 	 0.0198
				0.0298 	 -0.9962 	 0.0819
				-16.3535 	 0.8513 	 4.3007
			}
			{poly "piece14"}
		}
		{bone "fx_wood1"
			{Position -2.2966 	 4.9724 	 0}
		}
		{bone "fx_dust1"
			{Position -2.2966 	 4.9724 	 0}
		}
		{bone "fx_dust2"
			{Position -2.2966 	 4.9724 	 0}
		}
		{bone "fx_wood2"
			{Position -2.2966 	 4.9724 	 0}
		}
		{bone "fx_wood2a"
			{Position -2.2966 	 4.9724 	 0}
		}
	}
}
{"volumes"
	{"piece01"
		{box 1.9398 15.2006 0.20079}
		{bone "piece01"}
		{matrix34
			-0.009 	 0.9204 	 0.3908
			-0.9951 	 -0.0466 	 0.0868
			0.0982 	 -0.3881 	 0.9164
			0.0795 	 -4.2688 	 3.185
		}
	}
	{"piece02"
		{box 1.9398 15.2006 0.20079}
		{bone "piece02"}
		{matrix34
			0.0193 	 0.9796 	 -0.2001
			-0.9877 	 0.0498 	 0.1484
			0.1554 	 0.1947 	 0.9685
			-0.0026 	 0.1186 	 0.4255
		}
	}
	{"piece03"
		{box 1.9398 15.2006 0.20079}
		{bone "piece03"}
		{matrix34
			0.061 	 0.9779 	 -0.2001
			-0.9847 	 0.0918 	 0.1484
			0.1635 	 0.1879 	 0.9685
			1.1251 	 0.0656 	 0.5807
		}
	}
	{"piece04"
		{box 1.9398 15.2006 0.20079}
		{bone "piece04"}
		{matrix34
			-0.0667 	 0.1924 	 -0.979
			-0.996 	 0.0454 	 0.0768
			0.0592 	 0.9803 	 0.1886
			-0.0638 	 0.2682 	 -0.1254
		}
	}
	{"piece05"
		{box 1.9398 15.2006 0.20079}
		{bone "piece05"}
		{matrix34
			0.0193 	 0.9796 	 -0.2001
			-0.9877 	 0.0498 	 0.1484
			0.1554 	 0.1947 	 0.9685
			-0.0026 	 0.1186 	 0.4256
		}
	}
	{"piece06"
		{box 1.9398 15.2006 0.20079}
		{bone "piece06"}
		{matrix34
			0.061 	 0.9779 	 -0.2001
			-0.9847 	 0.0918 	 0.1484
			0.1635 	 0.1879 	 0.9685
			1.1251 	 0.0656 	 0.5806
		}
	}
	{"piece07"
		{box 1.9398 15.2006 0.20079}
		{bone "piece07"}
		{matrix34
			0.0193 	 0.9796 	 -0.2001
			-0.9877 	 0.0498 	 0.1484
			0.1554 	 0.1947 	 0.9685
			-0.0026 	 0.1186 	 0.4255
		}
	}
	{"piece08"
		{box 1.9398 15.2006 0.20079}
		{bone "piece08"}
		{matrix34
			0.061 	 0.9779 	 -0.2001
			-0.9847 	 0.0918 	 0.1484
			0.1635 	 0.1879 	 0.9685
			1.1251 	 0.0656 	 0.5807
		}
	}
	{"piece09"
		{box 1.9398 15.2006 0.20079}
		{bone "piece09"}
		{matrix34
			0.0193 	 0.9796 	 -0.2001
			-0.9877 	 0.0498 	 0.1484
			0.1554 	 0.1947 	 0.9685
			-0.0026 	 0.1186 	 0.4256
		}
	}
	{"piece10"
		{box 1.9398 15.2006 0.20079}
		{bone "piece10"}
		{matrix34
			-0.009 	 0.9204 	 0.3908
			-0.9951 	 -0.0466 	 0.0868
			0.0982 	 -0.3881 	 0.9164
			0.066 	 -3.7647 	 2.8991
		}
	}
	{"piece11"
		{box 1.9398 15.2006 0.20079}
		{bone "piece11"}
		{matrix34
			0.0193 	 0.9796 	 -0.2001
			-0.9877 	 0.0498 	 0.1484
			0.1554 	 0.1947 	 0.9685
			-0.0027 	 0.1186 	 0.4255
		}
	}
	{"piece12"
		{box 1.9398 15.2006 0.20079}
		{bone "piece12"}
		{matrix34
			0.061 	 0.9779 	 -0.2001
			-0.9847 	 0.0918 	 0.1484
			0.1635 	 0.1879 	 0.9685
			1.1251 	 0.0656 	 0.5807
		}
	}
	{"piece14"
		{box 1.9398 15.2006 0.20079}
		{bone "piece14"}
		{matrix34
			-0.009 	 0.9204 	 0.3908
			-0.9951 	 -0.0466 	 0.0868
			0.0982 	 -0.3881 	 0.9164
			0.072 	 -3.964 	 3.0205
		}
	}
}
