;Exported by:	 vic
;Date:			 29.11.2016 10:39:27
;File:			 D:\-Project_vtv_online-\-3DWork-\building\house_vtv_221\house_001_g2_x2.max
{skeleton
	{bone "house_001_g2_piece_009_x"
		{parameters "lastpose=undefined;"}
		{orientation
			1 	 0 	 0
			0 	 -1 	 0
			0 	 0 	 1
		}
		{bone "sub_piece01"
			{parameters "lastpose=undefined;"}
			{matrix34
				0 	 -1 	 0
				0 	 0 	 1
				-1 	 0 	 0
				-25.7114 	 9.7902 	 18.7706
			}
			{poly "sub_piece01"}
		}
		{bone "piece03"
			{parameters "lastpose=undefined;"}
			{matrix34
				0 	 -1 	 0
				0 	 0 	 1
				-1 	 0 	 0
				-25.7114 	 13.4945 	 -25.8623
			}
			{poly "piece03"}
		}
		{bone "sub_piece02"
			{parameters "lastpose=undefined;"}
			{matrix34
				1 	 0 	 0
				0 	 0 	 1
				0 	 -1 	 0
				-17.1243 	 -29.828 	 16.2695
			}
			{poly "sub_piece02"}
		}
		{bone "piece04"
			{parameters "lastpose=undefined;"}
			{matrix34
				1 	 0 	 0
				0 	 0 	 1
				0 	 -1 	 0
				1.9977 	 -29.828 	 0.0785
			}
			{poly "piece04"}
		}
		{bone "piece05"
			{parameters "lastpose=undefined;"}
			{matrix34
				0.4226 	 0 	 -0.9063
				0.9063 	 0 	 0.4226
				0 	 -1 	 0
				12.4781 	 -29.828 	 -11.7615
			}
			{poly "piece05"}
		}
		{bone "sub_piece03"
			{parameters "lastpose=undefined;"}
			{matrix34
				1 	 0 	 0
				0 	 0 	 1
				0 	 -1 	 0
				15.1472 	 -29.828 	 21.5389
			}
			{poly "sub_piece03"}
		}
		{bone "sub_piece04"
			{parameters "lastpose=undefined;"}
			{matrix34
				1 	 0 	 0
				0 	 0 	 1
				0 	 -1 	 0
				-2.2158 	 -29.828 	 13.7594
			}
			{poly "sub_piece04"}
		}
		{bone "sub_piece05"
			{parameters "lastpose=undefined;"}
			{matrix34
				0.2588 	 0 	 -0.9659
				0.9659 	 0 	 0.2588
				0 	 -1 	 0
				11.7301 	 -29.828 	 8.0682
			}
			{poly "sub_piece05"}
		}
		{bone "sub_piece06"
			{parameters "lastpose=undefined;"}
			{matrix34
				1 	 0 	 0
				0 	 0 	 1
				0 	 -1 	 0
				0.5165 	 -29.828 	 -13.7226
			}
			{poly "sub_piece06"}
		}
		{bone "piece15"
			{parameters "lastpose=undefined;"}
			{matrix34
				1 	 0 	 0
				0 	 0 	 1
				0 	 -1 	 0
				6.8228 	 -29.828 	 17.163
			}
			{poly "piece15"}
		}
		{bone "sub_piece07"
			{parameters "lastpose=undefined;"}
			{matrix34
				-0.6756 	 0 	 0.7373
				-0.7373 	 0 	 -0.6756
				0 	 -1 	 0
				-18.9967 	 -29.828 	 -1.3536
			}
			{poly "sub_piece07"}
		}
		{bone "sub_piece08"
			{parameters "lastpose=undefined;"}
			{matrix34
				0.3007 	 0 	 0.9537
				-0.9537 	 0 	 0.3007
				0 	 -1 	 0
				-10.1492 	 -29.828 	 4.8486
			}
			{poly "sub_piece08"}
		}
		{bone "sub_piece09"
			{parameters "lastpose=undefined;"}
			{matrix34
				1 	 0 	 0
				0 	 0 	 1
				0 	 -1 	 0
				-8.2502 	 -29.828 	 -22.5361
			}
			{poly "sub_piece09"}
		}
		{bone "piece06"
			{parameters "lastpose=undefined;"}
			{matrix34
				1 	 0 	 0
				0 	 0 	 1
				0 	 -1 	 0
				6.3094 	 -29.828 	 -24.5983
			}
			{poly "piece06"}
		}
		{bone "piece07"
			{parameters "lastpose=undefined;"}
			{matrix34
				1 	 0 	 0
				0 	 0 	 1
				0 	 -1 	 0
				-9.3389 	 -29.828 	 -7.8765
			}
			{poly "piece07"}
		}
		{bone "sub_piece10"
			{parameters "lastpose=undefined;"}
			{matrix34
				0 	 -1 	 0
				0 	 0 	 1
				-1 	 0 	 0
				-25.7114 	 7.1376 	 -16.7378
			}
			{poly "sub_piece10"}
		}
		{bone "piece08"
			{parameters "lastpose=undefined;"}
			{matrix34
				1 	 0 	 0
				0 	 0 	 1
				0 	 -1 	 0
				-14.4648 	 -29.8065 	 27.4325
			}
			{poly "piece08"}
		}
		{bone "piece09"
			{parameters "lastpose=undefined;"}
			{matrix34
				0 	 -1 	 0
				0 	 0 	 1
				-1 	 0 	 0
				-25.7114 	 5.5713 	 -3.9229
			}
			{poly "piece09"}
		}
		{bone "piece10"
			{parameters "lastpose=undefined;"}
			{matrix34
				0 	 -1 	 0
				0 	 0 	 1
				-1 	 0 	 0
				-25.7114 	 -21.0215 	 -7.607
			}
			{poly "piece10"}
		}
		{bone "piece11"
			{parameters "lastpose=undefined;"}
			{matrix34
				0 	 -1 	 0
				0 	 0 	 1
				-1 	 0 	 0
				-25.7114 	 16.1804 	 -8.9613
			}
			{poly "piece11"}
		}
		{bone "piece12"
			{parameters "lastpose=undefined;"}
			{Position 2.4199 	 12.8171 	 8.5229}
			{poly "piece12"}
		}
		{bone "sub_piece11"
			{parameters "lastpose=undefined;"}
			{matrix34
				1 	 0 	 0
				0 	 0 	 1
				0 	 -1 	 0
				-2.1143 	 -29.7756 	 22.9293
			}
			{poly "sub_piece11"}
		}
		{bone "sub_piece12"
			{parameters "lastpose=undefined;"}
			{matrix34
				0 	 -0.2588 	 -0.9659
				0 	 -0.9659 	 0.2588
				-1 	 0 	 0
				-25.7114 	 -0.2163 	 8.2604
			}
			{poly "sub_piece12"}
		}
		{bone "sub_piece13"
			{parameters "lastpose=undefined;"}
			{matrix34
				0 	 -1 	 0
				0 	 0 	 1
				-1 	 0 	 0
				-25.7114 	 -11.1209 	 2.9972
			}
			{poly "sub_piece13"}
		}
		{bone "sub_piece14"
			{parameters "lastpose=undefined;"}
			{matrix34
				0 	 -1 	 0
				0 	 0 	 1
				-1 	 0 	 0
				-25.7114 	 -18.7483 	 5.5647
			}
			{poly "sub_piece14"}
		}
		{bone "piece13"
			{parameters "lastpose=undefined;"}
			{Position 10.8314 	 -5.2906 	 8.5229}
			{poly "piece13"}
		}
		{bone "sub_piece15"
			{parameters "lastpose=undefined;"}
			{matrix34
				1 	 0 	 0
				0 	 0 	 1
				0 	 -1 	 0
				-18.1266 	 -29.8842 	 -17.4412
			}
			{poly "sub_piece15"}
		}
		{bone "piece14"
			{parameters "lastpose=undefined;"}
			{Position -5.9526 	 -25.5472 	 8.5229}
			{poly "piece14"}
		}
		{bone "sub_piece16"
			{parameters "lastpose=undefined;"}
			{matrix34
				0 	 -0.3007 	 0.9537
				0 	 0.9537 	 0.3007
				-1 	 0 	 0
				-25.7114 	 18.6688 	 9.2665
			}
			{poly "sub_piece16"}
		}
		{bone "sub_piece17"
			{parameters "lastpose=undefined;"}
			{matrix34
				0 	 0.6756 	 0.7373
				0 	 0.7373 	 -0.6756
				-1 	 0 	 0
				-25.7114 	 11.3539 	 3.9154
			}
			{poly "sub_piece17"}
		}
		{bone "piece02"
			{parameters "lastpose=undefined;"}
			{matrix34
				0 	 -1 	 0
				0 	 0 	 1
				-1 	 0 	 0
				-25.7114 	 23.5703 	 23.6792
			}
			{poly "piece02"}
		}
		{bone "piece01"
			{parameters "lastpose=undefined;"}
			{matrix34
				0 	 -0.7373 	 0.6756
				0 	 0.6756 	 0.7373
				-1 	 0 	 0
				-25.7114 	 -21.5162 	 22.6155
			}
			{poly "piece01"}
		}
		{bone "sub_piece00"
			{parameters "lastpose=undefined;"}
			{matrix34
				0 	 0.0436 	 0.999
				0 	 0.999 	 -0.0436
				-1 	 0 	 0
				-25.7114 	 -2.2197 	 21.8622
			}
			{poly "sub_piece00"}
		}
		{bone "piece00"
			{parameters "lastpose=undefined;"}
			{matrix34
				0 	 -1 	 0
				0 	 0 	 1
				-1 	 0 	 0
				-25.7114 	 -11.4995 	 15.3561
			}
			{poly "piece00"}
		}
	}
}
{volume "piece00_volume027"
	{box 5.90551 5.47672 7.78311}
	{bone "piece00"}
	{matrix34
		0 	 0 	 -1
		-0.766 	 0.6428 	 0
		0.6428 	 0.766 	 0
		-0.016 	 -0.0395 	 0.0078
	}
}
{volume "piece01_volume021"
	{box 5.90551 9.44403 7.21503}
	{bone "piece01"}
	{matrix34
		0 	 0 	 -1
		-0.9962 	 0.0872 	 0
		0.0872 	 0.9962 	 0
		-0.0047 	 0.1603 	 0.0078
	}
}
{volume "piece02_volume019"
	{box 5.90551 10.664 8.12962}
	{bone "piece02"}
	{matrix34
		0 	 0 	 -1
		-0.9239 	 -0.3827 	 0
		-0.3827 	 0.9239 	 0
		0.1279 	 0.0375 	 0.0078
	}
}
{volume "piece03_volume020"
	{box 5.90551 9.44403 7.21503}
	{bone "piece03"}
	{matrix34
		0 	 0 	 -1
		-0.9962 	 0.0872 	 0
		0.0872 	 0.9962 	 0
		-0.0047 	 0.1603 	 0.0078
	}
}
{volume "piece04_volume027"
	{box 5.90551 5.47672 7.78311}
	{bone "piece04"}
	{matrix34
		0 	 0 	 -1
		-0.766 	 0.6428 	 0
		0.6428 	 0.766 	 0
		-0.016 	 -0.0395 	 0.0078
	}
}
{volume "piece05_volume019"
	{box 5.90551 10.664 8.12962}
	{bone "piece05"}
	{matrix34
		0 	 0 	 -1
		-0.9239 	 -0.3827 	 0
		-0.3827 	 0.9239 	 0
		0.1279 	 0.0375 	 0.0079
	}
}
{volume "piece06_volume021"
	{box 5.90551 9.44403 7.21503}
	{bone "piece06"}
	{matrix34
		0 	 0 	 -1
		-0.9962 	 0.0872 	 0
		0.0872 	 0.9962 	 0
		-0.0047 	 0.1603 	 0.0078
	}
}
{volume "piece07_volume024"
	{box 5.90551 6.81481 9.49004}
	{bone "piece07"}
	{matrix34
		0 	 0 	 -1
		-0.9962 	 -0.0872 	 0
		-0.0872 	 0.9962 	 0
		-0.5865 	 -0.6934 	 0.0078
	}
}
{volume "piece08_volume010"
	{box 5.90551 11.2134 8.49687}
	{bone "piece08"}
	{matrix34
		0 	 0 	 -1
		-0.9914 	 0.1305 	 0
		0.1305 	 0.9914 	 0
		0.1109 	 -0.2239 	 0.0079
	}
}
{volume "piece09_volume026"
	{box 5.90551 5.47672 7.78311}
	{bone "piece09"}
	{matrix34
		0 	 0 	 -1
		-0.766 	 0.6428 	 0
		0.6428 	 0.766 	 0
		-0.016 	 -0.0395 	 0.0078
	}
}
{volume "piece10_volume018"
	{box 5.90551 10.664 8.12962}
	{bone "piece10"}
	{matrix34
		0 	 0 	 -1
		-0.9239 	 -0.3827 	 0
		-0.3827 	 0.9239 	 0
		0.1279 	 0.0375 	 0.0078
	}
}
{volume "piece11_volume023"
	{box 5.90551 6.81481 9.49004}
	{bone "piece11"}
	{matrix34
		0 	 0 	 -1
		-0.9962 	 -0.0872 	 0
		-0.0872 	 0.9962 	 0
		-0.5865 	 -0.6934 	 0.0078
	}
}
{volume "piece12_volume010"
	{box 29.9394 2.95276 2.95276}
	{bone "piece12"}
	{Position -1.0401 	 -0.0039 	 -0.0115}
}
{volume "piece13_volume009"
	{box 37.898 2.95276 2.95276}
	{bone "piece13"}
	{Position -0.7728 	 -0.0021 	 -0.0115}
}
{volume "piece14_volume008"
	{box 31.8471 2.95276 2.95276}
	{bone "piece14"}
	{Position -0.8136 	 0 	 -0.0115}
}
{volume "piece15_volume010"
	{box 5.90551 3.83767 7.89189}
	{bone "piece15"}
	{matrix34
		0 	 0 	 -1
		-0.999 	 -0.0436 	 0
		-0.0436 	 0.999 	 0
		0.3341 	 -0.0514 	 0.0079
	}
}
{volume "sub_piece00_volume026"
	{box 5.90551 3.72566 8.19275}
	{bone "sub_piece00"}
	{matrix34
		0 	 0 	 -1
		-1 	 0 	 0
		0 	 1 	 0
		-0.0099 	 0.0559 	 0.0078
	}
}
{volume "sub_piece01_volume022"
	{box 5.90551 6.81481 6.63639}
	{bone "sub_piece01"}
	{matrix34
		0 	 0 	 -1
		-0.9239 	 0.3827 	 0
		0.3827 	 0.9239 	 0
		-0.1501 	 -0.4527 	 0.0078
	}
}
{volume "sub_piece02_volume018"
	{box 5.90551 5.4969 7.09019}
	{bone "sub_piece02"}
	{matrix34
		0 	 0 	 -1
		-0.6428 	 -0.766 	 0
		-0.766 	 0.6428 	 0
		-0.0464 	 -0.0583 	 0.0079
	}
}
{volume "sub_piece03_volume016"
	{box 5.90551 5.91001 7.4973}
	{bone "sub_piece03"}
	{matrix34
		0 	 0 	 -1
		-0.999 	 -0.0436 	 0
		-0.0436 	 0.999 	 0
		-0.1518 	 -0.3633 	 0.0079
	}
}
{volume "sub_piece04_volume017"
	{box 5.90551 7.74211 3.67368}
	{bone "sub_piece04"}
	{matrix34
		0 	 0 	 -1
		-0.866 	 -0.5 	 0
		-0.5 	 0.866 	 0
		-0.0596 	 0.1191 	 0.0079
	}
}
{volume "sub_piece05_volume013"
	{box 5.90551 5.15816 8.49687}
	{bone "sub_piece05"}
	{matrix34
		0 	 0 	 -1
		-0.9763 	 0.2164 	 0
		0.2164 	 0.9763 	 0
		-0.0201 	 0.1824 	 0.0079
	}
}
{volume "sub_piece06_volume014"
	{box 5.90551 6.18979 7.30731}
	{bone "sub_piece06"}
	{matrix34
		0 	 0 	 -1
		-0.9763 	 0.2164 	 0
		0.2164 	 0.9763 	 0
		0.1307 	 -0.2882 	 0.0079
	}
}
{volume "sub_piece07_volume026"
	{box 5.90551 3.72566 8.19275}
	{bone "sub_piece07"}
	{matrix34
		0 	 0 	 -1
		-1 	 0 	 0
		0 	 1 	 0
		-0.0098 	 0.0559 	 0.0078
	}
}
{volume "sub_piece08_volume025"
	{box 5.90551 5.2474 8.44613}
	{bone "sub_piece08"}
	{matrix34
		0 	 0 	 -1
		-0.887 	 0.4617 	 0
		0.4617 	 0.887 	 0
		0.1895 	 -0.0721 	 0.0078
	}
}
{volume "sub_piece09_volume023"
	{box 5.90551 6.81481 6.63639}
	{bone "sub_piece09"}
	{matrix34
		0 	 0 	 -1
		-0.9239 	 0.3827 	 0
		0.3827 	 0.9239 	 0
		-0.1501 	 -0.4527 	 0.0078
	}
}
{volume "sub_piece10_volume021"
	{box 5.90551 7.7441 5.26698}
	{bone "sub_piece10"}
	{matrix34
		0 	 0 	 -1
		-0.9239 	 0.3827 	 0
		0.3827 	 0.9239 	 0
		-0.3347 	 0.1909 	 0.0078
	}
}
{volume "sub_piece11_volume027"
	{box 5.90551 6.24346 4.5142}
	{bone "sub_piece11"}
	{matrix34
		0 	 0 	 -1
		-0.766 	 0.6428 	 0
		0.6428 	 0.766 	 0
		-1.0853 	 -0.2134 	 0.0078
	}
}
{volume "sub_piece12_volume012"
	{box 5.90551 5.15816 8.49687}
	{bone "sub_piece12"}
	{matrix34
		0 	 0 	 -1
		-0.9763 	 0.2164 	 0
		0.2164 	 0.9763 	 0
		-0.0201 	 0.1824 	 0.0079
	}
}
{volume "sub_piece13_volume013"
	{box 5.90551 6.18979 7.30731}
	{bone "sub_piece13"}
	{matrix34
		0 	 0 	 -1
		-0.9763 	 0.2164 	 0
		0.2164 	 0.9763 	 0
		0.1307 	 -0.2882 	 0.0079
	}
}
{volume "sub_piece14_volume009"
	{box 5.90551 3.83767 7.89189}
	{bone "sub_piece14"}
	{matrix34
		0 	 0 	 -1
		-0.999 	 -0.0436 	 0
		-0.0436 	 0.999 	 0
		0.3341 	 -0.0514 	 0.0079
	}
}
{volume "sub_piece15_volume018"
	{box 5.90551 7.67807 5.77203}
	{bone "sub_piece15"}
	{matrix34
		0 	 0 	 -1
		-0.9962 	 0.0872 	 0
		0.0872 	 0.9962 	 0
		0.0465 	 -0.0391 	 0.0078
	}
}
{volume "sub_piece16_volume024"
	{box 5.90551 5.2474 8.44613}
	{bone "sub_piece16"}
	{matrix34
		0 	 0 	 -1
		-0.887 	 0.4617 	 0
		0.4617 	 0.887 	 0
		0.1895 	 -0.0721 	 0.0078
	}
}
{volume "sub_piece17_volume025"
	{box 5.90551 3.72566 8.19275}
	{bone "sub_piece17"}
	{matrix34
		0 	 0 	 -1
		-1 	 0 	 0
		0 	 1 	 0
		-0.0099 	 0.0559 	 0.0078
	}
}
