;Exported by	: KobaA
;Date			: 15.01.2024 17:29:08
;File			: d:\git\gem2-mdl-soldiers\models\building\house_70\house_70_fort_x.max
{skeleton
	{bone "h_70_piece05_x"
		{orientation
			1 	 0 	 0
			0 	 -1 	 0
			0 	 0 	 1
		}
		{bone "piece02"
			{matrix34
				-1 	 0 	 0
				0 	 -1 	 0
				0 	 0 	 1
				-34.6353 	 10.1141 	 -9.7416
			}
			{poly "piece02"}
		}
		{bone "piece03"
			{matrix34
				-1 	 0 	 0
				0 	 -1 	 0
				0 	 0 	 1
				-34.6353 	 -27.6458 	 -14.0524
			}
			{poly "piece03"}
		}
		{bone "piece05"
			{matrix34
				-1 	 0 	 0
				0 	 -1 	 0
				0 	 0 	 1
				-34.6353 	 28.6291 	 -13.5258
			}
			{poly "piece05"}
		}
		{bone "sub_piece01"
			{matrix34
				-1 	 0 	 0
				0 	 -1 	 0
				0 	 0 	 1
				-34.6353 	 30.3622 	 -1.1499
			}
			{poly "sub_piece01"}
		}
		{bone "sub_piece02"
			{matrix34
				-1 	 0 	 0
				0 	 -1 	 0
				0 	 0 	 1
				-34.6353 	 0.123 	 2.2207
			}
			{poly "sub_piece02"}
		}
		{bone "sub_piece03"
			{matrix34
				-1 	 0 	 0
				0 	 -1 	 0
				0 	 0 	 1
				-34.6353 	 -29.6312 	 -0.2706
			}
			{poly "sub_piece03"}
		}
		{bone "sub_piece04"
			{matrix34
				-1 	 0 	 0
				0 	 -1 	 0
				0 	 0 	 1
				-34.6353 	 -16.4343 	 2.0405
			}
			{poly "sub_piece04"}
		}
		{bone "piece06"
			{matrix34
				0 	 -1 	 0
				1 	 0 	 0
				0 	 0 	 1
				-5.7823 	 25.4277 	 -26.037
			}
			{poly "piece06"}
		}
		{bone "piece07"
			{matrix34
				0 	 -1 	 0
				1 	 0 	 0
				0 	 0 	 1
				-5.8887 	 25.4169 	 -9.7416
			}
			{poly "piece07"}
		}
		{bone "sub_piece07"
			{matrix34
				0 	 -1 	 0
				1 	 0 	 0
				0 	 0 	 1
				-19.0451 	 25.3609 	 -12.345
			}
			{poly "sub_piece07"}
		}
		{bone "piece08"
			{matrix34
				0 	 1 	 0
				-1 	 0 	 0
				0 	 0 	 1
				1.8091 	 25.4816 	 21.0342
			}
			{poly "piece08"}
		}
		{bone "sub_piece08"
			{matrix34
				0 	 1 	 0
				-1 	 0 	 0
				0 	 0 	 1
				-14.9281 	 25.5092 	 15.0789
			}
			{poly "sub_piece08"}
		}
		{bone "piece04"
			{matrix34
				0 	 -1 	 0
				1 	 0 	 0
				0 	 0 	 1
				-20.6762 	 15.6138 	 21.4251
			}
			{poly "piece04"}
		}
		{bone "piece01"
			{matrix34
				0 	 -1 	 0
				1 	 0 	 0
				0 	 0 	 1
				-30.1882 	 -19.5585 	 14.7941
			}
			{poly "piece01"}
		}
		{bone "sub_piece06"
			{matrix34
				0 	 -1 	 0
				1 	 0 	 0
				0 	 0 	 1
				-2.9325 	 1.8289 	 30.7506
			}
			{poly "sub_piece06"}
		}
		{bone "sub_piece05"
			{matrix34
				0 	 -1 	 0
				-0.57 	 0 	 0.8216
				0.8216 	 0 	 0.57
				-13.2819 	 -13.9118 	 24.2276
			}
			{poly "sub_piece05"}
		}
		{bone "h_70_piece05"
			{Position 0 	 0 	 0}
			{poly "h_70_piece05"}
		}
		{bone revolute "attach1"
			{matrix34
				-1 	 0 	 0
				0 	 -1 	 0
				0 	 0 	 1
				-20.3231 	 -20.5778 	 -42.0721
			}
		}
		{bone "debris_land_001"
			{parameters "land;ground;"}
			{Position -46.5314 	 -31.3874 	 -38.5162}
			{poly "debris_land_001" {ground}}
		}
		{bone "debris_land_002"
			{parameters "land;ground;"}
			{Position -37.3843 	 24.2103 	 -38.5162}
			{poly "debris_land_002" {ground}}
		}
		{bone "fort_wall"
			{matrix34
				0 	 1 	 0
				-1 	 0 	 0
				0 	 0 	 1
				-43.0999 	 -23.3792 	 -36.4493
			}
		}
		{bone "stones_001"
			{parameters "land;ground;"}
			{Position -64.0002 	 -30.9106 	 -45.9965}
			{poly "stones_001" {ground}}
		}
		{bone "stones_002"
			{parameters "land;ground;"}
			{Position -37.3709 	 24.2103 	 -38.5162}
			{poly "stones_002" {ground}}
		}
	}
}
{"volumes"
	{"piece01"
		{box 1.58609 26.6397 18.9242}
		{bone "piece01"}
		{matrix34
			0 	 -0.5736 	 0.8192
			1 	 0 	 0
			0 	 0.8192 	 0.5736
			-0.5639 	 -1.2245 	 0.5248
		}
	}
	{"piece02"
		{box 5.90551 11.8492 15.049}
		{bone "piece02"}
		{matrix34
			-1 	 0 	 0
			0 	 -0.9659 	 -0.2588
			0 	 -0.2588 	 0.9659
			0 	 -0.2103 	 -0.3737
		}
	}
	{"piece03"
		{box 5.90551 15.7342 17.2937}
		{bone "piece03"}
		{matrix34
			-1 	 0 	 0
			0 	 -1 	 0
			0 	 0 	 1
			0 	 -0.3249 	 -0.7271
		}
	}
	{"piece04"
		{box 1.58609 31.7139 15.9027}
		{bone "piece04"}
		{matrix34
			0 	 -0.5736 	 0.8192
			1 	 0 	 0
			0 	 0.8192 	 0.5736
			0.0334 	 -1.5537 	 0.3237
		}
	}
	{"piece05"
		{box 5.90551 8.06875 10.7197}
		{bone "piece05"}
		{matrix34
			-1 	 0 	 0
			0 	 -0.6428 	 -0.766
			0 	 -0.766 	 0.6428
			0 	 3.1474 	 3.1979
		}
	}
	{"piece06"
		{box 5.90551 19.425 11.7644}
		{bone "piece06"}
		{matrix34
			-1 	 0 	 0
			0 	 -1 	 0
			0 	 0 	 1
			0 	 0 	 -0.3238
		}
	}
	{"piece07"
		{box 5.90551 11.8492 15.049}
		{bone "piece07"}
		{matrix34
			-1 	 0 	 0
			0 	 -0.9659 	 -0.2588
			0 	 -0.2588 	 0.9659
			0 	 -0.2103 	 -0.3737
		}
	}
	{"piece08"
		{box 5.90551 16.7055 11.4797}
		{bone "piece08"}
		{matrix34
			-1 	 0 	 0
			0 	 -0.7071 	 -0.7071
			0 	 -0.7071 	 0.7071
			0 	 0.7494 	 -0.8435
		}
	}
	{"sub_piece01"
		{box 5.90551 6.31431 10.9153}
		{bone "sub_piece01"}
		{matrix34
			-1 	 0 	 0
			0 	 -0.766 	 0.6428
			0 	 0.6428 	 0.766
			0 	 -0.4428 	 -0.0752
		}
	}
	{"sub_piece02"
		{box 5.90551 9.71432 6.99701}
		{bone "sub_piece02"}
		{matrix34
			-1 	 0 	 0
			0 	 -1 	 0
			0 	 0 	 1
			0 	 0.4705 	 -0.1884
		}
	}
	{"sub_piece03"
		{box 5.90551 6.70288 10.4256}
		{bone "sub_piece03"}
		{matrix34
			-1 	 0 	 0
			0 	 -0.7071 	 0.7071
			0 	 0.7071 	 0.7071
			0 	 0.0064 	 -0.1556
		}
	}
	{"sub_piece04"
		{box 5.90551 6.60838 5.87984}
		{bone "sub_piece04"}
		{matrix34
			-1 	 0 	 0
			0 	 -1 	 0
			0 	 0 	 1
			0 	 0.0863 	 -0.5668
		}
	}
	{"sub_piece05"
		{box 2.4153 2.66663 67.8938}
		{bone "sub_piece05"}
		{matrix34
			0 	 -1 	 0.0044
			-1 	 0 	 0
			0 	 -0.0044 	 -1
			0.0033 	 -0.0848 	 0.4369
		}
	}
	{"sub_piece06"
		{box 1.58609 20.073 14.6941}
		{bone "sub_piece06"}
		{matrix34
			0 	 -0.5736 	 0.8192
			1 	 0 	 0
			0 	 0.8192 	 0.5736
			0.8326 	 -1.3797 	 0.5192
		}
	}
	{"sub_piece07"
		{box 5.90551 6.70288 10.4256}
		{bone "sub_piece07"}
		{matrix34
			-1 	 0 	 0
			0 	 -0.7071 	 0.7071
			0 	 0.7071 	 0.7071
			0 	 0.0064 	 -0.1556
		}
	}
	{"sub_piece08"
		{box 5.90551 6.31431 10.9153}
		{bone "sub_piece08"}
		{matrix34
			-1 	 0 	 0
			0 	 -0.766 	 0.6428
			0 	 0.6428 	 0.766
			0 	 -0.4428 	 -0.0752
		}
	}
	{"target_vol_001"
		{box 9.84252 11.811 15.6501}
		{bone "h_70_piece05_x"}
		{matrix34
			-1 	 0 	 0
			0 	 -1 	 0
			0 	 0 	 1
			-33.443 	 -20.5778 	 -18.6834
		}
	}
	{"vol_01"
		{box 6.2078 18.084 11.2982}
		{bone "h_70_piece05"}
		{Position -34.5056 	 31.2853 	 -20.5483}
	}
	{"vol_02"
		{polyhedron}
		{bone "h_70_piece05"}
		{Position -34.5056 	 13.4868 	 -26.1974}
	}
	{"vol_03"
		{box 6.2078 81.8653 16.1403}
		{bone "h_70_piece05"}
		{Position -34.5056 	 0.5037 	 -33.9894}
	}
	{"vol_04"
		{polyhedron}
		{bone "h_70_piece05"}
		{Position -34.5056 	 -34.3885 	 -26.1974}
	}
}
