;Exported by	: Oleksandr Tsaprylov
;Date			: 03.02.2023 16:23:33
;File			: E:\projects\gem2-mdl-soldiers\models\entourage\shed_wood_destroyed\shed_wood_destroyed.max
{skeleton
	{bone "shed_wood_destroyed_piece_006_x"
		{orientation
			1 	 0 	 0
			0 	 -1 	 0
			0 	 0 	 1
		}
		{bone "piece05"
			{Position -37.7829 	 25.6935 	 121.116}
			{poly "piece05"}
		}
		{bone "piece07"
			{Position 24.8092 	 38.8545 	 112.028}
			{poly "piece07"}
		}
		{bone "piece13"
			{matrix34
				1 	 0 	 0
				0 	 0.4647 	 -0.8855
				0 	 0.8855 	 0.4647
				9.9401 	 45.2157 	 110.354
			}
			{poly "piece13"}
		}
		{bone "piece06"
			{Position -5.0365 	 22.48 	 124.317}
			{poly "piece06"}
		}
		{bone "piece11"
			{Position 12.4321 	 4.9273 	 135.373}
			{poly "piece11"}
		}
		{bone "piece02"
			{matrix34
				1 	 0 	 0
				0 	 0.8192 	 0.5736
				0 	 -0.5736 	 0.8192
				-12.4849 	 -6.2899 	 130.359
			}
			{poly "piece02"}
		}
		{bone "piece01"
			{matrix34
				1 	 0 	 0
				0 	 0.8192 	 0.5736
				0 	 -0.5736 	 0.8192
				22.7077 	 -11.1573 	 126.854
			}
			{poly "piece01"}
		}
		{bone "piece03"
			{matrix34
				1 	 0 	 0
				0 	 0.8192 	 0.5736
				0 	 -0.5736 	 0.8192
				21.5351 	 -36.1709 	 109.366
			}
			{poly "piece03"}
		}
		{bone "piece04"
			{matrix34
				1 	 0 	 0
				0 	 0.8192 	 0.5736
				0 	 -0.5736 	 0.8192
				-13.7712 	 -41.1137 	 105.629
			}
			{poly "piece04"}
		}
		{bone "piece12"
			{Position 27.3996 	 -46.2956 	 101.902}
			{poly "piece12"}
		}
		{bone "piece09"
			{Position 44.8919 	 -12.1086 	 123.4}
			{poly "piece09"}
		}
		{bone "piece08"
			{Position 44.6482 	 27.1848 	 120.433}
			{poly "piece08"}
		}
		{bone "piece10"
			{Position 9.9401 	 -24.3043 	 117.318}
			{poly "piece10"}
		}
	}
}
{"volumes"
	{"piece01"
		{box 16.3421 16.8737 1.08692}
		{bone "piece01"}
		{Position 0 	 1.4913 	 0.0076}
	}
	{"piece02"
		{box 19.3068 18.9441 1.08692}
		{bone "piece02"}
		{Position -1.0031 	 0.1054 	 0.1013}
	}
	{"piece03"
		{box 18.4665 18.3923 1.08692}
		{bone "piece03"}
		{Position -0.7459 	 0.1772 	 -0.0308}
	}
	{"piece04"
		{box 15.6966 18.3923 1.08692}
		{bone "piece04"}
		{Position 0 	 0.2846 	 0.0165}
	}
	{"piece05"
		{box 2.3622 2.98768 49.5}
		{bone "piece05"}
		{matrix34
			1 	 0 	 0
			0 	 0.5704 	 0.8213
			0 	 -0.8213 	 0.5704
			0.2046 	 -0.2519 	 0.3113
		}
	}
	{"piece06"
		{box 1.58472 13.351 48.6203}
		{bone "piece06"}
		{matrix34
			0 	 -0.5736 	 -0.8192
			0 	 -0.8192 	 0.5736
			-1 	 0 	 0
			-1.9553 	 -0.2473 	 -0.4449
		}
	}
	{"piece07"
		{box 1.58472 13.351 34.0002}
		{bone "piece07"}
		{matrix34
			0 	 -0.5736 	 -0.8192
			0 	 -0.8192 	 0.5736
			-1 	 0 	 0
			0.7486 	 0.1378 	 0.2799
		}
	}
	{"piece08"
		{box 2.3622 2.98768 49.5}
		{bone "piece08"}
		{matrix34
			1 	 0 	 0
			0 	 0.5704 	 0.8213
			0 	 -0.8213 	 0.5704
			0.2046 	 -0.2519 	 0.3113
		}
	}
	{"piece09"
		{box 2.3622 2.98768 34.8591}
		{bone "piece09"}
		{matrix34
			-1 	 0 	 0
			0 	 -0.5736 	 0.8192
			0 	 0.8192 	 0.5736
			0.0042 	 0.0786 	 0.1665
		}
	}
	{"piece10"
		{box 1.41732 2.09138 50.702}
		{bone "piece10"}
		{matrix34
			0 	 -0.5736 	 0.8192
			0 	 -0.8192 	 -0.5736
			1 	 0 	 0
			-0.1058 	 -0.0349 	 0.0295
		}
	}
	{"piece11"
		{box 2.3622 2.98768 62.6366}
		{bone "piece11"}
		{matrix34
			0 	 1 	 0
			0 	 0 	 1
			1 	 0 	 0
			0.6033 	 -0.0175 	 0.1016
		}
	}
	{"piece12"
		{box 1.41732 2.09138 30.4212}
		{bone "piece12"}
		{matrix34
			0 	 -0.5736 	 0.8192
			0 	 -0.8192 	 -0.5736
			1 	 0 	 0
			-0.4174 	 -0.0932 	 0.0216
		}
	}
	{"piece13"
		{box 1.41732 2.09138 50.702}
		{bone "piece13"}
		{matrix34
			0 	 -0.5736 	 0.8192
			0 	 -0.8192 	 -0.5736
			1 	 0 	 0
			-0.1058 	 -0.0349 	 0.0295
		}
	}
}
