;Exported by:	 Evhen
;Date:			 18.05.2020 11:39:00
;File:			 D:\gem2-mdl-soldiers\models\entourage\tower_water_001\tower_water_001.max
{skeleton
	{bone "tower_water"
		{orientation
			1 	 0 	 0
			0 	 -1 	 0
			0 	 0 	 1
		}
		{bone "main"
			{Position -0.0134 	 -0.0636 	 90.5345}
			{poly "main"}
			{bone "node_ladder_bottom"
				{parameters "lastpose=undefined;"}
				{matrix34
					0 	 1 	 0
					-1 	 0 	 0
					0 	 0 	 1
					34.6082 	 -43.7287 	 -79.8649
				}
			}
			{bone "node_ladder_top"
				{parameters "lastpose=undefined;"}
				{matrix34
					0 	 1 	 0
					-1 	 0 	 0
					0 	 0 	 1
					34.6082 	 -43.7287 	 61.6972
				}
			}
			{bone "emit"
				{matrix34
					0 	 1 	 0
					-1 	 0 	 0
					0 	 0 	 1
					34.6082 	 -53.6851 	 -90.5345
				}
			}
			{bone "attach1"
				{matrix34
					0.7071 	 0.7071 	 0
					-0.7071 	 0.7071 	 0
					0 	 0 	 1
					42.6989 	 21.0755 	 84.1033
				}
			}
			{bone "attach2"
				{Position 42.6989 	 -14.121 	 84.1033}
			}
			{bone "attach3"
				{matrix34
					0 	 1 	 0
					-1 	 0 	 0
					0 	 0 	 1
					8.4488 	 20.6945 	 84.1033
				}
			}
			{bone "attach4"
				{matrix34
					0 	 1 	 0
					-1 	 0 	 0
					0 	 0 	 1
					-23.7347 	 20.6945 	 84.1033
				}
			}
			{bone "attach5"
				{matrix34
					-0.7071 	 -0.7071 	 0
					0.7071 	 -0.7071 	 0
					0 	 0 	 1
					-41.775 	 -19.8525 	 84.1033
				}
			}
			{bone "attach6"
				{matrix34
					0 	 -1 	 0
					1 	 0 	 0
					0 	 0 	 1
					-0.498 	 -19.8525 	 84.1033
				}
			}
		}
		{bone "rust"
			{Position 0.0579 	 0.943 	 93.8882}
			{poly "rust"}
		}
		{bone "ground"
			{parameters "land;ground;"}
			{Position 0.003 	 0 	 -1.2929}
			{poly "ground" {ground}}
		}
		{bone "holders"
			{Position -0.0314 	 -0.0281 	 59.1303}
			{poly "holders"}
		}
		{bone "gate"
			{Position 0.159 	 -0.2527 	 184.598}
			{poly "gate"}
		}
		{bone "bolt_green"
			{Position -11.5291 	 11.1831 	 91.9759}
			{poly "bolt_green"}
		}
		{bone "stand"
			{Position -0.0304 	 0 	 112.941}
			{poly "stand"}
		}
		{bone "bolt_rust"
			{Position 0.0579 	 0.943 	 93.8882}
			{poly "bolt_rust"}
		}
	}
}
{obstacle "obstacle01"
	{obb2
		{center 0.0030365 0}
		{extent 72.0348 49.6744}
		{axis -1 0}
	}
	{rotate}
}
{volume "body01"
	{box 2.51554 0.393701 81.9882}
	{bone "main"}
	{matrix34
		0.0371 	 0.5921 	 -0.805
		-0.9988 	 -0.0048 	 -0.0495
		-0.0332 	 0.8059 	 0.5911
		59.0757 	 -1.1207 	 -58.9913
	}
}
{volume "body02"
	{box 111.714 69.4627 65.9048}
	{bone "main"}
	{Position -0.0171 	 0.0636 	 51.9832}
}
{volume "body03"
	{box 2.84736 2.93859 106.766}
	{bone "main"}
	{matrix34
		1 	 0 	 0
		0 	 0.9986 	 -0.0523
		0 	 0.0523 	 0.9986
		0.0038 	 -34.1034 	 -31.1375
	}
}
{volume "body04"
	{box 2.84736 2.93859 106.766}
	{bone "main"}
	{matrix34
		0.9986 	 0 	 0.0523
		0.0027 	 0.9986 	 -0.0523
		-0.0523 	 0.0523 	 0.9973
		55.6379 	 -34.1034 	 -31.2106
	}
}
{volume "body05"
	{box 2.84736 2.93859 106.766}
	{bone "main"}
	{matrix34
		0.9986 	 0 	 -0.0523
		-0.0027 	 0.9986 	 -0.0523
		0.0523 	 0.0523 	 0.9973
		-55.5939 	 -34.1034 	 -31.2106
	}
}
{volume "body06"
	{box 2.84736 2.93859 106.766}
	{bone "main"}
	{matrix34
		0.9986 	 0.0055 	 -0.052
		-0.0027 	 0.9986 	 0.0524
		0.0523 	 -0.0522 	 0.9973
		-55.5939 	 34.2622 	 -31.2102
	}
}
{volume "body07"
	{box 2.84736 2.93859 106.766}
	{bone "main"}
	{matrix34
		1 	 0.0055 	 0.0003
		-0.0055 	 0.9986 	 0.0525
		0 	 -0.0525 	 0.9986
		0.0522 	 34.2469 	 -31.1379
	}
}
{volume "body08"
	{box 2.84736 2.93859 106.766}
	{bone "main"}
	{matrix34
		0.9986 	 0.0055 	 0.0526
		-0.0082 	 0.9986 	 0.0524
		-0.0523 	 -0.0528 	 0.9972
		55.7388 	 34.2316 	 -31.2118
	}
}
{volume "body09"
	{box 2.47321 0.393701 106.139}
	{bone "main"}
	{matrix34
		0 	 -0.0523 	 0.9986
		0 	 0.9986 	 0.0523
		-1 	 0 	 0
		0.0901 	 36.1387 	 -31.412
	}
}
{volume "body10"
	{box 2.47321 0.393701 106.139}
	{bone "main"}
	{matrix34
		0 	 0.0523 	 0.9986
		0 	 0.9986 	 -0.0523
		-1 	 0 	 0
		0.0901 	 -36.1189 	 -31.4358
	}
}
{volume "body11"
	{box 2.47321 0.393701 64.5324}
	{bone "main"}
	{matrix34
		-0.0523 	 0 	 0.9986
		-0.9986 	 0 	 -0.0523
		0 	 -1 	 0
		57.5995 	 -0.2617 	 -31.4333
	}
}
{volume "body12"
	{box 2.47321 0.393701 64.5324}
	{bone "main"}
	{matrix34
		0.0523 	 0 	 0.9986
		-0.9986 	 0 	 0.0523
		0 	 -1 	 0
		-57.6822 	 0.2143 	 -31.4643
	}
}
{volume "body13"
	{box 2.51554 0.393701 71.3267}
	{bone "main"}
	{matrix34
		0.6756 	 -0.0117 	 0.7371
		0.0347 	 0.9993 	 -0.016
		-0.7364 	 0.0364 	 0.6755
		29.3646 	 -37.6163 	 -58.3513
	}
}
{volume "body14"
	{box 2.51554 0.393701 66.3767}
	{bone "main"}
	{matrix34
		0.6985 	 -0.0117 	 0.7156
		0.0342 	 0.9993 	 -0.0171
		-0.7148 	 0.0364 	 0.6983
		-26.8755 	 -34.7666 	 -5.1964
	}
}
{volume "body15"
	{box 2.51554 0.393701 66.3767}
	{bone "main"}
	{matrix34
		0.6907 	 -0.0117 	 -0.723
		-0.0183 	 0.9993 	 -0.0336
		0.7229 	 0.0364 	 0.69
		27.3007 	 -34.7666 	 -5.7232
	}
}
{volume "body16"
	{box 2.51554 0.393701 71.3267}
	{bone "main"}
	{matrix34
		0.6755 	 -0.0117 	 -0.7373
		-0.019 	 0.9993 	 -0.0332
		0.7372 	 0.0364 	 0.6747
		-29.2273 	 -37.6163 	 -58.8314
	}
}
{volume "body17"
	{box 2.51554 0.393701 67.7108}
	{bone "main"}
	{matrix34
		-0.6907 	 0.0117 	 -0.723
		0.0183 	 -0.9993 	 -0.0336
		-0.7229 	 -0.0364 	 0.69
		28.3918 	 34.8035 	 -5.2363
	}
}
{volume "body18"
	{box 2.51554 0.393701 67.7108}
	{bone "main"}
	{matrix34
		0.682 	 -0.0901 	 -0.7258
		0.086 	 0.9954 	 -0.0427
		0.7263 	 -0.0333 	 0.6866
		-27.9668 	 34.909 	 -5.2463
	}
}
{volume "body19"
	{box 2.51554 0.393701 69.0718}
	{bone "main"}
	{matrix34
		-0.7033 	 0.0117 	 -0.7108
		0.0177 	 -0.9993 	 -0.0339
		-0.7107 	 -0.0364 	 0.7025
		-28.1974 	 37.749 	 -58.7369
	}
}
{volume "body20"
	{box 2.51554 0.393701 70.4602}
	{bone "main"}
	{matrix34
		-0.6985 	 0.0117 	 0.7156
		-0.0342 	 -0.9993 	 -0.0171
		0.7148 	 -0.0364 	 0.6983
		28.0353 	 37.7237 	 -58.3435
	}
}
{volume "body21"
	{box 2.51554 0.393701 81.9882}
	{bone "main"}
	{matrix34
		0.0693 	 0.5816 	 -0.8105
		-0.9972 	 0.0645 	 -0.039
		0.0295 	 0.8109 	 0.5844
		-59.2531 	 -1.3165 	 -58.87
	}
}
{volume "body22"
	{box 2.51554 0.393701 77.1903}
	{bone "main"}
	{matrix34
		0.1304 	 -0.5926 	 -0.7949
		-0.9909 	 -0.1051 	 -0.0842
		-0.0336 	 0.7986 	 -0.6009
		-56.6875 	 0.7188 	 -5.2471
	}
}
{volume "body23"
	{box 2.51554 0.393701 77.1903}
	{bone "main"}
	{matrix34
		0.2168 	 -0.5926 	 -0.7758
		-0.9757 	 -0.1051 	 -0.1924
		0.0325 	 0.7986 	 -0.601
		56.4133 	 0.7188 	 -5.2495
	}
}
{volume "body24"
	{cylinder 2.9652 98.4143}
	{bone "rust"}
	{Position 15.3261 	 -13.5392 	 -25.5308}
}
{volume "body25"
	{cylinder 2.9652 98.4143}
	{bone "rust"}
	{Position -15.4992 	 -13.5392 	 -25.5308}
}
{volume "body26"
	{cylinder 1.74832 162.384}
	{bone "rust"}
	{matrix34
		-1 	 0 	 0
		0 	 -1 	 0
		0 	 0 	 1
		-40.0691 	 41.5328 	 6.4539
	}
}
{volume "land01"
	{box 136.236 92.617 12.3661}
	{bone "ground"}
	{Position -0.0334 	 0 	 0.0586}
}
{volume "place1"
	{box 19.685 19.685 9.84252}
	{bone "main"}
	{matrix34
		0.7071 	 0.7071 	 0
		-0.7071 	 0.7071 	 0
		0 	 0 	 1
		42.6989 	 21.0755 	 87.3195
	}
}
{volume "place2"
	{box 19.685 19.685 9.84252}
	{bone "main"}
	{Position 42.6989 	 -14.121 	 87.3195}
}
{volume "place3"
	{box 19.685 19.685 9.84252}
	{bone "main"}
	{Position 8.4488 	 20.6945 	 87.3195}
}
{volume "place4"
	{box 19.685 19.685 9.84252}
	{bone "main"}
	{Position -23.7347 	 20.6945 	 87.3195}
}
{volume "place5"
	{box 19.685 19.685 9.84252}
	{bone "main"}
	{matrix34
		-0.7071 	 0.7071 	 0
		-0.7071 	 -0.7071 	 0
		0 	 0 	 1
		-41.775 	 -19.8525 	 87.3195
	}
}
{volume "place6"
	{box 19.685 19.685 9.84252}
	{bone "main"}
	{matrix34
		-1 	 0 	 0
		0 	 -1 	 0
		0 	 0 	 1
		-0.498 	 -19.8525 	 87.3195
	}
}
