;Exported by	: KobaA
;Date			: 11.04.2024 16:38:06
;File			: d:\git\gem2-mdl-soldiers\models\entourage\wooden_box\crate_compose.max
{skeleton
	{bone "basis02_x"
		{orientation
			1 	 0 	 0
			0 	 -1 	 0
			0 	 0 	 1
		}
		{bone "piece15"
			{matrix34
				0.7859 	 0.3329 	 0.5211
				-0.6181 	 0.3985 	 0.6776
				0.0179 	 -0.8546 	 0.5189
				18.7784 	 -19.9967 	 24.2361
			}
			{poly "piece15"}
		}
		{bone "sub_piece03"
			{matrix34
				0.9908 	 0.1352 	 0
				-0.1352 	 0.9908 	 0
				0 	 0 	 1
				13.4928 	 -24.1116 	 20.8015
			}
			{poly "sub_piece03"}
		}
		{bone "sub_piece04"
			{matrix34
				0.5333 	 0.8459 	 0
				-0.8459 	 0.5333 	 0
				0 	 0 	 1
				12.8773 	 -7.9839 	 22.2993
			}
			{poly "sub_piece04"}
		}
		{bone "sub_piece11"
			{matrix34
				0.9908 	 0.1352 	 0
				-0.1352 	 0.9908 	 0
				0 	 0 	 1
				16.6023 	 -4.0547 	 24.2397
			}
			{poly "sub_piece11"}
		}
		{bone "piece10"
			{matrix34
				0.9712 	 -0.164 	 0.1728
				0.216 	 0.9121 	 -0.3485
				-0.1004 	 0.3757 	 0.9213
				-2.7487 	 -31.0541 	 2.4759
			}
			{poly "piece10"}
		}
		{bone "piece11"
			{matrix34
				0.9946 	 -0.0571 	 0.0869
				0.0802 	 0.953 	 -0.2921
				-0.0661 	 0.2975 	 0.9524
				-17.2191 	 -34.0524 	 10.346
			}
			{poly "piece11"}
		}
		{bone "sub_piece01"
			{matrix34
				0.2642 	 -0.9618 	 0.0717
				0.0647 	 0.0919 	 0.9937
				-0.9623 	 -0.2578 	 0.0865
				-26.0894 	 -30.6355 	 10.6569
			}
			{poly "sub_piece01"}
		}
		{bone "sub_piece10"
			{matrix34
				0.1253 	 -0.9921 	 0
				0.9921 	 0.1253 	 0
				0 	 0 	 1
				-7.2952 	 5.0873 	 7.608
			}
			{poly "sub_piece10"}
		}
		{bone "sub_piece07"
			{matrix34
				0.1253 	 -0.9921 	 0
				0.9921 	 0.1253 	 0
				0 	 0 	 1
				-27.3199 	 8.3976 	 4.1698
			}
			{poly "sub_piece07"}
		}
		{bone "piece12"
			{matrix34
				0.1253 	 -0.9921 	 0
				0.9921 	 0.1253 	 0
				0 	 0 	 1
				-23.2582 	 3.0711 	 7.6044
			}
			{poly "piece12"}
		}
		{bone "piece13"
			{matrix34
				0.0407 	 0.9992 	 0
				-0.9992 	 0.0407 	 0
				0 	 0 	 1
				-7.4549 	 3.8753 	 16.0914
			}
			{poly "piece13"}
		}
		{bone "piece14"
			{matrix34
				0.2762 	 0.474 	 0.8361
				-0.6819 	 -0.5164 	 0.518
				0.6773 	 -0.7132 	 0.1806
				-17.1808 	 -28.393 	 22.9958
			}
			{poly "piece14"}
		}
		{bone "sub_piece08"
			{matrix34
				-0.8422 	 0.5392 	 0
				-0.5392 	 -0.8422 	 0
				0 	 0 	 1
				-1.8134 	 -15.1344 	 19.5576
			}
			{poly "sub_piece08"}
		}
		{bone "sub_piece02"
			{matrix34
				-0.1728 	 0.7647 	 0.6208
				-0.5581 	 -0.5954 	 0.578
				0.8116 	 -0.2466 	 0.5296
				-8.5055 	 -14.8423 	 22.9922
			}
			{poly "sub_piece02"}
		}
		{bone "sub_piece05"
			{matrix34
				0.0226 	 -0.0842 	 -0.9962
				-0.9659 	 -0.2588 	 0
				-0.2578 	 0.9623 	 -0.0872
				19.9016 	 0.4611 	 14.8332
			}
			{poly "sub_piece05"}
		}
		{bone "piece01"
			{matrix34
				0.4933 	 -0.0686 	 0.8671
				0.2211 	 0.974 	 -0.0488
				-0.8413 	 0.2158 	 0.4957
				30.1982 	 0.877 	 3.5058
			}
			{poly "piece01"}
		}
		{bone "piece02"
			{matrix34
				-0.1637 	 0.8944 	 -0.4162
				-0.9248 	 -0.2859 	 -0.2508
				-0.3433 	 0.3439 	 0.874
				21.8034 	 -23.4895 	 9.1614
			}
			{poly "piece02"}
		}
		{bone "piece04"
			{matrix34
				0.155 	 -0.1205 	 0.9805
				-0.4264 	 0.8872 	 0.1764
				-0.8912 	 -0.4454 	 0.0862
				34.0991 	 -16.7519 	 12.1983
			}
			{poly "piece04"}
		}
		{bone "piece03"
			{matrix34
				0.1204 	 -0.426 	 0.8967
				0.6656 	 0.7048 	 0.2454
				-0.7366 	 0.5673 	 0.3684
				28.262 	 -16.3167 	 14.8332
			}
			{poly "piece03"}
		}
		{bone "sub_piece09"
			{matrix34
				-0.2346 	 0.8754 	 0.4226
				-0.7604 	 0.1056 	 -0.6409
				-0.6057 	 -0.4717 	 0.6409
				10.0561 	 -21.0761 	 11.2299
			}
			{poly "sub_piece09"}
		}
		{bone "piece05"
			{matrix34
				-0.4552 	 0.2782 	 0.8458
				0.6305 	 -0.57 	 0.5269
				0.6287 	 0.7731 	 0.0841
				9.9462 	 20.5179 	 9.1614
			}
			{poly "piece05"}
		}
		{bone "piece06"
			{matrix34
				0.0873 	 0.2727 	 0.9581
				0.3257 	 0.9011 	 -0.2862
				-0.9414 	 0.337 	 -0.0101
				3.4876 	 13.3452 	 14.8332
			}
			{poly "piece06"}
		}
		{bone "piece07"
			{matrix34
				-0.0472 	 -0.63 	 0.7752
				0.9988 	 -0.02 	 0.0446
				-0.0126 	 0.7764 	 0.6301
				-2.0004 	 12.4774 	 12.3221
			}
			{poly "piece07"}
		}
		{bone "piece08"
			{matrix34
				0.2346 	 -0.8754 	 0.4226
				0.7604 	 -0.1056 	 -0.6409
				0.6057 	 0.4717 	 0.6409
				21.6935 	 18.1045 	 11.2299
			}
			{poly "piece08"}
		}
		{bone "sub_piece06"
			{matrix34
				0.9858 	 -0.1436 	 0.0869
				0.163 	 0.9424 	 -0.2921
				-0.04 	 0.3021 	 0.9524
				-19.8606 	 -17.6812 	 10.346
			}
			{poly "sub_piece06"}
		}
		{bone "piece09"
			{matrix34
				0.1793 	 -0.9812 	 0.0717
				0.0725 	 0.0859 	 0.9937
				-0.9811 	 -0.173 	 0.0865
				-28.3994 	 -13.5042 	 10.6569
			}
			{poly "piece09"}
		}
		{bone "sub_piece12"
			{matrix34
				-0.9962 	 -0.0872 	 0
				0.0872 	 -0.9962 	 0
				0 	 0 	 1
				-6.923 	 -8.5393 	 13.3627
			}
			{poly "sub_piece12"}
		}
		{bone "sub_piece13"
			{matrix34
				0.9848 	 0.1736 	 0
				-0.1736 	 0.9848 	 0
				0 	 0 	 1
				-21.176 	 -13.9358 	 14.5286
			}
			{poly "sub_piece13"}
		}
		{bone "sub_piece14"
			{matrix34
				-0.9848 	 -0.1736 	 0
				0.1736 	 -0.9848 	 0
				0 	 0 	 1
				-5.1275 	 -23.8177 	 13.3627
			}
			{poly "sub_piece14"}
		}
		{bone "sub_piece15"
			{matrix34
				0.9659 	 0.2588 	 0
				-0.2588 	 0.9659 	 0
				0 	 0 	 1
				-18.8558 	 -30.4359 	 14.5286
			}
			{poly "sub_piece15"}
		}
	}
}
{"volumes"
	{"piece01_vol011"
		{box 7.12468 3.95038 0.20916}
		{bone "piece15"}
		{matrix34
			0.8237 	 -0.5585 	 -0.0978
			0.2235 	 0.4784 	 -0.8492
			0.5211 	 0.6776 	 0.5189
			0.0536 	 0.0107 	 0.3799
		}
	}
	{"piece01_vol017"
		{box 7.12468 3.95038 0.20916}
		{bone "sub_piece02"}
		{matrix34
			0.5578 	 0.149 	 -0.8165
			-0.5508 	 0.8023 	 -0.2299
			0.6208 	 0.578 	 0.5296
			0.3131 	 -0.1106 	 0.1924
		}
	}
	{"piece01_vol018"
		{box 7.12468 3.95038 0.20916}
		{bone "piece13"}
		{Position 0.001 	 -0.3055 	 0.2323}
	}
	{"piece01_vol019"
		{box 7.12468 3.95038 0.20916}
		{bone "piece12"}
		{Position 0.001 	 -0.3055 	 0.2323}
	}
	{"piece01_vol024"
		{box 7.60127 2.31916 0.451844}
		{bone "sub_piece01"}
		{Position 0 	 0 	 0.0003}
	}
	{"piece01_vol026"
		{box 7.60127 2.31916 0.451844}
		{bone "piece09"}
		{Position 0 	 0 	 0.0003}
	}
	{"piece01_vol027"
		{box 11.6564 3.07534 1.25952}
		{bone "piece08"}
		{Position -0.7173 	 -0.1974 	 -0.0193}
	}
	{"piece01_vol028"
		{box 11.6564 3.07534 1.25952}
		{bone "sub_piece09"}
		{Position -0.7173 	 -0.1974 	 -0.0192}
	}
	{"piece02_vol011"
		{box 1.42494 1.18511 3.92916}
		{bone "sub_piece03"}
		{Position 0.1932 	 0.1936 	 -2.3731}
	}
	{"piece02_vol017"
		{box 1.42494 1.18511 3.92916}
		{bone "sub_piece08"}
		{Position 0.1932 	 0.1936 	 -2.3731}
	}
	{"piece02_vol019"
		{box 1.42494 1.18511 3.92916}
		{bone "sub_piece07"}
		{Position 0.1932 	 0.1936 	 -2.3731}
	}
	{"piece02_vol023"
		{box 9.85314 0.464159 4.53381}
		{bone "piece11"}
		{matrix34
			0.9459 	 0.3242 	 0.0131
			-0.3126 	 0.8998 	 0.3045
			0.0869 	 -0.2921 	 0.9524
			-0.1654 	 -0.2127 	 -0.295
		}
	}
	{"piece02_vol025"
		{box 9.85314 0.464159 4.53381}
		{bone "sub_piece06"}
		{matrix34
			0.9459 	 0.3242 	 0.0131
			-0.3126 	 0.8998 	 0.3045
			0.0869 	 -0.2921 	 0.9524
			-0.1654 	 -0.2126 	 -0.295
		}
	}
	{"piece03_vol011"
		{box 6.9373 0.960009 0.20916}
		{bone "sub_piece04"}
		{Position 0.1854 	 0.0164 	 0.089}
	}
	{"piece04_vol011"
		{box 7.12468 3.95038 0.20916}
		{bone "sub_piece11"}
		{Position 0.001 	 0.1269 	 0.3108}
	}
	{"piece04_vol015"
		{box 7.12468 3.95038 0.20916}
		{bone "piece14"}
		{matrix34
			0.023 	 0.2958 	 -0.955
			-0.5481 	 0.8026 	 0.2354
			0.8361 	 0.518 	 0.1806
			0.1903 	 0.2632 	 0.085
		}
	}
	{"piece04_vol017"
		{box 7.12468 3.95038 0.20916}
		{bone "sub_piece10"}
		{Position 0.001 	 0.1269 	 0.3108}
	}
	{"piece04_vol024"
		{box 11.3698 0.896632 4.77911}
		{bone "piece07"}
		{matrix34
			0.5963 	 0.2778 	 -0.7532
			-0.2087 	 0.9596 	 0.1888
			0.7752 	 0.0446 	 0.6301
			0.6465 	 0.3479 	 -1.0163
		}
	}
	{"piece04_vol025"
		{box 11.3698 0.896632 4.77911}
		{bone "piece04"}
		{matrix34
			-0.1565 	 0.9673 	 -0.1996
			-0.1186 	 0.1823 	 0.9761
			0.9805 	 0.1764 	 0.0862
			-0.4072 	 2.5129 	 -0.5113
		}
	}
	{"piece04_vol026"
		{box 11.3698 0.896632 4.77911}
		{bone "piece01"}
		{matrix34
			-0.1939 	 0.8836 	 0.4262
			-0.4588 	 -0.4657 	 0.7567
			0.8671 	 -0.0488 	 0.4957
			-0.6785 	 2.5904 	 1.1921
		}
	}
	{"piece06_vol007"
		{box 9.85314 0.464159 3.84221}
		{bone "piece10"}
		{matrix34
			0.928 	 0.3711 	 -0.0337
			-0.3301 	 0.8607 	 0.3875
			0.1728 	 -0.3485 	 0.9213
			-0.0388 	 -0.2184 	 -0.2417
		}
	}
	{"piece06_vol009"
		{box 0.685231 8.13736 12.7097}
		{bone "piece06"}
		{matrix34
			-0.9335 	 0.3536 	 0.0597
			0.1549 	 0.5478 	 -0.8221
			-0.3234 	 -0.7582 	 -0.5661
			0.0842 	 0.5768 	 -2.4491
		}
	}
	{"piece06_vol010"
		{box 0.685231 8.13736 12.7097}
		{bone "piece03"}
		{matrix34
			-0.8546 	 -0.2789 	 -0.4381
			-0.0216 	 -0.8238 	 0.5665
			-0.5189 	 0.4936 	 0.698
			-0.511 	 -1.4689 	 1.9797
		}
	}
	{"piece06_vol011"
		{box 0.685231 8.13736 12.7097}
		{bone "sub_piece05"}
		{Position -0.0209 	 2.3425 	 0.9219}
	}
	{"piece07_vol009"
		{box 0.685231 8.13736 12.7097}
		{bone "piece05"}
		{matrix34
			-0.6754 	 0.3938 	 -0.6236
			-0.5536 	 0.288 	 0.7814
			0.4873 	 0.8729 	 0.0235
			-0.8334 	 1.4712 	 1.8652
		}
	}
	{"piece07_vol010"
		{box 0.685231 8.13736 12.7097}
		{bone "piece02"}
		{Position -0.0209 	 2.3425 	 0.9219}
	}
	{"sub_piece01_vol001"
		{box 8.66544 2.96852 0.451844}
		{bone "sub_piece15"}
		{Position 0 	 0.0215 	 0.032}
	}
	{"sub_piece01_vol003"
		{box 8.66544 2.96852 0.451844}
		{bone "sub_piece13"}
		{Position 0 	 0.0215 	 0.032}
	}
	{"sub_piece02_vol001"
		{box 8.66544 2.96852 0.451844}
		{bone "sub_piece14"}
		{Position 0 	 0.0215 	 0.032}
	}
	{"sub_piece02_vol003"
		{box 8.66544 2.96852 0.451844}
		{bone "sub_piece12"}
		{Position 0 	 0.0215 	 0.032}
	}
}
