;Exported by:	 vic
;Date:			 29.11.2016 10:38:56
;File:			 D:\-Project_vtv_online-\-3DWork-\building\house_vtv_221\house_001_g2_x2.max
{skeleton
	{bone "house_001_g2_piece_011_x"
		{parameters "lastpose=undefined;"}
		{orientation
			1 	 0 	 0
			0 	 -1 	 0
			0 	 0 	 1
		}
		{bone "piece01"
			{parameters "lastpose=undefined;"}
			{matrix34
				0 	 0.7934 	 0.6088
				0 	 -0.6088 	 0.7934
				1 	 0 	 0
				6.6854 	 -18.9444 	 29.4824
			}
			{poly "piece01"}
		}
		{bone "sub_piece10"
			{parameters "lastpose=undefined;"}
			{matrix34
				0 	 -0.4617 	 0.887
				0 	 -0.887 	 -0.4617
				1 	 0 	 0
				6.6854 	 21.2548 	 -11.7561
			}
			{poly "sub_piece10"}
		}
		{bone "sub_piece09"
			{parameters "lastpose=undefined;"}
			{matrix34
				0 	 0.2588 	 0.9659
				0 	 -0.9659 	 0.2588
				1 	 0 	 0
				6.6854 	 -5.2234 	 25.0324
			}
			{poly "sub_piece09"}
		}
		{bone "sub_piece08"
			{parameters "lastpose=undefined;"}
			{matrix34
				0 	 1 	 0
				0 	 0 	 1
				1 	 0 	 0
				6.6854 	 7.9443 	 22.423
			}
			{poly "sub_piece08"}
		}
		{bone "sub_piece07"
			{parameters "lastpose=undefined;"}
			{matrix34
				0 	 1 	 0
				0 	 0 	 1
				1 	 0 	 0
				6.6854 	 18.5409 	 23.8827
			}
			{poly "sub_piece07"}
		}
		{bone "sub_piece06"
			{parameters "lastpose=undefined;"}
			{matrix34
				0 	 1 	 0
				0 	 0 	 1
				1 	 0 	 0
				6.6854 	 20.6907 	 8.5467
			}
			{poly "sub_piece06"}
		}
		{bone "sub_piece05"
			{parameters "lastpose=undefined;"}
			{matrix34
				0 	 1 	 0
				0 	 0 	 1
				1 	 0 	 0
				6.6854 	 16.7888 	 -1.7392
			}
			{poly "sub_piece05"}
		}
		{bone "sub_piece04"
			{parameters "lastpose=undefined;"}
			{matrix34
				0 	 1 	 0
				0 	 0 	 1
				1 	 0 	 0
				6.6854 	 15.7236 	 -19.4047
			}
			{poly "sub_piece04"}
		}
		{bone "sub_piece03"
			{parameters "lastpose=undefined;"}
			{matrix34
				0 	 1 	 0
				0 	 0 	 1
				1 	 0 	 0
				6.6854 	 13.0583 	 -10.5393
			}
			{poly "sub_piece03"}
		}
		{bone "sub_piece02"
			{parameters "lastpose=undefined;"}
			{matrix34
				0 	 1 	 0
				0 	 0 	 1
				1 	 0 	 0
				6.6854 	 -18.1339 	 -7.1266
			}
			{poly "sub_piece02"}
		}
		{bone "sub_piece01"
			{parameters "lastpose=undefined;"}
			{matrix34
				0 	 1 	 0
				0 	 0 	 1
				1 	 0 	 0
				6.6854 	 -15.9015 	 3.3907
			}
			{poly "sub_piece01"}
		}
		{bone "sub_piece00"
			{parameters "lastpose=undefined;"}
			{matrix34
				0 	 1 	 0
				0 	 0 	 1
				1 	 0 	 0
				6.6854 	 -5.4943 	 11.6281
			}
			{poly "sub_piece00"}
		}
		{bone "piece02"
			{parameters "lastpose=undefined;"}
			{matrix34
				-1 	 0 	 0
				0 	 -1 	 0
				0 	 0 	 1
				-12.6089 	 -3.9466 	 13.311
			}
			{poly "piece02"}
		}
		{bone "piece03"
			{parameters "lastpose=undefined;"}
			{matrix34
				0 	 0.866 	 0.5
				0 	 -0.5 	 0.866
				1 	 0 	 0
				6.6854 	 -17.7004 	 15.2377
			}
			{poly "piece03"}
		}
		{bone "piece04"
			{parameters "lastpose=undefined;"}
			{matrix34
				0 	 1 	 0
				0 	 0 	 1
				1 	 0 	 0
				6.6854 	 7.4243 	 8.8134
			}
			{poly "piece04"}
		}
		{bone "piece05"
			{parameters "lastpose=undefined;"}
			{matrix34
				0 	 1 	 0
				0 	 0 	 1
				1 	 0 	 0
				6.6854 	 -16.5339 	 -19.1967
			}
			{poly "piece05"}
		}
		{bone "piece00"
			{parameters "lastpose=undefined;"}
			{matrix34
				0 	 0.7934 	 0.6088
				0 	 -0.6088 	 0.7934
				1 	 0 	 0
				6.6854 	 0.1117 	 -19.8681
			}
			{poly "piece00"}
		}
		{bone "sub_piece11"
			{parameters "lastpose=undefined;"}
			{matrix34
				0 	 1 	 0
				0 	 0 	 1
				1 	 0 	 0
				6.6854 	 -6.3498 	 -10.0627
			}
			{poly "sub_piece11"}
		}
		{bone "sub_piece12"
			{parameters "lastpose=undefined;"}
			{matrix34
				0 	 0.2588 	 0.9659
				0 	 -0.9659 	 0.2588
				1 	 0 	 0
				6.6854 	 -0.1474 	 -1.5646
			}
			{poly "sub_piece12"}
		}
	}
}
{volume "piece00_volume009"
	{box 5.90551 11.2134 8.49687}
	{bone "piece00"}
	{matrix34
		0 	 0 	 -1
		-0.9914 	 0.1305 	 0
		0.1305 	 0.9914 	 0
		0.1109 	 -0.2239 	 0.0079
	}
}
{volume "piece01_volume008"
	{box 5.90551 11.2134 8.49687}
	{bone "piece01"}
	{matrix34
		0 	 0 	 -1
		-0.9914 	 0.1305 	 0
		0.1305 	 0.9914 	 0
		0.1109 	 -0.2239 	 0.0079
	}
}
{volume "piece02_volume010"
	{box 29.9394 2.95276 2.95276}
	{bone "piece02"}
	{Position -1.0401 	 -0.0039 	 -0.0115}
}
{volume "piece03_volume021"
	{box 5.90551 6.81481 9.49004}
	{bone "piece03"}
	{matrix34
		0 	 0 	 -1
		-0.9962 	 -0.0872 	 0
		-0.0872 	 0.9962 	 0
		-0.5865 	 -0.6934 	 0.0078
	}
}
{volume "piece04_volume016"
	{box 5.90551 10.664 8.12962}
	{bone "piece04"}
	{matrix34
		0 	 0 	 -1
		-0.9239 	 -0.3827 	 0
		-0.3827 	 0.9239 	 0
		0.1279 	 0.0375 	 0.0078
	}
}
{volume "piece05_volume018"
	{box 5.90551 9.44403 7.21503}
	{bone "piece05"}
	{matrix34
		0 	 0 	 -1
		-0.9962 	 0.0872 	 0
		0.0872 	 0.9962 	 0
		-0.0047 	 0.1603 	 0.0078
	}
}
{volume "sub_piece00_volume023"
	{box 5.90551 3.72566 8.19275}
	{bone "sub_piece00"}
	{matrix34
		0 	 0 	 -1
		-1 	 0 	 0
		0 	 1 	 0
		-0.0099 	 0.0559 	 0.0078
	}
}
{volume "sub_piece01_volume020"
	{box 5.90551 6.81481 6.63639}
	{bone "sub_piece01"}
	{matrix34
		0 	 0 	 -1
		-0.9239 	 0.3827 	 0
		0.3827 	 0.9239 	 0
		-0.1501 	 -0.4527 	 0.0078
	}
}
{volume "sub_piece02_volume019"
	{box 5.90551 7.7441 5.26698}
	{bone "sub_piece02"}
	{matrix34
		0 	 0 	 -1
		-0.9239 	 0.3827 	 0
		0.3827 	 0.9239 	 0
		-0.3347 	 0.1909 	 0.0078
	}
}
{volume "sub_piece03_volume017"
	{box 5.90551 7.67807 5.77203}
	{bone "sub_piece03"}
	{matrix34
		0 	 0 	 -1
		-0.9962 	 0.0872 	 0
		0.0872 	 0.9962 	 0
		0.0465 	 -0.0391 	 0.0078
	}
}
{volume "sub_piece04_volume015"
	{box 5.90551 5.4969 7.09019}
	{bone "sub_piece04"}
	{matrix34
		0 	 0 	 -1
		-0.6428 	 -0.766 	 0
		-0.766 	 0.6428 	 0
		-0.0464 	 -0.0583 	 0.0079
	}
}
{volume "sub_piece05_volume014"
	{box 5.90551 7.74211 3.67368}
	{bone "sub_piece05"}
	{matrix34
		0 	 0 	 -1
		-0.866 	 -0.5 	 0
		-0.5 	 0.866 	 0
		-0.0596 	 0.1191 	 0.0079
	}
}
{volume "sub_piece06_volume013"
	{box 5.90551 5.91001 7.4973}
	{bone "sub_piece06"}
	{matrix34
		0 	 0 	 -1
		-0.999 	 -0.0436 	 0
		-0.0436 	 0.999 	 0
		-0.1518 	 -0.3633 	 0.0079
	}
}
{volume "sub_piece07_volume007"
	{box 5.90551 3.83767 7.89189}
	{bone "sub_piece07"}
	{matrix34
		0 	 0 	 -1
		-0.999 	 -0.0436 	 0
		-0.0436 	 0.999 	 0
		0.3341 	 -0.0514 	 0.0079
	}
}
{volume "sub_piece08_volume011"
	{box 5.90551 6.18979 7.30731}
	{bone "sub_piece08"}
	{matrix34
		0 	 0 	 -1
		-0.9763 	 0.2164 	 0
		0.2164 	 0.9763 	 0
		0.1307 	 -0.2882 	 0.0079
	}
}
{volume "sub_piece09_volume010"
	{box 5.90551 5.15816 8.49687}
	{bone "sub_piece09"}
	{matrix34
		0 	 0 	 -1
		-0.9763 	 0.2164 	 0
		0.2164 	 0.9763 	 0
		-0.0201 	 0.1824 	 0.0079
	}
}
{volume "sub_piece10_volume025"
	{box 5.90551 6.24346 4.5142}
	{bone "sub_piece10"}
	{matrix34
		0 	 0 	 -1
		-0.766 	 0.6428 	 0
		0.6428 	 0.766 	 0
		-1.0853 	 -0.2134 	 0.0078
	}
}
{volume "sub_piece11_volume014"
	{box 5.90551 5.91001 7.4973}
	{bone "sub_piece11"}
	{matrix34
		0 	 0 	 -1
		-0.999 	 -0.0436 	 0
		-0.0436 	 0.999 	 0
		-0.1518 	 -0.3633 	 0.0079
	}
}
{volume "sub_piece12_volume011"
	{box 5.90551 5.15816 8.49687}
	{bone "sub_piece12"}
	{matrix34
		0 	 0 	 -1
		-0.9763 	 0.2164 	 0
		0.2164 	 0.9763 	 0
		-0.0201 	 0.1824 	 0.0079
	}
}
