;Exported by	: KobaA
;Date			: 27.03.2024 12:27:02
;File			: d:\git\gem2-mdl-soldiers\models\building\dot\dot_wood_fortifications_x.max
{skeleton
	{bone "fort_sandbags_left_x"
		{orientation
			1 	 0 	 0
			0 	 -1 	 0
			0 	 0 	 1
		}
		{bone "piece01"
			{matrix34
				0 	 1 	 0
				1 	 0 	 0
				0 	 0 	 -1
				-18.261 	 7.8675 	 9.913
			}
			{poly "piece01"}
		}
		{bone "piece02"
			{matrix34
				-0.766 	 0.6428 	 0
				-0.6428 	 -0.766 	 0
				0 	 0 	 1
				-15.1325 	 -3.0453 	 2.2569
			}
			{poly "piece02"}
		}
		{bone "piece03"
			{matrix34
				-0.0872 	 -0.9962 	 0
				0.9962 	 -0.0872 	 0
				0 	 0 	 1
				-7.302 	 -4.2297 	 5.463
			}
			{poly "piece03"}
		}
		{bone "piece04"
			{matrix34
				1 	 0 	 0
				0 	 -0.9848 	 0.1736
				0 	 -0.1736 	 -0.9848
				0.0831 	 -5.1527 	 -12.4097
			}
			{poly "piece04"}
		}
		{bone "piece05"
			{matrix34
				0 	 -1 	 0
				-0.9848 	 0 	 0.1736
				-0.1736 	 0 	 -0.9848
				4.695 	 -4.5564 	 -5.6243
			}
			{poly "piece05"}
		}
		{bone "piece06"
			{matrix34
				0 	 1 	 0
				1 	 0 	 0
				0 	 0 	 -1
				-18.261 	 6.6842 	 3.0407
			}
			{poly "piece06"}
		}
		{bone "piece07"
			{matrix34
				0 	 1 	 0
				-1 	 0 	 0
				0 	 0 	 1
				-18.261 	 2.812 	 -0.677
			}
			{poly "piece07"}
		}
		{bone "piece08"
			{matrix34
				-0.5736 	 0.8192 	 0
				-0.8192 	 -0.5736 	 0
				0 	 0 	 1
				-14.3609 	 -3.5751 	 -5.1515
			}
			{poly "piece08"}
		}
		{bone "piece09"
			{matrix34
				1 	 0 	 0
				0 	 0.9848 	 -0.1736
				0 	 0.1736 	 0.9848
				-18.8924 	 16.4358 	 -5.3421
			}
			{poly "piece09"}
		}
		{bone "piece10"
			{matrix34
				-0.9397 	 0.342 	 0
				-0.342 	 -0.9397 	 0
				0 	 0 	 1
				-10.878 	 -5.8081 	 -9.1169
			}
			{poly "piece10"}
		}
		{bone "piece11"
			{matrix34
				0.454 	 0.891 	 0
				0.8775 	 -0.4471 	 0.1736
				0.1547 	 -0.0788 	 -0.9848
				-11.3743 	 -5.2967 	 8.5515
			}
			{poly "piece11"}
		}
		{bone "piece12"
			{matrix34
				-1 	 0 	 0
				0 	 -1 	 0
				0 	 0 	 1
				2.7838 	 -4.8708 	 5.8884
			}
			{poly "piece12"}
		}
		{bone "piece13"
			{matrix34
				0.9903 	 0 	 -0.1392
				0 	 1 	 0
				0.1392 	 0 	 0.9903
				-0.5195 	 -4.4305 	 9.707
			}
			{poly "piece13"}
		}
		{bone "piece14"
			{matrix34
				0 	 -1 	 0
				1 	 0 	 0
				0 	 0 	 1
				7.6686 	 -4.4305 	 -1.773
			}
			{poly "piece14"}
		}
		{bone "piece15"
			{matrix34
				-1 	 0 	 0
				0 	 0.9962 	 0.0872
				0 	 0.0872 	 -0.9962
				-18.261 	 7.3606 	 -11.4999
			}
			{poly "piece15"}
		}
	}
}
{"volumes"
	{"piece01"
		{box 11.5844 9.65739 4.02316}
		{bone "piece01"}
		{matrix34
			0.9925 	 0 	 0.1219
			0 	 -1 	 0
			0.1219 	 0 	 -0.9925
			-6.6448 	 -0.7358 	 1.0654
		}
	}
	{"piece02"
		{box 11.5844 9.65739 4.02316}
		{bone "piece02"}
		{matrix34
			0.1045 	 0.9945 	 0
			-0.9945 	 0.1045 	 0
			0 	 0 	 1
			9.7441 	 -11.1585 	 -0.6996
		}
	}
	{"piece03"
		{box 11.5844 9.65739 4.02316}
		{bone "piece03"}
		{Position -18.4302 	 -1.6739 	 -0.3373}
	}
	{"piece04"
		{box 11.5844 9.65739 4.02316}
		{bone "piece04"}
		{Position 0.0287 	 -19.7903 	 -3.1113}
	}
	{"piece05"
		{box 11.5844 9.65739 4.02316}
		{bone "piece05"}
		{matrix34
			1 	 0 	 0
			0 	 1 	 0
			0 	 0 	 1
			-18.732 	 0.0651 	 0.0486
		}
	}
	{"piece06"
		{box 11.5844 9.65739 4.02316}
		{bone "piece06"}
		{Position -3.8948 	 -0.0085 	 1.0565}
	}
	{"piece07"
		{box 11.5844 9.65739 4.02316}
		{bone "piece07"}
		{Position 4.0205 	 -0.0085 	 -0.9}
	}
	{"piece08"
		{box 11.5844 9.65739 4.02316}
		{bone "piece08"}
		{matrix34
			0.2924 	 -0.9563 	 0
			0.9563 	 0.2924 	 0
			0 	 0 	 1
			13.6747 	 -9.2733 	 -0.1858
		}
	}
	{"piece09"
		{box 11.5844 9.65739 4.02316}
		{bone "piece09"}
		{matrix34
			1 	 0 	 0
			0 	 1 	 0
			0 	 0 	 1
			0.0104 	 -22.8629 	 -3.8121
		}
	}
	{"piece10"
		{box 11.5844 9.65739 4.02316}
		{bone "piece10"}
		{matrix34
			0.7193 	 0.6947 	 0
			-0.6947 	 0.7193 	 0
			0 	 0 	 1
			7.7211 	 -19.3589 	 -0.1525
		}
	}
	{"piece11"
		{box 11.5844 9.65739 4.02316}
		{bone "piece11"}
		{matrix34
			0.5592 	 -0.8164 	 -0.144
			0.8164 	 0.5725 	 -0.0754
			0.144 	 -0.0754 	 0.9867
			18.1657 	 -8.1269 	 -1.3959
		}
	}
	{"piece12"
		{box 11.5844 9.65739 4.02316}
		{bone "piece12"}
		{Position 0.3042 	 -19.4652 	 -0.4175}
	}
	{"piece13"
		{box 11.5844 9.65739 4.02316}
		{bone "piece13"}
		{Position 0.0145 	 18.4757 	 -0.2314}
	}
	{"piece14"
		{box 11.5844 9.65739 4.02316}
		{bone "piece14"}
		{Position -18.4085 	 0.0369 	 -0.2998}
	}
	{"piece15"
		{box 11.5844 9.65739 4.02316}
		{bone "piece15"}
		{Position 0.0287 	 -5.1563 	 -0.1387}
	}
}
