;Exported by:	 tolokolnikova
;Date:			 13.12.2017 19:51:19
;File:			 D:\gem2\gem2-mdl-soldiers\models\building\building_ua01\building_ua01_2v_x.max
{skeleton
	{bone "b_ua_01_piece09_point"
		{orientation
			1 	 0 	 0
			0 	 -1 	 0
			0 	 0 	 1
		}
		{bone "sub_piece04"
			{matrix34
				-1 	 0 	 0
				0 	 0.766 	 0.6428
				0 	 -0.6428 	 0.766
				65.0771 	 30.6855 	 -5.0138
			}
			{poly "sub_piece04"}
		}
		{bone "sub_piece05"
			{matrix34
				-1 	 0 	 0
				0 	 0.766 	 0.6428
				0 	 -0.6428 	 0.766
				-4.3954 	 44.7857 	 -21.8178
			}
			{poly "sub_piece05"}
		}
		{bone "sub_piece06"
			{matrix34
				-1 	 0 	 0
				0 	 0.766 	 0.6428
				0 	 -0.6428 	 0.766
				-62.2428 	 34.1699 	 -9.1664
			}
			{poly "sub_piece06"}
		}
		{bone "sub_piece07"
			{matrix34
				1 	 0 	 0
				0 	 -0.766 	 0.6428
				0 	 0.6428 	 0.766
				19.176 	 -50.2967 	 -24.7368
			}
			{poly "sub_piece07"}
		}
		{bone "sub_piece08"
			{matrix34
				1 	 0 	 0
				0 	 -0.766 	 0.6428
				0 	 0.6428 	 0.766
				-24.7394 	 -44.8055 	 3.3923
			}
			{poly "sub_piece08"}
		}
		{bone "sub_piece09"
			{matrix34
				1 	 0 	 0
				0 	 -0.766 	 0.6428
				0 	 0.6428 	 0.766
				-65.2191 	 -50.2967 	 -20.1175
			}
			{poly "sub_piece09"}
		}
		{bone "sub_piece02"
			{matrix34
				-0.9895 	 -0.0645 	 -0.129
				-0.0389 	 -0.7421 	 0.6691
				-0.1389 	 0.6671 	 0.7319
				50.0352 	 -37.1033 	 -5.4474
			}
			{poly "sub_piece02"}
		}
		{bone "piece01"
			{Position 5.2755 	 -0.5907 	 32.9369}
			{poly "piece01"}
		}
		{bone "sub_piece01"
			{matrix34
				0.9986 	 -0.0523 	 0
				0.0389 	 0.7421 	 0.6691
				-0.035 	 -0.6682 	 0.7431
				-53.8803 	 23.8385 	 3.24
			}
			{poly "sub_piece01"}
		}
		{bone "sub_piece03"
			{Position 5.2755 	 7.0818 	 51.8039}
			{poly "sub_piece03"}
		}
	}
}
{volume "piece01"
	{box 24.8262 23.8976 20.4745}
	{bone "piece01"}
	{matrix34
		-1 	 0 	 0
		0 	 -1 	 0
		0 	 0 	 1
		0 	 0 	 0.4939
	}
}
{volume "sub_piece01"
	{box 2.90608 3.93701 46.3231}
	{bone "sub_piece01"}
	{matrix34
		1 	 0 	 0
		0 	 -0.9994 	 0.0342
		0 	 -0.0342 	 -0.9994
		0 	 1.2669 	 -2.1892
	}
}
{volume "sub_piece02"
	{box 2.95276 3.93701 42.9236}
	{bone "sub_piece02"}
	{matrix34
		1 	 0 	 0
		0 	 -0.9992 	 0.0407
		0 	 -0.0407 	 -0.9992
		0 	 -0.2848 	 5.6799
	}
}
{volume "sub_piece03"
	{box 29.8081 2.95276 19.3156}
	{bone "sub_piece03"}
	{matrix34
		1 	 0 	 0
		0 	 -0.766 	 -0.6428
		0 	 0.6428 	 -0.766
		0 	 0.7319 	 -1.3279
	}
}
{volume "sub_piece04"
	{box 8.30309 3.93701 29.188}
	{bone "sub_piece04"}
	{matrix34
		1 	 0 	 0
		0 	 -1 	 0
		0 	 0 	 1
		1.9511 	 0.4136 	 -1.3864
	}
}
{volume "sub_piece05"
	{box 8.30309 3.93701 42.9236}
	{bone "sub_piece05"}
	{matrix34
		1 	 0 	 0
		0 	 -1 	 0
		0 	 0 	 1
		1.3042 	 0.4137 	 1.9038
	}
}
{volume "sub_piece06"
	{box 8.30309 3.93701 30.4757}
	{bone "sub_piece06"}
	{matrix34
		1 	 0 	 0
		0 	 -1 	 0
		0 	 0 	 1
		-1.0991 	 0.4136 	 1.6735
	}
}
{volume "sub_piece07"
	{box 8.30309 3.93701 42.9236}
	{bone "sub_piece07"}
	{matrix34
		1 	 0 	 0
		0 	 -1 	 0
		0 	 0 	 1
		1.3042 	 0.4136 	 1.9038
	}
}
{volume "sub_piece08"
	{box 8.30309 3.93701 27.9003}
	{bone "sub_piece08"}
	{matrix34
		1 	 0 	 0
		0 	 -1 	 0
		0 	 0 	 1
		2.2813 	 0.4137 	 0.782
	}
}
{volume "sub_piece09"
	{box 8.30309 3.93701 42.9236}
	{bone "sub_piece09"}
	{matrix34
		1 	 0 	 0
		0 	 -1 	 0
		0 	 0 	 1
		1.3042 	 0.4136 	 1.9038
	}
}
