;Exported by:	 evhen
;Date:			 06.03.2020 11:51:50
;File:			 D:\gem2-mdl-soldiers\models\entourage\beam_wood\new_wood_02.max
{skeleton
	{bone "beam_big_02"
		{orientation
			1 	 0 	 0
			0 	 -1 	 0
			0 	 0 	 1
		}
		{bone "beam_big_body"
			{poly "beam_big_body"}
		}
	}
}
{area "obstacle01"
	{obb2
		{center 4.82019 0.494503}
		{extent 23.4552 54.002}
		{axis -1 0}
	}
	{rotate}
}
{volume "body01"
	{box 38.5841 102.306 36.341}
	{bone "beam_big_body"}
	{Position 2.3608 	 0.5432 	 18.1705}
}
{volume "body02"
	{box 28.5324 102.306 12.5667}
	{bone "beam_big_body"}
	{Position -4.764 	 0.5432 	 42.6389}
}
{volume "body03"
	{cylinder 2.39488 61.2079}
	{bone "beam_big_body"}
	{matrix34
		0.9872 	 0 	 -0.1597
		0 	 1 	 0
		0.1597 	 0 	 0.9872
		-23.4863 	 32.7063 	 30.211
	}
}
{volume "body04"
	{cylinder 2.39488 49.5412}
	{bone "beam_big_body"}
	{matrix34
		0.9998 	 0.0158 	 -0.0103
		-0.0156 	 0.9996 	 0.0246
		0.0107 	 -0.0244 	 0.9996
		-21.4906 	 -30.018 	 24.7618
	}
}
{volume "body05"
	{cylinder 2.39488 44.8042}
	{bone "beam_big_body"}
	{matrix34
		0.9967 	 0.0784 	 0.02
		-0.0735 	 0.9808 	 -0.1804
		-0.0337 	 0.1784 	 0.9834
		24.8165 	 -34.3929 	 22.0299
	}
}
{volume "body06"
	{cylinder 2.39488 38.2933}
	{bone "beam_big_body"}
	{Position 26.7208 	 33.3293 	 19.1466}
}
{volume "body07"
	{cylinder 3.04149 65.3538}
	{bone "beam_big_body"}
	{matrix34
		0.8916 	 -0.4525 	 0.0195
		0.4277 	 0.8553 	 0.2925
		-0.149 	 -0.2524 	 0.9561
		25.7857 	 -21.8584 	 31.2415
	}
}
{volume "body08"
	{cylinder 2.39488 32.073}
	{bone "beam_big_body"}
	{matrix34
		0.8694 	 0 	 -0.4941
		0 	 1 	 0
		0.4941 	 0 	 0.8694
		-25.8266 	 5.6563 	 13.942
	}
}
{volume "body09"
	{cylinder 3.56837 14.9344}
	{bone "beam_big_body"}
	{Position 28.1369 	 12.6609 	 7.4672}
}
