;Exported by	: joomb
;Date			: 18.05.2023 17:10:43
;File			: H:\git\gem2-mdl-soldiers\models\building\house_D\D_004_cup2.max
{skeleton
	{bone "d004_piece10"
		{orientation
			1 	 0 	 0
			0 	 -1 	 0
			0 	 0 	 1
		}
		{poly "d004_piece10"}
		{bone "fix23"
			{Position 30.3133 	 -21.4876 	 -32.5423}
		}
		{bone "fix24"
			{Position -37.842 	 -21.4876 	 -4.8783}
		}
		{bone "fix25"
			{Position -35.4001 	 -21.4876 	 -41.3278}
		}
		{bone "fix26"
			{Position 2.1242 	 -21.4876 	 -45.3254}
		}
	}
}
{"volumes"
	{"body01"
		{polyhedron}
		{bone "d004_piece10"}
		{Position 3.8622 	 -20.1881 	 -14.906}
	}
	{"body02"
		{box 45.8518 5.90551 12.422}
		{bone "d004_piece10"}
		{Position 2.1948 	 -20.1881 	 -20.8373}
	}
	{"body03"
		{box 45.8518 5.90551 6.21102}
		{bone "d004_piece10"}
		{Position 2.1948 	 -20.1881 	 12.3215}
	}
	{"body04"
		{box 41.935 5.90551 11.3964}
		{bone "d004_piece10"}
		{matrix34
			0.9397 	 0 	 -0.342
			0 	 1 	 0
			0.342 	 0 	 0.9397
			-15.6711 	 -20.1881 	 -21.6938
		}
	}
	{"roof1"
		{box 14.8634 1.1811 7.06417}
		{bone "d004_piece10"}
		{matrix34
			1 	 0 	 0
			0 	 -0.342 	 0.9397
			0 	 -0.9397 	 -0.342
			31.6049 	 4.4111 	 27.3847
		}
	}
	{"roof2"
		{box 40.063 1.1811 36.5309}
		{bone "d004_piece10"}
		{matrix34
			1 	 0 	 0
			0 	 -0.342 	 0.9397
			0 	 -0.9397 	 -0.342
			5.7767 	 -9.261 	 22.4085
		}
	}
	{"roof3"
		{box 28.0441 1.1811 20.1833}
		{bone "d004_piece10"}
		{matrix34
			1 	 0 	 0
			0 	 -0.342 	 0.9397
			0 	 -0.9397 	 -0.342
			8.9817 	 17.6024 	 32.186
		}
	}
}
