;Exported by:	 tolokolnikova
;Date:			 27.06.2017 14:38:47
;File:			 D:\gem2\gem2-mdl-soldiers\models\building\house_D\D_004_x_fort.max
{skeleton
	{bone "d004_piece18_point"
		{orientation
			1 	 0 	 0
			0 	 -1 	 0
			0 	 0 	 1
		}
		{bone "sub_piece02"
			{Position -6.7247 	 29.5998 	 3.288}
			{poly "sub_piece02"}
		}
		{bone "sub_piece03"
			{Position -20.5222 	 21.8096 	 22.8318}
			{poly "sub_piece03"}
		}
		{bone "sub_piece01"
			{matrix34
				1 	 0 	 0
				0 	 -0.3499 	 -0.9368
				0 	 0.9368 	 -0.3499
				-0.1964 	 -0.2427 	 35.3081
			}
			{poly "sub_piece01"}
		}
		{bone "piece04"
			{Position -3.0053 	 1.9095 	 19.7422}
			{poly "piece04"}
		}
		{bone "piece05"
			{Position -3.0053 	 2.877 	 -9.0923}
			{poly "piece05"}
		}
		{bone "piece07"
			{matrix34
				0 	 1 	 0
				-1 	 0 	 0
				0 	 0 	 1
				11.8324 	 11.9628 	 20.2785
			}
			{poly "piece07"}
		}
		{bone "piece06"
			{matrix34
				0 	 1 	 0
				-1 	 0 	 0
				0 	 0 	 1
				-30.4164 	 12.1223 	 22.1806
			}
			{poly "piece06"}
		}
		{bone "piece03"
			{matrix34
				0 	 1 	 0
				-1 	 0 	 0
				0 	 0 	 1
				11.0495 	 11.8445 	 -3.5306
			}
			{poly "piece03"}
		}
		{bone "piece01"
			{matrix34
				0 	 1 	 0
				-1 	 0 	 0
				0 	 0 	 1
				-7.3843 	 12.1223 	 19.3426
			}
			{poly "piece01"}
		}
		{bone "piece02"
			{matrix34
				0 	 1 	 0
				-0.6428 	 0 	 0.766
				0.766 	 0 	 0.6428
				-11.2534 	 11.8973 	 1.2613
			}
			{poly "piece02"}
		}
		{bone "sub_piece08"
			{matrix34
				0 	 1 	 0
				-1 	 0 	 0
				0 	 0 	 1
				36.4315 	 11.8962 	 26.1498
			}
			{poly "sub_piece08"}
		}
		{bone "piece08"
			{matrix34
				0 	 1 	 0
				-1 	 0 	 0
				0 	 0 	 1
				31.3209 	 12.1223 	 11.9917
			}
			{poly "piece08"}
		}
		{bone "sub_piece06"
			{Position 23.938 	 12.2417 	 32.4624}
			{poly "sub_piece06"}
		}
		{bone "sub_piece04"
			{Position -23.5198 	 6.3997 	 34.5557}
			{poly "sub_piece04"}
		}
		{bone "sub_piece05"
			{Position -30.7414 	 -10.6275 	 40.9767}
			{poly "sub_piece05"}
		}
		{bone "sub_piece07"
			{Position 39.7354 	 -4.1815 	 38.5768}
			{poly "sub_piece07"}
		}
		{bone "d004_piece18"
			{Position 0 	 0 	 0}
			{poly "d004_piece18"}
		}
		{bone revolute "attach2"
			{matrix34
				0 	 1 	 0
				-1 	 0 	 0
				0 	 0 	 1
				12.6314 	 -1.5317 	 -34.0026
			}
		}
		{bone "debris_land_001"
			{parameters "commonmesh;land;ground;"}
			{matrix34
				0 	 -1 	 0
				1 	 0 	 0
				0 	 0 	 1
				7.5494 	 24.6766 	 -42.0931
			}
			{poly "debris_land_001" {ground}}
		}
		{bone "fort_wall"
			{Position -23.7206 	 20.7263 	 -26.9554}
		}
		{bone "stones_001"
			{parameters "commonmesh;land;ground;"}
			{matrix34
				0 	 -1 	 0
				1 	 0 	 0
				0 	 0 	 1
				7.5494 	 24.6633 	 -42.0931
			}
			{poly "stones_001" {ground}}
		}
		{bone "attach1"
			{matrix34
				0 	 1 	 0
				-1 	 0 	 0
				0 	 0 	 1
				29.9289 	 -3.1253 	 -33.8385
			}
		}
	}
}
{volume "piece01"
	{box 5.90551 13.1344 18.4785}
	{bone "piece01"}
	{Position 0 	 0.1492 	 0.2376}
}
{volume "piece02"
	{box 5.90551 13.1776 11.0705}
	{bone "piece02"}
	{matrix34
		1 	 0 	 0
		0 	 0.9848 	 -0.1736
		0 	 0.1736 	 0.9848
		0 	 -0.1967 	 0.1455
	}
}
{volume "piece03"
	{box 5.90551 18.0902 13.5162}
	{bone "piece03"}
	{Position 0 	 1.0107 	 3.4039}
}
{volume "piece04"
	{box 3.93701 11.7622 16.0112}
	{bone "piece04"}
	{Position 0 	 1.2201 	 -0.8164}
}
{volume "piece05"
	{box 3.93701 12.4483 12.6488}
	{bone "piece05"}
	{Position 0 	 0.2526 	 1.943}
}
{volume "piece06"
	{box 5.90551 13.9966 13.1239}
	{bone "piece06"}
	{Position 0 	 0.2837 	 -0.0234}
}
{volume "piece07"
	{box 5.90551 13.9966 17.4548}
	{bone "piece07"}
	{matrix34
		1 	 0 	 0
		0 	 0.8192 	 0.5736
		0 	 -0.5736 	 0.8192
		0 	 1.2507 	 1.6728
	}
}
{volume "piece08"
	{box 5.90551 20.855 13.4494}
	{bone "piece08"}
	{Position 0 	 0.9541 	 0.4703}
}
{volume "sub_piece01"
	{box 1.9685 1.9685 25.3155}
	{bone "sub_piece01"}
	{matrix34
		0 	 -0.9969 	 0.0788
		-1 	 0 	 0
		0 	 -0.0788 	 -0.9969
		0 	 0.14 	 1.7712
	}
}
{volume "sub_piece02"
	{box 1.9685 1.9685 23.8788}
	{bone "sub_piece02"}
	{Position 0 	 0 	 -0.0015}
}
{volume "sub_piece03"
	{box 1.36417 15.7416 10.6237}
	{bone "sub_piece03"}
	{matrix34
		0.342 	 0 	 0.9397
		0 	 1 	 0
		-0.9397 	 0 	 0.342
		4.7158 	 -0.2487 	 -1.4334
	}
}
{volume "sub_piece04"
	{box 1.36417 13.6598 10.7582}
	{bone "sub_piece04"}
	{matrix34
		0 	 0.342 	 0.9397
		-1 	 0 	 0
		0 	 -0.9397 	 0.342
		0.3098 	 -0.1423 	 0.2217
	}
}
{volume "sub_piece05"
	{box 1.36417 21.0151 15.1523}
	{bone "sub_piece05"}
	{matrix34
		0 	 0.342 	 0.9397
		-1 	 0 	 0
		0 	 -0.9397 	 0.342
		3.2926 	 1.5447 	 -0.616
	}
}
{volume "sub_piece06"
	{box 1.36417 23.4949 13.4477}
	{bone "sub_piece06"}
	{matrix34
		0 	 0.342 	 0.9397
		-1 	 0 	 0
		0 	 -0.9397 	 0.342
		-0.8263 	 -0.1124 	 0.1777
	}
}
{volume "sub_piece07"
	{box 1.36417 21.0151 15.1523}
	{bone "sub_piece07"}
	{matrix34
		0 	 0.342 	 0.9397
		-1 	 0 	 0
		0 	 -0.9397 	 0.342
		0 	 -0.5896 	 0.2146
	}
}
{volume "sub_piece08"
	{box 5.90551 13.9966 7.34939}
	{bone "sub_piece08"}
	{Position 0 	 1.0071 	 0.1578}
}
{volume "target_vol_001"
	{box 9.84252 11.811 15.6501}
	{bone "d004_piece18_point"}
	{matrix34
		0 	 1 	 0
		-1 	 0 	 0
		0 	 0 	 1
		12.6314 	 11.642 	 -11.0038
	}
}
{volume "target_vol_002"
	{box 9.84252 11.811 15.6501}
	{bone "d004_piece18_point"}
	{matrix34
		0 	 1 	 0
		-1 	 0 	 0
		0 	 0 	 1
		28.8911 	 11.642 	 -11.0038
	}
}
{volume "vol_01"
	{box 25.9277 6.0618 29.0032}
	{bone "d004_piece18"}
	{matrix34
		1 	 0 	 0
		0 	 1 	 0
		0 	 0 	 1
		-6.6919 	 12.2853 	 -24.6388
	}
}
{volume "vol_02"
	{box 37.3359 6.0618 23.2026}
	{bone "d004_piece18"}
	{matrix34
		1 	 0 	 0
		0 	 1 	 0
		0 	 0 	 1
		24.1943 	 12.2853 	 -27.5391
	}
}
