;Exported by:	 tolokolnikova
;Date:			 27.06.2017 14:31:40
;File:			 D:\gem2\gem2-mdl-soldiers\models\building\house_D\D_003_x_fort.max
{skeleton
	{bone "d003_piece14_point"
		{orientation
			1 	 0 	 0
			0 	 -1 	 0
			0 	 0 	 1
		}
		{bone "piece01"
			{matrix34
				0 	 1 	 0
				-1 	 0 	 0
				0 	 0 	 1
				-12.5309 	 26.5922 	 17.6846
			}
			{poly "piece01"}
		}
		{bone "piece04"
			{Position -16.9743 	 -19.2608 	 11.6786}
			{poly "piece04"}
		}
		{bone "piece03"
			{Position -16.9743 	 15.8142 	 20.3116}
			{poly "piece03"}
		}
		{bone "piece02"
			{matrix34
				-1 	 0 	 0
				0 	 -1 	 0
				0 	 0 	 1
				-16.8962 	 1.4929 	 11.0516
			}
			{poly "piece02"}
		}
		{bone "sub_piece01"
			{Position -6.1867 	 26.5492 	 26.0879}
			{poly "sub_piece01"}
		}
		{bone "d003_piece14"
			{poly "d003_piece14"}
		}
		{bone "fort_wall"
			{Position -8.6443 	 35.2123 	 -18.7582}
		}
	}
}
{volume "piece01"
	{box 5.90551 12.432 19.4865}
	{bone "piece01"}
	{Position 0.1324 	 1.1265 	 0.3743}
}
{volume "piece02"
	{box 5.90551 23.4965 10.3279}
	{bone "piece02"}
	{matrix34
		1 	 0 	 0
		0 	 0.9563 	 0.2924
		0 	 -0.2924 	 0.9563
		0.1324 	 0.3765 	 0.3558
	}
}
{volume "piece03"
	{box 5.90551 12.432 19.4865}
	{bone "piece03"}
	{matrix34
		1 	 0 	 0
		0 	 0.9659 	 -0.2588
		0 	 0.2588 	 0.9659
		0.1324 	 -0.1951 	 0.0578
	}
}
{volume "piece04"
	{box 5.90551 12.432 19.4865}
	{bone "piece04"}
	{matrix34
		1 	 0 	 0
		0 	 0.9659 	 -0.2588
		0 	 0.2588 	 0.9659
		0.1324 	 -0.1951 	 0.0578
	}
}
{volume "sub_piece01"
	{box 5.90551 6.96018 6.39139}
	{bone "sub_piece01"}
	{matrix34
		0 	 1 	 0
		-1 	 0 	 0
		0 	 0 	 1
		-0.255 	 0.6656 	 0.6409
	}
}
{volume "vol_01"
	{box 20.2416 6.29921 27.7047}
	{bone "d003_piece14"}
	{Position -9.7275 	 26.545 	 -10.6416}
}
{volume "vol_02"
	{box 20.2416 6.29921 27.7047}
	{bone "d003_piece14"}
	{matrix34
		0 	 1 	 0
		-1 	 0 	 0
		0 	 0 	 1
		-16.8686 	 19.4239 	 -10.6416
	}
}
{volume "vol_03"
	{box 38.125 6.29921 20.5015}
	{bone "d003_piece14"}
	{matrix34
		0 	 1 	 0
		-1 	 0 	 0
		0 	 0 	 1
		-16.8686 	 -9.4635 	 -14.2432
	}
}
