;Exported by: Ekaterina
;Date:        Mon May 05 12:03:59 2008
;File:        D:\-Project-\-3DWork-\africa\stone_c\stone_c_x.max
{Skeleton
	{bone "stone_c2big_x"
		{Orientation
			1	0	0
			0	-1	0
			0	0	1
		}
		{bone "piece03"
			{Matrix34
				0.220706	0	-0.97534
				0	1	0
				0.97534	0	0.220706
				-2.48479	-4.84521	1.90366
			}
			{VolumeView "piece03.ply"}
		}
		{bone "sub_piece01"
			{Matrix34
				1	0	0
				0	-0.0574056	0.998351
				0	-0.998351	-0.0574056
				-1.78311	0.948924	11.1651
			}
			{VolumeView "sub_piece01.ply"}
		}
		{bone "sub_piece02"
			{Position 5.14462	-6.26837	7.16205}
			{VolumeView "sub_piece02.ply"}
		}
	}
}
{Volume "piece03"
	{Box 4.91709 8.87852 6.8057}
	{Bone "piece03"}
	{Matrix34
		0.976181	0.189712	-0.10526
		-0.189712	0.51102	-0.838372
		-0.10526	0.838372	0.534839
		0.30377	0.186025	-0.154276
	}
}
{Volume "sub_piece01"
	{Box 8.20453 6.42789 6.41785}
	{Bone "sub_piece01"}
	{Matrix34
		0.827754	0.0322098	0.560166
		-0.0322097	0.999433	-0.00987168
		-0.560166	-0.00987148	0.828322
		1.09487	1.86611	0.657387
	}
}
{Volume "sub_piece02"
	{Box 8.75889 6.31907 7.28838}
	{Bone "sub_piece02"}
	{Position 1.92787	1.41819	0.649361}
}
