;Exported by	: KobaA
;Date			: 05.03.2024 10:29:01
;File			: d:\git\gem2-mdl-soldiers\models\building\house_40\house_40_new_cut_x.max
{skeleton
	{bone "house_40_g2_piece_008_x"
		{orientation
			1 	 0 	 0
			0 	 -1 	 0
			0 	 0 	 1
		}
		{bone "sub_piece03"
			{matrix34
				0 	 -1 	 0
				1 	 0 	 0
				0 	 0 	 1
				-16.7323 	 -7.1646 	 -5.2248
			}
			{poly "sub_piece03"}
		}
		{bone "sub_piece01"
			{matrix34
				-1 	 0 	 0
				0 	 -1 	 0
				0 	 0 	 1
				-16.7323 	 -3.5946 	 -14.3557
			}
			{poly "sub_piece01"}
		}
		{bone "sub_piece04"
			{matrix34
				0 	 -1 	 0
				1 	 0 	 0
				0 	 0 	 1
				-16.7323 	 -11.055 	 -19.2879
			}
			{poly "sub_piece04"}
		}
		{bone "piece01"
			{matrix34
				0 	 -0.7071 	 0.7071
				1 	 0 	 0
				0 	 0.7071 	 0.7071
				-16.7323 	 -22.7631 	 -10.0256
			}
			{poly "piece01"}
		}
		{bone "sub_piece02"
			{matrix34
				-1 	 0 	 0
				0 	 0.342 	 0.9397
				0 	 0.9397 	 -0.342
				-16.7323 	 -24.5784 	 -21.9802
			}
			{poly "sub_piece02"}
		}
		{bone "piece02"
			{matrix34
				0 	 1 	 0
				-1 	 0 	 0
				0 	 0 	 1
				40.9646 	 -45.2755 	 0
			}
			{poly "piece02"}
		}
	}
}
{"volumes"
	{"piece01"
		{box 5.9055 9.34848 10.8661}
		{bone "piece01"}
		{matrix34
			0 	 -1 	 0
			0.9397 	 0 	 0.342
			-0.342 	 0 	 0.9397
			-0.4803 	 0 	 -0.259
		}
	}
	{"piece02"
		{box 2.18356 23.5004 1.98799}
		{bone "piece02"}
		{Position 9.8425 	 25.7348 	 -25.5808}
	}
	{"sub_piece01"
		{box 5.9055 4.38444 5.55118}
		{bone "sub_piece01"}
		{Position 0 	 0.0437 	 0.1881}
	}
	{"sub_piece02"
		{box 5.9055 4.38444 5.55118}
		{bone "sub_piece02"}
		{Position 0 	 0.0437 	 0.1881}
	}
	{"sub_piece03"
		{box 5.9055 7.19114 5.55118}
		{bone "sub_piece03"}
		{matrix34
			0 	 -1 	 0
			0.9397 	 0 	 0.342
			-0.342 	 0 	 0.9397
			0.4581 	 0 	 0.1528
		}
	}
	{"sub_piece04"
		{box 5.9055 7.19114 5.55118}
		{bone "sub_piece04"}
		{matrix34
			0 	 -1 	 0
			0.9397 	 0 	 0.342
			-0.342 	 0 	 0.9397
			0.4581 	 0 	 0.1528
		}
	}
}
