;Exported by:	 vic
;Date:			 29.11.2016 10:38:43
;File:			 D:\-Project_vtv_online-\-3DWork-\building\house_vtv_221\house_001_g2_x2.max
{skeleton
	{bone "house_001_g2_piece_022_x"
		{parameters "lastpose=undefined;"}
		{orientation
			1 	 0 	 0
			0 	 -1 	 0
			0 	 0 	 1
		}
		{bone "sub_piece00"
			{parameters "lastpose=undefined;"}
			{matrix34
				0.2588 	 0 	 0.9659
				-0.9659 	 0 	 0.2588
				0 	 -1 	 0
				-5.5263 	 -3.9053 	 -23.4786
			}
			{poly "sub_piece00"}
		}
		{bone "sub_piece01"
			{parameters "lastpose=undefined;"}
			{matrix34
				1 	 0 	 0
				0 	 0 	 1
				0 	 -1 	 0
				-7.9621 	 -3.9053 	 -34.8515
			}
			{poly "sub_piece01"}
		}
		{bone "sub_piece02"
			{parameters "lastpose=undefined;"}
			{matrix34
				-0.4618 	 0 	 0.887
				-0.887 	 0 	 -0.4618
				0 	 -1 	 0
				23.2799 	 -3.9053 	 -35.9314
			}
			{poly "sub_piece02"}
		}
		{bone "sub_piece03"
			{parameters "lastpose=undefined;"}
			{matrix34
				0.2588 	 0 	 0.9659
				-0.9659 	 0 	 0.2588
				0 	 -1 	 0
				-3.1984 	 -3.9053 	 0.8572
			}
			{poly "sub_piece03"}
		}
		{bone "sub_piece04"
			{parameters "lastpose=undefined;"}
			{matrix34
				1 	 0 	 0
				0 	 0 	 1
				0 	 -1 	 0
				9.9694 	 -3.9053 	 -1.7523
			}
			{poly "sub_piece04"}
		}
		{bone "sub_piece05"
			{parameters "lastpose=undefined;"}
			{matrix34
				1 	 0 	 0
				0 	 0 	 1
				0 	 -1 	 0
				20.566 	 -3.9053 	 -0.2925
			}
			{poly "sub_piece05"}
		}
		{bone "sub_piece06"
			{parameters "lastpose=undefined;"}
			{matrix34
				1 	 0 	 0
				0 	 0 	 1
				0 	 -1 	 0
				22.7158 	 -3.9053 	 -15.6285
			}
			{poly "sub_piece06"}
		}
		{bone "sub_piece07"
			{parameters "lastpose=undefined;"}
			{matrix34
				1 	 0 	 0
				0 	 0 	 1
				0 	 -1 	 0
				18.814 	 -3.9053 	 -25.9144
			}
			{poly "sub_piece07"}
		}
		{bone "sub_piece08"
			{parameters "lastpose=undefined;"}
			{matrix34
				1 	 0 	 0
				0 	 0 	 1
				0 	 -1 	 0
				18.4889 	 -3.9053 	 -46.0638
			}
			{poly "sub_piece08"}
		}
		{bone "sub_piece09"
			{parameters "lastpose=undefined;"}
			{matrix34
				1 	 0 	 0
				0 	 0 	 1
				0 	 -1 	 0
				8.1735 	 -3.9053 	 -32.568
			}
			{poly "sub_piece09"}
		}
		{bone "sub_piece10"
			{parameters "lastpose=undefined;"}
			{matrix34
				1 	 0 	 0
				0 	 0 	 1
				0 	 -1 	 0
				-22.1226 	 -3.9053 	 -32.797
			}
			{poly "sub_piece10"}
		}
		{bone "piece02"
			{parameters "lastpose=undefined;"}
			{matrix34
				1 	 0 	 0
				0 	 0 	 1
				0 	 -1 	 0
				-20.0168 	 -3.9053 	 -20.7871
			}
			{poly "piece02"}
		}
		{bone "sub_piece11"
			{parameters "lastpose=undefined;"}
			{matrix34
				1 	 0 	 0
				0 	 0 	 1
				0 	 -1 	 0
				-7.7396 	 -3.9053 	 -10.6624
			}
			{poly "sub_piece11"}
		}
		{bone "piece05"
			{parameters "lastpose=undefined;"}
			{matrix34
				0.7934 	 0 	 0.6088
				-0.6088 	 0 	 0.7934
				0 	 -1 	 0
				2.1368 	 -3.9053 	 -44.0433
			}
			{poly "piece05"}
		}
		{bone "piece06"
			{parameters "lastpose=undefined;"}
			{matrix34
				0.7934 	 0 	 0.6088
				-0.6088 	 0 	 0.7934
				0 	 -1 	 0
				-21.5193 	 -3.9053 	 4.9593
			}
			{poly "piece06"}
		}
		{bone "piece07"
			{parameters "lastpose=undefined;"}
			{matrix34
				0.866 	 0 	 0.5
				-0.5 	 0 	 0.866
				0 	 -1 	 0
				-22.3219 	 -3.9053 	 -7.308
			}
			{poly "piece07"}
		}
		{bone "piece08"
			{parameters "lastpose=undefined;"}
			{matrix34
				1 	 0 	 0
				0 	 0 	 1
				0 	 -1 	 0
				9.4495 	 -3.9053 	 -15.3619
			}
			{poly "piece08"}
		}
		{bone "piece09"
			{parameters "lastpose=undefined;"}
			{matrix34
				1 	 0 	 0
				0 	 0 	 1
				0 	 -1 	 0
				-18.7675 	 -3.9053 	 -44.7272
			}
			{poly "piece09"}
		}
		{bone "sub_piece12"
			{parameters "lastpose=undefined;"}
			{matrix34
				1 	 0 	 0
				0 	 0 	 1
				0 	 -1 	 0
				-22.1226 	 -3.9053 	 29.1389
			}
			{poly "sub_piece12"}
		}
		{bone "sub_piece13"
			{parameters "lastpose=undefined;"}
			{matrix34
				1 	 0 	 0
				0 	 0 	 1
				0 	 -1 	 0
				8.1735 	 -3.9053 	 29.3678
			}
			{poly "sub_piece13"}
		}
		{bone "sub_piece14"
			{parameters "lastpose=undefined;"}
			{matrix34
				1 	 0 	 0
				0 	 0 	 1
				0 	 -1 	 0
				18.814 	 -3.9053 	 36.0214
			}
			{poly "sub_piece14"}
		}
		{bone "piece00"
			{parameters "lastpose=undefined;"}
			{matrix34
				0.2588 	 0 	 0.9659
				-0.9659 	 0 	 0.2588
				0 	 -1 	 0
				-5.5263 	 -3.9053 	 38.4573
			}
			{poly "piece00"}
		}
		{bone "sub_piece15"
			{parameters "lastpose=undefined;"}
			{matrix34
				1 	 0 	 0
				0 	 0 	 1
				0 	 -1 	 0
				-7.9621 	 -3.9053 	 27.0844
			}
			{poly "sub_piece15"}
		}
		{bone "sub_piece16"
			{parameters "lastpose=undefined;"}
			{matrix34
				-0.4618 	 0 	 0.887
				-0.887 	 0 	 -0.4618
				0 	 -1 	 0
				23.2799 	 -3.9053 	 26.0045
			}
			{poly "sub_piece16"}
		}
		{bone "piece03"
			{parameters "lastpose=undefined;"}
			{matrix34
				1 	 0 	 0
				0 	 0 	 1
				0 	 -1 	 0
				-20.0168 	 -3.9053 	 41.1488
			}
			{poly "piece03"}
		}
		{bone "piece10"
			{parameters "lastpose=undefined;"}
			{matrix34
				0.7934 	 0 	 0.6088
				-0.6088 	 0 	 0.7934
				0 	 -1 	 0
				-1.4104 	 -3.9053 	 14.8761
			}
			{poly "piece10"}
		}
		{bone "piece11"
			{parameters "lastpose=undefined;"}
			{matrix34
				1 	 0 	 0
				0 	 0 	 1
				0 	 -1 	 0
				9.6238 	 -3.9053 	 45.1122
			}
			{poly "piece11"}
		}
		{bone "piece01"
			{parameters "lastpose=undefined;"}
			{matrix34
				1 	 0 	 0
				0 	 0 	 1
				0 	 -1 	 0
				14.0562 	 -3.9053 	 20.7129
			}
			{poly "piece01"}
		}
		{bone "sub_piece17"
			{parameters "lastpose=undefined;"}
			{matrix34
				-0.5 	 0 	 0.866
				-0.866 	 0 	 -0.5
				0 	 -1 	 0
				21.2415 	 -3.9053 	 11.7079
			}
			{poly "sub_piece17"}
		}
		{bone "piece04"
			{parameters "lastpose=undefined;"}
			{matrix34
				-1 	 0 	 0
				0 	 -1 	 0
				0 	 0 	 1
				-19.9651 	 -4.3982 	 -2.4486
			}
			{poly "piece04"}
		}
		{bone "piece12"
			{parameters "lastpose=undefined;"}
			{Position 19.4694 	 -4.3982 	 -2.4486}
			{poly "piece12"}
		}
		{bone "piece13"
			{parameters "lastpose=undefined;"}
			{Position 19.4694 	 -4.3982 	 50.6556}
			{poly "piece13"}
		}
		{bone "piece14"
			{parameters "lastpose=undefined;"}
			{matrix34
				-1 	 0 	 0
				0 	 -1 	 0
				0 	 0 	 1
				-19.9651 	 -4.3982 	 50.6556
			}
			{poly "piece14"}
		}
		{bone "piece15"
			{parameters "lastpose=undefined;"}
			{matrix34
				0.766 	 0 	 0.6428
				0 	 1 	 0
				-0.6428 	 0 	 0.766
				-2.0936 	 20.0472 	 -32.6629
			}
			{poly "piece15"}
		}
	}
}
{volume "piece00_volume014"
	{box 1.9685 5.15816 8.49687}
	{bone "piece00"}
	{matrix34
		0 	 0 	 -1
		-0.9763 	 0.2164 	 0
		0.2164 	 0.9763 	 0
		-0.0201 	 0.1824 	 0.0079
	}
}
{volume "piece01_volume024"
	{box 1.9685 6.81481 6.63639}
	{bone "piece01"}
	{matrix34
		0 	 0 	 -1
		-0.9239 	 0.3827 	 0
		0.3827 	 0.9239 	 0
		-0.1501 	 -0.4527 	 0.0078
	}
}
{volume "piece02_volume022"
	{box 1.9685 6.81481 6.63639}
	{bone "piece02"}
	{matrix34
		0 	 0 	 -1
		-0.9239 	 0.3827 	 0
		0.3827 	 0.9239 	 0
		-0.1501 	 -0.4527 	 0.0078
	}
}
{volume "piece03_volume023"
	{box 1.9685 6.81481 6.63639}
	{bone "piece03"}
	{matrix34
		0 	 0 	 -1
		-0.9239 	 0.3827 	 0
		0.3827 	 0.9239 	 0
		-0.1501 	 -0.4527 	 0.0078
	}
}
{volume "piece04_volume009"
	{box 31.8471 2.95276 2.95276}
	{bone "piece04"}
	{Position -0.8136 	 0 	 -0.0115}
}
{volume "piece05_volume011"
	{box 1.9685 11.2134 8.49687}
	{bone "piece05"}
	{matrix34
		0 	 0 	 -1
		-0.9914 	 0.1305 	 0
		0.1305 	 0.9914 	 0
		0.1109 	 -0.2239 	 0.0079
	}
}
{volume "piece06_volume010"
	{box 1.9685 11.2134 8.49687}
	{bone "piece06"}
	{matrix34
		0 	 0 	 -1
		-0.9914 	 0.1305 	 0
		0.1305 	 0.9914 	 0
		0.1109 	 -0.2239 	 0.0079
	}
}
{volume "piece07_volume023"
	{box 1.9685 6.81481 9.49004}
	{bone "piece07"}
	{matrix34
		0 	 0 	 -1
		-0.9962 	 -0.0872 	 0
		-0.0872 	 0.9962 	 0
		-0.5865 	 -0.6934 	 0.0078
	}
}
{volume "piece08_volume018"
	{box 1.9685 10.664 8.12962}
	{bone "piece08"}
	{matrix34
		0 	 0 	 -1
		-0.9239 	 -0.3827 	 0
		-0.3827 	 0.9239 	 0
		0.1279 	 0.0375 	 0.0079
	}
}
{volume "piece09_volume020"
	{box 1.9685 9.44403 7.21503}
	{bone "piece09"}
	{matrix34
		0 	 0 	 -1
		-0.9962 	 0.0872 	 0
		0.0872 	 0.9962 	 0
		-0.0047 	 0.1603 	 0.0078
	}
}
{volume "piece10_volume012"
	{box 1.9685 11.2134 8.49687}
	{bone "piece10"}
	{matrix34
		0 	 0 	 -1
		-0.9914 	 0.1305 	 0
		0.1305 	 0.9914 	 0
		0.1109 	 -0.2239 	 0.0079
	}
}
{volume "piece11_volume019"
	{box 1.9685 10.664 8.12962}
	{bone "piece11"}
	{matrix34
		0 	 0 	 -1
		-0.9239 	 -0.3827 	 0
		-0.3827 	 0.9239 	 0
		0.1279 	 0.0375 	 0.0079
	}
}
{volume "piece12_volume010"
	{box 31.8471 2.95276 2.95276}
	{bone "piece12"}
	{Position -0.8136 	 0 	 -0.0115}
}
{volume "piece13_volume011"
	{box 31.8471 2.95276 2.95276}
	{bone "piece13"}
	{Position -0.8136 	 0 	 -0.0115}
}
{volume "piece14_volume012"
	{box 31.8471 2.95276 2.95276}
	{bone "piece14"}
	{Position -0.8136 	 0 	 -0.0115}
}
{volume "piece15_volume013"
	{box 31.8471 2.95276 2.95276}
	{bone "piece15"}
	{Position -0.8136 	 0 	 -0.0115}
}
{volume "sub_piece00_volume013"
	{box 1.9685 5.15816 8.49687}
	{bone "sub_piece00"}
	{matrix34
		0 	 0 	 -1
		-0.9763 	 0.2164 	 0
		0.2164 	 0.9763 	 0
		-0.0201 	 0.1824 	 0.0079
	}
}
{volume "sub_piece01_volume016"
	{box 1.9685 5.91001 7.4973}
	{bone "sub_piece01"}
	{matrix34
		0 	 0 	 -1
		-0.999 	 -0.0436 	 0
		-0.0436 	 0.999 	 0
		-0.1518 	 -0.3633 	 0.0079
	}
}
{volume "sub_piece02_volume027"
	{box 1.9685 6.24346 4.5142}
	{bone "sub_piece02"}
	{matrix34
		0 	 0 	 -1
		-0.766 	 0.6428 	 0
		0.6428 	 0.766 	 0
		-1.0853 	 -0.2134 	 0.0078
	}
}
{volume "sub_piece03_volume012"
	{box 1.9685 5.15816 8.49687}
	{bone "sub_piece03"}
	{matrix34
		0 	 0 	 -1
		-0.9763 	 0.2164 	 0
		0.2164 	 0.9763 	 0
		-0.0201 	 0.1824 	 0.0079
	}
}
{volume "sub_piece04_volume013"
	{box 1.9685 6.18979 7.30731}
	{bone "sub_piece04"}
	{matrix34
		0 	 0 	 -1
		-0.9763 	 0.2164 	 0
		0.2164 	 0.9763 	 0
		0.1307 	 -0.2882 	 0.0079
	}
}
{volume "sub_piece05_volume009"
	{box 1.9685 3.83767 7.89189}
	{bone "sub_piece05"}
	{matrix34
		0 	 0 	 -1
		-0.999 	 -0.0436 	 0
		-0.0436 	 0.999 	 0
		0.3341 	 -0.0514 	 0.0079
	}
}
{volume "sub_piece06_volume015"
	{box 1.9685 5.91001 7.4973}
	{bone "sub_piece06"}
	{matrix34
		0 	 0 	 -1
		-0.999 	 -0.0436 	 0
		-0.0436 	 0.999 	 0
		-0.1518 	 -0.3633 	 0.0079
	}
}
{volume "sub_piece07_volume016"
	{box 1.9685 7.74211 3.67368}
	{bone "sub_piece07"}
	{matrix34
		0 	 0 	 -1
		-0.866 	 -0.5 	 0
		-0.5 	 0.866 	 0
		-0.0596 	 0.1191 	 0.0079
	}
}
{volume "sub_piece08_volume017"
	{box 1.9685 5.4969 7.09019}
	{bone "sub_piece08"}
	{matrix34
		0 	 0 	 -1
		-0.6428 	 -0.766 	 0
		-0.766 	 0.6428 	 0
		-0.0464 	 -0.0583 	 0.0079
	}
}
{volume "sub_piece09_volume019"
	{box 1.9685 7.67807 5.77203}
	{bone "sub_piece09"}
	{matrix34
		0 	 0 	 -1
		-0.9962 	 0.0872 	 0
		0.0872 	 0.9962 	 0
		0.0465 	 -0.0391 	 0.0078
	}
}
{volume "sub_piece10_volume021"
	{box 1.9685 7.7441 5.26698}
	{bone "sub_piece10"}
	{matrix34
		0 	 0 	 -1
		-0.9239 	 0.3827 	 0
		0.3827 	 0.9239 	 0
		-0.3347 	 0.1909 	 0.0078
	}
}
{volume "sub_piece11_volume025"
	{box 1.9685 3.72566 8.19275}
	{bone "sub_piece11"}
	{matrix34
		0 	 0 	 -1
		-1 	 0 	 0
		0 	 1 	 0
		-0.0099 	 0.0559 	 0.0078
	}
}
{volume "sub_piece12_volume022"
	{box 1.9685 7.7441 5.26698}
	{bone "sub_piece12"}
	{matrix34
		0 	 0 	 -1
		-0.9239 	 0.3827 	 0
		0.3827 	 0.9239 	 0
		-0.3347 	 0.1909 	 0.0078
	}
}
{volume "sub_piece13_volume020"
	{box 1.9685 7.67807 5.77203}
	{bone "sub_piece13"}
	{matrix34
		0 	 0 	 -1
		-0.9962 	 0.0872 	 0
		0.0872 	 0.9962 	 0
		0.0465 	 -0.0391 	 0.0078
	}
}
{volume "sub_piece14_volume017"
	{box 1.9685 7.74211 3.67368}
	{bone "sub_piece14"}
	{matrix34
		0 	 0 	 -1
		-0.866 	 -0.5 	 0
		-0.5 	 0.866 	 0
		-0.0596 	 0.1191 	 0.0079
	}
}
{volume "sub_piece15_volume017"
	{box 1.9685 5.91001 7.4973}
	{bone "sub_piece15"}
	{matrix34
		0 	 0 	 -1
		-0.999 	 -0.0436 	 0
		-0.0436 	 0.999 	 0
		-0.1518 	 -0.3633 	 0.0079
	}
}
{volume "sub_piece16_volume028"
	{box 1.9685 6.24346 4.5142}
	{bone "sub_piece16"}
	{matrix34
		0 	 0 	 -1
		-0.766 	 0.6428 	 0
		0.6428 	 0.766 	 0
		-1.0853 	 -0.2134 	 0.0078
	}
}
{volume "sub_piece17_volume015"
	{box 1.9685 5.15816 8.49687}
	{bone "sub_piece17"}
	{matrix34
		0 	 0 	 -1
		-0.9763 	 0.2164 	 0
		0.2164 	 0.9763 	 0
		-0.0201 	 0.1824 	 0.0079
	}
}
