;Exported by	: KobaA
;Date			: 17.04.2024 16:46:29
;File			: d:\git\gem2-mdl-soldiers\models\entourage\feeding_rack\animal_feeder.max
{skeleton
	{bone "feeder_05_x"
		{orientation
			1 	 0 	 0
			0 	 -1 	 0
			0 	 0 	 1
		}
		{bone "piece01"
			{matrix34
				0 	 0 	 1
				0 	 1 	 0
				-1 	 0 	 0
				-0.0305 	 -22.3952 	 17.8495
			}
			{poly "piece01"}
		}
		{bone "piece02"
			{matrix34
				0 	 0 	 1
				0 	 1 	 0
				-1 	 0 	 0
				-0.0305 	 21.7258 	 17.8492
			}
			{poly "piece02"}
		}
		{bone "piece03"
			{matrix34
				0 	 -0.2079 	 0.9781
				-0.2588 	 0.9448 	 0.2008
				-0.9659 	 -0.2532 	 -0.0538
				2.2738 	 -8.4622 	 3.3574
			}
			{poly "piece03"}
		}
		{bone "piece04"
			{matrix34
				0 	 -0.2079 	 0.9781
				-0.2588 	 0.9448 	 0.2008
				-0.9659 	 -0.2532 	 -0.0538
				-1.8677 	 6.6563 	 6.5709
			}
			{poly "piece04"}
		}
		{bone "piece05"
			{matrix34
				0 	 0 	 1
				0 	 1 	 0
				-1 	 0 	 0
				6.4113 	 -12.883 	 41.0107
			}
			{poly "piece05"}
		}
		{bone "piece06"
			{matrix34
				0 	 0 	 1
				0 	 1 	 0
				-1 	 0 	 0
				6.4113 	 10.0746 	 40.7068
			}
			{poly "piece06"}
		}
		{bone "piece08"
			{matrix34
				0 	 0 	 1
				0 	 1 	 0
				-1 	 0 	 0
				-6.1765 	 -14.5289 	 41.1649
			}
			{poly "piece08"}
		}
		{bone "piece07"
			{matrix34
				0 	 0 	 1
				0 	 1 	 0
				-1 	 0 	 0
				-6.1765 	 7.4206 	 40.861
			}
			{poly "piece07"}
		}
	}
}
{"volumes"
	{"piece01"
		{cylinder 1.1811 42.5526}
		{bone "piece01"}
		{matrix34
			0 	 0 	 -1
			-0.0175 	 0.9998 	 0
			0.9998 	 0.0175 	 0
			4.0575 	 -0.2103 	 -0.0263
		}
	}
	{"piece02"
		{cylinder 1.1811 42.5526}
		{bone "piece02"}
		{matrix34
			0 	 0 	 -1
			0.0175 	 0.9998 	 0
			0.9998 	 -0.0175 	 0
			4.0578 	 -0.5975 	 -0.0263
		}
	}
	{"piece03"
		{box 7.77363 18.799 4.26787}
		{bone "piece03"}
		{matrix34
			0.0415 	 -0.0499 	 -0.9979
			0.0427 	 0.9979 	 -0.0481
			0.9982 	 -0.0406 	 0.0435
			-0.3129 	 -1.659 	 0.3169
		}
	}
	{"piece04"
		{box 7.77363 21.6089 4.26787}
		{bone "piece04"}
		{matrix34
			0.0415 	 -0.0499 	 -0.9979
			0.0427 	 0.9979 	 -0.0481
			0.9982 	 -0.0406 	 0.0435
			0.5747 	 3.1084 	 -0.6839
		}
	}
	{"piece05"
		{box 14.2401 24.1868 0.984252}
		{bone "piece05"}
		{matrix34
			-0.5736 	 0 	 -0.8192
			0 	 1 	 0
			0.8192 	 0 	 -0.5736
			0.2772 	 -0.4095 	 -0.0085
		}
	}
	{"piece06"
		{box 14.2401 27.2543 0.984252}
		{bone "piece06"}
		{matrix34
			-0.5736 	 0 	 -0.8192
			0 	 1 	 0
			0.8192 	 0 	 -0.5736
			0.5812 	 1.2301 	 -0.0085
		}
	}
	{"piece07"
		{box 16.6977 31.8907 0.984252}
		{bone "piece07"}
		{matrix34
			0.5592 	 0 	 -0.829
			0 	 1 	 0
			0.829 	 0 	 0.5592
			0.507 	 0.6886 	 0.236
		}
	}
	{"piece08"
		{box 16.6977 19.5847 0.984252}
		{bone "piece08"}
		{matrix34
			0.5592 	 0 	 -0.829
			0 	 1 	 0
			0.829 	 0 	 0.5592
			0.2031 	 -0.3279 	 0.236
		}
	}
}
