;Exported by:	 tolokolnikova
;Date:			 16.03.2017 16:50:57
;File:			 D:\gem2\gem2-mdl-soldiers\models\entourage\telega\Telega.max
{skeleton
	{bone "basis1_x"
		{orientation
			1 	 0 	 0
			0 	 -1 	 0
			0 	 0 	 1
		}
		{bone "piece01"
			{matrix34
				-0.358 	 0.8813 	 0.3083
				-0.085 	 -0.3596 	 0.9292
				0.9298 	 0.3065 	 0.2037
				-0.0845 	 -21.2121 	 5.2763
			}
			{poly "piece01"}
		}
		{bone "piece02"
			{matrix34
				0.9897 	 0.0208 	 0.1414
				-0.0216 	 0.9998 	 0.0046
				-0.1413 	 -0.0076 	 0.9899
				11.5387 	 -0.4094 	 12.6955
			}
			{poly "piece02"}
		}
		{bone "piece03"
			{matrix34
				0.9897 	 0.0208 	 0.1414
				-0.0216 	 0.9998 	 0.0046
				-0.1413 	 -0.0076 	 0.9899
				11.1936 	 -0.5025 	 9.607
			}
			{poly "piece03"}
		}
		{bone "piece04"
			{matrix34
				0.9897 	 0.0208 	 0.1414
				-0.0216 	 0.9998 	 0.0046
				-0.1413 	 -0.0076 	 0.9899
				12.8832 	 12.7661 	 15.2343
			}
			{poly "piece04"}
		}
		{bone "piece05"
			{matrix34
				0.9897 	 0.0208 	 0.1414
				-0.0216 	 0.9998 	 0.0046
				-0.1413 	 -0.0076 	 0.9899
				8.4486 	 -10.014 	 6.0796
			}
			{poly "piece05"}
		}
		{bone "piece06"
			{matrix34
				0.9897 	 0.0208 	 0.1414
				-0.0216 	 0.9998 	 0.0046
				-0.1413 	 -0.0076 	 0.9899
				-2.8657 	 -28.3753 	 4.5487
			}
			{poly "piece06"}
		}
		{bone "piece07"
			{matrix34
				0.9897 	 0.0208 	 0.1414
				-0.0216 	 0.9998 	 0.0046
				-0.1413 	 -0.0076 	 0.9899
				6.2607 	 -0.0669 	 1.3862
			}
			{poly "piece07"}
		}
		{bone "piece08"
			{matrix34
				0.9897 	 0.0208 	 0.1414
				-0.0216 	 0.9998 	 0.0046
				-0.1413 	 -0.0076 	 0.9899
				1.8137 	 13.5942 	 0.9897
			}
			{poly "piece08"}
		}
		{bone "piece09"
			{matrix34
				0.9897 	 0.0208 	 0.1414
				-0.0216 	 0.9998 	 0.0046
				-0.1413 	 -0.0076 	 0.9899
				-9.6752 	 -4.7846 	 5.5275
			}
			{poly "piece09"}
		}
		{bone "piece10"
			{matrix34
				0.9897 	 0.0208 	 0.1414
				-0.0216 	 0.9998 	 0.0046
				-0.1413 	 -0.0076 	 0.9899
				1.8656 	 29.1361 	 5.6898
			}
			{poly "piece10"}
		}
		{bone "piece11"
			{matrix34
				0.9897 	 0.0208 	 0.1414
				-0.0216 	 0.9998 	 0.0046
				-0.1413 	 -0.0076 	 0.9899
				-11.5146 	 1.3398 	 3.7815
			}
			{poly "piece11"}
		}
		{bone "piece12"
			{matrix34
				0.9725 	 0.0849 	 0.2168
				-0.095 	 0.9948 	 0.0364
				-0.2126 	 -0.056 	 0.9755
				-16.7279 	 2.0695 	 6.2957
			}
			{poly "piece12"}
		}
		{bone "piece13"
			{matrix34
				0.9725 	 0.0849 	 0.2168
				-0.095 	 0.9948 	 0.0364
				-0.2126 	 -0.056 	 0.9755
				-15.0092 	 1.8301 	 3.1892
			}
			{poly "piece13"}
		}
		{bone "piece14"
			{matrix34
				0.9897 	 0.0208 	 0.1414
				-0.0216 	 0.9998 	 0.0046
				-0.1413 	 -0.0076 	 0.9899
				3.1921 	 18.7336 	 4.6916
			}
			{poly "piece14"}
		}
		{bone "piece15"
			{matrix34
				0.9897 	 0.0208 	 0.1414
				-0.0216 	 0.9998 	 0.0046
				-0.1413 	 -0.0076 	 0.9899
				-6.2654 	 -15.8942 	 -0.1292
			}
			{poly "piece15"}
		}
		{bone "fx_wood1"
		}
	}
}
{volume "piece01"
	{cylinder 7.95482 0.812781}
	{bone "piece01"}
	{matrix34
		-0.1107 	 0.2506 	 0.9618
		0.7407 	 -0.6244 	 0.2479
		0.6626 	 0.7398 	 -0.1165
		0.2591 	 -0.0804 	 -0.1751
	}
}
{volume "piece02"
	{box 0.64453 57.916 1.113}
	{bone "piece02"}
	{matrix34
		0.9258 	 -0.0982 	 -0.3651
		0.1013 	 0.9948 	 -0.0106
		0.3642 	 -0.0272 	 0.9309
		-0.174 	 0.1663 	 0.2152
	}
}
{volume "piece03"
	{box 0.64453 57.916 1.113}
	{bone "piece03"}
	{matrix34
		0.9258 	 -0.0982 	 -0.3651
		0.1013 	 0.9948 	 -0.0106
		0.3642 	 -0.0272 	 0.9309
		-0.5244 	 0.3504 	 0.3334
	}
}
{volume "piece04"
	{box 0.64453 30.7534 1.113}
	{bone "piece04"}
	{matrix34
		0.9254 	 -0.081 	 -0.3702
		0.1116 	 0.9918 	 0.0621
		0.3621 	 -0.0988 	 0.9269
		0.0607 	 0.2315 	 -0.0776
	}
}
{volume "piece05"
	{box 0.64453 39.9621 3.27352}
	{bone "piece05"}
	{matrix34
		0.9258 	 -0.0982 	 -0.3651
		0.1013 	 0.9948 	 -0.0106
		0.3642 	 -0.0272 	 0.9309
		0.1345 	 0.3372 	 -0.0716
	}
}
{volume "piece06"
	{box 19.3686 0.542935 1.97124}
	{bone "piece06"}
	{matrix34
		0.9949 	 -0.0975 	 0.0275
		0.0979 	 0.9951 	 -0.0153
		-0.0258 	 0.0179 	 0.9995
		-0.1595 	 0.0133 	 0.0472
	}
}
{volume "piece07"
	{box 4.20794 58.566 0.698227}
	{bone "piece07"}
	{matrix34
		0.9942 	 -0.1078 	 -0.0004
		0.1078 	 0.9941 	 -0.0077
		0.0012 	 0.0076 	 1
		0.0092 	 0.1067 	 0.1724
	}
}
{volume "piece08"
	{box 4.20794 33.7149 0.698227}
	{bone "piece08"}
	{matrix34
		0.9927 	 -0.1082 	 -0.0536
		0.1077 	 0.9941 	 -0.0123
		0.0546 	 0.0065 	 0.9985
		0.0324 	 -0.0011 	 -0.0605
	}
}
{volume "piece09"
	{box 0.673271 30.7172 1.32663}
	{bone "piece09"}
	{matrix34
		0.6423 	 -0.1207 	 0.7569
		0.1776 	 0.9841 	 0.0062
		-0.7456 	 0.1304 	 0.6535
		2.3373 	 13.928 	 -0.6234
	}
}
{volume "piece10"
	{box 20.1515 0.597725 1.83497}
	{bone "piece10"}
	{matrix34
		0.9937 	 -0.108 	 -0.0304
		0.1073 	 0.9939 	 -0.0241
		0.0328 	 0.0207 	 0.9992
		-0.1154 	 0.0143 	 -0.1018
	}
}
{volume "piece11"
	{box 3.36635 57.6525 0.698227}
	{bone "piece11"}
	{matrix34
		0.4385 	 -0.0743 	 -0.8956
		0.1481 	 0.9889 	 -0.0095
		0.8864 	 -0.1284 	 0.4447
		0.0095 	 -0.1701 	 -0.0246
	}
}
{volume "piece12"
	{box 1.54852 55.3464 0.614439}
	{bone "piece12"}
	{matrix34
		0.3692 	 -0.0623 	 -0.9273
		0.298 	 0.953 	 0.0546
		0.8803 	 -0.2964 	 0.3704
		-0.3192 	 0.2309 	 -0.5802
	}
}
{volume "piece13"
	{box 1.54852 60.881 0.614439}
	{bone "piece13"}
	{matrix34
		0.3691 	 -0.0626 	 -0.9273
		0.2979 	 0.9531 	 0.0543
		0.8803 	 -0.2963 	 0.3704
		-0.0773 	 -0.4139 	 -0.3349
	}
}
{volume "piece14"
	{box 21.005 2.93364 0.621311}
	{bone "piece14"}
	{matrix34
		0.9278 	 0.2776 	 0.2491
		-0.3118 	 0.9438 	 0.1094
		-0.2047 	 -0.1792 	 0.9623
		-0.1222 	 -0.0576 	 -0.1117
	}
}
{volume "piece15"
	{box 4.20794 25.6233 0.698227}
	{bone "piece15"}
	{matrix34
		0.9927 	 -0.1082 	 -0.0536
		0.1077 	 0.9941 	 -0.0123
		0.0546 	 0.0065 	 0.9985
		0.1281 	 0.0769 	 0.306
	}
}
