;Exported by:	 tolokolnikova
;Date:			 13.12.2017 16:36:27
;File:			 D:\gem2\gem2-mdl-soldiers\models\building\building_ua01\building_ua04_2v_x.max
{skeleton
	{bone "b_ua_04_piece13_point"
		{orientation
			1 	 0 	 0
			0 	 -1 	 0
			0 	 0 	 1
		}
		{bone "piece01"
			{matrix34
				0.3707 	 0.6435 	 0.6697
				0.9063 	 -0.4082 	 -0.1094
				-0.203 	 -0.6475 	 0.7345
				10.8436 	 37.6663 	 -15.3904
			}
			{poly "piece01"}
		}
		{bone "sub_piece01"
			{matrix34
				0.1282 	 0.7315 	 0.6697
				0.9913 	 -0.0736 	 -0.1094
				0.0307 	 -0.6779 	 0.7345
				-5.2325 	 24.1586 	 4.4008
			}
			{poly "sub_piece01"}
		}
		{bone "sub_piece02"
			{matrix34
				0.1282 	 -0.7315 	 0.6697
				0.9913 	 0.0736 	 -0.1094
				0.0307 	 0.6779 	 0.7345
				-6.144 	 -30.0673 	 4.4008
			}
			{poly "sub_piece02"}
		}
	}
}
{volume "piece01"
	{box 2.95276 2.95276 29.7143}
	{bone "piece01"}
	{matrix34
		0.9772 	 -0.2076 	 -0.0439
		-0.2072 	 -0.9782 	 0.0126
		0.0456 	 0.0032 	 0.999
		-0.1857 	 -0.7795 	 -1.0016
	}
}
{volume "sub_piece01"
	{box 2.95276 2.95276 29.7143}
	{bone "sub_piece01"}
	{matrix34
		0.9908 	 -0.1294 	 0.0401
		-0.1282 	 -0.9913 	 -0.0307
		-0.0437 	 -0.0253 	 0.9987
		0.2235 	 -1.4689 	 -0.9765
	}
}
{volume "sub_piece02"
	{box 2.95276 2.95276 29.7143}
	{bone "sub_piece02"}
	{matrix34
		0.9908 	 -0.1294 	 0.0401
		0.1282 	 0.9913 	 0.0307
		-0.0437 	 -0.0253 	 0.9987
		-0.2215 	 -0.5954 	 -0.1372
	}
}
