;Exported by:	 KobaA
;Date:			 09.10.2020 16:45:30
;File:			 G:\_GIT_\gem2\gem2-mdl-soldiers\models\entourage\awning_wood\awning_new.max
{skeleton
	{bone "awning_wood_01_x"
		{orientation
			1 	 0 	 0
			0 	 -1 	 0
			0 	 0 	 1
		}
		{bone "piece07"
			{matrix34
				-1 	 0 	 0
				0 	 -1 	 0
				0 	 0 	 1
				22.1371 	 -40.5376 	 14.3341
			}
			{poly "piece07"}
		}
		{bone "piece01"
			{matrix34
				-1 	 0 	 0
				0 	 -1 	 0
				0 	 0 	 1
				-22.4201 	 29.2611 	 47.2507
			}
			{poly "piece01"}
		}
		{bone "piece02"
			{matrix34
				-1 	 0 	 0
				0 	 -1 	 0
				0 	 0 	 1
				21.4921 	 -1.2459 	 51.9773
			}
			{poly "piece02"}
		}
		{bone "piece03"
			{matrix34
				-1 	 0 	 0
				0 	 -1 	 0
				0 	 0 	 1
				-25.7556 	 -30.4154 	 51.011
			}
			{poly "piece03"}
		}
		{bone "piece04"
			{matrix34
				-1 	 0 	 0
				0 	 -1 	 0
				0 	 0 	 1
				-20.2884 	 41.1666 	 22.8247
			}
			{poly "piece04"}
		}
		{bone "piece05"
			{matrix34
				-1 	 0 	 0
				0 	 -1 	 0
				0 	 0 	 1
				-21.9026 	 -40.2095 	 17.0459
			}
			{poly "piece05"}
		}
		{bone "piece06"
			{matrix34
				-1 	 0 	 0
				0 	 -1 	 0
				0 	 0 	 1
				21.7531 	 41.2994 	 21.1443
			}
			{poly "piece06"}
		}
		{bone "fx_wood1"
			{Position 0 	 39.3434 	 15.147}
		}
		{bone "fx_wood2"
			{Position 0 	 -41.2344 	 15.147}
		}
	}
}
{volume "piece01"
	{box 39.3701 26.378 3.54331}
	{bone "piece01"}
	{matrix34
		-0.9962 	 0 	 -0.0872
		0 	 -1 	 0
		-0.0872 	 0 	 0.9962
		-15.525 	 -1.4501 	 4.125
	}
}
{volume "piece02"
	{box 53.1496 25.5906 2.3622}
	{bone "piece02"}
	{matrix34
		-0.9962 	 0 	 -0.0872
		0 	 -1 	 0
		-0.0872 	 0 	 0.9962
		20.5618 	 0.6527 	 -0.5118
	}
}
{volume "piece03"
	{box 46.0424 28.062 3.54331}
	{bone "piece03"}
	{matrix34
		-0.9962 	 0 	 -0.0872
		0 	 -1 	 0
		-0.0872 	 0 	 0.9962
		-19.2313 	 2.1766 	 0.3403
	}
}
{volume "piece04_01"
	{cylinder 2.40781 31.4961}
	{bone "piece04"}
	{matrix34
		-1 	 0 	 0
		0 	 -1 	 0
		0 	 0 	 1
		0.1582 	 0.3775 	 -1.3344
	}
}
{volume "piece04_02"
	{box 13.7795 0.984252 3.72209}
	{bone "piece04"}
	{matrix34
		-0.9986 	 0 	 0.0523
		0 	 -1 	 0
		0.0523 	 0 	 0.9986
		-3.486 	 -2.1238 	 -5.7354
	}
}
{volume "piece05_01"
	{cylinder 2.40781 31.4961}
	{bone "piece05"}
	{matrix34
		-1 	 0 	 0
		0 	 -1 	 0
		0 	 0 	 1
		0.1346 	 0.1002 	 5.7529
	}
}
{volume "piece05_02"
	{cylinder 1.5748 19.4882}
	{bone "piece05"}
	{matrix34
		0 	 0 	 -1
		0.0698 	 -0.9976 	 0
		-0.9976 	 -0.0698 	 0
		-4.2689 	 3.186 	 3.8807
	}
}
{volume "piece05_03"
	{cylinder 1.1811 23.622}
	{bone "piece05"}
	{matrix34
		0 	 0.0349 	 -0.9994
		0.9976 	 -0.0697 	 -0.0024
		-0.0698 	 -0.997 	 -0.0348
		2.6638 	 -6.2817 	 1.9869
	}
}
{volume "piece06_01"
	{cylinder 2.40781 33.4646}
	{bone "piece06"}
	{matrix34
		-1 	 0 	 0
		0 	 -1 	 0
		0 	 0 	 1
		0.1544 	 0.5103 	 -0.7424
	}
}
{volume "piece06_02"
	{box 1.97968 27.7156 6.88976}
	{bone "piece06"}
	{matrix34
		-1 	 0 	 0
		0 	 -0.9994 	 -0.0349
		0 	 -0.0349 	 0.9994
		-3.2034 	 8.3969 	 -1.5697
	}
}
{volume "piece06_03"
	{box 14.4824 0.984252 3.72209}
	{bone "piece06"}
	{matrix34
		-0.9986 	 0 	 0.0523
		0 	 -1 	 0
		0.0523 	 0 	 0.9986
		1.8509 	 -1.991 	 -2.1314
	}
}
{volume "piece07_01"
	{cylinder 2.40781 29.5276}
	{bone "piece07"}
	{matrix34
		-1 	 0 	 0
		0 	 -1 	 0
		0 	 0 	 1
		0.412 	 -0.2279 	 6.4277
	}
}
{volume "piece07_02"
	{box 1.97968 27.7156 6.29921}
	{bone "piece07"}
	{matrix34
		-1 	 0 	 0
		0 	 -0.9986 	 -0.0523
		0 	 -0.0523 	 0.9986
		-2.8195 	 -9.0469 	 6.1924
	}
}
