;Exported by	: KobaA
;Date			: 15.01.2024 15:26:38
;File			: d:\git\gem2-mdl-soldiers\models\building\house_60\house_60_fort_x.max
{skeleton
	{bone "house_60_piece_003_point"
		{orientation
			1 	 0 	 0
			0 	 -1 	 0
			0 	 0 	 1
		}
		{bone "sub_piece01"
			{Position -2.4616 	 -33.7136 	 37.921}
			{poly "sub_piece01"}
		}
		{bone "sub_piece02"
			{Position 11.9475 	 37.7629 	 16.5666}
			{poly "sub_piece02"}
		}
		{bone "piece03"
			{matrix34
				0 	 1 	 0
				-1 	 0 	 0
				0 	 0 	 1
				19.7255 	 16.7097 	 0.5398
			}
			{poly "piece03"}
		}
		{bone "piece01"
			{matrix34
				0 	 0 	 1
				0 	 -1 	 0
				1 	 0 	 0
				11.555 	 45.2591 	 -1.57
			}
			{poly "piece01"}
		}
		{bone "piece04"
			{matrix34
				-1 	 0 	 0
				0 	 -1 	 0
				0 	 0 	 1
				-1.815 	 45.2278 	 -31.1795
			}
			{poly "piece04"}
		}
		{bone "piece05"
			{matrix34
				0 	 0 	 1
				-1 	 0 	 0
				0 	 -1 	 0
				19.8875 	 -10.1071 	 1.8572
			}
			{poly "piece05"}
		}
		{bone "piece06"
			{matrix34
				0 	 -0.1736 	 0.9848
				-1 	 0 	 0
				0 	 -0.9848 	 -0.1736
				19.9406 	 -13.7693 	 37.5803
			}
			{poly "piece06"}
		}
		{bone "piece07"
			{matrix34
				0 	 1 	 0
				-1 	 0 	 0
				0 	 0 	 1
				19.7649 	 13.6459 	 18.9098
			}
			{poly "piece07"}
		}
		{bone "sub_piece03"
			{matrix34
				-1 	 0 	 0
				0 	 -1 	 0
				0 	 0 	 1
				2.8863 	 45.2708 	 -17.7027
			}
			{poly "sub_piece03"}
		}
		{bone "sub_piece04"
			{matrix34
				0 	 1 	 0
				-1 	 0 	 0
				0 	 0 	 1
				19.7279 	 34.1764 	 5.9817
			}
			{poly "sub_piece04"}
		}
		{bone "sub_piece07"
			{matrix34
				0 	 1 	 0
				-1 	 0 	 0
				0 	 0 	 1
				19.7499 	 11.4974 	 -18.4554
			}
			{poly "sub_piece07"}
		}
		{bone "sub_piece08"
			{matrix34
				0 	 1 	 0
				-1 	 0 	 0
				0 	 0 	 1
				19.7499 	 -9.4443 	 16.4694
			}
			{poly "sub_piece08"}
		}
		{bone "sub_piece09"
			{matrix34
				0 	 1 	 0
				-1 	 0 	 0
				0 	 0 	 1
				19.7278 	 4.3147 	 34.1756
			}
			{poly "sub_piece09"}
		}
		{bone "sub_piece06"
			{matrix34
				0 	 1 	 0
				-1 	 0 	 0
				0 	 0 	 1
				19.7316 	 3.1603 	 7.0401
			}
			{poly "sub_piece06"}
		}
		{bone "sub_piece05"
			{matrix34
				0 	 0.7071 	 -0.7071
				0 	 0.7071 	 0.7071
				1 	 0 	 0
				0 	 -10.8796 	 54.137
			}
			{poly "sub_piece05"}
		}
		{bone "piece08"
			{matrix34
				0 	 0.766 	 0.6428
				-1 	 0 	 0
				0 	 -0.6428 	 0.766
				19.7289 	 29.9223 	 -12.2834
			}
			{poly "piece08"}
		}
		{bone "piece02"
			{parameters "polylastpose=undefined;"}
			{matrix34
				0 	 1 	 0
				-1 	 0 	 0
				0 	 0 	 1
				19.7475 	 -24.6053 	 18.0036
			}
		}
		{bone revolute "attach1"
			{Position 5.7194 	 19.2161 	 -52.1122}
		}
		{bone "debris_land_001"
			{parameters "land;ground;"}
			{matrix34
				-0.9397 	 -0.342 	 0
				0.342 	 -0.9397 	 0
				0 	 0 	 1
				25.9772 	 34.9017 	 -48.1752
			}
			{poly "debris_land_001" {ground}}
		}
		{bone "fort_wall"
			{matrix34
				0 	 -1 	 0
				1 	 0 	 0
				0 	 0 	 1
				27.9774 	 21.733 	 -44.2382
			}
		}
		{bone "stones_001"
			{parameters "land;ground;"}
			{matrix34
				-0.9397 	 -0.342 	 0
				0.342 	 -0.9397 	 0
				0 	 0 	 1
				29.2962 	 41.8541 	 -48.1752
			}
			{poly "stones_001" {ground}}
		}
		{bone "house_60_piece_003"
			{Position 0 	 0 	 0}
			{poly "house_60_piece_003"}
		}
		{bone revolute "attach2"
			{matrix34
				0 	 1 	 0
				-1 	 0 	 0
				0 	 0 	 1
				-9.1457 	 29.3905 	 -52.1122
			}
		}
	}
}
{"volumes"
	{"piece01"
		{box 12.525 5.90551 16.097}
		{bone "piece01"}
		{Position 1.1041 	 0 	 -0.4695}
	}
	{"piece02"
		{box 10.3707 5.90551 15.569}
		{bone "piece02"}
		{matrix34
			0.9659 	 0 	 0.2588
			0 	 1 	 0
			-0.2588 	 0 	 0.9659
			0.0111 	 0 	 1.4223
		}
	}
	{"piece03"
		{box 18.0933 5.90551 11.0747}
		{bone "piece03"}
		{matrix34
			0.6428 	 0 	 0.766
			0 	 1 	 0
			-0.766 	 0 	 0.6428
			0.4246 	 0 	 -0.0463
		}
	}
	{"piece04"
		{box 10.675 5.90551 12.2929}
		{bone "piece04"}
		{matrix34
			0.5264 	 0 	 0.8502
			0 	 1 	 0
			-0.8502 	 0 	 0.5264
			1.1023 	 0 	 4.5365
		}
	}
	{"piece05"
		{box 15.1552 5.90551 19.3164}
		{bone "piece05"}
		{Position -0.7618 	 0 	 0.279}
	}
	{"piece06"
		{box 16.9087 5.90551 20.9261}
		{bone "piece06"}
		{Position -0.1987 	 0 	 -0.5739}
	}
	{"piece07"
		{box 20.8749 5.90551 15.7044}
		{bone "piece07"}
		{Position -0.3217 	 0 	 1.5895}
	}
	{"piece08"
		{box 17.9558 5.90551 9.36537}
		{bone "piece08"}
		{Position -0.1434 	 0 	 -0.4649}
	}
	{"sub_piece01"
		{box 20.3832 23.7488 2.9164}
		{bone "sub_piece01"}
		{matrix34
			1 	 0 	 0
			0 	 0.766 	 0.6428
			0 	 -0.6428 	 0.766
			1.3725 	 0.4325 	 0.5588
		}
	}
	{"sub_piece02"
		{box 24.2657 33.9268 3.9942}
		{bone "sub_piece02"}
		{matrix34
			1 	 0 	 0
			0 	 0.766 	 -0.6428
			0 	 0.6428 	 0.766
			0.7013 	 0.1919 	 0.0311
		}
	}
	{"sub_piece03"
		{box 5.33571 5.90551 6.29861}
		{bone "sub_piece03"}
		{Position 0.2546 	 0 	 -0.2729}
	}
	{"sub_piece04"
		{box 6.17055 5.90551 8.14307}
		{bone "sub_piece04"}
		{Position -0.0285 	 0 	 -0.4004}
	}
	{"sub_piece05"
		{box 52.636 3.7295 3.36171}
		{bone "sub_piece05"}
		{matrix34
			0 	 0 	 1
			0.9962 	 0.0872 	 0
			-0.0872 	 0.9962 	 0
			-0.0862 	 0.0497 	 0
		}
	}
	{"sub_piece06"
		{box 6.09795 5.90551 5.57399}
		{bone "sub_piece06"}
		{matrix34
			0.8192 	 0 	 0.5736
			0 	 1 	 0
			-0.5736 	 0 	 0.8192
			-0.4638 	 0 	 0.5591
		}
	}
	{"sub_piece07"
		{box 9.46634 5.90551 7.41146}
		{bone "sub_piece07"}
		{Position 0.2498 	 0 	 -0.8437}
	}
	{"sub_piece08"
		{box 6.02536 5.90551 5.73062}
		{bone "sub_piece08"}
		{Position 0.1869 	 0.022 	 -0.5843}
	}
	{"sub_piece09"
		{box 7.04168 5.90551 8.63969}
		{bone "sub_piece09"}
		{Position -0.0172 	 0 	 -0.2525}
	}
	{"target_vol_1"
		{box 9.84252 11.811 15.6501}
		{bone "house_60_piece_003_point"}
		{matrix34
			1 	 0 	 0
			0 	 1 	 0
			0 	 0 	 1
			19.8946 	 19.2161 	 -28.3219
		}
	}
	{"target_vol_2"
		{box 9.84252 11.811 15.6501}
		{bone "house_60_piece_003_point"}
		{matrix34
			0 	 1 	 0
			-1 	 0 	 0
			0 	 0 	 1
			-9.1457 	 45.2495 	 -28.3219
		}
	}
	{"vol_01"
		{box 60.5928 6.28134 21.593}
		{bone "house_60_piece_003"}
		{matrix34
			0 	 1 	 0
			-1 	 0 	 0
			0 	 0 	 1
			19.551 	 4.7535 	 -41.3157
		}
	}
	{"vol_02"
		{box 13.9735 6.28134 37.0788}
		{bone "house_60_piece_003"}
		{matrix34
			0 	 1 	 0
			-1 	 0 	 0
			0 	 0 	 1
			19.551 	 41.2536 	 -33.5728
		}
	}
	{"vol_03"
		{box 13.9735 6.28134 37.0788}
		{bone "house_60_piece_003"}
		{matrix34
			-1 	 0 	 0
			0 	 -1 	 0
			0 	 0 	 1
			15.7653 	 45.166 	 -33.5728
		}
	}
	{"vol_04"
		{box 29.484 6.28134 18.1686}
		{bone "house_60_piece_003"}
		{matrix34
			-1 	 0 	 0
			0 	 -1 	 0
			0 	 0 	 1
			-6.0353 	 45.166 	 -43.0279
		}
	}
}
