;Exported by:	 Цаприлов Олександр
;Date:			 01.09.2020 11:20:25
;File:			 E:\projects\gem2-mdl-soldiers\models\entourage\wine_furniture\wine_furniture.max
{skeleton
	{bone "wine_furniture_01_x"
		{orientation
			1 	 0 	 0
			0 	 -1 	 0
			0 	 0 	 1
		}
		{bone "piece01"
			{matrix34
				0.2588 	 -0.9659 	 0
				0.9659 	 0.2588 	 0
				0 	 0 	 1
				2.9719 	 10.0907 	 4.1792
			}
			{poly "piece01"}
		}
		{bone "piece02"
			{matrix34
				0.2588 	 -0.9659 	 0
				-0.9659 	 -0.2588 	 0
				0 	 0 	 1
				9.5115 	 11.8474 	 12.3875
			}
			{poly "piece02"}
		}
		{bone "piece05"
			{matrix34
				0.342 	 -0.9397 	 0
				-0.9397 	 -0.342 	 0
				0 	 0 	 1
				9.2988 	 12.0868 	 28.6007
			}
			{poly "piece05"}
		}
		{bone "piece07"
			{matrix34
				0.766 	 -0.6428 	 0
				0.6428 	 0.766 	 0
				0 	 0 	 1
				12.9958 	 -7.0072 	 12.2107
			}
			{poly "piece07"}
		}
		{bone "piece08"
			{matrix34
				0.8192 	 -0.5736 	 0
				-0.5736 	 -0.8192 	 0
				0 	 0 	 1
				9.0722 	 -12.7915 	 20.419
			}
			{poly "piece08"}
		}
		{bone "piece13"
			{matrix34
				1 	 0 	 0
				0 	 0.9962 	 0.0872
				0 	 -0.0872 	 0.9962
				-6.3246 	 -11.6821 	 9.5875
			}
			{poly "piece13"}
		}
		{bone "piece10"
			{matrix34
				0.9962 	 0.0076 	 0.0868
				0 	 0.9962 	 -0.0872
				-0.0872 	 0.0868 	 0.9924
				-7.6581 	 0.3942 	 9.5881
			}
			{poly "piece10"}
		}
		{bone "piece03"
			{matrix34
				0.3101 	 -0.1832 	 0.9329
				-0.4922 	 -0.8704 	 -0.0073
				-0.8134 	 0.4569 	 0.3601
				-17.2633 	 6.1628 	 9.496
			}
			{poly "piece03"}
		}
	}
}
{volume "piece01"
	{box 0.265856 14.1815 6.20509}
	{bone "piece01"}
	{Position -5.0606 	 0.1522 	 -1.0767}
}
{volume "piece02"
	{box 0.265856 10.1354 6.20509}
	{bone "piece01"}
	{matrix34
		0 	 -1 	 0
		1 	 0 	 0
		0 	 0 	 1
		0.1395 	 -7.0762 	 -1.0767
	}
}
{volume "piece03"
	{box 0.265856 14.1815 6.20509}
	{bone "piece02"}
	{matrix34
		1 	 0 	 0
		0 	 -1 	 0
		0 	 0 	 1
		-5.0543 	 0.1537 	 -1.12
	}
}
{volume "piece04"
	{box 0.265856 10.1354 6.20509}
	{bone "piece02"}
	{matrix34
		0 	 1 	 0
		1 	 0 	 0
		0 	 0 	 1
		0.1396 	 -7.0778 	 -1.12
	}
}
{volume "piece05"
	{box 0.265856 14.1815 6.20509}
	{bone "piece03"}
	{matrix34
		-0.997 	 -0.0043 	 0.0772
		-0.0072 	 0.9993 	 -0.0375
		0.077 	 0.0379 	 0.9963
		5.329 	 -0.0045 	 -0.5651
	}
}
{volume "piece06"
	{box 0.265856 10.1354 6.20509}
	{bone "piece03"}
	{matrix34
		0.0072 	 -0.9993 	 0.0375
		-0.997 	 -0.0043 	 0.0772
		0.077 	 0.0379 	 0.9963
		0.0935 	 7.1932 	 -0.4347
	}
}
{volume "piece09"
	{box 0.265856 14.1815 6.20509}
	{bone "piece05"}
	{matrix34
		1 	 0 	 0
		0 	 -1 	 0
		0 	 0 	 1
		-5.0609 	 0.1499 	 -0.8031
	}
}
{volume "piece10"
	{box 0.265856 10.1354 6.20509}
	{bone "piece05"}
	{matrix34
		0 	 1 	 0
		1 	 0 	 0
		0 	 0 	 1
		0.138 	 -7.0754 	 -0.8031
	}
}
{volume "piece13"
	{box 0.265856 10.1354 6.20509}
	{bone "piece07"}
	{matrix34
		0 	 1 	 0
		-1 	 0 	 0
		0 	 0 	 1
		-0.1415 	 7.0753 	 -1.0767
	}
}
{volume "piece14"
	{box 0.265856 14.1815 6.20509}
	{bone "piece07"}
	{matrix34
		-1 	 0 	 0
		0 	 -1 	 0
		0 	 0 	 1
		5.0625 	 -0.1389 	 -1.0767
	}
}
{volume "piece15"
	{box 0.265856 14.1815 6.20509}
	{bone "piece08"}
	{matrix34
		-1 	 0 	 0
		0 	 1 	 0
		0 	 0 	 1
		5.0675 	 -0.1466 	 -1.0892
	}
}
{volume "piece16"
	{box 0.265856 10.1354 6.20509}
	{bone "piece08"}
	{matrix34
		0 	 -1 	 0
		-1 	 0 	 0
		0 	 0 	 1
		-0.1314 	 7.0787 	 -1.0892
	}
}
{volume "piece19"
	{box 2.28898 8.37878 17.6575}
	{bone "piece10"}
	{matrix34
		0.2026 	 -0.9793 	 0
		0.9793 	 0.2026 	 0
		0 	 0 	 1
		-0.0981 	 0.3089 	 -0.0437
	}
}
{volume "piece23"
	{box 2.28898 8.37878 17.6575}
	{bone "piece13"}
	{matrix34
		-0.1165 	 0.9932 	 0
		-0.9932 	 -0.1165 	 0
		0 	 0 	 1
		-0.0071 	 -0.3912 	 -0.0437
	}
}
