;Exported by:	 tolokolnikova
;Date:			 27.06.2017 14:31:39
;File:			 D:\gem2\gem2-mdl-soldiers\models\building\house_D\D_003_x_fort.max
{skeleton
	{bone "d003_piece08_point"
		{orientation
			1 	 0 	 0
			0 	 -1 	 0
			0 	 0 	 1
		}
		{bone "piece01"
			{Position -8.8948 	 -28.5658 	 43.8383}
			{poly "piece01"}
		}
		{bone "piece03"
			{Position -24.2787 	 -28.5642 	 16.4814}
			{poly "piece03"}
		}
		{bone "piece02"
			{matrix34
				-0.6428 	 0 	 0.766
				0 	 1 	 0
				-0.766 	 0 	 -0.6428
				-3.6086 	 -28.5642 	 4.3944
			}
			{poly "piece02"}
		}
		{bone "sub_piece01"
			{matrix34
				0 	 1 	 0
				-0.342 	 0 	 0.9397
				0.9397 	 0 	 0.342
				5.9907 	 -28.538 	 22.5788
			}
			{poly "sub_piece01"}
		}
		{bone "sub_piece02"
			{matrix34
				0 	 1 	 0
				-0.866 	 0 	 -0.5
				-0.5 	 0 	 0.866
				-24.8639 	 -28.6291 	 1.8003
			}
			{poly "sub_piece02"}
		}
		{bone "d003_piece08"
			{poly "d003_piece08"}
		}
		{bone revolute "attach1"
			{matrix34
				0 	 -1 	 0
				1 	 0 	 0
				0 	 0 	 1
				-13.6599 	 -14.9397 	 -22.3372
			}
		}
		{bone "debris_land_001"
			{parameters "commonmesh;land;ground;"}
			{matrix34
				0 	 1 	 0
				-1 	 0 	 0
				0 	 0 	 1
				3.8362 	 -41.148 	 -22.3719
			}
			{poly "debris_land_001" {ground}}
		}
		{bone "fort_wall"
			{matrix34
				-1 	 0 	 0
				0 	 -1 	 0
				0 	 0 	 1
				-16.5861 	 -37.1976 	 -16.7567
			}
		}
		{bone "stones_001"
			{parameters "commonmesh;land;ground;"}
			{matrix34
				0 	 1 	 0
				-1 	 0 	 0
				0 	 0 	 1
				-3.3472 	 -41.1346 	 -22.3719
			}
			{poly "stones_001" {ground}}
		}
	}
}
{volume "piece01"
	{box 5.90551 12.432 19.4865}
	{bone "piece01"}
	{matrix34
		0 	 1 	 0
		-1 	 0 	 0
		0 	 0 	 1
		0.1324 	 0.1249 	 -0.0706
	}
}
{volume "piece02"
	{box 5.90551 17.6534 20.0711}
	{bone "piece02"}
	{matrix34
		0 	 1 	 0
		-0.4226 	 0 	 0.9063
		0.9063 	 0 	 0.4226
		1.0182 	 -0.2922 	 -0.37
	}
}
{volume "piece03"
	{box 5.90551 23.4965 10.3279}
	{bone "piece03"}
	{matrix34
		0 	 1 	 0
		-0.9563 	 0 	 0.2924
		0.2924 	 0 	 0.9563
		0.2462 	 0.1559 	 0.0784
	}
}
{volume "sub_piece01"
	{box 5.90551 12.432 19.4865}
	{bone "sub_piece01"}
	{Position 0.1324 	 1.1265 	 0.3743}
}
{volume "sub_piece02"
	{box 5.90551 8.7024 11.3022}
	{bone "sub_piece02"}
	{Position 0.1324 	 -0.7574 	 0.1242}
}
{volume "target_vol_001"
	{box 9.84252 11.811 15.6501}
	{bone "d003_piece08_point"}
	{matrix34
		0 	 -1 	 0
		1 	 0 	 0
		0 	 0 	 1
		-13.6599 	 -28.2199 	 4.6731
	}
}
{volume "vol_01"
	{box 16.5335 6.29921 29.9112}
	{bone "d003_piece08"}
	{Position 15.7724 	 -28.5758 	 -9.3501}
}
{volume "vol_02"
	{box 40.6724 6.29921 19.1432}
	{bone "d003_piece08"}
	{Position -10.8574 	 -28.5758 	 -14.7341}
}
