;Exported by	: joomb
;Date			: 13.04.2023 16:25:31
;File			: H:\git\gem2-mdl-soldiers\models\building\building_ua01\building_07_v2_BBB.max
{skeleton
	{bone "b_ua_07_piece07"
		{orientation
			1 	 0 	 0
			0 	 -1 	 0
			0 	 0 	 1
		}
		{poly "b_ua_07_piece07"}
		{bone "fort_wall"
			{matrix34
				0 	 1 	 0
				-1 	 0 	 0
				0 	 0 	 1
				34.0568 	 10.876 	 -48.6922
			}
		}
		{bone "fix01"
			{Position 54.5685 	 -39.0205 	 6.2911}
		}
	}
}
{"volumes"
	{"body01"
		{box 7.67717 7.57874 61.1448}
		{bone "b_ua_07_piece07"}
		{Position -30.0692 	 -34.1186 	 -31.0204}
	}
	{"floor01"
		{box 81.9426 75.8268 1.2229}
		{bone "b_ua_07_piece07"}
		{Position 0.0372 	 -3.7272 	 0.6983}
	}
	{"roof01"
		{polyhedron}
		{bone "b_ua_07_piece07"}
		{matrix34
			1 	 0 	 0
			0 	 0.7573 	 -0.6531
			0 	 0.6531 	 0.7573
			15.1359 	 -24.5394 	 22.1586
		}
	}
	{"roof02"
		{polyhedron}
		{bone "b_ua_07_piece07"}
		{matrix34
			1 	 0 	 0
			0 	 0.7573 	 -0.6531
			0 	 0.6531 	 0.7573
			1.1454 	 -44.106 	 -0.5853
		}
	}
	{"roof03"
		{polyhedron}
		{bone "b_ua_07_piece07"}
		{matrix34
			1 	 0 	 0
			0 	 0.7573 	 -0.6531
			0 	 0.6531 	 0.7573
			12.4336 	 -4.0026 	 45.1189
		}
	}
	{"roof04"
		{box 20.4649 1.9685 30.1762}
		{bone "b_ua_07_piece07"}
		{matrix34
			1 	 0 	 0
			0 	 0.7573 	 -0.6531
			0 	 0.6531 	 0.7573
			27.2389 	 -35.1045 	 11.7425
		}
	}
	{"roof05"
		{polyhedron}
		{bone "b_ua_07_piece07"}
		{matrix34
			0 	 -1 	 0
			0.7857 	 0 	 -0.6187
			0.6187 	 0 	 0.7857
			-39.4966 	 7.0465 	 -1.1832
		}
	}
}
