;Exported by	: KobaA
;Date			: 15.01.2024 17:29:05
;File			: d:\git\gem2-mdl-soldiers\models\building\house_70\house_70_fort_x.max
{skeleton
	{bone "h_70_piece07_x"
		{orientation
			1 	 0 	 0
			0 	 -1 	 0
			0 	 0 	 1
		}
		{bone "piece02"
			{matrix34
				0 	 -1 	 0
				0.866 	 0 	 0.5
				-0.5 	 0 	 0.866
				21.8181 	 -24.7756 	 4.7768
			}
			{poly "piece02"}
		}
		{bone "piece01"
			{matrix34
				0 	 -1 	 0
				1 	 0 	 0
				0 	 0 	 1
				-0.1749 	 -24.7756 	 19.1129
			}
			{poly "piece01"}
		}
		{bone "piece03"
			{matrix34
				0 	 -1 	 0
				0.9063 	 0 	 0.4226
				-0.4226 	 0 	 0.9063
				-25.2671 	 -24.8692 	 2.7379
			}
			{poly "piece03"}
		}
		{bone "sub_piece02"
			{matrix34
				0 	 -1 	 0
				1 	 0 	 0
				0 	 0 	 1
				-7.1736 	 -24.7756 	 9.1438
			}
			{poly "sub_piece02"}
		}
		{bone "sub_piece03"
			{matrix34
				0 	 -1 	 0
				1 	 0 	 0
				0 	 0 	 1
				-8.0721 	 -24.7756 	 -2.7207
			}
			{poly "sub_piece03"}
		}
		{bone "piece05"
			{matrix34
				0 	 -1 	 0
				1 	 0 	 0
				0 	 0 	 1
				4.743 	 -24.7756 	 -7.35
			}
			{poly "piece05"}
		}
		{bone "sub_piece01"
			{matrix34
				0 	 -1 	 0
				1 	 0 	 0
				0 	 0 	 1
				22.2455 	 -24.7756 	 -12.5399
			}
			{poly "sub_piece01"}
		}
		{bone "piece04"
			{matrix34
				0 	 -1 	 0
				0.8192 	 0 	 -0.5736
				0.5736 	 0 	 0.8192
				-14.3833 	 -24.7756 	 -16.1944
			}
			{poly "piece04"}
		}
		{bone "piece06"
			{matrix34
				0 	 -1 	 0
				1 	 0 	 0
				0 	 0 	 1
				10.3686 	 -7.9602 	 22.7758
			}
			{poly "piece06"}
		}
		{bone "piece07"
			{matrix34
				0 	 -1 	 0
				1 	 0 	 0
				0 	 0 	 1
				27.0204 	 -21.4316 	 11.3919
			}
			{poly "piece07"}
		}
		{bone "piece08"
			{matrix34
				0 	 1 	 0
				-1 	 0 	 0
				0 	 0 	 1
				-10.1723 	 -7.6323 	 22.7758
			}
			{poly "piece08"}
		}
		{bone "sub_piece04"
			{matrix34
				-0.7071 	 0 	 0.7071
				0.7071 	 0 	 0.7071
				0 	 1 	 0
				-0.2856 	 -0.0089 	 27.7769
			}
			{poly "sub_piece04"}
		}
	}
}
{"volumes"
	{"piece01"
		{box 5.90551 11.8492 11.2868}
		{bone "piece01"}
		{matrix34
			-1 	 0 	 0
			0 	 -0.9659 	 -0.2588
			0 	 -0.2588 	 0.9659
			0 	 0.2766 	 -0.3175
		}
	}
	{"piece02"
		{box 5.90551 11.8492 15.049}
		{bone "piece02"}
		{matrix34
			-1 	 0 	 0
			0 	 -0.9659 	 -0.2588
			0 	 -0.2588 	 0.9659
			0 	 -0.2103 	 -0.3737
		}
	}
	{"piece03"
		{box 5.90551 15.7342 13.662}
		{bone "piece03"}
		{matrix34
			-1 	 0 	 0
			0 	 -1 	 0
			0 	 0 	 1
			0.1619 	 -0.3249 	 -0.7953
		}
	}
	{"piece04"
		{box 5.90551 19.425 9.6468}
		{bone "piece04"}
		{matrix34
			-1 	 0 	 0
			0 	 -1 	 0
			0 	 0 	 1
			0 	 -0.0604 	 0.5192
		}
	}
	{"piece05"
		{box 5.90551 16.7055 11.4797}
		{bone "piece05"}
		{matrix34
			-1 	 0 	 0
			0 	 -0.7071 	 -0.7071
			0 	 -0.7071 	 0.7071
			0 	 0.7494 	 -0.8435
		}
	}
	{"piece06"
		{box 1.58609 26.0377 17.2144}
		{bone "piece06"}
		{matrix34
			0 	 0.5736 	 0.8192
			-1 	 0 	 0
			0 	 -0.8192 	 0.5736
			-0.3279 	 -3.2669 	 2.1957
		}
	}
	{"piece07"
		{box 1.58609 12.4981 18.8705}
		{bone "piece07"}
		{matrix34
			0 	 0.5736 	 0.8192
			-1 	 0 	 0
			0 	 -0.8192 	 0.5736
			-1.4205 	 0.3913 	 -0.2571
		}
	}
	{"piece08"
		{box 1.58609 26.0377 17.2144}
		{bone "piece08"}
		{matrix34
			0 	 0.5736 	 0.8192
			-1 	 0 	 0
			0 	 -0.8192 	 0.5736
			-0.3279 	 -3.2669 	 2.1957
		}
	}
	{"sub_piece01"
		{box 5.90551 6.31431 10.9153}
		{bone "sub_piece01"}
		{matrix34
			-1 	 0 	 0
			0 	 -0.766 	 0.6428
			0 	 0.6428 	 0.766
			0 	 -0.4428 	 -0.0752
		}
	}
	{"sub_piece02"
		{box 5.90551 8.06137 6.37395}
		{bone "sub_piece02"}
		{matrix34
			-1 	 0 	 0
			0 	 -1 	 0
			0 	 0 	 1
			0 	 0.0694 	 -0.1063
		}
	}
	{"sub_piece03"
		{box 5.90551 9.7125 7.41157}
		{bone "sub_piece03"}
		{matrix34
			-1 	 0 	 0
			0 	 -1 	 0
			0 	 0 	 1
			0 	 -0.3815 	 -0.619
		}
	}
	{"sub_piece04"
		{box 58.0056 3.14961 3.14961}
		{bone "sub_piece04"}
		{matrix34
			0 	 0 	 1
			1 	 0 	 0
			0 	 1 	 0
			-0.1227 	 -0.0113 	 -0.4664
		}
	}
}
