;Exported by: sergienko
;Date:        Mon Nov 28 11:21:06 2005
;File:        D:\-projets1_5\3dwork\anima\construction\hangar_old\Tower_hangar_x.max
{Skeleton
	{bone "air_force_hangar_c2_x"
		{Orientation
			1	0	0
			0	-1	0
			0	0	1
		}
		{bone "piece8"
			{Position -2.73795	32.376	47.497}
			{poly "piece8"}
		}
		{bone "piece3"
			{Position -23.5143	30.0564	41.7091}
			{poly "piece3"}
		}
		{bone "piece4"
			{Position 16.0428	30.0564	44.2092}
			{poly "piece4"}
		}
		{bone "piece5"
			{Position 18.2474	31.3628	24.4277}
			{poly "piece5"}
		}
		{bone "piece7"
			{Position 15.831	31.3628	9.69189}
			{poly "piece7"}
		}
		{bone "piece6"
			{Position 32.3152	31.3628	8.34855}
			{poly "piece6"}
		}
		{bone "piece2"
			{Position -20.8156	31.3628	22.4441}
			{poly "piece2"}
		}
		{bone "piece1"
			{Position -21.8265	31.3628	8.59942}
			{poly "piece1"}
		}
		{bone "fx_dust"
			{Position 1.90247	44.9034	36.7191}
		}
	}
}
{Volume "piece1"
	{Box 21.6091 15.0878 2.61281}
	{Bone "piece1"}
	{Matrix34
		1	0	0
		0	0	1
		0	-1	0
		0	0	0
	}
}
{Volume "piece2"
	{Box 17.5701 14.0934 2.61281}
	{Bone "piece2"}
	{Matrix34
		0.950072	0	0.31203
		-0.31203	0	0.950072
		0	-1	0
		0	0	0
	}
}
{Volume "piece3"
	{Box 20.2397 14.4187 0.590551}
	{Bone "piece3"}
	{Matrix34
		-0.131727	0	0.991286
		-0.991286	0	-0.131727
		0	-1	0
		0	-0.295275	0
	}
}
{Volume "piece4"
	{Box 24.2032 17.3469 0.590551}
	{Bone "piece4"}
	{Matrix34
		0.663992	0	-0.74774
		0.74774	0	0.663992
		0	-1	0
		0	-0.295275	0
	}
}
{Volume "piece5"
	{Box 19.0846 13.8021 2.61281}
	{Bone "piece5"}
	{Matrix34
		1	0	0
		0	0	1
		0	-1	0
		0	0	0
	}
}
{Volume "piece6"
	{Box 16.7738 14.5861 2.61281}
	{Bone "piece6"}
	{Matrix34
		1	0	0
		0	0	1
		0	-1	0
		0	0	0
	}
}
{Volume "piece7"
	{Box 20.3243 17.3469 2.61281}
	{Bone "piece7"}
	{Matrix34
		0.254812	0	-0.966991
		0.966991	0	0.254812
		0	-1	0
		1.89125e-005	0	0
	}
}
{Volume "piece8"
	{Box 13.7795 13.7795 26.3747}
	{Bone "piece8"}
	{Position 0	0	0}
}
