;Exported by:	 tolokolnikova
;Date:			 13.12.2017 19:51:18
;File:			 D:\gem2\gem2-mdl-soldiers\models\building\building_ua01\building_ua01_2v_x.max
{skeleton
	{bone "b_ua_01_piece06_point"
		{orientation
			1 	 0 	 0
			0 	 -1 	 0
			0 	 0 	 1
		}
		{bone "piece01"
			{matrix34
				-1 	 0 	 0
				0 	 -1 	 0
				0 	 0 	 1
				-10.0265 	 16.0959 	 -20.8403
			}
			{poly "piece01"}
		}
		{bone "sub_piece01"
			{matrix34
				-0.4226 	 0 	 -0.9063
				0 	 -1 	 0
				-0.9063 	 0 	 0.4226
				-24.3277 	 16.2111 	 -12.3531
			}
			{poly "sub_piece01"}
		}
		{bone "piece02"
			{matrix34
				0.9848 	 0 	 0.1736
				0 	 -1 	 0
				0.1736 	 0 	 -0.9848
				17.5219 	 16.1854 	 -18.8793
			}
			{poly "piece02"}
		}
		{bone "piece03"
			{matrix34
				-1 	 0 	 0
				0 	 -1 	 0
				0 	 0 	 1
				4.4628 	 16.122 	 -11.9839
			}
			{poly "piece03"}
		}
		{bone "sub_piece02"
			{matrix34
				-1 	 0 	 0
				0 	 -0.766 	 -0.6428
				0 	 -0.6428 	 0.766
				8.537 	 19.7777 	 5.0934
			}
			{poly "sub_piece02"}
		}
		{bone "piece04"
			{matrix34
				0.766 	 0 	 -0.6428
				0 	 -1 	 0
				-0.6428 	 0 	 -0.766
				34.7048 	 16.1854 	 -11.2611
			}
			{poly "piece04"}
		}
		{bone "sub_piece03"
			{matrix34
				-1 	 0 	 0
				0 	 -0.766 	 -0.6428
				0 	 -0.6428 	 0.766
				42.4285 	 19.7777 	 5.0934
			}
			{poly "sub_piece03"}
		}
		{bone "b_ua_01_piece06"
			{Position 93.982 	 -58.4838 	 -58.0326}
			{poly "b_ua_01_piece06"}
		}
		{bone revolute "attach1"
			{matrix34
				0 	 1 	 0
				-1 	 0 	 0
				0 	 0 	 1
				-6.8797 	 4.1623 	 -51.2197
			}
		}
		{bone "debris_land_001"
			{parameters "commonmesh;land;ground;"}
			{matrix34
				0 	 -1 	 0
				1 	 0 	 0
				0 	 0 	 1
				-5.3721 	 30.3706 	 -51.2072
			}
			{poly "debris_land_001" {ground}}
		}
		{bone "fort_wall"
			{Position 2.636 	 26.4202 	 -49.8509}
		}
		{bone "stones_001"
			{parameters "commonmesh;land;ground;"}
			{matrix34
				0 	 -1 	 0
				1 	 0 	 0
				0 	 0 	 1
				-5.3721 	 30.3572 	 -51.2072
			}
			{poly "stones_001" {ground}}
		}
	}
}
{volume "piece01"
	{box 12.5804 5.90551 20.6284}
	{bone "piece01"}
	{Position 0.7108 	 0 	 -0.1085}
}
{volume "piece02"
	{box 7.26521 5.90551 12.1708}
	{bone "piece02"}
	{matrix34
		0.7071 	 0 	 0.7071
		0 	 1 	 0
		-0.7071 	 0 	 0.7071
		0.1063 	 0 	 -1.1668
	}
}
{volume "piece03"
	{box 12.5804 5.90551 11.7207}
	{bone "piece03"}
	{Position 0.2325 	 0 	 -1.0291}
}
{volume "piece04"
	{box 15.2852 5.90551 7.96576}
	{bone "piece04"}
	{matrix34
		-0.866 	 0 	 0.5
		0 	 1 	 0
		-0.5 	 0 	 -0.866
		-0.6084 	 0 	 -0.4335
	}
}
{volume "sub_piece01"
	{box 8.00116 5.90551 8.07709}
	{bone "sub_piece01"}
	{Position -0.1011 	 0 	 0.8291}
}
{volume "sub_piece02"
	{box 8.30309 3.93701 28.0546}
	{bone "sub_piece02"}
	{Position -2.7182 	 -0.1742 	 -3.1302}
}
{volume "sub_piece03"
	{box 8.30309 3.93701 28.0546}
	{bone "sub_piece03"}
	{Position 0.0612 	 -0.1742 	 -3.1302}
}
{volume "target_vol_001"
	{box 9.84252 9.84252 15.6501}
	{bone "b_ua_01_piece06_point"}
	{matrix34
		0 	 1 	 0
		-1 	 0 	 0
		0 	 0 	 1
		-6.8797 	 4.1623 	 -33.0198
	}
}
{volume "vol_00"
	{box 67.2122 11.811 17.6382}
	{bone "b_ua_01_piece06"}
	{matrix34
		-1 	 0 	 0
		0 	 -1 	 0
		0 	 0 	 1
		-106.713 	 79.4665 	 -1.4975
	}
}
{volume "vol_01"
	{box 69.4966 5.90551 12.8487}
	{bone "b_ua_01_piece06"}
	{matrix34
		-1 	 0 	 0
		0 	 -1 	 0
		0 	 0 	 1
		-102.284 	 74.7812 	 13.1178
	}
}
{volume "vol_02"
	{box 12.5094 5.90551 14.9045}
	{bone "b_ua_01_piece06"}
	{matrix34
		-1 	 0 	 0
		0 	 -1 	 0
		0 	 0 	 1
		-73.2938 	 74.7812 	 26.7637
	}
}
{volume "vol_03"
	{box 23.6288 5.90551 21.0719}
	{bone "b_ua_01_piece06"}
	{matrix34
		-1 	 0 	 0
		0 	 -1 	 0
		0 	 0 	 1
		-128.811 	 74.7812 	 30.0183
	}
}
{volume "vol_04"
	{polyhedron}
	{bone "b_ua_01_piece06"}
	{matrix34
		-1 	 0 	 0
		0 	 -1 	 0
		0 	 0 	 1
		-108.527 	 74.7812 	 19.2776
	}
}
