;Exported by	: KobaA
;Date			: 16.01.2024 17:41:43
;File			: d:\git\gem2-mdl-soldiers\models\building\house_d\d_001_x_fort.max
{skeleton
	{bone "d001_piece15_point"
		{orientation
			1 	 0 	 0
			0 	 -1 	 0
			0 	 0 	 1
		}
		{bone "piece01"
			{Position 23.9499 	 -41.733 	 8.2798}
			{poly "piece01"}
		}
		{bone "piece02"
			{Position -15.6922 	 -41.733 	 -2.7099}
			{poly "piece02"}
		}
		{bone "piece03"
			{Position 18.2455 	 -41.733 	 -3.6396}
			{poly "piece03"}
		}
		{bone "sub_piece01"
			{matrix34
				0.3907 	 0 	 -0.9205
				0 	 1 	 0
				-0.9205 	 0 	 -0.3907
				-23.4239 	 15.5578 	 3.638
			}
			{poly "sub_piece01"}
		}
		{bone "sub_piece02"
			{matrix34
				0.3907 	 0 	 -0.9205
				0 	 1 	 0
				-0.9205 	 0 	 -0.3907
				-11.1907 	 -18.8823 	 8.8307
			}
			{poly "sub_piece02"}
		}
		{bone "sub_piece03"
			{matrix34
				0 	 -1 	 0
				0.919 	 0 	 -0.3942
				0.3942 	 0 	 0.919
				23.3874 	 -23.7524 	 6.1664
			}
			{poly "sub_piece03"}
		}
		{bone "sub_piece04"
			{matrix34
				-0.3907 	 0 	 -0.9205
				0 	 -1 	 0
				0.9205 	 0 	 -0.3907
				13.5314 	 1.8908 	 10.1545
			}
			{poly "sub_piece04"}
		}
		{bone "sub_piece05"
			{Position 1.9324 	 -41.733 	 5.441}
			{poly "sub_piece05"}
		}
		{bone "sub_piece07"
			{matrix34
				0 	 -1 	 0
				-0.3905 	 0 	 -0.9206
				-0.9206 	 0 	 0.3905
				36.3077 	 -5.6225 	 -2.035
			}
			{poly "sub_piece07"}
		}
		{bone "sub_piece06"
			{matrix34
				0 	 1 	 0
				0.3905 	 0 	 -0.9206
				0.9206 	 0 	 0.3905
				-34.574 	 -5.6225 	 -3.3246
			}
			{poly "sub_piece06"}
		}
		{bone "sub_piece08"
			{matrix34
				0 	 1 	 0
				0.3905 	 0 	 -0.9206
				0.9206 	 0 	 0.3905
				-34.574 	 -31.5571 	 -3.3246
			}
			{poly "sub_piece08"}
		}
	}
}
{"volumes"
	{"piece01"
		{box 45.4877 12.1433 3.99093}
		{bone "piece01"}
		{matrix34
			0.9063 	 0 	 -0.4226
			0 	 1 	 0
			0.4226 	 0 	 0.9063
			0.2201 	 0 	 0.4721
		}
	}
	{"piece02"
		{box 16.9726 7.87402 16.0218}
		{bone "piece02"}
		{Position 0.3676 	 0 	 0.3179}
	}
	{"piece03"
		{box 13.7954 7.87402 24.0327}
		{bone "piece03"}
		{matrix34
			0.7314 	 0 	 -0.682
			0 	 1 	 0
			0.682 	 0 	 0.7314
			0.14 	 0 	 -0.5112
		}
	}
	{"sub_piece01"
		{box 18.3528 12.8865 0.734194}
		{bone "sub_piece01"}
		{matrix34
			-0.0012 	 0 	 1
			0 	 -1 	 0
			1 	 0 	 0.0012
			0.1567 	 1.4573 	 -0.9012
		}
	}
	{"sub_piece02"
		{box 16.2414 12.8865 0.734194}
		{bone "sub_piece02"}
		{matrix34
			-0.0012 	 0 	 1
			0 	 -1 	 0
			1 	 0 	 0.0012
			0.1316 	 1.8383 	 0.0058
		}
	}
	{"sub_piece03"
		{box 11.6938 12.7576 0.734194}
		{bone "sub_piece03"}
		{matrix34
			0 	 -1 	 -0.005
			1 	 0 	 0
			0 	 -0.005 	 1
			-1.3226 	 -0.0607 	 0.1706
		}
	}
	{"sub_piece04"
		{box 18.3528 12.8865 0.734194}
		{bone "sub_piece04"}
		{matrix34
			-0.0012 	 0 	 1
			0 	 -1 	 0
			1 	 0 	 0.0012
			0.1567 	 1.4573 	 -0.9012
		}
	}
	{"sub_piece05"
		{box 9.74531 7.87402 14.6541}
		{bone "sub_piece05"}
		{Position 0.9389 	 0 	 0.4577}
	}
	{"sub_piece06"
		{box 36.3172 2.81827 3.17166}
		{bone "sub_piece06"}
		{matrix34
			0 	 0.0013 	 -1
			-1 	 0 	 0
			0 	 1 	 0.0013
			0.1953 	 0.3259 	 -2.0146
		}
	}
	{"sub_piece07"
		{box 22.5167 2.81827 3.17166}
		{bone "sub_piece07"}
		{matrix34
			0 	 0.0013 	 -1
			-1 	 0 	 0
			0 	 1 	 0.0013
			0 	 -0.0501 	 -3.0576
		}
	}
	{"sub_piece08"
		{box 36.3172 2.81827 3.17166}
		{bone "sub_piece08"}
		{matrix34
			0 	 0.0013 	 -1
			-1 	 0 	 0
			0 	 1 	 0.0013
			0.1024 	 0.3259 	 -2.0146
		}
	}
}
