;Exported by:	 tolokolnikova
;Date:			 05.02.2016 17:21:43
;File:			 D:\gem2\gem2-mdl-soldiers\models\entourage\ruin_stuff\Oblomki001_g2_x.max
{skeleton
	{bone "ruin_wall_big_g2_x"
		{orientation
			1 	 0 	 0
			0 	 -1 	 0
			0 	 0 	 1
		}
		{poly "ruin_wall_big_g2_x"}
		{bone "piece13"
			{matrix34
				0 	 0.1736 	 -0.9848
				1 	 0 	 0
				0 	 -0.9848 	 -0.1736
				0.0337 	 -53.4706 	 69.9406
			}
			{poly "piece13"}
		}
		{bone "piece01"
			{matrix34
				0 	 -1 	 0
				1 	 0 	 0
				0 	 0 	 1
				-0.0521 	 26.5895 	 20.2933
			}
			{poly "piece01"}
		}
		{bone "piece02"
			{matrix34
				0 	 0.7071 	 0.7071
				1 	 0 	 0
				0 	 0.7071 	 -0.7071
				-0.0578 	 14.0009 	 53.8354
			}
			{poly "piece02"}
		}
		{bone "piece03"
			{matrix34
				0 	 0.4226 	 -0.9063
				1 	 0 	 0
				0 	 -0.9063 	 -0.4226
				-0.0578 	 -67.3314 	 12.2461
			}
			{poly "piece03"}
		}
		{bone "piece11"
			{matrix34
				0 	 -1 	 0
				1 	 0 	 0
				0 	 0 	 1
				-0.1151 	 -66.2014 	 60.7716
			}
			{poly "piece11"}
		}
		{bone "piece12"
			{matrix34
				0 	 0.4226 	 -0.9063
				1 	 0 	 0
				0 	 -0.9063 	 -0.4226
				0.0337 	 35.1967 	 35.8443
			}
			{poly "piece12"}
		}
		{bone "piece04"
			{matrix34
				0 	 0.6428 	 0.766
				1 	 0 	 0
				0 	 0.766 	 -0.6428
				0.0337 	 58.5975 	 8.6796
			}
			{poly "piece04"}
		}
		{bone "piece05"
			{matrix34
				0 	 -0.6428 	 0.766
				1 	 0 	 0
				0 	 0.766 	 0.6428
				-0.0235 	 50.854 	 70.2879
			}
			{poly "piece05"}
		}
		{bone "piece06"
			{matrix34
				0 	 -1 	 0
				1 	 0 	 0
				0 	 0 	 1
				0.0394 	 67.6633 	 41.8433
			}
			{poly "piece06"}
		}
		{bone "piece07"
			{matrix34
				0 	 -1 	 0
				1 	 0 	 0
				0 	 0 	 1
				-0.0521 	 2.6941 	 35.19
			}
			{poly "piece07"}
		}
		{bone "piece08"
			{matrix34
				0 	 0.6428 	 0.766
				1 	 0 	 0
				0 	 0.766 	 -0.6428
				0.0337 	 -37.155 	 34.6559
			}
			{poly "piece08"}
		}
		{bone "piece09"
			{matrix34
				0 	 -1 	 0
				1 	 0 	 0
				0 	 0 	 1
				-0.0521 	 -18.9325 	 19.3345
			}
			{poly "piece09"}
		}
		{bone "piece10"
			{matrix34
				0 	 -1 	 0
				1 	 0 	 0
				0 	 0 	 1
				0.0394 	 -26.8749 	 65.0253
			}
			{poly "piece10"}
		}
		{bone "sub_piece01"
			{matrix34
				0 	 -0.9962 	 -0.0872
				1 	 0 	 0
				0 	 -0.0872 	 0.9962
				-0.0579 	 -44.0373 	 57.9562
			}
			{poly "sub_piece01"}
		}
		{bone "sub_piece06"
			{matrix34
				0 	 0.866 	 -0.5
				1 	 0 	 0
				0 	 -0.5 	 -0.866
				-0.0578 	 -22.3859 	 31.1679
			}
			{poly "sub_piece06"}
		}
		{bone "sub_piece07"
			{matrix34
				0 	 -0.4226 	 0.9063
				1 	 0 	 0
				0 	 0.9063 	 0.4226
				-0.0579 	 -71.4737 	 35.8597
			}
			{poly "sub_piece07"}
		}
		{bone "sub_piece05"
			{matrix34
				0 	 -0.4226 	 0.9063
				1 	 0 	 0
				0 	 0.9063 	 0.4226
				-0.0579 	 26.406 	 68.0236
			}
			{poly "sub_piece05"}
		}
		{bone "sub_piece08"
			{matrix34
				0 	 -0.4226 	 0.9063
				1 	 0 	 0
				0 	 0.9063 	 0.4226
				0.0337 	 3.2249 	 10.2388
			}
			{poly "sub_piece08"}
		}
		{bone "sub_piece09"
			{matrix34
				0 	 -0.2588 	 -0.9659
				1 	 0 	 0
				0 	 -0.9659 	 0.2588
				0.0337 	 -9.4059 	 55.3043
			}
			{poly "sub_piece09"}
		}
		{bone "sub_piece04"
			{matrix34
				0 	 -0.4226 	 0.9063
				1 	 0 	 0
				0 	 0.9063 	 0.4226
				0.0337 	 57.0802 	 52.3656
			}
			{poly "sub_piece04"}
		}
		{bone "sub_piece02"
			{matrix34
				0 	 -0.4226 	 0.9063
				1 	 0 	 0
				0 	 0.9063 	 0.4226
				0.0337 	 72.9489 	 18.9275
			}
			{poly "sub_piece02"}
		}
		{bone "sub_piece03"
			{matrix34
				0 	 0.766 	 -0.6428
				1 	 0 	 0
				0 	 -0.6428 	 -0.766
				-0.0578 	 -43.4261 	 17.1208
			}
			{poly "sub_piece03"}
		}
	}
}
{volume "piece01"
	{box 15.0148 11.811 15.2876}
	{bone "piece01"}
	{Position 0.3021 	 -0.0058 	 -5.1284}
}
{volume "piece02"
	{box 16.2023 11.811 22.7689}
	{bone "piece02"}
	{matrix34
		0.9063 	 0 	 0.4226
		0 	 1 	 0
		-0.4226 	 0 	 0.9063
		-0.0781 	 0 	 -6.3808
	}
}
{volume "piece03"
	{box 19.7589 11.811 22.6556}
	{bone "piece03"}
	{Position -0.2927 	 0 	 -3.6574}
}
{volume "piece04"
	{box 16.2023 11.811 22.7689}
	{bone "piece04"}
	{matrix34
		0.9063 	 0 	 0.4226
		0 	 1 	 0
		-0.4226 	 0 	 0.9063
		-0.0781 	 0 	 -6.3808
	}
}
{volume "piece05"
	{box 19.7589 11.811 16.3892}
	{bone "piece05"}
	{Position -0.5152 	 0 	 -4.4809}
}
{volume "piece06"
	{box 15.0148 11.811 15.2876}
	{bone "piece06"}
	{Position 0.3021 	 -0.0058 	 -5.1284}
}
{volume "piece07"
	{box 15.0148 11.811 15.2876}
	{bone "piece07"}
	{Position 0.3021 	 -0.0058 	 -5.1284}
}
{volume "piece08"
	{box 16.2023 11.811 22.7689}
	{bone "piece08"}
	{matrix34
		0.9063 	 0 	 0.4226
		0 	 1 	 0
		-0.4226 	 0 	 0.9063
		-0.0781 	 0 	 -6.3809
	}
}
{volume "piece09"
	{box 15.0148 11.811 15.2876}
	{bone "piece09"}
	{Position 0.3021 	 -0.0058 	 -5.1284}
}
{volume "piece10"
	{box 15.0148 11.811 15.2876}
	{bone "piece10"}
	{Position 0.3021 	 -0.0058 	 -5.1284}
}
{volume "piece11"
	{box 19.7589 11.811 16.3892}
	{bone "piece11"}
	{Position -0.5153 	 0 	 -3.8066}
}
{volume "piece12"
	{box 19.7589 11.811 22.6556}
	{bone "piece12"}
	{Position -0.2927 	 0 	 -3.6573}
}
{volume "piece13"
	{box 13.2385 11.811 29.9756}
	{bone "piece13"}
	{Position -5.9652 	 0 	 -1.4896}
}
{volume "sub_piece01"
	{box 6.71804 11.811 7.80961}
	{bone "sub_piece01"}
	{Position -0.235 	 0 	 -0.6792}
}
{volume "sub_piece02"
	{box 6.71804 11.811 7.80961}
	{bone "sub_piece02"}
	{Position -0.235 	 0 	 -0.6792}
}
{volume "sub_piece03"
	{box 8.66627 11.811 12.8668}
	{bone "sub_piece03"}
	{matrix34
		0.866 	 0 	 -0.5
		0 	 1 	 0
		0.5 	 0 	 0.866
		0.735 	 0 	 -2.6252
	}
}
{volume "sub_piece04"
	{box 6.71804 11.811 7.80961}
	{bone "sub_piece04"}
	{Position -0.235 	 0 	 -0.6792}
}
{volume "sub_piece05"
	{box 6.71804 11.811 7.80961}
	{bone "sub_piece05"}
	{Position -0.235 	 0 	 -0.6792}
}
{volume "sub_piece06"
	{box 8.66627 11.811 12.8668}
	{bone "sub_piece06"}
	{matrix34
		0.866 	 0 	 -0.5
		0 	 1 	 0
		0.5 	 0 	 0.866
		0.735 	 0 	 -2.6253
	}
}
{volume "sub_piece07"
	{box 6.71804 11.811 7.80961}
	{bone "sub_piece07"}
	{Position -0.235 	 0 	 -0.6792}
}
{volume "sub_piece08"
	{box 6.71804 11.811 7.80961}
	{bone "sub_piece08"}
	{Position -0.235 	 0 	 -0.6792}
}
{volume "sub_piece09"
	{box 6.32638 11.811 8.74942}
	{bone "sub_piece09"}
	{matrix34
		0.866 	 0 	 -0.5
		0 	 1 	 0
		0.5 	 0 	 0.866
		1.5413 	 0 	 -2.8035
	}
}
