;Exported by	: KobaA
;Date			: 17.01.2024 13:26:45
;File			: d:\git\gem2-mdl-soldiers\models\building\water_mill\water_mill_fort_cut.max
{skeleton
	{bone "h_80_g2_piece15"
		{orientation
			1 	 0 	 0
			0 	 -1 	 0
			0 	 0 	 1
		}
		{poly "h_80_g2_piece15"}
		{bone "fix23"
			{Position -17.399 	 11.0512 	 -11.2247}
		}
		{bone "fix22"
			{Position -17.399 	 -12.6274 	 -55.8858}
		}
		{bone "fix21"
			{Position 24.6369 	 -20.0072 	 -34.3161}
		}
	}
}
{"volumes"
	{"body1"
		{box 22.7106 5.90551 43.4654}
		{bone "h_80_g2_piece15"}
		{Position -9.1005 	 -20.0071 	 -13.8506}
	}
	{"body2"
		{box 14.0806 5.90551 16.0822}
		{bone "h_80_g2_piece15"}
		{Position 9.2915 	 -20.0071 	 -0.7374}
	}
	{"body3"
		{box 24.9817 5.90551 22.376}
		{bone "h_80_g2_piece15"}
		{matrix34
			0 	 -1 	 0
			1 	 0 	 0
			0 	 0 	 1
			-17.399 	 -4.7365 	 -22.8613
		}
	}
	{"body4"
		{polyhedron}
		{bone "h_80_g2_piece15"}
		{matrix34
			0 	 -1 	 0
			1 	 0 	 0
			0 	 0 	 1
			-17.399 	 -6.6032 	 -11.5959
		}
	}
	{"roof1"
		{polyhedron}
		{bone "h_80_g2_piece15"}
		{matrix34
			0 	 -1 	 0
			0.5838 	 0 	 0.8119
			-0.8119 	 0 	 0.5838
			-2.7191 	 18.2171 	 31.6834
		}
	}
	{"roof2"
		{polyhedron}
		{bone "h_80_g2_piece15"}
		{matrix34
			0 	 -1 	 0
			0.5838 	 0 	 0.8119
			-0.8119 	 0 	 0.5838
			-11.5514 	 16.1082 	 18.564
		}
	}
	{"roof3"
		{polyhedron}
		{bone "h_80_g2_piece15"}
		{matrix34
			0 	 -1 	 0
			0.5838 	 0 	 0.8119
			-0.8119 	 0 	 0.5838
			-16.1282 	 3.1074 	 12.1986
		}
	}
	{"roof4"
		{polyhedron}
		{bone "h_80_g2_piece15"}
		{matrix34
			1 	 0 	 0
			0 	 0.8263 	 0.5633
			0 	 -0.5633 	 0.8263
			-8.5903 	 16.9912 	 34.3368
		}
	}
	{"roof5"
		{polyhedron}
		{bone "h_80_g2_piece15"}
		{matrix34
			1 	 0 	 0
			0 	 0.8263 	 0.5633
			0 	 -0.5633 	 0.8263
			-4.8921 	 5.0011 	 26.1627
		}
	}
	{"roof6"
		{polyhedron}
		{bone "h_80_g2_piece15"}
		{matrix34
			1 	 0 	 0
			0 	 0.8263 	 0.5633
			0 	 -0.5633 	 0.8263
			-1.8013 	 -6.9373 	 18.0239
		}
	}
	{"roof7"
		{polyhedron}
		{bone "h_80_g2_piece15"}
		{matrix34
			1 	 0 	 0
			0 	 0.8263 	 0.5633
			0 	 -0.5633 	 0.8263
			-8.7186 	 -18.3081 	 10.2719
		}
	}
	{"roof8"
		{polyhedron}
		{bone "h_80_g2_piece15"}
		{matrix34
			1 	 0 	 0
			0 	 0.8263 	 0.5633
			0 	 -0.5633 	 0.8263
			-1.31 	 16.9912 	 34.3368
		}
	}
}
