;Exported by	: joomb
;Date			: 13.04.2023 15:28:34
;File			: H:\git\gem2-mdl-soldiers\models\building\building_ua01\building_ua05_v2.max
{skeleton
	{bone "b_ua_05_piece11"
		{orientation
			1 	 0 	 0
			0 	 -1 	 0
			0 	 0 	 1
		}
		{poly "b_ua_05_piece11"}
		{bone "fix06"
			{Position 22.4803 	 -108.751 	 -32.6741}
		}
		{bone "fix05"
			{Position 10.2823 	 42.9026 	 -34.7278}
		}
	}
}
{"volumes"
	{"roof01"
		{box 52.9601 3.93701 60.603}
		{bone "b_ua_05_piece11"}
		{matrix34
			1 	 0 	 0
			0 	 0.6428 	 -0.766
			0 	 0.766 	 0.6428
			11.6288 	 -72.0455 	 -3.6545
		}
	}
	{"roof02"
		{box 25.5797 3.93701 60.603}
		{bone "b_ua_05_piece11"}
		{matrix34
			1 	 0 	 0
			0 	 0.6428 	 -0.766
			0 	 0.766 	 0.6428
			-27.9016 	 -64.0672 	 3.0401
		}
	}
	{"roof03"
		{polyhedron}
		{bone "b_ua_05_piece11"}
		{matrix34
			1 	 0 	 0
			0 	 0.6428 	 -0.766
			0 	 0.766 	 0.6428
			42.4936 	 -94.443 	 -22.4483
		}
	}
	{"roof04"
		{box 88.7867 3.93701 59.2547}
		{bone "b_ua_05_piece11"}
		{matrix34
			1 	 0 	 0
			0 	 0.6301 	 0.7765
			0 	 -0.7765 	 0.6301
			-0.4072 	 2.0654 	 -2.4943
		}
	}
	{"roof05"
		{polyhedron}
		{bone "b_ua_05_piece11"}
		{matrix34
			1 	 0 	 0
			0 	 0.6301 	 0.7765
			0 	 -0.7765 	 0.6301
			-0.4072 	 34.3711 	 -28.7084
		}
	}
	{"roof06"
		{box 82.401 3.93701 30.176}
		{bone "b_ua_05_piece11"}
		{matrix34
			-1 	 0 	 0
			0 	 -0.6301 	 0.7765
			0 	 0.7765 	 0.6301
			-4.2378 	 -45.9561 	 24.9728
		}
	}
	{"roof07"
		{box 78.7388 3.93701 30.176}
		{bone "b_ua_05_piece11"}
		{matrix34
			1 	 0 	 0
			0 	 0.6301 	 0.7765
			0 	 -0.7765 	 0.6301
			-5.6369 	 -23.3285 	 24.9728
		}
	}
}
