;Exported by:	 kobaa
;Date:			 07.10.2019 12:34:43
;File:			 G:\_GIT_\gem2\gem2-mdl-soldiers\models\fence\hedgehog\wires_square_x.max
{skeleton
	{bone "basis2"
		{orientation
			1 	 0 	 0
			0 	 -1 	 0
			0 	 0 	 1
		}
		{bone "piece5"
			{matrix34
				0.7071 	 0.5 	 0.5
				-0.7071 	 0.5 	 0.5
				0 	 -0.7071 	 0.7071
				0.0462 	 2.9495 	 9.5783
			}
			{LODView
				{poly "piece5"}
				{poly "piece5_lod1"}
				{poly "piece5_lod2"}
			}
		}
		{bone "piece4"
			{matrix34
				0.8314 	 -0.5 	 -0.2425
				-0.5058 	 -0.5 	 -0.703
				0.2302 	 0.7071 	 -0.6686
				-28.7606 	 3.5477 	 9.1119
			}
			{LODView
				{poly "piece4"}
				{poly "piece4_lod1"}
				{poly "piece4_lod2"}
			}
		}
		{bone "piece3"
			{matrix34
				-0.8929 	 -0.3794 	 0.2425
				0.4313 	 -0.5655 	 0.703
				-0.1296 	 0.7323 	 0.6686
				-28.8637 	 -0.714 	 11.6291
			}
			{LODView
				{poly "piece3"}
				{poly "piece3_lod1"}
				{poly "piece3_lod2"}
			}
		}
		{bone "piece6"
			{matrix34
				-0.7071 	 0.5 	 -0.5
				0.7071 	 0.5 	 -0.5
				0 	 -0.7071 	 -0.7071
				1.1107 	 -5.4354 	 7.5259
			}
			{LODView
				{poly "piece6"}
				{poly "piece6_lod1"}
				{poly "piece6_lod2"}
			}
		}
		{bone "piece7"
			{matrix34
				0.7071 	 0.5 	 0.5
				-0.7071 	 0.5 	 0.5
				0 	 -0.7071 	 0.7071
				27.9572 	 0.7551 	 12.3212
			}
			{LODView
				{poly "piece7"}
				{poly "piece7_lod1"}
				{poly "piece7_lod2"}
			}
		}
		{bone "piece8"
			{matrix34
				-0.0062 	 -0.7071 	 -0.7071
				0.0062 	 0.7071 	 -0.7071
				1 	 -0.0087 	 0
				21.4778 	 -0.3457 	 15.059
			}
			{LODView
				{poly "piece8"}
				{poly "piece8_lod1"}
				{poly "piece8_lod2"}
			}
		}
		{bone "piece9"
			{matrix34
				-0.7071 	 0.5 	 -0.5
				0.7071 	 0.5 	 -0.5
				0 	 -0.7071 	 -0.7071
				29.0907 	 -0.6321 	 12.2275
			}
			{LODView
				{poly "piece9"}
				{poly "piece9_lod1"}
				{poly "piece9_lod2"}
			}
		}
		{bone "piece2"
			{matrix34
				0.5294 	 -0.1065 	 -0.8417
				0.1232 	 0.9912 	 -0.048
				0.8394 	 -0.0783 	 0.5379
				-8.4313 	 -1.0946 	 9.2445
			}
			{LODView
				{poly "piece2"}
				{poly "piece2_lod1"}
				{poly "piece2_lod2"}
			}
		}
		{bone "piece1"
			{matrix34
				0.1196 	 0.9302 	 0.3471
				-0.2267 	 -0.3148 	 0.9217
				0.9666 	 -0.1889 	 0.1733
				-28.6589 	 0.573 	 14.1844
			}
			{LODView
				{poly "piece1"}
				{poly "piece1_lod1"}
				{poly "piece1_lod2"}
			}
		}
	}
}
{area "obstacle"
	{obb2
		{center 0.303299 -0.147309}
		{extent 34.9814 14.9382}
		{axis -1 -2.68363e-008}
	}
	{rotate}
}
{volume "piece1"
	{cylinder 1.25559 12.2064}
	{bone "piece1"}
	{matrix34
		0.9071 	 -0.4197 	 0.0316
		-0.4187 	 -0.9075 	 -0.0342
		0.043 	 0.0178 	 -0.9989
		-0.1728 	 -0.259 	 -0.4204
	}
}
{volume "piece2"
	{cylinder 1.25559 27.793}
	{bone "piece2"}
	{matrix34
		-0.0207 	 0.9996 	 0.0174
		0.994 	 0.0187 	 0.1081
		0.1077 	 0.0196 	 -0.994
		-0.5252 	 0.549 	 1.2185
	}
}
{volume "piece3"
	{cylinder 1.37446 34.7754}
	{bone "piece3"}
	{matrix34
		-0.9521 	 0.3045 	 0.0279
		-0.3048 	 -0.9524 	 -0.0079
		0.0242 	 -0.016 	 0.9996
		-0.0828 	 0.0791 	 0.5299
	}
}
{volume "piece4"
	{cylinder 1.37446 26.2456}
	{bone "piece4"}
	{matrix34
		0.9631 	 -0.269 	 -0.0009
		0.269 	 0.9631 	 -0.0056
		0.0024 	 0.0052 	 1
		-0.1271 	 0.0468 	 0.0378
	}
}
{volume "piece5"
	{cylinder 1.37446 27.877}
	{bone "piece5"}
	{matrix34
		0.6892 	 -0.7241 	 -0.0264
		-0.7245 	 -0.6889 	 -0.0212
		-0.0028 	 0.0337 	 -0.9994
		0.3436 	 0.4893 	 -0.0741
	}
}
{volume "piece6"
	{cylinder 1.37446 20.6206}
	{bone "piece6"}
	{matrix34
		-0.7235 	 0.6898 	 -0.0255
		0.6897 	 0.7239 	 0.0143
		0.0284 	 -0.0072 	 -0.9996
		0.2879 	 -0.215 	 0.6956
	}
}
{volume "piece7"
	{cylinder 1.37446 34.7754}
	{bone "piece7"}
	{matrix34
		0.6886 	 -0.7247 	 -0.0255
		-0.7246 	 -0.689 	 0.0137
		-0.0275 	 0.0091 	 -0.9996
		0.2746 	 0.1371 	 0.3134
	}
}
{volume "piece8"
	{cylinder 1.25559 26.4653}
	{bone "piece8"}
	{matrix34
		-0.6892 	 0.7246 	 0.0002
		0.7246 	 0.6891 	 -0.0044
		-0.0033 	 -0.0029 	 -1
		-0.3597 	 0.1642 	 -0.1816
	}
}
{volume "piece9"
	{cylinder 1.37446 34.7754}
	{bone "piece9"}
	{matrix34
		-0.7405 	 0.672 	 -0.0009
		0.6719 	 0.7405 	 0.0152
		0.0109 	 0.0107 	 -0.9999
		0.0771 	 -0.4329 	 -0.4509
	}
}
