;Exported by:	 Цаприлов Олександр
;Date:			 01.09.2020 11:20:27
;File:			 E:\projects\gem2-mdl-soldiers\models\entourage\wine_furniture\wine_furniture.max
{skeleton
	{bone "wine_press01_x"
		{orientation
			1 	 0 	 0
			0 	 -1 	 0
			0 	 0 	 1
		}
		{bone "piece03"
			{Position -4.9149 	 4.9565 	 4.1648}
			{poly "piece03"}
		}
		{bone "piece04"
			{Position 4.9149 	 -4.9565 	 4.1648}
			{poly "piece04"}
		}
		{bone "piece02"
			{Position -3.6368 	 -1.8714 	 17.6695}
			{poly "piece02"}
		}
		{bone "piece01"
			{Position 3.1974 	 1.6622 	 17.6695}
			{poly "piece01"}
		}
	}
}
{volume "piece01"
	{box 7.53413 1.97336 14.1047}
	{bone "piece01"}
	{matrix34
		0.5 	 -0.866 	 0
		0.866 	 0.5 	 0
		0 	 0 	 1
		0.6029 	 0.3898 	 -0.1093
	}
}
{volume "piece02"
	{box 6.40401 1.67736 14.1047}
	{bone "piece02"}
	{matrix34
		0.5 	 -0.866 	 0
		0.866 	 0.5 	 0
		0 	 0 	 1
		-0.3531 	 -0.2068 	 -0.1093
	}
}
{volume "piece03"
	{box 2.18298 2.52515 13.289}
	{bone "piece03"}
	{matrix34
		0.9938 	 0.0208 	 -0.1088
		-0.0088 	 0.9939 	 0.1102
		0.1105 	 -0.1085 	 0.9879
		-0.7148 	 0.452 	 -0.0557
	}
}
{volume "piece04"
	{box 2.18298 2.52515 13.289}
	{bone "piece04"}
	{matrix34
		-0.9938 	 -0.0208 	 -0.1088
		0.0088 	 -0.9939 	 0.1102
		-0.1105 	 0.1085 	 0.9879
		0.5959 	 -0.4056 	 -0.0557
	}
}
