;Exported by:	 tolokolnikova
;Date:			 27.06.2017 14:38:43
;File:			 D:\gem2\gem2-mdl-soldiers\models\building\house_D\D_004_x_fort.max
{skeleton
	{bone "d004_piece02_point"
		{orientation
			1 	 0 	 0
			0 	 -1 	 0
			0 	 0 	 1
		}
		{bone "sub_piece05"
			{matrix34
				0 	 1 	 0
				-1 	 0 	 0
				0 	 0 	 1
				0.9449 	 29.6342 	 -20.2145
			}
			{poly "sub_piece05"}
		}
		{bone "piece01"
			{Position 7.2928 	 16.9615 	 16.2091}
			{poly "piece01"}
		}
		{bone "piece02"
			{Position 7.2928 	 9.1902 	 -2.3184}
			{poly "piece02"}
		}
		{bone "piece03"
			{Position 7.2928 	 -18.3792 	 3.4073}
			{poly "piece03"}
		}
		{bone "piece04"
			{Position 7.2928 	 5.4937 	 -27.9772}
			{poly "piece04"}
		}
		{bone "piece05"
			{matrix34
				0 	 1 	 0
				-1 	 0 	 0
				0 	 0 	 1
				0.9449 	 29.6342 	 4.1078
			}
			{poly "piece05"}
		}
		{bone "sub_piece01"
			{Position 7.2928 	 -26.4705 	 -10.8553}
			{poly "sub_piece01"}
		}
		{bone "sub_piece02"
			{Position 7.229 	 -9.3033 	 -14.406}
			{poly "sub_piece02"}
		}
		{bone "sub_piece03"
			{matrix34
				1 	 0 	 0
				0 	 0.9397 	 0.342
				0 	 -0.342 	 0.9397
				7.2928 	 -6.6937 	 26.1701
			}
			{poly "sub_piece03"}
		}
		{bone "sub_piece04"
			{matrix34
				1 	 0 	 0
				0 	 -0.342 	 0.9397
				0 	 -0.9397 	 -0.342
				7.229 	 25.0688 	 -23.7744
			}
			{poly "sub_piece04"}
		}
		{bone "sub_piece06"
			{Position 1.8276 	 20.1201 	 25.4337}
			{poly "sub_piece06"}
		}
	}
}
{volume "piece01"
	{box 5.90551 19.3153 14.4363}
	{bone "piece01"}
	{Position 0 	 1.3422 	 -0.418}
}
{volume "piece02"
	{box 5.90551 28.7708 17.978}
	{bone "piece02"}
	{matrix34
		1 	 0 	 0
		0 	 0.8192 	 -0.5736
		0 	 0.5736 	 0.8192
		0 	 -0.8123 	 -0.6689
	}
}
{volume "piece03"
	{box 5.90551 13.9966 17.4548}
	{bone "piece03"}
	{matrix34
		1 	 0 	 0
		0 	 0.8192 	 0.5736
		0 	 -0.5736 	 0.8192
		0 	 1.2507 	 1.6728
	}
}
{volume "piece04"
	{box 5.90551 13.9966 18.3275}
	{bone "piece04"}
	{matrix34
		1 	 0 	 0
		0 	 0.9063 	 0.4226
		0 	 -0.4226 	 0.9063
		0 	 0.2658 	 0.4912
	}
}
{volume "piece05"
	{box 5.90551 13.1776 19.422}
	{bone "piece05"}
	{matrix34
		1 	 0 	 0
		0 	 0.9848 	 -0.1736
		0 	 0.1736 	 0.9848
		0 	 0.6358 	 0.2797
	}
}
{volume "sub_piece01"
	{box 5.90551 13.9966 16.2737}
	{bone "sub_piece01"}
	{matrix34
		1 	 0 	 0
		0 	 0.9397 	 0.342
		0 	 -0.342 	 0.9397
		0 	 0.277 	 -0.1227
	}
}
{volume "sub_piece02"
	{box 5.90551 13.9966 8.79302}
	{bone "sub_piece02"}
	{matrix34
		1 	 0 	 0
		0 	 0.8192 	 -0.5736
		0 	 0.5736 	 0.8192
		0 	 0.2145 	 0.4139
	}
}
{volume "sub_piece03"
	{box 5.90551 13.9966 13.1239}
	{bone "sub_piece03"}
	{Position 0 	 0 	 -0.2243}
}
{volume "sub_piece04"
	{box 5.90551 13.9966 8.79302}
	{bone "sub_piece04"}
	{matrix34
		1 	 0 	 0
		0 	 0.8192 	 -0.5736
		0 	 0.5736 	 0.8192
		0 	 0.2145 	 0.4139
	}
}
{volume "sub_piece05"
	{box 5.90551 13.1776 12.6243}
	{bone "sub_piece05"}
	{matrix34
		1 	 0 	 0
		0 	 0.9848 	 -0.1736
		0 	 0.1736 	 0.9848
		0 	 0.0456 	 0.4689
	}
}
{volume "sub_piece06"
	{box 17.7377 16.756 0.984252}
	{bone "sub_piece06"}
	{matrix34
		1 	 0 	 0
		0 	 0.9397 	 -0.342
		0 	 0.342 	 0.9397
		-0.1464 	 0.5914 	 -0.1013
	}
}
