;Exported by:	 tolokolnikova
;Date:			 13.04.2018 16:52:39
;File:			 D:\gem2\gem2-mdl-soldiers\models\building\building_ua01\building_ua02_v2_x.max
{skeleton
	{bone "b_ua_02_piece02_point"
		{orientation
			1 	 0 	 0
			0 	 -1 	 0
			0 	 0 	 1
		}
		{bone "piece01"
			{matrix34
				1 	 0 	 0
				0 	 0.7071 	 0.7071
				0 	 -0.7071 	 0.7071
				-2.9767 	 -21.2526 	 5.047
			}
			{poly "piece01"}
		}
		{bone "piece02"
			{Position -2.9767 	 21.865 	 6.1495}
			{poly "piece02"}
		}
		{bone "piece03"
			{Position -2.9792 	 2.6214 	 7.8568}
			{poly "piece03"}
		}
		{bone "sub_piece02"
			{matrix34
				0 	 1 	 0
				-1 	 0 	 0
				0 	 0 	 1
				-4.0472 	 0.5642 	 13.1966
			}
			{poly "sub_piece02"}
		}
		{bone "sub_piece03"
			{matrix34
				0.8214 	 0.5704 	 0.0086
				-0.4202 	 0.5949 	 0.6852
				0.3857 	 -0.5664 	 0.7283
				10.0199 	 4.2863 	 50.7966
			}
			{poly "sub_piece03"}
		}
		{bone "sub_piece01"
			{matrix34
				-0.0083 	 1 	 0.0047
				-0.8794 	 -0.0096 	 0.4759
				0.4759 	 -0.0001 	 0.8795
				-3.0551 	 -28.338 	 27.1085
			}
			{poly "sub_piece01"}
		}
		{bone "sub_piece04"
			{Position 4.7177 	 -0.2907 	 12.2828}
			{poly "sub_piece04"}
		}
		{bone "b_ua_02_piece_002"
			{Position 70.7881 	 -4.5109 	 -9.9188}
			{poly "b_ua_02_piece_002"}
		}
		{bone revolute "attach1"
			{matrix34
				-1 	 0 	 0
				0 	 -1 	 0
				0 	 0 	 1
				10.6443 	 7.5058 	 -29.2261
			}
		}
		{bone "debris_land_001"
			{parameters "commonmesh;land;ground;"}
			{Position -15.564 	 -2.2333 	 -30.6191}
			{poly "debris_land_001" {ground}}
		}
		{bone "fort_wall"
			{matrix34
				0 	 1 	 0
				-1 	 0 	 0
				0 	 0 	 1
				-11.6136 	 5.7749 	 -25.0038
			}
		}
		{bone "stones_001"
			{parameters "commonmesh;land;ground;"}
			{Position -15.5506 	 -2.2333 	 -30.6191}
			{poly "stones_001" {ground}}
		}
	}
}
{volume "piece01"
	{box 6.49606 18.4914 15.6874}
	{bone "piece01"}
	{matrix34
		1 	 0 	 0
		0 	 0.7071 	 -0.7071
		0 	 0.7071 	 0.7071
		0 	 1.1003 	 0.1122
	}
}
{volume "piece02"
	{box 6.49606 12.2043 10.1968}
	{bone "piece02"}
	{Position 0 	 -0.3321 	 0.278}
}
{volume "piece03"
	{box 6.49606 19.2828 8.76925}
	{bone "piece03"}
	{matrix34
		1 	 0 	 0
		0 	 0.9397 	 0.342
		0 	 -0.342 	 0.9397
		0.0024 	 -1.1802 	 1.0333
	}
}
{volume "sub_piece01"
	{box 3.24803 4.43793 24.1586}
	{bone "sub_piece01"}
	{matrix34
		-0.0095 	 -0.9982 	 0.0597
		1 	 -0.0096 	 -0.0001
		0.0007 	 0.0596 	 0.9982
		3.9277 	 -0.8414 	 -1.897
	}
}
{volume "sub_piece02"
	{box 8.03498 55.7182 0.941243}
	{bone "sub_piece02"}
	{matrix34
		0 	 -1 	 0
		1 	 0 	 0
		0 	 0 	 1
		-0.2584 	 0.0464 	 0.5555
	}
}
{volume "sub_piece03"
	{box 3.98477 3.01001 28.6742}
	{bone "sub_piece03"}
	{matrix34
		0.9763 	 -0.213 	 0.0387
		0.2138 	 0.9767 	 -0.0198
		-0.0336 	 0.0276 	 0.9991
		0.1693 	 0.2006 	 -2.3464
	}
}
{volume "sub_piece04"
	{box 8.63976 59.912 0.941243}
	{bone "sub_piece04"}
	{Position 0.1076 	 0.5964 	 0.145}
}
{volume "target_vol_001"
	{box 11.811 11.811 15.6501}
	{bone "b_ua_02_piece02_point"}
	{matrix34
		-1 	 0 	 0
		0 	 -1 	 0
		0 	 0 	 1
		10.6443 	 7.5058 	 -7.3378
	}
}
{volume "vol003"
	{box 6.44141 56.1441 20.6049}
	{bone "b_ua_02_piece_002"}
	{Position -73.7773 	 6.0449 	 -15.4812}
}
{volume "vol004"
	{box 6.44141 9.54449 16.896}
	{bone "b_ua_02_piece_002"}
	{Position -73.7773 	 29.3449 	 2.9792}
}
{volume "vol005"
	{box 6.377 18.3254 12.1651}
	{bone "b_ua_02_piece_002"}
	{Position -73.7773 	 -19.3717 	 0.6137}
}
{volume "vol006"
	{box 6.377 18.3254 4.5011}
	{bone "b_ua_02_piece_002"}
	{Position -73.7773 	 -2.5406 	 -3.2183}
}
{volume "vol007"
	{box 6.44141 11.7903 35.2344}
	{bone "b_ua_02_piece_002"}
	{matrix34
		0 	 -1 	 0
		1 	 0 	 0
		0 	 0 	 1
		-65.4937 	 30.9474 	 -8.1664
	}
}
