;Exported by	: KobaA
;Date			: 28.03.2024 13:53:20
;File			: d:\git\gem2-mdl-soldiers\models\entourage\shelter_box\shelter_gr001_004_new2_gem2_x.max
{skeleton
	{bone "basis_gr_001"
		{orientation
			1 	 0 	 0
			0 	 -1 	 0
			0 	 0 	 1
		}
		{bone "piece1"
			{Position 8.1384 	 -3.5462 	 0}
			{poly "piece1"}
		}
		{bone "piece4"
			{matrix34
				0.999 	 0.0449 	 -0.006
				0.0449 	 -0.999 	 0.0038
				-0.0058 	 -0.0041 	 -1
				-14.3772 	 -0.7805 	 15.3741
			}
			{poly "piece4"}
		}
		{bone "piece5"
			{matrix34
				0.9683 	 0.2496 	 0
				-0.2496 	 0.9683 	 0
				0 	 0 	 1
				7.2729 	 -1.9825 	 24.3059
			}
			{poly "piece5"}
		}
		{bone "piece2"
			{matrix34
				0.9978 	 -0.0661 	 0
				0.0661 	 0.9978 	 0
				0 	 0 	 1
				10.4008 	 -8.0294 	 22.4249
			}
			{poly "piece2"}
		}
		{bone "piece3"
			{matrix34
				0.9978 	 -0.0661 	 0
				0.0661 	 0.9978 	 0
				0 	 0 	 1
				5.8025 	 -5.1358 	 24.3059
			}
			{poly "piece3"}
		}
		{bone "sub_piece6"
			{matrix34
				0.4008 	 -0.9157 	 0.0289
				0.2526 	 0.1408 	 0.9573
				-0.8806 	 -0.3764 	 0.2877
				8.2443 	 -8.5016 	 27.4639
			}
			{poly "sub_piece6"}
		}
		{bone "sub_piece1"
			{matrix34
				-0.0845 	 0.996 	 0.0302
				-0.173 	 0.0151 	 -0.9848
				-0.9813 	 -0.0885 	 0.171
				2.3961 	 2.0589 	 23.8295
			}
			{poly "sub_piece1"}
		}
		{bone "sub_piece5"
			{matrix34
				-0.0961 	 -0.9954 	 0
				-0.9954 	 0.0961 	 0
				0 	 0 	 -1
				8.8118 	 -15.1845 	 10.1978
			}
			{poly "sub_piece5"}
		}
		{bone "sub_piece2"
			{matrix34
				0.9924 	 -0.0872 	 -0.0868
				0.0868 	 0.9962 	 -0.0076
				0.0872 	 0 	 0.9962
				2.3301 	 -5.3902 	 17.092
			}
			{poly "sub_piece2"}
		}
		{bone "sub_piece3"
			{matrix34
				0.9659 	 0.2588 	 0
				-0.2588 	 0.9659 	 0
				0 	 0 	 1
				2.6333 	 -0.8289 	 13.3476
			}
			{poly "sub_piece3"}
		}
		{bone "sub_piece4"
			{matrix34
				-0.0259 	 -0.1587 	 -0.987
				-0.9967 	 -0.0723 	 0.0377
				-0.0773 	 0.9847 	 -0.1563
				-20.7833 	 -8.5623 	 11.1995
			}
			{poly "sub_piece4"}
		}
		{bone "fx_wood1"
		}
		{bone "fx_dust1"
		}
		{bone "fx_dust2"
		}
		{bone "fx_wood2"
		}
		{bone "fx_wood2a"
		}
	}
}
{"volumes"
	{"piece1"
		{box 15.3717 20.1737 0.767716}
		{bone "piece1"}
		{Position 0 	 -0.0052 	 15.4591}
	}
	{"piece2"
		{box 1.9398 15.2006 0.20079}
		{bone "piece2"}
		{matrix34
			-0.009 	 0.9204 	 0.3908
			-0.9951 	 -0.0466 	 0.0868
			0.0982 	 -0.3881 	 0.9164
			0.0796 	 -4.2687 	 3.185
		}
	}
	{"piece3"
		{box 1.9398 15.2006 0.20079}
		{bone "piece3"}
		{matrix34
			0.061 	 0.9779 	 -0.2001
			-0.9847 	 0.0918 	 0.1484
			0.1635 	 0.1879 	 0.9685
			1.1251 	 0.0655 	 0.5807
		}
	}
	{"piece4"
		{box 12.7452 0.473744 6.13401}
		{bone "piece4"}
		{matrix34
			1 	 0 	 0.0022
			-0.0022 	 0 	 1
			0 	 -1 	 0
			3.3741 	 0.064 	 0.1448
		}
	}
	{"piece5"
		{box 1.9398 15.2006 0.20079}
		{bone "piece5"}
		{matrix34
			0.0193 	 0.9796 	 -0.2001
			-0.9877 	 0.0498 	 0.1484
			0.1554 	 0.1947 	 0.9685
			-0.0026 	 0.1185 	 0.4255
		}
	}
	{"sub_piece1"
		{box 6.67397 7.98261 0.914921}
		{bone "sub_piece1"}
		{matrix34
			0.9999 	 -0.0093 	 -0.0127
			0.0145 	 0.2174 	 0.976
			-0.0063 	 -0.976 	 0.2175
			0.0231 	 -0.0452 	 0.1019
		}
	}
	{"sub_piece2"
		{box 1.09979 0.973195 12.0728}
		{bone "sub_piece2"}
		{matrix34
			0.0079 	 -0.0091 	 0.9999
			-0.0095 	 0.9999 	 0.0092
			-0.9999 	 -0.0095 	 0.0079
			0.4806 	 -0.0432 	 -0.0918
		}
	}
	{"sub_piece3"
		{box 0.848221 0.925499 12.4827}
		{bone "sub_piece3"}
		{matrix34
			0.0184 	 0.0292 	 0.9994
			-0.0057 	 0.9996 	 -0.0291
			-0.9998 	 -0.0051 	 0.0186
			0.2794 	 -0.0396 	 -0.0138
		}
	}
	{"sub_piece4"
		{box 0.466136 8.27372 12.4903}
		{bone "sub_piece4"}
		{matrix34
			-0.0737 	 0.0121 	 0.9972
			-0.0073 	 -0.9999 	 0.0116
			0.9972 	 -0.0065 	 0.0738
			-0.0814 	 -6.1 	 -1.4615
		}
	}
	{"sub_piece5"
		{box 7.25881 13.7927 0.407558}
		{bone "sub_piece5"}
		{matrix34
			-0.1197 	 0.0345 	 -0.9922
			0.0181 	 0.9993 	 0.0326
			0.9926 	 -0.014 	 -0.1203
			-0.0766 	 -0.3057 	 -1.4621
		}
	}
	{"sub_piece6"
		{box 1.9398 15.2006 0.20079}
		{bone "sub_piece6"}
		{matrix34
			-0.0667 	 0.1924 	 -0.979
			-0.996 	 0.0454 	 0.0768
			0.0592 	 0.9803 	 0.1886
			-0.0637 	 0.2682 	 -0.1254
		}
	}
}
