;Exported by	: KobaA
;Date			: 12.12.2023 17:17:34
;File			: d:\git\gem2-mdl-soldiers\models\landscape\rock\rock_m10_g2\rock_m10_g2.max
{skeleton
	{bone "rock_m10e_g2"
		{orientation
			1 	 0 	 0
			0 	 -1 	 0
			0 	 0 	 1
		}
		{poly "rock_m10e_g2"}
	}
}
{obstacle "obstacle01"
	{polygon2
		{radius 0}
		{vertex 35.6484 -47.3506}
		{vertex 53.9626 -36.3039}
		{vertex 64.1372 2.3595}
		{vertex 34.4856 27.3599}
		{vertex -7.8212 54.0436}
		{vertex -35.9605 62.5038}
		{vertex -48.6553 57.8837}
		{vertex -59.702 35.4995}
		{vertex -60.2834 -42.4087}
		{vertex -19.2944 -61.595}
	}
	{rotate}
}
{"volumes"
	{"rock01_vol001"
		{polyhedron}
		{bone "rock_m10e_g2"}
		{matrix34
			0.7996 	 -0.4708 	 -0.3728
			0.4267 	 0.8822 	 -0.199
			0.4226 	 0 	 0.9063
			-25.8595 	 28.4605 	 20.9258
		}
	}
	{"rock01_vol002"
		{polyhedron}
		{bone "rock_m10e_g2"}
		{matrix34
			0.9235 	 0.2911 	 0.2497
			-0.382 	 0.6409 	 0.6658
			0.0338 	 -0.7103 	 0.7031
			23.8188 	 12.7539 	 9.3007
		}
	}
	{"rock01_vol003"
		{polyhedron}
		{bone "rock_m10e_g2"}
		{matrix34
			-0.7747 	 -0.4433 	 -0.451
			-0.2193 	 0.8572 	 -0.4659
			0.5931 	 -0.262 	 -0.7613
			-27.6807 	 -28.241 	 5.8917
		}
	}
}
