;Exported by	: KobaA
;Date			: 18.01.2024 15:43:03
;File			: d:\git\gem2-mdl-soldiers\models\building\house_d\d_002_cut_fort.max
{skeleton
	{bone "d002_piece12"
		{orientation
			1 	 0 	 0
			0 	 -1 	 0
			0 	 0 	 1
		}
		{poly "d002_piece12"}
		{bone "attach2"
			{matrix34
				0 	 -1 	 0
				1 	 0 	 0
				0 	 0 	 1
				23.0575 	 -25.4907 	 -35.554
			}
		}
		{bone "window2"
			{matrix34
				0 	 1 	 0
				0 	 0 	 1
				1 	 0 	 0
				22.9344 	 -37.8315 	 -1.7286
			}
			{poly "window2"}
		}
		{bone "window2_x"
			{matrix34
				0 	 1 	 0
				0 	 0 	 1
				1 	 0 	 0
				22.9344 	 -37.8315 	 -1.7286
			}
			{poly "window2_x"}
		}
		{bone "fort_window"
			{matrix34
				0 	 1 	 0
				-1 	 0 	 0
				0 	 0 	 1
				25.1252 	 -44.8485 	 -3.149
			}
		}
		{bone "fort_wall"
			{matrix34
				-1 	 0 	 0
				0 	 -1 	 0
				0 	 0 	 1
				24.4705 	 -47.2529 	 -29.9387
			}
		}
	}
}
{"volumes"
	{"body01"
		{box 5.90551 54.179 36.8035}
		{bone "d002_piece12"}
		{matrix34
			0 	 -1 	 0
			1 	 0 	 0
			0 	 0 	 1
			26.4582 	 -38.7842 	 -27.9994
		}
	}
	{"body02"
		{box 5.90551 58.7518 23.1862}
		{bone "d002_piece12"}
		{matrix34
			0 	 -1 	 0
			1 	 0 	 0
			0 	 0 	 1
			16.0053 	 -38.7842 	 1.9973
		}
	}
	{"hole2"
		{box 35.7476 12.9921 13.6474}
		{bone "d002_piece12"}
		{Position 24.0374 	 -38.5939 	 -2.8664}
	}
	{"roof1"
		{box 37.1043 1.03287 96.6853}
		{bone "d002_piece12"}
		{matrix34
			1 	 0 	 0
			0 	 -0.3746 	 0.9272
			0 	 -0.9272 	 -0.3746
			-3.118 	 -1.4395 	 32.5526
		}
	}
	{"roof2"
		{box 30.7795 1.03287 47.7128}
		{bone "d002_piece12"}
		{matrix34
			1 	 0 	 0
			0 	 -0.3746 	 0.9272
			0 	 -0.9272 	 -0.3746
			-34.2434 	 -8.421 	 29.7319
		}
	}
	{"roof3"
		{box 33.3939 1.03287 64.4703}
		{bone "d002_piece12"}
		{matrix34
			1 	 0 	 0
			0 	 -0.3746 	 0.9272
			0 	 -0.9272 	 -0.3746
			30.4341 	 -16.1896 	 26.5931
		}
	}
	{"window2"
		{polyhedron}
		{bone "window2"}
		{matrix34
			0 	 0 	 1
			1 	 0 	 0
			0 	 1 	 0
			0.2709 	 -7.9616 	 1.1028
		}
	}
}
