;Exported by:	 tolokolnikova
;Date:			 27.06.2017 14:38:42
;File:			 D:\gem2\gem2-mdl-soldiers\models\building\house_D\D_004_x_fort.max
{skeleton
	{bone "d004_piece27_point"
		{orientation
			1 	 0 	 0
			0 	 -1 	 0
			0 	 0 	 1
		}
		{bone "d004_piece035"
			{poly "d004_piece035"}
		}
		{bone "sub_piece01"
			{Position 5.3303 	 -4.4779 	 29.2172}
			{poly "sub_piece01"}
		}
		{bone "sub_piece03"
			{Position 24.6672 	 19.4148 	 31.3769}
			{poly "sub_piece03"}
		}
		{bone "sub_piece05"
			{Position -23.6333 	 -1.7427 	 21.8217}
			{poly "sub_piece05"}
		}
		{bone "sub_piece06"
			{Position 30.4157 	 19.2748 	 6.6059}
			{poly "sub_piece06"}
		}
		{bone "sub_piece02"
			{Position 2.2986 	 29.4097 	 15.3078}
			{poly "sub_piece02"}
		}
		{bone "piece01"
			{Position 30.3604 	 -1.865 	 23.7014}
			{poly "piece01"}
		}
		{bone "piece02"
			{Position 30.6378 	 22.1824 	 18.8313}
			{poly "piece02"}
		}
		{bone "piece04"
			{Position 22.2377 	 29.3347 	 16.4602}
			{poly "piece04"}
		}
		{bone "piece03"
			{matrix34
				0.4271 	 0 	 0.9042
				0 	 1 	 0
				-0.9042 	 0 	 0.4271
				-20.9106 	 29.4042 	 8.9975
			}
			{poly "piece03"}
		}
		{bone "sub_piece04"
			{Position 30.4429 	 -21.8432 	 25.5905}
			{poly "sub_piece04"}
		}
	}
}
{volume "piece01"
	{box 5.90551 23.3665 13.2397}
	{bone "piece01"}
	{matrix34
		1 	 0 	 0
		0 	 0.9848 	 -0.1736
		0 	 0.1736 	 0.9848
		-0.0942 	 -1.5083 	 0.698
	}
}
{volume "piece02"
	{box 5.90551 16.2058 15.9644}
	{bone "piece02"}
	{Position 0 	 0.3678 	 2.6749}
}
{volume "piece03"
	{box 5.90551 25.0306 15.2813}
	{bone "piece03"}
	{matrix34
		0 	 -1 	 0
		0.8192 	 0 	 -0.5736
		0.5736 	 0 	 0.8192
		-2.1768 	 -0.4263 	 -1.1969
	}
}
{volume "piece04"
	{box 5.90551 16.2058 19.9555}
	{bone "piece04"}
	{matrix34
		0 	 1 	 0
		-1 	 0 	 0
		0 	 0 	 1
		0 	 0.0072 	 -0.3526
	}
}
{volume "sub_piece01"
	{box 0.984252 17.4958 14.4663}
	{bone "sub_piece01"}
	{matrix34
		-0.1736 	 0 	 0.9848
		0 	 -1 	 0
		0.9848 	 0 	 0.1736
		0.1227 	 0 	 0.1674
	}
}
{volume "sub_piece02"
	{box 5.90551 13.1776 14.5665}
	{bone "sub_piece02"}
	{matrix34
		0 	 -1 	 0
		0.9848 	 0 	 -0.1736
		0.1736 	 0 	 0.9848
		-0.149 	 -1.0505 	 0.3526
	}
}
{volume "sub_piece03"
	{box 0.984252 28.2242 23.2908}
	{bone "sub_piece03"}
	{matrix34
		-0.1736 	 0 	 0.9848
		0 	 -1 	 0
		0.9848 	 0 	 0.1736
		0.0133 	 -0.5861 	 0.2573
	}
}
{volume "sub_piece04"
	{box 5.90551 7.97808 10.8133}
	{bone "sub_piece04"}
	{matrix34
		-1 	 0 	 0
		0 	 0 	 -1
		0 	 -1 	 0
		-0.5954 	 -0.536 	 -0.415
	}
}
{volume "sub_piece05"
	{box 0.984252 18.0635 23.2908}
	{bone "sub_piece05"}
	{matrix34
		-0.1736 	 0 	 0.9848
		0 	 -1 	 0
		0.9848 	 0 	 0.1736
		0.0133 	 4.517 	 0.2573
	}
}
{volume "sub_piece06"
	{box 5.90551 11.7281 11.0239}
	{bone "sub_piece06"}
	{matrix34
		1 	 0 	 0
		0 	 0.9848 	 -0.1736
		0 	 0.1736 	 0.9848
		0 	 -0.762 	 -1.4963
	}
}
{volume "vol_012"
	{box 30.6633 6.0618 18.999}
	{bone "d004_piece035"}
	{matrix34
		0.9063 	 0 	 -0.4226
		0 	 1 	 0
		0.4226 	 0 	 0.9063
		-13.2332 	 29.8921 	 -9.2914
	}
}
{volume "vol_013"
	{polyhedron}
	{bone "d004_piece035"}
	{matrix34
		1 	 0 	 0
		0 	 1 	 0
		0 	 0 	 1
		22.4372 	 29.8921 	 -12.4119
	}
}
{volume "vol_014"
	{box 22.0473 6.0618 15.146}
	{bone "d004_piece035"}
	{matrix34
		0 	 -1 	 0
		1 	 0 	 0
		0 	 0 	 1
		30.462 	 21.4711 	 -18.2866
	}
}
{volume "vol_015"
	{box 12.3465 6.0618 12.8741}
	{bone "d004_piece035"}
	{matrix34
		0 	 -1 	 0
		1 	 0 	 0
		0 	 0 	 1
		30.462 	 26.1391 	 -5.0983
	}
}
{volume "vol_016"
	{box 50.2677 6.0618 13.0255}
	{bone "d004_piece035"}
	{matrix34
		1 	 0 	 0
		0 	 1 	 0
		0 	 0 	 1
		8.2617 	 29.8921 	 -19.3468
	}
}
