;Exported by: kolesnikov
;Date:        Mon Oct 10 16:12:23 2005
;File:        D:\-Project-\-3DWork-\mine.max
{Skeleton
	{bone "mine_cave"
		{Orientation
			1	0	0
			0	-1	0
			0	0	1
		}
		{VolumeView "mine_cave.ply"}
	}
}
{Obstacle "obstacle3"
	{Obb2
		{Center 6.57221 0.0443764}
		{Extent 31.6882 60.2967}
		{Axis -1 0}
	}
	{Rotate}
}
{Volume "body03"
	{Box 56.8552 29.8472 71.4614}
	{Bone "mine_cave"}
	{Matrix34
		1	0	0
		0	0.983595	-0.180392
		0	0.180392	0.983595
		10.0788	-42.1868	35.0941
	}
}
{Volume "body02"
	{Box 24.4477 101.48 49.2369}
	{Bone "mine_cave"}
	{Matrix34
		0.505485	0	0.862835
		0	1	0
		-0.862835	0	0.505485
		4.55705	2.35638	75.3311
	}
}
{Volume "body01"
	{Box 56.8552 29.8472 71.4614}
	{Bone "mine_cave"}
	{Matrix34
		1	0	0
		0	0.992326	0.123652
		0	-0.123652	0.992326
		10.0788	41.7624	35.4057
	}
}
