;Exported by:	 tolokolnikova
;Date:			 27.04.2016 10:40:22
;File:			 D:\gem2\gem2-mdl-soldiers\models\building\hangar_wood\HW2_x.max
{skeleton
	{bone "hangar_piece_06"
		{orientation
			1 	 0 	 0
			0 	 -1 	 0
			0 	 0 	 1
		}
		{bone "piece01"
			{Position 2.834 	 34.9206 	 17.5363}
			{poly "piece01"}
		}
		{bone "piece02"
			{matrix34
				0.6947 	 0 	 0.7193
				0 	 1 	 0
				-0.7193 	 0 	 0.6947
				15.9156 	 34.9206 	 -7.5098
			}
			{poly "piece02"}
		}
		{bone "piece03"
			{Position 32.5839 	 34.9206 	 11.5359}
			{poly "piece03"}
		}
		{bone "piece04"
			{Position 35.2263 	 34.9206 	 -27.5582}
			{poly "piece04"}
		}
		{bone "piece05"
			{Position 4.0761 	 34.9206 	 -22.8633}
			{poly "piece05"}
		}
		{bone "piece06"
			{matrix34
				-0.3907 	 0 	 -0.9205
				0 	 1 	 0
				0.9205 	 0 	 -0.3907
				37.6996 	 34.9206 	 31.9225
			}
			{poly "piece06"}
		}
		{bone "piece07"
			{matrix34
				0 	 -1 	 0
				1 	 0 	 0
				0 	 0 	 1
				46.379 	 15.133 	 30.3939
			}
			{poly "piece07"}
		}
		{bone "piece08"
			{matrix34
				0 	 -0.9659 	 0.2588
				1 	 0 	 0
				0 	 0.2588 	 0.9659
				46.379 	 23.8282 	 5.6178
			}
			{poly "piece08"}
		}
		{bone "piece09"
			{matrix34
				0 	 -0.2924 	 -0.9563
				1 	 0 	 0
				0 	 -0.9563 	 0.2924
				46.0922 	 -3.2602 	 -6.7019
			}
			{poly "piece09"}
		}
		{bone "piece10"
			{matrix34
				0 	 -1 	 0
				1 	 0 	 0
				0 	 0 	 1
				46.3185 	 21.2 	 -32.8722
			}
			{poly "piece10"}
		}
		{bone "sub_piece01"
			{matrix34
				0.6428 	 0 	 0.766
				0 	 1 	 0
				-0.766 	 0 	 0.6428
				33.2781 	 34.9206 	 -8.4102
			}
			{poly "sub_piece01"}
		}
		{bone "sub_piece02"
			{Position 14.884 	 34.9206 	 -33.0503}
			{poly "sub_piece02"}
		}
		{bone "sub_piece03"
			{Position -12.0877 	 34.9206 	 31.2812}
			{poly "sub_piece03"}
		}
		{bone "sub_piece04"
			{Position 13.539 	 34.9206 	 33.7444}
			{poly "sub_piece04"}
		}
		{bone "sub_piece05"
			{matrix34
				0.1908 	 0 	 -0.9816
				0 	 1 	 0
				0.9816 	 0 	 0.1908
				-13.1841 	 34.9206 	 -0.4197
			}
			{poly "sub_piece05"}
		}
		{bone "sub_piece06"
			{matrix34
				0 	 -1 	 0
				1 	 0 	 0
				0 	 0 	 1
				46.0815 	 0.1516 	 13.8778
			}
			{poly "sub_piece06"}
		}
		{bone "sub_piece07"
			{matrix34
				0 	 -0.1908 	 -0.9816
				1 	 0 	 0
				0 	 -0.9816 	 0.1908
				46.2421 	 16.8179 	 -14.5
			}
			{poly "sub_piece07"}
		}
		{bone "sub_piece08"
			{matrix34
				0 	 -1 	 0
				1 	 0 	 0
				0 	 0 	 1
				46.2076 	 3.8723 	 -28.0805
			}
			{poly "sub_piece08"}
		}
		{bone "sub_piece09"
			{matrix34
				-1 	 0.0058 	 0
				-0.0058 	 -1 	 0
				0 	 0 	 1
				38.8936 	 21.8041 	 45.1449
			}
			{poly "sub_piece09"}
		}
		{bone "sub_piece10"
			{matrix34
				-1 	 0.0058 	 0
				-0.0058 	 -1 	 0
				0 	 0 	 1
				10.4289 	 34.5214 	 43.2975
			}
			{poly "sub_piece10"}
		}
	}
}
{volume "piece01"
	{box 26.0528 5.02991 15.5934}
	{bone "piece01"}
	{matrix34
		0.9903 	 0 	 -0.1392
		0 	 1 	 0
		0.1392 	 0 	 0.9903
		-1.5619 	 0 	 -0.4994
	}
}
{volume "piece02"
	{box 22.6546 5.02991 22.3721}
	{bone "piece02"}
	{matrix34
		0.7193 	 0 	 -0.6947
		0 	 1 	 0
		0.6947 	 0 	 0.7193
		0.5986 	 0 	 1.405
	}
}
{volume "piece03"
	{box 22.6546 5.02991 18.3451}
	{bone "piece03"}
	{Position 0.132 	 0 	 0.4039}
}
{volume "piece04"
	{box 22.6546 5.02991 15.9801}
	{bone "piece04"}
	{matrix34
		0.8829 	 0 	 -0.4695
		0 	 1 	 0
		0.4695 	 0 	 0.8829
		0.7889 	 0 	 -1.0419
	}
}
{volume "piece05"
	{box 17.2175 5.02991 12.3047}
	{bone "piece05"}
	{matrix34
		0.9994 	 0 	 0.0349
		0 	 1 	 0
		-0.0349 	 0 	 0.9994
		-0.0911 	 0 	 0.476
	}
}
{volume "piece06"
	{box 18.1817 5.02991 13.9511}
	{bone "piece06"}
	{matrix34
		-0.4226 	 0 	 0.9063
		0 	 1 	 0
		-0.9063 	 0 	 -0.4226
		-0.1335 	 0 	 -0.3404
	}
}
{volume "piece07"
	{box 23.2497 5.03493 19.3691}
	{bone "piece07"}
	{Position -0.5087 	 0 	 0.5663}
}
{volume "piece08"
	{box 23.2497 5.03493 19.3691}
	{bone "piece08"}
	{Position 0 	 0 	 -0.305}
}
{volume "piece09"
	{box 26.0528 5.02991 15.5934}
	{bone "piece09"}
	{matrix34
		0.9903 	 0 	 -0.1392
		0 	 1 	 0
		0.1392 	 0 	 0.9903
		-1.5619 	 0 	 -0.4994
	}
}
{volume "piece10"
	{box 17.2175 5.02991 12.3047}
	{bone "piece10"}
	{matrix34
		0.9994 	 0 	 0.0349
		0 	 1 	 0
		-0.0349 	 0 	 0.9994
		-0.0911 	 0 	 0.476
	}
}
{volume "sub_piece01"
	{box 9.46961 5.02991 9.72068}
	{bone "sub_piece01"}
	{matrix34
		0.9994 	 0 	 0.0349
		0 	 1 	 0
		-0.0349 	 0 	 0.9994
		0.189 	 0 	 0.1695
	}
}
{volume "sub_piece02"
	{box 14.7255 5.02991 7.83024}
	{bone "sub_piece02"}
	{matrix34
		0.891 	 0 	 0.454
		0 	 1 	 0
		-0.454 	 0 	 0.891
		0.076 	 0 	 -0.6438
	}
}
{volume "sub_piece03"
	{box 10.3145 5.02991 7.96953}
	{bone "sub_piece03"}
	{matrix34
		0.7071 	 0 	 -0.7071
		0 	 1 	 0
		0.7071 	 0 	 0.7071
		0.2989 	 0 	 0.3735
	}
}
{volume "sub_piece04"
	{box 11.0908 5.02991 10.6029}
	{bone "sub_piece04"}
	{matrix34
		0.9994 	 0 	 0.0349
		0 	 1 	 0
		-0.0349 	 0 	 0.9994
		0.233 	 0 	 0.4825
	}
}
{volume "sub_piece05"
	{box 9.46961 5.02991 9.72068}
	{bone "sub_piece05"}
	{matrix34
		0.1564 	 0 	 0.9877
		0 	 1 	 0
		-0.9877 	 0 	 0.1564
		0.0555 	 0 	 0.0322
	}
}
{volume "sub_piece06"
	{box 11.0908 5.02991 10.6029}
	{bone "sub_piece06"}
	{matrix34
		0.9994 	 0 	 0.0349
		0 	 1 	 0
		-0.0349 	 0 	 0.9994
		0.233 	 0 	 0.4825
	}
}
{volume "sub_piece07"
	{box 9.46961 5.02991 10.7716}
	{bone "sub_piece07"}
	{matrix34
		0.1564 	 0 	 0.9877
		0 	 1 	 0
		-0.9877 	 0 	 0.1564
		0.0013 	 0 	 0.0241
	}
}
{volume "sub_piece08"
	{box 10.3145 5.02991 7.96953}
	{bone "sub_piece08"}
	{matrix34
		0.7071 	 0 	 -0.7071
		0 	 1 	 0
		0.7071 	 0 	 0.7071
		0.2989 	 0 	 0.3735
	}
}
{volume "sub_piece09"
	{box 23.4981 1.19832 24.7736}
	{bone "sub_piece09"}
	{matrix34
		1 	 0 	 0
		0 	 0.1544 	 -0.988
		0 	 0.988 	 0.1544
		0.2914 	 -0.8337 	 0.2175
	}
}
{volume "sub_piece10"
	{box 35.8394 1.19832 16.5215}
	{bone "sub_piece10"}
	{matrix34
		1 	 0 	 0
		0 	 0.1544 	 -0.988
		0 	 0.988 	 0.1544
		1.6443 	 1.7489 	 0.77
	}
}
