;Exported by:	 tolokolnikova
;Date:			 11.06.2018 12:51:43
;File:			 D:\gem2\gem2-mdl-soldiers\models\building\house_uk\house_uk_001_x.max
{skeleton
	{bone "hs_ua_piece_08_x_point"
		{orientation
			1 	 0 	 0
			0 	 -1 	 0
			0 	 0 	 1
		}
		{bone "piece01"
			{matrix34
				0 	 0 	 -1
				0 	 1 	 0
				1 	 0 	 0
				-19.1624 	 3.789 	 14.2485
			}
			{poly "piece01"}
		}
		{bone "piece13"
			{matrix34
				-1 	 0 	 0
				0 	 -0.5878 	 -0.809
				0 	 -0.809 	 0.5878
				-6.8574 	 7.5188 	 13.1766
			}
			{poly "piece13"}
		}
		{bone "piece15"
			{matrix34
				1 	 0 	 0
				0 	 0.5736 	 -0.8192
				0 	 0.8192 	 0.5736
				-29.3625 	 0.9161 	 14.0953
			}
			{poly "piece15"}
		}
		{bone "piece14"
			{matrix34
				-1 	 0 	 0
				0 	 -0.5736 	 -0.8192
				0 	 -0.8192 	 0.5736
				-49.4858 	 10.9237 	 10.6388
			}
			{poly "piece14"}
		}
		{bone "piece12"
			{matrix34
				-1 	 0 	 0
				0 	 -0.6561 	 -0.7547
				0 	 -0.7547 	 0.6561
				14.7375 	 7.9956 	 13.4004
			}
			{poly "piece12"}
		}
		{bone "piece02"
			{matrix34
				0 	 0 	 1
				0 	 1 	 0
				-1 	 0 	 0
				-3.2723 	 3.789 	 8.7525
			}
			{poly "piece02"}
		}
		{bone "piece03"
			{matrix34
				1 	 0 	 0
				0 	 -0.766 	 0.6428
				0 	 0.6428 	 0.766
				-25.0383 	 -8.4637 	 -1.3695
			}
			{poly "piece03"}
		}
		{bone "piece04"
			{matrix34
				1 	 0 	 0
				0 	 -0.766 	 0.6428
				0 	 0.6428 	 0.766
				33.5512 	 -10.8247 	 -4.1831
			}
			{poly "piece04"}
		}
		{bone "piece05"
			{matrix34
				1 	 0 	 0
				0 	 0.766 	 0.6428
				0 	 -0.6428 	 0.766
				33.5512 	 11.5665 	 3.8288
			}
			{poly "piece05"}
		}
		{bone "piece06"
			{matrix34
				1 	 0 	 0
				0 	 0.766 	 0.6428
				0 	 -0.6428 	 0.766
				-25.0383 	 24.4494 	 -11.5244
			}
			{poly "piece06"}
		}
		{bone "piece11"
			{Position -8.593 	 3.789 	 -1.4521}
			{poly "piece11"}
		}
		{bone "piece10"
			{Position 32.239 	 3.789 	 -8.0896}
			{poly "piece10"}
		}
		{bone "piece07"
			{matrix34
				1 	 0 	 0
				0 	 0.766 	 0.6428
				0 	 -0.6428 	 0.766
				4.2564 	 19.2876 	 -5.3728
			}
			{poly "piece07"}
		}
		{bone "piece08"
			{matrix34
				1 	 0 	 0
				0 	 -0.766 	 0.6428
				0 	 0.6428 	 0.766
				4.2564 	 -10.0128 	 -3.2155
			}
			{poly "piece08"}
		}
		{bone "piece09"
			{Position -49.425 	 3.789 	 -1.7298}
			{poly "piece09"}
		}
	}
}
{volume "piece01"
	{cylinder 1.67351 45.3787}
	{bone "piece01"}
	{matrix34
		0.9991 	 0 	 0.0426
		0 	 1 	 0
		-0.0426 	 0 	 0.9991
		0.1675 	 0 	 0.0709
	}
}
{volume "piece02"
	{cylinder 2.39073 67.3701}
	{bone "piece02"}
	{matrix34
		-1 	 0 	 0.0049
		0 	 1 	 0
		-0.0049 	 0 	 -1
		-0.1098 	 0 	 0.2846
	}
}
{volume "piece03"
	{cylinder 1.44625 25.1622}
	{bone "piece03"}
	{matrix34
		0 	 -0.9998 	 -0.0212
		-1 	 0 	 0
		0 	 -0.0212 	 0.9998
		-0.1764 	 0.2034 	 1.3646
	}
}
{volume "piece04"
	{cylinder 1.69575 37.7484}
	{bone "piece04"}
	{matrix34
		1 	 0 	 0
		0 	 1 	 0
		0 	 0 	 -1
		-0.0074 	 0.1806 	 -0.9123
	}
}
{volume "piece05"
	{cylinder 1.64393 23.6112}
	{bone "piece05"}
	{matrix34
		1 	 0 	 0
		0 	 1 	 -0.0003
		0 	 0.0003 	 1
		-0.0874 	 0.0198 	 -0.8719
	}
}
{volume "piece06"
	{cylinder 1.64393 40.709}
	{bone "piece06"}
	{matrix34
		1 	 0 	 0
		0 	 1 	 -0.0003
		0 	 0.0003 	 1
		0.3524 	 0.015 	 0.451
	}
}
{volume "piece07"
	{cylinder 1.64393 40.709}
	{bone "piece07"}
	{matrix34
		1 	 0 	 0
		0 	 1 	 -0.0003
		0 	 0.0003 	 1
		-0.0271 	 0.0171 	 0.4982
	}
}
{volume "piece08"
	{cylinder 1.44625 25.1622}
	{bone "piece08"}
	{matrix34
		0 	 -0.9998 	 -0.0212
		-1 	 0 	 0
		0 	 -0.0212 	 0.9998
		-0.0683 	 0.2034 	 3.7745
	}
}
{volume "piece09"
	{cylinder 1.9604 17.7572}
	{bone "piece09"}
	{matrix34
		0.9998 	 0 	 0.02
		0 	 1 	 0
		-0.02 	 0 	 0.9998
		0.3446 	 -0.6886 	 1.073
	}
}
{volume "piece10"
	{cylinder 1.9604 27.1686}
	{bone "piece10"}
	{matrix34
		0.9998 	 0 	 0.02
		0 	 1 	 0
		-0.02 	 0 	 0.9998
		0.0163 	 -0.6886 	 1.4315
	}
}
{volume "piece11"
	{cylinder 1.9604 17.7572}
	{bone "piece11"}
	{matrix34
		0.9998 	 0 	 0.02
		0 	 1 	 0
		-0.02 	 0 	 0.9998
		-0.1504 	 0 	 1.6023
	}
}
{volume "piece12"
	{cylinder 0.77515 21.021}
	{bone "piece12"}
	{matrix34
		0 	 1 	 0.0011
		-1 	 0 	 0
		0 	 -0.0011 	 1
		-0.0323 	 -0.1946 	 -0.6879
	}
}
{volume "piece13"
	{cylinder 0.64062 21.021}
	{bone "piece13"}
	{matrix34
		0 	 1 	 -0.0057
		-1 	 0 	 0
		0 	 0.0057 	 1
		0.2469 	 -0.2493 	 -0.9119
	}
}
{volume "piece14"
	{cylinder 0.64062 21.021}
	{bone "piece14"}
	{matrix34
		0 	 0.9998 	 0.02
		-1 	 0 	 0
		0 	 -0.02 	 0.9998
		-0.0844 	 -0.7573 	 0.1763
	}
}
{volume "piece15"
	{cylinder 0.970637 21.021}
	{bone "piece15"}
	{matrix34
		0 	 0.9999 	 0.014
		-1 	 0 	 0
		0 	 -0.014 	 0.9999
		0.2374 	 -0.0227 	 -2.6431
	}
}
