;Exported by	: joomb
;Date			: 13.04.2023 16:32:45
;File			: H:\git\gem2-mdl-soldiers\models\building\building_ua01\building_08_v02_newr.max
{skeleton
	{bone "b_ua_08_piece01"
		{orientation
			1 	 0 	 0
			0 	 -1 	 0
			0 	 0 	 1
		}
		{poly "b_ua_08_piece01"}
		{bone "window_x"
			{Position 52.4131 	 -5.084 	 -28.5638}
			{poly "window_x"}
		}
		{bone "window"
			{Position 52.4131 	 -5.084 	 -28.5638}
			{poly "window"}
		}
		{bone "fort_wall"
			{matrix34
				0 	 -1 	 0
				1 	 0 	 0
				0 	 0 	 1
				61.0373 	 -14.0963 	 -52.0048
			}
		}
		{bone "fort_window"
			{matrix34
				-1 	 0 	 0
				0 	 -1 	 0
				0 	 0 	 1
				59.5587 	 -5.1298 	 -28.6422
			}
		}
		{bone revolute "attach1"
			{Position 32.7608 	 -11.1701 	 -54.2481}
		}
	}
}
{"volumes"
	{"body01"
		{box 6.29921 65.9342 58.2747}
		{bone "b_ua_08_piece01"}
		{Position 51.4486 	 -0.2919 	 -35.5526}
	}
	{"body02"
		{box 6.29921 56.7035 23.8926}
		{bone "b_ua_08_piece01"}
		{matrix34
			0 	 -1 	 0
			1 	 0 	 0
			0 	 0 	 1
			29.9899 	 -35.7814 	 -52.7436
		}
	}
	{"body03"
		{box 6.29921 37.9913 23.3957}
		{bone "b_ua_08_piece01"}
		{matrix34
			0 	 -1 	 0
			1 	 0 	 0
			0 	 0 	 1
			39.4513 	 -35.7814 	 -16.8175
		}
	}
	{"body04"
		{box 6.29921 17.0961 6.78475}
		{bone "b_ua_08_piece01"}
		{matrix34
			0 	 -1 	 0
			1 	 0 	 0
			0 	 0 	 1
			11.8793 	 -35.7814 	 -19.3137
		}
	}
	{"body05"
		{polyhedron}
		{bone "b_ua_08_piece01"}
		{matrix34
			0 	 -1 	 0
			1 	 0 	 0
			0 	 0 	 1
			36.61 	 -35.7814 	 -40.8242
		}
	}
	{"body06"
		{polyhedron}
		{bone "b_ua_08_piece01"}
		{Position 51.4486 	 37.9327 	 -25.1367}
	}
	{"body07"
		{polyhedron}
		{bone "b_ua_08_piece01"}
		{matrix34
			0 	 -1 	 0
			-0.7071 	 0 	 0.7071
			-0.7071 	 0 	 -0.7071
			25.3011 	 -35.7814 	 23.6086
		}
	}
	{"floor"
		{box 57.9829 66.8072 1.79373}
		{bone "b_ua_08_piece01"}
		{Position 25.5776 	 2.2572 	 -6.1932}
	}
	{"hole"
		{box 20.9692 21.0039 21.2008}
		{bone "b_ua_08_piece01"}
		{Position 52.0267 	 -5.1134 	 -28.7483}
	}
	{"roof01"
		{box 1.37795 73.3614 93.5646}
		{bone "b_ua_08_piece01"}
		{matrix34
			0.7071 	 0 	 0.7071
			0 	 1 	 0
			-0.7071 	 0 	 0.7071
			28.2771 	 -8.1343 	 22.8958
		}
	}
	{"roof02"
		{box 1.37795 70.8878 17.8903}
		{bone "b_ua_08_piece01"}
		{matrix34
			-0.7071 	 0 	 0.7071
			0 	 -1 	 0
			0.7071 	 0 	 0.7071
			-9.7828 	 -9.089 	 49.8626
		}
	}
	{"roof03"
		{box 1.37795 18.8502 13.7755}
		{bone "b_ua_08_piece01"}
		{matrix34
			-0.7071 	 0 	 0.7071
			0 	 -1 	 0
			0.7071 	 0 	 0.7071
			-21.4025 	 11.6228 	 38.2429
		}
	}
	{"window"
		{box 1.95216 21.0039 21.2008}
		{bone "window"}
		{Position -0.3864 	 -0.0294 	 -0.1845}
	}
}
