;Exported by	: KobaA
;Date			: 02.03.2023 14:14:04
;File			: D:\git\gem2-mdl-soldiers\models\building\hangar_wood\HW2.max
{skeleton
	{bone "hangar_piece_11"
		{orientation
			1 	 0 	 0
			0 	 -1 	 0
			0 	 0 	 1
		}
		{poly "hangar_piece_11"}
		{bone "exterior"
			{Position 0 	 2.2015 	 41.1221}
			{poly "exterior"}
		}
		{bone "land"
			{parameters "land;ground;"}
			{Position 103.934 	 -9.8596 	 -42.0988}
			{poly "land" {ground}}
		}
		{bone "attach1"
			{matrix34
				0 	 -1 	 0
				1 	 0 	 0
				0 	 0 	 1
				15.8961 	 -14.8361 	 -34.8913
			}
		}
	}
}
{obstacle "body1"
	{obb2
		{center 1.35814 27.2146}
		{extent 43.4404 2.95275}
		{axis 1 0}
	}
}
{area "interior"
	{obb2
		{center -2.60323 -13.6667}
		{extent 72.6782 40.3888}
		{axis -1 0}
	}
	{rotate}
}
{"volumes"
	{"body1"
		{box 86.8809 5.90551 84.065}
		{bone "hangar_piece_11"}
		{Position 1.3581 	 -27.2146 	 -7.4597}
	}
	{"body2"
		{box 20.0705 5.90551 31.9447}
		{bone "hangar_piece_11"}
		{Position -52.5039 	 -27.2146 	 18.5611}
	}
	{"hole"
		{box 37.7077 10.3581 15.1066}
		{bone "hangar_piece_11"}
		{Position 6.6527 	 -27.6708 	 -2.3934}
	}
	{"roof1"
		{box 102.72 1.90945 76.3909}
		{bone "exterior"}
		{matrix34
			1 	 0 	 0
			0 	 -0.1392 	 0.9903
			0 	 -0.9903 	 -0.1392
			5.8634 	 -12.6983 	 -1.4762
		}
	}
	{"roof2"
		{box 49.4701 1.90945 26.6757}
		{bone "exterior"}
		{matrix34
			1 	 0 	 0
			0 	 -0.1392 	 0.9903
			0 	 -0.9903 	 -0.1392
			-16.2091 	 38.3334 	 5.6959
		}
	}
	{"roof3"
		{box 17.3145 1.90945 26.6757}
		{bone "exterior"}
		{matrix34
			1 	 0 	 0
			0 	 -0.1392 	 0.9903
			0 	 -0.9903 	 -0.1392
			-53.9824 	 -37.1945 	 -4.9189
		}
	}
	{"roof4"
		{box 7.09896 1.90945 22.9411}
		{bone "exterior"}
		{matrix34
			1 	 0 	 0
			0 	 -0.1392 	 0.9903
			0 	 -0.9903 	 -0.1392
			-49.0686 	 -12.1644 	 -1.4011
		}
	}
	{"target"
		{box 39.3942 0.91748 19.7765}
		{bone "hangar_piece_11"}
		{Position 6.3377 	 -28.1976 	 -1.8305}
	}
}
