;Exported by:	 tolokolnikova
;Date:			 27.06.2017 14:57:06
;File:			 D:\gem2\gem2-mdl-soldiers\models\building\house_D\D_005_cut_x_fort.max
{skeleton
	{bone "d005_piece13_point"
		{orientation
			1 	 0 	 0
			0 	 -1 	 0
			0 	 0 	 1
		}
		{bone "piece01"
			{matrix34
				0 	 0 	 1
				0 	 1 	 0
				-1 	 0 	 0
				6.7493 	 -27.7554 	 11.7325
			}
			{poly "piece01"}
		}
		{bone "piece03"
			{Position 21.9887 	 -15.2364 	 14.4724}
			{poly "piece03"}
		}
		{bone "piece02"
			{Position 21.836 	 3.7407 	 4.7723}
			{poly "piece02"}
		}
		{bone "sub_piece01"
			{matrix34
				1 	 0 	 0
				0 	 0.5736 	 -0.8192
				0 	 0.8192 	 0.5736
				21.9887 	 2.5887 	 23.6576
			}
			{poly "sub_piece01"}
		}
		{bone "d005_piece13"
			{poly "d005_piece13"}
		}
	}
}
{volume "piece01"
	{box 5.90551 23.4965 13.6328}
	{bone "piece01"}
	{matrix34
		0 	 1 	 0
		-0.5446 	 0 	 0.8387
		0.8387 	 0 	 0.5446
		-0.3648 	 -0.1009 	 1.418
	}
}
{volume "piece02"
	{box 5.90551 14.0979 9.27029}
	{bone "piece02"}
	{matrix34
		1 	 0 	 0
		0 	 0.9557 	 0.2943
		0 	 -0.2943 	 0.9557
		0 	 -0.1826 	 -0.1119
	}
}
{volume "piece03"
	{box 5.90551 15.0377 17.9705}
	{bone "piece03"}
	{matrix34
		1 	 0 	 0
		0 	 0.788 	 -0.6157
		0 	 0.6157 	 0.788
		0 	 1.5623 	 0.4742
	}
}
{volume "sub_piece01"
	{box 5.90551 15.0377 17.9705}
	{bone "sub_piece01"}
	{matrix34
		1 	 0 	 0
		0 	 0.788 	 -0.6157
		0 	 0.6157 	 0.788
		0 	 -0.2518 	 0.1885
	}
}
{volume "vol_01"
	{box 41.4692 6.17902 21.8745}
	{bone "d005_piece13"}
	{matrix34
		-1 	 0 	 0
		0 	 -1 	 0
		0 	 0 	 1
		4.1792 	 -27.62 	 -14.0615
	}
}
{volume "vol_02"
	{box 13.6808 6.17902 9.84354}
	{bone "d005_piece13"}
	{matrix34
		-1 	 0 	 0
		0 	 -1 	 0
		0 	 0 	 1
		18.0496 	 -27.62 	 1.7459
	}
}
{volume "vol_03"
	{box 51.4218 6.17902 20.5621}
	{bone "d005_piece13"}
	{matrix34
		0 	 -1 	 0
		1 	 0 	 0
		0 	 0 	 1
		21.7926 	 -5.1707 	 -14.7178
	}
}
{volume "vol_04"
	{box 12.7144 6.17902 11.3091}
	{bone "d005_piece13"}
	{matrix34
		0 	 -1 	 0
		1 	 0 	 0
		0 	 0 	 1
		21.7926 	 -24.4917 	 0.9135
	}
}
{volume "vol_05"
	{box 12.7144 6.17902 6.33311}
	{bone "d005_piece13"}
	{matrix34
		0 	 -1 	 0
		1 	 0 	 0
		0 	 0 	 1
		21.7926 	 15.985 	 -1.5746
	}
}
