;Exported by:	 priadkor
;Date:			 26.12.2019 17:00:58
;File:			 E:\Git\gem2-mdl-soldiers\models\fence\Fence_wood_ua\fence_wood_ru_03.max
{skeleton
	{bone "fence03c_x"
		{orientation
			1 	 0 	 0
			0 	 -1 	 0
			0 	 0 	 1
		}
		{bone "piece01"
			{matrix34
				1 	 0 	 0
				0 	 -1 	 0
				0 	 0 	 1
				4.3902 	 -1.7676 	 13.0891
			}
			{poly "piece01"}
		}
		{bone "piece02"
			{matrix34
				1 	 0 	 0
				0 	 -0.9659 	 0.2588
				0 	 0.2588 	 0.9659
				-46.8068 	 1.1329 	 13.6701
			}
			{poly "piece02"}
		}
		{bone "piece07"
			{matrix34
				1 	 0 	 0
				0 	 -1 	 0
				0 	 0 	 1
				-30.3277 	 1.1992 	 8.2908
			}
			{poly "piece07"}
		}
		{bone "piece06"
			{matrix34
				1 	 0 	 0
				0 	 -1 	 0
				0 	 0 	 1
				-50.6899 	 -0.3784 	 3.0467
			}
			{poly "piece06"}
		}
		{bone "piece03"
			{matrix34
				1 	 0 	 0
				0 	 -1 	 0
				0 	 0 	 1
				4.4574 	 0.3002 	 13.3237
			}
			{poly "piece03"}
		}
		{bone "piece04"
			{matrix34
				1 	 0 	 0
				0 	 -1 	 0
				0 	 0 	 1
				5.5278 	 -0.8799 	 7.7575
			}
			{poly "piece04"}
		}
		{bone "piece05"
			{matrix34
				1 	 0 	 0
				0 	 -1 	 0
				0 	 0 	 1
				-5.8812 	 -1.8618 	 2.3236
			}
			{poly "piece05"}
		}
		{bone "fx_wood"
			{Position -17.8385 	 -1.4011 	 12.0249}
		}
	}
}
{volume "piece01"
	{box 4.86101 3.00838 14.5589}
	{bone "piece01"}
	{matrix34
		1 	 0 	 0
		0 	 -1 	 0
		0 	 0 	 1
		24.5628 	 0.1285 	 0.3921
	}
}
{volume "piece02"
	{box 4.86101 3.00838 14.5589}
	{bone "piece02"}
	{matrix34
		1 	 0 	 0
		0 	 -0.9962 	 0.0872
		0 	 0.0872 	 0.9962
		24.578 	 0.116 	 -0.3412
	}
}
{volume "piece03"
	{box 37.7927 1.05606 4.57564}
	{bone "piece03"}
	{matrix34
		1 	 0 	 0
		0 	 -1 	 0
		0 	 0 	 1
		-2.2355 	 1.1723 	 -0.1573
	}
}
{volume "piece04"
	{box 29.9942 1.05606 4.15967}
	{bone "piece04"}
	{matrix34
		1 	 0 	 0
		0 	 -1 	 0
		0 	 0 	 1
		1.4601 	 -0.0078 	 0.5416
	}
}
{volume "piece05"
	{box 18.0037 1.36126 3.99969}
	{bone "piece05"}
	{matrix34
		1 	 0 	 0
		0 	 -1 	 0
		0 	 0 	 1
		-0.465 	 0.0344 	 -0.0507
	}
}
{volume "piece06"
	{box 38.8881 1.36126 4.74843}
	{bone "piece06"}
	{matrix34
		0.9962 	 0.0842 	 0.0226
		0.0872 	 -0.9623 	 -0.2578
		0 	 -0.2588 	 0.9659
		-1.5842 	 0.0941 	 -0.0576
	}
}
{volume "piece07"
	{box 14.933 0.748692 4.74843}
	{bone "piece07"}
	{matrix34
		0.9707 	 0.2394 	 -0.0212
		0.2246 	 -0.935 	 -0.2746
		0.0855 	 -0.2618 	 0.9613
		1.1975 	 0.265 	 -0.0292
	}
}
