;Exported by:	 tolokolnikova
;Date:			 27.06.2017 14:31:36
;File:			 D:\gem2\gem2-mdl-soldiers\models\building\house_D\D_003_x_fort.max
{skeleton
	{bone "d003_piece08ab_point"
		{orientation
			1 	 0 	 0
			0 	 -1 	 0
			0 	 0 	 1
		}
		{bone "piece01"
			{matrix34
				0 	 1 	 0
				0.1736 	 0 	 -0.9848
				-0.9848 	 0 	 -0.1736
				-0.7481 	 -27.0437 	 17.5863
			}
			{poly "piece01"}
		}
		{bone "piece02"
			{Position 2.9864 	 -20.7982 	 19.0162}
			{poly "piece02"}
		}
		{bone "piece03"
			{matrix34
				1 	 0 	 0
				0 	 0.2588 	 -0.9659
				0 	 0.9659 	 0.2588
				2.8681 	 3.3934 	 14.1546
			}
			{poly "piece03"}
		}
		{bone "d003_piece08ab"
			{poly "d003_piece08ab"}
		}
		{bone "debris_land_001"
			{parameters "commonmesh;land;ground;"}
			{matrix34
				-1 	 0 	 0
				0 	 -1 	 0
				0 	 0 	 1
				15.5471 	 1.6905 	 -23.2874
			}
			{poly "debris_land_001" {ground}}
		}
		{bone "stones_001"
			{parameters "commonmesh;land;ground;"}
			{matrix34
				-1 	 0 	 0
				0 	 -1 	 0
				0 	 0 	 1
				15.5338 	 1.6905 	 -23.2874
			}
			{poly "stones_001" {ground}}
		}
		{bone revolute "attach1"
			{Position -10.6612 	 -3.3915 	 -21.3189}
		}
		{bone "fort_wall"
			{matrix34
				0 	 -1 	 0
				1 	 0 	 0
				0 	 0 	 1
				11.5967 	 -6.3177 	 -17.6722
			}
		}
	}
}
{volume "piece01"
	{box 5.90551 23.4965 10.3279}
	{bone "piece01"}
	{matrix34
		1 	 0 	 0
		0 	 0.9563 	 0.2924
		0 	 -0.2924 	 0.9563
		0.1324 	 0.3764 	 0.3557
	}
}
{volume "piece02"
	{box 5.90551 19.0769 20.266}
	{bone "piece02"}
	{matrix34
		1 	 0 	 0
		0 	 0 	 -1
		0 	 1 	 0
		0.0142 	 2.3109 	 -0.6713
	}
}
{volume "piece03"
	{box 5.90551 12.432 19.4865}
	{bone "piece03"}
	{matrix34
		1 	 0 	 0
		0 	 0.9659 	 -0.2588
		0 	 0.2588 	 0.9659
		0.1324 	 1.2489 	 -1.2515
	}
}
{volume "target_vol_001"
	{box 9.84252 11.811 15.6501}
	{bone "d003_piece08ab_point"}
	{matrix34
		1 	 0 	 0
		0 	 1 	 0
		0 	 0 	 1
		2.2108 	 -3.3915 	 5.6914
	}
}
{volume "vol_012"
	{box 44.1838 6.29921 20.79}
	{bone "d003_piece08ab"}
	{matrix34
		0 	 -1 	 0
		1 	 0 	 0
		0 	 0 	 1
		2.8605 	 6.7708 	 -13.013
	}
}
{volume "vol_013"
	{box 15.6126 6.29921 20.79}
	{bone "d003_piece08ab"}
	{matrix34
		0 	 -1 	 0
		1 	 0 	 0
		0 	 0 	 1
		2.8605 	 -17.7423 	 -13.013
	}
}
{volume "vol_014"
	{polyhedron}
	{bone "d003_piece08ab"}
	{matrix34
		-1 	 0 	 0
		0 	 -1 	 0
		0 	 0 	 1
		-1.7512 	 -26.8045 	 -23.4079
	}
}
