;Exported by	: KobaA
;Date			: 28.03.2024 12:38:01
;File			: d:\git\gem2-mdl-soldiers\models\entourage\barrel_wood\barrel_wood.max
{skeleton
	{bone "barrel_wood_05_x"
		{orientation
			1 	 0 	 0
			0 	 -1 	 0
			0 	 0 	 1
		}
		{bone "fx_dust1"
			{Position 0.3398 	 0.9294 	 5.1304}
		}
		{bone "fx_wood2"
			{Position 0.3398 	 0.9294 	 5.1304}
		}
		{bone "piece01"
			{matrix34
				-0.5588 	 0.8292 	 -0.0109
				-0.8269 	 -0.5582 	 -0.0689
				-0.0632 	 -0.0295 	 0.9976
				-378.269 	 -486.582 	 -48.0263
			}
			{poly "piece01"}
		}
		{bone "piece02"
			{matrix34
				-0.1999 	 0.364 	 0.9097
				-0.7635 	 -0.6398 	 0.0883
				0.6141 	 -0.6769 	 0.4058
				9.3536 	 7.9238 	 9.7646
			}
			{poly "piece02"}
		}
		{bone "piece03"
			{matrix34
				-0.365 	 0.9017 	 0.232
				-0.8725 	 -0.2443 	 -0.4232
				-0.3249 	 -0.3568 	 0.8758
				16.2111 	 4.6315 	 10.8486
			}
			{poly "piece03"}
		}
		{bone "piece04"
			{matrix34
				-0.5082 	 -0.7907 	 0.3413
				0.5848 	 -0.6078 	 -0.5373
				0.6323 	 -0.0735 	 0.7713
				8.8062 	 -2.1857 	 9.7646
			}
			{poly "piece04"}
		}
		{bone "piece05"
			{matrix34
				0.9877 	 0.1561 	 -0.0109
				-0.1564 	 0.9853 	 -0.0689
				0 	 0.0698 	 0.9976
				-280.349 	 547.619 	 -48.0263
			}
			{poly "piece05"}
		}
		{bone "piece06"
			{matrix34
				0.9714 	 -0.0503 	 0.232
				0.1473 	 0.894 	 -0.4232
				-0.1861 	 0.4453 	 0.8758
				0.6789 	 -15.6824 	 10.8486
			}
			{poly "piece06"}
		}
		{bone "piece07"
			{matrix34
				0.9491 	 0.0287 	 0.3138
				-0.0177 	 0.9991 	 -0.0376
				-0.3146 	 0.0302 	 0.9487
				0.7176 	 -8.4626 	 9.7646
			}
			{poly "piece07"}
		}
		{bone "piece08"
			{Position -3.4406 	 -12.5779 	 11.2926}
			{poly "piece08"}
		}
		{bone "piece09"
			{matrix34
				0.6907 	 -0.7061 	 -0.1561
				-0.1593 	 0.0619 	 -0.9853
				0.7054 	 0.7054 	 -0.0698
				-249.865 	 162.467 	 -549.914
			}
			{poly "piece09"}
		}
		{bone "piece10"
			{matrix34
				0.9363 	 0.3502 	 -0.0273
				-0.1194 	 0.2443 	 -0.9623
				-0.3304 	 0.9043 	 0.2705
				-7.9291 	 2.2603 	 10.3779
			}
			{poly "piece10"}
		}
		{bone "piece11"
			{matrix34
				0.893 	 -0.4492 	 -0.0287
				-0.0391 	 -0.0141 	 -0.9991
				0.4484 	 0.8933 	 -0.0302
				-10.2559 	 4.5872 	 6.1671
			}
			{poly "piece11"}
		}
		{bone "piece12"
			{matrix34
				0.7071 	 -0.7071 	 0
				0 	 0 	 -1
				0.7071 	 0.7071 	 0
				-12.1157 	 8.6081 	 10.2824
			}
			{poly "piece12"}
		}
		{bone "fx_wood1"
			{Position 0.3398 	 0.9294 	 5.1304}
		}
	}
}
{"volumes"
	{"piece01"
		{box 2.8709 24.891 0.63079}
		{bone "piece01"}
		{matrix34
			0.7194 	 -0.6945 	 0.0123
			-0.1001 	 -0.0861 	 0.9912
			-0.6874 	 -0.7143 	 -0.1315
			180.587 	 -600.737 	 21.3061
		}
	}
	{"piece02"
		{box 3.23947 24.7009 0.63579}
		{bone "piece02"}
		{matrix34
			0.6217 	 0.1182 	 -0.7743
			0.7773 	 0.0286 	 0.6285
			0.0964 	 -0.9926 	 -0.0741
			2.4807 	 -0.4472 	 -0.0855
		}
	}
	{"piece03"
		{box 2.71572 24.2601 0.50579}
		{bone "piece03"}
		{matrix34
			0.316 	 0.4776 	 -0.8198
			0.944 	 -0.0714 	 0.3222
			0.0954 	 -0.8757 	 -0.4734
			0.3365 	 -2.196 	 1.5667
		}
	}
	{"piece04"
		{box 2.56054 24.5806 0.616743}
		{bone "piece04"}
		{matrix34
			-0.2039 	 0.9059 	 0.3712
			0.4246 	 -0.2599 	 0.8673
			0.8821 	 0.3344 	 -0.3316
			1.2553 	 1.11 	 2.031
		}
	}
	{"piece05"
		{box 2.8709 24.891 0.63079}
		{bone "piece05"}
		{matrix34
			0.7194 	 -0.6945 	 0.0123
			-0.1001 	 -0.0861 	 0.9912
			-0.6874 	 -0.7143 	 -0.1315
			180.587 	 -600.737 	 21.3061
		}
	}
	{"piece06"
		{box 2.71572 24.2601 0.50579}
		{bone "piece06"}
		{matrix34
			0.316 	 0.4776 	 -0.8198
			0.944 	 -0.0714 	 0.3222
			0.0954 	 -0.8757 	 -0.4734
			0.3365 	 -2.196 	 1.5667
		}
	}
	{"piece07"
		{box 2.56054 24.5806 0.616743}
		{bone "piece07"}
		{matrix34
			-0.2039 	 0.9059 	 0.3712
			0.4246 	 -0.2599 	 0.8673
			0.8821 	 0.3344 	 -0.3316
			1.2554 	 1.1101 	 2.031
		}
	}
	{"piece08"
		{box 2.61873 24.6149 0.67079}
		{bone "piece08"}
		{matrix34
			-0.0342 	 -0.9991 	 -0.0254
			-0.082 	 -0.0226 	 0.9964
			-0.996 	 0.0362 	 -0.0811
			-2.1057 	 -0.6817 	 2.4589
		}
	}
	{"piece09"
		{box 2.8709 24.891 0.63079}
		{bone "piece09"}
		{matrix34
			0.7194 	 -0.6945 	 0.0123
			-0.1001 	 -0.0861 	 0.9912
			-0.6874 	 -0.7143 	 -0.1315
			180.587 	 -600.737 	 21.306
		}
	}
	{"piece10"
		{box 3.23947 24.7009 0.63579}
		{bone "piece10"}
		{matrix34
			0.6217 	 0.1182 	 -0.7743
			0.7773 	 0.0286 	 0.6285
			0.0964 	 -0.9926 	 -0.0741
			2.4808 	 -0.4471 	 -0.0854
		}
	}
	{"piece11"
		{box 2.56054 24.5806 0.616743}
		{bone "piece11"}
		{matrix34
			-0.2039 	 0.9059 	 0.3712
			0.4246 	 -0.2599 	 0.8673
			0.8821 	 0.3344 	 -0.3316
			1.2554 	 1.11 	 2.031
		}
	}
	{"piece12"
		{box 2.61873 24.6149 0.67079}
		{bone "piece12"}
		{matrix34
			-0.0342 	 -0.9991 	 -0.0254
			-0.082 	 -0.0226 	 0.9964
			-0.996 	 0.0362 	 -0.0811
			-2.1057 	 -0.6817 	 2.4589
		}
	}
}
