;Exported by: shevchenko
;Date:        Sun Jul 10 15:17:53 2005
;File:        D:\-Projects1_5-\-3DWork-\euro_corner_x.max
{Skeleton
	{animation
		{sequence "crush" {speed 0.4}}
	}
	{bone "107_corner1"
		{parameters "CommonMesh;"}
		{Orientation
			1	0	0
			0	-1	0
			0	0	1
		}
		{poly "107_corner1"}
		{bone "piece0"
			{Matrix34
				0	1	0
				0	0	1
				1	0	0
				-20.2591	6.66995	59.694
			}
			{poly "piece0"}
		}
		{bone "piece1"
			{Matrix34
				0	1	0
				0	0	1
				1	0	0
				-14.3505	-16.1696	24.4621
			}
			{poly "piece1"}
		}
		{bone "piece2"
			{Matrix34
				-1	0	0
				0	0	1
				0	1	0
				-6.40207	-27.5098	60.8134
			}
			{poly "piece2"}
		}
		{bone "piece3"
			{Matrix34
				0	1	0
				0	0	1
				1	0	0
				-20.2591	-15.3204	84.0092
			}
			{poly "piece3"}
		}
		{bone "piece4"
			{Matrix34
				0	1	0
				0	0	1
				1	0	0
				-20.2591	22.5299	84.4108
			}
			{poly "piece4"}
		}
		{bone "piece5"
			{Matrix34
				0	1	0
				0	0	1
				1	0	0
				-14.3505	26.8233	28.9266
			}
			{poly "piece5"}
		}
	}
}
{Volume "piece5"
	{Box 5.9055 15.374 27.3622}
	{Bone "piece5"}
	{Matrix34
		0	0	1
		0.985058	0.172225	0
		-0.172225	0.985058	0
		0.534192	-0.143842	0.00948226
	}
}
{Volume "piece4"
	{Box 5.9055 16.4734 21.1499}
	{Bone "piece4"}
	{Matrix34
		0	0	1
		0.998482	-0.0550704	0
		0.0550704	0.998482	0
		0.357397	-1.2395	-0.00247816
	}
}
{Volume "piece3"
	{Box 5.9055 16.4734 21.1499}
	{Bone "piece3"}
	{Matrix34
		0	0	1
		0.890688	-0.454615	0
		0.454615	0.890688	0
		-0.935267	-1.53096	-0.00247632
	}
}
{Volume "piece2"
	{Box 5.9055 27.8217 15.9092}
	{Bone "piece2"}
	{Matrix34
		0	0	-1
		-0.998482	-0.0550703	0
		-0.0550703	0.998482	0
		-0.100789	-0.478425	0.00439498
	}
}
{Volume "piece1"
	{Box 5.9055 10.9156 36.1181}
	{Bone "piece1"}
	{Matrix34
		0	0	1
		0.998647	0.051995	0
		-0.051995	0.998647	0
		-0.391992	0.695816	0.00945241
	}
}
{Volume "piece0"
	{Box 5.9055 36.6075 18.7167}
	{Bone "piece0"}
	{Matrix34
		0	0	1
		0.998482	-0.0550704	0
		0.0550704	0.998482	0
		0.517579	-0.680616	-0.00247823
	}
}
