;Exported by:	 Oleksandr Tsaprylov
;Date:			 17.11.2022 21:16:37
;File:			 E:\projects\gem2-mdl-soldiers\models\entourage\barrack\barrack_final.max
{skeleton
	{bone "barrack_3_r_piece"
		{orientation
			1 	 0 	 0
			0 	 -1 	 0
			0 	 0 	 1
		}
		{poly "barrack_3_r_piece"}
		{bone "ground1"
			{parameters "land;ground;"}
			{matrix34
				-1 	 0 	 0
				0 	 -1 	 0
				0 	 0 	 1
				3.1836 	 -39.3701 	 0
			}
			{visibility 0}
			{poly "ground1" {ground}}
		}
		{bone "ground2"
			{parameters "land;ground;"}
			{Position 132.549 	 57.9529 	 0}
			{visibility 0}
			{poly "ground2" {ground}}
		}
	}
}
{obstacle "obstacle01"
	{obb2
		{center -1.08394 -42.6293}
		{extent 5.74568 38.8201}
		{axis 1.65981e-07 -1}
	}
	{rotate}
}
{volume "body01"
	{box 66.5613 1.17741 27.6891}
	{bone "barrack_3_r_piece"}
	{matrix34
		-1 	 0 	 0
		0 	 -0.1718 	 -0.9851
		0 	 -0.9851 	 0.1718
		-0.0515 	 -26.0754 	 85.2558
	}
}
{volume "body02"
	{box 66.5613 1.17741 27.6891}
	{bone "barrack_3_r_piece"}
	{matrix34
		-1 	 0 	 0
		0 	 -0.456 	 -0.89
		0 	 -0.89 	 0.456
		-0.0515 	 -0.3285 	 76.6741
	}
}
{volume "body03"
	{box 66.5613 1.17741 27.6891}
	{bone "barrack_3_r_piece"}
	{matrix34
		-1 	 0 	 0
		0 	 -0.7113 	 -0.7029
		0 	 -0.7029 	 0.7113
		-0.0515 	 21.5253 	 60.7157
	}
}
{volume "body04"
	{box 66.5613 1.17741 27.6891}
	{bone "barrack_3_r_piece"}
	{matrix34
		-1 	 0 	 0
		0 	 -0.8934 	 -0.4493
		0 	 -0.4493 	 0.8934
		-0.0515 	 37.3313 	 38.7912
	}
}
{volume "body05"
	{box 66.5613 1.17741 27.6891}
	{bone "barrack_3_r_piece"}
	{matrix34
		-1 	 0 	 0
		0 	 -0.99 	 -0.1408
		0 	 -0.1408 	 0.99
		-0.0515 	 45.3595 	 13.7067
	}
}
{volume "body06"
	{box 64.0032 84.5515 6.16}
	{bone "barrack_3_r_piece"}
	{Position -0.0649 	 4.8784 	 3.08}
}
