;Exported by	: KobaA
;Date			: 11.04.2024 16:04:08
;File			: d:\git\gem2-mdl-soldiers\models\entourage\shelter_box\shelter_gr001_004_new2_gem2_x.max
{skeleton
	{bone "basis_gr_011"
		{orientation
			1 	 0 	 0
			0 	 -1 	 0
			0 	 0 	 1
		}
		{bone "piece01"
			{matrix34
				0.9962 	 -0.0872 	 0
				0.0872 	 0.9962 	 0
				0 	 0 	 1
				-0.5094 	 5.6387 	 0.3423
			}
			{poly "piece01"}
		}
		{bone "piece02"
			{Position -2.9811 	 -10.8536 	 9.0691}
			{poly "piece02"}
		}
		{bone "piece03"
			{matrix34
				0.9659 	 0.2588 	 0
				-0.2588 	 0.9659 	 0
				0 	 0 	 1
				-2.2001 	 -4.3163 	 13.8555
			}
			{poly "piece03"}
		}
		{bone "piece04"
			{matrix34
				0 	 -0.5662 	 0.8243
				0 	 0.8243 	 0.5662
				-1 	 0 	 0
				5.3272 	 -8.1288 	 11.2267
			}
			{poly "piece04"}
		}
		{bone "piece05"
			{matrix34
				0.9987 	 0 	 -0.0515
				0.0045 	 -0.9962 	 0.087
				-0.0513 	 -0.0872 	 -0.9949
				1.6863 	 5.0648 	 14.2754
			}
			{poly "piece05"}
		}
		{bone "piece06"
			{matrix34
				0.9549 	 -0.2968 	 0
				0 	 0 	 -1
				0.2968 	 0.9549 	 0
				13.557 	 -1.0759 	 9.2258
			}
			{poly "piece06"}
		}
		{bone "piece07"
			{matrix34
				1 	 0 	 0
				0 	 0.8326 	 0.5539
				0 	 -0.5539 	 0.8326
				1.1256 	 3.0956 	 12.7742
			}
			{poly "piece07"}
		}
		{bone "piece08"
			{matrix34
				0.0154 	 0.1628 	 -0.9865
				0.9999 	 -0.0021 	 0.0153
				0.0004 	 -0.9867 	 -0.1628
				-4.3447 	 17.1948 	 11.2111
			}
			{poly "piece08"}
		}
		{bone "piece09"
			{matrix34
				0.9945 	 -0.1046 	 0
				0.1046 	 0.9945 	 0
				0 	 0 	 1
				0.0769 	 16.4228 	 14.9856
			}
			{poly "piece09"}
		}
		{bone "piece10"
			{matrix34
				0.9924 	 -0.0872 	 -0.0868
				0.0868 	 0.9962 	 -0.0076
				0.0872 	 0 	 0.9962
				-1.8552 	 6.3282 	 14.605
			}
			{poly "piece10"}
		}
		{bone "piece11"
			{matrix34
				0.0872 	 -0.9962 	 0
				0.9962 	 0.0872 	 0
				0 	 0 	 1
				-1.9885 	 -13.9421 	 2.1633
			}
			{poly "piece11"}
		}
		{bone "fx_wood1"
			{Position 0.371 	 2.3527 	 0}
		}
		{bone "fx_wood2a"
			{Position 0.371 	 2.3527 	 0}
		}
		{bone "fx_wood2"
			{Position 0.371 	 2.3527 	 0}
		}
		{bone "fx_dust2"
			{Position 0.371 	 2.3527 	 0}
		}
		{bone "fx_dust1"
			{Position 0.371 	 2.3527 	 0}
		}
	}
}
{"volumes"
	{"piece01"
		{box 12.4251 21.6093 0.99089}
		{bone "piece01"}
		{matrix34
			1 	 0.0016 	 0
			-0.0016 	 1 	 0
			0 	 0 	 1
			0.4292 	 0.2199 	 13.1544
		}
	}
	{"piece02"
		{box 5.96242 6.76974 0.30069}
		{bone "piece02"}
		{matrix34
			-0.0235 	 0.9777 	 -0.2085
			-0.9997 	 -0.023 	 0.0049
			0 	 0.2085 	 0.978
			0.0059 	 -0.1642 	 1.2588
		}
	}
	{"piece03"
		{box 0.848221 0.925499 12.4827}
		{bone "piece03"}
		{matrix34
			0.0184 	 0.0292 	 0.9994
			-0.0057 	 0.9996 	 -0.0291
			-0.9998 	 -0.0051 	 0.0186
			0.2795 	 -0.0396 	 -0.0138
		}
	}
	{"piece04"
		{box 4.91689 8.25909 0.322558}
		{bone "piece04"}
		{matrix34
			-0.1197 	 0.0345 	 -0.9922
			0.0181 	 0.9993 	 0.0326
			0.9926 	 -0.014 	 -0.1203
			-0.1188 	 -0.305 	 -1.457
		}
	}
	{"piece05"
		{box 0.466136 4.83843 6.91756}
		{bone "piece05"}
		{matrix34
			-0.0737 	 0.0121 	 0.9972
			-0.0073 	 -0.9999 	 0.0116
			0.9972 	 -0.0065 	 0.0738
			-0.5366 	 -6.1709 	 -1.2994
		}
	}
	{"piece06"
		{box 6.67397 7.98261 0.914921}
		{bone "piece06"}
		{matrix34
			0.9999 	 -0.0093 	 -0.0127
			0.0145 	 0.2174 	 0.976
			-0.0063 	 -0.976 	 0.2175
			0.0231 	 -0.0452 	 0.102
		}
	}
	{"piece07"
		{box 7.67533 4.53573 1.58256}
		{bone "piece07"}
		{matrix34
			0.9995 	 0 	 0.0305
			0.0305 	 0 	 -0.9995
			0 	 1 	 0
			0.0976 	 2.7052 	 2.0781
		}
	}
	{"piece08"
		{box 7.54153 0.473744 6.13401}
		{bone "piece08"}
		{matrix34
			1 	 0 	 0.0022
			-0.0022 	 0 	 1
			0 	 -1 	 0
			-0.142 	 -0.0941 	 0.1653
		}
	}
	{"piece09"
		{box 0.848221 0.925499 12.4827}
		{bone "piece09"}
		{matrix34
			0.0184 	 0.0292 	 0.9994
			-0.0057 	 0.9996 	 -0.0291
			-0.9998 	 -0.0051 	 0.0186
			0.2795 	 -0.0396 	 -0.0138
		}
	}
	{"piece10"
		{box 1.09979 0.973195 12.0728}
		{bone "piece10"}
		{matrix34
			0.0079 	 -0.0091 	 0.9999
			-0.0095 	 0.9999 	 0.0092
			-0.9999 	 -0.0095 	 0.0079
			0.4806 	 -0.0432 	 -0.0918
		}
	}
	{"piece11"
		{box 9.36016 6.76974 0.322558}
		{bone "piece11"}
		{matrix34
			-0.0305 	 0.9995 	 0
			-0.9995 	 -0.0305 	 0
			0 	 0 	 1
			-0.13 	 -1.6488 	 1.9743
		}
	}
}
