;Exported by:	 tolokolnikova
;Date:			 19.09.2016 11:33:50
;File:			 D:\gem2\gem2-mdl-soldiers\models\building\church\ch1_New3_1712.max
{skeleton
	{bone "basis"
		{orientation
			1 	 0 	 0
			0 	 -1 	 0
			0 	 0 	 1
		}
		{bone "group003"
			{Position 1.621 	 24.8843 	 114.879}
			{poly "group003"}
		}
		{bone "land"
			{parameters "land;ground;"}
			{Position -4.5536 	 -1.2649 	 5.9055}
			{poly "land" {ground}}
		}
		{bone "line275"
			{matrix34
				-1 	 0 	 0
				0 	 0 	 1
				0 	 -1 	 0
				-122.435 	 85.2061 	 82.5954
			}
			{poly "line275"}
		}
		{bone "line276"
			{matrix34
				-1 	 0 	 0
				0 	 0 	 1
				0 	 -1 	 0
				-130.3 	 85.2061 	 82.5529
			}
			{poly "line276"}
		}
		{bone "shape011"
			{matrix34
				0 	 -1 	 0
				0 	 0 	 -1
				1 	 0 	 0
				-156.972 	 0 	 141.695
			}
			{poly "shape011"}
		}
		{bone "shape010"
			{matrix34
				0 	 1 	 0
				0 	 0 	 1
				1 	 0 	 0
				-156.972 	 0 	 141.695
			}
			{poly "shape010"}
		}
		{bone "line286"
			{matrix34
				-1 	 0 	 0
				0 	 0 	 1
				0 	 -1 	 0
				126.911 	 85.2116 	 82.5954
			}
			{poly "line286"}
		}
		{bone "line287"
			{matrix34
				-1 	 0 	 0
				0 	 0 	 1
				0 	 -1 	 0
				119.045 	 85.2116 	 82.5954
			}
			{poly "line287"}
		}
		{bone "shape014"
			{matrix34
				0 	 -0.7071 	 0.7071
				0 	 -0.7071 	 -0.7071
				1 	 0 	 0
				-156.972 	 0 	 141.695
			}
			{poly "shape014"}
		}
		{bone "shape015"
			{matrix34
				0 	 0 	 1
				0 	 -1 	 0
				1 	 0 	 0
				-156.972 	 0 	 141.695
			}
			{poly "shape015"}
		}
		{bone "shape016"
			{matrix34
				0 	 0.7071 	 0.7071
				0 	 -0.7071 	 0.7071
				1 	 0 	 0
				-156.972 	 0 	 141.695
			}
			{poly "shape016"}
		}
		{bone "shape017"
			{matrix34
				0 	 1 	 0
				0 	 0 	 1
				1 	 0 	 0
				-156.972 	 0 	 141.695
			}
			{poly "shape017"}
		}
		{bone "shape018"
			{matrix34
				0 	 0.7071 	 -0.7071
				0 	 0.7071 	 0.7071
				1 	 0 	 0
				-156.972 	 0 	 141.695
			}
			{poly "shape018"}
		}
		{bone "shape019"
			{matrix34
				0 	 0 	 -1
				0 	 1 	 0
				1 	 0 	 0
				-156.972 	 0 	 141.695
			}
			{poly "shape019"}
		}
		{bone "shape013"
			{matrix34
				-0.9063 	 0 	 0.4226
				-0.4226 	 0 	 -0.9063
				0 	 1 	 0
				123.025 	 85.3486 	 94.4419
			}
			{poly "shape013"}
		}
		{bone "line288"
			{matrix34
				1 	 0 	 0
				0 	 0 	 1
				0 	 1 	 0
				126.991 	 -85.1651 	 82.5954
			}
			{poly "line288"}
		}
		{bone "line289"
			{matrix34
				1 	 0 	 0
				0 	 0 	 1
				0 	 1 	 0
				119.125 	 -85.1651 	 82.9071
			}
			{poly "line289"}
		}
		{bone "shape020"
			{matrix34
				0.9063 	 0 	 0.4226
				0.4226 	 0 	 -0.9063
				0 	 -1 	 0
				123.011 	 -85.302 	 94.4419
			}
			{poly "shape020"}
		}
		{bone "shape021"
			{matrix34
				0.9063 	 0 	 0.4226
				0.4226 	 0 	 -0.9063
				0 	 -1 	 0
				-126.38 	 -85.302 	 94.4419
			}
			{poly "shape021"}
		}
		{bone "line290"
			{matrix34
				1 	 0 	 0
				0 	 0 	 1
				0 	 1 	 0
				-130.266 	 -85.1651 	 82.5954
			}
			{poly "line290"}
		}
		{bone "shape030"
			{parameters "polylastpose=undefined;"}
			{matrix34
				0 	 -0.7071 	 -0.7071
				0 	 0.7071 	 -0.7071
				1 	 0 	 0
				-156.972 	 0 	 141.695
			}
		}
		{bone "shape031"
			{matrix34
				0 	 -0.7071 	 0.7071
				0 	 -0.7071 	 -0.7071
				-1 	 0 	 0
				149.805 	 0 	 141.695
			}
			{poly "shape031"}
		}
		{bone "shape033"
			{matrix34
				0 	 -0.7071 	 -0.7071
				0 	 0.7071 	 -0.7071
				-1 	 0 	 0
				149.805 	 0 	 141.695
			}
			{poly "shape033"}
		}
		{bone "shape034"
			{matrix34
				0 	 0 	 -1
				0 	 1 	 0
				-1 	 0 	 0
				149.805 	 0 	 141.695
			}
			{poly "shape034"}
		}
		{bone "shape035"
			{matrix34
				0 	 0.7071 	 -0.7071
				0 	 0.7071 	 0.7071
				-1 	 0 	 0
				149.805 	 0 	 141.695
			}
			{poly "shape035"}
		}
		{bone "shape036"
			{matrix34
				0 	 1 	 0
				0 	 0 	 1
				-1 	 0 	 0
				149.805 	 0 	 141.695
			}
			{poly "shape036"}
		}
		{bone "shape037"
			{matrix34
				0 	 0.7071 	 0.7071
				0 	 -0.7071 	 0.7071
				-1 	 0 	 0
				149.805 	 0 	 141.695
			}
			{poly "shape037"}
		}
		{bone "shape038"
			{matrix34
				0 	 0 	 1
				0 	 -1 	 0
				-1 	 0 	 0
				149.805 	 0 	 141.695
			}
			{poly "shape038"}
		}
		{bone "shape039"
			{matrix34
				0 	 1 	 0
				0 	 0 	 1
				-1 	 0 	 0
				149.805 	 0 	 141.695
			}
			{poly "shape039"}
		}
		{bone "line294"
			{parameters "lastpose=undefined;"}
			{matrix34
				1 	 0 	 0
				0 	 0 	 1
				0 	 1 	 0
				-122.503 	 -85.1651 	 82.4283
			}
			{poly "line294"}
		}
	}
}
{obstacle "body11"
	{obb2
		{center -124.696 84.4342}
		{extent 24.3856 4.92126}
		{axis 1 0}
	}
	{rotate}
	{Tags "body"}
}
{obstacle "body13"
	{obb2
		{center 147.601 53.4243}
		{extent 5.90558 37.3872}
		{axis 1 0}
	}
	{rotate}
	{Tags "body"}
}
{obstacle "body14"
	{obb2
		{center 147.601 -54.0188}
		{extent 5.90558 37.3872}
		{axis 1 0}
	}
	{rotate}
	{Tags "body"}
}
{obstacle "body16"
	{obb2
		{center 148.133 -98.037}
		{extent 4.92126 5.90551}
		{axis 1 0}
	}
	{rotate}
	{Tags "body"}
}
{obstacle "body18"
	{obb2
		{center 158.904 -86.4597}
		{extent 5.90552 4.92126}
		{axis 1 0}
	}
	{rotate}
	{Tags "body"}
}
{obstacle "body19"
	{obb2
		{center 144.33 -0.153046}
		{extent 7.02759 13.8183}
		{axis 1 0}
	}
	{rotate}
	{Tags "body"}
}
{obstacle "body1"
	{obb2
		{center -155.462 81.9556}
		{extent 5.90552 15.748}
		{axis 1 0}
	}
	{rotate}
	{Tags "body"}
}
{obstacle "body20"
	{obb2
		{center 158.904 86.8204}
		{extent 5.90552 4.92126}
		{axis 1 0}
	}
	{rotate}
	{Tags "body"}
}
{obstacle "body21"
	{obb2
		{center -154.939 -98.037}
		{extent 5.90552 5.90551}
		{axis 1 0}
	}
	{rotate}
	{Tags "body"}
}
{obstacle "body22"
	{obb2
		{center 148.106 97.8158}
		{extent 4.92126 5.90551}
		{axis 1 0}
	}
	{rotate}
	{Tags "body"}
}
{obstacle "body23"
	{obb2
		{center 98.9916 84.8026}
		{extent 3.18898 5.90551}
		{axis 1 0}
	}
	{rotate}
	{Tags "body"}
}
{obstacle "body25"
	{obb2
		{center -99.017 84.8026}
		{extent 3.18898 5.90551}
		{axis 1 0}
	}
	{rotate}
	{Tags "body"}
}
{obstacle "body26"
	{obb2
		{center 51.2219 -84.754}
		{extent 5.90551 5.90551}
		{axis 1 0}
	}
	{rotate}
	{Tags "body"}
}
{obstacle "body27"
	{obb2
		{center -51.2199 -84.754}
		{extent 5.90551 5.90551}
		{axis 1 0}
	}
	{rotate}
	{Tags "body"}
}
{obstacle "body29"
	{obb2
		{center 147.601 -0.153046}
		{extent 5.90555 16.4504}
		{axis 1 0}
	}
	{rotate}
	{Tags "body"}
}
{obstacle "body2"
	{obb2
		{center -155.462 -28.2869}
		{extent 5.90552 5.90551}
		{axis 1 0}
	}
	{rotate}
	{Tags "body"}
}
{obstacle "body30"
	{obb2
		{center -99.017 -84.754}
		{extent 3.18898 5.90551}
		{axis 1 0}
	}
	{rotate}
	{Tags "body"}
}
{obstacle "body31"
	{obb2
		{center -51.2199 84.8026}
		{extent 5.90551 5.90551}
		{axis 1 0}
	}
	{rotate}
	{Tags "body"}
}
{obstacle "body33"
	{obb2
		{center 0.0294571 84.8026}
		{extent 5.90551 5.90551}
		{axis 1 0}
	}
	{rotate}
	{Tags "body"}
}
{obstacle "body34"
	{obb2
		{center -155.462 97.0718}
		{extent 5.90552 5.90551}
		{axis 1 0}
	}
	{rotate}
	{Tags "body"}
}
{obstacle "body35"
	{obb2
		{center 51.2219 84.8026}
		{extent 5.90551 5.90551}
		{axis 1 0}
	}
	{rotate}
	{Tags "body"}
}
{obstacle "body36"
	{obb2
		{center 0.0294571 -84.754}
		{extent 5.90551 5.90551}
		{axis 1 0}
	}
	{rotate}
	{Tags "body"}
}
{obstacle "body3"
	{obb2
		{center -155.462 -82.8066}
		{extent 5.90552 15.748}
		{axis 1 0}
	}
	{rotate}
	{Tags "body"}
}
{obstacle "body40"
	{obb2
		{center -104.389 -27.521}
		{extent 5.90551 12.6969}
		{axis 1 0}
	}
	{rotate}
	{Tags "body"}
}
{obstacle "body41"
	{obb2
		{center -104.389 26.8943}
		{extent 5.90551 12.6969}
		{axis 1 0}
	}
	{rotate}
	{Tags "body"}
}
{obstacle "body42"
	{obb2
		{center -104.389 72.5439}
		{extent 5.90551 12.6969}
		{axis 1 0}
	}
	{rotate}
	{Tags "body"}
}
{obstacle "body43"
	{obb2
		{center -104.389 -72.5589}
		{extent 5.90551 12.6969}
		{axis 1 0}
	}
	{rotate}
	{Tags "body"}
}
{obstacle "body4"
	{obb2
		{center -155.462 27.9251}
		{extent 5.90552 5.90551}
		{axis 1 0}
	}
	{rotate}
	{Tags "body"}
}
{obstacle "body5"
	{obb2
		{center -124.696 -84.5639}
		{extent 24.3856 4.92126}
		{axis 1 0}
	}
	{rotate}
	{Tags "body"}
}
{obstacle "body6"
	{obb2
		{center 98.9916 -84.754}
		{extent 3.18898 5.90551}
		{axis 1 0}
	}
	{rotate}
	{Tags "body"}
}
{obstacle "body7"
	{obb2
		{center 124.516 -84.5639}
		{extent 24.3856 4.92126}
		{axis 1 0}
	}
	{rotate}
	{Tags "body"}
}
{obstacle "body9"
	{obb2
		{center 124.516 84.4342}
		{extent 24.3856 4.92126}
		{axis 1 0}
	}
	{rotate}
	{Tags "body"}
}
{obstacle "door1"
	{obb2
		{center -102.089 49.6712}
		{extent 1.47283 9.6496}
		{axis 1 0}
	}
	{rotate}
	{Tags "body"}
}
{obstacle "door2"
	{obb2
		{center -95.0784 13.8911}
		{extent 7.40704 0.590551}
		{axis 1 0}
	}
	{rotate}
	{Tags "body"}
}
{obstacle "door3"
	{obb2
		{center -95.1634 -13.4746}
		{extent 7.87402 0.590551}
		{axis 1 0}
	}
	{rotate}
	{Tags "body"}
}
{obstacle "door4"
	{obb2
		{center -92.6209 -61.361}
		{extent 0.596405 9.44918}
		{axis 0.342602 0.939481}
	}
	{rotate}
	{Tags "body"}
}
{obstacle "door_vol001"
	{obb2
		{center -104.389 19.8292}
		{extent 3.42519 9.64961}
		{axis 1 0}
	}
	{rotate}
	{Tags "body"}
}
{volume "body10"
	{polyhedron}
	{bone "basis"}
	{matrix34
		-1 	 0 	 0
		0 	 -1 	 0
		0 	 0 	 1
		-155.117 	 54.0188 	 88.2246
	}
}
{volume "body11"
	{box 9.84252 48.7712 131.89}
	{bone "basis"}
	{matrix34
		0 	 -1 	 0
		1 	 0 	 0
		0 	 0 	 1
		-124.696 	 -84.4342 	 58.0709
	}
}
{volume "body12"
	{box 9.84252 200.937 40.3543}
	{bone "basis"}
	{matrix34
		0 	 -1 	 0
		1 	 0 	 0
		0 	 0 	 1
		-0.2596 	 84.5639 	 103.976
	}
}
{volume "body13"
	{box 11.811 74.7744 119.094}
	{bone "basis"}
	{matrix34
		-1 	 0 	 0
		0 	 -1 	 0
		0 	 0 	 1
		147.601 	 -53.4243 	 51.6732
	}
}
{volume "body14"
	{box 11.811 74.7744 119.094}
	{bone "basis"}
	{matrix34
		-1 	 0 	 0
		0 	 -1 	 0
		0 	 0 	 1
		147.601 	 54.0188 	 51.6732
	}
}
{volume "body15"
	{box 10.0546 14.6573 17.2683}
	{bone "basis"}
	{Position -155.68 	 0 	 197.393}
}
{volume "body16"
	{box 9.84252 11.811 106.964}
	{bone "basis"}
	{Position 148.133 	 98.037 	 45.6078}
}
{volume "body17"
	{polyhedron}
	{bone "basis"}
	{matrix34
		-1 	 0 	 0
		0 	 -1 	 0
		0 	 0 	 1
		-155.117 	 -53.4243 	 74.6081
	}
}
{volume "body18"
	{box 11.811 9.84252 105.379}
	{bone "basis"}
	{Position 158.904 	 86.4597 	 44.8155}
}
{volume "body19"
	{box 14.0551 27.6366 24.293}
	{bone "basis"}
	{matrix34
		-1 	 0 	 0
		0 	 -1 	 0
		0 	 0 	 1
		144.33 	 0.153 	 17.8659
	}
}
{volume "body1"
	{box 11.811 31.4961 82.6772}
	{bone "basis"}
	{Position -155.462 	 -81.9556 	 33.4646}
}
{volume "body20"
	{box 11.811 9.84252 104.173}
	{bone "basis"}
	{Position 158.904 	 -86.8204 	 44.2126}
}
{volume "body21"
	{box 11.811 11.811 105.118}
	{bone "basis"}
	{Position -154.939 	 98.037 	 44.685}
}
{volume "body22"
	{box 9.84252 11.811 105.315}
	{bone "basis"}
	{Position 148.106 	 -97.8158 	 44.7835}
}
{volume "body23"
	{box 6.37795 11.811 79.2323}
	{bone "basis"}
	{Position 98.9916 	 -84.8026 	 45.5217}
}
{volume "body24"
	{box 3.85984 4.80646 31.4961}
	{bone "basis"}
	{Position -155.69 	 0 	 221.667}
}
{volume "body25"
	{box 6.37795 11.811 79.2323}
	{bone "basis"}
	{Position -99.017 	 -84.8026 	 45.5217}
}
{volume "body26"
	{box 11.811 11.811 79.2323}
	{bone "basis"}
	{Position 51.2219 	 84.754 	 45.5217}
}
{volume "body27"
	{box 11.811 11.811 79.2323}
	{bone "basis"}
	{Position -51.2199 	 84.754 	 45.5217}
}
{volume "body28"
	{box 4.15644 20.2861 4.00095}
	{bone "basis"}
	{Position -155.578 	 0 	 227.39}
}
{volume "body29"
	{box 11.811 32.9007 126.526}
	{bone "basis"}
	{matrix34
		-1 	 0 	 0
		0 	 -1 	 0
		0 	 0 	 1
		147.601 	 0.153 	 55.3889
	}
}
{volume "body2"
	{box 11.811 11.811 82.6772}
	{bone "basis"}
	{Position -155.462 	 28.2869 	 33.4646}
}
{volume "body30"
	{box 6.37795 11.811 79.2323}
	{bone "basis"}
	{Position -99.017 	 84.754 	 45.5217}
}
{volume "body31"
	{box 11.811 11.811 79.2323}
	{bone "basis"}
	{Position -51.2199 	 -84.8026 	 45.5217}
}
{volume "body32"
	{box 11.811 32.9007 66.1649}
	{bone "basis"}
	{matrix34
		-1 	 0 	 0
		0 	 -1 	 0
		0 	 0 	 1
		147.601 	 0.153 	 153.693
	}
}
{volume "body33"
	{box 11.811 11.811 79.2323}
	{bone "basis"}
	{Position 0.0295 	 -84.8026 	 45.5217}
}
{volume "body34"
	{box 11.811 11.811 105.118}
	{bone "basis"}
	{Position -155.462 	 -97.0718 	 44.685}
}
{volume "body35"
	{box 11.811 11.811 79.2323}
	{bone "basis"}
	{Position 51.2219 	 -84.8026 	 45.5217}
}
{volume "body36"
	{box 11.811 11.811 79.2323}
	{bone "basis"}
	{Position 0.0295 	 84.754 	 45.5217}
}
{volume "body37"
	{box 9.84252 200.937 40.3543}
	{bone "basis"}
	{matrix34
		0 	 -1 	 0
		1 	 0 	 0
		0 	 0 	 1
		-0.2596 	 -84.4118 	 103.976
	}
}
{volume "body38"
	{box 9.84252 158.74 50}
	{bone "basis"}
	{matrix34
		-1 	 0 	 0
		0 	 -1 	 0
		0 	 0 	 1
		-105.438 	 0 	 80.2118
	}
}
{volume "body39"
	{polyhedron}
	{bone "basis"}
	{matrix34
		-1 	 0 	 0
		0 	 -1 	 0
		0 	 0 	 1
		147.601 	 -53.4243 	 111.246
	}
}
{volume "body3"
	{box 11.811 31.4961 82.6772}
	{bone "basis"}
	{Position -155.462 	 82.8066 	 33.4646}
}
{volume "body40"
	{box 11.811 25.3937 47.5394}
	{bone "basis"}
	{Position -104.389 	 27.521 	 25.3137}
}
{volume "body41"
	{box 11.811 25.3937 47.5394}
	{bone "basis"}
	{Position -104.389 	 -26.8943 	 25.3137}
}
{volume "body42"
	{box 11.811 25.3937 47.5394}
	{bone "basis"}
	{Position -104.389 	 -72.5439 	 25.3137}
}
{volume "body43"
	{box 11.811 25.3937 47.5394}
	{bone "basis"}
	{Position -104.389 	 72.5589 	 25.3137}
}
{volume "body44"
	{polyhedron}
	{bone "basis"}
	{matrix34
		-1 	 0 	 0
		0 	 -1 	 0
		0 	 0 	 1
		147.601 	 54.0188 	 124.862
	}
}
{volume "body4"
	{box 11.811 11.811 82.6772}
	{bone "basis"}
	{Position -155.462 	 -27.9251 	 33.4646}
}
{volume "body5"
	{box 9.84252 48.7712 131.89}
	{bone "basis"}
	{matrix34
		0 	 -1 	 0
		1 	 0 	 0
		0 	 0 	 1
		-124.696 	 84.5639 	 58.0709
	}
}
{volume "body6"
	{box 6.37795 11.811 79.2323}
	{bone "basis"}
	{Position 98.9916 	 84.754 	 45.5217}
}
{volume "body7"
	{box 9.84252 48.7712 131.89}
	{bone "basis"}
	{matrix34
		0 	 -1 	 0
		1 	 0 	 0
		0 	 0 	 1
		124.516 	 84.5639 	 58.0709
	}
}
{volume "body8"
	{box 11.811 32.9007 102.529}
	{bone "basis"}
	{matrix34
		-1 	 0 	 0
		0 	 -1 	 0
		0 	 0 	 1
		-155.117 	 0.153 	 135.911
	}
}
{volume "body9"
	{box 9.84252 48.7712 131.89}
	{bone "basis"}
	{matrix34
		0 	 -1 	 0
		1 	 0 	 0
		0 	 0 	 1
		124.516 	 -84.4342 	 58.0709
	}
}
{volume "door1"
	{box 2.94567 19.2992 43.7362}
	{bone "basis"}
	{Position -102.089 	 -49.6712 	 23.4122}
}
{volume "door2"
	{box 1.1811 14.8141 48.1098}
	{bone "basis"}
	{matrix34
		0 	 -1 	 0
		1 	 0 	 0
		0 	 0 	 1
		-95.0784 	 -13.8911 	 29.8904
	}
}
{volume "door3"
	{box 1.1811 15.748 48.1098}
	{bone "basis"}
	{matrix34
		0 	 -1 	 0
		1 	 0 	 0
		0 	 0 	 1
		-95.1634 	 13.4746 	 29.8904
	}
}
{volume "door4"
	{box 1.1811 18.8976 39.4501}
	{bone "basis"}
	{matrix34
		0.342 	 -0.9397 	 0
		0.9397 	 0.342 	 0
		0 	 0 	 1
		-92.6209 	 61.361 	 25.5605
	}
}
{volume "door_vol001"
	{box 6.85039 19.2992 43.7362}
	{bone "basis"}
	{Position -104.389 	 -19.8292 	 23.4122}
}
{volume "hole1"
	{box 18.5709 18.2941 57.7323}
	{bone "basis"}
	{matrix34
		0 	 -1 	 0
		1 	 0 	 0
		0 	 0 	 1
		-126.237 	 82.2977 	 65.3696
	}
}
{volume "hole2"
	{box 18.5709 18.2941 57.7323}
	{bone "basis"}
	{matrix34
		0 	 -1 	 0
		1 	 0 	 0
		0 	 0 	 1
		123.146 	 82.2977 	 65.3696
	}
}
{volume "hole3"
	{cylinder 18.8593 15.5841}
	{bone "basis"}
	{matrix34
		0 	 0 	 1
		0 	 1 	 0
		-1 	 0 	 0
		148.26 	 0.1404 	 142.023
	}
}
{volume "hole4"
	{box 18.5709 18.2941 57.7323}
	{bone "basis"}
	{matrix34
		0 	 -1 	 0
		1 	 0 	 0
		0 	 0 	 1
		123.146 	 -82.9068 	 65.3696
	}
}
{volume "hole5"
	{box 18.5709 18.2941 57.7323}
	{bone "basis"}
	{matrix34
		0 	 -1 	 0
		1 	 0 	 0
		0 	 0 	 1
		-126.403 	 -82.9068 	 65.3696
	}
}
{volume "hole6"
	{cylinder 18.8593 15.5841}
	{bone "basis"}
	{matrix34
		0 	 0 	 1
		0 	 1 	 0
		-1 	 0 	 0
		-156.061 	 0.1404 	 142.023
	}
}
{volume "roof1"
	{box 1.9685 21.2109 111.959}
	{bone "basis"}
	{matrix34
		0 	 -0.5736 	 0.8192
		1 	 0 	 0
		0 	 0.8192 	 0.5736
		132.309 	 -46.5342 	 154.01
	}
}
{volume "roof2"
	{box 1.9685 52.3203 111.959}
	{bone "basis"}
	{matrix34
		0 	 -0.5736 	 0.8192
		1 	 0 	 0
		0 	 0.8192 	 0.5736
		-134.479 	 -45.8005 	 152.962
	}
}
{volume "roof3"
	{box 1.9685 24.0673 111.959}
	{bone "basis"}
	{matrix34
		0 	 0.5736 	 0.8192
		-1 	 0 	 0
		0 	 -0.8192 	 0.5736
		130.604 	 46.3276 	 153.698
	}
}
{volume "roof4"
	{box 1.9685 32.9618 111.959}
	{bone "basis"}
	{matrix34
		0 	 0.5736 	 0.8192
		-1 	 0 	 0
		0 	 -0.8192 	 0.5736
		-134.479 	 46.4215 	 153.832
	}
}
{volume "roof5"
	{box 1.9685 52.3203 163.386}
	{bone "basis"}
	{matrix34
		0 	 0 	 1
		1 	 0 	 0
		0 	 1 	 0
		-124.69 	 -0.4437 	 105.23
	}
}
{volume "wood10"
	{box 2.95276 2.95276 104.261}
	{bone "basis"}
	{matrix34
		-1 	 0 	 0
		0 	 -0.5736 	 0.8192
		0 	 0.8192 	 0.5736
		-69.0472 	 -42.0881 	 152.204
	}
}
{volume "wood11"
	{box 2.95276 2.95276 82.3661}
	{bone "basis"}
	{matrix34
		-1 	 0 	 0
		0 	 -0.5736 	 0.8192
		0 	 0.8192 	 0.5736
		-43.2842 	 -51.0557 	 145.925
	}
}
{volume "wood12"
	{box 2.95276 2.95276 38.5766}
	{bone "basis"}
	{matrix34
		-1 	 0 	 0
		0 	 -0.5736 	 0.8192
		0 	 0.8192 	 0.5736
		-17.5211 	 -69.6557 	 134.316
	}
}
{volume "wood13"
	{box 2.95276 2.95276 30.2357}
	{bone "basis"}
	{matrix34
		-1 	 0 	 0
		0 	 -0.5736 	 0.8192
		0 	 0.8192 	 0.5736
		8.6799 	 -73.0719 	 131.924
	}
}
{volume "wood14"
	{box 2.95276 2.95276 56.3009}
	{bone "basis"}
	{matrix34
		-1 	 0 	 0
		0 	 -0.5736 	 0.8192
		0 	 0.8192 	 0.5736
		34.881 	 -62.3962 	 139.399
	}
}
{volume "wood15"
	{box 2.95276 2.95276 46.9174}
	{bone "basis"}
	{matrix34
		-1 	 0 	 0
		0 	 -0.5736 	 0.8192
		0 	 0.8192 	 0.5736
		61.082 	 -66.2394 	 136.708
	}
}
{volume "wood16"
	{box 2.95276 2.95276 104.261}
	{bone "basis"}
	{matrix34
		1 	 0 	 0
		0 	 0.5736 	 0.8192
		0 	 -0.8192 	 0.5736
		-95.495 	 43.1776 	 152.892
	}
}
{volume "wood17"
	{box 2.95276 2.95276 62.5566}
	{bone "basis"}
	{matrix34
		1 	 0 	 0
		0 	 0.5736 	 0.8192
		0 	 -0.8192 	 0.5736
		-68.691 	 60.2755 	 140.956
	}
}
{volume "wood18"
	{box 2.95276 2.95276 69.8548}
	{bone "basis"}
	{matrix34
		1 	 0 	 0
		0 	 0.5736 	 0.8192
		0 	 -0.8192 	 0.5736
		-43.2265 	 57.2507 	 142.998
	}
}
{volume "wood1"
	{box 2.95276 2.95276 27.0306}
	{bone "basis"}
	{matrix34
		1 	 0 	 0
		0 	 0.5 	 0.866
		0 	 -0.866 	 0.5
		-24.8648 	 96.1262 	 105.352
	}
}
{volume "wood2"
	{box 2.95276 2.95276 15.9481}
	{bone "basis"}
	{matrix34
		1 	 0 	 0
		0 	 0.342 	 0.9397
		0 	 -0.9397 	 0.342
		25.5656 	 95.0463 	 107.323
	}
}
{volume "wood3"
	{box 2.95276 2.95276 10.9882}
	{bone "basis"}
	{matrix34
		1 	 0 	 0
		0 	 0.5 	 0.866
		0 	 -0.866 	 0.5
		49.9872 	 92.0937 	 107.472
	}
}
{volume "wood4"
	{box 2.95276 2.95276 25.0226}
	{bone "basis"}
	{matrix34
		1 	 0 	 0
		0 	 0.5736 	 0.8192
		0 	 -0.8192 	 0.5736
		-17.0904 	 75.6118 	 130.139
	}
}
{volume "wood5"
	{box 2.95276 2.95276 16.6818}
	{bone "basis"}
	{matrix34
		1 	 0 	 0
		0 	 0.5736 	 0.8192
		0 	 -0.8192 	 0.5736
		9.0765 	 78.5663 	 127.087
	}
}
{volume "wood6"
	{box 2.95276 2.95276 52.1305}
	{bone "basis"}
	{matrix34
		1 	 0 	 0
		0 	 0.5736 	 0.8192
		0 	 -0.8192 	 0.5736
		35.1317 	 64.4736 	 137.863
	}
}
{volume "wood7"
	{box 2.95276 2.95276 49.0026}
	{bone "basis"}
	{matrix34
		1 	 0 	 0
		0 	 0.5736 	 0.8192
		0 	 -0.8192 	 0.5736
		61.082 	 65.6759 	 136.853
	}
}
{volume "wood8"
	{box 2.95276 2.95276 104.261}
	{bone "basis"}
	{matrix34
		1 	 0 	 0
		0 	 0.5736 	 0.8192
		0 	 -0.8192 	 0.5736
		87.3537 	 42.696 	 152.204
	}
}
{volume "wood9"
	{box 2.95276 2.95276 104.261}
	{bone "basis"}
	{matrix34
		-1 	 0 	 0
		0 	 -0.5736 	 0.8192
		0 	 0.8192 	 0.5736
		-95.6652 	 -42.0881 	 152.204
	}
}
