;Exported by	: KobaA
;Date			: 22.05.2023 16:36:41
;File			: D:\git\gem2-mdl-soldiers\models\entourage\bridge_river\bridge_river_settings_x.max
{skeleton
	{bone "bridge_river_1_piece_005_x"
		{orientation
			1 	 0 	 0
			0 	 -1 	 0
			0 	 0 	 1
		}
		{bone "piece01"
			{Position -93.4558 	 -5.1 	 9.9114}
			{poly "piece01"}
		}
		{bone "piece02"
			{Position -36.9477 	 -3.834 	 9.241}
			{poly "piece02"}
		}
		{bone "piece03"
			{Position 27.4274 	 -3.5952 	 6.9596}
			{poly "piece03"}
		}
		{bone "piece05"
			{matrix34
				-0.7235 	 0 	 0.6904
				0 	 1 	 0
				-0.6904 	 0 	 -0.7235
				39.6965 	 -0.5121 	 48.9186
			}
			{poly "piece05"}
		}
		{bone "piece06"
			{matrix34
				-0.0872 	 0.0868 	 0.9924
				-0.9962 	 -0.0076 	 -0.0868
				0 	 -0.9962 	 0.0872
				0.1041 	 0.8097 	 51.4347
			}
			{poly "piece06"}
		}
		{bone "piece07"
			{matrix34
				-0.7809 	 0 	 -0.6247
				0 	 -1 	 0
				-0.6247 	 0 	 0.7809
				-38.597 	 -0.2361 	 50.776
			}
			{poly "piece07"}
		}
		{bone "piece08"
			{matrix34
				0 	 0 	 -1
				0 	 1 	 0
				1 	 0 	 0
				-51.272 	 -0.7054 	 105.583
			}
			{poly "piece08"}
		}
		{bone "piece09"
			{matrix34
				-0.0872 	 0.0868 	 0.9924
				-0.9962 	 -0.0076 	 -0.0868
				0 	 -0.9962 	 0.0872
				-76.3073 	 1.6344 	 51.9274
			}
			{poly "piece09"}
		}
		{bone "piece10"
			{matrix34
				-0.7809 	 0 	 0.6247
				0 	 -1 	 0
				0.6247 	 0 	 0.7809
				-105.368 	 1.4309 	 66.4468
			}
			{poly "piece10"}
		}
		{bone "piece11"
			{matrix34
				-0.7809 	 0 	 -0.6247
				0 	 -1 	 0
				-0.6247 	 0 	 0.7809
				-112.694 	 1.9925 	 39.3925
			}
			{poly "piece11"}
		}
		{bone "piece12"
			{matrix34
				-0.0872 	 0.0868 	 0.9924
				-0.9962 	 -0.0076 	 -0.0868
				0 	 -0.9962 	 0.0872
				79.6941 	 0.816 	 51.5063
			}
			{poly "piece12"}
		}
		{bone "piece13"
			{matrix34
				0 	 0 	 -1
				0 	 1 	 0
				1 	 0 	 0
				65.7724 	 -0.7053 	 105.583
			}
			{poly "piece13"}
		}
		{bone "piece04"
			{Position 83.8463 	 -5.1 	 9.9114}
			{poly "piece04"}
		}
	}
}
{"volumes"
	{"piece01_01"
		{box 1.57382 1.84789 20.3783}
		{bone "piece01"}
		{Position 17.5647 	 0 	 0.3147}
	}
	{"piece01_02"
		{box 48.7799 1.93489 1.18789}
		{bone "piece01"}
		{Position 0.2744 	 0 	 8.0715}
	}
	{"piece01_03"
		{box 17.6137 1.66255 1.62709}
		{bone "piece01"}
		{matrix34
			0 	 0 	 -1
			0 	 1 	 0
			1 	 0 	 0
			-16.1994 	 0 	 -1.1562
		}
	}
	{"piece01_04"
		{box 62.2563 1.23833 0.819643}
		{bone "piece01"}
		{Position 0.8394 	 0 	 -5.5029}
	}
	{"piece02_01"
		{box 57.3881 1.93489 1.18789}
		{bone "piece02"}
		{Position -1.7602 	 -1.266 	 8.742}
	}
	{"piece02_02"
		{box 51.4515 1.23833 0.819643}
		{bone "piece02"}
		{Position 1.7834 	 -1.266 	 -4.8325}
	}
	{"piece02_03"
		{box 17.6137 1.66255 1.62709}
		{bone "piece02"}
		{matrix34
			0 	 0 	 -1
			0 	 1 	 0
			1 	 0 	 0
			-5.2252 	 -1.266 	 -0.4858
		}
	}
	{"piece03_01"
		{box 17.6137 1.66255 1.62709}
		{bone "piece03"}
		{matrix34
			0 	 0 	 -1
			0 	 1 	 0
			1 	 0 	 0
			31.6426 	 -1.5048 	 -2.9543
		}
	}
	{"piece03_02"
		{box 69.5279 1.93489 1.18789}
		{bone "piece03"}
		{matrix34
			0.9976 	 0 	 -0.0688
			0 	 1 	 0
			0.0688 	 0 	 0.9976
			-1.0479 	 -1.5048 	 8.6557
		}
	}
	{"piece03_03"
		{box 17.6137 1.66255 1.62709}
		{bone "piece03"}
		{matrix34
			0 	 0 	 -1
			0 	 1 	 0
			1 	 0 	 0
			-2.173 	 -1.5048 	 -0.6112
		}
	}
	{"piece03_04"
		{box 65.4186 1.21898 0.855279}
		{bone "piece03"}
		{matrix34
			0.9976 	 0 	 -0.0688
			0 	 1 	 0
			0.0688 	 0 	 0.9976
			-1.3749 	 -1.5048 	 -4.7913
		}
	}
	{"piece04_01"
		{box 1.57382 1.84789 20.3783}
		{bone "piece04"}
		{Position 17.5647 	 0 	 0.3147}
	}
	{"piece04_02"
		{box 48.7799 1.93489 1.18789}
		{bone "piece04"}
		{Position 0.2744 	 0 	 8.0715}
	}
	{"piece04_03"
		{box 17.6137 1.66255 1.62709}
		{bone "piece04"}
		{matrix34
			0 	 0 	 -1
			0 	 1 	 0
			1 	 0 	 0
			-16.1994 	 0 	 -1.1562
		}
	}
	{"piece04_04"
		{box 62.2563 1.23833 0.819643}
		{bone "piece04"}
		{Position 0.8394 	 0 	 -5.5029}
	}
	{"piece05"
		{box 121.586 8.14764 6.09909}
		{bone "piece05"}
		{matrix34
			-0.0986 	 0 	 0.9951
			0 	 -1 	 0
			0.9951 	 0 	 0.0986
			2.2149 	 -0.1898 	 -4.7163
		}
	}
	{"piece06"
		{box 105.311 8.14764 6.09909}
		{bone "piece06"}
		{matrix34
			-1 	 0 	 0
			0 	 0 	 -1
			0 	 -1 	 0
			0.7926 	 -0.471 	 1.9708
		}
	}
	{"piece07"
		{box 125.32 8.14764 6.09909}
		{bone "piece07"}
		{matrix34
			-0.0059 	 0 	 -1
			0 	 1 	 0
			1 	 0 	 -0.0059
			-2.4171 	 -0.0861 	 -0.8475
		}
	}
	{"piece08"
		{box 118.076 8.14764 6.09909}
		{bone "piece08"}
		{matrix34
			0 	 0 	 1
			0 	 1 	 0
			-1 	 0 	 0
			0.4585 	 0.3831 	 0.1379
		}
	}
	{"piece09"
		{box 105.311 8.14764 6.09909}
		{bone "piece09"}
		{matrix34
			-1 	 0 	 0
			0 	 0 	 -1
			0 	 -1 	 0
			0.4083 	 2.3918 	 2.7493
		}
	}
	{"piece10"
		{box 79.932 8.14764 6.09909}
		{bone "piece10"}
		{matrix34
			0.0059 	 0 	 -1
			0 	 -1 	 0
			-1 	 0 	 -0.0059
			0.857 	 1.4041 	 -1.988
		}
	}
	{"piece11"
		{box 94.472 8.14764 6.09909}
		{bone "piece11"}
		{matrix34
			-0.0059 	 0 	 -1
			0 	 -1 	 0
			-1 	 0 	 0.0059
			-3.3509 	 2.3148 	 -0.4361
		}
	}
	{"piece12"
		{box 105.311 8.14764 6.09909}
		{bone "piece12"}
		{matrix34
			-1 	 0 	 0
			0 	 0 	 -1
			0 	 -1 	 0
			0.7926 	 -0.471 	 1.9708
		}
	}
	{"piece13"
		{box 118.076 8.14764 6.09909}
		{bone "piece13"}
		{matrix34
			0 	 0 	 1
			0 	 1 	 0
			-1 	 0 	 0
			0.4585 	 0.3831 	 0.1379
		}
	}
}
