;Exported by	: KobaA
;Date			: 05.05.2023 12:17:18
;File			: D:\git\gem2-mdl-soldiers\models\unit\vehicle\opel_blitz\opel_blitz_bullet_highback_anm.max
{skeleton
	{animation
		{sequence "stop" {speed 0.5}}
		{sequence "start" {speed 0.5}}
		{sequence "hit" {speed 0.5}}
		{sequence "open" {speed 1}{resume}}
		{sequence "doorright"}
		{sequence "doorleft"}
	}
	{bone "basis"
		{parameters "wheelradius=0.42;steermax=30;"}
		{orientation
			1 	 0 	 0
			0 	 -1 	 0
			0 	 0 	 1
		}
		{bone "body"
			{parameters "id=body;"}
			{animation
				{sequence "repair" {file "body_r"}{speed 0.5}}
			}
			{Position 2.5186 	 0 	 17.522}
			{poly "body" {lod 0}}
			{poly "body_lod1" {lod 1}}
			{poly "body_lod2" {lod 2}}
			{poly "body_lod3" {lod 3 {last}}}
			{bone "bodyback"
				{parameters "id=bodyback;"}
				{animation
					{sequence "repair" {file "bodyback_r"}{speed 0.5}}
				}
				{matrix34
					1 	 0 	 0.0038
					0 	 1 	 0
					-0.0038 	 0 	 1
					41.973 	 14.0284 	 -7.8073
				}
				{poly "bodyback" {lod 0}}
				{poly "bodyback_lod1" {lod 1}}
				{poly "bodyback_lod2" {lod 2}}
				{poly "bodyback_lod3" {lod 3 {last}}}
				{bone "board_back"
					{parameters "id=bodyback;"}
					{matrix34
						-1 	 0 	 0
						0 	 0 	 1
						0 	 1 	 0
						-104.454 	 -14.0189 	 13.8299
					}
					{poly "board_back" {lod 0}}
					{poly "board_back_lod1" {lod 1}}
					{poly "board_back_lod2" {lod 2}}
					{poly "board_back_lod3" {lod 3 {last}}}
				}
				{bone "boardl"
					{parameters "id=bodyback;"}
					{matrix34
						0 	 1 	 0
						-0.0349 	 0 	 0.9994
						0.9994 	 0 	 0.0349
						-68.3751 	 7.8023 	 14.1675
					}
					{poly "boardl" {lod 0}}
					{poly "boardl_lod1" {lod 1}}
					{poly "boardl_lod2" {lod 2}}
					{poly "boardl_lod3" {lod 3 {last}}}
				}
				{bone "boardr"
					{parameters "id=bodyback;"}
					{matrix34
						0 	 1 	 0
						-0.0349 	 0 	 0.9994
						0.9994 	 0 	 0.0349
						-68.3751 	 -35.6819 	 14.1872
					}
					{poly "boardr" {lod 0}}
					{poly "boardr_lod1" {lod 1}}
					{poly "boardr_lod2" {lod 2}}
					{poly "boardr_lod3" {lod 3 {last}}}
				}
			}
			{bone "cabin"
				{parameters "id=cabin;"}
				{animation
					{sequence "repair" {file "cabin_r"}{speed 0.5}}
				}
				{matrix34
					0.9999 	 0 	 0.0122
					0 	 1 	 0
					-0.0122 	 0 	 0.9999
					32.9161 	 -1.9817 	 11.8806
				}
				{poly "cabin" {lod 0}}
				{poly "cabin_lod1" {lod 1}}
				{poly "cabin_lod2" {lod 2}}
				{poly "cabin_lod3" {lod 3 {last}}}
				{bone "doorl"
					{parameters "id=cabin;"}
					{matrix34
						1 	 0 	 -0.0027
						0 	 1 	 0
						0.0027 	 0 	 1
						-4.1179 	 16.7258 	 -11.3492
					}
					{poly "doorl" {lod 0}}
					{poly "doorl_lod1" {lod 1}}
					{poly "doorl_lod2" {lod 2}}
					{poly "doorl_lod3" {lod 3 {last}}}
					{bone "window2"
						{parameters "id=cabin;"}
						{matrix34
							0.9999 	 -0.017 	 0.0027
							0.017 	 0.9999 	 0
							-0.0027 	 0 	 1
							0 	 0 	 0
						}
						{poly "window2" {lod 0}}
						{poly "window2_lod1" {lod 1}}
						{poly "window2_lod2" {lod 2}}
						{poly "window2_lod3" {lod 3 {last}}}
					}
				}
				{bone "window1"
					{parameters "id=cabin;"}
					{matrix34
						-1 	 0 	 0
						0 	 0 	 1
						0 	 1 	 0
						-5.0906 	 1.9817 	 7.6092
					}
					{poly "window1" {lod 0}}
					{poly "window1_lod1" {lod 1}}
					{poly "window1_lod2" {lod 2}}
					{poly "window1_lod3" {lod 3 {last}}}
				}
				{bone "doorr"
					{parameters "id=cabin;"}
					{Position -4.1509 	 -12.757 	 -11.3492}
					{poly "doorr" {lod 0}}
					{poly "doorr_lod1" {lod 1}}
					{poly "doorr_lod2" {lod 2}}
					{poly "doorr_lod3" {lod 3 {last}}}
					{bone "window3"
						{parameters "id=cabin;"}
						{matrix34
							1 	 0.0026 	 -0.0027
							-0.0026 	 1 	 0
							0.0027 	 0 	 1
							0.033 	 -0.0271 	 0
						}
						{poly "window3" {lod 0}}
						{poly "window3_lod1" {lod 1}}
						{poly "window3_lod2" {lod 2}}
						{poly "window3_lod3" {lod 3 {last}}}
					}
				}
				{bone "commander"
					{matrix34
						0.9826 	 0 	 -0.1857
						0 	 1 	 0
						0.1857 	 0 	 0.9826
						-8.613 	 -4.6959 	 -12.058
					}
				}
				{bone "driver"
					{matrix34
						0.9826 	 0 	 -0.1857
						0 	 1 	 0
						0.1857 	 0 	 0.9826
						-8.613 	 8.2271 	 -12.058
					}
				}
			}
			{bone "engine"
				{parameters "id=engine;"}
				{animation
					{sequence "repair" {file "engine_r"}{speed 0.5}}
				}
				{matrix34
					0.9999 	 0 	 0.0122
					0 	 1 	 0
					-0.0122 	 0 	 0.9999
					42.6515 	 0 	 7.8374
				}
				{poly "engine" {lod 0}}
				{poly "engine_lod1" {lod 1}}
				{poly "engine_lod2" {lod 2}}
				{poly "engine_lod3" {lod 3 {last}}}
				{bone "hudl1"
					{parameters "id=engine;"}
					{matrix34
						0.998 	 -0.0348 	 -0.0523
						0.0349 	 0.9994 	 0.0009
						0.0523 	 -0.0027 	 0.9986
						-1.5496 	 1.6866 	 6.9033
					}
					{poly "hudl1" {lod 0}}
					{poly "hudl1_lod1" {lod 1}}
					{poly "hudl1_lod2" {lod 2}}
					{poly "hudl1_lod3" {lod 3 {last}}}
				}
				{bone "hudr1"
					{parameters "id=engine;"}
					{matrix34
						0.998 	 0.0349 	 -0.0523
						-0.0349 	 0.9994 	 0.0018
						0.0523 	 0 	 0.9986
						-1.5496 	 -1.6907 	 6.9033
					}
					{poly "hudr1" {lod 0}}
					{poly "hudr1_lod1" {lod 1}}
					{poly "hudr1_lod2" {lod 2}}
					{poly "hudr1_lod3" {lod 3 {last}}}
				}
			}
			{bone "fxsmoke"
				{matrix34
					-0.8746 	 0.4848 	 -0.0107
					-0.4848 	 -0.8746 	 -0.0059
					-0.0122 	 0 	 0.9999
					-50.0146 	 15.6682 	 -4.5237
				}
			}
			{bone "headlightl"
				{matrix34
					0.9999 	 0 	 0.0122
					0 	 1 	 0
					-0.0122 	 0 	 0.9999
					53.9983 	 13.6172 	 4.5629
				}
			}
			{bone "headlightr"
				{matrix34
					0.9999 	 0 	 0.0122
					0 	 1 	 0
					-0.0122 	 0 	 0.9999
					53.9983 	 -13.6616 	 4.5629
				}
			}
			{bone "visor1"
				{matrix34
					0.9999 	 0 	 0.0122
					0 	 1 	 0
					-0.0122 	 0 	 0.9999
					29.1783 	 6.2763 	 19.5339
				}
			}
			{bone "link2"
				{matrix34
					-0.9999 	 0 	 -0.0122
					0 	 -1 	 0
					-0.0122 	 0 	 0.9999
					-59.0501 	 0.0481 	 -2.4684
				}
			}
			{bone "spare"
				{parameters "id=body;"}
				{matrix34
					0.9999 	 0 	 0.0122
					0 	 1 	 0
					-0.0122 	 0 	 0.9999
					-2.5318 	 -0.0075 	 1.3506
				}
				{poly "spare" {lod 0}}
				{poly "spare_lod1" {lod 1}}
				{poly "spare_lod2" {lod 2}}
				{poly "spare_lod3" {lod 3 {last}}}
			}
			{bone "seat01"
				{matrix34
					0 	 -0.9848 	 -0.1736
					0.9999 	 -0.0021 	 0.012
					-0.0122 	 -0.1736 	 0.9847
					0.5883 	 5.997 	 9.063
				}
			}
			{bone "seat02"
				{matrix34
					0 	 0.9848 	 -0.1736
					-0.9999 	 -0.0021 	 -0.012
					-0.0122 	 0.1736 	 0.9847
					0.5884 	 -6.0612 	 9.0724
				}
			}
			{bone "seat03"
				{matrix34
					0 	 -0.9848 	 -0.1736
					0.9999 	 -0.0021 	 0.012
					-0.0122 	 -0.1736 	 0.9847
					-12.7864 	 6.0211 	 8.9268
				}
			}
			{bone "seat04"
				{matrix34
					0 	 0.9848 	 -0.1736
					-0.9999 	 -0.0021 	 -0.012
					-0.0122 	 0.1736 	 0.9847
					-12.7864 	 -6.0852 	 8.9362
				}
			}
			{bone "seat05"
				{matrix34
					0 	 -0.9848 	 -0.1736
					0.9999 	 -0.0021 	 0.012
					-0.0122 	 -0.1736 	 0.9847
					-26.5657 	 6.045 	 8.7908
				}
			}
			{bone "seat06"
				{matrix34
					0 	 0.9848 	 -0.1736
					-0.9999 	 -0.0021 	 -0.012
					-0.0122 	 0.1736 	 0.9847
					-26.5657 	 -6.1092 	 8.8001
				}
			}
			{bone "seat07"
				{matrix34
					0 	 -0.9848 	 -0.1736
					0.9999 	 -0.0021 	 0.012
					-0.0122 	 -0.1736 	 0.9847
					-40.2489 	 6.069 	 8.6549
				}
			}
			{bone "seat08"
				{matrix34
					0 	 0.9848 	 -0.1736
					-0.9999 	 -0.0021 	 -0.012
					-0.0122 	 0.1736 	 0.9847
					-40.2489 	 -6.121 	 8.7329
				}
			}
			{bone "seat09"
				{matrix34
					0 	 -0.9848 	 -0.1736
					0.9999 	 -0.0021 	 0.012
					-0.0122 	 -0.1736 	 0.9847
					-52.951 	 6.0926 	 8.521
				}
			}
			{bone "seat10"
				{matrix34
					0 	 0.9848 	 -0.1736
					-0.9999 	 -0.0021 	 -0.012
					-0.0122 	 0.1736 	 0.9847
					-52.951 	 -6.1144 	 8.7707
				}
			}
		}
		{bone "pivot_back"
			{Position -31.776 	 0.3037 	 8.9375}
			{bone "fxtracel2"
				{matrix34
					-0.9659 	 0 	 0.2588
					0 	 -1 	 0
					0.2588 	 0 	 0.9659
					-5.0671 	 15.8784 	 -8.9375
				}
			}
			{bone "fxtracer2"
				{matrix34
					-0.9659 	 0 	 0.2588
					0 	 -1 	 0
					0.2588 	 0 	 0.9659
					-5.0671 	 -16.2578 	 -8.9375
				}
			}
			{bone revolute "align_back"
				{limits -2 2}
				{speed 0.001}
				{matrix34
					0 	 0 	 1
					0 	 -1 	 0
					1 	 0 	 0
					1.5282 	 -0.3037 	 -0.2175
				}
				{poly "align_back" {lod 0}}
				{poly "align_back_lod1" {lod 1}}
				{poly "align_back_lod2" {lod 2}}
				{poly "align_back_lod3" {lod 3 {last}}}
				{bone "capl2"
					{parameters "id=wheelleft2;"}
					{matrix34
						0 	 0 	 1
						0 	 -1 	 0
						1 	 0 	 0
						0.4825 	 -17.7177 	 -1.458
					}
					{poly "capl2" {lod 0}}
					{poly "capl2_lod1" {lod 1}}
					{poly "capl2_lod2" {lod 2}}
					{poly "capl2_lod3" {lod 3 {last}}}
					{bone revolute "wheell2"
						{parameters "id=wheelleft2;"}
						{matrix34
							-1 	 0 	 0
							0 	 0 	 1
							0 	 1 	 0
							0 	 -1.5919 	 0
						}
						{poly "wheell2" {lod 0}}
						{poly "wheell2_lod1" {lod 1}}
						{poly "wheell2_lod2" {lod 2}}
						{poly "wheell2_lod3" {lod 3 {last}}}
					}
				}
				{bone "capr2"
					{parameters "id=wheelright2;"}
					{matrix34
						0 	 0 	 1
						0 	 -1 	 0
						1 	 0 	 0
						0.4825 	 17.7221 	 -1.4581
					}
					{poly "capr2" {lod 0}}
					{poly "capr2_lod1" {lod 1}}
					{poly "capr2_lod2" {lod 2}}
					{poly "capr2_lod3" {lod 3 {last}}}
					{bone revolute "wheelr2"
						{parameters "id=wheelright2;"}
						{matrix34
							-1 	 0 	 0
							0 	 0 	 1
							0 	 1 	 0
							0 	 1.5919 	 0
						}
						{poly "wheelr2" {lod 0}}
						{poly "wheelr2_lod1" {lod 1}}
						{poly "wheelr2_lod2" {lod 2}}
						{poly "wheelr2_lod3" {lod 3 {last}}}
					}
				}
			}
		}
		{bone "pivot_front"
			{Position 44.8398 	 0.3037 	 8.9375}
			{bone revolute "align_front"
				{limits -2 2}
				{speed 0.001}
				{matrix34
					0 	 0 	 1
					0 	 -1 	 0
					1 	 0 	 0
					-0.3362 	 -0.3037 	 -1.4202
				}
				{poly "align_front" {lod 0}}
				{poly "align_front_lod1" {lod 1}}
				{poly "align_front_lod2" {lod 2}}
				{poly "align_front_lod3" {lod 3 {last}}}
				{bone revolute "steer_l1"
					{matrix34
						0 	 0 	 1
						0 	 1 	 0
						-1 	 0 	 0
						2.1998 	 -13.2028 	 -0.1388
					}
					{poly "steer_l1" {lod 0}}
					{poly "steer_l1_lod1" {lod 1}}
					{poly "steer_l1_lod2" {lod 2}}
					{poly "steer_l1_lod3" {lod 3 {last}}}
					{bone "capl1"
						{parameters "id=wheelleft1;"}
						{matrix34
							1 	 0 	 0
							0 	 -1 	 0
							0 	 0 	 -1
							0.0283 	 -2.0849 	 0.5146
						}
						{poly "capl1" {lod 0}}
						{poly "capl1_lod1" {lod 1}}
						{poly "capl1_lod2" {lod 2}}
						{poly "capl1_lod3" {lod 3 {last}}}
						{bone revolute "wheell1"
							{parameters "id=wheelleft1;"}
							{matrix34
								-1 	 0 	 0
								0 	 0 	 1
								0 	 1 	 0
								0 	 1.4875 	 0
							}
							{poly "wheell1" {lod 0}}
							{poly "wheell1_lod1" {lod 1}}
							{poly "wheell1_lod2" {lod 2}}
							{poly "wheell1_lod3" {lod 3 {last}}}
						}
					}
				}
				{bone revolute "steer_r1"
					{matrix34
						0 	 0 	 1
						0 	 1 	 0
						-1 	 0 	 0
						2.2014 	 13.2028 	 -0.012
					}
					{poly "steer_r1" {lod 0}}
					{poly "steer_r1_lod1" {lod 1}}
					{poly "steer_r1_lod2" {lod 2}}
					{poly "steer_r1_lod3" {lod 3 {last}}}
					{bone "capr1"
						{parameters "id=wheelright1;"}
						{matrix34
							1 	 0 	 0
							0 	 -1 	 0
							0 	 0 	 -1
							-0.0985 	 2.0849 	 0.5161
						}
						{poly "capr1" {lod 0}}
						{poly "capr1_lod1" {lod 1}}
						{poly "capr1_lod2" {lod 2}}
						{poly "capr1_lod3" {lod 3 {last}}}
						{bone revolute "wheelr1"
							{parameters "id=wheelright1;"}
							{matrix34
								-1 	 0 	 0
								0 	 0 	 1
								0 	 1 	 0
								0 	 -1.4943 	 0
							}
							{poly "wheelr1" {lod 0}}
							{poly "wheelr1_lod1" {lod 1}}
							{poly "wheelr1_lod2" {lod 2}}
							{poly "wheelr1_lod3" {lod 3 {last}}}
						}
					}
				}
			}
			{bone "fxtracer1"
				{matrix34
					-0.9659 	 0 	 0.2588
					0 	 -1 	 0
					0.2588 	 0 	 0.9659
					-4.4117 	 -16.2578 	 -8.9375
				}
			}
			{bone "fxtracel1"
				{matrix34
					-0.9659 	 0 	 0.2588
					0 	 -1 	 0
					0.2588 	 0 	 0.9659
					-4.4117 	 15.8784 	 -8.9375
				}
			}
		}
		{bone "emit1"
			{matrix34
				0 	 -1 	 0
				1 	 0 	 0
				0 	 0 	 1
				12.0027 	 28.568 	 0
			}
		}
		{bone "emit2"
			{matrix34
				0 	 1 	 0
				-1 	 0 	 0
				0 	 0 	 1
				12.0027 	 -31.229 	 0
			}
		}
		{bone "emit3"
			{Position -82.3455 	 11.7241 	 0}
		}
		{bone "emit4"
			{Position -82.3455 	 -11.1784 	 0}
		}
	}
}
{"volumes"
	{"body01"
		{box 64.273 20.4874 5.09496}
		{bone "body"}
		{matrix34
			0.9999 	 0 	 0.0122
			0 	 1 	 0
			-0.0122 	 0 	 0.9999
			-22.9835 	 -0.5881 	 -3.6777
		}
	}
	{"body05"
		{box 9.03774 10.0899 5.07437}
		{bone "body"}
		{matrix34
			0.9999 	 0 	 0.0122
			0 	 1 	 0
			-0.0122 	 0 	 0.9999
			4.3416 	 -15.5599 	 -3.6207
		}
	}
	{"body06"
		{box 9.03774 10.0899 5.07437}
		{bone "body"}
		{matrix34
			0.9999 	 0 	 0.0122
			0 	 1 	 0
			-0.0122 	 0 	 0.9999
			4.3409 	 15.5471 	 -3.5656
		}
	}
	{"body07"
		{box 3.82543 41.0917 2.20497}
		{bone "body"}
		{matrix34
			0.9999 	 0 	 0.0122
			0 	 1 	 0
			-0.0122 	 0 	 0.9999
			55.0918 	 -0.1994 	 -4.9415
		}
	}
	{"body08"
		{box 16.5848 5.56483 0.920656}
		{bone "body"}
		{matrix34
			0.9999 	 0 	 0.0122
			0 	 1 	 0
			-0.0122 	 0 	 0.9999
			18.0918 	 -17.8227 	 -5.5763
		}
	}
	{"body09"
		{box 16.5848 5.56483 0.920656}
		{bone "body"}
		{matrix34
			0.9999 	 0 	 0.0122
			0 	 1 	 0
			-0.0122 	 0 	 0.9999
			18.0918 	 17.4751 	 -5.5763
		}
	}
	{"body10"
		{box 9.3252 6.45551 0.506693}
		{bone "body"}
		{matrix34
			0.5402 	 0 	 -0.8415
			0 	 1 	 0
			0.8415 	 0 	 0.5402
			51.1111 	 16.8228 	 0.0324
		}
	}
	{"body11"
		{box 10.1988 6.43727 0.506693}
		{bone "body"}
		{matrix34
			0.66 	 0 	 0.7513
			0 	 1 	 0
			-0.7513 	 0 	 0.66
			30.5717 	 16.7922 	 -1.6302
		}
	}
	{"body12"
		{box 7.0919 6.43534 0.506693}
		{bone "body"}
		{matrix34
			0.8415 	 0 	 0.5402
			0 	 1 	 0
			-0.5402 	 0 	 0.8415
			36.8409 	 16.7922 	 3.9263
		}
	}
	{"body13"
		{box 8.83712 6.43534 0.506693}
		{bone "body"}
		{matrix34
			0.9732 	 0 	 -0.23
			0 	 1 	 0
			0.23 	 0 	 0.9732
			44.2165 	 16.7922 	 4.8873
		}
	}
	{"body14"
		{box 9.3252 6.45551 0.506693}
		{bone "body"}
		{matrix34
			0.5402 	 0 	 -0.8415
			0 	 1 	 0
			0.8415 	 0 	 0.5402
			51.1111 	 -16.1653 	 0.0324
		}
	}
	{"body15"
		{box 8.83712 6.43534 0.506693}
		{bone "body"}
		{matrix34
			0.9732 	 0 	 -0.23
			0 	 1 	 0
			0.23 	 0 	 0.9732
			44.2165 	 -16.196 	 4.8873
		}
	}
	{"body16"
		{box 7.0919 6.43534 0.506693}
		{bone "body"}
		{matrix34
			0.8415 	 0 	 0.5402
			0 	 1 	 0
			-0.5402 	 0 	 0.8415
			36.8409 	 -16.196 	 3.9263
		}
	}
	{"body17"
		{box 10.1988 6.43727 0.506693}
		{bone "body"}
		{matrix34
			0.66 	 0 	 0.7513
			0 	 1 	 0
			-0.7513 	 0 	 0.66
			30.5717 	 -16.196 	 -1.6302
		}
	}
	{"bodyback01_"
		{box 69.7191 43.0317 1.5748}
		{bone "bodyback"}
		{matrix34
			1 	 0 	 0.0084
			0 	 1 	 0
			-0.0084 	 0 	 1
			-68.568 	 -14.0987 	 13.7616
		}
	}
	{"bodyback02_"
		{box 41.3386 13.3324 1.5748}
		{bone "bodyback"}
		{matrix34
			0 	 1 	 0
			-0.0084 	 0 	 1
			1 	 0 	 0.0084
			-34.4304 	 -14.278 	 21.9829
		}
	}
	{"bodyback03_"
		{box 41.3386 18.2061 1.5748}
		{bone "board_back"}
		{matrix34
			0 	 0 	 1
			0.0092 	 1 	 0
			-1 	 0.0092 	 0
			-1.3568 	 9.7645 	 -0.2591
		}
	}
	{"bodyback04_"
		{box 69.7191 18.2061 1.5748}
		{bone "boardl"}
		{matrix34
			0 	 -0.0265 	 0.9996
			0 	 0.9996 	 0.0265
			-1 	 0 	 0
			-1.1198 	 9.7141 	 0.0565
		}
	}
	{"bodyback05_"
		{box 69.7191 18.2061 1.5748}
		{bone "boardr"}
		{matrix34
			0 	 -0.0265 	 0.9996
			0 	 0.9996 	 0.0265
			-1 	 0 	 0
			0.9164 	 9.6943 	 0.0603
		}
	}
	{"bodyback06"
		{box 8.02054 11.8525 3.76479}
		{bone "bodyback"}
		{matrix34
			1 	 0 	 0.0084
			0 	 1 	 0
			-0.0084 	 0 	 1
			-56.2523 	 0.91 	 10.4386
		}
	}
	{"bodyback07"
		{box 8.02054 11.8525 3.76479}
		{bone "bodyback"}
		{matrix34
			1 	 0 	 0.0084
			0 	 1 	 0
			-0.0084 	 0 	 1
			-93.3324 	 0.9101 	 10.1266
		}
	}
	{"bodyback08"
		{box 8.02054 11.8525 3.76479}
		{bone "bodyback"}
		{matrix34
			1 	 0 	 0.0084
			0 	 1 	 0
			-0.0084 	 0 	 1
			-93.3324 	 -28.9771 	 10.1266
		}
	}
	{"bodyback09"
		{box 9.3252 6.45551 0.506693}
		{bone "bodyback"}
		{matrix34
			0.537 	 0 	 -0.8436
			0 	 1 	 0
			0.8436 	 0 	 0.537
			-66.69 	 -30.1937 	 6.393
		}
	}
	{"bodyback10"
		{box 8.83712 6.43534 0.506693}
		{bone "bodyback"}
		{matrix34
			0.9723 	 0 	 -0.2338
			0 	 1 	 0
			0.2338 	 0 	 0.9723
			-73.566 	 -30.2244 	 11.274
		}
	}
	{"bodyback11"
		{box 7.0919 6.43534 0.506693}
		{bone "bodyback"}
		{matrix34
			0.8436 	 0 	 0.537
			0 	 1 	 0
			-0.537 	 0 	 0.8436
			-80.9453 	 -30.2244 	 10.3411
		}
	}
	{"bodyback12"
		{box 10.1988 6.43727 0.506693}
		{bone "bodyback"}
		{matrix34
			0.6629 	 0 	 0.7487
			0 	 1 	 0
			-0.7487 	 0 	 0.6629
			-87.2356 	 -30.2244 	 4.8085
		}
	}
	{"bodyback13"
		{box 9.3252 6.45551 0.506693}
		{bone "bodyback"}
		{matrix34
			0.537 	 0 	 -0.8436
			0 	 1 	 0
			0.8436 	 0 	 0.537
			-66.69 	 3.3798 	 6.393
		}
	}
	{"bodyback14"
		{box 8.83712 6.43534 0.506693}
		{bone "bodyback"}
		{matrix34
			0.9723 	 0 	 -0.2338
			0 	 1 	 0
			0.2338 	 0 	 0.9723
			-73.566 	 3.3492 	 11.274
		}
	}
	{"bodyback15"
		{box 7.0919 6.43534 0.506693}
		{bone "bodyback"}
		{matrix34
			0.8436 	 0 	 0.537
			0 	 1 	 0
			-0.537 	 0 	 0.8436
			-80.9453 	 3.3492 	 10.3411
		}
	}
	{"bodyback16"
		{box 10.1988 6.43727 0.506693}
		{bone "bodyback"}
		{matrix34
			0.6629 	 0 	 0.7487
			0 	 1 	 0
			-0.7487 	 0 	 0.6629
			-87.2356 	 3.3492 	 4.8085
		}
	}
	{"cabin01"
		{box 0.679134 31.7577 26.3177}
		{bone "cabin"}
		{matrix34
			0.9998 	 0 	 -0.0199
			0 	 1 	 0
			0.0199 	 0 	 0.9998
			-22.7742 	 1.9156 	 0.7335
		}
	}
	{"cabin02"
		{box 1.36226 27.8207 15.122}
		{bone "cabin"}
		{matrix34
			-0.0696 	 0.0078 	 -0.9975
			-0.0066 	 0.9999 	 0.0083
			0.9976 	 0.0072 	 -0.0695
			-14.5337 	 2.0554 	 13.1558
		}
	}
	{"doorl"
		{box 16.0158 0.501772 15.7339}
		{bone "doorl"}
		{matrix34
			0.9933 	 -0.1156 	 0.0017
			0.1156 	 0.9933 	 0.0085
			-0.0027 	 -0.0082 	 1
			-9.6181 	 1.0256 	 7.1918
		}
	}
	{"doorr"
		{box 16.0158 0.501772 15.7339}
		{bone "doorr"}
		{matrix34
			0.9994 	 0.034 	 -0.001
			-0.034 	 0.9994 	 0.0082
			0.0012 	 -0.0081 	 1
			-9.5657 	 -0.448 	 7.2178
		}
	}
	{"engine"
		{polyhedron}
		{bone "engine"}
		{Position 0.123 	 0.1436 	 -11.6529}
	}
	{"spare"
		{cylinder 9.46413 5.17146}
		{bone "spare"}
		{matrix34
			1 	 0 	 0
			0 	 1 	 0
			0 	 0 	 1
			0.1695 	 0.0916 	 -0.3814
		}
	}
	{"wheelleft1"
		{cylinder 9.60968 5.23976}
		{bone "wheell1"}
		{matrix34
			-1 	 0 	 0
			0 	 -1 	 0
			0 	 0 	 1
			-0.2944 	 0 	 -0.6447
		}
	}
	{"wheelleft2"
		{cylinder 9.60968 9.89035}
		{bone "wheell2"}
		{matrix34
			-1 	 0 	 0
			0 	 -1 	 0
			0 	 0 	 1
			0 	 0 	 0.0591
		}
	}
	{"wheelright1"
		{cylinder 9.46413 5.17146}
		{bone "wheelr1"}
		{matrix34
			-1 	 0 	 0
			0 	 1 	 0
			0 	 0 	 -1
			-0.2944 	 0 	 0.8147
		}
	}
	{"wheelright2"
		{cylinder 9.46413 9.50208}
		{bone "wheelr2"}
		{matrix34
			-1 	 0 	 0
			0 	 1 	 0
			0 	 0 	 -1
			0 	 0 	 -0.1811
		}
	}
	{"window1"
		{box 0.512527 25.8476 8.35535}
		{bone "window1"}
		{matrix34
			-0.9166 	 0.3996 	 0.0097
			0.0105 	 0 	 0.9999
			0.3996 	 0.9167 	 -0.0042
			0.0335 	 0.2174 	 0.1528
		}
	}
	{"window2"
		{box 0.512527 16.65 8.5233}
		{bone "window2"}
		{matrix34
			0.1416 	 0.9878 	 0.0651
			-0.9897 	 0.1399 	 0.0294
			0.02 	 -0.0686 	 0.9974
			-9.4418 	 0.2873 	 19.2595
		}
	}
	{"window3"
		{box 0.512527 16.65 8.5233}
		{bone "window3"}
		{matrix34
			-0.1411 	 0.9847 	 -0.1021
			-0.9899 	 -0.1394 	 0.024
			0.0094 	 0.1044 	 0.9945
			-9.4944 	 0.0737 	 19.2339
		}
	}
}
