;Exported by	: joomb
;Date			: 17.04.2024 15:16:26
;File			: h:\git\gem2-mdl-soldiers\models\building\buildings_ru\barn_ru001_x.max
{skeleton
	{bone "barn_ru_001_piece14_point"
		{orientation
			1 	 0 	 0
			0 	 -1 	 0
			0 	 0 	 1
		}
		{bone "piece01"
			{matrix34
				0 	 -1 	 0
				1 	 0 	 0
				0 	 0 	 1
				2.0178 	 55.803 	 -7.9665
			}
			{poly "piece01"}
		}
		{bone "piece02"
			{matrix34
				0 	 -1 	 0
				1 	 0 	 0
				0 	 0 	 1
				-56.7112 	 -24.0205 	 4.0104
			}
			{poly "piece02"}
		}
		{bone "piece03"
			{matrix34
				1 	 0 	 0
				0 	 0.8192 	 -0.5736
				0 	 0.5736 	 0.8192
				-36.7631 	 66.2383 	 -1.5704
			}
			{poly "piece03"}
		}
		{bone "piece04"
			{matrix34
				-0.9962 	 0 	 -0.0872
				0 	 1 	 0
				0.0872 	 0 	 -0.9962
				-56.7141 	 24.2934 	 4.4803
			}
			{poly "piece04"}
		}
		{bone "sub_piece01"
			{matrix34
				-1 	 0 	 0
				0 	 -1 	 0
				0 	 0 	 1
				-28.3951 	 55.0156 	 -35.3863
			}
			{poly "sub_piece01"}
		}
		{bone "sub_piece02"
			{Position -16.5549 	 55.0156 	 -27.6328}
			{poly "sub_piece02"}
		}
		{bone "sub_piece03"
			{matrix34
				-0.001 	 0.5714 	 0.8207
				-0.9948 	 -0.0845 	 0.0576
				0.1022 	 -0.8163 	 0.5685
				-35.4592 	 16.7 	 33.016
			}
			{poly "sub_piece03"}
		}
		{bone "sub_piece04"
			{matrix34
				-0.9998 	 -0.0175 	 0
				0 	 0 	 -1
				0.0175 	 -0.9998 	 0
				8.6494 	 -6.3751 	 4.2815
			}
			{poly "sub_piece04"}
		}
	}
}
{"volumes"
	{"piece01"
		{box 20.9534 1.19677 24.478}
		{bone "piece01"}
		{matrix34
			0 	 1 	 0
			-1 	 0 	 0
			0 	 0 	 1
			0 	 -0.2722 	 0.1799
		}
	}
	{"piece02"
		{box 15.1865 1.19677 42.1827}
		{bone "piece02"}
		{matrix34
			-1 	 0 	 0
			0 	 -1 	 0
			0 	 0 	 1
			-0.153 	 0.1354 	 -0.7005
		}
	}
	{"piece03"
		{box 18.2058 1.19677 30.6949}
		{bone "piece03"}
		{matrix34
			1 	 0 	 0
			0 	 0 	 1
			0 	 -1 	 0
			20.0623 	 -25.7456 	 -0.0825
		}
	}
	{"piece04"
		{box 5.01206 1.19677 45.8507}
		{bone "piece04"}
		{matrix34
			0 	 1 	 0
			0.9962 	 0 	 -0.0872
			-0.0872 	 0 	 -0.9962
			-0.1064 	 0.0204 	 0.3708
		}
	}
	{"sub_piece01"
		{box 5.01206 1.19677 36.9764}
		{bone "sub_piece01"}
		{matrix34
			-0.9994 	 0 	 0.0349
			0 	 -1 	 0
			0.0349 	 0 	 0.9994
			0.0562 	 0 	 1.1674
		}
	}
	{"sub_piece02"
		{box 10.8958 1.19677 22.2749}
		{bone "sub_piece02"}
		{Position 0 	 0 	 0.7072}
	}
	{"sub_piece03"
		{box 5.33893 1.19677 59.0286}
		{bone "sub_piece03"}
		{matrix34
			-0.0011 	 -0.9977 	 0.0674
			1 	 -0.0013 	 -0.0025
			0.0026 	 0.0674 	 0.9977
			0.0003 	 0.0091 	 0.1351
		}
	}
	{"sub_piece04"
		{box 5.46715 1.19677 58.6339}
		{bone "sub_piece04"}
		{matrix34
			1 	 0 	 0
			0 	 -1 	 0
			0 	 0 	 -1
			0.0833 	 -0.3937 	 -1.6355
		}
	}
}
