;Exported by	: joomb
;Date			: 12.04.2023 15:36:27
;File			: H:\git\gem2-mdl-soldiers\models\building\building_ua01\building_ua01_2v.max
{skeleton
	{bone "b_ua_02_piece09"
		{orientation
			1 	 0 	 0
			0 	 -1 	 0
			0 	 0 	 1
		}
		{poly "b_ua_02_piece09"}
		{bone "fix05"
			{Position 25.4578 	 65.6224 	 -78.0634}
		}
		{bone "fix06"
			{Position 1.0591 	 -66.0898 	 -78.0634}
		}
	}
}
{"volumes"
	{"roof01"
		{box 27.4961 3.93701 9.39458}
		{bone "b_ua_02_piece09"}
		{matrix34
			0.9063 	 0.2806 	 -0.316
			0 	 0.7478 	 0.6639
			0.4226 	 -0.6017 	 0.6777
			-32.2923 	 60.4898 	 -38.2451
		}
	}
	{"roof02"
		{box 105.106 1.9685 17.9344}
		{bone "b_ua_02_piece09"}
		{matrix34
			-1 	 0 	 0
			0 	 -0.8028 	 0.5962
			0 	 0.5962 	 0.8028
			11.56 	 -78.4921 	 -53.2597
		}
	}
	{"roof03"
		{box 122.368 3.93701 69.0778}
		{bone "b_ua_02_piece09"}
		{matrix34
			-1 	 0 	 0
			0 	 -0.7478 	 0.6639
			0 	 0.6639 	 0.7478
			-5.4189 	 -41.8908 	 -13.4167
		}
	}
	{"roof04"
		{box 36.7104 3.93701 31.1541}
		{bone "b_ua_02_piece09"}
		{matrix34
			-0.9063 	 -0.2806 	 -0.316
			0 	 -0.7478 	 0.6639
			-0.4226 	 0.6017 	 0.6777
			51.1321 	 -61.0275 	 -34.971
		}
	}
	{"roof05"
		{box 33.0394 3.93701 19.3418}
		{bone "b_ua_02_piece09"}
		{matrix34
			-0.9397 	 0.2271 	 0.2558
			0 	 -0.7478 	 0.6639
			0.342 	 0.6239 	 0.7027
			-49.1705 	 -64.6071 	 -39.0029
		}
	}
	{"roof06"
		{box 11.0131 3.93701 14.5063}
		{bone "b_ua_02_piece09"}
		{matrix34
			-1 	 0 	 0
			0 	 -0.7478 	 0.6639
			0 	 0.6639 	 0.7478
			58.0247 	 -25.5797 	 4.9552
		}
	}
	{"roof07"
		{polyhedron}
		{bone "b_ua_02_piece09"}
		{matrix34
			-1 	 0 	 0
			0 	 -0.7478 	 0.6639
			0 	 0.6639 	 0.7478
			-68.5848 	 -51.9897 	 -24.7915
		}
	}
	{"roof08"
		{box 37.0041 3.93701 8.12355}
		{bone "b_ua_02_piece09"}
		{matrix34
			-0.977 	 -0.1416 	 -0.1594
			0 	 -0.7478 	 0.6639
			-0.2132 	 0.6487 	 0.7306
			-17.7397 	 -65.4948 	 -40.0028
		}
	}
	{"roof09"
		{box 130.934 3.93701 69.0778}
		{bone "b_ua_02_piece09"}
		{matrix34
			1 	 0 	 0
			0 	 0.7478 	 0.6639
			0 	 -0.6639 	 0.7478
			0.1075 	 36.3198 	 -11.0216
		}
	}
	{"roof10"
		{box 19.1425 3.93701 19.3418}
		{bone "b_ua_02_piece09"}
		{matrix34
			0.9811 	 0.0858 	 -0.1736
			0.0497 	 0.755 	 0.6538
			0.1872 	 -0.6501 	 0.7364
			-15.2856 	 65.5474 	 -43.9009
		}
	}
	{"roof11"
		{box 28.4194 3.93701 11.7432}
		{bone "b_ua_02_piece09"}
		{matrix34
			0.9063 	 -0.2806 	 0.316
			0 	 0.7478 	 0.6639
			-0.4226 	 -0.6017 	 0.6777
			4.9948 	 61.8239 	 -39.7479
		}
	}
	{"roof12"
		{box 130.334 35.4331 35.4331}
		{bone "b_ua_02_piece09"}
		{matrix34
			1 	 0 	 0
			0 	 0.7071 	 0.7071
			0 	 -0.7071 	 0.7071
			0.1765 	 -1.9201 	 8.4186
		}
	}
}
