;Exported by:	 tolokolnikova
;Date:			 23.03.2018 09:15:39
;File:			 D:\gem2\gem2-mdl-soldiers\models\building\building_ua01\building_06_v2_x.max
{skeleton
	{bone "b_ua_06_piece06_point"
		{orientation
			1 	 0 	 0
			0 	 -1 	 0
			0 	 0 	 1
		}
		{bone "piece02"
			{matrix34
				-1 	 0 	 0
				0 	 -1 	 0
				0 	 0 	 1
				-14.5982 	 33.3193 	 13.5369
			}
			{poly "piece02"}
		}
		{bone "piece03"
			{matrix34
				-1 	 0 	 0
				0 	 -1 	 0
				0 	 0 	 1
				-14.6152 	 15.3944 	 4.6458
			}
			{poly "piece03"}
		}
		{bone "piece04"
			{matrix34
				-1 	 0 	 0
				0 	 -1 	 0
				0 	 0 	 1
				-14.683 	 -1.2424 	 19.0023
			}
			{poly "piece04"}
		}
		{bone "sub_piece03"
			{matrix34
				-1 	 0 	 0
				0 	 -1 	 0
				0 	 0 	 1
				-14.6942 	 17.3323 	 18.6505
			}
			{poly "sub_piece03"}
		}
		{bone "sub_piece04"
			{matrix34
				-1 	 0 	 0
				0 	 -1 	 0
				0 	 0 	 1
				-14.6023 	 -5.619 	 6.988
			}
			{poly "sub_piece04"}
		}
		{bone "piece01"
			{matrix34
				-1 	 0 	 0
				0 	 -0.5736 	 -0.8192
				0 	 -0.8192 	 0.5736
				-14.5037 	 -24.7751 	 14.7521
			}
			{poly "piece01"}
		}
		{bone "piece05"
			{matrix34
				0 	 1 	 0
				-1 	 0 	 0
				0 	 0 	 1
				-9.1069 	 36.2503 	 18.3544
			}
			{poly "piece05"}
		}
		{bone "piece06"
			{matrix34
				0 	 1 	 0
				-0.5736 	 0 	 0.8192
				0.8192 	 0 	 0.5736
				10.9665 	 36.3627 	 16.451
			}
			{poly "piece06"}
		}
		{bone "b_ua_06_piece06"
			{Position 138.372 	 -28.2358 	 -25.151}
			{poly "b_ua_06_piece06"}
		}
		{bone "sub_piece01"
			{matrix34
				-0.9063 	 -0.0147 	 0.4224
				0.2144 	 0.8452 	 0.4895
				0.3642 	 -0.5342 	 0.7629
				-12.7459 	 33.6347 	 37.2063
			}
			{poly "sub_piece01"}
		}
		{bone "sub_piece02"
			{matrix34
				0.8593 	 0.3174 	 -0.401
				-0.1683 	 0.916 	 0.3642
				0.4829 	 -0.2455 	 0.8405
				-19.1422 	 9.0988 	 37.2787
			}
			{poly "sub_piece02"}
		}
		{bone revolute "attach1"
			{matrix34
				-1 	 0 	 0
				0 	 -1 	 0
				0 	 0 	 1
				2.1074 	 15.0729 	 -18.1778
			}
		}
		{bone "debris_land_001"
			{parameters "commonmesh;land;ground;"}
			{Position -27.4015 	 9.9909 	 -25.0444}
			{poly "debris_land_001" {ground}}
		}
		{bone "fort_wall"
			{matrix34
				0 	 1 	 0
				-1 	 0 	 0
				0 	 0 	 1
				-23.4511 	 17.9991 	 -15.2019
			}
		}
		{bone "stones_001"
			{parameters "commonmesh;land;ground;"}
			{Position -27.3881 	 9.9909 	 -25.0444}
			{poly "stones_001" {ground}}
		}
	}
}
{volume "piece01"
	{box 5.90551 14.4839 8.71504}
	{bone "piece01"}
	{matrix34
		1 	 0 	 0
		0 	 0.5 	 0.866
		0 	 -0.866 	 0.5
		0 	 0.1544 	 0.8492
	}
}
{volume "piece02"
	{box 5.90551 13.9786 11.1553}
	{bone "piece02"}
	{matrix34
		1 	 0 	 0
		0 	 0.9397 	 0.342
		0 	 -0.342 	 0.9397
		0 	 -0.2927 	 1.0441
	}
}
{volume "piece03"
	{box 5.90551 15.1727 11.9384}
	{bone "piece03"}
	{matrix34
		1 	 0 	 0
		0 	 0.9397 	 0.342
		0 	 -0.342 	 0.9397
		0 	 -0.3096 	 0.1231
	}
}
{volume "piece04"
	{box 5.90551 16.8417 8.71504}
	{bone "piece04"}
	{Position 0 	 1.0773 	 0.0438}
}
{volume "piece05"
	{box 5.90551 15.1727 11.9384}
	{bone "piece05"}
	{matrix34
		1 	 0 	 0
		0 	 0.766 	 -0.6428
		0 	 0.6428 	 0.766
		0 	 0.216 	 0.7924
	}
}
{volume "piece06"
	{box 5.90551 15.1727 11.9384}
	{bone "piece06"}
	{matrix34
		1 	 0 	 0
		0 	 0.9397 	 0.342
		0 	 -0.342 	 0.9397
		0 	 -0.3096 	 0.1231
	}
}
{volume "sub_piece01"
	{box 3.18898 3.26772 19.1731}
	{bone "sub_piece01"}
	{matrix34
		0.9986 	 -0.0486 	 0.0209
		-0.0478 	 -0.9981 	 -0.0389
		-0.0228 	 -0.0378 	 0.999
		-0.1764 	 -0.0838 	 -2.3107
	}
}
{volume "sub_piece02"
	{box 2.95276 2.95276 25.5093}
	{bone "sub_piece02"}
	{Position 0.4392 	 1.6711 	 -1.7922}
}
{volume "sub_piece03"
	{box 5.90551 8.58928 8.71504}
	{bone "sub_piece03"}
	{Position 0 	 -0.2573 	 0.1906}
}
{volume "sub_piece04"
	{box 5.90551 6.23144 8.71504}
	{bone "sub_piece04"}
	{matrix34
		1 	 0 	 0
		0 	 0.9397 	 -0.342
		0 	 0.342 	 0.9397
		0 	 -0.594 	 0.234
	}
}
{volume "target_vol_001"
	{box 9.84252 9.84252 15.6501}
	{bone "b_ua_06_piece06_point"}
	{matrix34
		-1 	 0 	 0
		0 	 -1 	 0
		0 	 0 	 1
		2.1074 	 15.0729 	 0.8333
	}
}
{volume "vol_09"
	{box 6.50407 31.0157 27.5926}
	{bone "b_ua_06_piece06"}
	{matrix34
		0 	 1 	 0
		-1 	 0 	 0
		0 	 0 	 1
		-143.371 	 64.933 	 13.9029
	}
}
{volume "vol_10"
	{polyhedron}
	{bone "b_ua_06_piece06"}
	{matrix34
		0 	 1 	 0
		-1 	 0 	 0
		0 	 0 	 1
		-149.504 	 64.933 	 27.6595
	}
}
{volume "vol_11"
	{polyhedron}
	{bone "b_ua_06_piece06"}
	{matrix34
		-1 	 0 	 0
		0 	 -1 	 0
		0 	 0 	 1
		-152.666 	 22.8138 	 0.1066
	}
}
{volume "vol_12"
	{polyhedron}
	{bone "b_ua_06_piece06"}
	{matrix34
		-1 	 0 	 0
		0 	 -1 	 0
		0 	 0 	 1
		-152.666 	 55.0546 	 0.1066
	}
}
{volume "vol_13"
	{box 6.50407 12.0961 6.47322}
	{bone "b_ua_06_piece06"}
	{matrix34
		-1 	 0 	 0
		0 	 -1 	 0
		0 	 0 	 1
		-152.666 	 1.0382 	 24.6819
	}
}
{volume "vol_43"
	{box 9.67846 30.4595 7.5788}
	{bone "b_ua_06_piece06"}
	{matrix34
		0 	 1 	 0
		-1 	 0 	 0
		0 	 0 	 1
		-148.213 	 72.5733 	 3.8361
	}
}
{volume "vol_44"
	{box 9.67846 59.396 7.5788}
	{bone "b_ua_06_piece06"}
	{matrix34
		-1 	 0 	 0
		0 	 -1 	 0
		0 	 0 	 1
		-160.283 	 42.4514 	 3.8361
	}
}
