;Exported by:	 KobaA
;Date:			 21.09.2021 16:30:37
;File:			 G:\_GIT_\gem2\gem2-mdl-soldiers\models\unit\vehicle\61k\37mm_61K_xx.max
{skeleton
	{bone "basis"
		{parameters "steermax=30;"}
		{orientation
			1 	 0 	 0
			0 	 -1 	 0
			0 	 0 	 1
		}
		{bone "body"
			{parameters "id=body;"}
			{Position 0 	 0 	 4.2522}
			{LODView
				{poly "body"}
				{poly "body_lod1"}
				{poly "body_lod2"}
				{poly "body_lod3"}
			}
			{bone "part3"
				{Position 0 	 -11.9453 	 0}
				{LODView
					{poly "part3"}
					{poly "part3_lod1"}
					{poly "part3_lod2"}
					{poly "part3_lod3"}
				}
			}
			{bone "part2"
				{Position 0 	 11.9453 	 0}
				{LODView
					{poly "part2"}
					{poly "part2_lod1"}
					{poly "part2_lod2"}
					{poly "part2_lod3"}
				}
			}
			{bone "part1"
				{matrix34
					-0.2949 	 0 	 -0.9555
					0 	 1 	 0
					0.9555 	 0 	 -0.2949
					32.1497 	 0 	 3.6018
				}
				{LODView
					{poly "part1"}
					{poly "part1_lod1"}
					{poly "part1_lod2"}
					{poly "part1_lod3"}
				}
			}
			{bone "pivot_front"
				{Position 32.1174 	 0 	 -0.6321}
			}
			{bone "pivot_back"
				{Position -35.7971 	 0 	 -0.6321}
			}
			{bone "part4"
				{matrix34
					1 	 0 	 0
					0 	 0 	 1
					0 	 -1 	 0
					-3.9951 	 0 	 19.6476
				}
				{LODView
					{poly "part4"}
					{poly "part4_lod1"}
					{poly "part4_lod2"}
					{poly "part4_lod3"}
				}
			}
			{bone "part5"
				{matrix34
					1 	 0 	 0
					0 	 0 	 1
					0 	 -1 	 0
					4.1945 	 0.077 	 28.146
				}
				{LODView
					{poly "part5"}
					{poly "part5_lod1"}
					{poly "part5_lod2"}
					{poly "part5_lod3"}
				}
			}
		}
	}
}
{obstacle "obstacle01"
	{circle2
		{radius 19.685}
		{center 0 0}
	}
	{rotate}
}
{obstacle "obstacle02"
	{obb2
		{center 1.42622 0}
		{extent 46.2598 3.46368}
		{axis -1 0}
	}
	{rotate}
}
{obstacle "obstacle03"
	{obb2
		{center 0 0}
		{extent 40.3543 3.46368}
		{axis 1.62921e-007 1}
	}
	{Tags "open"}
	{rotate}
}
{obstacle "obstacle04"
	{obb2
		{center 32.1634 0}
		{extent 8.85827 18.7008}
		{axis -1 0}
	}
	{rotate}
}
{obstacle "obstacle05"
	{obb2
		{center -35.5941 0}
		{extent 8.85827 18.7008}
		{axis -1 0}
	}
	{rotate}
}
{volume "body01"
	{box 86.6142 4.72441 4.52756}
	{bone "body"}
	{Position 1.5394 	 0 	 2.0726}
}
{volume "body02"
	{cylinder 7.79956 6.88976}
	{bone "body"}
	{Position 0 	 0 	 3.2537}
}
{volume "body03"
	{cylinder 5.70866 3.93701}
	{bone "body"}
	{matrix34
		0 	 -0.342 	 -0.9397
		1 	 0 	 0
		0 	 -0.9397 	 0.342
		-40.023 	 -15.4884 	 4.8755
	}
}
{volume "body04"
	{cylinder 5.70866 3.93701}
	{bone "body"}
	{matrix34
		0 	 0.342 	 -0.9397
		-1 	 0 	 0
		0 	 0.9397 	 0.342
		-40.023 	 15.4711 	 4.7154
	}
}
{volume "body05"
	{cylinder 1.5748 27.5591}
	{bone "body"}
	{matrix34
		0 	 0 	 -1
		1 	 0 	 0
		0 	 -1 	 0
		-35.6705 	 -0.0356 	 3.3458
	}
}
{volume "body06"
	{cylinder 1.5748 27.5591}
	{bone "body"}
	{matrix34
		0 	 0 	 1
		-1 	 0 	 0
		0 	 -1 	 0
		32.0311 	 -0.0356 	 3.5066
	}
}
{volume "body07"
	{cylinder 5.70866 3.93701}
	{bone "body"}
	{matrix34
		-1 	 0 	 -0.0026
		-0.0025 	 -0.3231 	 0.9464
		-0.0009 	 0.9464 	 0.3231
		36.3833 	 15.4845 	 4.7849
	}
}
{volume "body08"
	{cylinder 5.70866 3.93701}
	{bone "body"}
	{matrix34
		0.3371 	 0.3325 	 0.8808
		-0.9415 	 0.12 	 0.315
		-0.0009 	 -0.9354 	 0.3535
		36.378 	 -15.4061 	 4.9529
	}
}
{volume "part1"
	{box 1.93884 9.26318 23.2392}
	{bone "part1"}
	{matrix34
		0.6408 	 0 	 0.7677
		0 	 1 	 0
		-0.7677 	 0 	 0.6408
		-8.9207 	 0 	 7.4456
	}
}
{volume "part2"
	{box 23.622 4.72441 4.52756}
	{bone "part2"}
	{matrix34
		0 	 1 	 0
		-1 	 0 	 0
		0 	 0 	 1
		0 	 13.0681 	 2.0726
	}
}
{volume "part3"
	{box 23.622 4.72441 4.52756}
	{bone "part3"}
	{matrix34
		0 	 -1 	 0
		1 	 0 	 0
		0 	 0 	 1
		0 	 -13.0681 	 2.0726
	}
}
{volume "part4_01"
	{box 19.685 5.07608 6.29921}
	{bone "part4"}
	{matrix34
		1 	 0 	 0
		0 	 0 	 -1
		0 	 1 	 0
		3.1222 	 0.3013 	 0
	}
}
{volume "part4_02"
	{cylinder 0.984252 51.1811}
	{bone "part4"}
	{matrix34
		-0.0697 	 -0.9976 	 0.0009
		-0.0523 	 0.0027 	 -0.9986
		0.9962 	 -0.0697 	 -0.0523
		38.5908 	 -0.3864 	 -0.7086
	}
}
{volume "part4_03"
	{box 7.87402 7.87402 3.36614}
	{bone "part4"}
	{matrix34
		1 	 0 	 0
		0 	 0 	 -1
		0 	 1 	 0
		9.3478 	 4.9874 	 0.3909
	}
}
{volume "part4_04"
	{box 5.14933 3.20321 5.22761}
	{bone "part4"}
	{matrix34
		0.9336 	 -0.3584 	 0
		0 	 0 	 -1
		0.3584 	 0.9336 	 0
		-1.3761 	 5.3256 	 -0.002
	}
}
{volume "part5"
	{box 9.91645 27.4007 6.7919}
	{bone "part5"}
	{matrix34
		1 	 0 	 0
		0 	 0 	 -1
		0 	 1 	 0
		0.1306 	 1.9409 	 -0.1239
	}
}
{volume "turret01"
	{box 7.87402 8.18723 9.84252}
	{bone "body"}
	{Position 2.8389 	 0 	 12.1091}
}
{volume "turret02"
	{cylinder 19.685 0.984252}
	{bone "body"}
	{Position 0 	 0 	 7.0561}
}
{volume "turret03"
	{cylinder 0.984252 9.44882}
	{bone "body"}
	{matrix34
		-1 	 0 	 0
		0 	 -1 	 0
		0 	 0 	 1
		4.2101 	 -12.0882 	 12.2086
	}
}
{volume "turret04"
	{cylinder 1.1811 9.44882}
	{bone "body"}
	{matrix34
		-1 	 0 	 0
		0 	 0 	 1
		0 	 1 	 0
		2.9479 	 8.7485 	 11.2206
	}
}
{volume "turret05"
	{cylinder 0.984252 9.44882}
	{bone "body"}
	{matrix34
		-1 	 0 	 0
		0 	 -1 	 0
		0 	 0 	 1
		2.9479 	 11.9158 	 16.4786
	}
}
{volume "turret06"
	{cylinder 0.787402 15.748}
	{bone "body"}
	{matrix34
		-0.4669 	 -0.0491 	 -0.8829
		-0.1045 	 0.9945 	 0
		0.8781 	 0.0923 	 -0.4695
		9.5092 	 1.7646 	 12.7608
	}
}
{volume "turret07"
	{cylinder 0.787402 15.748}
	{bone "body"}
	{matrix34
		-0.5585 	 0.0277 	 -0.8291
		0.0523 	 0.9986 	 -0.0018
		0.8279 	 -0.0444 	 -0.5592
		9.1136 	 -1.7365 	 12.2654
	}
}
