;Exported by:	 tolokolnikova
;Date:			 27.04.2016 10:40:20
;File:			 D:\gem2\gem2-mdl-soldiers\models\building\hangar_wood\HW2_x.max
{skeleton
	{bone "hangar_piece_07"
		{orientation
			1 	 0 	 0
			0 	 -1 	 0
			0 	 0 	 1
		}
		{bone "piece01"
			{matrix34
				0 	 1 	 0
				-1 	 0 	 0
				0 	 0 	 1
				69.6794 	 47.2359 	 -0.8663
			}
			{poly "piece01"}
		}
		{bone "piece02"
			{matrix34
				0 	 -0.3907 	 -0.9205
				-1 	 0 	 0
				0 	 0.9205 	 -0.3907
				69.7428 	 -34.9775 	 -3.8141
			}
			{poly "piece02"}
		}
		{bone "piece03"
			{matrix34
				0 	 1 	 0
				-1 	 0 	 0
				0 	 0 	 1
				69.6351 	 -0.1203 	 0.6718
			}
			{poly "piece03"}
		}
		{bone "sub_piece04"
			{Position 35.4989 	 3.3296 	 -1.4548}
			{poly "sub_piece04"}
			{bone "piece04"
				{parameters "volumelastpose=undefined;"}
				{matrix34
					0 	 1 	 0
					-1 	 0 	 0
					0 	 0 	 1
					37.7263 	 -2.8729 	 -15.5869
				}
				{visibility 0}
			}
		}
		{bone "sub_piece06"
			{matrix34
				0 	 0.1908 	 -0.9816
				-1 	 0 	 0
				0 	 0.9816 	 0.1908
				69.7242 	 -22.7358 	 3.3555
			}
			{poly "sub_piece06"}
		}
		{bone "sub_piece07"
			{matrix34
				0 	 0.866 	 0.5
				-1 	 0 	 0
				0 	 -0.5 	 0.866
				69.6671 	 -49.9725 	 1.0357
			}
			{poly "sub_piece07"}
		}
		{bone "sub_piece05"
			{matrix34
				0 	 1 	 0
				-1 	 0 	 0
				0 	 0 	 1
				69.7448 	 20.5807 	 3.3846
			}
			{poly "sub_piece05"}
		}
		{bone "sub_piece01"
			{Position 64.6115 	 -12.4173 	 14.7305}
			{poly "sub_piece01"}
		}
		{bone "sub_piece02"
			{matrix34
				1 	 0 	 0
				0 	 -0.1392 	 0.9903
				0 	 -0.9903 	 -0.1392
				41.3271 	 -38.982 	 10.966
			}
			{poly "sub_piece02"}
		}
		{bone "sub_piece03"
			{matrix34
				1 	 0 	 0
				0 	 -0.1392 	 0.9903
				0 	 -0.9903 	 -0.1392
				9.5266 	 -20.8798 	 12.9452
			}
			{poly "sub_piece03"}
		}
		{bone "sub_piece08"
			{matrix34
				-1 	 0.0058 	 0
				-0.0058 	 -1 	 0
				0 	 0 	 1
				40.8995 	 16.1015 	 13.9819
			}
			{poly "sub_piece08"}
		}
		{bone "sub_piece09"
			{matrix34
				-1 	 0.0058 	 0
				-0.0058 	 -1 	 0
				0 	 0 	 1
				62.8018 	 36.2527 	 11.2374
			}
			{poly "sub_piece09"}
		}
		{bone "sub_piece10"
			{matrix34
				-1 	 0.0058 	 0
				0.0008 	 0.1392 	 0.9903
				0.0057 	 0.9903 	 -0.1392
				10.0956 	 19.8441 	 13.3105
			}
			{poly "sub_piece10"}
		}
	}
}
{volume "piece01"
	{box 26.0528 5.02991 15.5934}
	{bone "piece01"}
	{matrix34
		0.9903 	 0 	 -0.1392
		0 	 1 	 0
		0.1392 	 0 	 0.9903
		-1.5619 	 0 	 -0.4994
	}
}
{volume "piece02"
	{box 18.1817 5.02991 13.9511}
	{bone "piece02"}
	{matrix34
		-0.4226 	 0 	 0.9063
		0 	 1 	 0
		-0.9063 	 0 	 -0.4226
		-0.1335 	 0 	 -0.3404
	}
}
{volume "piece03"
	{box 23.2497 5.03493 19.3691}
	{bone "piece03"}
	{Position -0.5087 	 0 	 0.5663}
}
{volume "sub_piece01"
	{box 23.4981 1.19832 24.7736}
	{bone "sub_piece01"}
	{matrix34
		1 	 0 	 0
		0 	 0.1544 	 -0.988
		0 	 0.988 	 0.1544
		0.2914 	 -0.8337 	 0.2175
	}
}
{volume "sub_piece02"
	{box 24.3151 1.19832 25.8059}
	{bone "sub_piece02"}
	{matrix34
		1 	 0 	 0
		0 	 -0.9994 	 -0.0349
		0 	 0.0349 	 -0.9994
		0 	 -0.2844 	 0.2674
	}
}
{volume "sub_piece03"
	{box 32.6771 1.19832 25.8059}
	{bone "sub_piece03"}
	{matrix34
		1 	 0 	 0
		0 	 -0.9999 	 -0.0154
		0 	 0.0154 	 -0.9999
		0.3657 	 0.29 	 0.145
	}
}
{volume "sub_piece05"
	{box 11.0908 5.02991 10.6029}
	{bone "sub_piece05"}
	{matrix34
		0.9994 	 0 	 0.0349
		0 	 1 	 0
		-0.0349 	 0 	 0.9994
		0.1263 	 0 	 0.5407
	}
}
{volume "sub_piece06"
	{box 9.46961 5.02991 9.72068}
	{bone "sub_piece06"}
	{matrix34
		0.1564 	 0 	 0.9877
		0 	 1 	 0
		-0.9877 	 0 	 0.1564
		0.0554 	 0 	 0.0322
	}
}
{volume "sub_piece07"
	{box 11.0908 5.02991 10.6029}
	{bone "sub_piece07"}
	{matrix34
		0.9994 	 0 	 0.0349
		0 	 1 	 0
		-0.0349 	 0 	 0.9994
		0.233 	 0 	 0.4825
	}
}
{volume "sub_piece08"
	{box 23.4981 1.19832 24.7736}
	{bone "sub_piece08"}
	{matrix34
		1 	 0 	 0
		0 	 0.1544 	 -0.988
		0 	 0.988 	 0.1544
		0.2914 	 -0.8337 	 0.2175
	}
}
{volume "sub_piece09"
	{box 23.4981 1.19832 24.7736}
	{bone "sub_piece09"}
	{matrix34
		1 	 0 	 0
		0 	 0.1544 	 -0.988
		0 	 0.988 	 0.1544
		0.2914 	 -0.8337 	 0.2175
	}
}
{volume "sub_piece10"
	{box 32.6771 1.19832 25.8059}
	{bone "sub_piece10"}
	{matrix34
		1 	 0 	 0
		0 	 -0.9999 	 -0.0154
		0 	 0.0154 	 -0.9999
		0.3657 	 0.29 	 0.145
	}
}
