;Exported by:	 tolokolnikova
;Date:			 05.02.2016 17:21:40
;File:			 D:\gem2\gem2-mdl-soldiers\models\entourage\ruin_stuff\Oblomki001_g2_x.max
{skeleton
	{bone "ruin_wall_b_g2_x"
		{orientation
			1 	 0 	 0
			0 	 -1 	 0
			0 	 0 	 1
		}
		{poly "ruin_wall_b_g2_x"}
		{bone "sub_piece01"
			{matrix34
				0 	 -0.4226 	 0.9063
				1 	 0 	 0
				0 	 0.9063 	 0.4226
				-0.2416 	 -27.6467 	 32.8923
			}
			{poly "sub_piece01"}
		}
		{bone "sub_piece02"
			{matrix34
				0 	 -0.2588 	 -0.9659
				1 	 0 	 0
				0 	 -0.9659 	 0.2588
				-0.2415 	 -17.3677 	 34.8121
			}
			{poly "sub_piece02"}
		}
		{bone "sub_piece03"
			{matrix34
				0 	 -0.4226 	 0.9063
				1 	 0 	 0
				0 	 0.9063 	 0.4226
				-0.2414 	 8.577 	 5.7077
			}
			{poly "sub_piece03"}
		}
		{bone "sub_piece04"
			{matrix34
				0 	 -0.4226 	 0.9063
				1 	 0 	 0
				0 	 0.9063 	 0.4226
				-0.2414 	 16.0995 	 35.401
			}
			{poly "sub_piece04"}
		}
		{bone "piece05"
			{matrix34
				0 	 0.4226 	 -0.9063
				1 	 0 	 0
				0 	 -0.9063 	 -0.4226
				-0.2415 	 -5.7178 	 23.1055
			}
			{poly "piece05"}
		}
		{bone "piece01"
			{matrix34
				0 	 0.4226 	 -0.9063
				1 	 0 	 0
				0 	 -0.9063 	 -0.4226
				-0.2415 	 -25.7324 	 8.5548
			}
			{poly "piece01"}
		}
		{bone "piece02"
			{matrix34
				0 	 0.9659 	 -0.2588
				1 	 0 	 0
				0 	 -0.2588 	 -0.9659
				-0.2414 	 19.1328 	 12.5651
			}
			{poly "piece02"}
		}
		{bone "piece03"
			{matrix34
				0 	 -1 	 0
				1 	 0 	 0
				0 	 0 	 1
				-0.2987 	 2.7621 	 55.8264
			}
			{poly "piece03"}
		}
		{bone "piece04"
			{matrix34
				0 	 -1 	 0
				1 	 0 	 0
				0 	 0 	 1
				-0.2357 	 -20.9084 	 56.4808
			}
			{poly "piece04"}
		}
	}
}
{volume "piece01"
	{box 16.3999 11.811 16.7651}
	{bone "piece01"}
	{Position -1.4071 	 0 	 -4.2653}
}
{volume "piece02"
	{box 16.2023 11.811 22.7689}
	{bone "piece02"}
	{matrix34
		0.9063 	 0 	 0.4226
		0 	 1 	 0
		-0.4226 	 0 	 0.9063
		-0.078 	 0 	 -6.3808
	}
}
{volume "piece03"
	{box 19.7589 11.811 16.3892}
	{bone "piece03"}
	{Position -0.5153 	 0 	 -6.4469}
}
{volume "piece04"
	{box 15.0148 11.811 15.2876}
	{bone "piece04"}
	{Position 0.3021 	 -0.0058 	 -5.9652}
}
{volume "piece05"
	{box 15.0168 11.811 22.6556}
	{bone "piece05"}
	{Position 0.8722 	 0 	 -5.7468}
}
{volume "sub_piece01"
	{box 6.71804 11.811 7.80961}
	{bone "sub_piece01"}
	{Position -0.235 	 0 	 -0.6791}
}
{volume "sub_piece02"
	{box 8.66627 11.811 12.8668}
	{bone "sub_piece02"}
	{matrix34
		0.866 	 0 	 -0.5
		0 	 1 	 0
		0.5 	 0 	 0.866
		0.7351 	 0 	 -2.625
	}
}
{volume "sub_piece03"
	{box 6.71804 11.811 7.80961}
	{bone "sub_piece03"}
	{Position -0.2351 	 0 	 -0.6792}
}
{volume "sub_piece04"
	{box 6.71804 11.811 7.80961}
	{bone "sub_piece04"}
	{Position -0.235 	 0 	 -0.6793}
}
