;Exported by:	 tolokolnikova
;Date:			 05.04.2016 16:55:33
;File:			 D:\gem2\gem2-mdl-soldiers\models\entourage\baricade\baricade_2010.max
{skeleton
	{bone "barrage2b_g2"
		{orientation
			1 	 0 	 0
			0 	 -1 	 0
			0 	 0 	 1
		}
		{poly "barrage2b_g2"}
		{bone "line004"
			{matrix34
				0 	 0.9952 	 0.098
				0 	 -0.098 	 0.9952
				1 	 0 	 0
				-8.0519 	 -60.1965 	 11.492
			}
			{poly "line004"}
		}
	}
}
{area "body01"
	{obb2
		{center 1.91399 -1.08415}
		{extent 10.5398 1.07823}
		{axis 1 0}
	}
	{rotate}
}
{area "body02"
	{obb2
		{center -10.1605 27.7015}
		{extent 27.0174 0.264057}
		{axis 0.0879049 0.996129}
	}
	{rotate}
}
{area "body03"
	{obb2
		{center -5.93457 0.768822}
		{extent 8.43634 1.04977}
		{axis 0.999391 0.0348818}
	}
	{rotate}
}
{volume "body01"
	{cylinder 1.1638 30.522}
	{bone "barrage2b_g2"}
	{matrix34
		0.7741 	 -0.0529 	 -0.6308
		0.0427 	 0.9986 	 -0.0313
		0.6316 	 -0.0027 	 0.7753
		1.914 	 1.0841 	 6.7334
	}
}
{volume "body02"
	{cylinder 0.197141 58.8701}
	{bone "barrage2b_g2"}
	{matrix34
		-0.9963 	 -0.0854 	 0
		-0.0345 	 0.4019 	 -0.915
		0.0782 	 -0.9117 	 -0.4034
		-10.1398 	 -27.6998 	 10.6441
	}
}
{volume "body03"
	{cylinder 1.1638 31.774}
	{bone "barrage2b_g2"}
	{matrix34
		0.8841 	 -0.0328 	 0.4662
		0.0354 	 0.9994 	 0.0032
		-0.466 	 0.0137 	 0.8847
		-5.9346 	 -0.7688 	 8.9565
	}
}
