;Exported by	: KobaA
;Date			: 11.01.2024 14:04:18
;File			: d:\git\gem2-mdl-soldiers\models\building\house_001a_g2\house_001a_g2_x.max
{skeleton
	{bone "house_001a_piece_010_x"
		{orientation
			1 	 0 	 0
			0 	 -1 	 0
			0 	 0 	 1
		}
		{bone "piece00"
			{Position 6.8895 	 -2.347 	 9.7473}
			{poly "piece00"}
			{bone "sub_piece01"
				{Position 0 	 4.4278 	 23.7305}
				{poly "sub_piece01"}
			}
		}
		{bone "piece01"
			{Position 6.8895 	 -15.8342 	 1.9788}
			{poly "piece01"}
		}
		{bone "piece02"
			{Position 6.8895 	 -14.8816 	 26.3266}
			{poly "piece02"}
			{bone "sub_piece00"
				{Position 0.0002 	 -15.1421 	 -5.3464}
				{poly "sub_piece00"}
			}
		}
		{bone "piece03"
			{Position 2.9238 	 8.4108 	 45.7237}
			{poly "piece03"}
		}
		{bone "piece04"
			{Position 3.7642 	 -27.4601 	 25.1505}
			{poly "piece04"}
		}
		{bone "sub_piece02"
			{Position 6.8897 	 6.0239 	 41.2639}
			{poly "sub_piece02"}
		}
		{bone "sub_piece03"
			{Position -1.7152 	 -8.8752 	 35.8726}
			{poly "sub_piece03"}
		}
		{bone "sub_piece04"
			{Position -4.0679 	 7.2918 	 -4.5196}
			{poly "sub_piece04"}
		}
		{bone "sub_piece05"
			{matrix34
				1 	 0 	 0
				0 	 -1 	 0
				0 	 0 	 -1
				-2.4195 	 -17.6734 	 -4.5196
			}
			{poly "sub_piece05"}
		}
	}
}
{"volumes"
	{"piece00"
		{box 5.90551 27.213 17.0464}
		{bone "piece00"}
		{matrix34
			1 	 0 	 0
			0 	 -0.3007 	 0.9537
			0 	 -0.9537 	 -0.3007
			-0.0534 	 3.7977 	 -0.9987
		}
	}
	{"piece01"
		{box 5.90551 27.213 17.0464}
		{bone "piece01"}
		{matrix34
			1 	 0 	 0
			0 	 0.766 	 -0.6428
			0 	 0.6428 	 0.766
			-0.0534 	 -1.7653 	 -0.6997
		}
	}
	{"piece02"
		{box 5.90551 14.0419 10.7733}
		{bone "piece02"}
		{matrix34
			1 	 0 	 0
			0 	 -0.866 	 -0.5
			0 	 0.5 	 -0.866
			-0.0534 	 -0.4797 	 1.4334
		}
	}
	{"piece03"
		{box 2.3622 2.3622 31.5827}
		{bone "piece03"}
		{matrix34
			0 	 0 	 -1
			0 	 -1 	 0
			-1 	 0 	 0
			1.0275 	 0.0111 	 0.0319
		}
	}
	{"piece04"
		{box 2.3622 2.3622 29.9524}
		{bone "piece04"}
		{matrix34
			0 	 0 	 -1
			0 	 -1 	 0
			-1 	 0 	 0
			1.0161 	 0.0239 	 -0.0065
		}
	}
	{"sub_piece00"
		{box 5.90551 14.0419 10.7733}
		{bone "sub_piece00"}
		{matrix34
			1 	 0 	 0
			0 	 -0.866 	 -0.5
			0 	 0.5 	 -0.866
			-0.0536 	 0.9057 	 -1.1402
		}
	}
	{"sub_piece01"
		{box 5.90551 16.3278 13.4667}
		{bone "sub_piece01"}
		{matrix34
			1 	 0 	 0
			0 	 -0.8434 	 0.5373
			0 	 -0.5373 	 -0.8434
			-0.0534 	 -0.1017 	 -0.7475
		}
	}
	{"sub_piece02"
		{box 5.90551 10.1102 7.97226}
		{bone "sub_piece02"}
		{matrix34
			1 	 0 	 0
			0 	 -0.866 	 -0.5
			0 	 0.5 	 -0.866
			-0.0537 	 1.3571 	 1.084
		}
	}
	{"sub_piece03"
		{box 2.3622 2.3622 36.2835}
		{bone "sub_piece03"}
		{matrix34
			0 	 0 	 -1
			0 	 -1 	 0
			-1 	 0 	 0
			3.2762 	 0.0187 	 -0.0438
		}
	}
	{"sub_piece04"
		{box 2.95276 2.95276 30.7087}
		{bone "sub_piece04"}
		{matrix34
			0 	 0 	 -1
			0 	 -1 	 0
			-1 	 0 	 0
			2.0158 	 0.0369 	 0.0292
		}
	}
	{"sub_piece05"
		{box 2.95276 2.95276 22.4904}
		{bone "sub_piece05"}
		{matrix34
			0 	 0 	 1
			0 	 1 	 0
			-1 	 0 	 0
			1.9071 	 -0.044 	 -0.0292
		}
	}
}
