;Exported by:	 tolokolnikova
;Date:			 24.11.2017 13:14:17
;File:			 D:\gem2\gem2-mdl-soldiers\models\fence\sandbag_woodbeam\meshki4_wood1_002_g2.max
{skeleton
	{bone "sw33_x"
		{orientation
			1 	 0 	 0
			0 	 -1 	 0
			0 	 0 	 1
		}
		{bone "piece10"
			{matrix34
				0 	 -1 	 0
				1 	 0 	 0
				0 	 0 	 1
				-33.6919 	 -1.9805 	 39.9716
			}
			{poly "piece10"}
		}
		{bone "piece01"
			{matrix34
				-0.9623 	 -0.2578 	 0.0872
				0.2588 	 -0.9659 	 0
				0.0842 	 0.0226 	 0.9962
				24.328 	 9.0881 	 42.7945
			}
			{poly "piece01"}
		}
		{bone "piece02"
			{matrix34
				-0.9623 	 -0.2578 	 0.0872
				0.2588 	 -0.9659 	 0
				0.0842 	 0.0226 	 0.9962
				-16.3752 	 10.7772 	 42.7945
			}
			{poly "piece02"}
		}
		{bone "piece03"
			{matrix34
				-0.9623 	 -0.2578 	 0.0872
				0.2588 	 -0.9659 	 0
				0.0842 	 0.0226 	 0.9962
				-6.0924 	 -13.1034 	 42.7945
			}
			{poly "piece03"}
		}
		{bone "piece04"
			{matrix34
				-0.9623 	 -0.2578 	 0.0872
				0.2588 	 -0.9659 	 0
				0.0842 	 0.0226 	 0.9962
				22.6987 	 -29.4547 	 42.7945
			}
			{poly "piece04"}
		}
		{bone "piece05"
			{matrix34
				-0.9623 	 -0.2578 	 0.0872
				0.2588 	 -0.9659 	 0
				0.0842 	 0.0226 	 0.9962
				-29.9398 	 -26.286 	 42.7945
			}
			{poly "piece05"}
		}
		{bone "piece06"
			{matrix34
				-0.9623 	 -0.2578 	 0.0872
				0.2588 	 -0.9659 	 0
				0.0842 	 0.0226 	 0.9962
				-6.6236 	 -26.3038 	 42.7945
			}
			{poly "piece06"}
		}
		{bone "piece07"
			{matrix34
				-0.9623 	 -0.2578 	 0.0872
				0.2588 	 -0.9659 	 0
				0.0842 	 0.0226 	 0.9962
				-2.1993 	 8.4456 	 42.7945
			}
			{poly "piece07"}
		}
		{bone "piece08"
			{matrix34
				0 	 -1 	 0
				1 	 0 	 0
				0 	 0 	 1
				-1.705 	 -23.3716 	 41.04
			}
			{poly "piece08"}
		}
		{bone "piece09"
			{matrix34
				0.9962 	 -0.0872 	 0
				0.0872 	 0.9962 	 0
				0 	 0 	 1
				18.3364 	 1.5002 	 39.4096
			}
			{poly "piece09"}
		}
	}
}
{volume "piece01"
	{box 13.505 9.93109 4.41866}
	{bone "piece01"}
	{matrix34
		-0.0868 	 -0.9962 	 0.0076
		0.9924 	 -0.0872 	 -0.0868
		0.0872 	 0 	 0.9962
		-0.2249 	 0.358 	 -0.6985
	}
}
{volume "piece02"
	{box 13.505 9.93109 4.41866}
	{bone "piece02"}
	{matrix34
		-0.0868 	 -0.9962 	 0.0076
		0.9924 	 -0.0872 	 -0.0868
		0.0872 	 0 	 0.9962
		-0.2249 	 0.358 	 -0.6985
	}
}
{volume "piece03"
	{box 13.505 9.93109 4.41866}
	{bone "piece03"}
	{matrix34
		-0.0868 	 -0.9962 	 0.0076
		0.9924 	 -0.0872 	 -0.0868
		0.0872 	 0 	 0.9962
		-0.2249 	 0.358 	 -0.6985
	}
}
{volume "piece04"
	{box 13.505 9.93109 4.41866}
	{bone "piece04"}
	{matrix34
		-0.0868 	 -0.9962 	 0.0076
		0.9924 	 -0.0872 	 -0.0868
		0.0872 	 0 	 0.9962
		-0.2249 	 0.358 	 -0.6985
	}
}
{volume "piece05"
	{box 13.505 9.93109 4.41866}
	{bone "piece05"}
	{matrix34
		-0.0868 	 -0.9962 	 0.0076
		0.9924 	 -0.0872 	 -0.0868
		0.0872 	 0 	 0.9962
		-0.2249 	 0.358 	 -0.6985
	}
}
{volume "piece06"
	{box 13.505 9.93109 4.41866}
	{bone "piece06"}
	{matrix34
		-0.0868 	 -0.9962 	 0.0076
		0.9924 	 -0.0872 	 -0.0868
		0.0872 	 0 	 0.9962
		-0.2249 	 0.358 	 -0.6985
	}
}
{volume "piece07"
	{box 13.505 9.93109 4.41866}
	{bone "piece07"}
	{matrix34
		-0.0868 	 -0.9962 	 0.0076
		0.9924 	 -0.0872 	 -0.0868
		0.0872 	 0 	 0.9962
		-0.2249 	 0.358 	 -0.6985
	}
}
{volume "piece08"
	{box 3.11414 70.2197 1.46931}
	{bone "piece08"}
	{matrix34
		-1 	 0 	 0
		0 	 -1 	 0
		0 	 0 	 1
		-0.2706 	 0.3963 	 0.0899
	}
}
{volume "piece09"
	{box 3.11414 70.2197 1.46931}
	{bone "piece09"}
	{Position 0.1105 	 0.2063 	 0.479}
}
{volume "piece10"
	{box 6.62582 72.4569 1.46931}
	{bone "piece10"}
	{matrix34
		0 	 1 	 0
		-1 	 0 	 0
		0 	 0 	 1
		-0.3379 	 0.0932 	 -0.083
	}
}
