;Exported by	: KobaA
;Date			: 28.03.2024 11:19:25
;File			: d:\git\gem2-mdl-soldiers\models\entourage\sandbags\fort_win_x.max
{skeleton
	{bone "fort_sandbags_001_x"
		{orientation
			1 	 0 	 0
			0 	 -1 	 0
			0 	 0 	 1
		}
		{bone "piece14"
			{matrix34
				-1 	 0 	 0
				0 	 -1 	 0
				0 	 0 	 1
				12.2715 	 30.2697 	 -2.66
			}
			{poly "piece14"}
		}
		{bone "piece13"
			{matrix34
				-1 	 0 	 0
				0 	 -1 	 0
				0 	 0 	 1
				0.9942 	 33.9519 	 1.3104
			}
			{poly "piece13"}
		}
		{bone "piece12"
			{matrix34
				0 	 1 	 0
				1 	 0 	 0
				0 	 0 	 -1
				0.9942 	 19.3554 	 5.5519
			}
			{poly "piece12"}
		}
		{bone "piece11"
			{matrix34
				0 	 -1 	 0
				1 	 0 	 0
				0 	 0 	 1
				25.2685 	 -26.7589 	 -2.5381
			}
			{poly "piece11"}
		}
		{bone "piece10"
			{matrix34
				-1 	 0 	 0
				0 	 -1 	 0
				0 	 0 	 1
				12.9396 	 -27.4 	 1.3446
			}
			{poly "piece10"}
		}
		{bone "piece09"
			{matrix34
				0.5826 	 -0.6943 	 -0.4226
				-0.766 	 -0.6428 	 0
				-0.2717 	 0.3237 	 -0.9063
				2.3555 	 -26.0328 	 1.7538
			}
			{poly "piece09"}
		}
		{bone "piece08"
			{matrix34
				0 	 1 	 0
				1 	 0 	 0
				0 	 0 	 -1
				0.9942 	 -15.845 	 5.3692
			}
			{poly "piece08"}
		}
		{bone "piece07"
			{Position 8.3987 	 30.3801 	 5.1439}
			{poly "piece07"}
		}
		{bone "piece06"
			{matrix34
				0.0858 	 0.9962 	 0.0151
				-0.9963 	 0.0858 	 0.0007
				-0.0007 	 -0.0151 	 0.9999
				0.1984 	 27.3546 	 8.7771
			}
			{poly "piece06"}
		}
		{bone "piece05"
			{matrix34
				0 	 -0.8192 	 -0.5736
				1 	 0 	 0
				0 	 -0.5736 	 0.8192
				0.4623 	 17.4614 	 10.0505
			}
			{poly "piece05"}
		}
		{bone "piece04"
			{matrix34
				0 	 -1 	 0
				1 	 0 	 0
				0 	 0 	 1
				0.9942 	 8.2795 	 5.3692
			}
			{poly "piece04"}
		}
		{bone "piece03"
			{matrix34
				0 	 1 	 0
				1 	 0 	 0
				0 	 0 	 -1
				0.9942 	 -4.3841 	 5.3692
			}
			{poly "piece03"}
		}
		{bone "piece02"
			{matrix34
				0 	 0.9063 	 -0.4226
				-1 	 0 	 0
				0 	 0.4226 	 0.9063
				0.8222 	 -13.3442 	 9.9312
			}
			{poly "piece02"}
		}
		{bone "piece01"
			{matrix34
				0.8291 	 -0.513 	 -0.2224
				-0.5254 	 -0.8508 	 0.0042
				-0.1914 	 0.1134 	 -0.9749
				6.1255 	 -25.2155 	 8.7297
			}
			{poly "piece01"}
		}
		{bone "piece00"
			{Position 20.9777 	 -26.9597 	 4.2141}
			{poly "piece00"}
		}
	}
}
{"volumes"
	{"piece00_volume"
		{box 9.61594 6.87682 3.33854}
		{bone "piece00"}
		{Position 0 	 0 	 -0.179}
	}
	{"piece01_volume"
		{box 9.61594 6.87682 3.33854}
		{bone "piece01"}
		{Position 0.7112 	 0 	 0.282}
	}
	{"piece02_volume"
		{box 9.61594 6.87682 3.33854}
		{bone "piece02"}
		{matrix34
			0.9659 	 0 	 0.2588
			0 	 1 	 0
			-0.2588 	 0 	 0.9659
			0.7153 	 0 	 -1.0909
		}
	}
	{"piece03_volume"
		{box 9.61594 6.87682 3.33854}
		{bone "piece03"}
		{Position 0 	 0 	 0.1324}
	}
	{"piece04_volume"
		{box 9.61594 6.87682 3.33854}
		{bone "piece04"}
		{matrix34
			1 	 0 	 0
			0 	 1 	 0
			0 	 0 	 1
			0.4804 	 0 	 0.0234
		}
	}
	{"piece05_volume"
		{box 9.03899 6.80805 3.13823}
		{bone "piece05"}
		{matrix34
			0.9659 	 0 	 0.2588
			0 	 1 	 0
			-0.2588 	 0 	 0.9659
			0.8137 	 0 	 -1.7714
		}
	}
	{"piece06_volume"
		{box 9.03899 6.80805 3.13823}
		{bone "piece06"}
		{matrix34
			1 	 0 	 -0.0017
			0 	 1 	 0
			0.0017 	 0 	 1
			0.7971 	 0 	 -0.5432
		}
	}
	{"piece07_volume"
		{box 9.03899 6.80805 3.13823}
		{bone "piece07"}
		{matrix34
			1 	 0 	 0
			0 	 1 	 0
			0 	 0 	 1
			1.1201 	 0 	 -0.7419
		}
	}
	{"piece08_volume"
		{box 9.61594 6.87682 3.33854}
		{bone "piece08"}
		{matrix34
			1 	 0 	 0
			0 	 1 	 0
			0 	 0 	 1
			0.4663 	 0 	 0.5974
		}
	}
	{"piece09_volume"
		{box 9.61594 6.87682 2.87114}
		{bone "piece09"}
		{matrix34
			0.9962 	 0.0076 	 -0.0868
			0.0151 	 0.966 	 0.2582
			0.0858 	 -0.2585 	 0.9622
			0.1459 	 -0.4394 	 -0.4174
		}
	}
	{"piece10_volume"
		{box 9.61594 6.87682 3.33854}
		{bone "piece10"}
		{Position 0 	 0 	 -0.5594}
	}
	{"piece11_volume"
		{box 9.61594 6.87682 3.03807}
		{bone "piece11"}
		{matrix34
			0.9848 	 0 	 -0.1736
			0 	 1 	 0
			0.1736 	 0 	 0.9848
			0.7066 	 0 	 -0.8104
		}
	}
	{"piece12_volume"
		{box 9.03899 6.80805 3.13823}
		{bone "piece12"}
		{matrix34
			0.999 	 0 	 0.0446
			0 	 1 	 0
			-0.0446 	 0 	 0.999
			0.3119 	 0 	 1.2808
		}
	}
	{"piece13_volume"
		{box 9.03899 6.80805 3.13823}
		{bone "piece13"}
		{matrix34
			0.9996 	 0.0081 	 -0.0269
			-0.0027 	 0.9808 	 0.1948
			0.028 	 -0.1946 	 0.9805
			0.7909 	 -0.0145 	 -0.5612
		}
	}
	{"piece14_volume"
		{box 9.03899 6.80805 3.13823}
		{bone "piece14"}
		{matrix34
			0.9819 	 -0.0219 	 0.1881
			0 	 0.9933 	 0.1154
			-0.1893 	 -0.1133 	 0.9753
			0.2393 	 -0.1452 	 -0.1119
		}
	}
}
