;Exported by:	 KobaA
;Date:			 14.01.2022 12:15:34
;File:			 G:\_GIT_\gem2\gem2-mdl-soldiers\models\unit\vehicle\Sd_Kfz_221\Sd_Kfz_221_xx.max
{skeleton
	{bone "basis"
		{parameters "wheelradius=0.4;steermax=20;"}
		{orientation
			1 	 0 	 0
			0 	 -1 	 0
			0 	 0 	 1
		}
		{bone "pivot_back"
			{Position -24.4116 	 0 	 8.236}
			{bone revolute "part6"
				{parameters "radius=0.4;id=wheelright2;"}
				{matrix34
					1 	 0 	 0
					0 	 0 	 -1
					0 	 1 	 0
					-0.1655 	 -17.7306 	 -0.4416
				}
				{LODView
					{poly "part6"}
					{poly "part6_lod1"}
					{poly "part6_lod2"}
					{poly "part6_lod3"}
				}
			}
			{bone revolute "wheell2"
				{parameters "radius=0.4;id=wheelleft2;"}
				{matrix34
					1 	 0 	 0
					0 	 0 	 -1
					0 	 1 	 0
					-0.1655 	 17.7306 	 -0.4416
				}
				{LODView
					{poly "wheell2"}
					{poly "wheell2_lod1"}
					{poly "wheell2_lod2"}
					{poly "wheell2_lod3"}
				}
			}
		}
		{bone "pivot_front"
			{Position 32.3479 	 0 	 8.236}
			{bone revolute "part5"
				{parameters "radius=0.4;id=wheelright1;"}
				{matrix34
					1 	 0 	 0
					0 	 0 	 -1
					0 	 1 	 0
					0.1854 	 -17.7306 	 -0.5052
				}
				{LODView
					{poly "part6"}
					{poly "part6_lod1"}
					{poly "part6_lod2"}
					{poly "part6_lod3"}
				}
			}
			{bone revolute "wheell1"
				{parameters "radius=0.4;id=wheelleft1;"}
				{matrix34
					1 	 0 	 0
					0 	 0 	 -1
					0 	 1 	 0
					0.1854 	 17.7306 	 -0.5052
				}
				{LODView
					{poly "wheell2"}
					{poly "wheell2_lod1"}
					{poly "wheell2_lod2"}
					{poly "wheell2_lod3"}
				}
			}
		}
		{bone "body"
			{parameters "id=body;"}
			{Position 0.0501 	 0 	 7.6998}
			{LODView
				{poly "body"}
				{poly "body_lod1"}
				{poly "body_lod2"}
				{poly "body_lod3"}
			}
			{bone "part2"
				{parameters "id=body;"}
				{matrix34
					1 	 0 	 0
					0 	 0.8249 	 -0.5652
					0 	 0.5652 	 0.8249
					8.4468 	 11.8396 	 9.3099
				}
				{LODView
					{poly "part2"}
					{poly "part2_lod1"}
					{poly "part2_lod2"}
					{poly "part2_lod3"}
				}
			}
			{bone "part3"
				{parameters "id=body;"}
				{matrix34
					1 	 0 	 0
					0 	 0.8192 	 0.5736
					0 	 -0.5736 	 0.8192
					8.4468 	 -11.8307 	 9.3099
				}
				{LODView
					{poly "part3"}
					{poly "part3_lod1"}
					{poly "part3_lod2"}
					{poly "part3_lod3"}
				}
			}
			{bone "cover"
				{parameters "id=body;"}
				{Position 21.7575 	 -0.1279 	 22.5533}
				{LODView
					{poly "cover"}
					{poly "cover_lod1"}
					{poly "cover_lod2"}
					{poly "cover_lod3"}
				}
			}
			{bone "engine"
				{parameters "id=engine;"}
				{Position -31.5213 	 0.0848 	 11.1543}
				{LODView
					{poly "engine"}
					{poly "engine_lod1"}
					{poly "engine_lod2"}
					{poly "engine_lod3"}
				}
				{bone "fxfire1"
					{matrix34
						0 	 0 	 1
						0 	 1 	 0
						-1 	 0 	 0
						0 	 0 	 8.7068
					}
				}
				{bone "part4"
					{parameters "id=engine;"}
					{poly "part4"}
				}
			}
			{bone "fxfire2"
				{matrix34
					0 	 0 	 1
					0 	 1 	 0
					-1 	 0 	 0
					-0.0501 	 0 	 17.9055
				}
			}
			{bone "enumerator"
				{parameters "id=body;"}
				{Position -1.9149 	 18.5993 	 1.9037}
				{poly "enumerator"}
			}
			{bone revolute "part1"
				{parameters "id=gun;"}
				{limits -5 25}
				{speed 0.08}
				{matrix34
					1 	 0 	 0
					0 	 0 	 1
					0 	 -1 	 0
					16.3173 	 0 	 28.2508
				}
				{LODView
					{poly "part1"}
					{poly "part1_lod1"}
					{poly "part1_lod2"}
					{poly "part1_lod3"}
				}
			}
		}
	}
}
{volume "body01"
	{polyhedron}
	{bone "body"}
	{Position 15.4709 	 0 	 -0.7856}
}
{volume "body02"
	{polyhedron}
	{bone "body"}
	{Position 44.8437 	 0 	 6.9827}
}
{volume "body03"
	{polyhedron}
	{bone "body"}
	{Position 15.4709 	 0 	 -0.7856}
}
{volume "body04"
	{polyhedron}
	{bone "body"}
	{Position 5.1208 	 0 	 16.7334}
}
{volume "body05"
	{polyhedron}
	{bone "body"}
	{matrix34
		0.9239 	 0.3827 	 0
		-0.3827 	 0.9239 	 0
		0 	 0 	 1
		-1.3993 	 0 	 23.1725
	}
}
{volume "body06"
	{box 13.4001 10.0926 11.1983}
	{bone "body"}
	{Position -1.6867 	 14.3583 	 8.2442}
}
{volume "body07"
	{cylinder 4.68611 0.917437}
	{bone "body"}
	{matrix34
		1 	 0 	 0
		0 	 0 	 -1
		0 	 1 	 0
		32.4714 	 -15.2126 	 0.0127
	}
}
{volume "body08"
	{cylinder 4.68611 0.917437}
	{bone "body"}
	{matrix34
		1 	 0 	 0
		0 	 0 	 -1
		0 	 1 	 0
		-24.5797 	 -15.2126 	 0.0127
	}
}
{volume "body09"
	{box 0.393701 22.1307 6.45699}
	{bone "body"}
	{matrix34
		0.7507 	 0.2011 	 -0.6293
		-0.2588 	 0.9659 	 0
		0.6079 	 0.1629 	 0.7771
		45.684 	 0.5259 	 0.1749
	}
}
{volume "engine01"
	{polyhedron}
	{bone "engine"}
	{Position 1.343 	 -0.1266 	 -12.0584}
}
{volume "engine02"
	{polyhedron}
	{bone "engine"}
	{Position 1.343 	 -0.1266 	 -12.0584}
}
{volume "part1_01"
	{box 6.18526 3.88324 5.07506}
	{bone "part1"}
	{matrix34
		0 	 1 	 0
		0 	 0 	 -1
		-1 	 0 	 0
		-13.1298 	 0.4092 	 -3.8696
	}
}
{volume "part1_02"
	{box 20.5318 1.98238 1.81909}
	{bone "part1"}
	{matrix34
		1 	 0 	 0
		0 	 -1 	 0
		0 	 0 	 -1
		0.0094 	 -1.4757 	 -0.0415
	}
}
{volume "part1_03"
	{box 0.8205 5.86827 6.75202}
	{bone "part1"}
	{matrix34
		0.9192 	 0.3907 	 -0.0482
		0.3902 	 -0.9205 	 -0.0204
		-0.0523 	 0 	 -0.9986
		-9.3202 	 3.3594 	 -2.6937
	}
}
{volume "part1_04"
	{cylinder 0.787402 33.3539}
	{bone "part1"}
	{matrix34
		-0.0349 	 -0.9994 	 0
		0.0174 	 -0.0006 	 -0.9998
		0.9992 	 -0.0349 	 0.0175
		10.0301 	 0.2316 	 0.2911
	}
}
{volume "part1_05"
	{box 0.780678 13.7693 8.62358}
	{bone "part1"}
	{matrix34
		0.8968 	 0.423 	 -0.1299
		-0.1388 	 -0.0097 	 -0.9903
		-0.4201 	 0.9061 	 0.05
		1.3683 	 -0.0059 	 0.2148
	}
}
{volume "part1_06"
	{box 2.03472 3.53753 4.77842}
	{bone "part1"}
	{matrix34
		1 	 0 	 0
		0 	 0 	 -1
		0 	 1 	 0
		0.034 	 -2.2118 	 0
	}
}
{volume "part2_01"
	{box 13.2277 0.79836 15.147}
	{bone "part2"}
	{matrix34
		-0.7071 	 -0.7071 	 0
		0.7071 	 -0.7071 	 0.0102
		-0.0072 	 0.0072 	 0.9999
		4.2724 	 4.6807 	 0.862
	}
}
{volume "part2_02"
	{box 8.44644 2.35028 7.92324}
	{bone "part2"}
	{matrix34
		0.7071 	 0.7069 	 0.0175
		-0.7071 	 0.7069 	 0.0175
		0 	 -0.0247 	 0.9997
		3.3182 	 6.2927 	 -1.0431
	}
}
{volume "part3_01"
	{box 13.2277 0.79836 15.147}
	{bone "part3"}
	{matrix34
		-0.5736 	 -0.8192 	 0
		0.8192 	 -0.5736 	 0
		0 	 0 	 1
		-4.5802 	 -5.8347 	 0.4098
	}
}
{volume "part3_02"
	{box 8.44644 2.35028 7.92324}
	{bone "part3"}
	{matrix34
		-0.5736 	 -0.8187 	 0.0286
		0.8192 	 -0.5732 	 0.02
		0 	 0.0349 	 0.9994
		-6.1644 	 -5.1325 	 -0.8646
	}
}
{volume "part4"
	{box 4.31525 2.62732 7.89545}
	{bone "part4"}
	{matrix34
		0.9879 	 -0.1392 	 0.0691
		0.1388 	 0.9903 	 0.0097
		-0.0698 	 0 	 0.9976
		-7.6418 	 -13.7079 	 -6.4686
	}
}
{volume "part5"
	{cylinder 5.31496 4.13386}
	{bone "part5"}
	{matrix34
		1 	 0 	 0
		0 	 -1 	 0
		0 	 0 	 -1
		0 	 0 	 0.4806
	}
}
{volume "part6"
	{cylinder 5.31496 4.13386}
	{bone "part6"}
	{matrix34
		1 	 0 	 0
		0 	 -1 	 0
		0 	 0 	 -1
		0 	 0 	 0.4806
	}
}
{volume "wheelleft1"
	{cylinder 5.31496 4.13386}
	{bone "wheell1"}
	{Position 0 	 0 	 -0.4807}
}
{volume "wheelleft2"
	{cylinder 5.31496 4.13386}
	{bone "wheell2"}
	{Position 0 	 0 	 -0.4806}
}
