;Exported by:	 tolokolnikova
;Date:			 30.03.2016 11:51:07
;File:			 D:\gem2\gem2-mdl-soldiers\models\entourage\Ship_wood\Ship_wood.max
{skeleton
	{bone "basis"
		{orientation
			1 	 0 	 0
			0 	 -1 	 0
			0 	 0 	 1
		}
		{bone "ship001"
			{Position 5.0694 	 -11.0051 	 0.3636}
			{LODView
				{poly "ship001"}
				{poly "ship001_lod1"}
				{poly "ship001_lod2"}
			}
		}
	}
}
{obstacle "wood01"
	{obb2
		{center -15.2373 -9.25174}
		{extent 35.1394 2.21858}
		{axis 1 0}
	}
	{rotate}
	{Tags "body" "fire"}
}
{obstacle "wood02"
	{obb2
		{center -13.0224 -0.162659}
		{extent 37.5098 7.21554}
		{axis 1 0}
	}
	{rotate}
	{Tags "body" "fire"}
}
{obstacle "wood03"
	{obb2
		{center 34.2321 -5.80619}
		{extent 15.4246 1.39471}
		{axis 0.96596 0.258691}
	}
	{rotate}
	{Tags "body" "fire"}
}
{obstacle "wood04"
	{obb2
		{center 29.4778 -0.162659}
		{extent 5.23118 5.91674}
		{axis 1 0}
	}
	{rotate}
	{Tags "body" "fire"}
}
{obstacle "wood05"
	{obb2
		{center 44.1176 0.0506592}
		{extent 5.02193 4.02339}
		{axis 1 0}
	}
	{rotate}
	{Tags "body" "fire"}
}
{obstacle "wood06"
	{obb2
		{center 47.8383 0.131348}
		{extent 2.27126 2.72817}
		{axis 1 0}
	}
	{rotate}
	{Tags "body" "fire"}
}
{obstacle "wood07"
	{obb2
		{center -15.325 9.09576}
		{extent 35.1394 2.28302}
		{axis 1 0}
	}
	{rotate}
	{Tags "body" "fire"}
}
{obstacle "wood08"
	{obb2
		{center -50.0356 0.131348}
		{extent 8.27018 0.531872}
		{axis 0.0182398 0.999834}
	}
	{rotate}
	{Tags "body" "fire"}
}
{obstacle "wood09"
	{obb2
		{center 34.4787 5.89727}
		{extent 2.05855 15.1976}
		{axis 0.25946 0.965754}
	}
	{rotate}
	{Tags "body" "fire"}
}
{obstacle "wood10"
	{obb2
		{center -2.82248 25.9199}
		{extent 0.822103 25.1462}
		{axis 1 0}
	}
	{rotate}
	{Tags "body" "fire"}
}
{obstacle "wood11"
	{obb2
		{center -14.0636 -22.0867}
		{extent 25.1464 0.831998}
		{axis 0.707388 0.706825}
	}
	{rotate}
	{Tags "body" "fire"}
}
{volume "wood01"
	{box 70.2789 0.982875 10.423}
	{bone "basis"}
	{matrix34
		1 	 0 	 0
		0 	 0.9415 	 -0.3369
		0 	 0.3369 	 0.9415
		-15.2373 	 9.2517 	 5.577
	}
}
{volume "wood02"
	{box 75.0196 14.4311 0.923006}
	{bone "basis"}
	{Position -13.0224 	 0.1627 	 0.4615}
}
{volume "wood03"
	{box 30.4038 0.982875 10.5186}
	{bone "basis"}
	{matrix34
		0.9659 	 -0.2549 	 0.0449
		0.2588 	 0.9522 	 -0.1624
		-0.0014 	 0.1685 	 0.9857
		34.2321 	 5.8062 	 5.1841
	}
}
{volume "wood04"
	{box 10.4624 11.8335 0.923006}
	{bone "basis"}
	{Position 29.4778 	 0.1627 	 0.4615}
}
{volume "wood05"
	{box 10.0439 8.04677 0.923006}
	{bone "basis"}
	{Position 44.1176 	 -0.0507 	 9.7942}
}
{volume "wood06"
	{box 0.763216 5.45635 11.1845}
	{bone "basis"}
	{matrix34
		0.9397 	 0 	 -0.342
		0 	 1 	 0
		0.342 	 0 	 0.9397
		47.8383 	 -0.1313 	 5.255
	}
}
{volume "wood07"
	{box 70.2789 0.982875 10.8054}
	{bone "basis"}
	{matrix34
		-1 	 0 	 0
		0 	 -0.9415 	 -0.3369
		0 	 -0.3369 	 0.9415
		-15.325 	 -9.0958 	 5.0868
	}
}
{volume "wood08"
	{box 0.95402 16.5344 10.6694}
	{bone "basis"}
	{matrix34
		0.9999 	 0.0116 	 0
		-0.0116 	 0.9999 	 0
		0 	 0 	 1
		-50.0356 	 -0.1313 	 5.3347
	}
}
{volume "wood09"
	{box 30.0803 0.982875 10.9967}
	{bone "basis"}
	{matrix34
		0.9664 	 0.2554 	 0.0295
		-0.2534 	 0.9267 	 0.2774
		0.0435 	 -0.2755 	 0.9603
		34.4787 	 -5.8973 	 5.2801
	}
}
{volume "wood10"
	{cylinder 0.822102 54.7526}
	{bone "basis"}
	{matrix34
		1 	 0 	 0
		0 	 0.4198 	 -0.9076
		0 	 0.9076 	 0.4198
		-2.8225 	 -25.9199 	 4.4625
	}
}
{volume "wood11"
	{cylinder 0.822102 54.7526}
	{bone "basis"}
	{matrix34
		-0.7071 	 -0.7071 	 0
		0.2968 	 -0.2968 	 -0.9076
		0.6418 	 -0.6418 	 0.4198
		-14.0636 	 22.0867 	 4.4625
	}
}
