;Exported by:	 tolokolnikova
;Date:			 27.06.2017 14:38:42
;File:			 D:\gem2\gem2-mdl-soldiers\models\building\house_D\D_004_x_fort.max
{skeleton
	{bone "d004_piece12bc_point"
		{orientation
			1 	 0 	 0
			0 	 -1 	 0
			0 	 0 	 1
		}
		{bone "sub_piece01"
			{Position -10.3322 	 -4.492 	 19.0273}
			{poly "sub_piece01"}
		}
		{bone "piece01"
			{matrix34
				0 	 1 	 0
				-1 	 0 	 0
				0 	 0 	 1
				6.9341 	 -27.5646 	 20.7367
			}
			{poly "piece01"}
		}
		{bone "piece02"
			{matrix34
				0 	 1 	 0
				-0.9848 	 0 	 -0.1736
				-0.1736 	 0 	 0.9848
				-23.9733 	 -27.5215 	 9.5837
			}
			{poly "piece02"}
		}
		{bone "piece03"
			{matrix34
				0 	 1 	 0
				-0.9848 	 0 	 -0.1736
				-0.1736 	 0 	 0.9848
				-2.1892 	 -27.4402 	 0.9635
			}
			{poly "piece03"}
		}
		{bone "sub_piece02"
			{matrix34
				0 	 1 	 0
				-1 	 0 	 0
				0 	 0 	 1
				16.1333 	 -27.6418 	 1.4638
			}
			{poly "sub_piece02"}
		}
		{bone "sub_piece03"
			{matrix34
				0 	 1 	 0
				-1 	 0 	 0
				0 	 0 	 1
				-17.9154 	 -27.527 	 27.8787
			}
			{poly "sub_piece03"}
		}
		{bone "d004_piece032"
			{poly "d004_piece032"}
		}
		{bone revolute "attach1"
			{matrix34
				0 	 -1 	 0
				1 	 0 	 0
				0 	 0 	 1
				0.7551 	 -13.6433 	 -27.7875
			}
		}
		{bone "debris_land_001"
			{parameters "commonmesh;land;ground;"}
			{matrix34
				0 	 1 	 0
				-1 	 0 	 0
				0 	 0 	 1
				5.8371 	 -39.8516 	 -27.775
			}
			{poly "debris_land_001" {ground}}
		}
		{bone "fort_wall"
			{matrix34
				-1 	 0 	 0
				0 	 -1 	 0
				0 	 0 	 1
				-2.1711 	 -35.9012 	 -22.1597
			}
		}
		{bone "stones_001"
			{parameters "commonmesh;land;ground;"}
			{matrix34
				0 	 1 	 0
				-1 	 0 	 0
				0 	 0 	 1
				5.8371 	 -39.8382 	 -27.775
			}
			{poly "stones_001" {ground}}
		}
	}
}
{volume "piece01"
	{box 5.90551 18.844 22.8271}
	{bone "piece01"}
	{Position 0 	 0 	 0.2546}
}
{volume "piece02"
	{box 5.90551 16.3942 16.6638}
	{bone "piece02"}
	{matrix34
		1 	 0 	 0
		0 	 0.9063 	 0.4226
		0 	 -0.4226 	 0.9063
		0 	 0.115 	 -0.8643
	}
}
{volume "piece03"
	{box 5.90551 16.3942 13.331}
	{bone "piece03"}
	{matrix34
		1 	 0 	 0
		0 	 0.9848 	 0.1736
		0 	 -0.1736 	 0.9848
		0 	 0.478 	 -0.7129
	}
}
{volume "sub_piece01"
	{box 2.96997 59.0247 4.00377}
	{bone "sub_piece01"}
	{Position 0 	 0 	 -0.3028}
}
{volume "sub_piece02"
	{box 5.90551 13.1776 11.0021}
	{bone "sub_piece02"}
	{matrix34
		1 	 0 	 0
		0 	 0.9848 	 -0.1736
		0 	 0.1736 	 0.9848
		0 	 0.1468 	 0.2105
	}
}
{volume "sub_piece03"
	{box 5.90551 13.1776 14.5665}
	{bone "sub_piece03"}
	{matrix34
		1 	 0 	 0
		0 	 0.9848 	 -0.1736
		0 	 0.1736 	 0.9848
		0 	 0.2142 	 -0.2819
	}
}
{volume "target_vol_001"
	{box 9.84252 11.811 15.6501}
	{bone "d004_piece12bc_point"}
	{matrix34
		0 	 -1 	 0
		1 	 0 	 0
		0 	 0 	 1
		0.7551 	 -27.7676 	 0.3616
	}
}
{volume "vol_007"
	{box 63.0506 6.0618 15.7262}
	{bone "d004_piece032"}
	{matrix34
		-1 	 0 	 0
		0 	 -1 	 0
		0 	 0 	 1
		5.3377 	 -27.5766 	 -19.9119
	}
}
{volume "vol_008"
	{polyhedron}
	{bone "d004_piece032"}
	{matrix34
		-1 	 0 	 0
		0 	 -1 	 0
		0 	 0 	 1
		24.995 	 -27.5766 	 -12.0859
	}
}
{volume "vol_009"
	{box 23.3287 6.0618 7.70586}
	{bone "d004_piece032"}
	{matrix34
		-0.9063 	 0 	 0.4226
		0 	 -1 	 0
		0.4226 	 0 	 0.9063
		-23.9699 	 -27.5766 	 -9.8631
	}
}
