;Exported by:	 Oleksandr Tsaprylov
;Date:			 15.08.2022 15:19:59
;File:			 E:\projects\gem2-mdl-soldiers\models\entourage\watch_tower\watch_tower_02.max
{skeleton
	{bone "watch_tower_02_x"
		{orientation
			1 	 0 	 0
			0 	 -1 	 0
			0 	 0 	 1
		}
		{bone "fx_wood2"
			{Position 0 	 0 	 93.3548}
		}
		{bone "piece13"
			{matrix34
				-0.6021 	 0.0305 	 -0.7978
				0.4395 	 -0.8216 	 -0.363
				-0.6666 	 -0.5692 	 0.4813
				-6.5283 	 21.1993 	 138.084
			}
			{poly "piece13"}
		}
		{bone "piece01"
			{matrix34
				0.1769 	 0.9751 	 -0.1334
				-0.9359 	 0.1247 	 -0.3296
				-0.3047 	 0.1832 	 0.9347
				16.1091 	 18.976 	 52.9299
			}
			{poly "piece01"}
		}
		{bone "piece02"
			{matrix34
				0.0618 	 -0.6686 	 0.7411
				0.9885 	 -0.0615 	 -0.1379
				0.1378 	 0.7411 	 0.6571
				-17.7519 	 -19.2441 	 19.7103
			}
			{poly "piece02"}
		}
		{bone "piece03"
			{matrix34
				-0.6508 	 0.5076 	 -0.5646
				-0.5392 	 -0.8326 	 -0.1271
				-0.5346 	 0.2217 	 0.8155
				-4.5184 	 13.5164 	 93.7974
			}
			{poly "piece03"}
		}
		{bone "piece04"
			{matrix34
				0.8401 	 -0.2111 	 0.4997
				0.5233 	 0.0731 	 -0.849
				0.1427 	 0.9747 	 0.1719
				1.8716 	 -17.2651 	 60.0426
			}
			{poly "piece04"}
		}
		{bone "piece05"
			{matrix34
				-0.8889 	 0.3477 	 0.2982
				-0.3997 	 -0.9067 	 -0.1344
				0.2236 	 -0.2386 	 0.945
				-22.2921 	 -0.6634 	 26.0687
			}
			{poly "piece05"}
		}
		{bone "piece06"
			{matrix34
				0.1239 	 -0.7414 	 0.6595
				0.7952 	 0.4717 	 0.3809
				-0.5935 	 0.4773 	 0.648
				15.2463 	 20.9519 	 143.045
			}
			{poly "piece06"}
		}
		{bone "piece07"
			{matrix34
				0.9512 	 -0.3016 	 -0.0648
				0.2919 	 0.8119 	 0.5057
				-0.0999 	 -0.4999 	 0.8603
				8.3106 	 -12.6541 	 144.172
			}
			{poly "piece07"}
		}
		{bone "piece08"
			{matrix34
				-0.3942 	 0.3501 	 0.8497
				-0.5505 	 -0.8303 	 0.0867
				0.7359 	 -0.4336 	 0.5201
				1.3467 	 -4.6091 	 94.8529
			}
			{poly "piece08"}
		}
		{bone "piece09"
			{matrix34
				0.638 	 0.7149 	 0.2861
				-0.2883 	 0.5662 	 -0.7722
				-0.714 	 0.4102 	 0.5673
				16.5766 	 5.601 	 47.7262
			}
			{poly "piece09"}
		}
		{bone "piece10"
			{matrix34
				0.1694 	 0.5911 	 0.7886
				-0.964 	 0.2658 	 0.0079
				-0.2049 	 -0.7615 	 0.6149
				-18.9726 	 3.0759 	 104.771
			}
			{poly "piece10"}
		}
		{bone "piece11"
			{matrix34
				0.6021 	 0.6757 	 -0.4253
				-0.4395 	 0.7252 	 0.53
				0.6666 	 -0.1322 	 0.7336
				9.2405 	 -13.6652 	 99.0398
			}
			{poly "piece11"}
		}
		{bone "piece12"
			{matrix34
				0.568 	 0.7152 	 -0.4073
				-0.4909 	 0.6915 	 0.5299
				0.6607 	 -0.1011 	 0.7438
				17.1827 	 -7.9835 	 99.0398
			}
			{poly "piece12"}
		}
		{bone "sub_piece01"
			{matrix34
				0.6611 	 0.4135 	 -0.626
				-0.5872 	 0.8046 	 -0.0887
				0.467 	 0.4262 	 0.7747
				20.7035 	 11.9905 	 114.858
			}
			{poly "sub_piece01"}
		}
		{bone "sub_piece02"
			{matrix34
				0.9809 	 0.1468 	 -0.1276
				-0.1943 	 0.7728 	 -0.6041
				0.0099 	 0.6174 	 0.7866
				-18.2349 	 -11.4903 	 111.463
			}
			{poly "sub_piece02"}
		}
		{bone "sub_piece03"
			{matrix34
				0.054 	 -0.7491 	 0.6602
				0.5349 	 0.58 	 0.6144
				-0.8432 	 0.32 	 0.432
				19.2174 	 -12.7472 	 128.009
			}
			{poly "sub_piece03"}
		}
		{bone "sub_piece04"
			{matrix34
				-0.5528 	 -0.7806 	 -0.2918
				0.7169 	 -0.624 	 0.3111
				-0.4249 	 -0.0372 	 0.9045
				14.5842 	 -2.6615 	 62.0816
			}
			{poly "sub_piece04"}
		}
		{bone "sub_piece05"
			{matrix34
				-0.2013 	 0.7051 	 -0.6799
				-0.9551 	 -0.2952 	 -0.0235
				-0.2173 	 0.6447 	 0.7329
				-15.3331 	 9.8465 	 136.121
			}
			{poly "sub_piece05"}
		}
		{bone "sub_piece06"
			{matrix34
				0.8456 	 -0.4055 	 -0.3472
				0.516 	 0.4543 	 0.7262
				-0.1367 	 -0.7932 	 0.5934
				11.8603 	 4.6644 	 142.442
			}
			{poly "sub_piece06"}
		}
		{bone "sub_piece07"
			{matrix34
				0.3937 	 0.6424 	 -0.6575
				0.0727 	 0.6913 	 0.7189
				0.9164 	 -0.3308 	 0.2255
				16.3842 	 16.565 	 103
			}
			{poly "sub_piece07"}
		}
		{bone "sub_piece08"
			{matrix34
				-0.3575 	 0.5943 	 -0.7204
				-0.9221 	 -0.1024 	 0.3731
				0.148 	 0.7977 	 0.5846
				-18.7892 	 -5.4889 	 104.821
			}
			{poly "sub_piece08"}
		}
	}
}
{volume "piece01"
	{cylinder 2.42167 39.4115}
	{bone "piece01"}
	{matrix34
		0.7645 	 -0.6331 	 0.1211
		0.5639 	 0.7479 	 0.3502
		-0.3123 	 -0.1995 	 0.9288
		5.8507 	 -5.497 	 -5.828
	}
}
{volume "piece02"
	{cylinder 2.42167 39.4115}
	{bone "piece02"}
	{matrix34
		0.5807 	 -0.6709 	 -0.4611
		0.5207 	 0.7415 	 -0.4231
		0.6258 	 0.0056 	 0.78
		4.9039 	 -9.7769 	 -7.8354
	}
}
{volume "piece03"
	{box 1.58597 18.3934 28.1787}
	{bone "piece03"}
	{matrix34
		-0.5076 	 0.8326 	 -0.2217
		-0.6508 	 -0.5392 	 -0.5346
		-0.5646 	 -0.1271 	 0.8155
		1.759 	 -4.0185 	 6.8267
	}
}
{volume "piece04"
	{box 4.07598 1.11895 41.685}
	{bone "piece04"}
	{matrix34
		0.3992 	 0.905 	 -0.1468
		-0.234 	 0.2554 	 0.9381
		0.8865 	 -0.3402 	 0.3138
		8.4186 	 -1.0343 	 -3.5213
	}
}
{volume "piece05"
	{box 4.07598 1.11895 41.685}
	{bone "piece05"}
	{matrix34
		-0.3733 	 0.8412 	 -0.3913
		-0.9217 	 -0.3841 	 0.0536
		-0.1052 	 0.3806 	 0.9187
		11.9633 	 -8.5389 	 1.9509
	}
}
{volume "piece06"
	{box 1.01502 17.2898 12.1507}
	{bone "piece06"}
	{matrix34
		-0.1679 	 -0.5727 	 -0.8024
		0.1239 	 0.7952 	 -0.5935
		0.978 	 -0.1991 	 -0.0626
		-4.2595 	 -8.9894 	 -0.2369
	}
}
{volume "piece07"
	{box 1.01502 12.6215 16.8894}
	{bone "piece07"}
	{matrix34
		-0.1045 	 0 	 -0.9945
		-0.9512 	 -0.2919 	 0.0999
		-0.2903 	 0.9565 	 0.0304
		-6.4975 	 -9.5363 	 -2.0328
	}
}
{volume "piece08"
	{box 23.5516 24.5883 1.20561}
	{bone "piece08"}
	{matrix34
		0.3501 	 -0.8303 	 -0.4336
		0.3942 	 0.5505 	 -0.7359
		0.8497 	 0.0867 	 0.5201
		-2.8463 	 -3.4357 	 -6.3489
	}
}
{volume "piece09"
	{box 2.08238 11.1985 26.7459}
	{bone "piece09"}
	{matrix34
		-0.6605 	 0.3545 	 0.6619
		-0.7149 	 -0.5662 	 -0.4102
		0.2294 	 -0.7441 	 0.6274
		8.1214 	 -0.2911 	 -4.7573
	}
}
{volume "piece10"
	{box 1.58597 14.483 28.1787}
	{bone "piece10"}
	{matrix34
		0.1694 	 -0.964 	 -0.2049
		0.5911 	 0.2658 	 -0.7615
		0.7886 	 0.0079 	 0.6149
		-2.8436 	 4.1508 	 -5.7031
	}
}
{volume "piece11"
	{box 1.58597 18.0273 28.1787}
	{bone "piece11"}
	{matrix34
		0.6757 	 0.7252 	 -0.1322
		-0.6021 	 0.4395 	 -0.6666
		-0.4253 	 0.53 	 0.7336
		-6.332 	 -2.279 	 -2.0037
	}
}
{volume "piece11_vol001"
	{box 1.58597 18.0273 28.1787}
	{bone "piece13"}
	{matrix34
		0.6757 	 0.7252 	 -0.1322
		-0.6021 	 0.4395 	 -0.6666
		-0.4253 	 0.53 	 0.7336
		8.2026 	 -4.6997 	 -6.8142
	}
}
{volume "piece12"
	{box 1.58597 14.4678 28.1787}
	{bone "piece12"}
	{matrix34
		-0.568 	 0.4909 	 -0.6607
		-0.7152 	 -0.6915 	 0.1011
		-0.4073 	 0.5299 	 0.7438
		2.2533 	 -4.2611 	 4.0572
	}
}
{volume "sub_piece01"
	{box 2.65571 2.87073 24.7854}
	{bone "sub_piece01"}
	{matrix34
		0.4135 	 0.8046 	 0.4262
		-0.6611 	 0.5872 	 -0.467
		-0.626 	 -0.0887 	 0.7747
		0.3791 	 3.8041 	 4.8742
	}
}
{volume "sub_piece02"
	{box 2.65571 2.87073 24.7854}
	{bone "sub_piece02"}
	{matrix34
		0.1468 	 0.7728 	 0.6174
		-0.9809 	 0.1943 	 -0.0099
		-0.1276 	 -0.6041 	 0.7866
		-1.6807 	 -1.3915 	 -7.4994
	}
}
{volume "sub_piece03"
	{box 2.65571 2.87073 24.7854}
	{bone "sub_piece03"}
	{matrix34
		-0.7491 	 0.58 	 0.32
		-0.6602 	 -0.6144 	 -0.432
		-0.054 	 -0.5349 	 0.8432
		5.4183 	 -6.0374 	 9.5132
	}
}
{volume "sub_piece04"
	{box 4.07598 1.11895 41.685}
	{bone "sub_piece04"}
	{matrix34
		0.7313 	 0.3989 	 -0.5532
		-0.6069 	 0.7508 	 -0.2609
		0.3113 	 0.5265 	 0.7911
		-4.1048 	 0.5289 	 -5.4573
	}
}
{volume "sub_piece05"
	{box 1.01502 4.29132 18.8571}
	{bone "sub_piece05"}
	{matrix34
		0.4708 	 -0.485 	 -0.737
		0.7051 	 -0.2952 	 0.6447
		-0.5302 	 -0.8232 	 0.203
		-3.838 	 4.2776 	 -1.3442
	}
}
{volume "sub_piece06"
	{box 1.01502 4.29132 24.4897}
	{bone "sub_piece06"}
	{matrix34
		-0.1523 	 -0.8892 	 -0.4314
		0.4055 	 -0.4543 	 0.7932
		-0.9013 	 -0.0541 	 0.4297
		6.4352 	 -2.5979 	 1.3691
	}
}
{volume "sub_piece07"
	{box 1.58597 4.56891 28.1787}
	{bone "sub_piece07"}
	{matrix34
		-0.6424 	 -0.6913 	 0.3308
		0.3937 	 0.0727 	 0.9164
		-0.6575 	 0.7189 	 0.2255
		3.1761 	 -1.0583 	 -5.6277
	}
}
{volume "sub_piece08"
	{box 1.58597 5.04764 28.1787}
	{bone "sub_piece08"}
	{matrix34
		-0.3575 	 -0.9221 	 0.148
		0.5943 	 -0.1024 	 0.7977
		-0.7204 	 0.3731 	 0.5846
		3.4772 	 0.7311 	 -6.0451
	}
}
