;Exported by	: KobaA
;Date			: 28.12.2023 15:33:31
;File			: d:\git\gem2-mdl-soldiers\models\entourage\bower\bower.max
{skeleton
	{bone "bower1_basis_piece02"
		{orientation
			1 	 0 	 0
			0 	 -1 	 0
			0 	 0 	 1
		}
		{poly "bower1_basis_piece02"}
	}
}
{"volumes"
	{"body01"
		{box 10.1785 10.4293 61.6142}
		{bone "bower1_basis_piece02"}
		{matrix34
			0.866 	 0.5 	 0
			-0.5 	 0.866 	 0
			0 	 0 	 1
			3.342 	 33.8142 	 -20.4929
		}
	}
	{"body02"
		{box 10.1785 9.4506 61.6142}
		{bone "bower1_basis_piece02"}
		{Position -19.1699 	 -5.0797 	 -20.4929}
	}
	{"body03"
		{box 43.0482 7.23737 23.7598}
		{bone "bower1_basis_piece02"}
		{matrix34
			0.5 	 0.866 	 0
			-0.866 	 0.5 	 0
			0 	 0 	 1
			-9.6971 	 16.4009 	 -39.4201
		}
	}
	{"body04"
		{box 43.0482 7.23737 23.7598}
		{bone "bower1_basis_piece02"}
		{matrix34
			0.5 	 -0.866 	 0
			0.866 	 0.5 	 0
			0 	 0 	 1
			-9.6352 	 -26.2985 	 -39.4201
		}
	}
	{"body05"
		{polyhedron}
		{bone "bower1_basis_piece02"}
		{matrix34
			-1 	 0 	 0
			0 	 -0.866 	 0.5
			0 	 0.5 	 0.866
			26.0227 	 21.583 	 25.0459
		}
	}
	{"body06"
		{polyhedron}
		{bone "bower1_basis_piece02"}
		{matrix34
			-0.5 	 -0.866 	 0
			0.75 	 -0.433 	 0.5
			-0.433 	 0.25 	 0.866
			2.1644 	 7.9088 	 25.0459
		}
	}
	{"body07"
		{polyhedron}
		{bone "bower1_basis_piece02"}
		{matrix34
			0.5 	 -0.866 	 0
			0.75 	 0.433 	 0.5
			-0.433 	 -0.25 	 0.866
			2.8125 	 -18.5142 	 25.0459
		}
	}
}
