;Exported by	: KobaA
;Date			: 28.03.2024 13:05:13
;File			: d:\git\gem2-mdl-soldiers\models\entourage\shelter_box\shelter_gr001_004_new2_gem2.max
{skeleton
	{bone "basis_gr_008"
		{orientation
			1 	 0 	 0
			0 	 -1 	 0
			0 	 0 	 1
		}
		{bone "body"
			{Position 2.1684 	 3.3951 	 7.7896}
			{poly "body"}
		}
	}
}
{"volumes"
	{"body"
		{cylinder 6.03447 15.4802}
		{bone "basis_gr_008"}
		{Position -1.5464 	 -5.5869 	 7.7401}
	}
	{"body1"
		{box 12.4136 22.2851 12.9758}
		{bone "basis_gr_008"}
		{matrix34
			-0.9962 	 -0.0872 	 0
			0.0872 	 -0.9962 	 0
			0 	 0 	 1
			-2.0722 	 13.5535 	 6.4879
		}
	}
	{"body2"
		{box 7.91603 8.39696 8.26479}
		{bone "basis_gr_008"}
		{Position -12.2049 	 -2.3416 	 4.2392}
	}
	{"body3"
		{cylinder 4.28169 15.4802}
		{bone "basis_gr_008"}
		{matrix34
			0.9397 	 0.342 	 0
			0 	 0 	 1
			0.342 	 -0.9397 	 0
			13.0278 	 -8.9222 	 4.1353
		}
	}
	{"body4"
		{box 7.91603 1.00764 8.26479}
		{bone "basis_gr_008"}
		{matrix34
			1 	 0 	 0
			0 	 0.8192 	 -0.5736
			0 	 0.5736 	 0.8192
			-13.0026 	 -9.3218 	 2.9837
		}
	}
}
