;Exported by	: KobaA
;Date			: 06.04.2023 11:44:32
;File			: D:\git\gem2-mdl-soldiers\models\flora\grapes_2\grapes_2_x.max
{skeleton
	{bone "basis_01"
		{orientation
			1 	 0 	 0
			0 	 -1 	 0
			0 	 0 	 1
		}
		{bone "piece01"
			{Position -56.9364 	 -3.3506 	 8.9437}
			{poly "piece01"}
		}
		{bone "piece02"
			{Position -57.3989 	 -3.3781 	 30.0119}
			{poly "piece02"}
		}
		{bone "piece03"
			{Position -18.1385 	 -1.6494 	 35.5851}
			{poly "piece03"}
		}
		{bone "piece04"
			{Position 21.589 	 -4.9063 	 33.9921}
			{poly "piece04"}
		}
		{bone "piece05"
			{Position 59.5425 	 -3.6977 	 28.9089}
			{poly "piece05"}
		}
		{bone "piece06"
			{Position 59.2138 	 -3.4242 	 9.217}
			{poly "piece06"}
		}
		{bone "piece07"
			{Position 20.6946 	 -3.9177 	 13.7261}
			{poly "piece07"}
		}
		{bone "piece08"
			{Position -18.014 	 -2.4498 	 13.7098}
			{poly "piece08"}
		}
	}
}
{"volumes"
	{"piece01"
		{cylinder 1.53755 25.1183}
		{bone "piece01"}
		{matrix34
			0.9985 	 0 	 0.0547
			0 	 1 	 0
			-0.0547 	 0 	 0.9985
			-0.4079 	 0 	 -0.6024
		}
	}
	{"piece02"
		{cylinder 1.29154 21.6017}
		{bone "piece02"}
		{matrix34
			0.9999 	 0 	 0.0132
			0 	 1 	 0
			-0.0132 	 0 	 0.9999
			0.0052 	 0.0523 	 0.1745
		}
	}
	{"piece03"
		{cylinder 1.0849 17.1086}
		{bone "piece03"}
		{matrix34
			0.9999 	 0 	 0.0132
			0 	 1 	 0
			-0.0132 	 0 	 0.9999
			0.1055 	 -0.0413 	 -0.0488
		}
	}
	{"piece04"
		{cylinder 1.25484 12.8386}
		{bone "piece04"}
		{matrix34
			0.9992 	 -0.0226 	 -0.0331
			0.0235 	 0.9994 	 0.0252
			0.0325 	 -0.0259 	 0.9991
			-0.0185 	 0.0364 	 0.3358
		}
	}
	{"piece05"
		{cylinder 1.02897 17.5889}
		{bone "piece05"}
		{matrix34
			0.9992 	 -0.0237 	 -0.0323
			0.0235 	 0.9997 	 -0.0091
			0.0325 	 0.0084 	 0.9994
			0.0263 	 -0.1178 	 0.6182
		}
	}
	{"piece06"
		{cylinder 1.02897 23.3932}
		{bone "piece06"}
		{matrix34
			0.9993 	 0.0217 	 0.0302
			-0.0217 	 0.9998 	 -0.001
			-0.0302 	 0.0003 	 0.9995
			0.0227 	 0.1405 	 -0.7735
		}
	}
	{"piece07"
		{cylinder 1.42627 29.6691}
		{bone "piece07"}
		{matrix34
			0.9996 	 -0.0223 	 -0.0198
			0.0231 	 0.9987 	 0.0456
			0.0187 	 -0.0461 	 0.9988
			0.1863 	 0.2531 	 -0.84
		}
	}
	{"piece08"
		{cylinder 1.29661 29.0845}
		{bone "piece08"}
		{matrix34
			0.9999 	 0 	 0.0132
			0.0008 	 0.9981 	 -0.0616
			-0.0132 	 0.0616 	 0.998
			0.0333 	 -0.1377 	 -1.1265
		}
	}
}
