;Exported by	: joomb
;Date			: 13.04.2023 16:25:31
;File			: H:\git\gem2-mdl-soldiers\models\building\building_ua01\building_07_v2_BBB.max
{skeleton
	{bone "b_ua_07_piece10"
		{orientation
			1 	 0 	 0
			0 	 -1 	 0
			0 	 0 	 1
		}
		{poly "b_ua_07_piece10"}
		{bone "fix03"
			{Position 31.5559 	 69.8991 	 -48.8986}
		}
		{bone "fix04"
			{Position 9.5416 	 -71.8881 	 -48.8986}
		}
	}
}
{"volumes"
	{"roof01"
		{box 48.2542 1.9685 10.7685}
		{bone "b_ua_07_piece10"}
		{matrix34
			1 	 0 	 0
			0 	 0.7573 	 -0.6531
			0 	 0.6531 	 0.7573
			-2.8263 	 -33.2804 	 -5.3103
		}
	}
	{"roof02"
		{box 107.824 1.9685 10.7685}
		{bone "b_ua_07_piece10"}
		{matrix34
			1 	 0 	 0
			0 	 0.7573 	 -0.6531
			0 	 0.6531 	 0.7573
			11.4255 	 -26.4887 	 2.5655
		}
	}
	{"roof03"
		{box 107.824 1.9685 8.83019}
		{bone "b_ua_07_piece10"}
		{matrix34
			1 	 0 	 0
			0 	 0.7573 	 -0.6531
			0 	 0.6531 	 0.7573
			12.6553 	 -20.7266 	 9.2473
		}
	}
	{"roof04"
		{box 87.3375 1.9685 24.7245}
		{bone "b_ua_07_piece10"}
		{matrix34
			1 	 0 	 0
			0 	 0.7573 	 -0.6531
			0 	 0.6531 	 0.7573
			2.3303 	 -10.614 	 20.9739
		}
	}
	{"roof05"
		{box 87.3375 1.9685 24.7245}
		{bone "b_ua_07_piece10"}
		{matrix34
			-1 	 0 	 0
			0 	 -0.7573 	 -0.6531
			0 	 -0.6531 	 0.7573
			2.3303 	 7.6296 	 20.9739
		}
	}
	{"roof06"
		{box 100.972 1.9685 19.0379}
		{bone "b_ua_07_piece10"}
		{matrix34
			-1 	 0 	 0
			0 	 -0.7573 	 -0.6531
			0 	 -0.6531 	 0.7573
			8.5611 	 22.3428 	 4.75
		}
	}
	{"roof07"
		{box 37.3596 1.9685 20.1802}
		{bone "b_ua_07_piece10"}
		{matrix34
			-1 	 0 	 0
			0 	 -0.7573 	 -0.6531
			0 	 -0.6531 	 0.7573
			-12.1334 	 35.0866 	 -10.0279
		}
	}
	{"roof08"
		{box 47.4568 1.9685 19.0379}
		{bone "b_ua_07_piece10"}
		{matrix34
			0 	 -1 	 0
			0.7573 	 0 	 -0.6531
			0.6531 	 0 	 0.7573
			-45.7406 	 -0.3819 	 -0.2255
		}
	}
}
