;Exported by:	 tolokolnikova
;Date:			 05.04.2016 16:55:25
;File:			 D:\gem2\gem2-mdl-soldiers\models\entourage\baricade\baricade_2010.max
{skeleton
	{bone "barrage3b_g2_x"
		{orientation
			1 	 0 	 0
			0 	 -1 	 0
			0 	 0 	 1
		}
		{bone "piece02"
			{Position -0.2881 	 -24.5021 	 10.3392}
			{poly "piece02"}
		}
		{bone "piece03"
			{Position -4.1041 	 20.7428 	 10.172}
			{poly "piece03"}
		}
		{bone "piece04"
			{Position -0.7195 	 -60.8446 	 10.1437}
			{poly "piece04"}
		}
		{bone "piece05"
			{Position 4.4365 	 -58.8029 	 5.4054}
			{poly "piece05"}
		}
		{bone "piece06"
			{Position 3.1578 	 59.4566 	 6.4435}
			{poly "piece06"}
		}
		{bone "piece01"
			{Position -1.4158 	 61.5328 	 11.7797}
			{poly "piece01"}
		}
	}
}
{volume "piece01"
	{cylinder 1.89898 40.358}
	{bone "piece01"}
	{matrix34
		0.9176 	 0.0298 	 0.3964
		-0.0189 	 0.9993 	 -0.0314
		-0.397 	 0.0213 	 0.9176
		-0.3838 	 0.1725 	 -0.0811
	}
}
{volume "piece02"
	{cylinder 1.53727 36.7304}
	{bone "piece02"}
	{matrix34
		0.9467 	 -0.0124 	 0.3219
		-0.0032 	 0.9988 	 0.0479
		-0.3222 	 -0.0464 	 0.9455
		0.1031 	 0.0823 	 -0.1055
	}
}
{volume "piece03"
	{cylinder 1.89898 40.358}
	{bone "piece03"}
	{matrix34
		0.8152 	 -0.2253 	 0.5335
		0.2586 	 0.9659 	 0.0127
		-0.5182 	 0.1276 	 0.8457
		-0.1404 	 0.1909 	 0.0764
	}
}
{volume "piece04"
	{cylinder 2.26069 34.9165}
	{bone "piece04"}
	{matrix34
		0.9583 	 -0.018 	 0.2852
		0.0023 	 0.9985 	 0.0552
		-0.2857 	 -0.0522 	 0.9569
		-0.3177 	 -0.2142 	 -0.5697
	}
}
{volume "piece05"
	{cylinder 1.55988 28.2824}
	{bone "piece05"}
	{matrix34
		0.7754 	 -0.018 	 -0.6312
		0.0469 	 0.9985 	 0.0292
		0.6297 	 -0.0522 	 0.7751
		-0.0931 	 0.2157 	 -0.0824
	}
}
{volume "piece06"
	{cylinder 1.3103 28.2824}
	{bone "piece06"}
	{matrix34
		0.8157 	 -0.1063 	 -0.5687
		0.0449 	 0.9916 	 -0.121
		0.5768 	 0.0732 	 0.8136
		0.2608 	 0.1345 	 0.0227
	}
}
