;Exported by:	 tolokolnikova
;Date:			 27.06.2017 14:38:46
;File:			 D:\gem2\gem2-mdl-soldiers\models\building\house_D\D_004_x_fort.max
{skeleton
	{bone "d004_piece14_point"
		{orientation
			1 	 0 	 0
			0 	 -1 	 0
			0 	 0 	 1
		}
		{bone "piece01"
			{Position -0.627 	 -25.7135 	 -11.6384}
			{poly "piece01"}
		}
		{bone "sub_piece01"
			{matrix34
				0.866 	 0 	 -0.5
				0 	 1 	 0
				0.5 	 0 	 0.866
				17.7945 	 -25.8961 	 17.8344
			}
			{poly "sub_piece01"}
		}
		{bone "piece02"
			{Position 16.697 	 -25.7212 	 0.1156}
			{poly "piece02"}
		}
		{bone "piece03"
			{Position 23.423 	 10.3784 	 12.1212}
			{poly "piece03"}
		}
		{bone "piece04"
			{Position 23.7896 	 -16.5607 	 19.8877}
			{poly "piece04"}
		}
		{bone "piece05"
			{Position 23.7942 	 -5.7081 	 -0.7391}
			{poly "piece05"}
		}
		{bone "sub_piece02"
			{matrix34
				1 	 0 	 0
				0 	 0.9659 	 -0.2588
				0 	 0.2588 	 0.9659
				23.7896 	 -22.1033 	 1.7814
			}
			{poly "sub_piece02"}
		}
		{bone "sub_piece03"
			{matrix34
				1 	 0 	 0
				0 	 -0.342 	 0.9397
				0 	 -0.9397 	 -0.342
				23.7258 	 -17.8943 	 -17.3909
			}
			{poly "sub_piece03"}
		}
		{bone "sub_piece04"
			{Position 23.8074 	 14.4424 	 -6.4282}
			{poly "sub_piece04"}
		}
		{bone "sub_piece05"
			{matrix34
				1 	 0 	 0
				0 	 -0.342 	 0.9397
				0 	 -0.9397 	 -0.342
				23.7258 	 -1.4625 	 -17.632
			}
			{poly "sub_piece05"}
		}
	}
}
{volume "piece01"
	{box 5.90551 28.7708 17.978}
	{bone "piece01"}
	{matrix34
		0 	 -1 	 0
		0.8192 	 0 	 -0.5736
		0.5736 	 0 	 0.8192
		-1.4035 	 -0.4263 	 -0.0924
	}
}
{volume "piece02"
	{box 5.90551 13.9966 18.3275}
	{bone "piece02"}
	{matrix34
		0 	 1 	 0
		-0.8192 	 0 	 -0.5736
		-0.5736 	 0 	 0.8192
		-0.3597 	 0.1064 	 0.1947
	}
}
{volume "piece03"
	{box 5.90551 19.3153 14.4363}
	{bone "piece03"}
	{Position 0 	 1.3422 	 -0.418}
}
{volume "piece04"
	{box 5.90551 13.9966 17.4548}
	{bone "piece04"}
	{matrix34
		1 	 0 	 0
		0 	 0.8192 	 0.5736
		0 	 -0.5736 	 0.8192
		0 	 1.2507 	 1.6728
	}
}
{volume "piece05"
	{box 5.90551 13.1776 19.422}
	{bone "piece05"}
	{matrix34
		1 	 0 	 0
		0 	 0.9848 	 0.1736
		0 	 -0.1736 	 0.9848
		0 	 -0.6393 	 -0.5972
	}
}
{volume "sub_piece01"
	{box 5.90551 13.9966 13.1239}
	{bone "sub_piece01"}
	{matrix34
		0 	 -1 	 0
		1 	 0 	 0
		0 	 0 	 1
		0.2837 	 0 	 -0.0234
	}
}
{volume "sub_piece02"
	{box 5.90551 13.9966 16.2737}
	{bone "sub_piece02"}
	{matrix34
		1 	 0 	 0
		0 	 0.9397 	 0.342
		0 	 -0.342 	 0.9397
		0 	 0.277 	 -0.1227
	}
}
{volume "sub_piece03"
	{box 5.90551 13.9966 8.79302}
	{bone "sub_piece03"}
	{matrix34
		1 	 0 	 0
		0 	 0.8192 	 -0.5736
		0 	 0.5736 	 0.8192
		0 	 0.2145 	 0.4139
	}
}
{volume "sub_piece04"
	{box 5.90551 13.1776 12.6243}
	{bone "sub_piece04"}
	{matrix34
		1 	 0 	 0
		0 	 0.9848 	 -0.1736
		0 	 0.1736 	 0.9848
		0 	 0.0456 	 2.5912
	}
}
{volume "sub_piece05"
	{box 5.90551 9.9376 9.14474}
	{bone "sub_piece05"}
	{matrix34
		1 	 0 	 0
		0 	 0.8192 	 -0.5736
		0 	 0.5736 	 0.8192
		0 	 0.3806 	 0.0324
	}
}
