;Exported by	: KobaA
;Date			: 05.03.2024 10:29:12
;File			: d:\git\gem2-mdl-soldiers\models\building\house_40\house_40_new_cut_x.max
{skeleton
	{bone "house_40_g2_piece_013_x"
		{orientation
			1 	 0 	 0
			0 	 -1 	 0
			0 	 0 	 1
		}
		{bone "sub_piece01"
			{matrix34
				0 	 1 	 0
				0.0872 	 0 	 -0.9962
				-0.9962 	 0 	 -0.0872
				14.5323 	 20.6694 	 5.233
			}
			{poly "sub_piece01"}
		}
		{bone "piece01"
			{matrix34
				0 	 -1 	 0
				-0.342 	 0 	 -0.9397
				0.9397 	 0 	 -0.342
				0.8972 	 20.6694 	 7.9422
			}
			{poly "piece01"}
		}
		{bone "sub_piece02"
			{matrix34
				0 	 -1 	 0
				-0.5 	 0 	 0.866
				-0.866 	 0 	 -0.5
				-13.2104 	 20.6694 	 7.7081
			}
			{poly "sub_piece02"}
		}
	}
}
{"volumes"
	{"piece01"
		{box 5.9055 7.19114 11.811}
		{bone "piece01"}
		{matrix34
			1 	 0 	 0
			0 	 0.9397 	 0.342
			0 	 -0.342 	 0.9397
			0 	 -0.5751 	 0.0973
		}
	}
	{"sub_piece02"
		{box 5.9055 4.38444 5.55118}
		{bone "sub_piece02"}
		{Position 0 	 0.0437 	 0.1881}
	}
	{"sup_piece01"
		{box 5.9055 4.02704 6.49158}
		{bone "sub_piece01"}
		{Position 0 	 -0.4081 	 -0.0536}
	}
}
