;Exported by:	 tolokolnikova
;Date:			 23.03.2018 09:15:38
;File:			 D:\gem2\gem2-mdl-soldiers\models\building\building_ua01\building_06_v2_x.max
{skeleton
	{bone "b_ua_06_piece10_point"
		{orientation
			1 	 0 	 0
			0 	 -1 	 0
			0 	 0 	 1
		}
		{bone "piece01"
			{matrix34
				0.34 	 -0.9404 	 0
				0.7704 	 0.2785 	 -0.5736
				0.5394 	 0.195 	 0.8192
				-3.8745 	 -16.8674 	 -2.6955
			}
			{poly "piece01"}
		}
		{bone "sub_piece04"
			{matrix34
				1 	 0 	 0
				0 	 0.8192 	 -0.5736
				0 	 0.5736 	 0.8192
				20.9516 	 -33.7405 	 -4.4981
			}
			{poly "sub_piece04"}
		}
		{bone "sub_piece01"
			{matrix34
				0.9063 	 -0.0147 	 -0.4224
				-0.2144 	 0.8452 	 -0.4895
				-0.3642 	 -0.5342 	 -0.7629
				-4.6949 	 -34.9413 	 -16.1533
			}
			{poly "sub_piece01"}
		}
		{bone "sub_piece02"
			{matrix34
				-0.9063 	 -0.0147 	 0.4224
				0.2144 	 0.8452 	 0.4895
				-0.3642 	 0.5342 	 -0.7629
				-2.9008 	 32.0683 	 -11.5195
			}
			{poly "sub_piece02"}
		}
		{bone "sub_piece03"
			{matrix34
				-0.8474 	 0.1231 	 0.5165
				0.2446 	 0.9539 	 0.174
				-0.4713 	 0.2737 	 -0.8384
				-9.7861 	 20.9143 	 -16.604
			}
			{poly "sub_piece03"}
		}
		{bone "sub_piece05"
			{matrix34
				-1 	 0.0003 	 0
				-0.0003 	 -0.8192 	 -0.5736
				-0.0002 	 -0.5736 	 0.8192
				16.0649 	 21.9496 	 9.2324
			}
			{poly "sub_piece05"}
		}
		{bone "sub_piece06"
			{matrix34
				-1 	 0.0003 	 0
				-0.0003 	 -0.8192 	 -0.5736
				-0.0002 	 -0.5736 	 0.8192
				16.0706 	 38.9772 	 -15.0855
			}
			{poly "sub_piece06"}
		}
	}
}
{volume "piece01"
	{box 2.95276 2.95276 25.5093}
	{bone "piece01"}
	{Position -0.7323 	 0.234 	 -2.2885}
}
{volume "sub_piece01"
	{box 2.95276 2.95276 18.8769}
	{bone "sub_piece01"}
	{matrix34
		0.9797 	 -0.2006 	 -0.0005
		0.2005 	 0.9794 	 0.0217
		0.0039 	 0.0213 	 -0.9998
		0.0882 	 -0.0796 	 -0.6758
	}
}
{volume "sub_piece02"
	{box 2.95276 2.95276 32.907}
	{bone "sub_piece02"}
	{matrix34
		0.0434 	 -0.9991 	 0.0037
		-0.9989 	 -0.0434 	 0.0151
		-0.0149 	 -0.0043 	 -0.9999
		0.294 	 0.0299 	 -0.2598
	}
}
{volume "sub_piece03"
	{box 2.95276 2.95276 32.907}
	{bone "sub_piece03"}
	{matrix34
		0.0889 	 -0.996 	 -0.0121
		-0.996 	 -0.0889 	 -0.0018
		0.0008 	 0.0122 	 -0.9999
		0.0259 	 -0.0452 	 -5.614
	}
}
{volume "sub_piece04"
	{box 2.95276 2.95276 25.5093}
	{bone "sub_piece04"}
	{Position -0.6745 	 0.234 	 -2.4174}
}
{volume "sub_piece05"
	{box 2.95276 2.95276 25.5093}
	{bone "sub_piece05"}
	{Position -0.7323 	 0.234 	 -3.376}
}
{volume "sub_piece06"
	{box 2.95276 2.95276 25.5093}
	{bone "sub_piece06"}
	{Position -0.7323 	 0.234 	 -3.376}
}
