;Exported by:	 joomb
;Date:			 10.08.2022 14:58:57
;File:			 D:\git\gem2-mdl-soldiers\models\fence\sandbag_woodbeam\meshki4_wood1_001_g2_x.max
{skeleton
	{bone "sd4_point"
		{orientation
			1 	 0 	 0
			0 	 -1 	 0
			0 	 0 	 1
		}
		{bone "fx_wood1"
			{Position -0.3235 	 -4.0526 	 39.7057}
		}
		{bone "fx_wood2"
			{parameters "lastpose=undefined;"}
			{Position -0.3235 	 3.4198 	 39.7057}
		}
		{bone "piece01"
			{matrix34
				-0.9623 	 -0.2578 	 0.0872
				0.2588 	 -0.9659 	 0
				0.0842 	 0.0226 	 0.9962
				30.0032 	 22.6753 	 42.7945
			}
			{poly "piece01"}
		}
		{bone "piece02"
			{matrix34
				-0.9623 	 -0.2578 	 0.0872
				0.2588 	 -0.9659 	 0
				0.0842 	 0.0226 	 0.9962
				-11.1438 	 28.1419 	 42.7945
			}
			{poly "piece02"}
		}
		{bone "piece03"
			{matrix34
				-0.9623 	 -0.2578 	 0.0872
				0.2588 	 -0.9659 	 0
				0.0842 	 0.0226 	 0.9962
				20.7079 	 -2.246 	 42.7945
			}
			{poly "piece03"}
		}
		{bone "piece04"
			{matrix34
				-0.9623 	 -0.2578 	 0.0872
				0.2588 	 -0.9659 	 0
				0.0842 	 0.0226 	 0.9962
				29.0875 	 -29.4547 	 42.7945
			}
			{poly "piece04"}
		}
		{bone "piece05"
			{matrix34
				-0.9623 	 -0.2578 	 0.0872
				0.2588 	 -0.9659 	 0
				0.0842 	 0.0226 	 0.9962
				-24.4115 	 -26.8956 	 42.7945
			}
			{poly "piece05"}
		}
		{bone "piece06"
			{matrix34
				-0.9623 	 -0.2578 	 0.0872
				0.2588 	 -0.9659 	 0
				0.0842 	 0.0226 	 0.9962
				-18.9599 	 -7.6526 	 42.7945
			}
			{poly "piece06"}
		}
		{bone "piece07"
			{matrix34
				-0.9623 	 -0.2578 	 0.0872
				0.2588 	 -0.9659 	 0
				0.0842 	 0.0226 	 0.9962
				-17.7096 	 14.5209 	 42.7945
			}
			{poly "piece07"}
		}
		{bone "piece08"
			{matrix34
				0 	 -1 	 0
				1 	 0 	 0
				0 	 0 	 1
				-1.3531 	 -23.3716 	 41.04
			}
			{poly "piece08"}
		}
		{bone "piece09"
			{matrix34
				0.9962 	 -0.0872 	 0
				0.0872 	 0.9962 	 0
				0 	 0 	 1
				18.6882 	 1.5002 	 39.4096
			}
			{poly "piece09"}
		}
		{bone "piece10"
			{matrix34
				0 	 -1 	 0
				1 	 0 	 0
				0 	 0 	 1
				-20.4072 	 -1.9805 	 39.9716
			}
			{poly "piece10"}
		}
		{bone "piece11"
			{matrix34
				0 	 -1 	 0
				1 	 0 	 0
				0 	 0 	 1
				-28.1176 	 -1.9805 	 39.9716
			}
			{poly "piece11"}
		}
	}
}
{volume "piece01"
	{box 13.505 9.93109 4.41866}
	{bone "piece01"}
	{matrix34
		-0.0868 	 -0.9962 	 0.0076
		0.9924 	 -0.0872 	 -0.0868
		0.0872 	 0 	 0.9962
		-0.2249 	 0.358 	 -0.6985
	}
}
{volume "piece02"
	{box 13.505 9.93109 4.41866}
	{bone "piece02"}
	{matrix34
		-0.0868 	 -0.9962 	 0.0076
		0.9924 	 -0.0872 	 -0.0868
		0.0872 	 0 	 0.9962
		-0.2249 	 0.358 	 -0.6985
	}
}
{volume "piece03"
	{box 13.505 9.93109 4.41866}
	{bone "piece03"}
	{matrix34
		-0.0868 	 -0.9962 	 0.0076
		0.9924 	 -0.0872 	 -0.0868
		0.0872 	 0 	 0.9962
		-0.2249 	 0.358 	 -0.6985
	}
}
{volume "piece04"
	{box 13.505 9.93109 4.41866}
	{bone "piece04"}
	{matrix34
		-0.0868 	 -0.9962 	 0.0076
		0.9924 	 -0.0872 	 -0.0868
		0.0872 	 0 	 0.9962
		-0.2249 	 0.358 	 -0.6985
	}
}
{volume "piece05"
	{box 13.505 9.93109 4.41866}
	{bone "piece05"}
	{matrix34
		-0.0868 	 -0.9962 	 0.0076
		0.9924 	 -0.0872 	 -0.0868
		0.0872 	 0 	 0.9962
		-0.2249 	 0.358 	 -0.6985
	}
}
{volume "piece06"
	{box 13.505 9.93109 4.41866}
	{bone "piece06"}
	{matrix34
		-0.0868 	 -0.9962 	 0.0076
		0.9924 	 -0.0872 	 -0.0868
		0.0872 	 0 	 0.9962
		-0.2249 	 0.358 	 -0.6985
	}
}
{volume "piece07"
	{box 13.505 9.93109 4.41866}
	{bone "piece07"}
	{matrix34
		-0.0868 	 -0.9962 	 0.0076
		0.9924 	 -0.0872 	 -0.0868
		0.0872 	 0 	 0.9962
		-0.2249 	 0.358 	 -0.6985
	}
}
{volume "piece08"
	{box 3.11414 70.2197 1.46931}
	{bone "piece08"}
	{matrix34
		-1 	 0 	 0
		0 	 -1 	 0
		0 	 0 	 1
		-0.2706 	 0.3963 	 0.0899
	}
}
{volume "piece09"
	{box 3.11414 70.2197 1.46931}
	{bone "piece09"}
	{Position 0.1105 	 0.2063 	 0.479}
}
{volume "piece10"
	{box 6.89085 42.7206 1.46931}
	{bone "piece10"}
	{matrix34
		0 	 1 	 0
		-1 	 0 	 0
		0 	 0 	 1
		-15.2622 	 0.0932 	 -0.083
	}
}
{volume "piece11"
	{box 7.2354 27.7684 1.46931}
	{bone "piece11"}
	{matrix34
		0 	 1 	 0
		-1 	 0 	 0
		0 	 0 	 1
		22.1505 	 0.0932 	 -0.083
	}
}
