;Exported by	: KobaA
;Date			: 12.01.2024 13:51:00
;File			: d:\git\gem2-mdl-soldiers\models\building\house_001b_g2\house_001b_g2_x.max
{skeleton
	{bone "house_001b_piece_006_x"
		{orientation
			1 	 0 	 0
			0 	 -1 	 0
			0 	 0 	 1
		}
		{bone "sub_piece05"
			{Position -16.7323 	 -1.4792 	 28.6529}
			{poly "sub_piece05"}
		}
		{bone "piece03"
			{Position -16.7323 	 -11.1504 	 35.1334}
			{poly "piece03"}
		}
		{bone "sub_piece00"
			{Position 18.5309 	 -16.7323 	 35.9829}
			{poly "sub_piece00"}
		}
		{bone "sub_piece06"
			{Position 7.3503 	 -16.7323 	 36.3751}
			{poly "sub_piece06"}
		}
		{bone "sub_piece03"
			{matrix34
				0.0436 	 0 	 0.999
				0 	 1 	 0
				-0.999 	 0 	 0.0436
				9.5475 	 -16.7323 	 24.5683
			}
			{poly "sub_piece03"}
		}
		{bone "sub_piece04"
			{Position -6.0914 	 -16.7323 	 34.5692}
			{poly "sub_piece04"}
		}
		{bone "debris_land_006"
			{parameters "land;ground;"}
			{matrix34
				0 	 1 	 0
				-1 	 0 	 0
				0 	 0 	 1
				11.2762 	 -29.4567 	 0.2608
			}
			{poly "debris_land_006" {ground}}
		}
		{bone "stones_006"
			{parameters "land;ground;"}
			{matrix34
				0 	 1 	 0
				-1 	 0 	 0
				0 	 0 	 1
				11.2762 	 -29.4433 	 0.2608
			}
			{poly "stones_006" {ground}}
		}
		{bone "wall_006"
			{Position 3.7707 	 5.401 	 7.5513}
			{poly "wall_006"}
		}
		{bone revolute "attach1"
			{matrix34
				0 	 -1 	 0
				1 	 0 	 0
				0 	 0 	 1
				11.5012 	 -3.2484 	 0.2483
			}
		}
		{bone "fort_wall"
			{matrix34
				-1 	 0 	 0
				0 	 -1 	 0
				0 	 0 	 1
				3.268 	 -25.5063 	 5.8761
			}
		}
		{bone revolute "attach2"
			{matrix34
				0 	 1 	 0
				-1 	 0 	 0
				0 	 0 	 1
				-6.9182 	 -3.2484 	 0.2483
			}
		}
	}
}
{"volumes"
	{"piece03_volume001"
		{box 5.90551 10.4777 13.6134}
		{bone "piece03"}
		{matrix34
			-1 	 0 	 0
			0 	 0.9397 	 -0.342
			0 	 -0.342 	 -0.9397
			-0.007 	 -0.937 	 -2.4347
		}
	}
	{"sub_piece00_volume001"
		{box 5.90551 11.0348 14.4988}
		{bone "sub_piece00"}
		{matrix34
			0 	 -1 	 0
			0.9537 	 0 	 0.3007
			-0.3007 	 0 	 0.9537
			-0.1979 	 -0.0567 	 -0.5092
		}
	}
	{"sub_piece03_volume001"
		{box 5.90551 8.82785 13.5756}
		{bone "sub_piece03"}
		{matrix34
			0 	 -1 	 0
			0.9537 	 0 	 0.3007
			-0.3007 	 0 	 0.9537
			0.3931 	 -0.0567 	 0.9944
		}
	}
	{"sub_piece04_volume001"
		{box 5.90551 14.5639 19.1949}
		{bone "sub_piece04"}
		{matrix34
			0 	 -1 	 0
			-0.4617 	 0 	 -0.887
			0.887 	 0 	 -0.4617
			-2.8225 	 -0.0565 	 -2.7098
		}
	}
	{"sub_piece05_volume001"
		{box 5.90551 14.5642 12.0743}
		{bone "sub_piece05"}
		{matrix34
			-1 	 0 	 0
			0 	 0 	 -1
			0 	 -1 	 0
			-0.007 	 1.2042 	 -0.8022
		}
	}
	{"sub_piece06_volume001"
		{box 5.90551 11.0348 6.95941}
		{bone "sub_piece06"}
		{matrix34
			0 	 -1 	 0
			0.6428 	 0 	 0.766
			-0.766 	 0 	 0.6428
			0.5313 	 -0.0567 	 0.372
		}
	}
	{"target_vol_01"
		{box 9.84252 9.84252 15.6501}
		{bone "house_001b_piece_006_x"}
		{matrix34
			0 	 -1 	 0
			1 	 0 	 0
			0 	 0 	 1
			11.5012 	 -15.9605 	 18.4482
		}
	}
	{"target_vol_02"
		{box 9.84252 9.84252 15.6501}
		{bone "house_001b_piece_006_x"}
		{matrix34
			0 	 -1 	 0
			1 	 0 	 0
			0 	 0 	 1
			-6.9182 	 -3.2484 	 18.4482
		}
	}
	{"vol_014"
		{box 5.90551 23.6354 27.1289}
		{bone "wall_006"}
		{matrix34
			-1 	 0 	 0
			0 	 -1 	 0
			0 	 0 	 1
			-20.517 	 7.0233 	 -5.7425
		}
	}
	{"vol_015"
		{box 5.90551 21.3754 37.9137}
		{bone "wall_006"}
		{matrix34
			-1 	 0 	 0
			0 	 -1 	 0
			0 	 0 	 1
			-20.517 	 -14.4037 	 -0.3501
		}
	}
	{"vol_016"
		{box 5.90551 9.40518 34.1933}
		{bone "wall_006"}
		{matrix34
			0 	 -1 	 0
			1 	 0 	 0
			0 	 0 	 1
			-13.8631 	 -22.1382 	 -2.2103
		}
	}
	{"vol_017"
		{box 5.90551 25.2059 28.2533}
		{bone "wall_006"}
		{matrix34
			0 	 -1 	 0
			1 	 0 	 0
			0 	 0 	 1
			2.2621 	 -22.1382 	 -5.1803
		}
	}
	{"vol_018"
		{box 5.90551 8.31794 32.9285}
		{bone "wall_006"}
		{matrix34
			0 	 -1 	 0
			1 	 0 	 0
			0 	 0 	 1
			18.5992 	 -22.1382 	 -2.8427
		}
	}
}
