;Exported by	: KobaA
;Date			: 12.01.2024 13:48:11
;File			: d:\git\gem2-mdl-soldiers\models\building\house_001b_g2\house_001b_g2_x.max
{skeleton
	{bone "house_001b_piece_014_x"
		{orientation
			1 	 0 	 0
			0 	 -1 	 0
			0 	 0 	 1
		}
		{bone "piece02"
			{matrix34
				0 	 -1 	 0
				0.766 	 0 	 0.6428
				-0.6428 	 0 	 0.766
				-0.9917 	 0.4954 	 13.3279
			}
			{poly "piece02"}
		}
		{bone "sub_piece00"
			{matrix34
				0 	 -1 	 0
				0.766 	 0 	 0.6428
				-0.6428 	 0 	 0.766
				-15.2447 	 2.3812 	 3.1453
			}
			{poly "sub_piece00"}
		}
		{bone "piece00"
			{matrix34
				0 	 -1 	 0
				1 	 0 	 0
				0 	 0 	 1
				-16.7323 	 4.4563 	 -11.0012
			}
			{poly "piece00"}
		}
		{bone "sub_piece04"
			{Position 1.7457 	 -16.7323 	 1.4195}
			{poly "sub_piece04"}
		}
		{bone "sub_piece02"
			{Position -9.9627 	 -16.7323 	 6.9322}
			{poly "sub_piece02"}
		}
		{bone "piece01"
			{Position 1.2325 	 -16.7323 	 -12.2243}
			{poly "piece01"}
		}
		{bone "sub_piece03"
			{Position -10.9904 	 -16.7323 	 -11.5938}
			{poly "sub_piece03"}
		}
		{bone "sub_piece05"
			{matrix34
				1 	 0 	 0
				0 	 -1 	 0
				0 	 0 	 -1
				-2.6921 	 13.6467 	 -4.444
			}
			{poly "sub_piece05"}
		}
		{bone "sub_piece01"
			{Position 14.4549 	 -16.7323 	 -2.7867}
			{poly "sub_piece01"}
		}
		{bone "piece03"
			{Position 4.6825 	 -16.7323 	 17.8576}
			{poly "piece03"}
		}
	}
}
{"volumes"
	{"piece00_volume001"
		{box 5.90551 31.408 14.9374}
		{bone "piece00"}
		{matrix34
			0 	 -1 	 0
			1 	 0 	 0
			0 	 0 	 1
			0.5256 	 0.046 	 2.3347
		}
	}
	{"piece01_volume001"
		{box 5.90551 12.2979 15.8635}
		{bone "piece01"}
		{matrix34
			0 	 -1 	 0
			0.9397 	 0 	 0.342
			-0.342 	 0 	 0.9397
			0.4578 	 -0.0873 	 0.0811
		}
	}
	{"piece02_volume001"
		{box 2.3622 2.3622 30.1456}
		{bone "piece02"}
		{matrix34
			0 	 0.866 	 -0.5
			0 	 -0.5 	 -0.866
			-1 	 0 	 0
			0.1052 	 3.2772 	 -0.5371
		}
	}
	{"piece03_volume001"
		{box 5.90551 16.516 12.1134}
		{bone "piece03"}
		{matrix34
			0 	 -1 	 0
			-0.766 	 0 	 -0.6428
			0.6428 	 0 	 -0.766
			0.6858 	 -0.0872 	 -0.8696
		}
	}
	{"sub_piece00_volume001"
		{box 14.6248 0.984252 14.6338}
		{bone "sub_piece00"}
		{matrix34
			0 	 1 	 0
			0 	 0 	 -1
			-1 	 0 	 0
			0.7022 	 0.0136 	 0.1818
		}
	}
	{"sub_piece01_volume001"
		{box 5.90551 10.4532 15.8635}
		{bone "sub_piece01"}
		{matrix34
			0 	 -1 	 0
			0.9962 	 0 	 -0.0871
			0.0871 	 0 	 0.9962
			-0.5963 	 -0.0873 	 -0.8378
		}
	}
	{"sub_piece02_volume001"
		{box 5.90551 16.516 8.60051}
		{bone "sub_piece02"}
		{matrix34
			0 	 -1 	 0
			-0.766 	 0 	 -0.6428
			0.6428 	 0 	 -0.766
			-0.2849 	 -0.0872 	 -0.6452
		}
	}
	{"sub_piece03_volume001"
		{box 5.90551 17.5885 8.81307}
		{bone "sub_piece03"}
		{matrix34
			0 	 -1 	 0
			0.5736 	 0 	 -0.8191
			0.8191 	 0 	 0.5736
			-0.4888 	 -0.0872 	 1.67
		}
	}
	{"sub_piece04_volume001"
		{box 5.90551 10.4532 13.1667}
		{bone "sub_piece04"}
		{matrix34
			0 	 -1 	 0
			0.9659 	 0 	 -0.2588
			0.2588 	 0 	 0.9659
			0.815 	 -0.0872 	 0.8749
		}
	}
	{"sub_piece05_volume001"
		{box 2.3622 2.3622 35.5718}
		{bone "sub_piece05"}
		{matrix34
			0 	 1 	 0
			0 	 0 	 1
			1 	 0 	 0
			-1.1009 	 0.0791 	 -0.0054
		}
	}
}
