;Exported by	: joomb
;Date			: 13.04.2023 16:25:31
;File			: H:\git\gem2-mdl-soldiers\models\building\building_ua01\building_07_v2_BBB.max
{skeleton
	{bone "b_ua_07_piece04"
		{orientation
			1 	 0 	 0
			0 	 -1 	 0
			0 	 0 	 1
		}
		{poly "b_ua_07_piece04"}
		{bone "window"
			{matrix34
				1 	 0 	 0
				0 	 -1 	 0
				0 	 0 	 1
				0.6678 	 32.3753 	 -28.3055
			}
			{poly "window"}
		}
		{bone "window_x"
			{matrix34
				1 	 0 	 0
				0 	 -1 	 0
				0 	 0 	 1
				0.6678 	 32.3753 	 -28.3055
			}
			{poly "window_x"}
		}
		{bone "fort_wall"
			{Position 16.3192 	 41.3539 	 -48.8048}
		}
		{bone revolute "attach1"
			{matrix34
				0 	 1 	 0
				-1 	 0 	 0
				0 	 0 	 1
				-3.2813 	 15.5188 	 -50.5299
			}
		}
		{bone "fort_window"
			{matrix34
				0 	 -1 	 0
				1 	 0 	 0
				0 	 0 	 1
				0.6681 	 38.3941 	 -27.045
			}
		}
	}
}
{"volumes"
	{"body01"
		{box 53.1126 5.90551 14.6188}
		{bone "b_ua_07_piece04"}
		{matrix34
			0 	 1 	 0
			-1 	 0 	 0
			0 	 0 	 1
			34.4975 	 8.7854 	 -53.7157
		}
	}
	{"body02"
		{box 57.6974 5.90551 18.7121}
		{bone "b_ua_07_piece04"}
		{matrix34
			0 	 1 	 0
			-1 	 0 	 0
			0 	 0 	 1
			34.4975 	 6.0668 	 -28.2993
		}
	}
	{"body03"
		{box 48.0069 5.90551 9.06366}
		{bone "b_ua_07_piece04"}
		{matrix34
			0 	 1 	 0
			-1 	 0 	 0
			0 	 0 	 1
			34.4975 	 10.8528 	 -42.0807
		}
	}
	{"body04"
		{box 60.4944 5.90551 4.86514}
		{bone "b_ua_07_piece04"}
		{matrix34
			0 	 1 	 0
			-1 	 0 	 0
			0 	 0 	 1
			34.4975 	 3.6833 	 -7.7063
		}
	}
	{"body04_vol001"
		{box 49.6054 5.90551 4.86514}
		{bone "b_ua_07_piece04"}
		{matrix34
			0 	 1 	 0
			-1 	 0 	 0
			0 	 0 	 1
			34.4975 	 6.439 	 -3.1422
		}
	}
	{"body05"
		{polyhedron}
		{bone "b_ua_07_piece04"}
		{matrix34
			0 	 1 	 0
			-1 	 0 	 0
			0 	 0 	 1
			34.4975 	 6.5394 	 -18.9736
		}
	}
	{"body06"
		{box 56.3801 5.90551 60.5219}
		{bone "b_ua_07_piece04"}
		{matrix34
			-1 	 0 	 0
			0 	 -1 	 0
			0 	 0 	 1
			6.1293 	 32.1388 	 -30.7642
		}
	}
	{"body07"
		{polyhedron}
		{bone "b_ua_07_piece04"}
		{matrix34
			-1 	 0 	 0
			0 	 -1 	 0
			0 	 0 	 1
			-34.3438 	 32.1388 	 -10.2483
		}
	}
	{"floor01"
		{box 92.4963 61.9278 1.2229}
		{bone "b_ua_07_piece04"}
		{Position -2.2535 	 2.563 	 0.9338}
	}
	{"hole"
		{box 17.0671 14.6069 18.8601}
		{bone "b_ua_07_piece04"}
		{Position 0.8537 	 32.2866 	 -28.3267}
	}
	{"roof01"
		{box 89.5325 1.9685 20.222}
		{bone "b_ua_07_piece04"}
		{matrix34
			-1 	 0 	 0
			0 	 -0.7573 	 -0.6531
			0 	 -0.6531 	 0.7573
			-3.5163 	 38.6162 	 7.112
		}
	}
	{"roof02"
		{polyhedron}
		{bone "b_ua_07_piece04"}
		{matrix34
			-1 	 0 	 0
			0 	 -0.7573 	 -0.6531
			0 	 -0.6531 	 0.7573
			-3.5163 	 32.0689 	 14.7043
		}
	}
	{"roof03"
		{polyhedron}
		{bone "b_ua_07_piece04"}
		{matrix34
			-1 	 0 	 0
			0 	 -0.7573 	 -0.6531
			0 	 -0.6531 	 0.7573
			1.0854 	 11.1408 	 38.9727
		}
	}
	{"roof04"
		{polyhedron}
		{bone "b_ua_07_piece04"}
		{matrix34
			0 	 1 	 0
			-0.7857 	 0 	 -0.6187
			-0.6187 	 0 	 0.7857
			47.316 	 -5.3449 	 -0.7108
		}
	}
	{"roof05"
		{polyhedron}
		{bone "b_ua_07_piece04"}
		{matrix34
			0 	 1 	 0
			-0.7857 	 0 	 -0.6187
			-0.6187 	 0 	 0.7857
			19.6118 	 -38.0237 	 32.9439
		}
	}
	{"window"
		{box 17.0671 1.63571 18.8601}
		{bone "window"}
		{matrix34
			1 	 0 	 0
			0 	 -1 	 0
			0 	 0 	 -1
			-0.1032 	 0.1888 	 0.0211
		}
	}
}
