;Exported by:	 KobaA
;Date:			 02.11.2021 13:52:52
;File:			 G:\_GIT_\gem2\gem2-mdl-soldiers\models\unit\vehicle\bm13\BM-13_xx.max
{skeleton
	{bone "basis"
		{parameters "wheelradius=0.48;steermax=30;"}
		{orientation
			1 	 0 	 0
			0 	 -1 	 0
			0 	 0 	 1
		}
		{bone "body"
			{parameters "id=body;"}
			{Position -8.7882 	 0 	 12.3333}
			{LODView
				{poly "body"}
				{poly "body_lod1"}
				{poly "body_lod2"}
				{poly "body_lod3"}
			}
			{bone "cabin"
				{parameters "id=cabin;"}
				{Position 22.2949 	 0.3102 	 16.8821}
				{LODView
					{poly "cabin"}
					{poly "cabin_lod1"}
					{poly "cabin_lod2"}
					{poly "cabin_lod3"}
				}
				{bone "doorl"
					{parameters "id=cabin;"}
					{matrix34
						1 	 0 	 0
						0 	 1 	 0
						0 	 0 	 1
						8.5333 	 11.148 	 -1.7899
					}
					{LODView
						{poly "doorl"}
						{poly "doorl_lod1"}
						{poly "doorl_lod2"}
						{poly "doorl_lod3"}
					}
				}
				{bone "part1"
					{parameters "id=cabin;"}
					{matrix34
						-0.5 	 -0.866 	 0
						0.866 	 -0.5 	 0
						0 	 0 	 1
						8.5318 	 -11.7826 	 -1.79
					}
					{LODView
						{poly "part1"}
						{poly "part1_lod1"}
						{poly "part1_lod2"}
						{poly "part1_lod3"}
					}
				}
				{bone "detail2"
					{parameters "id=cabin;"}
					{Position 4.7057 	 -0.3102 	 13.0978}
					{LODView
						{poly "detail2"}
						{poly "detail2_lod1"}
						{poly "detail2_lod2"}
						{poly "detail2_lod3"}
					}
				}
			}
			{bone "engine"
				{parameters "id=engine;"}
				{Position 44.8687 	 0 	 6.6312}
				{LODView
					{poly "engine"}
					{poly "engine_lod1"}
					{poly "engine_lod2"}
					{poly "engine_lod3"}
				}
				{bone "coverr"
					{parameters "id=engine;"}
					{matrix34
						1 	 0 	 0
						0 	 0.9848 	 0.1736
						0 	 -0.1736 	 0.9848
						-8.4724 	 0 	 10.3653
					}
					{LODView
						{poly "coverr"}
						{poly "coverr_lod1"}
						{poly "coverr_lod2"}
						{poly "coverr_lod3"}
					}
				}
				{bone "part3"
					{parameters "id=engine;"}
					{Position -8.4724 	 0 	 10.3653}
					{LODView
						{poly "part3"}
						{poly "part3_lod1"}
						{poly "part3_lod2"}
						{poly "part3_lod3"}
					}
				}
				{bone "fxfire1"
					{matrix34
						0 	 0 	 1
						0 	 1 	 0
						-1 	 0 	 0
						0.5305 	 0 	 8.1651
					}
				}
				{bone "part2"
					{parameters "id=engine;"}
					{LODView
						{poly "part2"}
						{poly "part2_lod1"}
						{poly "part2_lod2"}
						{poly "part2_lod3"}
					}
				}
			}
			{bone revolute "turret"
				{parameters "id=turret;"}
				{speed 0.005}
				{Position -37.8947 	 0 	 9.6645}
				{LODView
					{poly "turret"}
					{poly "turret_lod1"}
					{poly "turret_lod2"}
					{poly "turret_lod3"}
				}
				{bone revolute "gun"
					{parameters "id=gun;ikspeed2=30;"}
					{limits -45 0}
					{speed 0.08}
					{matrix34
						1 	 0 	 0
						0 	 0 	 1
						0 	 -1 	 0
						0.3965 	 0 	 2.9884
					}
					{LODView
						{poly "gun"}
						{poly "gun_lod1"}
						{poly "gun_lod2"}
						{poly "gun_lod3"}
					}
					{bone "foresight"
						{matrix34
							0.9925 	 0.1219 	 0
							0 	 0 	 -1
							-0.1219 	 0.9925 	 0
							-7.8206 	 21.0191 	 0
						}
					}
				}
			}
			{bone "part4"
				{parameters "id=body;"}
				{Position 5.1983 	 0 	 11.7921}
				{LODView
					{poly "part4"}
					{poly "part4_lod1"}
					{poly "part4_lod2"}
					{poly "part4_lod3"}
				}
			}
		}
		{bone "pivot_back"
			{Position -32.9815 	 0 	 9.1987}
			{bone revolute "align_back3"
				{limits -2 2}
				{speed 0.005}
				{matrix34
					0 	 0 	 1
					0 	 -1 	 0
					1 	 0 	 0
					-10.7872 	 0 	 -0.1272
				}
				{LODView
					{poly "align_back3"}
					{poly "align_back3_lod1"}
					{poly "align_back3_lod2"}
					{poly "align_back3_lod3"}
				}
			}
			{bone revolute "align_back2"
				{limits -2 2}
				{speed 0.005}
				{matrix34
					0 	 0 	 1
					0 	 -1 	 0
					1 	 0 	 0
					10.7479 	 0 	 -0.1272
				}
				{LODView
					{poly "align_back2"}
					{poly "align_back2_lod1"}
					{poly "align_back2_lod2"}
					{poly "align_back2_lod3"}
				}
			}
		}
		{bone "pivot_front"
			{Position 45.1856 	 0 	 9.1987}
			{bone revolute "align_front"
				{limits -2 2}
				{speed 0.005}
				{matrix34
					0 	 0 	 1
					0 	 -1 	 0
					1 	 0 	 0
					0.0312 	 0 	 0
				}
				{LODView
					{poly "align_front"}
					{poly "align_front_lod1"}
					{poly "align_front_lod2"}
					{poly "align_front_lod3"}
				}
				{bone revolute "steer_l1"
					{matrix34
						0 	 0 	 1
						0 	 1 	 0
						-1 	 0 	 0
						0.013 	 -16.2875 	 -0.0313
					}
					{LODView
						{poly "steer_l1"}
						{poly "steer_l1_lod1"}
						{poly "steer_l1_lod2"}
						{poly "steer_l1_lod3"}
					}
				}
				{bone revolute "steer_r1"
					{matrix34
						0 	 0 	 1
						0 	 1 	 0
						-1 	 0 	 0
						0.0129 	 16.2876 	 -0.0313
					}
					{LODView
						{poly "steer_r1"}
						{poly "steer_r1_lod1"}
						{poly "steer_r1_lod2"}
						{poly "steer_r1_lod3"}
					}
				}
			}
		}
	}
}
{volume "body01"
	{box 103.89 26.8505 9.84252}
	{bone "body"}
	{Position 5.369 	 0.1255 	 -2.1863}
}
{volume "body02"
	{box 45.828 18.1305 2.89753}
	{bone "body"}
	{Position -22.0959 	 0.1692 	 4.3083}
}
{volume "body03"
	{box 12.8647 6.90139 1.04431}
	{bone "body"}
	{matrix34
		0.9976 	 0 	 0.0698
		0 	 1 	 0
		-0.0698 	 0 	 0.9976
		55.9329 	 16.744 	 9.6839
	}
}
{volume "body04"
	{box 20.582 6.90139 1.04431}
	{bone "body"}
	{matrix34
		0.788 	 0 	 0.6157
		0 	 1 	 0
		-0.6157 	 0 	 0.788
		41.8619 	 16.744 	 2.5263
	}
}
{volume "body05"
	{box 36.9285 6.90139 1.04431}
	{bone "body"}
	{Position 15.2304 	 16.744 	 -3.5187}
}
{volume "body06"
	{box 1.10896 8.48871 13.1608}
	{bone "body"}
	{matrix34
		0.8572 	 0 	 0.515
		0 	 1 	 0
		-0.515 	 0 	 0.8572
		-5.8689 	 17.2442 	 2.0939
	}
}
{volume "body07"
	{box 28.8042 8.48871 1.04431}
	{bone "body"}
	{Position -24.365 	 17.2442 	 7.667}
}
{volume "body08"
	{box 1.10896 8.48871 10.7186}
	{bone "body"}
	{matrix34
		0.6428 	 0 	 -0.766
		0 	 1 	 0
		0.766 	 0 	 0.6428
		-42.7401 	 17.2442 	 4.3458
	}
}
{volume "body09"
	{box 12.8647 6.90139 1.04431}
	{bone "body"}
	{matrix34
		0.9919 	 -0.1218 	 -0.0349
		0.1219 	 0.9925 	 0
		0.0346 	 -0.0043 	 0.9994
		56.0509 	 -17.548 	 7.223
	}
}
{volume "body10"
	{box 20.582 6.90139 1.04431}
	{bone "body"}
	{matrix34
		0.8192 	 0 	 0.5736
		0 	 1 	 0
		-0.5736 	 0 	 0.8192
		41.8838 	 -16.744 	 1.8059
	}
}
{volume "body11"
	{box 36.9285 6.90139 1.04431}
	{bone "body"}
	{matrix34
		0.9848 	 0 	 0.1736
		0 	 1 	 0
		-0.1736 	 0 	 0.9848
		17.0738 	 -16.744 	 -6.1722
	}
}
{volume "body12"
	{box 1.10896 8.48871 13.1608}
	{bone "body"}
	{matrix34
		0.8572 	 0 	 0.515
		0 	 1 	 0
		-0.515 	 0 	 0.8572
		-5.4711 	 -16.744 	 2.7077
	}
}
{volume "body13"
	{box 28.8042 8.48871 1.04431}
	{bone "body"}
	{Position -24.365 	 -16.744 	 7.667}
}
{volume "body14"
	{box 1.10896 8.48871 10.7186}
	{bone "body"}
	{matrix34
		0.829 	 0 	 -0.5592
		0 	 1 	 0
		0.5592 	 0 	 0.829
		-42.0047 	 -16.744 	 3.289
	}
}
{volume "cabin01"
	{polyhedron}
	{bone "cabin"}
	{Position 24.2827 	 -0.2667 	 -18.2245}
}
{volume "cabin02"
	{polyhedron}
	{bone "cabin"}
	{Position -1.9796 	 -0.1537 	 10.5619}
}
{volume "cabin03"
	{box 1.55245 22.1523 15.8421}
	{bone "cabin"}
	{Position 8.6946 	 -0.3123 	 -6.2397}
}
{volume "cabin04"
	{box 6.85493 1.02874 24.5375}
	{bone "cabin"}
	{matrix34
		0.9914 	 -0.1305 	 0
		0.1305 	 0.9914 	 0
		0 	 0 	 1
		-9.6655 	 13.0773 	 -1.7603
	}
}
{volume "cabin05"
	{box 6.85493 1.02874 24.5375}
	{bone "cabin"}
	{matrix34
		0.9914 	 0.1305 	 0
		-0.1305 	 0.9914 	 0
		0 	 0 	 1
		-9.6655 	 -13.6978 	 -1.7603
	}
}
{volume "cabin06"
	{box 1.28232 26.9981 24.6264}
	{bone "cabin"}
	{Position -12.6061 	 -0.3102 	 -1.7827}
}
{volume "doorl"
	{box 15.1002 0.984252 23.5606}
	{bone "doorl"}
	{matrix34
		0.4068 	 -0.9135 	 0
		0.9123 	 0.4062 	 -0.0523
		0.0478 	 0.0213 	 0.9986
		-2.667 	 6.614 	 0.9157
	}
}
{volume "engine"
	{polyhedron}
	{bone "engine"}
	{Position 1.7088 	 0.0435 	 -7.9736}
}
{volume "gun01"
	{polyhedron}
	{bone "gun"}
	{matrix34
		1 	 0 	 0
		0 	 0 	 -1
		0 	 1 	 0
		21.2655 	 1.4186 	 -0.3068
	}
}
{volume "gun02"
	{box 103.797 43.6018 5.19439}
	{bone "gun"}
	{matrix34
		0.9936 	 0.1132 	 0
		0 	 0 	 -1
		-0.1132 	 0.9936 	 0
		23.6384 	 21.4619 	 -0.0311
	}
}
{volume "part1"
	{box 15.1002 0.984252 22.8125}
	{bone "part1"}
	{matrix34
		-0.8988 	 0.4384 	 0
		-0.4384 	 -0.8988 	 0
		0 	 0 	 1
		5.7075 	 -3.5819 	 0.6367
	}
}
{volume "part2"
	{box 15.4685 7.04692 19.8793}
	{bone "part2"}
	{Position -1.0426 	 0.8756 	 -1.3278}
}
{volume "part3"
	{box 19.9111 10.2523 1.62981}
	{bone "part3"}
	{matrix34
		0.9986 	 0.0229 	 -0.047
		0 	 0.8988 	 0.4384
		0.0523 	 -0.4378 	 0.8976
		9.099 	 4.9298 	 2.3621
	}
}
{volume "part4"
	{box 8.03265 16.5445 15.1365}
	{bone "part4"}
	{Position -0.0362 	 0.0437 	 -1.5134}
}
{volume "turret"
	{polyhedron}
	{bone "turret"}
	{Position 15.3319 	 -0.0035 	 -3.9547}
}
