;Exported by: sana
;Date:        Fri Jan 12 16:09:09 2007
;File:        D:\ss\house_ru_141_lm_corner_work_x.max
{Skeleton
	{bone "house_ru_141_10_3_x"
		{Orientation
			1	0	0
			0	-1	0
			0	0	1
		}
		{bone "piece01"
			{Position -4.83495	-17.9707	5.83536}
			{poly "piece01"}
		}
		{bone "piece02"
			{Matrix34
				0.999992	0	-0.0039461
				0	1	0
				0.0039461	0	0.999992
				-4.76725	0.181279	-0.553261
			}
			{poly "piece02"}
		}
		{bone "piece03"
			{Position -4.83495	-1.75896	-18.3808}
			{poly "piece03"}
		}
		{bone "piece04"
			{Position -0.269676	30.6614	-3.27908}
			{poly "piece04"}
		}
		{bone "piece05"
			{Position -0.110527	0.204117	16.7459}
			{poly "piece05"}
		}
		{bone "piece06"
			{Position -14.72	17.1978	7.24352}
			{poly "piece06"}
		}
		{bone "piece07"
			{Position 2.74494	-19.235	6.21603}
			{poly "piece07"}
		}
		{bone "piece08"
			{Position 4.42052	18.3793	5.96458}
			{poly "piece08"}
		}
		{bone "fx_haulm1"
			{Matrix34
				0.5	0	0.866026
				0	1	0
				-0.866026	0	0.5
				5.24906	-0.233582	11.5887
			}
		}
	}
}
{Volume "piece01"
	{Box 1.47638 1.70478 35.3159}
	{Bone "piece01"}
	{Matrix34
		0	-0.570131	0.821554
		1	0	0
		0	0.821554	0.570131
		0	0	0
	}
}
{Volume "piece02"
	{Box 1.82823 1.70478 33.0601}
	{Bone "piece02"}
	{Matrix34
		0	1	0
		-1	0	0
		0	0	1
		0	0	0
	}
}
{Volume "piece03"
	{Box 1.4989 1.70478 34.8906}
	{Bone "piece03"}
	{Orientation
		0	0.00658348	0.999978
		-1	2.23672e-005	0
		-2.23676e-005	-0.999978	0.00658348
	}
}
{Volume "piece04"
	{Box 3.30168 2.99509 31.8225}
	{Bone "piece04"}
	{Matrix34
		0	0.584677	-0.811266
		0	0.811266	0.584677
		1	0	0
		0	0	0
	}
}
{Volume "piece05"
	{Box 3.30014 3.83402 17.3228}
	{Bone "piece05"}
	{Matrix34
		0	-1	0
		0	0	1
		-1	0	0
		0	0	0
	}
}
{Volume "piece06"
	{Box 3.89048 1.96851 39.202}
	{Bone "piece06"}
	{Matrix34
		-0.244373	0.3906	0.887532
		-0.847756	-0.530386	0
		0.470735	-0.752411	0.460746
		-1.40317e-005	2.01759e-005	0
	}
}
{Volume "piece07"
	{Box 2.22368 2.15452 38.3562}
	{Bone "piece07"}
	{Matrix34
		0	0.584677	-0.811266
		0	0.811266	0.584677
		1	0	0
		1.33514e-005	0	0
	}
}
{Volume "piece08"
	{Box 1.81163 3.43888 41.2029}
	{Bone "piece08"}
	{Matrix34
		0	0.584677	-0.811266
		0	0.811266	0.584677
		1	0	0
		0	0	0
	}
}
