;Exported by: kolesnikov
;Date:        Fri Aug 05 12:05:31 2005
;File:        D:\-Project-\-3DWork-\Constructions\weapon_shelve.max
{Skeleton
	{bone "weapon_shelves_large"
		{Orientation
			1	0	0
			0	-1	0
			0	0	1
		}
		{bone "piece1"
			{Position 14.6095	-0.0119352	14.5498}
			{poly "piece1"}
		}
		{bone "piece2"
			{Position -14.5801	-0.0119352	14.7181}
			{poly "piece2"}
		}
		{bone "piece3"
			{Position -14.5801	-0.0119352	22.0009}
			{poly "piece3"}
		}
		{bone "piece4"
			{Position 14.6095	-0.0119352	21.914}
			{poly "piece4"}
		}
		{bone "piece5"
			{Position 0.0147095	-0.0119352	31.0096}
			{poly "piece5"}
		}
		{bone "piece6"
			{Position -29.0306	-5.499	19.685}
			{poly "piece6"}
		}
		{bone "piece7"
			{Position -29.0306	5.35052	19.685}
			{poly "piece7"}
		}
		{bone "piece8"
			{Position 29.0826	-5.499	19.685}
			{poly "piece8"}
		}
		{bone "piece9"
			{Position 29.0826	5.35052	19.685}
			{poly "piece9"}
		}
	}
}
{Volume "body12"
	{Box 1.04397 1.05743 39.4966}
	{Bone "piece9"}
	{Position -0.00413891	0.0164213	0.0610237}
}
{Volume "body11"
	{Box 1.04397 1.05743 39.4966}
	{Bone "piece8"}
	{Position -0.00413891	0.00318813	0.0610237}
}
{Volume "body09"
	{Box 1.04397 1.05743 39.4966}
	{Bone "piece7"}
	{Position 0.00749973	-0.0134544	0.0610237}
}
{Volume "body10"
	{Box 1.04397 1.05743 39.4966}
	{Bone "piece6"}
	{Position 0.00749973	0.00318813	0.0610237}
}
{Volume "body15"
	{Box 29.5652 11.0396 1.89584}
	{Bone "piece5"}
	{Matrix34
		0.996195	0	0.0871557
		0	1	0
		-0.0871557	0	0.996195
		-15.0133	-0.00418425	0.193282
	}
}
{Volume "body14"
	{Box 29.5652 11.0396 1.89584}
	{Bone "piece5"}
	{Matrix34
		0.996195	0	-0.0871557
		0	1	0
		0.0871557	0	0.996195
		14.4733	-0.00418425	-0.601871
	}
}
{Volume "body18"
	{Box 29.5652 11.0396 1.89584}
	{Bone "piece4"}
	{Matrix34
		0.996195	0	0.0871557
		0	1	0
		-0.0871557	0	0.996195
		-0.202687	-0.00418425	0.618207
	}
}
{Volume "body17"
	{Box 29.5652 11.0396 1.89584}
	{Bone "piece3"}
	{Matrix34
		0.996195	0	-0.0871557
		0	1	0
		0.0871557	0	0.996195
		0.219457	-0.00418425	0.531295
	}
}
{Volume "body16"
	{Box 29.5652 11.0396 1.89584}
	{Bone "piece2"}
	{Matrix34
		0.996195	0	0.0871557
		0	1	0
		-0.0871557	0	0.996195
		0.054224	-0.00418329	-0.0532481
	}
}
{Volume "body13"
	{Box 29.5652 11.0396 1.89584}
	{Bone "piece1"}
	{Matrix34
		0.996195	0	-0.0871557
		0	1	0
		0.0871557	0	0.996195
		-0.121545	-0.00418329	-0.204181
	}
}
