;Exported by:	 tolokolnikova
;Date:			 10.04.2018 10:15:26
;File:			 D:\gem2\gem2-mdl-soldiers\models\fence\fence_wood_logs.max
{skeleton
	{bone "ua_fence_basis04_x"
		{orientation
			1 	 0 	 0
			0 	 -1 	 0
			0 	 0 	 1
		}
		{bone "piece07"
			{matrix34
				1 	 0 	 0
				0 	 0.9962 	 -0.0872
				0 	 0.0872 	 0.9962
				5.865 	 1.6797 	 11.5645
			}
			{poly "piece07"}
		}
		{bone "piece03"
			{matrix34
				1 	 0 	 0
				0 	 0.9962 	 -0.0872
				0 	 0.0872 	 0.9962
				-13.2345 	 -1.7166 	 12.2117
			}
			{poly "piece03"}
		}
		{bone "piece02"
			{matrix34
				1 	 0 	 0
				0 	 0.9962 	 -0.0872
				0 	 0.0872 	 0.9962
				13.4391 	 3.0368 	 5.7475
			}
			{poly "piece02"}
		}
		{bone "piece01"
			{matrix34
				-1 	 0 	 0
				0 	 0.0872 	 0.9962
				0 	 0.9962 	 -0.0872
				1.4807 	 4.1517 	 15.5477
			}
			{poly "piece01"}
		}
		{bone "piece04"
			{matrix34
				1 	 0 	 0
				0 	 0.0872 	 0.9962
				0 	 -0.9962 	 0.0872
				-9.3546 	 -0.3589 	 16.9751
			}
			{poly "piece04"}
		}
		{bone "piece05"
			{matrix34
				1 	 0 	 0
				0 	 0.9962 	 -0.0872
				0 	 0.0872 	 0.9962
				-3.6711 	 -0.3561 	 11.7937
			}
			{poly "piece05"}
		}
		{bone "piece06"
			{matrix34
				1 	 0 	 0
				0 	 0.0872 	 0.9962
				0 	 -0.9962 	 0.0872
				9.8018 	 6.6044 	 15.2913
			}
			{poly "piece06"}
		}
		{bone "fx_wood"
			{Position 0.909 	 2.2302 	 11.0972}
		}
	}
}
{volume "piece01"
	{box 10.1934 0.906892 0.762002}
	{bone "piece01"}
	{matrix34
		-0.9962 	 0.0076 	 0.0868
		0.0872 	 0.0868 	 0.9924
		0 	 0.9962 	 -0.0872
		1.8357 	 0.6168 	 -2.9666
	}
}
{volume "piece02"
	{box 0.984252 0.984252 14.5774}
	{bone "piece02"}
	{matrix34
		0.8881 	 -0.4171 	 0.1931
		0.4557 	 0.7442 	 -0.4884
		0.06 	 0.5217 	 0.851
		0.243 	 0.2281 	 0.4598
	}
}
{volume "piece03"
	{box 0.984252 0.984252 14.5774}
	{bone "piece03"}
	{matrix34
		0.7071 	 -0.7071 	 0
		0.7071 	 0.7071 	 0
		0 	 0 	 1
		-0.6035 	 0.0201 	 -0.9324
	}
}
{volume "piece04"
	{box 10.1934 0.906892 0.762002}
	{bone "piece04"}
	{matrix34
		0.9962 	 0.0076 	 -0.0868
		-0.0872 	 0.0868 	 -0.9924
		0 	 0.9962 	 0.0872
		0 	 0.3795 	 0.0332
	}
}
{volume "piece05"
	{box 0.984252 0.984252 14.5774}
	{bone "piece05"}
	{matrix34
		0.7071 	 -0.7044 	 0.0616
		0.7071 	 0.7044 	 -0.0616
		0 	 0.0872 	 0.9962
		-0.3361 	 -0.1358 	 -0.6096
	}
}
{volume "piece06"
	{box 10.1934 0.906892 0.762002}
	{bone "piece06"}
	{matrix34
		0.8754 	 -0.1968 	 -0.4415
		-0.4082 	 0.188 	 -0.8933
		0.2588 	 0.9623 	 0.0842
		0.3897 	 0.1621 	 -0.801
	}
}
{volume "piece07"
	{box 0.984252 0.984252 14.5774}
	{bone "piece07"}
	{matrix34
		0.9912 	 -0.1125 	 0.0698
		0.1282 	 0.9473 	 -0.2935
		-0.0331 	 0.2999 	 0.9534
		-0.0084 	 -0.0938 	 -0.7943
	}
}
