;Exported by	: KobaA
;Date			: 15.01.2024 15:26:48
;File			: d:\git\gem2-mdl-soldiers\models\building\house_60\house_60_fort_x.max
{skeleton
	{bone "house_60_piece_010_point"
		{orientation
			1 	 0 	 0
			0 	 -1 	 0
			0 	 0 	 1
		}
		{bone "sub_piece01"
			{matrix34
				1 	 0 	 0
				0 	 0 	 1
				0 	 -1 	 0
				-10.4399 	 -0.337 	 6.3562
			}
			{poly "sub_piece01"}
		}
		{bone "piece06"
			{matrix34
				0 	 -1 	 0
				1 	 0 	 0
				0 	 0 	 1
				-43.0389 	 -8.666 	 13.4751
			}
			{poly "piece06"}
		}
		{bone "piece01"
			{Position -5.9791 	 -19.3498 	 -19.5745}
			{poly "piece01"}
		}
		{bone "piece07"
			{matrix34
				0.9397 	 0 	 -0.342
				0 	 1 	 0
				0.342 	 0 	 0.9397
				17.5735 	 -19.3498 	 0.7626
			}
			{poly "piece07"}
		}
		{bone "piece05"
			{matrix34
				0.342 	 0 	 0.9397
				0 	 1 	 0
				-0.9397 	 0 	 0.342
				-26.016 	 -19.3498 	 7.4485
			}
			{poly "piece05"}
		}
		{bone "piece04"
			{Position -30.1545 	 -19.3498 	 -6.6606}
			{poly "piece04"}
		}
		{bone "piece03"
			{matrix34
				0 	 -1 	 0
				1 	 0 	 0
				0 	 0 	 1
				-43.0135 	 -10.9797 	 -3.5924
			}
			{poly "piece03"}
		}
		{bone "piece02"
			{matrix34
				0 	 -1 	 0
				1 	 0 	 0
				0 	 0 	 1
				-42.9666 	 -2.871 	 -24.1835
			}
			{poly "piece02"}
		}
		{bone "sub_piece02"
			{Position -3.5423 	 -19.3498 	 0.402}
			{poly "sub_piece02"}
		}
		{bone "sub_piece03"
			{matrix34
				0 	 -1 	 0
				1 	 0 	 0
				0 	 0 	 1
				-43.157 	 -21.5532 	 6.1218
			}
			{poly "sub_piece03"}
		}
		{bone revolute "attach1"
			{matrix34
				-1 	 0 	 0
				0 	 -1 	 0
				0 	 0 	 1
				-26.8076 	 -9.6075 	 -49.9867
			}
		}
		{bone revolute "attach2"
			{matrix34
				0 	 -1 	 0
				1 	 0 	 0
				0 	 0 	 1
				-9.51 	 -6.5125 	 -49.9867
			}
		}
		{bone "debris_land_001"
			{parameters "land;ground;"}
			{matrix34
				0 	 1 	 0
				-1 	 0 	 0
				0 	 0 	 1
				-13.9175 	 -32.7208 	 -46.0497
			}
			{poly "debris_land_001" {ground}}
		}
		{bone "fort_wall"
			{matrix34
				-1 	 0 	 0
				0 	 -1 	 0
				0 	 0 	 1
				-23.0342 	 -29.004 	 -42.1127
			}
		}
		{bone "stones_002"
			{parameters "land;ground;"}
			{matrix34
				0 	 1 	 0
				-1 	 0 	 0
				0 	 0 	 1
				-13.9175 	 -32.7075 	 -46.0497
			}
			{poly "stones_002" {ground}}
		}
		{bone "stones_001"
			{parameters "land;ground;"}
			{matrix34
				0.9659 	 0.2588 	 0
				-0.2588 	 0.9659 	 0
				0 	 0 	 1
				-51.6996 	 -11.7231 	 -46.0497
			}
			{poly "stones_001" {ground}}
		}
		{bone "debris_land_002"
			{parameters "land;ground;"}
			{matrix34
				0.9659 	 0.2588 	 0
				-0.2588 	 0.9659 	 0
				0 	 0 	 1
				-51.7125 	 -11.7266 	 -46.0497
			}
			{poly "debris_land_002" {ground}}
		}
		{bone "house_60_piece_010"
			{poly "house_60_piece_010"}
		}
	}
}
{"volumes"
	{"piece01"
		{box 20.7038 5.90551 16.097}
		{bone "piece01"}
		{Position -3.1457 	 0 	 -0.9971}
	}
	{"piece02"
		{box 10.7715 5.90551 8.44128}
		{bone "piece02"}
		{Position 0.0882 	 0 	 0.4394}
	}
	{"piece03"
		{box 14.9107 5.90551 9.81525}
		{bone "piece03"}
		{Position -0.0175 	 0 	 -0.7231}
	}
	{"piece04"
		{box 12.1225 5.90551 13.087}
		{bone "piece04"}
		{matrix34
			0.9063 	 0 	 -0.4226
			0 	 1 	 0
			0.4226 	 0 	 0.9063
			0.6679 	 0 	 -0.3603
		}
	}
	{"piece05"
		{box 8.64222 5.90551 12.0728}
		{bone "piece05"}
		{matrix34
			0.9659 	 0 	 0.2588
			0 	 1 	 0
			-0.2588 	 0 	 0.9659
			0.5188 	 0 	 -0.3802
		}
	}
	{"piece06"
		{box 8.64222 5.90551 12.0728}
		{bone "piece06"}
		{matrix34
			0.9659 	 0 	 0.2588
			0 	 1 	 0
			-0.2588 	 0 	 0.9659
			0.4173 	 0 	 -0.0935
		}
	}
	{"piece07"
		{box 14.028 5.90551 7.55272}
		{bone "piece07"}
		{matrix34
			0.9397 	 0 	 0.342
			0 	 1 	 0
			-0.342 	 0 	 0.9397
			-1.6155 	 0 	 -1.0707
		}
	}
	{"sub_piece01"
		{box 3.14109 44.7465 3.12737}
		{bone "sub_piece01"}
		{matrix34
			1 	 0 	 0
			0 	 0 	 -1
			0 	 1 	 0
			0 	 -0.0525 	 2.3766
		}
	}
	{"sub_piece02"
		{box 3.62973 5.90551 4.5635}
		{bone "sub_piece02"}
		{matrix34
			0.5736 	 0 	 -0.8192
			0 	 1 	 0
			0.8192 	 0 	 0.5736
			-0.2371 	 0 	 -0.1391
		}
	}
	{"sub_piece03"
		{box 3.62973 5.90551 5.57399}
		{bone "sub_piece03"}
		{Position 0.275 	 0 	 0.2645}
	}
	{"target_vol_1"
		{box 9.84252 12.7953 15.6501}
		{bone "house_60_piece_010_point"}
		{matrix34
			-1 	 0 	 0
			0 	 -1 	 0
			0 	 0 	 1
			-39.6942 	 -7.6238 	 -26.1965
		}
	}
	{"target_vol_2"
		{box 9.84252 12.7953 15.6501}
		{bone "house_60_piece_010_point"}
		{matrix34
			0 	 -1 	 0
			1 	 0 	 0
			0 	 0 	 1
			-9.51 	 -19.8119 	 -26.1965
		}
	}
	{"vol_01"
		{box 72.0722 5.86712 21.9064}
		{bone "house_60_piece_010"}
		{Position -0.5615 	 -19.3768 	 -39.0336}
	}
	{"vol_02"
		{box 12.973 10.5021 35.9264}
		{bone "house_60_piece_010"}
		{matrix34
			0 	 1 	 0
			-1 	 0 	 0
			0 	 0 	 1
			-40.939 	 -19.8653 	 -32.0235
		}
	}
	{"vol_03"
		{box 17.3396 10.5021 14.3346}
		{bone "house_60_piece_010"}
		{matrix34
			0 	 1 	 0
			-1 	 0 	 0
			0 	 0 	 1
			-40.939 	 -6.1691 	 -42.8194
		}
	}
}
