;Exported by:	 tolokolnikova
;Date:			 30.03.2016 11:55:21
;File:			 D:\gem2\gem2-mdl-soldiers\models\entourage\Ship_wood\Ship_wood.max
{skeleton
	{bone "basis003"
		{orientation
			1 	 0 	 0
			0 	 -1 	 0
			0 	 0 	 1
		}
		{bone "piece01"
			{Position -6.7508 	 -10.5071 	 8.3959}
			{poly "piece01"}
		}
		{bone "piece02"
			{Position -38.4998 	 -8.3571 	 5.3131}
			{poly "piece02"}
		}
		{bone "piece03"
			{Position 33.8469 	 -6.1101 	 5.244}
			{poly "piece03"}
		}
		{bone "piece04"
			{Position -10.0468 	 -8.2788 	 3.2119}
			{poly "piece04"}
		}
		{bone "piece05"
			{Position 15.5262 	 -1.1442 	 0.2784}
			{poly "piece05"}
		}
		{bone "piece06"
			{Position -14.912 	 -4.8055 	 2.2356}
			{poly "piece06"}
		}
		{bone "piece07"
			{Position -2.0243 	 3.9905 	 1.9452}
			{poly "piece07"}
		}
		{bone "piece08"
			{Position 44.6724 	 0.3397 	 9.1128}
			{poly "piece08"}
		}
		{bone "piece09"
			{Position -31.5689 	 4.2726 	 0.502}
			{poly "piece09"}
		}
		{bone "piece10"
			{matrix34
				0.9991 	 0.0432 	 0
				-0.0432 	 0.9991 	 0
				0 	 0 	 1
				-50.0149 	 0.1725 	 6.2391
			}
			{poly "piece10"}
		}
		{bone "piece11"
			{Position -22.2385 	 10.4058 	 8.887}
			{poly "piece11"}
		}
		{bone "piece12"
			{Position -13.0412 	 8.3119 	 2.726}
			{poly "piece12"}
		}
		{bone "piece13"
			{Position 27.1225 	 6.3523 	 7.2994}
			{poly "piece13"}
		}
	}
}
{volume "piece01"
	{box 37.377 0.721186 2.91295}
	{bone "piece01"}
	{matrix34
		1 	 0 	 0
		0 	 0.8192 	 0.5736
		0 	 -0.5736 	 0.8192
		-0.2831 	 -0.0756 	 -0.1895
	}
}
{volume "piece02"
	{box 23.2672 0.634643 2.03907}
	{bone "piece02"}
	{matrix34
		1 	 0 	 0
		0 	 0.8192 	 0.5736
		0 	 -0.5736 	 0.8192
		-0.1649 	 -0.0257 	 -0.1471
	}
}
{volume "piece03"
	{box 31.0229 0.721186 2.03907}
	{bone "piece03"}
	{matrix34
		0.9551 	 0.2962 	 0
		-0.2427 	 0.7824 	 0.5736
		0.1699 	 -0.5478 	 0.8192
		0.0686 	 -0.2332 	 -0.1692
	}
}
{volume "piece04"
	{box 31.0229 0.721186 2.03907}
	{bone "piece04"}
	{matrix34
		1 	 0 	 0
		0 	 0.8192 	 0.5736
		0 	 -0.5736 	 0.8192
		-0.291 	 0.0185 	 -0.013
	}
}
{volume "piece05"
	{box 20.1097 3.79439 0.490641}
	{bone "piece05"}
	{matrix34
		0.9204 	 -0.3908 	 0.0123
		0.3902 	 0.92 	 0.0372
		-0.0259 	 -0.0295 	 0.9992
		-0.0063 	 -0.0072 	 0.2451
	}
}
{volume "piece06"
	{box 40.5554 1.2934 1.01158}
	{bone "piece06"}
	{matrix34
		0.999 	 -0.0436 	 0
		0.0436 	 0.999 	 0
		0 	 0 	 1
		0 	 -0.5424 	 -0.0572
	}
}
{volume "piece07"
	{box 40.5554 1.2934 1.01158}
	{bone "piece07"}
	{matrix34
		0.9952 	 0.0943 	 -0.0252
		-0.0943 	 0.9955 	 0.0024
		0.0254 	 0 	 0.9997
		-0.2904 	 0.4017 	 0.002
	}
}
{volume "piece08"
	{box 8.16537 7.74365 0.490641}
	{bone "piece08"}
	{matrix34
		0.9982 	 0 	 0.0605
		-0.0097 	 0.9871 	 0.1599
		-0.0597 	 -0.1602 	 0.9853
		-0.7614 	 -0.0393 	 0.2646
	}
}
{volume "piece09"
	{box 21.9196 3.79439 0.545641}
	{bone "piece09"}
	{matrix34
		0.9964 	 0.0822 	 -0.0208
		-0.0836 	 0.9934 	 -0.0784
		0.0142 	 0.0799 	 0.9967
		-0.0836 	 0.0354 	 0.0483
	}
}
{volume "piece10"
	{box 0.431331 15.1383 3.18539}
	{bone "piece10"}
	{matrix34
		0.9864 	 -0.0775 	 0.1448
		0.0767 	 0.997 	 0.0113
		-0.1452 	 0 	 0.9894
		0.173 	 0 	 -0.0449
	}
}
{volume "piece11"
	{box 56.3107 0.870399 1.5571}
	{bone "piece11"}
	{matrix34
		0.9981 	 0.0612 	 0
		-0.0575 	 0.9379 	 -0.342
		-0.0209 	 0.3414 	 0.9397
		-0.2442 	 0.3418 	 0.0388
	}
}
{volume "piece12"
	{box 29.9016 0.58416 5.18039}
	{bone "piece12"}
	{matrix34
		0.9993 	 0.0029 	 0.0376
		0.013 	 0.9099 	 -0.4146
		-0.0354 	 0.4148 	 0.9092
		-0.0179 	 0.1179 	 -0.0947
	}
}
{volume "piece13"
	{box 41.5632 0.58416 4.07801}
	{bone "piece13"}
	{matrix34
		0.9868 	 -0.1578 	 0.0376
		0.159 	 0.896 	 -0.4146
		0.0318 	 0.4151 	 0.9092
		0.2346 	 2.2266 	 0.9312
	}
}
