;Exported by	: Oleksandr Tsaprylov
;Date			: 03.02.2023 17:53:30
;File			: E:\projects\gem2-mdl-soldiers\models\entourage\shed_wood_destroyed\shed_wood_destroyed.max
{skeleton
	{bone "shed_wood_destroyed_b_piece_002"
		{orientation
			1 	 0 	 0
			0 	 -1 	 0
			0 	 0 	 1
		}
		{poly "shed_wood_destroyed_b_piece_002"}
	}
}
{obstacle "obstacle01"
	{obb2
		{center 29.6193 21.3852}
		{extent 9.31684 9.72127}
		{axis -1 0}
	}
	{rotate}
}
{obstacle "obstacle02"
	{obb2
		{center -42.4776 21.3852}
		{extent 9.00969 9.50281}
		{axis -1 0}
	}
	{rotate}
}
{obstacle "obstacle03"
	{obb2
		{center 12.9489 18.995}
		{extent 48.9648 5.38493}
		{axis -1 0}
	}
	{rotate}
}
{"volumes"
	{"body01"
		{polyhedron}
		{bone "shed_wood_destroyed_b_piece_002"}
		{Position -5.7769 	 -19.162 	 0}
	}
	{"body02"
		{box 16.0576 17.6097 49.924}
		{bone "shed_wood_destroyed_b_piece_002"}
		{Position 29.644 	 -21.3285 	 24.962}
	}
	{"body03"
		{box 16.0576 17.6097 19.9696}
		{bone "shed_wood_destroyed_b_piece_002"}
		{Position -42.584 	 -21.3285 	 9.9848}
	}
	{"body04"
		{box 7.16952 2.91339 92.416}
		{bone "shed_wood_destroyed_b_piece_002"}
		{matrix34
			0 	 0 	 1
			0 	 1 	 0
			-1 	 0 	 0
			-5.9628 	 -19.8354 	 67.0639
		}
	}
	{"body05"
		{box 2.3622 2.98768 88.8707}
		{bone "shed_wood_destroyed_b_piece_002"}
		{matrix34
			-1 	 0 	 0
			0 	 -0.5736 	 0.8192
			0 	 0.8192 	 0.5736
			-51.8186 	 -4.5585 	 80.0218
		}
	}
	{"body06"
		{box 2.3622 2.98768 59.3599}
		{bone "shed_wood_destroyed_b_piece_002"}
		{matrix34
			-1 	 0 	 0
			0 	 -0.5736 	 0.8192
			0 	 0.8192 	 0.5736
			-10.0224 	 -27.3283 	 64.1402
		}
	}
	{"body07"
		{box 2.3622 2.98768 18.9121}
		{bone "shed_wood_destroyed_b_piece_002"}
		{matrix34
			-1 	 0 	 0
			0 	 -0.5736 	 0.8192
			0 	 0.8192 	 0.5736
			-32.5102 	 -26.8742 	 64.4581
		}
	}
	{"body08"
		{box 2.3622 2.98768 62.6148}
		{bone "shed_wood_destroyed_b_piece_002"}
		{matrix34
			-1 	 0 	 0
			0 	 0 	 1
			0 	 1 	 0
			-51.8186 	 11.8262 	 69.3248
		}
	}
	{"body09"
		{box 2.3622 2.98768 42.1021}
		{bone "shed_wood_destroyed_b_piece_002"}
		{matrix34
			-1 	 0 	 0
			0 	 0 	 1
			0 	 1 	 0
			-51.8186 	 31.1859 	 89.4625
		}
	}
	{"body10"
		{box 2.3622 2.98768 46.9611}
		{bone "shed_wood_destroyed_b_piece_002"}
		{matrix34
			-1 	 0 	 0
			0 	 0 	 1
			0 	 1 	 0
			30.1377 	 3.9994 	 69.3248
		}
	}
	{"body11"
		{box 1.58472 7.22272 9.58311}
		{bone "shed_wood_destroyed_b_piece_002"}
		{matrix34
			-0.0046 	 0.5965 	 -0.8026
			0.0933 	 -0.7988 	 -0.5943
			-0.9956 	 -0.0776 	 -0.052
			36.2957 	 -15.1513 	 72.7833
		}
	}
	{"body12"
		{box 1.58472 7.22272 48.0225}
		{bone "shed_wood_destroyed_b_piece_002"}
		{matrix34
			-0.0219 	 0.576 	 -0.8171
			-0.7224 	 -0.5741 	 -0.3853
			-0.6911 	 0.5819 	 0.4287
			-42.6503 	 -8.3515 	 81.2376
		}
	}
	{"body13"
		{box 2.3622 2.98768 95.6422}
		{bone "shed_wood_destroyed_b_piece_002"}
		{matrix34
			-1 	 0 	 0
			0 	 -0.5736 	 0.8192
			0 	 0.8192 	 0.5736
			30.7969 	 -12.4678 	 74.5455
		}
	}
	{"body14"
		{box 0.945827 10.1683 26.5278}
		{bone "shed_wood_destroyed_b_piece_002"}
		{matrix34
			-1 	 0 	 0
			0 	 -1 	 0
			0 	 0 	 1
			-53.0916 	 18.2553 	 82.5887
		}
	}
}
