;Exported by	: joomb
;Date			: 17.04.2024 15:16:04
;File			: h:\git\gem2-mdl-soldiers\models\building\buildings_ru\barn_ru001_x.max
{skeleton
	{bone "barn_ru_001_piece19_point"
		{orientation
			1 	 0 	 0
			0 	 -1 	 0
			0 	 0 	 1
		}
		{bone "piece01"
			{matrix34
				0.5 	 0.866 	 0
				-0.866 	 0.5 	 0
				0 	 0 	 1
				6.6409 	 12.3061 	 23.0025
			}
			{poly "piece01"}
		}
		{bone "sub_piece01"
			{matrix34
				-0.6428 	 -0.766 	 0
				-0.766 	 0.6428 	 0
				0 	 0 	 -1
				-12.2862 	 -9.9315 	 -11.775
			}
			{poly "sub_piece01"}
		}
		{bone "sub_piece02"
			{matrix34
				-0.6428 	 -0.766 	 0
				-0.766 	 0.6428 	 0
				0 	 0 	 -1
				3.7933 	 9.2312 	 1.3413
			}
			{poly "sub_piece02"}
		}
		{bone "sub_piece03"
			{matrix34
				0.6427 	 0.7659 	 0.0175
				-0.766 	 0.6428 	 0
				-0.0112 	 -0.0134 	 0.9998
				-5.6074 	 -1.9721 	 15.068
			}
			{poly "sub_piece03"}
		}
	}
}
{"volumes"
	{"piece01"
		{box 1.1811 13.7948 21.3968}
		{bone "piece01"}
		{matrix34
			-0.1736 	 -0.9848 	 0
			0.9848 	 -0.1736 	 0
			0 	 0 	 1
			-0.0277 	 0.2915 	 0.4826
		}
	}
	{"sub_piece01"
		{box 1.1811 5.14731 23.206}
		{bone "sub_piece01"}
		{matrix34
			0 	 -1 	 0
			-1 	 0 	 0
			0 	 0 	 -1
			0.1893 	 0.0774 	 0.8676
		}
	}
	{"sub_piece02"
		{box 1.1811 5.14731 24.88}
		{bone "sub_piece02"}
		{matrix34
			0 	 -1 	 0
			-1 	 0 	 0
			0 	 0 	 -1
			0.2658 	 0.0774 	 0.7092
		}
	}
	{"sub_piece03"
		{box 1.1811 5.14731 24.88}
		{bone "sub_piece03"}
		{matrix34
			0 	 -1 	 0
			0.9998 	 0 	 -0.0175
			0.0175 	 0 	 0.9998
			-0.0724 	 0.0774 	 -0.1379
		}
	}
}
