;Exported by	: joomb
;Date			: 13.04.2023 14:30:52
;File			: H:\git\gem2-mdl-soldiers\models\building\building_ua01\building_ua03_v2.max
{skeleton
	{bone "b_ua_03_piece04"
		{orientation
			1 	 0 	 0
			0 	 -1 	 0
			0 	 0 	 1
		}
		{poly "b_ua_03_piece04"}
		{bone "window"
			{Position 12.8277 	 12.1907 	 -33.5863}
			{poly "window"}
		}
		{bone "fort_wall"
			{matrix34
				0 	 -1 	 0
				1 	 0 	 0
				0 	 0 	 1
				21.6188 	 -8.4741 	 -57.0239
			}
		}
		{bone "window_x"
			{Position 12.5383 	 12.1907 	 -33.5863}
			{poly "window_x"}
		}
		{bone revolute "attach1"
			{Position -4.2651 	 14.83 	 -59.2407}
		}
		{bone "fort_window"
			{matrix34
				0.9986 	 -0.0522 	 0
				0.0522 	 0.9986 	 0
				0 	 0 	 1
				17.4761 	 10.5263 	 -33.5863
			}
		}
	}
}
{"volumes"
	{"body01"
		{box 20.8211 5.90551 47.6357}
		{bone "b_ua_03_piece04"}
		{Position 3.4857 	 -31.0105 	 -35.3578}
	}
	{"body02"
		{box 11.027 5.90551 17.4152}
		{bone "b_ua_03_piece04"}
		{matrix34
			0.7071 	 0 	 -0.7071
			0 	 1 	 0
			0.7071 	 0 	 0.7071
			-6.7584 	 -31.0105 	 -31.0322
		}
	}
	{"body03"
		{box 60.173 5.90551 51.2212}
		{bone "b_ua_03_piece04"}
		{matrix34
			0 	 1 	 0
			-1 	 0 	 0
			0 	 0 	 1
			10.8197 	 2.0202 	 -33.5651
		}
	}
	{"body04"
		{box 9.02596 5.90551 22.5373}
		{bone "b_ua_03_piece04"}
		{matrix34
			0 	 1 	 0
			-1 	 0 	 0
			0 	 0 	 1
			10.8197 	 36.1887 	 -31.395
		}
	}
	{"hole"
		{box 7.87402 13.1774 16.1973}
		{bone "b_ua_03_piece04"}
		{Position 13.0641 	 12.2426 	 -33.5105}
	}
	{"roof01"
		{polyhedron}
		{bone "b_ua_03_piece04"}
		{matrix34
			1 	 0 	 0
			0 	 0.7873 	 -0.6166
			0 	 0.6166 	 0.7873
			0.8605 	 -42.1129 	 -14.8473
		}
	}
	{"roof02"
		{box 17.1459 1.9685 26.4955}
		{bone "b_ua_03_piece04"}
		{matrix34
			0.9129 	 0.2517 	 0.3214
			0 	 0.7873 	 -0.6166
			-0.4083 	 0.5628 	 0.7187
			-14.1361 	 -4.1381 	 33.6427
		}
	}
	{"roof03"
		{polyhedron}
		{bone "b_ua_03_piece04"}
		{matrix34
			0 	 1 	 0
			-0.8703 	 0 	 -0.4926
			-0.4926 	 0 	 0.8703
			22.7771 	 -6.8897 	 -13.0029
		}
	}
	{"window"
		{box 1.9685 13.1774 16.1973}
		{bone "window"}
		{Position -1.9449 	 -0.229 	 -0.0206}
	}
}
