;Exported by	: KobaA
;Date			: 28.03.2024 12:38:05
;File			: d:\git\gem2-mdl-soldiers\models\entourage\barrel_wood\barrel_wood.max
{skeleton
	{bone "barrel_wood_03_x"
		{orientation
			1 	 0 	 0
			0 	 -1 	 0
			0 	 0 	 1
		}
		{bone "piece01"
			{matrix34
				0.7219 	 -0.692 	 0
				0.692 	 0.7219 	 0
				0 	 0 	 1
				-1.5952 	 15.0112 	 5.1486
			}
			{poly "piece01"}
		}
		{bone "piece03"
			{matrix34
				0.8592 	 -0.473 	 0.1952
				0.4985 	 0.8598 	 -0.1106
				-0.1156 	 0.1923 	 0.9745
				-7.434 	 19.3936 	 4.5582
			}
			{poly "piece03"}
		}
		{bone "piece04"
			{matrix34
				0.4778 	 0.042 	 -0.8775
				0.8531 	 0.2162 	 0.4749
				0.2096 	 -0.9755 	 0.0674
				-8.3497 	 4.6554 	 9.5241
			}
			{poly "piece04"}
		}
		{bone "piece05"
			{matrix34
				0.2162 	 0.602 	 -0.7687
				0.9535 	 0.039 	 0.2988
				0.2099 	 -0.7975 	 -0.5656
				-11.6034 	 2.6715 	 9.4512
			}
			{poly "piece05"}
		}
		{bone "piece06"
			{matrix34
				0.3285 	 -0.1084 	 -0.9383
				0.9307 	 0.2063 	 0.3021
				0.1609 	 -0.9725 	 0.1686
				16.3806 	 14.3427 	 9.561
			}
			{poly "piece06"}
		}
		{bone "piece07"
			{matrix34
				0.5475 	 0.0403 	 -0.8359
				0.8148 	 0.2019 	 0.5434
				0.1907 	 -0.9786 	 0.0778
				11.5723 	 11.4617 	 9.4587
			}
			{poly "piece07"}
		}
		{bone "piece08"
			{matrix34
				-0.4764 	 -0.046 	 -0.878
				0.8742 	 -0.1315 	 -0.4674
				-0.094 	 -0.9902 	 0.1029
				14.5681 	 11.7102 	 9.524
			}
			{poly "piece08"}
		}
		{bone "fx_wood1"
			{Position 3.6983 	 3.8838 	 4.8337}
		}
		{bone "fx_dust1"
			{Position 2.9856 	 13.4493 	 0}
		}
		{bone "fx_dust2"
			{Position 2.9856 	 13.4493 	 0}
		}
		{bone "fx_wood2"
			{Position 2.9856 	 13.4493 	 0}
		}
		{bone "fx_wood2a"
			{Position 2.9856 	 13.4493 	 0}
		}
		{bone "piece09"
			{matrix34
				0.9877 	 0.1561 	 -0.0109
				-0.1564 	 0.9853 	 -0.0689
				0 	 0.0698 	 0.9976
				-271.348 	 555.193 	 -48.0263
			}
			{poly "piece09"}
		}
		{bone "piece10"
			{matrix34
				0.4144 	 0.0273 	 0.9097
				-0.2572 	 0.9623 	 0.0883
				-0.873 	 -0.2705 	 0.4058
				13.0095 	 -5.099 	 9.7646
			}
			{poly "piece10"}
		}
		{bone "piece11"
			{matrix34
				0.9714 	 -0.0503 	 0.232
				0.1473 	 0.894 	 -0.4232
				-0.1861 	 0.4453 	 0.8758
				7.1274 	 -9.9226 	 10.8486
			}
			{poly "piece11"}
		}
		{bone "piece12"
			{matrix34
				0.9491 	 0.0287 	 0.3138
				-0.0177 	 0.9991 	 -0.0376
				-0.3146 	 0.0302 	 0.9487
				9.7188 	 -0.8883 	 9.7646
			}
			{poly "piece12"}
		}
		{bone "piece13"
			{matrix34
				0.0652 	 -0.9978 	 -0.0109
				0.9954 	 0.0658 	 -0.0689
				0.0695 	 -0.0064 	 0.9976
				570.684 	 212.559 	 -48.0263
			}
			{poly "piece13"}
		}
		{bone "piece14"
			{matrix34
				-0.4179 	 0.2257 	 0.88
				-0.3745 	 -0.9253 	 0.0595
				0.8277 	 -0.3047 	 0.4712
				-6.9681 	 -9.4848 	 9.8361
			}
			{poly "piece14"}
		}
		{bone "piece02"
			{matrix34
				-0.0581 	 -0.9477 	 0.3138
				0.9966 	 -0.0736 	 -0.0376
				0.0588 	 0.3105 	 0.9487
				-7.5634 	 -16.5702 	 9.7646
			}
			{poly "piece02"}
		}
	}
}
{"volumes"
	{"piece01"
		{box 9.01274 16.3363 2.59126}
		{bone "piece01"}
		{matrix34
			0.0211 	 0.9998 	 0
			-0.9657 	 0.0204 	 0.2588
			0.2588 	 -0.0055 	 0.9659
			0.4782 	 -0.5242 	 0.0543
		}
	}
	{"piece02"
		{box 2.56054 24.5806 0.616743}
		{bone "piece02"}
		{matrix34
			-0.2039 	 0.9059 	 0.3712
			0.4246 	 -0.2599 	 0.8673
			0.8821 	 0.3344 	 -0.3316
			1.2553 	 1.11 	 2.0309
		}
	}
	{"piece03"
		{box 8.53479 0.682495 5.82519}
		{bone "piece03"}
		{matrix34
			0.2731 	 0.9605 	 0.0543
			-0.942 	 0.2555 	 0.2177
			0.1952 	 -0.1106 	 0.9745
			-0.0284 	 -0.1785 	 -0.2458
		}
	}
	{"piece04"
		{box 9.01274 16.3363 2.29126}
		{bone "piece04"}
		{matrix34
			0.4778 	 0.8531 	 0.2096
			-0.8585 	 0.4027 	 0.3176
			0.1865 	 -0.3317 	 0.9248
			0.0173 	 0.5732 	 -2.6675
		}
	}
	{"piece05"
		{box 5.2942 15.5195 4.83332}
		{bone "piece05"}
		{matrix34
			0.2162 	 0.9535 	 0.2099
			-0.8182 	 0.2942 	 -0.4939
			-0.5327 	 -0.0649 	 0.8438
			0.3312 	 0.388 	 0.2008
		}
	}
	{"piece06"
		{box 5.60364 16.027 0.955735}
		{bone "piece06"}
		{matrix34
			0.3435 	 0.7563 	 0.5568
			-0.9383 	 0.302 	 0.1686
			-0.0406 	 -0.5803 	 0.8134
			-0.0321 	 0.093 	 -0.7105
		}
	}
	{"piece07"
		{box 3.05095 14.3306 5.5796}
		{bone "piece07"}
		{matrix34
			0.5475 	 0.8148 	 0.1907
			-0.8359 	 0.5434 	 0.0778
			-0.0403 	 -0.2019 	 0.9786
			-0.2265 	 -0.0608 	 0.3628
		}
	}
	{"piece08"
		{box 2.94001 15.762 2.84639}
		{bone "piece08"}
		{matrix34
			-0.4764 	 0.8742 	 -0.094
			-0.878 	 -0.4674 	 0.1029
			0.046 	 0.1315 	 0.9902
			-1.2771 	 3.5461 	 1.1451
		}
	}
	{"piece09"
		{box 2.8709 24.891 0.63079}
		{bone "piece09"}
		{matrix34
			0.7194 	 -0.6945 	 0.0123
			-0.1001 	 -0.0861 	 0.9912
			-0.6874 	 -0.7143 	 -0.1315
			180.587 	 -600.737 	 21.3061
		}
	}
	{"piece10"
		{box 3.23947 24.7009 0.63579}
		{bone "piece10"}
		{matrix34
			0.6217 	 0.1182 	 -0.7743
			0.7773 	 0.0286 	 0.6285
			0.0964 	 -0.9926 	 -0.0741
			2.4807 	 -0.4471 	 -0.0855
		}
	}
	{"piece11"
		{box 2.71572 24.2601 0.50579}
		{bone "piece11"}
		{matrix34
			0.316 	 0.4776 	 -0.8198
			0.944 	 -0.0714 	 0.3222
			0.0954 	 -0.8757 	 -0.4734
			0.3365 	 -2.196 	 1.5667
		}
	}
	{"piece12"
		{box 2.56054 24.5806 0.616743}
		{bone "piece12"}
		{matrix34
			-0.2039 	 0.9059 	 0.3712
			0.4246 	 -0.2599 	 0.8673
			0.8821 	 0.3344 	 -0.3316
			1.2553 	 1.11 	 2.0309
		}
	}
	{"piece13"
		{box 2.8709 24.891 0.63079}
		{bone "piece13"}
		{matrix34
			0.7194 	 -0.6945 	 0.0123
			-0.1001 	 -0.0861 	 0.9912
			-0.6874 	 -0.7143 	 -0.1315
			180.587 	 -600.737 	 21.306
		}
	}
	{"piece14"
		{box 3.23947 24.7009 0.63579}
		{bone "piece14"}
		{matrix34
			0.6217 	 0.1182 	 -0.7743
			0.7773 	 0.0286 	 0.6285
			0.0964 	 -0.9926 	 -0.0741
			2.4807 	 -0.4472 	 -0.0856
		}
	}
}
