;Exported by	: KobaA
;Date			: 12.01.2024 14:23:27
;File			: d:\git\gem2-mdl-soldiers\models\building\house_90\house_90_fort.max
{skeleton
	{bone "h_90_piece07"
		{orientation
			1 	 0 	 0
			0 	 -1 	 0
			0 	 0 	 1
		}
		{poly "h_90_piece07"}
		{bone "fix01"
			{Position -32.4341 	 -11.2566 	 -24.8124}
		}
	}
}
{"volumes"
	{"body01"
		{polyhedron}
		{bone "h_90_piece07"}
		{matrix34
			0 	 1 	 0
			-1 	 0 	 0
			0 	 0 	 1
			-30.2491 	 -0.2881 	 -30.3208
		}
	}
	{"body02"
		{polyhedron}
		{bone "h_90_piece07"}
		{matrix34
			0 	 1 	 0
			-1 	 0 	 0
			0 	 0 	 1
			-30.2491 	 18.6088 	 -30.1354
		}
	}
	{"body03"
		{box 15.4 16.7778 56.6204}
		{bone "h_90_piece07"}
		{Position -28.6726 	 5.7327 	 5.1608}
	}
	{"body04"
		{polyhedron}
		{bone "h_90_piece07"}
		{matrix34
			0 	 1 	 0
			-1 	 0 	 0
			0 	 0 	 1
			-30.2491 	 -26.0309 	 -25.7048
		}
	}
	{"roof01"
		{box 46.8409 1.9685 38.5011}
		{bone "h_90_piece07"}
		{matrix34
			-1 	 0 	 0
			0 	 -0.7071 	 -0.7071
			0 	 -0.7071 	 0.7071
			-10.2708 	 20.4204 	 3.389
		}
	}
	{"roof02"
		{box 49.9559 1.9685 35.0847}
		{bone "h_90_piece07"}
		{matrix34
			1 	 0 	 0
			0 	 0.7071 	 -0.7071
			0 	 0.7071 	 0.7071
			-8.622 	 -8.3602 	 4.095
		}
	}
	{"roof03"
		{box 14.9868 1.9685 14.7356}
		{bone "h_90_piece07"}
		{matrix34
			1 	 0 	 0
			0 	 0.7071 	 -0.7071
			0 	 0.7071 	 0.7071
			20.6406 	 -13.3513 	 -0.8961
		}
	}
	{"roof04"
		{box 25.2835 1.9685 30.8745}
		{bone "h_90_piece07"}
		{matrix34
			1 	 0 	 0
			0 	 0.7071 	 -0.7071
			0 	 0.7071 	 0.7071
			-19.8875 	 -26.7182 	 -14.2629
		}
	}
}
