;Exported by:	 KobaA
;Date:			 03.11.2020 12:09:47
;File:			 G:\_GIT_\gem2\gem2-mdl-soldiers\models\entourage\ladder\ladders_new.max
{skeleton
	{bone "ladder_construction_03"
		{orientation
			1 	 0 	 0
			0 	 -1 	 0
			0 	 0 	 1
		}
		{bone "body"
			{matrix34
				0 	 1 	 0
				-1 	 0 	 0
				0 	 0 	 1
				0.4358 	 0.4803 	 10.2197
			}
			{poly "body"}
		}
	}
}
{obstacle "obstacle"
	{obb2
		{center 0.284119 -0.111908}
		{extent 8.83856 19.674}
		{axis 1 5.63942e-007}
	}
	{rotate}
}
{volume "body01"
	{box 15.748 39.3701 0.984252}
	{bone "body"}
	{matrix34
		0 	 1 	 0
		-1 	 0 	 0
		0 	 0 	 1
		-0.4004 	 -0.3972 	 10.3984
	}
}
{volume "body02"
	{box 2.17165 2.17165 21.6535}
	{bone "body"}
	{matrix34
		0 	 1 	 0
		-1 	 0 	 0
		0 	 0 	 1
		-16.7 	 6.3979 	 -0.0451
	}
}
{volume "body03"
	{box 2.17165 2.17165 21.6535}
	{bone "body"}
	{matrix34
		0 	 1 	 0
		-1 	 0 	 0
		0 	 0 	 1
		-16.882 	 -6.9001 	 -0.0451
	}
}
{volume "body04"
	{box 2.17165 2.17165 21.6535}
	{bone "body"}
	{matrix34
		0 	 1 	 0
		-1 	 0 	 0
		0 	 0 	 1
		16.3238 	 -6.7136 	 -0.0451
	}
}
{volume "body05"
	{box 2.17165 2.17165 21.6535}
	{bone "body"}
	{matrix34
		0 	 1 	 0
		-1 	 0 	 0
		0 	 0 	 1
		16.5058 	 6.5844 	 -0.0451
	}
}
{volume "body06"
	{box 0.393701 34.7799 1.49133}
	{bone "body"}
	{matrix34
		0.0167 	 0.9998 	 -0.0051
		-0.9396 	 0.0139 	 -0.3421
		-0.3419 	 0.0105 	 0.9397
		-0.4704 	 8.0321 	 0.2729
	}
}
{volume "body07"
	{box 0.393701 34.7799 1.49133}
	{bone "body"}
	{matrix34
		0.0003 	 1 	 0.0009
		-0.9397 	 0 	 0.342
		0.342 	 -0.0009 	 0.9397
		0.0397 	 -7.8274 	 -0.1499
	}
}
{volume "body08"
	{box 0.393701 34.7799 1.49133}
	{bone "body"}
	{matrix34
		0.0003 	 1 	 0.0009
		-0.9613 	 0.0005 	 -0.2756
		-0.2756 	 -0.0008 	 0.9613
		-0.4209 	 -8.6279 	 0.4226
	}
}
