;Exported by	: KobaA
;Date			: 11.01.2024 14:04:13
;File			: d:\git\gem2-mdl-soldiers\models\building\house_001a_g2\house_001a_g2_x.max
{skeleton
	{bone "house_001a_piece_006_x"
		{orientation
			1 	 0 	 0
			0 	 -1 	 0
			0 	 0 	 1
		}
		{bone "sub_piece07"
			{matrix34
				-1 	 0 	 0
				0 	 -1 	 0
				0 	 0 	 1
				-3.539 	 8.4108 	 45.7237
			}
			{poly "sub_piece07"}
		}
		{bone "piece04"
			{Position -0.7961 	 -8.8752 	 35.8726}
			{poly "piece04"}
		}
		{bone "sub_piece08"
			{Position -2.684 	 -27.3815 	 24.9731}
			{poly "sub_piece08"}
		}
		{bone "sub_piece06"
			{Position 5.4452 	 7.2918 	 -4.5196}
			{poly "sub_piece06"}
		}
		{bone "sub_piece04"
			{matrix34
				1 	 0 	 0
				0 	 -1 	 0
				0 	 0 	 -1
				4.2179 	 -17.6734 	 -4.5196
			}
			{poly "sub_piece04"}
		}
		{bone "sub_piece03"
			{Position -6.8897 	 -23.5901 	 23.4864}
			{poly "sub_piece03"}
		}
		{bone "sub_piece00"
			{Position -6.8898 	 -13.4508 	 30.348}
			{poly "sub_piece00"}
		}
		{bone "piece03"
			{Position -6.8899 	 -3.5555 	 11.1458}
			{poly "piece03"}
			{bone "sub_piece05"
				{Position 0 	 9.6668 	 4.4047}
				{poly "sub_piece05"}
			}
		}
		{bone "piece02"
			{Position -6.8899 	 3.2335 	 29.7812}
			{poly "piece02"}
			{bone "sub_piece01"
				{Position 0 	 -0.9499 	 9.5147}
				{poly "sub_piece01"}
			}
		}
		{bone "piece01"
			{Position -6.8899 	 2.7933 	 1.7947}
			{poly "piece01"}
		}
		{bone "piece00"
			{Position -6.8898 	 -16.1681 	 6.7982}
			{poly "piece00"}
			{bone "sub_piece02"
				{Position 0 	 -7.6688 	 1.026}
				{poly "sub_piece02"}
			}
		}
	}
}
{"volumes"
	{"piece00"
		{box 5.90551 9.50386 26.8228}
		{bone "piece00"}
		{matrix34
			-1 	 0 	 0
			0 	 -0.9063 	 -0.4226
			0 	 -0.4226 	 0.9063
			-0.0018 	 1.1487 	 0.3879
		}
	}
	{"piece01"
		{box 5.90551 11.7768 16.7814}
		{bone "piece01"}
		{matrix34
			-1 	 0 	 0
			0 	 -0.9537 	 0.3007
			0 	 0.3007 	 0.9537
			-0.0016 	 1.3575 	 0.6476
		}
	}
	{"piece02"
		{box 5.90551 12.1207 11.747}
		{bone "piece02"}
		{matrix34
			-1 	 0 	 0
			0 	 -0.887 	 -0.4617
			0 	 -0.4617 	 0.887
			-0.0016 	 1.6329 	 -1.3143
		}
	}
	{"piece03"
		{box 5.90551 9.48905 9.48454}
		{bone "piece03"}
		{matrix34
			-1 	 0 	 0
			0 	 1 	 0
			0 	 0 	 -1
			-0.0016 	 -1.6774 	 -2.3673
		}
	}
	{"piece04"
		{box 2.3622 2.3622 34.9031}
		{bone "piece04"}
		{matrix34
			0 	 0 	 -1
			0 	 -1 	 0
			-1 	 0 	 0
			-1.1909 	 -0.0035 	 0.0282
		}
	}
	{"sub_piece00"
		{box 5.90551 11.4504 8.76562}
		{bone "sub_piece00"}
		{matrix34
			-1 	 0 	 0
			0 	 -0.866 	 -0.5
			0 	 -0.5 	 0.866
			-0.0018 	 0.8823 	 -0.1594
		}
	}
	{"sub_piece01"
		{box 5.90551 17.0902 8.76562}
		{bone "sub_piece01"}
		{matrix34
			-1 	 0 	 0
			0 	 -0.9063 	 -0.4226
			0 	 -0.4226 	 0.9063
			-0.0017 	 -0.0951 	 -0.5561
		}
	}
	{"sub_piece02"
		{box 5.90551 4.75193 18.2395}
		{bone "sub_piece02"}
		{matrix34
			-1 	 0 	 0
			0 	 -0.9063 	 -0.4226
			0 	 -0.4226 	 0.9063
			-0.0018 	 -0.0898 	 -0.6568
		}
	}
	{"sub_piece03"
		{box 5.90551 11.4504 8.76562}
		{bone "sub_piece03"}
		{matrix34
			-1 	 0 	 0
			0 	 -0.866 	 -0.5
			0 	 -0.5 	 0.866
			-0.0018 	 -0.1764 	 -0.162
		}
	}
	{"sub_piece04"
		{box 2.95276 2.95276 28.6205}
		{bone "sub_piece04"}
		{matrix34
			0 	 0 	 1
			0 	 1 	 0
			-1 	 0 	 0
			-1.871 	 0.0413 	 0.0228
		}
	}
	{"sub_piece05"
		{box 5.90551 7.30163 11.747}
		{bone "sub_piece05"}
		{matrix34
			-1 	 0 	 0
			0 	 -0.9914 	 0.1305
			0 	 0.1305 	 0.9914
			-0.0016 	 0.4856 	 -0.7845
		}
	}
	{"sub_piece06"
		{box 2.95276 2.95276 34.9031}
		{bone "sub_piece06"}
		{matrix34
			0 	 0 	 -1
			0 	 -1 	 0
			-1 	 0 	 0
			-2.1154 	 -0.06 	 -0.0228
		}
	}
	{"sub_piece07"
		{box 2.3622 2.3622 29.6676}
		{bone "sub_piece07"}
		{matrix34
			0 	 0 	 -1
			0 	 1 	 0
			1 	 0 	 0
			1.2718 	 -0.0119 	 -0.0474
		}
	}
	{"sub_piece08"
		{box 2.3622 2.3622 30.3505}
		{bone "sub_piece08"}
		{matrix34
			0 	 0 	 -1
			0 	 -1 	 0
			-1 	 0 	 0
			-1.5247 	 -0.034 	 -0.0237
		}
	}
}
