;Exported by	: KobaA
;Date			: 09.11.2023 11:55:59
;File			: D:\git\gem2-mdl-soldiers\models\flora\swamp_flora\swamp_flora_normal_fix_anim.max
{skeleton
	{bone "birch_tree_1b"
		{orientation
			1 	 0 	 0
			0 	 -1 	 0
			0 	 0 	 1
		}
		{poly "birch_tree_1b"}
		{bone "rootx"
			{matrix34
				-0.6444 	 0.7503 	 0.1477
				-0.1152 	 0.0957 	 -0.9887
				-0.756 	 -0.6541 	 0.0248
				-0.2112 	 0.4478 	 -6.7158
			}
			{poly "rootx"}
		}
	}
}
{"volumes"
	{"bole_01"
		{cylinder 2.41362 155.828}
		{bone "birch_tree_1b"}
		{matrix34
			0.9994 	 0.0006 	 0.0349
			0 	 0.9998 	 -0.0175
			-0.0349 	 0.0174 	 0.9992
			-2.5288 	 -0.0177 	 75.777
		}
	}
	{"crown"
		{box 64.8999 32.8005 114.502}
		{bone "birch_tree_1b"}
		{matrix34
			0.788 	 -0.6157 	 0
			0.6157 	 0.788 	 0
			0 	 0 	 1
			-0.8963 	 -0.7571 	 179.484
		}
	}
}
