;Exported by:	 tolokolnikova
;Date:			 14.12.2017 10:04:35
;File:			 D:\gem2\gem2-mdl-soldiers\models\building\building_ua01\building_ua03_v2_x.max
{skeleton
	{bone "b_ua_03_piece01_point"
		{orientation
			1 	 0 	 0
			0 	 -1 	 0
			0 	 0 	 1
		}
		{bone "b_ua_03_piece01"
			{Position 73.9095 	 7.0125 	 -75.1985}
			{poly "b_ua_03_piece01"}
		}
		{bone "sub_piece04"
			{matrix34
				0.5736 	 0 	 0.8192
				0 	 1 	 0
				-0.8192 	 0 	 0.5736
				22.1864 	 -58.294 	 -14.5342
			}
			{poly "sub_piece04"}
		}
		{bone "sub_piece01"
			{matrix34
				0 	 1 	 0
				-1 	 0 	 0
				0 	 0 	 1
				-15.1538 	 -58.0791 	 -22.7199
			}
			{poly "sub_piece01"}
		}
		{bone "piece01"
			{matrix34
				0 	 1 	 0
				-0.866 	 0 	 -0.5
				-0.5 	 0 	 0.866
				25.9157 	 -27.4328 	 -20.8059
			}
			{poly "piece01"}
		}
		{bone "piece02"
			{matrix34
				0 	 1 	 0
				-1 	 0 	 0
				0 	 0 	 1
				-25.6501 	 -27.4442 	 -19.1983
			}
			{poly "piece02"}
		}
		{bone "piece03"
			{matrix34
				0 	 1 	 0
				-1 	 0 	 0
				0 	 0 	 1
				3.8611 	 -27.464 	 -18.1537
			}
			{poly "piece03"}
		}
		{bone "piece04"
			{matrix34
				0 	 1 	 0
				-0.9659 	 0 	 0.2588
				0.2588 	 0 	 0.9659
				-13.398 	 -27.5487 	 -29.3614
			}
			{poly "piece04"}
		}
		{bone "sub_piece05"
			{matrix34
				0 	 1 	 0
				-0.7071 	 0 	 -0.7071
				-0.7071 	 0 	 0.7071
				-12.7001 	 -27.4442 	 -18.3007
			}
			{poly "sub_piece05"}
		}
		{bone "piece05"
			{Position -30.2566 	 -14.6411 	 -19.7079}
			{poly "piece05"}
		}
		{bone "sub_piece06"
			{matrix34
				1 	 0 	 0
				0 	 0.7071 	 -0.7071
				0 	 0.7071 	 0.7071
				-30.268 	 -15.5978 	 -34.1798
			}
			{poly "sub_piece06"}
		}
		{bone "piece06"
			{Position -30.3725 	 5.584 	 -16.8662}
			{poly "piece06"}
		}
		{bone "sub_piece02"
			{matrix34
				1 	 0 	 0
				0 	 -0.7808 	 0.6247
				0 	 0.6247 	 0.7808
				17.5138 	 -39.9278 	 27.1352
			}
			{poly "sub_piece02"}
		}
		{bone "sub_piece07"
			{matrix34
				-1 	 0 	 0
				0 	 -1 	 0
				0 	 0 	 1
				-22.8306 	 -47.5439 	 9.0863
			}
			{poly "sub_piece07"}
		}
		{bone "sub_piece03"
			{matrix34
				1 	 0 	 0
				0 	 1 	 0
				0 	 0 	 1
				-59.4779 	 -49.3671 	 1.0104
			}
			{poly "sub_piece03"}
		}
		{bone "stones_001"
			{parameters "commonmesh;land;ground;"}
			{matrix34
				0 	 1 	 0
				-1 	 0 	 0
				0 	 0 	 1
				-1.2117 	 -39.7581 	 -62.9277
			}
			{poly "stones_001" {ground}}
		}
		{bone revolute "attach1"
			{matrix34
				0 	 -1 	 0
				1 	 0 	 0
				0 	 0 	 1
				7.5935 	 -10.1103 	 -59.5292
			}
		}
		{bone "debris_land_001"
			{parameters "commonmesh;land;ground;"}
			{matrix34
				0 	 1 	 0
				-1 	 0 	 0
				0 	 0 	 1
				-1.2117 	 -39.7715 	 -62.9277
			}
			{poly "debris_land_001" {ground}}
		}
		{bone "fort_wall"
			{matrix34
				-1 	 0 	 0
				0 	 -1 	 0
				0 	 0 	 1
				-9.2199 	 -35.8211 	 -57.3124
			}
		}
		{bone revolute "attach2"
			{matrix34
				-1 	 0 	 0
				0 	 -1 	 0
				0 	 0 	 1
				-13.3096 	 -2.9546 	 -59.5292
			}
		}
	}
}
{volume "piece01"
	{box 6.49606 15.3478 13.3343}
	{bone "piece01"}
	{matrix34
		1 	 0 	 0
		0 	 0.7071 	 -0.7071
		0 	 0.7071 	 0.7071
		0 	 -0.2917 	 0.4291
	}
}
{volume "piece02"
	{box 6.49606 12.2043 10.1968}
	{bone "piece02"}
	{Position 0 	 0.2133 	 0.278}
}
{volume "piece03"
	{box 6.49606 19.2828 8.76925}
	{bone "piece03"}
	{matrix34
		1 	 0 	 0
		0 	 0.9397 	 0.342
		0 	 -0.342 	 0.9397
		0.0024 	 -1.1802 	 1.0333
	}
}
{volume "piece04"
	{box 6.49606 14.0534 9.25556}
	{bone "piece04"}
	{Position 0 	 -0.7686 	 -0.5346}
}
{volume "piece05"
	{box 6.49606 18.4914 15.6874}
	{bone "piece05"}
	{matrix34
		1 	 0 	 0
		0 	 0.7071 	 -0.7071
		0 	 0.7071 	 0.7071
		0 	 -1.7146 	 0.741
	}
}
{volume "piece06"
	{box 6.49606 14.0534 9.25556}
	{bone "piece06"}
	{Position 0 	 -1.8922 	 -0.5346}
}
{volume "sub_piece01"
	{box 3.93701 12.2043 10.1968}
	{bone "sub_piece01"}
	{Position -0.4759 	 1.0761 	 3.7996}
}
{volume "sub_piece02"
	{box 3.93701 26.8273 34.2495}
	{bone "sub_piece02"}
	{matrix34
		0 	 -0.998 	 0.0639
		-1 	 0 	 0
		0 	 0.0639 	 0.998
		3.0119 	 -1.3875 	 -0.3301
	}
}
{volume "sub_piece03"
	{box 3.93701 26.8273 24.1194}
	{bone "sub_piece03"}
	{matrix34
		0.866 	 0 	 -0.5
		0 	 1 	 0
		0.5 	 0 	 0.866
		-6.6816 	 4.66 	 -5.0596
	}
}
{volume "sub_piece04"
	{box 5.62992 12.2043 10.1968}
	{bone "sub_piece04"}
	{matrix34
		0 	 1 	 0
		-0.5736 	 0 	 0.8192
		0.8192 	 0 	 0.5736
		-2.6732 	 -0.261 	 1.5852
	}
}
{volume "sub_piece05"
	{box 6.49606 9.27527 6.93383}
	{bone "sub_piece05"}
	{Position 0 	 -0.1906 	 0.2306}
}
{volume "sub_piece06"
	{box 6.49606 9.27527 6.93383}
	{bone "sub_piece06"}
	{Position 0 	 -0.1897 	 0.2296}
}
{volume "sub_piece07"
	{box 3.93701 26.8273 24.1194}
	{bone "sub_piece07"}
	{matrix34
		0 	 -0.8192 	 -0.5736
		1 	 0 	 0
		0 	 -0.5736 	 0.8192
		-1.3221 	 3.9868 	 -0.8991
	}
}
{volume "target_vol_007"
	{box 9.84252 9.84252 15.6501}
	{bone "b_ua_03_piece01_point"}
	{matrix34
		0 	 -1 	 0
		1 	 0 	 0
		0 	 0 	 1
		7.5706 	 -11.6724 	 -36.1136
	}
}
{volume "target_vol_010"
	{box 9.84252 9.84252 15.6501}
	{bone "b_ua_03_piece01_point"}
	{matrix34
		-1 	 0 	 0
		0 	 -1 	 0
		0 	 0 	 1
		-14.8716 	 -2.9317 	 -36.1136
	}
}
{volume "vol01"
	{box 68.5484 6.10236 16.7334}
	{bone "b_ua_03_piece01"}
	{Position -72.9433 	 -34.5333 	 24.0365}
}
{volume "vol02"
	{polyhedron}
	{bone "b_ua_03_piece01"}
	{Position -72.9433 	 -34.5333 	 32.1344}
}
{volume "vol03"
	{polyhedron}
	{bone "b_ua_03_piece01"}
	{Position -72.9433 	 -34.5333 	 32.2889}
}
{volume "vol04"
	{box 32.2589 6.10236 16.7334}
	{bone "b_ua_03_piece01"}
	{matrix34
		0 	 -1 	 0
		1 	 0 	 0
		0 	 0 	 1
		-104.242 	 -15.8118 	 24.0365
	}
}
{volume "vol05"
	{polyhedron}
	{bone "b_ua_03_piece01"}
	{matrix34
		0 	 -1 	 0
		1 	 0 	 0
		0 	 0 	 1
		-104.242 	 -14.6717 	 32.214
	}
}
