;Exported by	: KobaA
;Date			: 07.05.2024 17:22:25
;File			: d:\git\gem2-mdl-soldiers\models\fence\hedgehog\hedgehog_details.max
{skeleton
	{bone "basis1"
		{orientation
			1 	 0 	 0
			0 	 -1 	 0
			0 	 0 	 1
		}
		{bone "body"
			{poly "body" {lod 0}}
			{poly "body_lod1" {lod 1}}
			{poly "body_lod2" {lod 2}}
			{poly "body_lod3" {lod 3 {last}}}
			{bone "socket0"
				{Position 22 	 -0.1417 	 -11.1335}
			}
			{bone "socket1"
				{matrix34
					-1 	 0 	 0
					0 	 -1 	 0
					0 	 0 	 1
					-22 	 0.4217 	 -11.1335
				}
			}
			{bone "socket2"
				{matrix34
					0 	 1 	 0
					-1 	 0 	 0
					0 	 0 	 1
					-1.6286 	 22.3519 	 -11.1335
				}
			}
			{bone "socket3"
				{matrix34
					0 	 -1 	 0
					1 	 0 	 0
					0 	 0 	 1
					-1.7598 	 -22.0297 	 -11.1335
				}
			}
		}
	}
}
{obstacle "body02"
	{obb2
		{center 0.387828 0.504993}
		{extent 1.61196 19.7372}
		{axis 0.809017 0.587785}
	}
	{rotate}
}
{obstacle "body04"
	{obb2
		{center -2.27755 -1.44592}
		{extent 19.8325 1.55508}
		{axis 0.390731 0.920505}
	}
	{rotate}
}
{obstacle "body06"
	{obb2
		{center -0.580933 -2.34174}
		{extent 20.0455 1.59684}
		{axis 0.992546 0.121869}
	}
	{rotate}
}
{"volumes"
	{"body01"
		{box 3.57868 46.5854 0.787402}
		{bone "body"}
		{matrix34
			0.8364 	 -0.1705 	 -0.521
			0.4909 	 0.656 	 0.5733
			0.2441 	 -0.7352 	 0.6324
			1.2372 	 0.459 	 12.8576
		}
	}
	{"body02"
		{box 3.37128 46.5854 0.787402}
		{bone "body"}
		{matrix34
			-0.4146 	 0.7518 	 -0.5127
			0.4762 	 0.6593 	 0.5818
			0.7755 	 -0.0029 	 -0.6314
			0.3878 	 -0.505 	 14.6804
		}
	}
	{"body03"
		{box 3.3379 46.5854 0.787402}
		{bone "body"}
		{matrix34
			-0.4315 	 -0.6617 	 -0.6131
			0.3204 	 -0.7478 	 0.5815
			-0.8433 	 0.0545 	 0.5347
			-1.7961 	 0.0448 	 12.5068
		}
	}
	{"body04"
		{box 3.47343 46.5854 0.787402}
		{bone "body"}
		{matrix34
			0.8024 	 -0.1119 	 -0.5861
			0.3204 	 -0.7478 	 0.5815
			-0.5034 	 -0.6545 	 -0.5642
			-2.2776 	 1.4459 	 14.5911
		}
	}
	{"body05"
		{box 3.35433 46.5854 0.590551}
		{bone "body"}
		{matrix34
			-0.429 	 -0.7829 	 -0.4507
			-0.8148 	 0.12 	 0.5672
			-0.39 	 0.6105 	 -0.6893
			0.7121 	 2.442 	 14.7285
		}
	}
	{"body06"
		{box 3.64252 46.5854 0.787402}
		{bone "body"}
		{matrix34
			-0.3275 	 0.7299 	 -0.6
			-0.8151 	 0.1028 	 0.5701
			0.4778 	 0.6758 	 0.5613
			-0.5809 	 2.3417 	 12.8303
		}
	}
	{"body07"
		{box 11.5899 12.2666 0.533858}
		{bone "body"}
		{matrix34
			0.9254 	 0.3779 	 0.0304
			-0.2415 	 0.5259 	 0.8155
			0.2922 	 -0.762 	 0.578
			2.3709 	 2.044 	 13.7513
		}
	}
	{"body08"
		{box 11.5899 12.2666 0.533858}
		{bone "body"}
		{matrix34
			-0.7901 	 0.6128 	 -0.0161
			-0.3598 	 -0.4422 	 0.8216
			0.4964 	 0.6549 	 0.5698
			-2.8622 	 2.7128 	 13.6546
		}
	}
	{"body09"
		{box 11.5899 12.2666 0.533858}
		{bone "body"}
		{matrix34
			-0.1414 	 -0.9898 	 0.0176
			0.5499 	 -0.0637 	 0.8328
			-0.8232 	 0.1274 	 0.5533
			-0.8017 	 -2.0227 	 13.7002
		}
	}
}
