;Exported by	: KobaA
;Date			: 05.03.2024 10:28:57
;File			: d:\git\gem2-mdl-soldiers\models\building\house_40\house_40_new_cut_x.max
{skeleton
	{bone "house_40_g2_piece_007_x"
		{orientation
			1 	 0 	 0
			0 	 -1 	 0
			0 	 0 	 1
		}
		{bone "piece03"
			{matrix34
				-0.866 	 0 	 -0.5
				0 	 -1 	 0
				-0.5 	 0 	 0.866
				22.702 	 20.6695 	 -10.9481
			}
			{poly "piece03"}
		}
		{bone "sub_piece06"
			{matrix34
				0 	 1 	 0
				0.8192 	 0 	 0.5736
				0.5736 	 0 	 -0.8192
				9.1844 	 20.6694 	 -5.4909
			}
			{poly "sub_piece06"}
		}
		{bone "sub_piece12"
			{Position 9.1801 	 20.6694 	 -18.4022}
			{poly "sub_piece12"}
		}
		{bone "sub_piece05"
			{matrix34
				0 	 1 	 0
				0.1736 	 0 	 -0.9848
				-0.9848 	 0 	 -0.1736
				-3.5631 	 20.6694 	 -21.8721
			}
			{poly "sub_piece05"}
		}
		{bone "sub_piece03"
			{matrix34
				0 	 1 	 0
				-1 	 0 	 0
				0 	 0 	 1
				-14.4067 	 20.6694 	 -27.6886
			}
			{poly "sub_piece03"}
		}
		{bone "piece02"
			{matrix34
				0 	 0 	 1
				0 	 -1 	 0
				1 	 0 	 0
				-14.6065 	 20.6694 	 -11.3883
			}
			{poly "piece02"}
		}
		{bone "sub_piece04"
			{matrix34
				0 	 1 	 0
				-1 	 0 	 0
				0 	 0 	 1
				-2.05 	 20.6694 	 -9.8416
			}
			{poly "sub_piece04"}
		}
		{bone "sub_piece13"
			{matrix34
				-0.866 	 0 	 -0.5
				0 	 -1 	 0
				-0.5 	 0 	 0.866
				-2.3105 	 20.6694 	 2.1455
			}
			{poly "sub_piece13"}
		}
		{bone "sub_piece07"
			{matrix34
				0 	 1 	 0
				0.0872 	 0 	 -0.9962
				-0.9962 	 0 	 -0.0872
				23.7283 	 20.6694 	 1.2954
			}
			{poly "sub_piece07"}
		}
		{bone "sub_piece14"
			{matrix34
				-0.9659 	 0 	 -0.2588
				0 	 -1 	 0
				-0.2588 	 0 	 0.9659
				13.2499 	 20.6694 	 8.3374
			}
			{poly "sub_piece14"}
		}
		{bone "sub_piece08"
			{matrix34
				-1 	 0 	 0
				0 	 0.342 	 0.9397
				0 	 0.9397 	 -0.342
				-16.7323 	 15.3377 	 -19.3884
			}
			{poly "sub_piece08"}
		}
		{bone "sub_piece10"
			{matrix34
				0 	 -0.0872 	 0.9962
				1 	 0 	 0
				0 	 0.9962 	 0.0872
				-16.7323 	 4.6452 	 -23.4471
			}
			{poly "sub_piece10"}
		}
		{bone "sub_piece11"
			{matrix34
				0 	 -1 	 0
				1 	 0 	 0
				0 	 0 	 1
				-16.7323 	 -6.8271 	 -21.8449
			}
			{poly "sub_piece11"}
		}
		{bone "sub_piece02"
			{matrix34
				-1 	 0 	 0
				0 	 0.0872 	 -0.9962
				0 	 -0.9962 	 -0.0872
				-16.7323 	 4.1457 	 -15.5964
			}
			{poly "sub_piece02"}
		}
		{bone "sub_piece09"
			{matrix34
				0 	 -1 	 0
				1 	 0 	 0
				0 	 0 	 1
				-16.7323 	 12.1358 	 -7.5715
			}
			{poly "sub_piece09"}
		}
		{bone "sub_piece01"
			{matrix34
				-1 	 0 	 0
				0 	 -1 	 0
				0 	 0 	 1
				-16.7323 	 0.5013 	 -7.3878
			}
			{poly "sub_piece01"}
		}
		{bone "piece01"
			{matrix34
				0 	 -1 	 0
				1 	 0 	 0
				0 	 0 	 1
				-16.7323 	 -11.6424 	 -9.4081
			}
			{poly "piece01"}
		}
		{bone "piece04"
			{matrix34
				0 	 1 	 0
				-1 	 0 	 0
				0 	 0 	 1
				32.4902 	 0 	 0
			}
			{poly "piece04"}
		}
	}
}
{"volumes"
	{"piece01"
		{box 5.9055 9.34848 10.8661}
		{bone "piece01"}
		{matrix34
			0 	 -1 	 0
			0.9397 	 0 	 0.342
			-0.342 	 0 	 0.9397
			-0.4803 	 0 	 -0.259
		}
	}
	{"piece02"
		{box 5.9055 7.19114 16.5354}
		{bone "piece02"}
		{matrix34
			0 	 -1 	 0
			-0.0872 	 0 	 0.9962
			-0.9962 	 0 	 -0.0872
			-0.0485 	 0 	 0.4787
		}
	}
	{"piece03"
		{box 5.9055 9.34848 10.8661}
		{bone "piece03"}
		{matrix34
			0 	 -1 	 0
			0.9397 	 0 	 0.342
			-0.342 	 0 	 0.9397
			-0.4803 	 0 	 -0.259
		}
	}
	{"piece04"
		{box 2.18356 23.5004 1.98799}
		{bone "piece04"}
		{Position 9.8425 	 25.7348 	 -25.5808}
	}
	{"sub_piece01"
		{box 5.9055 4.38444 5.55118}
		{bone "sub_piece01"}
		{Position 0 	 0.0437 	 0.1881}
	}
	{"sub_piece02"
		{box 5.9055 4.02704 6.49158}
		{bone "sub_piece02"}
		{Position 0 	 -0.4081 	 -0.0536}
	}
	{"sub_piece03"
		{box 5.9055 4.38444 5.55118}
		{bone "sub_piece03"}
		{Position 0 	 0.0437 	 0.1881}
	}
	{"sub_piece04"
		{box 5.9055 4.02704 6.49158}
		{bone "sub_piece04"}
		{Position 0 	 -0.4081 	 -0.0536}
	}
	{"sub_piece05"
		{box 5.9055 4.02704 6.49158}
		{bone "sub_piece05"}
		{Position 0 	 -0.4081 	 -0.0536}
	}
	{"sub_piece06"
		{box 5.9055 4.38444 5.55118}
		{bone "sub_piece06"}
		{Position 0 	 0.0437 	 0.1881}
	}
	{"sub_piece07"
		{box 5.9055 4.02704 6.49158}
		{bone "sub_piece07"}
		{Position 0 	 -0.4081 	 -0.0536}
	}
	{"sub_piece08"
		{box 5.9055 4.38444 5.55118}
		{bone "sub_piece08"}
		{Position 0 	 0.0437 	 0.1881}
	}
	{"sub_piece09"
		{box 5.9055 7.19114 5.55118}
		{bone "sub_piece09"}
		{matrix34
			0 	 -1 	 0
			0.9397 	 0 	 0.342
			-0.342 	 0 	 0.9397
			0.4581 	 0 	 0.1528
		}
	}
	{"sub_piece10"
		{box 5.9055 4.02704 6.49158}
		{bone "sub_piece10"}
		{matrix34
			0 	 -1 	 0
			0.9848 	 0 	 -0.1736
			0.1736 	 0 	 0.9848
			0.1773 	 0 	 0.1295
		}
	}
	{"sub_piece11"
		{box 5.9055 7.19114 5.55118}
		{bone "sub_piece11"}
		{matrix34
			0 	 -1 	 0
			0.9397 	 0 	 0.342
			-0.342 	 0 	 0.9397
			0.4581 	 0 	 0.1528
		}
	}
	{"sub_piece12"
		{box 5.9055 7.19114 5.55118}
		{bone "sub_piece12"}
		{matrix34
			0 	 -1 	 0
			0.9397 	 0 	 0.342
			-0.342 	 0 	 0.9397
			0.4581 	 0 	 0.1528
		}
	}
	{"sub_piece13"
		{box 5.9055 7.19114 5.55118}
		{bone "sub_piece13"}
		{matrix34
			0 	 -1 	 0
			0.9397 	 0 	 0.342
			-0.342 	 0 	 0.9397
			0.4581 	 0 	 0.1528
		}
	}
	{"sub_piece14"
		{box 5.9055 7.19114 5.55118}
		{bone "sub_piece14"}
		{matrix34
			0 	 -1 	 0
			0.9397 	 0 	 0.342
			-0.342 	 0 	 0.9397
			0.4581 	 0 	 0.1528
		}
	}
}
