;Exported by	: KobaA
;Date			: 01.11.2023 17:09:34
;File			: D:\git\gem2-mdl-soldiers\models\fence\fence_wood_r\fence_wood_r.max
{skeleton
	{bone "fence_wood_r1_basis_x"
		{orientation
			1 	 0 	 0
			0 	 -1 	 0
			0 	 0 	 1
		}
		{bone "piece02"
			{matrix34
				-0.9986 	 0 	 -0.0523
				-0.0001 	 -1 	 0.0027
				-0.0523 	 0.0027 	 0.9986
				-0.1125 	 -12.4835 	 7.7338
			}
			{poly "piece02"}
		}
		{bone "piece08"
			{matrix34
				-0.9986 	 0 	 0.0523
				0 	 -1 	 0
				0.0523 	 0 	 0.9986
				-0.1125 	 6.2844 	 5.722
			}
			{poly "piece08"}
		}
		{bone "piece01"
			{matrix34
				-0.9994 	 0 	 0.0349
				0 	 -1 	 0
				0.0349 	 0 	 0.9994
				-0.7892 	 -15.5414 	 10.6821
			}
			{poly "piece01"}
		}
		{bone "piece03"
			{matrix34
				-1 	 0 	 0
				0 	 -0.9995 	 -0.0322
				0 	 -0.0322 	 0.9995
				-0.1125 	 -10.2399 	 18.546
			}
			{poly "piece03"}
		}
		{bone "piece04"
			{matrix34
				-0.9999 	 0.0009 	 -0.0107
				-0.001 	 -1 	 0.0081
				-0.0107 	 0.0081 	 0.9999
				-0.0406 	 -6.7602 	 15.8979
			}
			{poly "piece04"}
		}
		{bone "piece05"
			{matrix34
				-1 	 0 	 0
				0 	 -1 	 0
				0 	 0 	 1
				-0.1125 	 -3.7432 	 8.7785
			}
			{poly "piece05"}
		}
		{bone "piece06"
			{matrix34
				-1 	 0 	 0
				0 	 -1 	 0
				0 	 0 	 1
				-0.1125 	 -1.1011 	 18.1271
			}
			{poly "piece06"}
		}
		{bone "piece07"
			{matrix34
				-0.9962 	 0 	 -0.0872
				0 	 -1 	 0
				-0.0872 	 0 	 0.9962
				-0.0149 	 2.6589 	 5.1625
			}
			{poly "piece07"}
		}
		{bone "piece09"
			{matrix34
				-1 	 0 	 0
				0 	 -1 	 0
				0 	 0 	 1
				-0.1125 	 8.8134 	 16.7887
			}
			{poly "piece09"}
		}
		{bone "piece10"
			{matrix34
				-0.9975 	 0.0054 	 -0.0703
				-0.0054 	 -1 	 -0.0001
				-0.0703 	 0.0003 	 0.9975
				-0.2637 	 11.9003 	 5.4072
			}
			{poly "piece10"}
		}
		{bone "piece11"
			{matrix34
				0.9999 	 -0.0009 	 -0.0107
				0.001 	 1 	 0.0081
				0.0107 	 -0.0081 	 0.9999
				-0.1294 	 14.321 	 15.8979
			}
			{poly "piece11"}
		}
		{bone "piece12"
			{matrix34
				-0.7986 	 -0.5893 	 -0.1219
				-0.1822 	 0.0437 	 0.9823
				-0.5736 	 0.8067 	 -0.1422
				-0.3361 	 -4.1468 	 17.4384
			}
			{poly "piece12"}
		}
		{bone "piece13"
			{matrix34
				-0.9712 	 -0.1003 	 -0.2159
				-0.2215 	 0.0487 	 0.9739
				-0.0872 	 0.9938 	 -0.0695
				-0.3077 	 5.0891 	 4.5996
			}
			{poly "piece13"}
		}
	}
}
{"volumes"
	{"piece01"
		{cylinder 1.261 26.426}
		{bone "piece01"}
		{Position -0.0097 	 -0.0173 	 -0.0339}
	}
	{"piece02"
		{box 0.615686 2.42107 13.6555}
		{bone "piece02"}
		{matrix34
			1 	 0 	 0
			0 	 1 	 -0.0027
			0 	 0.0027 	 1
			-0.04 	 -0.0105 	 -0.4157
		}
	}
	{"piece03"
		{box 0.460686 2.42107 10.1051}
		{bone "piece03"}
		{matrix34
			1 	 0 	 0
			0 	 0.9995 	 0.0322
			0 	 -0.0322 	 0.9995
			-0.04 	 -0.0412 	 0.0367
		}
	}
	{"piece04"
		{box 0.460686 2.42107 15.5672}
		{bone "piece04"}
		{matrix34
			0.9999 	 0.001 	 0.0107
			-0.0009 	 1 	 -0.0081
			-0.0107 	 0.0081 	 0.9999
			0.0014 	 -0.0964 	 -0.249
		}
	}
	{"piece05"
		{box 0.590551 2.42107 10.1051}
		{bone "piece05"}
		{Position -0.0401 	 0.0667 	 -0.0071}
	}
	{"piece06"
		{box 0.540686 2.42107 10.1051}
		{bone "piece06"}
		{Position 0.0425 	 -0.0936 	 0.0065}
	}
	{"piece07"
		{box 0.715686 2.42107 8.1851}
		{bone "piece07"}
		{Position -0.0479 	 0.0284 	 -0.0097}
	}
	{"piece08"
		{box 0.460686 2.42107 12.025}
		{bone "piece08"}
		{Position -0.0051 	 -0.0953 	 -0.1192}
	}
	{"piece09"
		{box 0.460686 2.42107 12.025}
		{bone "piece09"}
		{Position 0.0045 	 -0.1483 	 0.0573}
	}
	{"piece10"
		{box 0.460686 2.42107 8.1851}
		{bone "piece10"}
		{matrix34
			1 	 0.0054 	 0.0005
			-0.0054 	 1 	 0
			-0.0005 	 -0.0001 	 1
			0.0162 	 -0.0039 	 -0.2543
		}
	}
	{"piece11"
		{box 0.460686 2.42107 15.5123}
		{bone "piece11"}
		{matrix34
			-0.9999 	 -0.001 	 -0.0107
			0.0009 	 -1 	 0.0081
			-0.0107 	 0.0081 	 0.9999
			0.0215 	 0.054 	 0.0225
		}
	}
	{"piece12"
		{box 0.627319 17.7665 1.50361}
		{bone "piece12"}
		{matrix34
			0.7986 	 0.1822 	 0.5736
			0.5893 	 -0.0437 	 -0.8067
			-0.1219 	 0.9823 	 -0.1422
			0.102 	 0.0535 	 -0.0054
		}
	}
	{"piece13"
		{box 0.627319 11.6716 1.50361}
		{bone "piece13"}
		{matrix34
			0.9712 	 0.2215 	 0.0872
			0.1003 	 -0.0487 	 -0.9938
			-0.2159 	 0.9739 	 -0.0695
			0.0573 	 -0.1175 	 0.1711
		}
	}
}
