;Exported by:	 tolokolnikova
;Date:			 10.06.2018 11:23:21
;File:			 D:\gem2\gem2-mdl-soldiers\models\building\b1\001_x.max
{skeleton
	{bone "b1_vil_piece_08_point"
		{orientation
			1 	 0 	 0
			0 	 -1 	 0
			0 	 0 	 1
		}
		{bone "b1_vil_piece_08"
			{Position 0 	 0 	 0}
			{poly "b1_vil_piece_08"}
		}
		{bone "piece02"
			{Position 1.2695 	 23.4103 	 36.2993}
			{poly "piece02"}
		}
		{bone "piece03"
			{Position -8.0259 	 -8.2645 	 33.4592}
			{poly "piece03"}
		}
		{bone "piece04"
			{Position 4.2749 	 -8.2645 	 30.9483}
			{poly "piece04"}
		}
		{bone "piece05"
			{Position 11.8411 	 0.9724 	 34.9823}
			{poly "piece05"}
		}
		{bone "piece06"
			{Position 11.8411 	 18.7528 	 27.9497}
			{poly "piece06"}
		}
		{bone "piece07"
			{Position -5.3033 	 23.4102 	 26.0933}
			{poly "piece07"}
		}
		{bone "piece08"
			{Position -12.6259 	 21.6496 	 30.5993}
			{poly "piece08"}
		}
		{bone "piece01"
			{Position -6.6123 	 0.5149 	 98.7068}
			{poly "piece01"}
		}
		{bone "piece09"
			{Position -6.6123 	 0.5149 	 79.0463}
			{poly "piece09"}
		}
	}
}
{volume "piece01"
	{box 8.73086 2.63628 6.14132}
	{bone "piece01"}
	{matrix34
		0 	 0.9962 	 0.0872
		-1 	 0 	 0
		0 	 -0.0872 	 0.9962
		0 	 0.2467 	 -0.4195
	}
}
{volume "piece02"
	{box 8.73086 3.93232 6.09621}
	{bone "piece02"}
	{matrix34
		0.9848 	 0 	 -0.1736
		0 	 1 	 0
		0.1736 	 0 	 0.9848
		-0.7722 	 0 	 0.5038
	}
}
{volume "piece03"
	{box 8.73086 3.85812 6.09621}
	{bone "piece03"}
	{Position 0 	 0 	 -0.4012}
}
{volume "piece04"
	{box 8.73086 3.93232 6.09621}
	{bone "piece04"}
	{matrix34
		0.766 	 0 	 0.6428
		0 	 1 	 0
		-0.6428 	 0 	 0.766
		0.4095 	 0 	 -0.1213
	}
}
{volume "piece05"
	{box 8.73086 4.08969 3.18222}
	{bone "piece05"}
	{matrix34
		0 	 0.9397 	 -0.342
		-1 	 0 	 0
		0 	 0.342 	 0.9397
		-0.1211 	 -0.6886 	 0.1765
	}
}
{volume "piece06"
	{box 8.73086 4.09547 5.3037}
	{bone "piece06"}
	{matrix34
		0 	 0.9397 	 0.342
		-1 	 0 	 0
		0 	 -0.342 	 0.9397
		-0.1211 	 -0.0483 	 0.108
	}
}
{volume "piece07"
	{box 7.07199 3.93232 6.09621}
	{bone "piece07"}
	{matrix34
		0.5736 	 0 	 -0.8192
		0 	 1 	 0
		0.8192 	 0 	 0.5736
		-0.1647 	 0 	 -0.1029
	}
}
{volume "piece08"
	{box 8.73086 3.89522 6.09621}
	{bone "piece08"}
	{matrix34
		0 	 0.9848 	 -0.1736
		-1 	 0 	 0
		0 	 0.1736 	 0.9848
		0 	 0.5293 	 -0.1405
	}
}
{volume "piece09"
	{box 8.73086 2.63628 8.90047}
	{bone "piece09"}
	{matrix34
		0 	 0.9397 	 0.342
		-1 	 0 	 0
		0 	 -0.342 	 0.9397
		0 	 -0.1429 	 -0.0257
	}
}
