;Exported by	: KobaA
;Date			: 12.01.2024 16:52:25
;File			: d:\git\gem2-mdl-soldiers\models\building\house_90\house_90_fort_x.max
{skeleton
	{bone "h_90_piece09_x"
		{orientation
			1 	 0 	 0
			0 	 -1 	 0
			0 	 0 	 1
		}
		{bone "piece01"
			{Position -6.0468 	 24.1449 	 -12.6136}
			{poly "piece01"}
		}
		{bone "piece02"
			{matrix34
				0.6428 	 0 	 -0.766
				0 	 1 	 0
				0.766 	 0 	 0.6428
				14.5162 	 24.1449 	 -11.8151
			}
			{poly "piece02"}
		}
		{bone "piece03"
			{Position 34.1558 	 24.1449 	 -18.1131}
			{poly "piece03"}
		}
		{bone "piece04"
			{matrix34
				0 	 0 	 1
				0 	 1 	 0
				-1 	 0 	 0
				10.7368 	 24.1449 	 3.5655
			}
			{poly "piece04"}
		}
		{bone "sub_piece01"
			{matrix34
				0.9659 	 0 	 0.2588
				0 	 1 	 0
				-0.2588 	 0 	 0.9659
				-19.3102 	 24.1177 	 -17.0172
			}
			{poly "sub_piece01"}
		}
		{bone "sub_piece02"
			{matrix34
				0.6428 	 0 	 -0.766
				0 	 1 	 0
				0.766 	 0 	 0.6428
				-42.039 	 24.1449 	 -13.2919
			}
			{poly "sub_piece02"}
		}
		{bone "sub_piece03"
			{matrix34
				0 	 1 	 0
				-0.9848 	 0 	 -0.1736
				-0.1736 	 0 	 0.9848
				-3.8639 	 24.8976 	 10.0048
			}
			{poly "sub_piece03"}
		}
		{bone "sub_piece04"
			{Position 15.7231 	 2.0105 	 17.6397}
			{poly "sub_piece04"}
		}
		{bone "sub_piece05"
			{Position 20.1918 	 18.9644 	 1.1056}
			{poly "sub_piece05"}
		}
		{bone "sub_piece06"
			{Position -21.1659 	 8.7967 	 10.9907}
			{poly "sub_piece06"}
		}
		{bone "sub_piece07"
			{Position -28.2005 	 23.8765 	 -3.8441}
			{poly "sub_piece07"}
		}
	}
}
{"volumes"
	{"piece01"
		{box 9.12873 5.90551 18.8711}
		{bone "piece01"}
		{Position -0.024 	 0 	 0.0379}
	}
	{"piece02"
		{box 17.5553 5.90551 11.9437}
		{bone "piece02"}
		{matrix34
			0.9659 	 0 	 0.2588
			0 	 1 	 0
			-0.2588 	 0 	 0.9659
			-0.514 	 0 	 -0.0526
		}
	}
	{"piece03"
		{box 17.5553 5.90551 11.059}
		{bone "piece03"}
		{Position -1.0944 	 0 	 0.5778}
	}
	{"piece04"
		{box 13.2455 5.90551 6.78691}
		{bone "piece04"}
		{matrix34
			0.9659 	 0 	 0.2588
			0 	 1 	 0
			-0.2588 	 0 	 0.9659
			-0.4155 	 0 	 -0.444
		}
	}
	{"sub_piece01"
		{box 9.12873 5.90551 11.9437}
		{bone "sub_piece01"}
		{matrix34
			0.9659 	 0 	 -0.2588
			0 	 1 	 0
			0.2588 	 0 	 0.9659
			-0.2496 	 0.0272 	 0.6833
		}
	}
	{"sub_piece02"
		{box 15.5176 5.90551 10.6463}
		{bone "sub_piece02"}
		{matrix34
			0.6428 	 0 	 0.766
			0 	 1 	 0
			-0.766 	 0 	 0.6428
			1.7691 	 0 	 -0.7432
		}
	}
	{"sub_piece03"
		{box 9.80315 19.3405 1.06299}
		{bone "sub_piece03"}
		{matrix34
			1 	 0 	 0
			0 	 0.7071 	 -0.7071
			0 	 0.7071 	 0.7071
			-3.4554 	 0.0032 	 0.0569
		}
	}
	{"sub_piece04"
		{box 11.811 11.2432 1.06299}
		{bone "sub_piece04"}
		{matrix34
			1 	 0 	 0
			0 	 0.7071 	 -0.7071
			0 	 0.7071 	 0.7071
			-1.9979 	 -0.0541 	 0.0101
		}
	}
	{"sub_piece05"
		{box 12.6398 1.04331 11.059}
		{bone "sub_piece05"}
		{matrix34
			1 	 0 	 0
			0 	 0.7071 	 0.7071
			0 	 -0.7071 	 0.7071
			2.1568 	 0.0622 	 -0.0714
		}
	}
	{"sub_piece06"
		{box 9.80315 19.3405 1.06299}
		{bone "sub_piece06"}
		{matrix34
			1 	 0 	 0
			0 	 0.7071 	 -0.7071
			0 	 0.7071 	 0.7071
			-3.4554 	 0.0032 	 0.0569
		}
	}
	{"sub_piece07"
		{box 12.6398 1.04331 11.059}
		{bone "sub_piece07"}
		{matrix34
			1 	 0 	 0
			0 	 0.7071 	 0.7071
			0 	 -0.7071 	 0.7071
			2.1568 	 0.0622 	 -0.0714
		}
	}
}
