;Exported by:	 Oleksandr Tsaprylov
;Date:			 19.07.2022 18:19:07
;File:			 E:\projects\gem2-mdl-soldiers\models\entourage\bridge_wood\bridge_wood_02.max
{skeleton
	{bone "bridge_wood_05_piece_004_x"
		{orientation
			1 	 0 	 0
			0 	 -1 	 0
			0 	 0 	 1
		}
		{bone "piece02"
			{matrix34
				0.6505 	 -0.5424 	 -0.5316
				0.5829 	 0.8053 	 -0.1083
				0.4868 	 -0.2395 	 0.84
				2.623 	 -0.4304 	 1.3012
			}
			{poly "piece02"}
		}
		{bone "piece01"
			{matrix34
				0.8945 	 -0.0889 	 -0.4382
				-0.3954 	 0.3008 	 -0.8679
				0.2089 	 0.9495 	 0.2339
				-0.5752 	 -14.0627 	 2.2261
			}
			{poly "piece01"}
		}
	}
}
{volume "piece01"
	{box 1.87913 1.78195 20.3081}
	{bone "piece01"}
	{matrix34
		0.8945 	 -0.3954 	 0.2089
		-0.4434 	 -0.7235 	 0.5291
		-0.058 	 -0.5659 	 -0.8224
		3.0819 	 -0.4115 	 1.2443
	}
}
{volume "piece02"
	{box 1.87913 1.78195 13.4491}
	{bone "piece02"}
	{matrix34
		0.6505 	 0.5829 	 0.4868
		-0.5424 	 0.8053 	 -0.2395
		-0.5316 	 -0.1083 	 0.84
		-1.7997 	 1.4861 	 0.5865
	}
}
