;Exported by	: KobaA
;Date			: 26.01.2024 11:04:00
;File			: d:\git\gem2-mdl-soldiers\models\building\building_ua01\building_ua05_v2_x.max
{skeleton
	{bone "b_ua_05_piece05_point"
		{orientation
			1 	 0 	 0
			0 	 -1 	 0
			0 	 0 	 1
		}
		{bone "b_ua_05_piece05"
			{Position -99.2749 	 -117.043 	 -15.925}
			{poly "b_ua_05_piece05"}
		}
		{bone "sub_piece03"
			{matrix34
				1 	 0 	 0
				0 	 -0.6293 	 -0.7771
				0 	 -0.7771 	 0.6293
				-22.2564 	 16.3861 	 34.5206
			}
			{poly "sub_piece03"}
		}
		{bone "piece01"
			{matrix34
				0 	 -0.0872 	 0.9962
				-1 	 0 	 0
				0 	 -0.9962 	 -0.0872
				15.8971 	 9.799 	 9.4306
			}
			{poly "piece01"}
		}
		{bone "sub_piece01"
			{matrix34
				0 	 0.7071 	 -0.7071
				-1 	 0 	 0
				0 	 0.7071 	 0.7071
				15.8972 	 25.6612 	 11.619
			}
			{poly "sub_piece01"}
		}
		{bone "piece02"
			{matrix34
				0 	 0.8192 	 0.5736
				-1 	 0 	 0
				0 	 -0.5736 	 0.8192
				15.8972 	 -24.1243 	 -0.3293
			}
			{poly "piece02"}
		}
		{bone "piece03"
			{matrix34
				0 	 -0.1736 	 -0.9848
				-1 	 0 	 0
				0 	 0.9848 	 -0.1736
				15.8971 	 -9.7662 	 12.9564
			}
			{poly "piece03"}
		}
		{bone "piece04"
			{matrix34
				0.5736 	 0 	 -0.8192
				0 	 -1 	 0
				-0.8192 	 0 	 -0.5736
				-8.4006 	 28.3303 	 8.9416
			}
			{poly "piece04"}
		}
		{bone "piece05"
			{matrix34
				-0.0872 	 0 	 -0.9962
				0 	 -1 	 0
				-0.9962 	 0 	 0.0872
				6.7155 	 28.3303 	 10.1299
			}
			{poly "piece05"}
		}
		{bone "sub_piece02"
			{matrix34
				-0.7071 	 0 	 -0.7071
				0 	 -1 	 0
				-0.7071 	 0 	 0.7071
				0.3894 	 28.3303 	 -1.418
			}
			{poly "sub_piece02"}
		}
		{bone revolute "attach1"
			{Position 0.6499 	 -4.7901 	 -30.4128}
		}
		{bone "debris_land_001"
			{parameters "land;ground;"}
			{matrix34
				-1 	 0 	 0
				0 	 -1 	 0
				0 	 0 	 1
				28.4608 	 12.7046 	 -34.1529
			}
			{poly "debris_land_001" {ground}}
		}
		{bone "fort_wall"
			{matrix34
				0 	 -1 	 0
				1 	 0 	 0
				0 	 0 	 1
				24.5104 	 4.6965 	 -27.2632
			}
		}
		{bone "stones_001"
			{parameters "land;ground;"}
			{matrix34
				-1 	 0 	 0
				0 	 -1 	 0
				0 	 0 	 1
				28.4474 	 12.7046 	 -33.1687
			}
			{poly "stones_001" {ground}}
		}
	}
}
{"volumes"
	{"piece01"
		{box 8.81752 5.90551 15.6236}
		{bone "piece01"}
		{matrix34
			0.9962 	 0 	 -0.0872
			0 	 1 	 0
			0.0872 	 0 	 0.9962
			-0.4911 	 0 	 -0.0631
		}
	}
	{"piece02"
		{box 11.551 5.90551 9.99911}
		{bone "piece02"}
		{Position -0.1031 	 0 	 -0.1523}
	}
	{"piece03"
		{box 8.81752 5.90551 15.6236}
		{bone "piece03"}
		{Position -0.0504 	 0 	 -0.5338}
	}
	{"piece04"
		{box 11.551 5.90551 9.99911}
		{bone "piece04"}
		{Position -0.1031 	 0 	 -0.1523}
	}
	{"piece05"
		{box 11.551 5.90551 9.99911}
		{bone "piece05"}
		{Position 0.8764 	 0 	 -0.9367}
	}
	{"sub_piece01"
		{box 7.31854 5.90551 6.09321}
		{bone "sub_piece01"}
		{matrix34
			-0.4226 	 0 	 0.9063
			0 	 1 	 0
			-0.9063 	 0 	 -0.4226
			0.4514 	 0 	 -0.6132
		}
	}
	{"sub_piece02"
		{box 7.31854 5.90551 6.09321}
		{bone "sub_piece02"}
		{matrix34
			-0.4226 	 0 	 0.9063
			0 	 1 	 0
			-0.9063 	 0 	 -0.4226
			0.4514 	 0 	 -0.6132
		}
	}
	{"sub_piece03"
		{box 3.6963 4.42913 29.7973}
		{bone "sub_piece03"}
		{matrix34
			1 	 0 	 0
			0 	 -0.9998 	 -0.0175
			0 	 0.0175 	 -0.9998
			-0.0704 	 -0.1382 	 1.7983
		}
	}
	{"target_vol_001"
		{box 9.84252 9.84252 15.6501}
		{bone "b_ua_05_piece05_point"}
		{matrix34
			1 	 0 	 0
			0 	 1 	 0
			0 	 0 	 1
			0.6499 	 -4.7901 	 -8.7805
		}
	}
	{"vol_01"
		{box 64.6418 6.1453 26.5121}
		{bone "b_ua_05_piece05"}
		{matrix34
			0 	 1 	 0
			-1 	 0 	 0
			0 	 0 	 1
			115.179 	 116.062 	 -10.8774
		}
	}
	{"vol_02"
		{polyhedron}
		{bone "b_ua_05_piece05"}
		{matrix34
			0 	 1 	 0
			-1 	 0 	 0
			0 	 0 	 1
			115.179 	 135.026 	 2.6905
		}
	}
	{"vol_03"
		{box 10.6013 6.1453 4.24194}
		{bone "b_ua_05_piece05"}
		{matrix34
			0 	 1 	 0
			-1 	 0 	 0
			0 	 0 	 1
			115.179 	 97.566 	 4.3486
		}
	}
	{"vol_04"
		{box 11.9794 6.1453 5.13274}
		{bone "b_ua_05_piece05"}
		{matrix34
			0 	 0.5736 	 -0.8192
			-1 	 0 	 0
			0 	 0.8192 	 0.5736
			115.179 	 84.5984 	 6.0965
		}
	}
	{"vol_05"
		{box 27.5976 6.1453 29.6936}
		{bone "b_ua_05_piece05"}
		{matrix34
			-1 	 0 	 0
			0 	 -1 	 0
			0 	 0 	 1
			104.31 	 145.441 	 -9.2867
		}
	}
	{"vol_06"
		{polyhedron}
		{bone "b_ua_05_piece05"}
		{matrix34
			-1 	 0 	 0
			0 	 -1 	 0
			0 	 0 	 1
			111.638 	 145.441 	 5.4758
		}
	}
}
