;Exported by	: KobaA
;Date			: 17.01.2024 13:26:44
;File			: d:\git\gem2-mdl-soldiers\models\building\water_mill\water_mill_fort_cut.max
{skeleton
	{bone "h_80_g2_piece18"
		{orientation
			1 	 0 	 0
			0 	 -1 	 0
			0 	 0 	 1
		}
		{poly "h_80_g2_piece18"}
		{bone "fix32"
			{Position -29.9136 	 -17.6018 	 -20.1412}
		}
		{bone "fix31"
			{Position 6.0726 	 -17.6018 	 -33.875}
		}
		{bone "fix30"
			{Position 16.2933 	 24.3969 	 14.773}
		}
	}
}
{"volumes"
	{"body1"
		{box 40.0128 5.90551 17.0471}
		{bone "h_80_g2_piece18"}
		{Position 0.8162 	 -17.6017 	 22.4889}
	}
	{"body2"
		{box 22.2227 5.90551 24.2069}
		{bone "h_80_g2_piece18"}
		{Position 7.7388 	 -17.6017 	 1.7894}
	}
	{"body3"
		{box 26.8086 5.90551 46.5386}
		{bone "h_80_g2_piece18"}
		{matrix34
			0 	 1 	 0
			-1 	 0 	 0
			0 	 0 	 1
			16.358 	 -6.2863 	 5.4336
		}
	}
	{"roof1"
		{polyhedron}
		{bone "h_80_g2_piece18"}
		{matrix34
			1 	 0 	 0
			0 	 0.5649 	 -0.8252
			0 	 0.8252 	 0.5649
			0.8833 	 0.8338 	 46.9539
		}
	}
	{"roof2"
		{polyhedron}
		{bone "h_80_g2_piece18"}
		{matrix34
			-0.5783 	 0 	 0.8159
			0 	 -1 	 0
			0.8159 	 0 	 0.5783
			14.2464 	 2.3056 	 39.6351
		}
	}
	{"roof3"
		{polyhedron}
		{bone "h_80_g2_piece18"}
		{matrix34
			1 	 0 	 0
			0 	 0.5649 	 -0.8252
			0 	 0.8252 	 0.5649
			0.8833 	 -23.3212 	 30.4187
		}
	}
}
