;Exported by	: joomb
;Date			: 13.04.2023 15:28:34
;File			: H:\git\gem2-mdl-soldiers\models\building\building_ua01\building_ua05_v2.max
{skeleton
	{bone "b_ua_05_piece12"
		{orientation
			1 	 0 	 0
			0 	 -1 	 0
			0 	 0 	 1
		}
		{poly "b_ua_05_piece12"}
		{bone "fix07"
			{Position -27.0789 	 76.3242 	 -43.2498}
		}
		{bone "fix08"
			{Position -14.8809 	 -75.3292 	 -41.196}
		}
	}
}
{"volumes"
	{"roof01"
		{box 31.2465 3.93701 60.603}
		{bone "b_ua_05_piece12"}
		{matrix34
			1 	 0 	 0
			0 	 0.6428 	 -0.766
			0 	 0.766 	 0.6428
			-31.3216 	 -38.414 	 -12.0004
		}
	}
	{"roof02"
		{box 29.6831 3.93701 60.603}
		{bone "b_ua_05_piece12"}
		{matrix34
			0.7071 	 0.5417 	 0.4545
			0 	 0.6428 	 -0.766
			-0.7071 	 0.5417 	 0.4545
			27.9491 	 -40.0937 	 -13.4098
		}
	}
	{"roof03"
		{box 52.9601 3.93701 55.1488}
		{bone "b_ua_05_piece12"}
		{matrix34
			0.9659 	 0.1983 	 0.1664
			0 	 0.6428 	 -0.766
			-0.2588 	 0.7399 	 0.6209
			-0.0228 	 -36.7927 	 -10.64
		}
	}
	{"roof04"
		{box 22.185 3.93701 13.3327}
		{bone "b_ua_05_piece12"}
		{matrix34
			0.9659 	 0.1983 	 0.1664
			0 	 0.6428 	 -0.766
			-0.2588 	 0.7399 	 0.6209
			-17.7132 	 -60.6532 	 -30.6613
		}
	}
	{"roof05"
		{box 33.7462 3.93701 43.6342}
		{bone "b_ua_05_piece12"}
		{matrix34
			1 	 0 	 0
			0 	 0.6428 	 -0.766
			0 	 0.766 	 0.6428
			43.8574 	 -36.4207 	 -10.3278
		}
	}
	{"roof06"
		{box 77.2059 3.93701 54.8654}
		{bone "b_ua_05_piece12"}
		{matrix34
			1 	 0 	 0
			0 	 0.6301 	 0.7765
			0 	 -0.7765 	 0.6301
			-12.2607 	 34.705 	 -10.3817
		}
	}
	{"roof07"
		{box 23.9048 3.93701 20.3002}
		{bone "b_ua_05_piece12"}
		{matrix34
			0.9133 	 0.3162 	 -0.2566
			0 	 0.6301 	 0.7765
			0.4072 	 -0.7092 	 0.5755
			-45.1915 	 57.3678 	 -28.7712
		}
	}
	{"roof08"
		{box 41.6912 3.93701 12.1472}
		{bone "b_ua_05_piece12"}
		{matrix34
			0.9272 	 -0.2908 	 0.236
			0 	 0.6301 	 0.7765
			-0.3745 	 -0.72 	 0.5842
			-22.8649 	 57.9593 	 -29.2511
		}
	}
	{"roof09"
		{box 104.305 3.93701 30.176}
		{bone "b_ua_05_piece12"}
		{matrix34
			-1 	 0 	 0
			0 	 -0.6301 	 0.7765
			0 	 0.7765 	 0.6301
			-8.2036 	 -12.5345 	 16.4509
		}
	}
	{"roof10"
		{box 88.3042 3.93701 30.176}
		{bone "b_ua_05_piece12"}
		{matrix34
			1 	 0 	 0
			0 	 0.6301 	 0.7765
			0 	 -0.7765 	 0.6301
			-14.5065 	 10.0931 	 16.4509
		}
	}
}
