;Exported by	: Oleksandr Tsaprylov
;Date			: 12.03.2023 20:27:29
;File			: E:\projects\gem2-mdl-soldiers\models\entourage\ruins_stone_wall\ruins_stone_wall.max
{skeleton
	{bone "ruins_stone_wall_14_x"
		{orientation
			1 	 0 	 0
			0 	 -1 	 0
			0 	 0 	 1
		}
		{bone "piece01"
			{matrix34
				0.4972 	 0.8435 	 0.2032
				-0.8584 	 0.4442 	 0.2566
				0.1262 	 -0.302 	 0.9449
				-33.2177 	 10.6467 	 54.2173
			}
			{poly "piece01"}
		}
		{bone "piece02"
			{matrix34
				0.719 	 -0.291 	 -0.6311
				0.4878 	 0.8582 	 0.16
				0.495 	 -0.4229 	 0.759
				-38.0496 	 -1.7312 	 66.815
			}
			{poly "piece02"}
		}
		{bone "piece03"
			{matrix34
				-0.6088 	 -0.2113 	 -0.7646
				-0.5385 	 0.8179 	 0.2027
				0.5825 	 0.5352 	 -0.6118
				-30.9331 	 -17.9694 	 24.7506
			}
			{poly "piece03"}
		}
		{bone "piece04"
			{matrix34
				-0.3249 	 0.9356 	 -0.1379
				-0.9443 	 -0.3129 	 0.1021
				0.0524 	 0.1634 	 0.9852
				6.0618 	 -20.8737 	 54.019
			}
			{poly "piece04"}
		}
		{bone "piece05"
			{matrix34
				0.5971 	 0.4972 	 0.6294
				0.4441 	 -0.8584 	 0.2568
				0.668 	 0.1262 	 -0.7334
				-40.0462 	 16.2278 	 56.0589
			}
			{poly "piece05"}
		}
		{bone "piece06"
			{matrix34
				-0.4319 	 0.8054 	 -0.4061
				0.285 	 -0.3053 	 -0.9086
				-0.8557 	 -0.5081 	 -0.0977
				-39.0293 	 9.892 	 23.8642
			}
			{poly "piece06"}
		}
		{bone "piece07"
			{matrix34
				0 	 -1 	 0
				0.8192 	 0 	 0.5736
				-0.5736 	 0 	 0.8192
				-3.7595 	 -22.8524 	 37.1635
			}
			{poly "piece07"}
		}
		{bone "piece08"
			{matrix34
				0.3044 	 0.9524 	 -0.0144
				-0.933 	 0.2951 	 -0.206
				-0.1919 	 0.0761 	 0.9785
				18.2735 	 -22.5238 	 20.9283
			}
			{poly "piece08"}
		}
		{bone "piece09"
			{matrix34
				0.4972 	 0.6502 	 -0.5744
				-0.8584 	 0.465 	 -0.2167
				0.1262 	 0.6009 	 0.7893
				32.43 	 -19.4623 	 27.2032
			}
			{poly "piece09"}
		}
		{bone "piece10"
			{matrix34
				-0.2647 	 -0.1512 	 0.9524
				-0.9636 	 0.0035 	 -0.2672
				0.0371 	 -0.9885 	 -0.1467
				-3.7341 	 -1.9767 	 50.9873
			}
			{poly "piece10"}
		}
		{bone "piece11"
			{matrix34
				0.4972 	 -0.0976 	 -0.8621
				-0.8584 	 0.0891 	 -0.5052
				0.1262 	 0.9912 	 -0.0394
				-24.0291 	 -14.3104 	 46.8788
			}
			{poly "piece11"}
		}
		{bone "piece12"
			{matrix34
				0.513 	 -0.8374 	 -0.1886
				0.6935 	 0.5338 	 -0.4839
				0.5059 	 0.1175 	 0.8546
				-41.9364 	 -19.2865 	 54.9522
			}
			{poly "piece12"}
		}
		{bone "piece13"
			{matrix34
				-0.2647 	 -0.9356 	 -0.2337
				-0.9636 	 0.2659 	 0.0268
				0.0371 	 0.2323 	 -0.9719
				33.0774 	 -19.3473 	 8.4151
			}
			{poly "piece13"}
		}
		{bone "piece14"
			{matrix34
				-0.2647 	 -0.9004 	 0.3452
				-0.9636 	 0.2332 	 -0.1306
				0.0371 	 -0.3672 	 -0.9294
				33.0774 	 -14.6994 	 47.1621
			}
			{poly "piece14"}
		}
		{bone "body"
			{matrix34
				0 	 1 	 0
				-1 	 0 	 0
				0 	 0 	 1
				-7.5677 	 -23.3658 	 0
			}
			{poly "body"}
		}
	}
}
{"volumes"
	{"piece01"
		{box 5.73201 14.721 15.5768}
		{bone "piece01"}
		{matrix34
			0.6502 	 0.465 	 0.6009
			-0.4972 	 0.8584 	 -0.1262
			-0.5744 	 -0.2167 	 0.7893
			-2.5901 	 -2.518 	 -1.5172
		}
	}
	{"piece02"
		{box 5.73572 21.0299 15.5768}
		{bone "piece02"}
		{matrix34
			0.679 	 0.5377 	 0.4998
			-0.2873 	 0.8212 	 -0.493
			-0.6756 	 0.1912 	 0.7121
			-4.5157 	 -3.6116 	 -1.6509
		}
	}
	{"piece03"
		{box 6.58998 27.7595 26.0132}
		{bone "piece03"}
		{matrix34
			0.2772 	 -0.8324 	 -0.4798
			0.6088 	 0.5385 	 -0.5825
			0.7433 	 -0.1307 	 0.6561
			0.8977 	 -3.9371 	 -2.7011
		}
	}
	{"piece04"
		{box 6.3459 27.5492 11.9759}
		{bone "piece04"}
		{matrix34
			0.8175 	 -0.2753 	 -0.5058
			0.3617 	 0.9289 	 0.0791
			0.4481 	 -0.2476 	 0.859
			3.791 	 -2.2709 	 -2.1931
		}
	}
	{"piece05"
		{box 5.73201 14.721 15.5768}
		{bone "piece05"}
		{matrix34
			0.6502 	 0.465 	 0.6009
			-0.4972 	 0.8584 	 -0.1262
			-0.5744 	 -0.2167 	 0.7893
			-2.5901 	 -2.518 	 -1.5172
		}
	}
	{"piece06"
		{box 6.3459 27.5492 11.9759}
		{bone "piece06"}
		{matrix34
			0.8175 	 -0.2753 	 -0.5058
			0.3617 	 0.9289 	 0.0791
			0.4481 	 -0.2476 	 0.859
			3.791 	 -2.2709 	 -2.1931
		}
	}
	{"piece07"
		{box 8.77527 6.34455 19.4876}
		{bone "piece07"}
		{matrix34
			1 	 0 	 0
			0 	 0.1033 	 -0.9946
			0 	 0.9946 	 0.1033
			0 	 -1.5199 	 0.4034
		}
	}
	{"piece08"
		{box 8.64476 4.96164 10.6118}
		{bone "piece08"}
		{matrix34
			0.9524 	 0.2951 	 0.0761
			-0.3044 	 0.933 	 0.1919
			-0.0144 	 -0.206 	 0.9785
			0.4813 	 -1.4728 	 -0.312
		}
	}
	{"piece09"
		{box 5.73201 14.721 15.5768}
		{bone "piece09"}
		{matrix34
			0.6502 	 0.465 	 0.6009
			-0.4972 	 0.8584 	 -0.1262
			-0.5744 	 -0.2167 	 0.7893
			-2.5901 	 -2.518 	 -1.5171
		}
	}
	{"piece10"
		{box 5.8608 9.67377 10.1249}
		{bone "piece10"}
		{matrix34
			0.8808 	 -0.2572 	 -0.3975
			-0.4576 	 -0.2465 	 -0.8543
			0.1218 	 0.9344 	 -0.3349
			3.7591 	 -1.3673 	 -1.6187
		}
	}
	{"piece11"
		{box 5.73201 14.721 15.5768}
		{bone "piece11"}
		{matrix34
			0.6502 	 0.465 	 0.6009
			-0.4972 	 0.8584 	 -0.1262
			-0.5744 	 -0.2167 	 0.7893
			-2.5901 	 -2.518 	 -1.5171
		}
	}
	{"piece12"
		{box 5.8608 9.67377 10.1249}
		{bone "piece12"}
		{matrix34
			0.513 	 0.6935 	 0.5059
			-0.8374 	 0.5338 	 0.1175
			-0.1886 	 -0.4839 	 0.8546
			-1.3491 	 -1.7601 	 -1.6196
		}
	}
	{"piece13"
		{box 5.8608 9.67377 10.1249}
		{bone "piece13"}
		{matrix34
			0.8808 	 -0.2572 	 -0.3975
			-0.4576 	 -0.2465 	 -0.8543
			0.1218 	 0.9344 	 -0.3349
			3.7591 	 -1.3673 	 -1.6187
		}
	}
	{"piece14"
		{box 5.8608 9.67377 10.1249}
		{bone "piece14"}
		{matrix34
			0.8808 	 -0.2572 	 -0.3975
			-0.4576 	 -0.2465 	 -0.8543
			0.1218 	 0.9344 	 -0.3349
			3.7591 	 -1.3673 	 -1.6188
		}
	}
}
