;Exported by:	 tolokolnikova
;Date:			 27.04.2016 10:40:26
;File:			 D:\gem2\gem2-mdl-soldiers\models\building\hangar_wood\HW2_x.max
{skeleton
	{bone "hangar_piece_05"
		{orientation
			1 	 0 	 0
			0 	 -1 	 0
			0 	 0 	 1
		}
		{bone "piece01"
			{matrix34
				0.6861 	 0 	 -0.7275
				0 	 1 	 0
				0.7275 	 0 	 0.6861
				-41.3213 	 82.3846 	 -11.6851
			}
			{poly "piece01"}
		}
		{bone "piece02"
			{matrix34
				0.6947 	 0 	 0.7193
				0 	 1 	 0
				-0.7193 	 0 	 0.6947
				-14.7907 	 82.3846 	 35.8589
			}
			{poly "piece02"}
		}
		{bone "piece03"
			{matrix34
				0.1736 	 0 	 -0.9848
				0 	 1 	 0
				0.9848 	 0 	 0.1736
				71.2702 	 82.3846 	 -17.8852
			}
			{poly "piece03"}
		}
		{bone "piece04"
			{Position -1.9468 	 82.3846 	 -18.5598}
			{poly "piece04"}
		}
		{bone "piece05"
			{Position -10.9862 	 82.3846 	 2.7792}
			{poly "piece05"}
		}
		{bone "piece06"
			{matrix34
				-0.3907 	 0 	 -0.9205
				0 	 1 	 0
				0.9205 	 0 	 -0.3907
				-48.8811 	 82.3846 	 42.8288
			}
			{poly "piece06"}
		}
		{bone "piece07"
			{matrix34
				0.9976 	 0 	 0.0698
				0 	 1 	 0
				-0.0698 	 0 	 0.9976
				20.1863 	 82.4271 	 43.3466
			}
			{poly "piece07"}
		}
		{bone "piece08"
			{Position 15.3535 	 82.5883 	 -4.2906}
			{poly "piece08"}
		}
		{bone "piece09"
			{Position 54.2656 	 82.3846 	 44.0926}
			{poly "piece09"}
		}
		{bone "piece11"
			{Position 51.8135 	 82.3846 	 21.1601}
			{poly "piece11"}
		}
		{bone "sub_piece01"
			{matrix34
				0.1908 	 0 	 -0.9816
				0 	 1 	 0
				0.9816 	 0 	 0.1908
				61.1408 	 82.3846 	 3.1122
			}
			{poly "sub_piece01"}
		}
		{bone "sub_piece02"
			{Position -22.5748 	 82.3846 	 -21.9213}
			{poly "sub_piece02"}
		}
		{bone "sub_piece07"
			{matrix34
				-1 	 0.0058 	 0
				0.0008 	 0.1392 	 0.9903
				0.0057 	 0.9903 	 -0.1392
				-29.445 	 58.8279 	 57.644
			}
			{poly "sub_piece07"}
		}
		{bone "sub_piece05"
			{matrix34
				-1 	 0.0058 	 0
				-0.0058 	 -1 	 0
				0 	 0 	 1
				1.769 	 44.7155 	 59.6467
			}
			{poly "sub_piece05"}
		}
		{bone "piece13"
			{matrix34
				-1 	 0.0058 	 0
				-0.0058 	 -1 	 0
				0 	 0 	 1
				36.8285 	 70.6297 	 55.9351
			}
			{poly "piece13"}
		}
		{bone "sub_piece04"
			{matrix34
				-1 	 0.0058 	 0
				-0.0058 	 -1 	 0
				0 	 0 	 1
				-64.6156 	 67.1751 	 56.3846
			}
			{poly "sub_piece04"}
		}
		{bone "piece12"
			{matrix34
				-1 	 0.0058 	 0
				0.0008 	 0.1392 	 0.9903
				0.0057 	 0.9903 	 -0.1392
				36.3658 	 21.7769 	 62.7196
			}
			{poly "piece12"}
		}
		{bone "piece10"
			{matrix34
				-1 	 0.0058 	 0
				0.0008 	 0.1392 	 0.9903
				0.0057 	 0.9903 	 -0.1392
				-55.4669 	 24.2781 	 62.3738
			}
			{poly "piece10"}
		}
		{bone "sub_piece06"
			{matrix34
				-1 	 0.0058 	 0
				-0.0058 	 -1 	 0
				0 	 0 	 1
				76.4409 	 40.9504 	 59.937
			}
			{poly "sub_piece06"}
		}
		{bone "sub_piece03"
			{matrix34
				-1 	 0.0058 	 0
				-0.0058 	 -1 	 0
				0 	 0 	 1
				76.0304 	 65.5144 	 56.6993
			}
			{poly "sub_piece03"}
		}
		{bone "piece14"
			{Position 42.1822 	 92.5405 	 -11.8849}
			{poly "piece14"}
		}
	}
}
{volume "piece01"
	{box 26.0528 5.02991 15.5934}
	{bone "piece01"}
	{matrix34
		0.9903 	 0 	 -0.1392
		0 	 1 	 0
		0.1392 	 0 	 0.9903
		-1.5619 	 0 	 -0.4994
	}
}
{volume "piece02"
	{box 22.6546 5.02991 22.3721}
	{bone "piece02"}
	{matrix34
		0.7193 	 0 	 -0.6947
		0 	 1 	 0
		0.6947 	 0 	 0.7193
		0.5986 	 0 	 1.405
	}
}
{volume "piece03"
	{box 22.6546 5.02991 18.3451}
	{bone "piece03"}
	{Position 0.132 	 0 	 0.4039}
}
{volume "piece04"
	{box 22.6546 5.02991 15.9801}
	{bone "piece04"}
	{matrix34
		0.8829 	 0 	 -0.4695
		0 	 1 	 0
		0.4695 	 0 	 0.8829
		0.7889 	 0 	 -1.0419
	}
}
{volume "piece05"
	{box 17.2175 5.02991 12.3047}
	{bone "piece05"}
	{matrix34
		0.9994 	 0 	 0.0349
		0 	 1 	 0
		-0.0349 	 0 	 0.9994
		-0.0911 	 0 	 0.476
	}
}
{volume "piece06"
	{box 18.1817 5.02991 13.9511}
	{bone "piece06"}
	{matrix34
		-0.4226 	 0 	 0.9063
		0 	 1 	 0
		-0.9063 	 0 	 -0.4226
		-0.1335 	 0 	 -0.3404
	}
}
{volume "piece07"
	{box 23.2497 5.03493 19.3691}
	{bone "piece07"}
	{Position -0.5087 	 0 	 0.5663}
}
{volume "piece08"
	{box 23.2497 5.03493 19.3691}
	{bone "piece08"}
	{Position 0 	 0 	 -0.305}
}
{volume "piece09"
	{box 22.6546 5.02991 15.9801}
	{bone "piece09"}
	{matrix34
		0.8829 	 0 	 -0.4695
		0 	 1 	 0
		0.4695 	 0 	 0.8829
		0.7889 	 0 	 -1.0419
	}
}
{volume "piece10"
	{box 32.6771 1.19832 25.8059}
	{bone "piece10"}
	{matrix34
		1 	 0 	 0
		0 	 -0.9999 	 -0.0154
		0 	 0.0154 	 -0.9999
		0.3657 	 0.29 	 0.145
	}
}
{volume "piece11"
	{box 26.0528 5.02991 15.5934}
	{bone "piece11"}
	{matrix34
		0.9903 	 0 	 -0.1392
		0 	 1 	 0
		0.1392 	 0 	 0.9903
		-1.5619 	 0 	 -0.4994
	}
}
{volume "piece12"
	{box 32.6771 1.19832 25.8059}
	{bone "piece12"}
	{matrix34
		1 	 0 	 0
		0 	 -0.9999 	 -0.0154
		0 	 0.0154 	 -0.9999
		0.3657 	 0.29 	 0.145
	}
}
{volume "piece13"
	{box 35.8394 1.19832 16.5215}
	{bone "piece13"}
	{matrix34
		1 	 0 	 0
		0 	 0.1544 	 -0.988
		0 	 0.988 	 0.1544
		1.6443 	 1.7489 	 0.77
	}
}
{volume "piece14"
	{box 28.658 19.5161 15.5934}
	{bone "piece14"}
	{matrix34
		0.0349 	 0 	 -0.9994
		0 	 1 	 0
		0.9994 	 0 	 0.0349
		7.476 	 0.0005 	 0.9604
	}
}
{volume "sub_piece01"
	{box 9.46961 5.02991 9.72068}
	{bone "sub_piece01"}
	{matrix34
		0.1564 	 0 	 0.9877
		0 	 1 	 0
		-0.9877 	 0 	 0.1564
		0.0555 	 0 	 0.0323
	}
}
{volume "sub_piece02"
	{box 11.0908 5.02991 10.6029}
	{bone "sub_piece02"}
	{matrix34
		0.9994 	 0 	 0.0349
		0 	 1 	 0
		-0.0349 	 0 	 0.9994
		0.1263 	 0 	 0.5407
	}
}
{volume "sub_piece03"
	{box 35.8394 1.19832 16.5215}
	{bone "sub_piece03"}
	{matrix34
		1 	 0 	 0
		0 	 0.1544 	 -0.988
		0 	 0.988 	 0.1544
		1.6443 	 1.7489 	 0.77
	}
}
{volume "sub_piece04"
	{box 19.2685 1.19832 14.121}
	{bone "sub_piece04"}
	{matrix34
		1 	 0 	 0
		0 	 0.1544 	 -0.988
		0 	 0.988 	 0.1544
		0.64 	 0.0229 	 0.5507
	}
}
{volume "sub_piece05"
	{box 19.2685 1.19832 14.121}
	{bone "sub_piece05"}
	{matrix34
		1 	 0 	 0
		0 	 0.1544 	 -0.988
		0 	 0.988 	 0.1544
		0.64 	 0.0229 	 0.5507
	}
}
{volume "sub_piece06"
	{box 19.2685 1.19832 14.121}
	{bone "sub_piece06"}
	{matrix34
		1 	 0 	 0
		0 	 0.1544 	 -0.988
		0 	 0.988 	 0.1544
		0.64 	 0.0229 	 0.5507
	}
}
{volume "sub_piece07"
	{box 24.3151 1.19832 25.8059}
	{bone "sub_piece07"}
	{matrix34
		1 	 0 	 0
		0 	 -0.9994 	 -0.0349
		0 	 0.0349 	 -0.9994
		0 	 -0.2844 	 0.2674
	}
}
