;Exported by:	 KobaA
;Date:			 16.06.2022 13:22:23
;File:			 G:\_GIT_\gem2\gem2-mdl-soldiers\models\unit\vehicle\M3A1ScoutCar\M3A1ScoutCar_xx.max
{skeleton
	{bone "basis"
		{parameters "steermax=30;"}
		{orientation
			1 	 0 	 0
			0 	 -1 	 0
			0 	 0 	 1
		}
		{bone "body"
			{parameters "id=body;"}
			{Position 3.7457 	 0.9227 	 9.4615}
			{LODView
				{poly "body"}
				{poly "body_lod1"}
				{poly "body_lod2"}
				{poly "body_lod3"}
			}
			{bone "part4"
				{Position 9.0817 	 15.6985 	 18.0738}
				{LODView
					{poly "part4"}
					{poly "part4_lod1"}
					{poly "part4_lod2"}
					{poly "part4_lod3"}
				}
			}
			{bone "part5"
				{Position 9.0661 	 -17.5616 	 18.0738}
				{LODView
					{poly "part5"}
					{poly "part5_lod1"}
					{poly "part5_lod2"}
					{poly "part5_lod3"}
				}
			}
			{bone "engine"
				{parameters "id=engine;"}
				{Position 27.2324 	 -2.4205 	 11.5565}
				{LODView
					{poly "engine"}
					{poly "engine_lod1"}
					{poly "engine_lod2"}
					{poly "engine_lod3"}
				}
				{bone "part3"
					{matrix34
						0.1099 	 0 	 0.9939
						0 	 1 	 0
						-0.9939 	 0 	 0.1099
						-0.9584 	 4.175 	 7.1381
					}
					{LODView
						{poly "part3"}
						{poly "part3_lod1"}
						{poly "part3_lod2"}
						{poly "part3_lod3"}
					}
				}
				{bone "cover2"
					{parameters "id=engine;"}
					{matrix34
						0.1099 	 0 	 0.9939
						0 	 1 	 0
						-0.9939 	 0 	 0.1099
						-1.0175 	 -1.1793 	 7.1381
					}
					{LODView
						{poly "cover2"}
						{poly "cover2_lod1"}
						{poly "cover2_lod2"}
						{poly "cover2_lod3"}
					}
				}
				{bone "fxfire1"
					{matrix34
						0 	 0 	 1
						0 	 1 	 0
						-1 	 0 	 0
						-0.5305 	 1.4978 	 5.1971
					}
				}
			}
			{bone "enumerator"
				{parameters "id=body;"}
				{matrix34
					-1 	 0 	 0
					0 	 -1 	 0
					0 	 0 	 1
					-26.4062 	 -20.8966 	 12.473
				}
				{poly "enumerator"}
			}
			{bone "usa"
				{parameters "id=body;"}
				{matrix34
					-1 	 0 	 0
					0 	 0 	 1
					0 	 1 	 0
					-23.786 	 19.768 	 15.2581
				}
				{poly "usa"}
			}
		}
		{bone "pivot_back"
			{Position -26.0014 	 0 	 9.4078}
			{bone revolute "align_back"
				{limits -3 3}
				{speed 0.001}
				{orientation
					0 	 0 	 1
					0 	 -1 	 0
					1 	 0 	 0
				}
				{LODView
					{poly "align_back"}
					{poly "align_back_lod1"}
					{poly "align_back_lod2"}
					{poly "align_back_lod3"}
				}
				{bone "part6"
					{matrix34
						0 	 0 	 1
						-1 	 0 	 0
						0 	 -1 	 0
						-0.0233 	 -16.8995 	 0.0041
					}
					{LODView
						{poly "part6"}
						{poly "part6_lod1"}
						{poly "part6_lod2"}
						{poly "part6_lod3"}
					}
				}
				{bone revolute "wheelr2"
					{parameters "id=wheelright;radius=0.48;support=1;"}
					{matrix34
						0 	 0 	 1
						-1 	 0 	 0
						0 	 -1 	 0
						-0.0233 	 16.8988 	 0.0458
					}
					{LODView
						{poly "wheelr2"}
						{poly "wheelr2_lod1"}
						{poly "wheelr2_lod2"}
						{poly "wheelr2_lod3"}
					}
				}
			}
		}
		{bone "pivot_front"
			{Position 39.5551 	 0 	 9.4079}
			{bone revolute "align_front"
				{limits -3 3}
				{speed 0.001}
				{orientation
					0 	 0 	 1
					0 	 -1 	 0
					1 	 0 	 0
				}
				{LODView
					{poly "align_front"}
					{poly "align_front_lod1"}
					{poly "align_front_lod2"}
					{poly "align_front_lod3"}
				}
				{bone revolute "steer_r1"
					{matrix34
						0 	 0 	 1
						0 	 1 	 0
						-1 	 0 	 0
						-0.0234 	 14.3005 	 -0.0095
					}
					{LODView
						{poly "steer_r1"}
						{poly "steer_r1_lod1"}
						{poly "steer_r1_lod2"}
						{poly "steer_r1_lod3"}
					}
					{bone "part2"
						{matrix34
							1 	 0 	 0
							0 	 0 	 1
							0 	 -1 	 0
							0.0209 	 2.5983 	 0
						}
						{LODView
							{poly "wheelr2"}
							{poly "wheelr2_lod1"}
							{poly "wheelr2_lod2"}
							{poly "wheelr2_lod3"}
						}
					}
				}
				{bone revolute "steer_l1"
					{matrix34
						0 	 0 	 1
						0 	 1 	 0
						-1 	 0 	 0
						-0.0234 	 -14.3057 	 -0.0095
					}
					{LODView
						{poly "steer_l1"}
						{poly "steer_l1_lod1"}
						{poly "steer_l1_lod2"}
						{poly "steer_l1_lod3"}
					}
					{bone "part1"
						{matrix34
							1 	 0 	 0
							0 	 0 	 1
							0 	 -1 	 0
							-0.0209 	 -2.5937 	 0
						}
						{LODView
							{poly "part6"}
							{poly "part6_lod1"}
							{poly "part6_lod2"}
							{poly "part6_lod3"}
						}
					}
				}
			}
		}
	}
}
{volume "body01"
	{cylinder 3.31187 17.7165}
	{bone "body"}
	{matrix34
		1 	 0 	 0
		0 	 0.0872 	 0.9962
		0 	 -0.9962 	 0.0872
		52.9814 	 -0.9406 	 3.0173
	}
}
{volume "body02"
	{polyhedron}
	{bone "body"}
	{Position 11.083 	 -0.9227 	 1.4014}
}
{volume "body03"
	{polyhedron}
	{bone "body"}
	{Position 1.0533 	 -0.9227 	 1.2437}
}
{volume "body04"
	{box 0.672322 32.3172 9.00421}
	{bone "body"}
	{matrix34
		0.8725 	 0.061 	 0.4848
		-0.0698 	 0.9976 	 0
		-0.4836 	 -0.0338 	 0.8746
		8.8794 	 -1.075 	 24.3566
	}
}
{volume "body05"
	{polyhedron}
	{bone "body"}
	{Position -17.2642 	 19.3866 	 0.9182}
}
{volume "body06"
	{polyhedron}
	{bone "body"}
	{Position -38.3546 	 19.3452 	 2.5214}
}
{volume "body07"
	{polyhedron}
	{bone "body"}
	{Position -17.2642 	 -21.232 	 0.9182}
}
{volume "body08"
	{polyhedron}
	{bone "body"}
	{Position -38.3546 	 -21.1906 	 2.5214}
}
{volume "body09"
	{box 0.922359 41.4607 19.5546}
	{bone "body"}
	{Position -50.9359 	 -0.9227 	 12.1686}
}
{volume "body10"
	{cylinder 4.33071 2.56197}
	{bone "body"}
	{matrix34
		1 	 0 	 0
		0 	 0 	 -1
		0 	 1 	 0
		35.7998 	 15.9456 	 -0.077
	}
}
{volume "body11"
	{cylinder 4.33071 2.56197}
	{bone "body"}
	{matrix34
		1 	 0 	 0
		0 	 0 	 1
		0 	 -1 	 0
		35.7998 	 -17.7409 	 -0.077
	}
}
{volume "body12"
	{cylinder 4.33071 2.56197}
	{bone "body"}
	{matrix34
		1 	 0 	 0
		0 	 0 	 -1
		0 	 1 	 0
		-29.7506 	 15.9456 	 -0.077
	}
}
{volume "engine"
	{polyhedron}
	{bone "engine"}
	{Position 1.7566 	 1.4989 	 -9.4871}
}
{volume "part1"
	{cylinder 5.51181 4.72441}
	{bone "part1"}
	{matrix34
		-1 	 0 	 0
		0 	 -1 	 0
		0 	 0 	 1
		0 	 0 	 -0.1528
	}
}
{volume "part2"
	{cylinder 5.51181 4.72441}
	{bone "part2"}
	{matrix34
		-1 	 0 	 0
		0 	 1 	 0
		0 	 0 	 -1
		0 	 0 	 0.1521
	}
}
{volume "part3_01"
	{box 19.2471 6.96713 0.35709}
	{bone "part3"}
	{matrix34
		-0.0121 	 -0.079 	 -0.9968
		0.0091 	 0.9968 	 -0.0791
		0.9999 	 -0.01 	 -0.0114
		-0.5794 	 4.27 	 -0.59
	}
}
{volume "part3_02"
	{box 19.2471 5.36469 0.35709}
	{bone "part3"}
	{matrix34
		0.0402 	 -0.2323 	 -0.9718
		-0.9938 	 0.0915 	 -0.063
		0.1035 	 0.9683 	 -0.2272
		-2.9569 	 8.7417 	 -0.8736
	}
}
{volume "part4_01"
	{box 17.0239 0.699524 11.5609}
	{bone "part4"}
	{matrix34
		0.9613 	 -0.2756 	 0
		0.2756 	 0.9613 	 0
		0 	 0 	 1
		-8.2642 	 1.9413 	 -3.3184
	}
}
{volume "part4_02"
	{box 17.0239 0.699524 6.82094}
	{bone "part4"}
	{matrix34
		0.9483 	 -0.3172 	 -0.0113
		0.272 	 0.8304 	 -0.4862
		0.1636 	 0.458 	 0.8738
		-7.7063 	 3.5032 	 5.4284
	}
}
{volume "part5_01"
	{box 17.0239 0.699524 11.5609}
	{bone "part5"}
	{matrix34
		-0.9336 	 -0.3584 	 0
		0.3584 	 -0.9336 	 0
		0 	 0 	 1
		-8.2168 	 -2.0568 	 -3.3184
	}
}
{volume "part5_02"
	{box 17.0239 0.699524 6.82094}
	{bone "part5"}
	{matrix34
		-0.9482 	 -0.3173 	 -0.0113
		0.2825 	 -0.8269 	 -0.4862
		0.145 	 -0.4642 	 0.8738
		-7.7224 	 -3.64 	 5.4284
	}
}
{volume "part6"
	{cylinder 5.51181 4.72441}
	{bone "part6"}
	{matrix34
		-1 	 0 	 0
		0 	 -1 	 0
		0 	 0 	 1
		0.0417 	 0 	 -0.1528
	}
}
{volume "wheelright2"
	{cylinder 5.51181 3.93701}
	{bone "wheelr2"}
	{matrix34
		-1 	 0 	 0
		0 	 1 	 0
		0 	 0 	 -1
		0 	 0 	 0.5458
	}
}
