;Exported by:	 tolokolnikova
;Date:			 05.05.2016 09:24:56
;File:			 D:\gem2\gem2-mdl-soldiers\models\building\church\ch05_x.max
{skeleton
	{bone "ch1_piece03_point"
		{orientation
			1 	 0 	 0
			0 	 -1 	 0
			0 	 0 	 1
		}
		{bone "piece01"
			{matrix34
				-1 	 0 	 0
				0 	 -0.5 	 0.866
				0 	 0.866 	 0.5
				21.7436 	 -15.7112 	 -19.9712
			}
			{poly "piece01"}
		}
		{bone "piece02"
			{matrix34
				0 	 1 	 0
				1 	 0 	 0
				0 	 0 	 1
				8.9222 	 -25.1833 	 -5.3077
			}
			{poly "piece02"}
		}
		{bone "piece03"
			{matrix34
				-1 	 0 	 0
				0 	 -0.766 	 0.6428
				0 	 0.6428 	 0.766
				21.6664 	 -12.774 	 19.0511
			}
			{poly "piece03"}
		}
		{bone "piece04"
			{matrix34
				-1 	 0 	 0
				0 	 -0.9397 	 -0.342
				0 	 -0.342 	 0.9397
				21.72 	 13.5896 	 -14.4489
			}
			{poly "piece04"}
		}
		{bone "piece05"
			{matrix34
				0 	 1 	 0
				0.342 	 0 	 -0.9397
				-0.9397 	 0 	 -0.342
				14.3834 	 -26.2886 	 17.542
			}
			{poly "piece05"}
		}
		{bone "piece06"
			{matrix34
				0 	 1 	 0
				0 	 0 	 -1
				-1 	 0 	 0
				-17.496 	 -26.2039 	 15.4344
			}
			{poly "piece06"}
		}
		{bone "sub_piece01"
			{matrix34
				0 	 1 	 0
				0 	 0 	 1
				1 	 0 	 0
				16.3203 	 -26.1305 	 -26.1828
			}
			{poly "sub_piece01"}
		}
		{bone "sub_piece02"
			{matrix34
				-1 	 0 	 0
				0 	 -1 	 0
				0 	 0 	 1
				21.3763 	 -15.7669 	 -38.1758
			}
			{poly "sub_piece02"}
		}
		{bone "sub_piece03"
			{matrix34
				-1 	 0 	 0
				0 	 -1 	 0
				0 	 0 	 1
				21.6862 	 3.8381 	 5.2451
			}
			{poly "sub_piece03"}
		}
		{bone "sub_piece04"
			{matrix34
				-1 	 0 	 0
				0 	 -0.9397 	 -0.342
				0 	 -0.342 	 0.9397
				10.4241 	 -21.1287 	 30.5235
			}
			{poly "sub_piece04"}
		}
		{bone "sub_piece05"
			{matrix34
				-1 	 0 	 0
				0 	 -0.1736 	 -0.9848
				0 	 -0.9848 	 0.1736
				21.924 	 -8.693 	 -4.2297
			}
			{poly "sub_piece05"}
		}
	}
}
{volume "piece01"
	{box 5.90551 12.3413 20.2811}
	{bone "piece01"}
	{matrix34
		1 	 0 	 0
		0 	 0.9063 	 0.4226
		0 	 -0.4226 	 0.9063
		-0.6846 	 -3.034 	 2.7068
	}
}
{volume "piece02"
	{box 9.84252 13.3674 26.182}
	{bone "piece02"}
	{matrix34
		1 	 0 	 0
		0 	 -1 	 0
		0 	 0 	 1
		1.3027 	 -0.43 	 0.4153
	}
}
{volume "piece03"
	{box 5.90551 19.658 27.1283}
	{bone "piece03"}
	{Position 0.2361 	 0 	 -1.1356}
}
{volume "piece04"
	{box 5.90551 19.658 27.1283}
	{bone "piece04"}
	{Position -0.4377 	 0.0525 	 1.1269}
}
{volume "piece05"
	{box 5.90551 15.1366 25.8053}
	{bone "piece05"}
	{matrix34
		1 	 0 	 0
		0 	 0.866 	 0.5
		0 	 -0.5 	 0.866
		0.1548 	 -4.2902 	 6.3211
	}
}
{volume "piece06"
	{box 5.90551 19.658 15.8647}
	{bone "piece06"}
	{matrix34
		1 	 0 	 0
		0 	 0.866 	 0.5
		0 	 -0.5 	 0.866
		0.0072 	 -0.5257 	 1.9127
	}
}
{volume "sub_piece01"
	{box 5.90551 9.90762 13.4774}
	{bone "sub_piece01"}
	{Position -0.6826 	 0.5657 	 -0.9315}
}
{volume "sub_piece02"
	{box 5.90551 23.6132 12.2078}
	{bone "sub_piece02"}
	{Position 0.0093 	 -0.2397 	 0.9437}
}
{volume "sub_piece03"
	{box 5.90551 12.1879 15.1919}
	{bone "sub_piece03"}
	{matrix34
		1 	 0 	 0
		0 	 0.5 	 0.866
		0 	 -0.866 	 0.5
		0.078 	 -1.3475 	 1.9019
	}
}
{volume "sub_piece04"
	{box 23.7901 3.30584 17.4315}
	{bone "sub_piece04"}
	{matrix34
		1 	 0 	 0
		0 	 0 	 1
		0 	 -1 	 0
		0.9609 	 -0.3669 	 0.2927
	}
}
{volume "sub_piece05"
	{box 5.90551 12.5497 12.5007}
	{bone "sub_piece05"}
	{matrix34
		1 	 0 	 0
		0 	 0.766 	 -0.6428
		0 	 0.6428 	 0.766
		0.01 	 1.0258 	 3.6156
	}
}
