;Exported by:	 tolokolnikova
;Date:			 29.02.2016 16:35:13
;File:			 D:\gem2\gem2-mdl-soldiers\models\entourage\box_fruit\goods_gals01.max
{skeleton
	{bone "basis_x"
		{orientation
			1 	 0 	 0
			0 	 -1 	 0
			0 	 0 	 1
		}
		{bone "piece01"
			{Position -1.4676 	 6.8509 	 9.6371}
			{poly "piece01"}
		}
		{bone "piece07"
			{matrix34
				0.9962 	 -0.0872 	 0
				0.0872 	 0.9962 	 0
				0 	 0 	 1
				4.4299 	 1.066 	 4.0436
			}
			{poly "piece07"}
		}
		{bone "piece02"
			{Position -3.1778 	 12.9162 	 9.6455}
			{poly "piece02"}
		}
		{bone "piece03"
			{matrix34
				0.0872 	 0.9962 	 0
				-0.9962 	 0.0872 	 0
				0 	 0 	 1
				-9.5328 	 5.1689 	 4.0396
			}
			{poly "piece03"}
		}
		{bone "piece04"
			{matrix34
				0.9962 	 -0.0872 	 0
				0.0872 	 0.9962 	 0
				0 	 0 	 1
				1.2581 	 11.1151 	 4.0436
			}
			{poly "piece04"}
		}
		{bone "piece05"
			{matrix34
				0.9989 	 -0.0391 	 -0.0258
				0.0391 	 0.9992 	 0.0012
				0.0257 	 -0.0022 	 0.9997
				-8.0574 	 -7.7741 	 6.3794
			}
			{poly "piece05"}
		}
		{bone "piece06"
			{matrix34
				0.9986 	 -0.0503 	 -0.0134
				0.0507 	 0.9981 	 0.0338
				0.0117 	 -0.0345 	 0.9993
				-5.0523 	 -7.3301 	 14.0326
			}
			{poly "piece06"}
		}
		{bone "fx_wood1"
		}
	}
}
{volume "piece01"
	{box 7.98226 0.681684 3.7197}
	{bone "piece01"}
	{matrix34
		0.4962 	 0.8682 	 0
		-0.8682 	 0.4962 	 0
		0 	 0 	 1
		-0.0203 	 0.0694 	 0.0029
	}
}
{volume "piece02"
	{box 9.61718 0.681684 3.75928}
	{bone "piece02"}
	{matrix34
		0.8682 	 -0.4962 	 0
		0.4962 	 0.8682 	 0
		0 	 0 	 1
		-0.1233 	 0.0283 	 0.0336
	}
}
{volume "piece03"
	{box 13.683 0.946783 7.60987}
	{bone "piece03"}
	{matrix34
		0.9998 	 0.022 	 0
		-0.022 	 0.9998 	 0
		0 	 0 	 1
		0.0107 	 -0.1789 	 -0.2347
	}
}
{volume "piece04"
	{box 21.719 0.946783 7.60987}
	{bone "piece04"}
	{matrix34
		0.9998 	 0.022 	 0
		-0.022 	 0.9998 	 0
		0 	 0 	 1
		0.549 	 -0.2271 	 -0.2387
	}
}
{volume "piece05"
	{box 1.91765 8.74754 11.4396}
	{bone "piece05"}
	{matrix34
		0.975 	 -0.2208 	 0.0254
		0.2208 	 0.9753 	 0.0046
		-0.0258 	 0.0012 	 0.9997
		0.6992 	 0.4404 	 0.6134
	}
}
{volume "piece06"
	{cylinder 5.24032 0.795982}
	{bone "piece06"}
	{matrix34
		0.9986 	 0.0507 	 0.0117
		-0.0503 	 0.9981 	 -0.0345
		-0.0134 	 0.0338 	 0.9993
		0.0117 	 -0.0294 	 -0.8673
	}
}
{volume "piece07"
	{box 11.7283 0.681684 7.60987}
	{bone "piece07"}
	{matrix34
		0.9998 	 0.022 	 0
		-0.022 	 0.9998 	 0
		0 	 0 	 1
		0.5194 	 -3.817 	 -0.2387
	}
}
