;Exported by	: KobaA
;Date			: 18.01.2024 15:19:32
;File			: d:\git\gem2-mdl-soldiers\models\building\house_d\d_002_x_fort.max
{skeleton
	{bone "d002_piece10_point"
		{orientation
			1 	 0 	 0
			0 	 -1 	 0
			0 	 0 	 1
		}
		{bone "piece01"
			{Position -31.6787 	 -47.7208 	 -12.1613}
			{poly "piece01"}
		}
		{bone "piece03"
			{Position -61.8412 	 -57.8933 	 -10.215}
			{poly "piece03"}
		}
		{bone "piece05"
			{matrix34
				0.9947 	 0 	 0.1027
				0 	 1 	 0
				-0.1027 	 0 	 0.9947
				-3.5704 	 -47.7208 	 -13.9319
			}
			{poly "piece05"}
		}
		{bone "sub_piece02"
			{Position -54.5243 	 -6.3541 	 17.5352}
			{poly "sub_piece02"}
		}
		{bone "sub_piece03"
			{Position 9.214 	 17.6454 	 26.2562}
			{poly "sub_piece03"}
		}
		{bone "sub_piece04"
			{matrix34
				-0.3941 	 0 	 -0.919
				0 	 1 	 0
				0.919 	 0 	 -0.3941
				-81.8541 	 -47.7208 	 -9.3806
			}
			{poly "sub_piece04"}
		}
		{bone "sub_piece05"
			{Position -66.8889 	 -13.8607 	 11.624}
			{poly "sub_piece05"}
		}
		{bone "sub_piece06"
			{Position -19.0154 	 -13.8607 	 13.1031}
			{poly "sub_piece06"}
		}
		{bone "d002_piece10"
			{Position 0 	 0 	 0}
			{poly "d002_piece10"}
		}
		{bone revolute "attach1"
			{matrix34
				0 	 -1 	 0
				1 	 0 	 0
				0 	 0 	 1
				-29.6632 	 -34.129 	 -50.6595
			}
		}
		{bone "debris_land_001"
			{parameters "land;ground;"}
			{matrix34
				0 	 1 	 0
				-1 	 0 	 0
				0 	 0 	 1
				-24.5812 	 -60.3373 	 -50.6469
			}
			{poly "debris_land_001" {ground}}
		}
		{bone "fort_wall"
			{matrix34
				-1 	 0 	 0
				0 	 -1 	 0
				0 	 0 	 1
				-32.5893 	 -56.3869 	 -45.0317
			}
		}
		{bone "stones_001"
			{parameters "land;ground;"}
			{matrix34
				0 	 1 	 0
				-1 	 0 	 0
				0 	 0 	 1
				-24.5812 	 -60.3239 	 -50.6469
			}
			{poly "stones_001" {ground}}
		}
	}
}
{"volumes"
	{"piece01"
		{box 25.264 5.90551 22.0584}
		{bone "piece01"}
		{Position -0.5348 	 0 	 0.7347}
	}
	{"piece03"
		{box 21.4744 5.90551 17.6467}
		{bone "piece03"}
		{Position 0.4136 	 0 	 0.7135}
	}
	{"piece05"
		{box 26.3745 5.90551 15.756}
		{bone "piece05"}
		{matrix34
			0.9734 	 0 	 -0.2292
			0 	 1 	 0
			0.2292 	 0 	 0.9734
			0.0047 	 0 	 1.1617
		}
	}
	{"sub_piece02"
		{box 23.5193 30.5917 1.06328}
		{bone "sub_piece02"}
		{matrix34
			1 	 0 	 0
			0 	 0.9303 	 0.3668
			0 	 -0.3668 	 0.9303
			2.7944 	 -0.7345 	 -0.614
		}
	}
	{"sub_piece03"
		{box 30.9464 25.5629 1.45654}
		{bone "sub_piece03"}
		{matrix34
			1 	 0 	 0
			0 	 0.9303 	 0.3668
			0 	 -0.3668 	 0.9303
			-2.3104 	 -0.2672 	 0.6775
		}
	}
	{"sub_piece04"
		{box 7.5792 5.90551 14.7864}
		{bone "sub_piece04"}
		{matrix34
			-0.3941 	 0 	 0.919
			0 	 1 	 0
			-0.919 	 0 	 -0.3941
			-0.0161 	 0 	 -0.6991
		}
	}
	{"sub_piece05"
		{box 1.9685 1.9685 62.2363}
		{bone "sub_piece05"}
		{matrix34
			-1 	 0 	 0
			0 	 -0.2928 	 0.9562
			0 	 0.9562 	 0.2928
			0 	 -1.6505 	 -0.1941
		}
	}
	{"sub_piece06"
		{box 1.9685 1.9685 62.2363}
		{bone "sub_piece06"}
		{matrix34
			-1 	 0 	 0
			0 	 -0.2928 	 0.9562
			0 	 0.9562 	 0.2928
			0 	 -1.6505 	 -0.1941
		}
	}
	{"target_001"
		{box 9.84252 11.811 15.6501}
		{bone "d002_piece10_point"}
		{matrix34
			0 	 -1 	 0
			1 	 0 	 0
			0 	 0 	 1
			-29.6632 	 -46.815 	 -28.1962
		}
	}
	{"vol_01"
		{box 29.9173 6.29921 7.52775}
		{bone "d002_piece10"}
		{matrix34
			-1 	 0 	 0
			0 	 -1 	 0
			0 	 0 	 1
			-51.4611 	 -48.0887 	 -33.0987
		}
	}
	{"vol_02"
		{polyhedron}
		{bone "d002_piece10"}
		{matrix34
			-1 	 0 	 0
			0 	 -1 	 0
			0 	 0 	 1
			-10.2118 	 -48.0887 	 -37.7946
		}
	}
	{"vol_03"
		{box 83.1036 6.29921 13.9403}
		{bone "d002_piece10"}
		{matrix34
			-1 	 0 	 0
			0 	 -1 	 0
			0 	 0 	 1
			-32.5753 	 -48.0887 	 -43.6768
		}
	}
}
