;Exported by	: KobaA
;Date			: 27.03.2024 10:09:13
;File			: d:\git\gem2-mdl-soldiers\models\entourage\sandbags\sandbag_woodbeam1_lod.max
{skeleton
	{bone "s2_x"
		{orientation
			1 	 0 	 0
			0 	 -1 	 0
			0 	 0 	 1
		}
		{bone "piece01"
			{matrix34
				-0.7485 	 0.6623 	 0.0329
				0.5699 	 0.6678 	 -0.4788
				-0.3391 	 -0.3397 	 -0.8773
				8.0371 	 20.1558 	 11.9969
			}
			{poly "piece01"}
		}
		{bone "piece02"
			{matrix34
				0.9373 	 -0.3486 	 0
				-0.3486 	 -0.9373 	 0
				0 	 0 	 -1
				16.4972 	 11.7321 	 2.4592
			}
			{poly "piece01"}
		}
		{bone "piece03"
			{matrix34
				-0.0528 	 -0.9909 	 0.1236
				-0.9766 	 0.077 	 0.2008
				-0.2085 	 -0.1101 	 -0.9718
				11.2049 	 -4.0583 	 18.54
			}
			{poly "piece01"}
		}
		{bone "piece04"
			{matrix34
				-0.6287 	 -0.7697 	 0.1112
				-0.7649 	 0.6378 	 0.0901
				-0.1403 	 -0.0284 	 -0.9897
				9.1865 	 -15.1033 	 14.9691
			}
			{poly "piece01"}
		}
		{bone "piece06"
			{matrix34
				0.3879 	 -0.8767 	 0.2846
				-0.8843 	 -0.441 	 -0.1532
				0.2598 	 -0.1923 	 -0.9463
				1.1683 	 -23.8454 	 10.2358
			}
			{poly "piece01"}
		}
		{bone "piece07"
			{matrix34
				-0.6268 	 -0.7707 	 -0.1146
				-0.6637 	 0.6051 	 -0.4397
				0.4082 	 -0.1996 	 -0.8908
				9.7678 	 -23.7779 	 4.202
			}
			{poly "piece01"}
		}
		{bone "piece08"
			{matrix34
				-0.9421 	 -0.3355 	 0
				-0.3355 	 0.9421 	 0
				0 	 0 	 -1
				15.5781 	 -9.2476 	 3.3615
			}
			{poly "piece01"}
		}
		{bone "piece09"
			{matrix34
				0.6583 	 0.6371 	 -0.4009
				0.6773 	 -0.7337 	 -0.0538
				-0.3284 	 -0.2361 	 -0.9145
				11.5645 	 -3.1302 	 10.8476
			}
			{poly "piece01"}
		}
		{bone "piece10"
			{matrix34
				-0.8788 	 -0.2213 	 0.4228
				-0.3298 	 0.922 	 -0.2029
				-0.3449 	 -0.3177 	 -0.8832
				13.2519 	 9.5289 	 15.0264
			}
			{poly "piece01"}
		}
		{bone "piece11"
			{matrix34
				-0.9848 	 -0.1736 	 0
				-0.1736 	 0.9848 	 0
				0 	 0 	 -1
				5.5307 	 6.8297 	 15.8217
			}
			{poly "piece11"}
		}
		{bone "piece12"
			{matrix34
				-0.9694 	 -0.2002 	 -0.1421
				0.1758 	 -0.9702 	 0.167
				-0.1713 	 0.1369 	 0.9757
				-3.9107 	 15.0499 	 13.3489
			}
			{poly "piece12"}
		}
		{bone "piece13"
			{matrix34
				-0.2516 	 0.9013 	 0.3526
				-0.8081 	 -0.3961 	 0.4359
				0.5326 	 -0.1752 	 0.828
				-4.0002 	 -17.4292 	 13.1202
			}
			{poly "piece13"}
		}
		{bone "piece14"
			{matrix34
				-0.637 	 0.7619 	 -0.1171
				-0.72 	 -0.5337 	 0.4437
				0.2756 	 0.3669 	 0.8885
				5.5452 	 -1.505 	 17.0793
			}
			{poly "piece14"}
		}
		{bone "piece15"
			{matrix34
				-0.9848 	 0.1736 	 0
				-0.1736 	 -0.9848 	 0
				0 	 0 	 1
				2.3468 	 -13.0948 	 15.4131
			}
			{poly "piece15"}
		}
		{bone "piece05"
			{matrix34
				0.7118 	 -0.6909 	 -0.127
				-0.7004 	 -0.7116 	 -0.0543
				-0.0528 	 0.1276 	 -0.9904
				9.6787 	 27.2046 	 2.4089
			}
			{poly "piece05"}
		}
	}
}
{"volumes"
	{"piece01"
		{box 11.4392 7.48082 3.35371}
		{bone "piece01"}
		{matrix34
			-1 	 0 	 0
			0 	 1 	 0
			0 	 0 	 -1
			0.3367 	 0.0306 	 0.3951
		}
	}
	{"piece02"
		{box 11.4392 7.48082 3.35371}
		{bone "piece02"}
		{matrix34
			-1 	 0 	 0
			0 	 1 	 0
			0 	 0 	 -1
			0.3367 	 0.0305 	 0.0606
		}
	}
	{"piece03"
		{box 11.4392 7.48082 3.35371}
		{bone "piece03"}
		{matrix34
			-1 	 0 	 0
			0 	 1 	 0
			0 	 0 	 -1
			0.3367 	 0.0306 	 0.086
		}
	}
	{"piece04"
		{box 11.4392 7.48082 3.35371}
		{bone "piece04"}
		{matrix34
			-1 	 0 	 0
			0 	 1 	 0
			0 	 0 	 -1
			0.3367 	 0.0306 	 0.393
		}
	}
	{"piece05"
		{box 11.4392 7.48082 3.35371}
		{bone "piece05"}
		{matrix34
			-1 	 0 	 0
			0 	 1 	 0
			0 	 0 	 -1
			0.3367 	 0.0306 	 0.393
		}
	}
	{"piece06"
		{box 11.4392 7.48082 3.35371}
		{bone "piece06"}
		{matrix34
			-1 	 0 	 0
			0 	 1 	 0
			0 	 0 	 -1
			0.3989 	 -0.0029 	 0.3407
		}
	}
	{"piece07"
		{box 11.4392 7.48082 3.35371}
		{bone "piece07"}
		{matrix34
			-1 	 0 	 0
			0 	 1 	 0
			0 	 0 	 -1
			0.0914 	 -0.3221 	 0.2011
		}
	}
	{"piece08"
		{box 11.4392 7.48082 3.35371}
		{bone "piece08"}
		{matrix34
			-1 	 0 	 0
			0 	 1 	 0
			0 	 0 	 -1
			0.3367 	 0.0306 	 0.393
		}
	}
	{"piece09"
		{box 11.4392 7.48082 3.35371}
		{bone "piece09"}
		{matrix34
			-1 	 0 	 0
			0 	 1 	 0
			0 	 0 	 -1
			0.3367 	 0.0306 	 0.4672
		}
	}
	{"piece10"
		{box 11.4392 7.48082 3.35371}
		{bone "piece10"}
		{matrix34
			-1 	 0 	 0
			0 	 1 	 0
			0 	 0 	 -1
			0.3367 	 0.0306 	 0.3623
		}
	}
	{"piece11"
		{cylinder 1.18942 17.7273}
		{bone "piece11"}
		{matrix34
			-0.9848 	 -0.1736 	 0
			0.1736 	 -0.9848 	 0
			0 	 0 	 1
			-0.0645 	 0.0593 	 -0.0988
		}
	}
	{"piece12"
		{box 1.39436 17.3737 12.0412}
		{bone "piece12"}
		{matrix34
			-0.9288 	 -0.3634 	 -0.0731
			0.3424 	 -0.9165 	 0.2067
			-0.1421 	 0.167 	 0.9757
			-5.1221 	 -0.7956 	 -0.6252
		}
	}
	{"piece13"
		{box 1.39436 10.5937 12.4136}
		{bone "piece13"}
		{matrix34
			-0.8457 	 -0.2304 	 0.4814
			0.4006 	 -0.87 	 0.2874
			0.3526 	 0.4359 	 0.828
			-4.2712 	 3.0343 	 0.2628
		}
	}
	{"piece14"
		{box 1.39436 13.3481 3.84822}
		{bone "piece13"}
		{matrix34
			-0.8457 	 -0.2304 	 0.4814
			0.4006 	 -0.87 	 0.2874
			0.3526 	 0.4359 	 0.828
			-2.2721 	 -6.4529 	 -0.7657
		}
	}
	{"piece15"
		{box 14.378 1.27628 7.89545}
		{bone "piece14"}
		{matrix34
			0.6613 	 -0.6327 	 0.4031
			0.741 	 0.6347 	 -0.2193
			-0.1171 	 0.4437 	 0.8885
			-1.2917 	 0.3985 	 -2.2993
		}
	}
	{"piece16"
		{cylinder 1.18942 17.7273}
		{bone "piece15"}
		{matrix34
			-0.9848 	 -0.1736 	 0
			0.1736 	 -0.9848 	 0
			0 	 0 	 1
			0.1523 	 -0.0584 	 0.1787
		}
	}
}
