;Exported by	: joomb
;Date			: 12.04.2023 13:52:37
;File			: H:\git\gem2-mdl-soldiers\models\building\b1\vil_build_001_recover.max
{skeleton
	{bone "b1_vil_piece_06"
		{orientation
			1 	 0 	 0
			0 	 -1 	 0
			0 	 0 	 1
		}
		{poly "b1_vil_piece_06"}
		{bone revolute "attach1"
			{matrix34
				0 	 -1 	 0
				1 	 0 	 0
				0 	 0 	 1
				-5.7919 	 -12.5716 	 -49.8088
			}
		}
		{bone "fort_wall"
			{matrix34
				0 	 -1 	 0
				1 	 0 	 0
				0 	 0 	 1
				27.538 	 -13.9079 	 -51.1486
			}
		}
		{bone "fort_window"
			{matrix34
				0 	 1 	 0
				-1 	 0 	 0
				0 	 0 	 1
				-10.6212 	 -37.531 	 -19.907
			}
		}
		{bone "window1"
			{matrix34
				0 	 -1 	 0
				1 	 0 	 0
				0 	 0 	 1
				-10.3431 	 -30.6095 	 -19.59
			}
			{poly "window1"}
		}
		{bone "window1_x"
			{matrix34
				0 	 -1 	 0
				1 	 0 	 0
				0 	 0 	 1
				-10.3431 	 -30.6095 	 -19.59
			}
			{poly "window1_x"}
		}
	}
}
{"volumes"
	{"body01"
		{box 5.90551 44.6247 57.9105}
		{bone "b1_vil_piece_06"}
		{matrix34
			0 	 -1 	 0
			1 	 0 	 0
			0 	 0 	 1
			1.1922 	 -29.9632 	 -24.1149
		}
	}
	{"body02"
		{box 5.90551 56.2272 57.9105}
		{bone "b1_vil_piece_06"}
		{matrix34
			1 	 0 	 0
			0 	 1 	 0
			0 	 0 	 1
			18.8415 	 -7.8987 	 -24.1149
		}
	}
	{"body03"
		{polyhedron}
		{bone "b1_vil_piece_06"}
		{matrix34
			1 	 0 	 0
			0 	 1 	 0
			0 	 0 	 1
			19.9718 	 -7.8987 	 3.9812
		}
	}
	{"body04"
		{polyhedron}
		{bone "b1_vil_piece_06"}
		{matrix34
			1 	 0 	 0
			0 	 1 	 0
			0 	 0 	 1
			20.3941 	 26.1086 	 4.5868
		}
	}
	{"body05"
		{box 1.9685 5.73856 22.8399}
		{bone "b1_vil_piece_06"}
		{matrix34
			1 	 0 	 0
			0 	 1 	 0
			0 	 0 	 1
			20.3941 	 37.1496 	 28.7429
		}
	}
	{"hole"
		{box 15.2559 18.799 22.2536}
		{bone "b1_vil_piece_06"}
		{matrix34
			0 	 -1 	 0
			1 	 0 	 0
			0 	 0 	 1
			-10.3942 	 -30.6843 	 -20.3019
		}
	}
	{"roof01"
		{box 1.9685 20.331 21.7881}
		{bone "b1_vil_piece_06"}
		{matrix34
			0 	 0.6586 	 0.7525
			-1 	 0 	 0
			0 	 -0.7525 	 0.6586
			17.0584 	 26.2699 	 48.4741
		}
	}
	{"roof02"
		{box 1.9685 25.1537 76.9156}
		{bone "b1_vil_piece_06"}
		{matrix34
			0 	 -0.6586 	 0.7525
			1 	 0 	 0
			0 	 0.7525 	 0.6586
			12.5847 	 -10.658 	 28.5185
		}
	}
	{"roof03"
		{box 1.9685 25.1537 42.3036}
		{bone "b1_vil_piece_06"}
		{matrix34
			0 	 -0.6586 	 0.7525
			1 	 0 	 0
			0 	 0.7525 	 0.6586
			-11.1415 	 -23.6809 	 17.1211
		}
	}
	{"roof04"
		{box 1.9685 16.0983 16.0754}
		{bone "b1_vil_piece_06"}
		{matrix34
			0 	 -0.6586 	 0.7525
			1 	 0 	 0
			0 	 0.7525 	 0.6586
			-14.581 	 -1.6194 	 36.4288
		}
	}
	{"window1"
		{box 18.134 0.799469 22.4356}
		{bone "window1"}
		{matrix34
			0 	 1 	 0
			-1 	 0 	 0
			0 	 0 	 1
			0 	 0 	 0.0262
		}
	}
}
