;Exported by:	 Oleksandr Tsaprylov
;Date:			 06.04.2021 20:49:59
;File:			 E:\projects\gem2-mdl-soldiers\models\entourage\piers\pier_001.max
{skeleton
	{bone "breakwater_01"
		{orientation
			1 	 0 	 0
			0 	 -1 	 0
			0 	 0 	 1
		}
		{bone "body01"
			{matrix34
				1 	 0 	 0
				0 	 0.9962 	 0.0872
				0 	 -0.0872 	 0.9962
				1.6196 	 -0.2026 	 6.1395
			}
			{poly "body01"}
		}
	}
}
{volume "body01"
	{cylinder 1.90443 39.7688}
	{bone "body01"}
	{matrix34
		1 	 -0.0037 	 -0.0036
		0.0037 	 1 	 -0.0026
		0.0036 	 0.0026 	 1
		-20.5968 	 0.1535 	 -0.4229
	}
}
{volume "body02"
	{cylinder 1.90443 37.0671}
	{bone "body01"}
	{matrix34
		0.9881 	 -0.1162 	 0.101
		0.1311 	 0.9791 	 -0.1554
		-0.0808 	 0.1668 	 0.9827
		-10.6945 	 -0.0411 	 -1.8116
	}
}
{volume "body03"
	{cylinder 1.90443 39.684}
	{bone "body01"}
	{matrix34
		0.989 	 -0.131 	 -0.0682
		0.1173 	 0.9773 	 -0.1766
		0.0898 	 0.1667 	 0.9819
		-0.9838 	 0.1757 	 -0.541
	}
}
{volume "body04"
	{cylinder 1.90443 39.684}
	{bone "body01"}
	{matrix34
		0.9796 	 -0.1996 	 0.0212
		0.2 	 0.9796 	 -0.0175
		-0.0173 	 0.0213 	 0.9996
		9.1098 	 0.0788 	 -0.4334
	}
}
{volume "body05"
	{cylinder 2.13296 33.3346}
	{bone "body01"}
	{matrix34
		0.9773 	 -0.1898 	 0.0944
		0.2031 	 0.9659 	 -0.1604
		-0.0607 	 0.1759 	 0.9825
		18.9168 	 -0.2233 	 -3.646
	}
}
