;Exported by	: Oleksandr Tsaprylov
;Date			: 12.05.2023 18:18:54
;File			: E:\projects\gem2-mdl-soldiers\models\entourage\shell_gil_pile\shell_gil_pile.max
{skeleton
	{bone "shell_gil_pile_01_x"
		{orientation
			1 	 0 	 0
			0 	 -1 	 0
			0 	 0 	 1
		}
		{bone "piece01"
			{Position 8.8802 	 -9.5568 	 0.8847}
			{poly "piece01"}
		}
		{bone "piece02"
			{Position 2.6538 	 -1.3103 	 0.8847}
			{poly "piece02"}
		}
		{bone "piece03"
			{Position 9.5453 	 -2.4489 	 0.8847}
			{poly "piece03"}
		}
		{bone "piece04"
			{Position -10.2765 	 6.285 	 0.8847}
			{poly "piece04"}
		}
	}
}
{"volumes"
	{"piece01"
		{cylinder 0.981577 9.37891}
		{bone "piece01"}
		{matrix34
			0 	 -1 	 0
			0 	 0 	 -1
			1 	 0 	 0
			-0.0562 	 0 	 0
		}
	}
	{"piece02"
		{cylinder 0.981577 9.37891}
		{bone "piece02"}
		{matrix34
			0.866 	 -0.5 	 0
			0 	 0 	 -1
			0.5 	 0.866 	 0
			-0.0285 	 -0.0494 	 0
		}
	}
	{"piece03"
		{cylinder 0.981577 9.37891}
		{bone "piece03"}
		{matrix34
			0.8192 	 0.5736 	 0
			0 	 0 	 -1
			-0.5736 	 0.8192 	 0
			0.0355 	 -0.0507 	 0
		}
	}
	{"piece04"
		{cylinder 0.981577 9.37891}
		{bone "piece04"}
		{matrix34
			0.8192 	 0.5736 	 0
			0 	 0 	 -1
			-0.5736 	 0.8192 	 0
			0.0089 	 -0.0128 	 0
		}
	}
}
