;Exported by	: KobaA
;Date			: 22.05.2023 13:28:13
;File			: D:\git\gem2-mdl-soldiers\models\entourage\bridge_river\bridge_river_settings.max
{skeleton
	{bone "bridge_river_1_piece_006"
		{orientation
			1 	 0 	 0
			0 	 -1 	 0
			0 	 0 	 1
		}
		{bone "group035"
			{matrix34
				-1 	 0 	 0
				0 	 -1 	 0
				0 	 0 	 1
				6.5433 	 -0.021 	 53.7721
			}
			{poly "group035"}
			{bone "fix6"
				{matrix34
					-1 	 0 	 0
					0 	 -1 	 0
					0 	 0 	 1
					-1.341 	 -85.9658 	 -57.2171
				}
			}
		}
		{bone "bridge_river_1_1r001"
			{Position 0.0062 	 5.3449 	 0}
			{poly "bridge_river_1_1r001"}
		}
	}
}
{"volumes"
	{"body01"
		{box 17.6137 1.66255 1.62709}
		{bone "bridge_river_1_1r001"}
		{matrix34
			0 	 0 	 -1
			0 	 -1 	 0
			-1 	 0 	 0
			101.202 	 -0.0816 	 8.7552
		}
	}
	{"body02"
		{box 250.521 1.93489 1.18789}
		{bone "bridge_river_1_1r001"}
		{matrix34
			-1 	 0 	 0
			0 	 -1 	 0
			0 	 0 	 1
			0.0031 	 -0.0817 	 17.983
		}
	}
	{"body03"
		{box 3.83858 3.83858 20.3783}
		{bone "bridge_river_1_1r001"}
		{matrix34
			-1 	 0 	 0
			0 	 -1 	 0
			0 	 0 	 1
			67.4381 	 -0.0816 	 10.2261
		}
	}
	{"body04"
		{box 236.174 1.23833 0.819643}
		{bone "bridge_river_1_1r001"}
		{matrix34
			-1 	 0 	 0
			0 	 -1 	 0
			0 	 0 	 1
			0.0031 	 -0.0817 	 4.4085
		}
	}
	{"body05"
		{box 17.6137 1.66255 1.62709}
		{bone "bridge_river_1_1r001"}
		{matrix34
			0 	 0 	 -1
			0 	 -1 	 0
			-1 	 0 	 0
			33.72 	 -0.0816 	 8.7552
		}
	}
	{"body06"
		{box 17.6137 1.66255 1.62709}
		{bone "bridge_river_1_1r001"}
		{matrix34
			0 	 0 	 -1
			0 	 -1 	 0
			-1 	 0 	 0
			-101.204 	 -0.0817 	 8.7552
		}
	}
	{"body07"
		{box 3.83858 3.83858 20.3783}
		{bone "bridge_river_1_1r001"}
		{matrix34
			-1 	 0 	 0
			0 	 -1 	 0
			0 	 0 	 1
			-67.5122 	 -0.0817 	 10.2261
		}
	}
	{"body08"
		{box 17.6137 1.66255 1.62709}
		{bone "bridge_river_1_1r001"}
		{matrix34
			0 	 0 	 -1
			0 	 -1 	 0
			-1 	 0 	 0
			-33.7799 	 -0.0817 	 8.7552
		}
	}
	{"body09"
		{box 17.6137 1.66255 1.62709}
		{bone "bridge_river_1_1r001"}
		{matrix34
			0 	 0 	 -1
			0 	 -1 	 0
			-1 	 0 	 0
			-0.0487 	 -0.0817 	 8.7552
		}
	}
	{"body10"
		{box 36.0496 8.14764 6.09909}
		{bone "group035"}
		{matrix34
			0.6293 	 0 	 -0.7771
			0 	 1 	 0
			0.7771 	 0 	 0.6293
			93.9045 	 -0.0298 	 36.5228
		}
	}
	{"body11"
		{box 86.3443 8.14764 6.09909}
		{bone "group035"}
		{matrix34
			0.6157 	 0 	 0.788
			0 	 1 	 0
			-0.788 	 0 	 0.6157
			-98.9661 	 -0.0297 	 14.239
		}
	}
	{"body12"
		{box 94.314 8.14764 6.09909}
		{bone "group035"}
		{matrix34
			0.6157 	 0 	 -0.788
			0 	 1 	 0
			0.788 	 0 	 0.6157
			-103.724 	 -0.0297 	 -12.3804
		}
	}
	{"body13"
		{box 44.7513 8.14764 6.09909}
		{bone "group035"}
		{matrix34
			0.6293 	 0 	 0.7771
			0 	 1 	 0
			-0.7771 	 0 	 0.6293
			99.1541 	 -0.0298 	 -32.9862
		}
	}
	{"body14"
		{box 125.32 8.14764 6.09909}
		{bone "group035"}
		{matrix34
			0.6293 	 0 	 -0.7771
			0 	 -1 	 0
			-0.7771 	 0 	 -0.6293
			-32.2966 	 -0.0297 	 -2.1479
		}
	}
	{"body15"
		{box 125.32 8.14764 6.09909}
		{bone "group035"}
		{matrix34
			-0.6293 	 0 	 -0.7771
			0 	 -1 	 0
			-0.7771 	 0 	 0.6293
			49.4828 	 -0.0298 	 1.6904
		}
	}
	{"body16"
		{box 105.311 8.14764 6.09909}
		{bone "group035"}
		{matrix34
			0 	 0 	 -1
			0 	 -1 	 0
			-1 	 0 	 0
			-72.0099 	 -0.0297 	 -1.5887
		}
	}
	{"body17"
		{box 105.311 8.14764 6.09909}
		{bone "group035"}
		{matrix34
			0 	 0 	 -1
			0 	 -1 	 0
			-1 	 0 	 0
			6.4313 	 -0.0298 	 -1.5887
		}
	}
	{"body18"
		{box 105.311 8.14764 6.09909}
		{bone "group035"}
		{matrix34
			0 	 0 	 -1
			0 	 -1 	 0
			-1 	 0 	 0
			85.9628 	 -0.0298 	 -1.5887
		}
	}
	{"body19"
		{box 236.892 8.14764 6.09909}
		{bone "group035"}
		{matrix34
			-1 	 0 	 0
			0 	 -1 	 0
			0 	 0 	 1
			16.2075 	 -0.0298 	 51.3525
		}
	}
}
