;Exported by:	 tolokolnikova
;Date:			 21.03.2016 16:38:46
;File:			 D:\gem2\gem2-mdl-soldiers\models\entourage\Ship_wood\Ship_wood.max
{skeleton
	{bone "basis001"
		{orientation
			1 	 0 	 0
			0 	 -1 	 0
			0 	 0 	 1
		}
		{bone "ship_002"
			{Position 5.0585 	 -14.4314 	 6.25}
			{LODView
				{poly "ship_002"}
				{poly "ship_002_lod1"}
				{poly "ship_002_lod2"}
			}
		}
	}
}
{obstacle "wood01"
	{obb2
		{center -15.2373 -9.51479}
		{extent 35.1394 2.21858}
		{axis 1 0}
	}
	{rotate}
	{Tags "body" "fire"}
}
{obstacle "wood02"
	{obb2
		{center -15.325 8.83276}
		{extent 35.1394 2.28302}
		{axis 1 0}
	}
	{rotate}
	{Tags "body" "fire"}
}
{obstacle "wood03"
	{obb2
		{center 34.2321 -6.06925}
		{extent 16.3939 1.39827}
		{axis 0.96596 0.258691}
	}
	{rotate}
	{Tags "body" "fire"}
}
{obstacle "wood04"
	{obb2
		{center 34.4787 5.63421}
		{extent 2.06316 16.3292}
		{axis 0.25946 0.965754}
	}
	{rotate}
	{Tags "body" "fire"}
}
{obstacle "wood05"
	{obb2
		{center -50.0356 -0.131653}
		{extent 0.498844 8.26842}
		{axis 0.998631 0.0523094}
	}
	{rotate}
	{Tags "body" "fire"}
}
{obstacle "wood06"
	{obb2
		{center 48.606 -0.131653}
		{extent 2.27126 2.72817}
		{axis 1 0}
	}
	{rotate}
	{Tags "body" "fire"}
}
{obstacle "wood07"
	{obb2
		{center 29.4778 -0.425659}
		{extent 5.23118 5.91674}
		{axis 1 0}
	}
	{rotate}
	{Tags "body" "fire"}
}
{obstacle "wood08"
	{obb2
		{center -13.0224 -0.425659}
		{extent 37.5098 7.21554}
		{axis 1 0}
	}
	{rotate}
	{Tags "body" "fire"}
}
{obstacle "wood09"
	{obb2
		{center 45.4977 -0.212402}
		{extent 5.02193 4.02339}
		{axis 1 0}
	}
	{rotate}
	{Tags "body" "fire"}
}
{obstacle "wood10"
	{obb2
		{center -17.5695 17.1446}
		{extent 0.859138 25.9321}
		{axis 0.40727 0.913308}
	}
	{rotate}
	{Tags "body" "fire"}
}
{volume "wood01"
	{box 70.2789 0.982875 10.423}
	{bone "basis001"}
	{matrix34
		1 	 0 	 0
		0 	 0.9415 	 -0.3369
		0 	 0.3369 	 0.9415
		-15.2373 	 9.5148 	 5.577
	}
}
{volume "wood02"
	{box 70.2789 0.982875 10.8054}
	{bone "basis001"}
	{matrix34
		-1 	 0 	 0
		0 	 -0.9415 	 -0.3369
		0 	 -0.3369 	 0.9415
		-15.325 	 -8.8328 	 5.0868
	}
}
{volume "wood03"
	{box 32.3444 0.982875 10.5186}
	{bone "basis001"}
	{matrix34
		0.9659 	 -0.2549 	 0.0449
		0.2588 	 0.9522 	 -0.1624
		-0.0014 	 0.1685 	 0.9857
		34.2321 	 6.0693 	 5.1841
	}
}
{volume "wood04"
	{box 32.3444 0.982875 10.9967}
	{bone "basis001"}
	{matrix34
		0.9664 	 0.2554 	 0.0295
		-0.2534 	 0.9267 	 0.2774
		0.0435 	 -0.2755 	 0.9603
		34.4787 	 -5.6342 	 5.2801
	}
}
{volume "wood05"
	{box 0.95402 16.5344 10.6694}
	{bone "basis001"}
	{matrix34
		0.9988 	 -0.0497 	 0
		0.0497 	 0.9988 	 0
		0 	 0 	 1
		-50.0356 	 0.1317 	 5.3347
	}
}
{volume "wood06"
	{box 0.763216 5.45635 11.1845}
	{bone "basis001"}
	{matrix34
		0.9397 	 0 	 -0.342
		0 	 1 	 0
		0.342 	 0 	 0.9397
		48.606 	 0.1317 	 5.255
	}
}
{volume "wood07"
	{box 10.4624 11.8335 0.923006}
	{bone "basis001"}
	{Position 29.4778 	 0.4257 	 0.4615}
}
{volume "wood08"
	{box 75.0196 14.4311 0.923006}
	{bone "basis001"}
	{Position -13.0224 	 0.4257 	 0.4615}
}
{volume "wood09"
	{box 10.0439 8.04677 0.923006}
	{bone "basis001"}
	{Position 45.4977 	 0.2124 	 9.7942}
}
{volume "wood10"
	{cylinder 0.822102 54.7526}
	{bone "basis001"}
	{matrix34
		0.4166 	 -0.9085 	 -0.0323
		0.3024 	 0.172 	 -0.9375
		0.8573 	 0.3808 	 0.3464
		-17.5695 	 -17.1446 	 6.3389
	}
}
