;Exported by:	 tolokolnikova
;Date:			 16.03.2017 09:24:48
;File:			 D:\gem2\gem2-mdl-soldiers\models\entourage\barricade_cobl_g2\Barricade_cob30.max
{skeleton
	{bone "b1"
		{orientation
			1 	 0 	 0
			0 	 -1 	 0
			0 	 0 	 1
		}
		{poly "b1"}
		{bone "climb23"
			{matrix34
				-0.9561 	 -0.2931 	 0
				0.2931 	 -0.9561 	 0
				0 	 0 	 1
				55.5089 	 -27.4256 	 0
			}
			{visibility 0}
		}
		{bone "climb24"
			{matrix34
				0.9962 	 0.0874 	 0
				-0.0874 	 0.9962 	 0
				0 	 0 	 1
				1.4099 	 -34.9103 	 0
			}
			{visibility 0}
		}
	}
}
{obstacle "obstacle16"
	{obb2
		{center 31.6764 21.9363}
		{extent 14.1112 14.6741}
		{axis -0.999647 0.0265679}
	}
	{rotate}
}
{obstacle "obstacle17"
	{obb2
		{center 28.1156 -2.52693}
		{extent 14.7137 16.4118}
		{axis -0.957811 0.287399}
	}
	{rotate}
}
{volume "body63"
	{box 28.657 18.8057 16.6461}
	{bone "b1"}
	{matrix34
		0.191 	 0.9816 	 0
		-0.638 	 0.1241 	 -0.7599
		-0.746 	 0.1451 	 0.65
		32.096 	 -19.3925 	 3.8595
	}
}
{volume "body64"
	{box 28.657 18.8057 16.6461}
	{bone "b1"}
	{matrix34
		-0.4847 	 0.8747 	 0
		-0.5685 	 -0.315 	 -0.7599
		-0.6647 	 -0.3683 	 0.65
		28.2274 	 3.6681 	 3.8755
	}
}
