;Exported by	: KobaA
;Date			: 07.11.2023 13:15:47
;File			: D:\git\gem2-mdl-soldiers\models\fence\picket_fence\picket_fence.max
{skeleton
	{bone "picket_fence4_basis"
		{orientation
			1 	 0 	 0
			0 	 -1 	 0
			0 	 0 	 1
		}
		{bone "picket_fence4"
			{Position 4.1193 	 1.2537 	 6.9554}
			{poly "picket_fence4"}
		}
	}
}
{obstacle "obstacle1"
	{obb2
		{center -1.75691 -24.8936}
		{extent 7.64472 3.89795}
		{axis -0.990268 0.139173}
	}
	{rotate}
}
{"volumes"
	{"body1"
		{box 3.21317 3.23276 33.5701}
		{bone "picket_fence4"}
		{matrix34
			0.9023 	 0.1429 	 0.4067
			-0.1564 	 0.9877 	 0
			-0.4017 	 -0.0636 	 0.9135
			-6.8496 	 25.1596 	 0.1357
		}
	}
	{"body2"
		{box 3.21317 3.23276 33.5701}
		{bone "picket_fence4"}
		{matrix34
			0.2317 	 -0.3881 	 -0.892
			0.1666 	 0.9192 	 -0.3567
			0.9584 	 -0.0659 	 0.2776
			5.5316 	 -28.8923 	 -6.2634
		}
	}
	{"body3"
		{box 1.37951 54.6288 25.5707}
		{bone "picket_fence4"}
		{matrix34
			0.0523 	 0 	 -0.9986
			0 	 1 	 0
			0.9986 	 0 	 0.0523
			-4.6132 	 -2.2931 	 -5.6692
		}
	}
}
