;Exported by	: KobaA
;Date			: 02.05.2024 11:01:44
;File			: d:\git\gem2-mdl-soldiers\models\entourage\bench\bench[max2012]_edits.max
{skeleton
	{bone "bench_wood_4_basis"
		{orientation
			1 	 0 	 0
			0 	 -1 	 0
			0 	 0 	 1
		}
		{bone "bench_wood4"
			{Position 0 	 0 	 0}
			{poly "bench_wood4"}
		}
	}
}
{obstacle "obstacle01"
	{obb2
		{center -0.0335121 0.36693}
		{extent 20.6189 9.16395}
		{axis -1 0}
	}
	{rotate}
}
{"volumes"
	{"body1"
		{box 0.916671 2.99213 9.82705}
		{bone "bench_wood_4_basis"}
		{matrix34
			0.9837 	 0 	 -0.1796
			0.0157 	 0.9962 	 0.0857
			0.1789 	 -0.0872 	 0.98
			-20.339 	 -6.6088 	 4.6495
		}
	}
	{"body10"
		{box 2.60313 1.65447 19.4464}
		{bone "bench_wood_4_basis"}
		{matrix34
			0.5151 	 -0.3655 	 -0.7753
			-0.1938 	 -0.9308 	 0.31
			-0.8349 	 -0.0095 	 -0.5503
			9.5994 	 4.0562 	 6.0738
		}
	}
	{"body11"
		{box 0.895558 2.31178 9.27328}
		{bone "bench_wood_4_basis"}
		{matrix34
			0.9848 	 -0.0136 	 -0.1731
			-0.0639 	 0.8986 	 -0.434
			0.1615 	 0.4385 	 0.8841
			-18.7122 	 5.122 	 12.8569
		}
	}
	{"body12"
		{box 0.895558 2.31178 8.76538}
		{bone "bench_wood_4_basis"}
		{matrix34
			0.9758 	 0.0085 	 0.2185
			0.0952 	 0.883 	 -0.4596
			-0.1969 	 0.4693 	 0.8608
			17.6301 	 5.1391 	 12.4627
		}
	}
	{"body2"
		{box 0.916671 2.99213 9.74234}
		{bone "bench_wood_4_basis"}
		{matrix34
			0.9705 	 -0.021 	 0.2403
			0 	 0.9962 	 0.0872
			-0.2412 	 -0.0846 	 0.9668
			19.3789 	 -6.6112 	 4.7138
		}
	}
	{"body3"
		{box 0.916671 2.0125 9.99648}
		{bone "bench_wood_4_basis"}
		{matrix34
			0.9786 	 0 	 -0.2057
			0.0357 	 0.9848 	 0.1699
			0.2025 	 -0.1736 	 0.9638
			-20.2351 	 3.125 	 4.8216
		}
	}
	{"body4"
		{box 0.916671 2.0125 9.31876}
		{bone "bench_wood_4_basis"}
		{matrix34
			0.9749 	 -0.0387 	 0.2194
			0 	 0.9848 	 0.1736
			-0.2228 	 -0.1693 	 0.9601
			19.4023 	 3.2026 	 4.4866
		}
	}
	{"body5"
		{box 12.1205 1.63251 19.4464}
		{bone "bench_wood_4_basis"}
		{matrix34
			0 	 -1 	 0
			-0.4226 	 0 	 -0.9063
			0.9063 	 0 	 -0.4226
			-10.6208 	 -2.0366 	 3.3424
		}
	}
	{"body6"
		{box 9.57449 1.72707 19.4464}
		{bone "bench_wood_4_basis"}
		{matrix34
			0 	 1 	 0
			0.4226 	 0 	 -0.9063
			-0.9063 	 0 	 -0.4226
			10.0982 	 -1.0166 	 3.3429
		}
	}
	{"body7"
		{box 1.11563 0.61681 24.8665}
		{bone "bench_wood_4_basis"}
		{matrix34
			-0.2976 	 0.8706 	 0.3919
			0.2165 	 0.4613 	 -0.8604
			-0.9298 	 -0.1712 	 -0.3257
			6.9044 	 -10.1857 	 3.9025
		}
	}
	{"body8"
		{box 4.64845 0.61681 19.4464}
		{bone "bench_wood_4_basis"}
		{matrix34
			-0.523 	 -0.4715 	 -0.71
			-0.3226 	 0.8806 	 -0.3472
			0.7889 	 0.0475 	 -0.6127
			-11.6216 	 4.9805 	 6.4469
		}
	}
	{"body9"
		{box 1.38338 1.25462 18.2796}
		{bone "bench_wood_4_basis"}
		{matrix34
			0.0643 	 0.9948 	 0.0793
			0.8171 	 -0.0069 	 -0.5765
			-0.5729 	 0.1018 	 -0.8133
			11.5698 	 8.0877 	 7.3719
		}
	}
}
