;Exported by:	 tolokolnikova
;Date:			 10.06.2018 11:24:31
;File:			 D:\gem2\gem2-mdl-soldiers\models\building\b3\build_vil_003a_x_R1.max
{skeleton
	{bone "b_vil_piece_04_point"
		{orientation
			1 	 0 	 0
			0 	 -1 	 0
			0 	 0 	 1
		}
		{bone "piece05"
			{Position 11.3947 	 27.9116 	 -4.8187}
			{poly "piece05"}
		}
		{bone "piece06"
			{Position -14.2409 	 27.4384 	 -9.7252}
			{poly "piece06"}
		}
		{bone "piece07"
			{Position 33.3581 	 27.9116 	 -0.2015}
			{poly "piece07"}
		}
		{bone "piece08"
			{Position 18.0716 	 27.4384 	 -14.9264}
			{poly "piece08"}
		}
		{bone "b_vil_piece_04"
			{Position 6.7602 	 -17.0611 	 -73.7725}
			{poly "b_vil_piece_04"}
		}
		{bone "piece03"
			{Position 13.7257 	 -10.1848 	 13.5202}
			{poly "piece03"}
		}
		{bone "piece04"
			{Position 44.6319 	 30.1878 	 19.3859}
			{poly "piece04"}
		}
		{bone "piece02"
			{Position 32.4267 	 -18.0216 	 3.9236}
			{poly "piece02"}
		}
		{bone "piece09"
			{matrix34
				0.9999 	 0.015 	 0.0021
				-0.0149 	 0.9987 	 -0.0483
				-0.0028 	 0.0483 	 0.9988
				-13.2711 	 36.7525 	 4.1142
			}
			{poly "piece09"}
		}
		{bone "piece10"
			{matrix34
				-0.0113 	 0.9999 	 0
				-0.9999 	 -0.0113 	 0
				0 	 0 	 1
				21.4557 	 2.2366 	 11.5484
			}
			{poly "piece10"}
		}
		{bone "piece11"
			{matrix34
				-1 	 0 	 0
				0 	 -1 	 0
				0 	 0 	 1
				10.1667 	 26.953 	 21.6469
			}
			{poly "piece11"}
		}
		{bone "piece01"
			{Position -16.3454 	 5.1747 	 42.7074}
			{poly "piece01"}
		}
		{bone "piece12"
			{matrix34
				0 	 1 	 0
				-1 	 0 	 0
				0 	 0 	 1
				-34.3695 	 -3.1827 	 -3.6374
			}
			{poly "piece12"}
		}
		{bone "piece13"
			{matrix34
				0 	 1 	 0
				-1 	 0 	 0
				0 	 0 	 1
				-34.3694 	 11.3168 	 7.8984
			}
			{poly "piece13"}
		}
		{bone "piece14"
			{matrix34
				0 	 1 	 0
				-1 	 0 	 0
				0 	 0 	 1
				-34.3694 	 -21.9389 	 13.6146
			}
			{poly "piece14"}
		}
		{bone "piece15"
			{Position -60.3551 	 27.9116 	 -14.4766}
			{poly "piece15"}
		}
		{bone revolute "attach1"
			{matrix34
				0 	 1 	 0
				-1 	 0 	 0
				0 	 0 	 1
				31.1342 	 12.1925 	 -49.0415
			}
		}
		{bone "fort_wall"
			{Position 18.3921 	 34.4505 	 -46.2207}
		}
		{bone "stones_001"
			{parameters "commonmesh;land;ground;"}
			{matrix34
				0 	 -1 	 0
				1 	 0 	 0
				0 	 0 	 1
				10.3839 	 38.3875 	 -56.4176
			}
			{poly "stones_001" {ground}}
		}
		{bone "debris_land_001"
			{parameters "commonmesh;land;ground;"}
			{matrix34
				0 	 -1 	 0
				1 	 0 	 0
				0 	 0 	 1
				10.3839 	 38.4008 	 -56.4176
			}
			{poly "debris_land_001" {ground}}
		}
	}
}
{volume "piece01"
	{box 3.87119 1.12536 49.6356}
	{bone "piece01"}
	{matrix34
		-0.4261 	 0.6595 	 -0.6193
		-0.0177 	 -0.6905 	 -0.7231
		-0.9045 	 -0.2972 	 0.3059
		2.2283 	 0.9448 	 -0.7849
	}
}
{volume "piece02"
	{box 33.0351 3.70673 2.90231}
	{bone "piece02"}
	{matrix34
		0.9993 	 0 	 -0.0368
		0 	 1 	 0
		0.0368 	 0 	 0.9993
		0.4569 	 -0.1471 	 -0.0515
	}
}
{volume "piece03"
	{box 32.6274 6.18479 0.733047}
	{bone "piece03"}
	{matrix34
		0.2129 	 0.976 	 -0.0462
		-0.9677 	 0.2172 	 0.128
		0.135 	 0.0175 	 0.9907
		0.0495 	 0.0064 	 0.3631
	}
}
{volume "piece04"
	{box 3.87119 1.12536 26.5431}
	{bone "piece04"}
	{matrix34
		-0.5245 	 0.6205 	 -0.583
		0 	 -0.6847 	 -0.7288
		-0.8514 	 -0.3823 	 0.3592
		1.6138 	 0.3168 	 -0.3189
	}
}
{volume "piece05"
	{box 18.0707 5.45107 4.97994}
	{bone "piece05"}
	{Position 0.1861 	 0 	 -0.1514}
}
{volume "piece06"
	{box 13.5527 5.45107 4.97994}
	{bone "piece06"}
	{Position 0.2447 	 0 	 0.0618}
}
{volume "piece07"
	{box 18.9857 5.45107 4.97994}
	{bone "piece07"}
	{Position -0.542 	 0 	 -0.1558}
}
{volume "piece08"
	{box 13.5527 5.45107 4.97994}
	{bone "piece08"}
	{Position 0.2614 	 0 	 0.0618}
}
{volume "piece09"
	{box 30.0318 1.48269 4.97994}
	{bone "piece09"}
	{Position 2.4229 	 0.0967 	 0.1608}
}
{volume "piece10"
	{box 32.0858 3.10711 2.14137}
	{bone "piece10"}
	{matrix34
		0.7334 	 -0.6785 	 -0.0429
		0.6792 	 0.734 	 0.0035
		0.0291 	 -0.0317 	 0.9991
		0.4378 	 0.4055 	 -0.0318
	}
}
{volume "piece11"
	{box 2.82981 3.30989 26.5431}
	{bone "piece11"}
	{matrix34
		1 	 0 	 0
		0 	 0.6847 	 -0.7288
		0 	 0.7288 	 0.6847
		0.1304 	 -1.271 	 -1.4948
	}
}
{volume "piece12"
	{box 22.8743 5.45107 4.97994}
	{bone "piece12"}
	{Position 0.1861 	 0 	 -0.1514}
}
{volume "piece13"
	{box 22.8743 5.45107 4.97994}
	{bone "piece13"}
	{Position 0.1861 	 0 	 -0.1514}
}
{volume "piece14"
	{box 22.8743 5.45107 4.97994}
	{bone "piece14"}
	{Position 0.1861 	 0 	 -0.1514}
}
{volume "piece15"
	{box 14.818 5.45107 4.97994}
	{bone "piece15"}
	{Position 0.258 	 0 	 -0.1514}
}
{volume "target_vol_001"
	{box 9.84252 9.84252 15.6501}
	{bone "b_vil_piece_04_point"}
	{matrix34
		0 	 1 	 0
		-1 	 0 	 0
		0 	 0 	 1
		31.1342 	 12.1925 	 -30.8415
	}
}
{volume "vol_01"
	{box 54.6892 5.90551 24.7746}
	{bone "b_vil_piece_04"}
	{matrix34
		-1 	 0 	 0
		0 	 -1 	 0
		0 	 0 	 1
		17.22 	 43.8926 	 29.3878
	}
}
{volume "vol_02"
	{box 23.2462 5.90551 24.7746}
	{bone "b_vil_piece_04"}
	{matrix34
		-1 	 0 	 0
		0 	 -1 	 0
		0 	 0 	 1
		-34.2 	 43.8926 	 29.3878
	}
}
{volume "vol_03"
	{box 12.7854 5.90551 19.572}
	{bone "b_vil_piece_04"}
	{matrix34
		-1 	 0 	 0
		0 	 -1 	 0
		0 	 0 	 1
		-16.3366 	 43.8926 	 26.7865
	}
}
{volume "vol_04"
	{box 45.2603 5.90551 10.1823}
	{bone "b_vil_piece_04"}
	{matrix34
		-1 	 0 	 0
		0 	 -1 	 0
		0 	 0 	 1
		-25.7172 	 43.8926 	 51.5235
	}
}
{volume "vol_05"
	{box 10.4099 5.90551 4.88752}
	{bone "b_vil_piece_04"}
	{matrix34
		-1 	 0 	 0
		0 	 -1 	 0
		0 	 0 	 1
		0.2698 	 43.8926 	 44.1246
	}
}
{volume "vol_06"
	{box 10.4099 5.90551 4.88752}
	{bone "b_vil_piece_04"}
	{matrix34
		-1 	 0 	 0
		0 	 -1 	 0
		0 	 0 	 1
		-43.8006 	 43.8926 	 44.1246
	}
}
