;Exported by:	 kobaa
;Date:			 07.10.2019 12:34:43
;File:			 G:\_GIT_\gem2\gem2-mdl-soldiers\models\fence\hedgehog\wires_square_x.max
{skeleton
	{bone "basis3"
		{orientation
			1 	 0 	 0
			0 	 -1 	 0
			0 	 0 	 1
		}
		{bone "piece8"
			{matrix34
				0.142 	 -0.7061 	 -0.6937
				0.0917 	 0.7072 	 -0.7011
				0.9856 	 0.0359 	 0.1652
				13.0858 	 -0.8788 	 12.7853
			}
			{LODView
				{poly "piece8"}
				{poly "piece8_lod1"}
				{poly "piece8_lod2"}
			}
		}
		{bone "piece1"
			{matrix34
				0.5651 	 0.5 	 0.6562
				-0.8071 	 0.5 	 0.3141
				-0.1711 	 -0.7071 	 0.6861
				25.7015 	 0.7551 	 11.3371
			}
			{LODView
				{poly "piece1"}
				{poly "piece1_lod1"}
				{poly "piece1_lod2"}
			}
		}
		{bone "piece2"
			{matrix34
				-0.5708 	 -0.5 	 0.6513
				0.8043 	 -0.5 	 0.3211
				0.1651 	 0.7071 	 0.6876
				-27.0309 	 -3.4954 	 8.7504
			}
			{LODView
				{poly "piece2"}
				{poly "piece2_lod1"}
				{poly "piece2_lod2"}
			}
		}
		{bone "piece3"
			{matrix34
				0.5708 	 -0.5 	 -0.6513
				-0.8043 	 -0.5 	 -0.3211
				-0.1651 	 0.7071 	 -0.6876
				-27.2129 	 0.6752 	 12.0164
			}
			{LODView
				{poly "piece3"}
				{poly "piece3_lod1"}
				{poly "piece3_lod2"}
			}
		}
		{bone "piece4"
			{matrix34
				-0.4265 	 -0.6627 	 -0.6155
				-0.2543 	 0.741 	 -0.6215
				0.868 	 -0.1086 	 -0.4846
				-17.8843 	 -0.8847 	 9.3452
			}
			{LODView
				{poly "piece4"}
				{poly "piece4_lod1"}
				{poly "piece4_lod2"}
			}
		}
		{bone "piece5"
			{matrix34
				-0.7008 	 0.3486 	 -0.6224
				0.7127 	 0.3794 	 -0.59
				0.0304 	 -0.857 	 -0.5143
				0.2653 	 2.2193 	 8.9389
			}
			{LODView
				{poly "piece5"}
				{poly "piece5_lod1"}
				{poly "piece5_lod2"}
			}
		}
		{bone "piece6"
			{matrix34
				0.7263 	 0.3325 	 0.6016
				-0.6872 	 0.3734 	 0.6232
				-0.0174 	 -0.866 	 0.4997
				-1.2464 	 -2.2786 	 8.4598
			}
			{LODView
				{poly "piece6"}
				{poly "piece6_lod1"}
				{poly "piece6_lod2"}
			}
		}
		{bone "piece7"
			{matrix34
				-0.5651 	 0.5 	 -0.6562
				0.8071 	 0.5 	 -0.3141
				0.1711 	 -0.7071 	 -0.6861
				26.7158 	 -0.6321 	 11.7017
			}
			{LODView
				{poly "piece7"}
				{poly "piece7_lod1"}
				{poly "piece7_lod2"}
			}
		}
		{bone "piece9"
			{matrix34
				0.5708 	 -0.5 	 -0.6513
				-0.8043 	 -0.5 	 -0.3211
				-0.1651 	 0.7071 	 -0.6876
				-26.5282 	 -2.2578 	 14.8684
			}
			{LODView
				{poly "piece9"}
				{poly "piece9_lod1"}
				{poly "piece9_lod2"}
			}
		}
	}
}
{area "obstacle"
	{obb2
		{center 0.303299 -0.147309}
		{extent 34.9814 14.9382}
		{axis -1 -2.68363e-008}
	}
	{rotate}
}
{volume "piece1"
	{cylinder 1.26827 34.7754}
	{bone "piece1"}
	{matrix34
		0.6602 	 -0.7485 	 -0.0625
		-0.7493 	 -0.6621 	 0.0153
		-0.0528 	 0.0367 	 -0.9979
		0.0229 	 -0.0009 	 0.0379
	}
}
{volume "piece2"
	{cylinder 1.37446 19.61}
	{bone "piece2"}
	{matrix34
		-0.6939 	 0.72 	 0.0064
		-0.7201 	 -0.6939 	 -0.0053
		0.0006 	 -0.0083 	 1
		-0.1195 	 -0.0461 	 -3.2824
	}
}
{volume "piece3"
	{cylinder 1.30709 17.2048}
	{bone "piece3"}
	{matrix34
		0.7157 	 -0.6983 	 0.014
		0.698 	 0.7158 	 0.0211
		-0.0248 	 -0.0053 	 0.9997
		0.0186 	 -0.2753 	 8.745
	}
}
{volume "piece4"
	{cylinder 1.19405 21.6552}
	{bone "piece4"}
	{matrix34
		0.5681 	 0.8222 	 -0.0361
		-0.8228 	 0.5664 	 -0.048
		-0.019 	 0.057 	 0.9982
		0.4578 	 -0.372 	 6.3802
	}
}
{volume "piece5"
	{cylinder 1.18211 34.7754}
	{bone "piece5"}
	{matrix34
		-0.535 	 0.8442 	 -0.0319
		0.8443 	 0.5357 	 0.0167
		0.0312 	 -0.018 	 -0.9994
		-0.1115 	 0.0127 	 0.1022
	}
}
{volume "piece6"
	{cylinder 1.37446 34.7754}
	{bone "piece6"}
	{matrix34
		0.9794 	 -0.2016 	 0.0131
		-0.201 	 -0.979 	 -0.0345
		0.0197 	 0.0312 	 -0.9993
		0.2319 	 -0.1521 	 0
	}
}
{volume "piece7"
	{cylinder 1.25559 34.7754}
	{bone "piece7"}
	{matrix34
		-0.1837 	 0.9825 	 0.0315
		0.983 	 0.1838 	 0.0001
		-0.0056 	 0.0309 	 -0.9995
		-0.0375 	 -0.181 	 -0.3542
	}
}
{volume "piece8"
	{cylinder 1.25559 36.2943}
	{bone "piece8"}
	{matrix34
		-0.6732 	 0.7387 	 0.0335
		0.7394 	 0.6723 	 0.0358
		0.0039 	 0.0489 	 -0.9988
		-0.0457 	 0.7222 	 0.0441
	}
}
{volume "piece9"
	{cylinder 1.2183 17.2048}
	{bone "piece9"}
	{matrix34
		0.7157 	 -0.6983 	 0.014
		0.698 	 0.7158 	 0.0211
		-0.0248 	 -0.0053 	 0.9997
		0.4587 	 -0.1806 	 -4.8344
	}
}
