;Exported by:	 Evhen
;Date:			 31.03.2020 11:37:33
;File:			 D:\gem2-mdl-soldiers\models\entourage\bracket_post_01\bracket_post_01.max
{skeleton
	{bone "bracket_post_01"
		{orientation
			1 	 0 	 0
			0 	 -1 	 0
			0 	 0 	 1
		}
		{bone "concrete"
			{parameters "land;ground;"}
			{Position 0 	 0 	 0.8547}
			{poly "concrete" {ground}}
		}
		{bone "tower"
			{matrix34
				0 	 0 	 -1
				0 	 -1 	 0
				-1 	 0 	 0
				-0.0333 	 0.0379 	 56.6874
			}
			{poly "tower"}
		}
		{bone "tower_top"
			{matrix34
				-0.6428 	 -0.766 	 0
				0 	 0 	 -1
				0.766 	 -0.6428 	 0
				-0.0039 	 0.0379 	 115.692
			}
			{poly "tower_top"}
		}
		{bone "isolator"
			{matrix34
				0 	 -1 	 0
				1 	 0 	 0
				0 	 0 	 1
				-0.2632 	 5.7484 	 104.267
			}
			{poly "isolator"}
		}
	}
}
{area "obstacle"
	{obb2
		{center 0 0}
		{extent 13.3366 13.3366}
		{axis -1 0}
	}
	{rotate}
}
{volume "concrete01"
	{box 22.611 22.6927 6.2731}
	{bone "concrete"}
	{Position 0 	 0 	 0.7802}
}
{volume "tower01"
	{box 1.5748 1.57801 104.331}
	{bone "tower"}
	{matrix34
		0 	 0 	 -1
		0 	 -1 	 0
		-1 	 0 	 0
		-0.2087 	 5.5777 	 5.695
	}
}
{volume "tower02"
	{box 1.5748 1.57801 104.331}
	{bone "tower"}
	{matrix34
		0 	 0 	 -1
		0 	 -1 	 0
		-1 	 0 	 0
		-0.2087 	 5.6915 	 -5.7917
	}
}
{volume "tower03"
	{box 1.5748 1.57801 104.331}
	{bone "tower"}
	{matrix34
		0 	 0 	 -1
		0 	 -1 	 0
		-1 	 0 	 0
		-0.2087 	 -5.7291 	 -5.7917
	}
}
{volume "tower04"
	{box 1.5748 1.57801 104.331}
	{bone "tower"}
	{matrix34
		0 	 0 	 -1
		0 	 -1 	 0
		-1 	 0 	 0
		-0.2087 	 -5.8429 	 5.695
	}
}
{volume "tower05"
	{box 1.5748 1.57801 97.4409}
	{bone "tower_top"}
	{matrix34
		0 	 1 	 0
		-0.766 	 0 	 -0.6428
		-0.6428 	 0 	 0.766
		-4.5042 	 -5.8083 	 -3.7221
	}
}
{volume "tower06"
	{box 1.5748 1.57801 97.4409}
	{bone "tower_top"}
	{matrix34
		0 	 1 	 0
		-0.766 	 0 	 -0.6428
		-0.6428 	 0 	 0.766
		-4.4169 	 5.6785 	 -3.6489
	}
}
{volume "tower07"
	{box 1.5748 1.57801 97.4409}
	{bone "tower_top"}
	{matrix34
		0 	 1 	 0
		-0.766 	 0 	 -0.6428
		-0.6428 	 0 	 0.766
		4.3318 	 5.6785 	 3.6921
	}
}
{volume "tower08"
	{box 1.5748 1.57801 97.4409}
	{bone "tower_top"}
	{matrix34
		0 	 1 	 0
		-0.766 	 0 	 -0.6428
		-0.6428 	 0 	 0.766
		4.2445 	 -5.8083 	 3.6189
	}
}
