;Exported by:	 Oleksandr Tsaprylov
;Date:			 17.11.2022 21:15:39
;File:			 E:\projects\gem2-mdl-soldiers\models\entourage\barrack\barrack_final.max
{skeleton
	{bone "barrack_2_l_piece_x"
		{orientation
			1 	 0 	 0
			0 	 -1 	 0
			0 	 0 	 1
		}
		{bone "piece01"
			{Position 18.7641 	 -14.8273 	 64.4736}
			{poly "piece01"}
		}
		{bone "piece02"
			{Position -0.3651 	 22.6688 	 85.0961}
			{poly "piece02"}
		}
		{bone "piece03"
			{matrix34
				-1 	 0 	 0
				0 	 -0.9984 	 -0.0562
				0 	 -0.0562 	 0.9984
				1.386 	 -51.1947 	 44.3939
			}
			{poly "piece03"}
		}
		{bone "piece05"
			{matrix34
				-1 	 0 	 0
				0 	 -0.5816 	 -0.8135
				0 	 -0.8135 	 0.5816
				1.8751 	 19.2588 	 81.3976
			}
			{poly "piece05"}
		}
		{bone "piece08"
			{Position 0.5261 	 -44.6284 	 18.1344}
			{poly "piece08"}
		}
		{bone "piece06"
			{matrix34
				1 	 0 	 0
				0 	 0.9397 	 0.342
				0 	 -0.342 	 0.9397
				-28.1277 	 -1.2935 	 72.2296
			}
			{poly "piece06"}
		}
		{bone "piece07"
			{matrix34
				1 	 0 	 0
				0 	 0.9063 	 0.4226
				0 	 -0.4226 	 0.9063
				29.8571 	 -16.5176 	 55.415
			}
			{poly "piece07"}
		}
		{bone "piece04"
			{matrix34
				0.3842 	 0.7278 	 0.5681
				-0.89 	 0.4557 	 0.0181
				-0.2457 	 -0.5126 	 0.8227
				-10.069 	 -13.2944 	 65.3853
			}
			{poly "piece04"}
		}
		{bone "body"
			{orientation
				-1 	 0 	 0
				0 	 -1 	 0
				0 	 0 	 1
			}
			{poly "body"}
		}
		{bone "piece09"
			{matrix34
				-0.4698 	 -0.671 	 0.5736
				0.8192 	 -0.5736 	 0
				0.329 	 0.4698 	 0.8192
				-6.2328 	 -28.7519 	 6.9053
			}
			{poly "piece09"}
		}
		{bone "piece10"
			{matrix34
				0.7094 	 -0.4096 	 0.5736
				0.5 	 0.866 	 0
				-0.4967 	 0.2868 	 0.8192
				14.7529 	 -6.8267 	 4.7746
			}
			{poly "piece10"}
		}
		{bone "ground1"
			{parameters "land;ground;"}
			{Position 132.265 	 39.3701 	 0}
			{visibility 0}
			{poly "ground1" {ground}}
		}
	}
}
{volume "piece01"
	{box 17.2847 1.35164 29.3698}
	{bone "piece01"}
	{matrix34
		1 	 0 	 0
		0 	 0.606 	 -0.7954
		0 	 0.7954 	 0.606
		-1.9539 	 -1.3719 	 0.5417
	}
}
{volume "piece02"
	{box 36.8165 0.892083 21.44}
	{bone "piece02"}
	{matrix34
		1 	 0 	 0
		0 	 0.2066 	 -0.9784
		0 	 0.9784 	 0.2066
		0 	 -1.3628 	 0.2729
	}
}
{volume "piece03"
	{box 26.2726 0.844775 21.5954}
	{bone "piece03"}
	{matrix34
		-1 	 0 	 0
		0 	 0.0587 	 0.9983
		0 	 0.9983 	 -0.0587
		-1.3759 	 -2.0693 	 0.1216
	}
}
{volume "piece04"
	{box 1.86427 48.7058 22.2241}
	{bone "piece04"}
	{matrix34
		0 	 0.2024 	 -0.9793
		-1 	 0 	 0
		0 	 0.9793 	 0.2024
		0 	 -1.2763 	 1.4378
	}
}
{volume "piece05_1"
	{box 32.3512 0.892083 1.69376}
	{bone "piece05"}
	{matrix34
		-1 	 0 	 0
		0 	 0.6758 	 -0.7371
		0 	 -0.7371 	 -0.6758
		-5.7337 	 1.6599 	 2.8342
	}
}
{volume "piece05_2"
	{box 13.7007 0.892083 1.69376}
	{bone "piece05"}
	{matrix34
		-0.8577 	 0.3094 	 0.4105
		-0.0914 	 0.6941 	 -0.7141
		-0.5059 	 -0.65 	 -0.5671
		15.6904 	 -0.3683 	 0.0938
	}
}
{volume "piece06_1"
	{box 3.60628 2.9846 24.9202}
	{bone "piece06"}
	{matrix34
		1 	 0 	 0
		0 	 0.2868 	 -0.958
		0 	 0.958 	 0.2868
		0 	 -11.9093 	 -0.6222
	}
}
{volume "piece06_2"
	{box 3.60628 2.9846 24.1075}
	{bone "piece06"}
	{matrix34
		1 	 0 	 0
		0 	 0.0711 	 -0.9975
		0 	 0.9975 	 0.0711
		0 	 11.4906 	 3.6412
	}
}
{volume "piece07_1"
	{box 3.60628 2.9846 24.9202}
	{bone "piece07"}
	{matrix34
		1 	 0 	 0
		0 	 0.2282 	 -0.9736
		0 	 0.9736 	 0.2282
		-0.0014 	 2.9817 	 9.1807
	}
}
{volume "piece07_2"
	{box 3.60628 2.9846 24.1075}
	{bone "piece07"}
	{matrix34
		1 	 0 	 0
		0 	 -0.0496 	 -0.9988
		0 	 0.9988 	 -0.0496
		-0.0014 	 26.664 	 11.4882
	}
}
{volume "piece07_3"
	{box 3.60628 2.9846 20.1853}
	{bone "piece07"}
	{matrix34
		1 	 0 	 0
		0 	 0.4519 	 -0.8921
		0 	 0.8921 	 0.4519
		-0.0014 	 -16.9824 	 2.15
	}
}
{volume "piece07_4"
	{box 3.60628 2.9846 17.3594}
	{bone "piece07"}
	{matrix34
		1 	 0 	 0
		0 	 0.6159 	 -0.7878
		0 	 0.7878 	 0.6159
		-0.0014 	 -32.1301 	 -7.2862
	}
}
{volume "piece08_1"
	{box 35.0301 0.844775 16.4851}
	{bone "piece08"}
	{matrix34
		1 	 0 	 0
		0 	 0.9895 	 -0.1443
		0 	 0.1443 	 0.9895
		0 	 -1.9041 	 -3.2922
	}
}
{volume "piece08_2"
	{box 1.34516 1.3094 8.24254}
	{bone "piece08"}
	{matrix34
		1 	 0 	 0
		0 	 0.9195 	 -0.3931
		0 	 0.3931 	 0.9195
		-0.5579 	 0.9689 	 8.2473
	}
}
{volume "piece09"
	{box 16.6561 3.2804 0.969629}
	{bone "piece09"}
	{matrix34
		-0.8192 	 0 	 0.5736
		0 	 -1 	 0
		0.5736 	 0 	 0.8192
		-0.0911 	 0 	 -0.1244
	}
}
{volume "piece10"
	{box 16.6561 3.2804 0.969629}
	{bone "piece10"}
	{matrix34
		0.8192 	 0 	 -0.5736
		0 	 1 	 0
		0.5736 	 0 	 0.8192
		-0.3236 	 0 	 0.0015
	}
}
