;Exported by: gals
;Date:        Mon Jul 24 19:23:13 2006
;File:        D:\-Projects1_5-\-3DWork-\trench\trench20_1.max
{Skeleton
	{bone "trench_ground_turn_x"
		{parameters "CommonMesh;Ground;Land;"}
		{Orientation
			1	0	0
			0	-1	0
			0	0	1
		}
		{VolumeView "trench_ground_turn_x.ply" {Ground} {DecalTarget}}
		{bone "trench_wood"
			{parameters "Ground;Land;"}
			{Matrix34
				-1	0	0
				0	-1	0
				0	0	1
				0	0	0
			}
			{VolumeView "trench_wood.ply" {Ground}}
		}
		{bone "point"
			{Matrix34
				-0.461212	-0.88729	0
				0.883002	-0.458983	-0.0981954
				0.0871278	-0.0452889	0.995167
				-25.424	-62.0197	-13.7795
			}
		}
		{bone "point1"
			{Matrix34
				-0.492731	-0.870181	0.000989437
				0.864599	-0.489698	-0.112539
				0.0984136	-0.0545958	0.993647
				-9.66569	-32.7728	-13.786
			}
		}
		{bone "point2"
			{Matrix34
				-0.999771	-0.0209208	0.00447367
				0.0205382	-0.997114	-0.0730932
				0.00598993	-0.0729846	0.997315
				13.6116	-19.1116	-13.786
			}
		}
		{bone "point3"
			{Matrix34
				-1	0	0
				0	-0.998623	-0.0524642
				0	-0.0524642	0.998623
				48.0882	-19.2031	-13.786
			}
		}
		{bone "point4"
			{Matrix34
				-0.999826	0.0186488	0
				-0.0186488	-0.999826	0
				0	0	1
				48.4224	19.7954	-13.786
			}
		}
		{bone "point5"
			{Matrix34
				-0.999231	0.0392066	0.000314713
				-0.0391986	-0.999138	0.013678
				0.000850707	0.0136551	0.999906
				17.18	20.3385	-13.786
			}
		}
		{bone "point6"
			{Matrix34
				-0.99788	-0.0650865	0
				0.0648242	-0.993859	0.0896773
				-0.00583678	0.0894872	0.995971
				-9.28735	19.5074	-13.786
			}
		}
		{bone "point7"
			{Matrix34
				-0.542415	-0.840111	0
				0.839768	-0.542194	0.0285638
				-0.0239968	0.0154935	0.999592
				-29.4965	8.30568	-13.786
			}
		}
		{bone "point8"
			{Matrix34
				-0.434096	-0.900867	0
				0.900867	-0.434096	0
				0	0	1
				-41.7426	-15.0015	-13.786
			}
		}
		{bone "point9"
			{Matrix34
				-0.721392	-0.692527	0
				0.692527	-0.721392	0
				0	0	1
				-59.764	-42.5022	-13.786
			}
		}
	}
}
{Obstacle "body"
	{Obb2
		{Center -24.395 62.5546}
		{Extent 4.07014 18.76}
		{Axis 0.920584 0.390544}
	}
	{Rotate}
}
{Obstacle "body1"
	{Obb2
		{Center -8.50332 33.4176}
		{Extent 4.25197 15.7052}
		{Axis 0.81933 0.573323}
	}
	{Rotate}
}
{Obstacle "body2"
	{Obb2
		{Center 13.6823 19.9736}
		{Extent 3.802 15.584}
		{Axis 0.105268 0.994444}
	}
	{Rotate}
}
{Obstacle "body3"
	{Obb2
		{Center 48.0882 19.8227}
		{Extent 20.2396 3.50972}
		{Axis 0.997567 0.0697212}
	}
	{Rotate}
}
{Obstacle "body4"
	{Obb2
		{Center 48.4224 -19.7954}
		{Extent 2.90434 17.3082}
		{Axis 0.0705155 0.997511}
	}
	{Rotate}
}
{Obstacle "body5"
	{Obb2
		{Center 17.19 -20.4998}
		{Extent 14.6713 3.12533}
		{Axis 0.990278 0.139103}
	}
	{Rotate}
}
{Obstacle "body6"
	{Obb2
		{Center -9.3563 -20.1972}
		{Extent 3.59437 12.6454}
		{Axis 0.157142 0.987576}
	}
	{Rotate}
}
{Obstacle "body7"
	{Obb2
		{Center -29.78 -8.48867}
		{Extent 3.25527 12.7774}
		{Axis 0.766272 0.642516}
	}
	{Rotate}
}
{Obstacle "body8"
	{Obb2
		{Center -41.7426 15.0015}
		{Extent 2.96818 15.0723}
		{Axis 0.939753 0.341854}
	}
	{Rotate}
}
{Obstacle "body9"
	{Obb2
		{Center -59.764 42.5022}
		{Extent 2.88609 20.3682}
		{Axis 0.754948 0.655785}
	}
	{Rotate}
}
{Area "cut"
	{Polygon2
		{Radius 0}
		{Vertex -31.4961 82.6772}
		{Vertex -76.7716 59.0551}
		{Vertex -23.6221 -23.622}
		{Vertex 70.8661 -25.5906}
		{Vertex 70.8661 25.5905}
	}
	{Rotate}
}
{Volume "body"
	{Box 37.3125 5.70126 23.622}
	{Bone "point"}
	{Matrix34
		0.996585	0.0825683	0
		-0.0825683	0.996585	0
		0	0	1
		0	0.400909	7.74795
	}
}
{Volume "body1"
	{Box 31.0938 5.70126 23.622}
	{Bone "point1"}
	{Matrix34
		0.994779	-0.102052	0
		0.102052	0.994779	0
		0	0	1
		-0.00403477	0.459473	7.75416
	}
}
{Volume "body2"
	{Box 31.0938 5.70126 23.622}
	{Bone "point2"}
	{Matrix34
		0.996906	0.078599	0
		-0.078599	0.996906	0
		0	0	1
		-0.0182618	0.298429	7.73918
	}
}
{Volume "body3"
	{Box 40.3815 5.70126 23.622}
	{Bone "point3"}
	{Matrix34
		0.997713	-0.0675978	0
		0.0675978	0.997713	0
		0	0	1
		0	0.214197	7.73384
	}
}
{Volume "body4"
	{Box 34.5988 5.70126 23.622}
	{Bone "point4"}
	{Matrix34
		-0.995741	-0.0921985	0
		0.0921985	-0.995741	0
		0	0	1
		0	0	7.72822
	}
}
{Volume "body5"
	{Box 29.2742 5.70126 23.622}
	{Bone "point5"}
	{Matrix34
		-0.995719	0.0924312	0
		-0.0924312	-0.995719	0
		0	0	1
		-0.00127863	-0.0558476	7.7286
	}
}
{Volume "body6"
	{Box 25.186 5.70126 23.622}
	{Bone "point6"}
	{Matrix34
		-0.996111	-0.0879775	0.00475453
		0.0880826	-0.995637	0.0308058
		0.00202356	0.0311048	0.999514
		0.023906	0.00124602	7.73893
	}
}
{Volume "body7"
	{Box 25.4404 5.70126 23.622}
	{Bone "point7"}
	{Matrix34
		-0.992936	0.118649	0
		-0.118649	-0.992936	0
		0	0	1
		0	-0.11663	7.72988
	}
}
{Volume "body8"
	{Box 30.101 5.70126 23.622}
	{Bone "point8"}
	{Matrix34
		-0.995741	-0.0921985	0
		0.0921985	-0.995741	0
		0	0	1
		0	0	7.72822
	}
}
{Volume "body9"
	{Box 40.7266 5.70126 23.622}
	{Bone "point9"}
	{Matrix34
		-0.995741	-0.0921985	0
		0.0921985	-0.995741	0
		0	0	1
		0	0	7.72822
	}
}
