;Exported by	: joomb
;Date			: 10.04.2023 14:23:06
;File			: H:\git\gem2-mdl-soldiers\models\building\house_D\D_005_cut_fort2v_part.max
{skeleton
	{bone "d005_piece15"
		{orientation
			1 	 0 	 0
			0 	 -1 	 0
			0 	 0 	 1
		}
		{poly "d005_piece15"}
		{bone "fix17"
			{Position 19.1932 	 35.6165 	 -20.7432}
		}
		{bone "fix15"
			{Position -23.7228 	 0.8478 	 -52.2858}
		}
		{bone "fix16"
			{Position -23.7228 	 -36.4755 	 -9.6026}
		}
	}
}
{"volumes"
	{"body01"
		{polyhedron}
		{bone "d005_piece15"}
		{matrix34
			0 	 1 	 0
			-1 	 0 	 0
			0 	 0 	 1
			-23.7757 	 -20.3663 	 -91.081
		}
	}
	{"body02"
		{polyhedron}
		{bone "d005_piece15"}
		{matrix34
			0 	 1 	 0
			-1 	 0 	 0
			0 	 0 	 1
			-23.7228 	 0.8478 	 -21.0832
		}
	}
	{"body03"
		{box 22.2558 5.90551 13.2609}
		{bone "d005_piece15"}
		{matrix34
			0 	 1 	 0
			-1 	 0 	 0
			0 	 0 	 1
			-23.7228 	 27.709 	 -27.6741
		}
	}
	{"body04"
		{box 36.2837 5.90551 18.3}
		{bone "d005_piece15"}
		{matrix34
			0 	 0.9659 	 0.2588
			-1 	 0 	 0
			0 	 -0.2588 	 0.9659
			-23.7228 	 -2.6519 	 19.9419
		}
	}
	{"body05"
		{box 24.4814 5.90551 6.49782}
		{bone "d005_piece15"}
		{matrix34
			0 	 0.4226 	 -0.9063
			-1 	 0 	 0
			0 	 0.9063 	 0.4226
			-23.7228 	 -15.4913 	 -1.9645
		}
	}
	{"body06"
		{box 31.3807 5.90551 49.0652}
		{bone "d005_piece15"}
		{matrix34
			1 	 0 	 0
			0 	 1 	 0
			0 	 0 	 1
			-10.4552 	 36.0127 	 -0.4078
		}
	}
	{"body07"
		{box 12.2385 5.90551 12.757}
		{bone "d005_piece15"}
		{matrix34
			1 	 0 	 0
			0 	 1 	 0
			0 	 0 	 1
			-20.3715 	 36.0127 	 -28.9932
		}
	}
	{"body08"
		{box 7.09832 5.90551 23.8555}
		{bone "d005_piece15"}
		{matrix34
			1 	 0 	 0
			0 	 1 	 0
			0 	 0 	 1
			8.8091 	 36.0127 	 1.7486
		}
	}
	{"floor"
		{box 27.9866 35.104 0.895988}
		{bone "d005_piece15"}
		{Position -7.4904 	 15.2678 	 -23.7279}
	}
	{"roof1"
		{box 33.9223 0.984252 32.126}
		{bone "d005_piece15"}
		{matrix34
			-1 	 0 	 0
			0 	 0.342 	 0.9397
			0 	 0.9397 	 -0.342
			-14.1819 	 26.9392 	 30.4117
		}
	}
	{"roof2"
		{box 47.0083 0.984252 34.7308}
		{bone "d005_piece15"}
		{matrix34
			1 	 0 	 0
			0 	 -0.309 	 0.9511
			0 	 -0.9511 	 -0.309
			-7.8093 	 -4.93 	 31.1411
		}
	}
}
