;Exported by	: KobaA
;Date			: 02.03.2023 14:14:06
;File			: D:\git\gem2-mdl-soldiers\models\building\hangar_wood\HW2.max
{skeleton
	{bone "hangar_piece_07"
		{orientation
			1 	 0 	 0
			0 	 -1 	 0
			0 	 0 	 1
		}
		{poly "hangar_piece_07"}
		{bone "exterior"
			{Position 16.3839 	 -36.7697 	 11.0782}
			{poly "exterior"}
		}
		{bone "fix07"
			{Position 71.9481 	 74.1859 	 -11.3689}
		}
		{bone "fix08"
			{Position 70.5465 	 -66.2764 	 -11.8952}
		}
	}
}
{area "interior"
	{obb2
		{center 23.4824 -1.38718}
		{extent 45.2636 66.885}
		{axis -1 0}
	}
	{rotate}
}
{"volumes"
	{"body"
		{box 123.896 5.90551 30.5278}
		{bone "hangar_piece_07"}
		{matrix34
			0 	 1 	 0
			-1 	 0 	 0
			0 	 0 	 1
			69.2247 	 1.9206 	 -0.3505
		}
	}
	{"roof1"
		{box 95.3068 1.90945 64.1748}
		{bone "exterior"}
		{matrix34
			1 	 0 	 0
			0 	 -0.1392 	 0.9903
			0 	 -0.9903 	 -0.1392
			15.9927 	 5.3755 	 1.0062
		}
	}
	{"roof2"
		{box 86.6425 1.90945 42.3553}
		{bone "exterior"}
		{matrix34
			-1 	 0 	 0
			0 	 0.1392 	 0.9903
			0 	 0.9903 	 -0.1392
			19.3535 	 58.0691 	 2.1467
		}
	}
	{"roof3"
		{box 41.978 1.90945 26.2603}
		{bone "exterior"}
		{matrix34
			-1 	 0 	 0
			0 	 0.1392 	 0.9903
			0 	 0.9903 	 -0.1392
			40.9313 	 91.9434 	 -2.6141
		}
	}
}
