;Exported by:	 Oleksandr Tsaprylov
;Date:			 19.07.2022 18:19:10
;File:			 E:\projects\gem2-mdl-soldiers\models\entourage\bridge_wood\bridge_wood_02.max
{skeleton
	{bone "bridge_wood_05_piece_004"
		{orientation
			1 	 0 	 0
			0 	 -1 	 0
			0 	 0 	 1
		}
		{poly "bridge_wood_05_piece_004"}
		{bone "fix1"
			{Position 72.9014 	 34.8525 	 -14.2616}
		}
	}
}
{volume "body01"
	{box 4.2519 4.14406 25.115}
	{bone "bridge_wood_05_piece_004"}
	{Position 2.5925 	 -32.4879 	 -0.5127}
}
{volume "body02"
	{box 2.84877 44.2564 2.0092}
	{bone "bridge_wood_05_piece_004"}
	{matrix34
		1 	 0 	 0
		0 	 0.999 	 0.0451
		0 	 -0.0451 	 0.999
		2.5925 	 -8.5069 	 11.1322
	}
}
{volume "body03"
	{box 2.18504 2.07203 15.8224}
	{bone "bridge_wood_05_piece_004"}
	{matrix34
		1 	 0 	 0
		0 	 0.9999 	 -0.0102
		0 	 0.0102 	 0.9999
		2.6718 	 1.848 	 2.8886
	}
}
{volume "body04"
	{box 2.84877 41.0098 2.0092}
	{bone "bridge_wood_05_piece_004"}
	{matrix34
		1 	 0 	 0
		0 	 0.9942 	 0.1071
		0 	 -0.1071 	 0.9942
		2.5925 	 -54.8951 	 7.538
	}
}
{volume "body05"
	{box 2.18504 2.07203 15.8224}
	{bone "bridge_wood_05_piece_004"}
	{matrix34
		1 	 0 	 0
		0 	 0.9953 	 0.0968
		0 	 -0.0968 	 0.9953
		2.6718 	 -61.3802 	 -1.5161
	}
}
