;Exported by	: Oleksandr Tsaprylov
;Date			: 12.03.2023 14:43:40
;File			: E:\projects\gem2-mdl-soldiers\models\entourage\ruins_stone_wall\ruins_stone_wall.max
{skeleton
	{bone "ruins_stone_wall_05_x"
		{orientation
			1 	 0 	 0
			0 	 -1 	 0
			0 	 0 	 1
		}
		{bone "piece01"
			{matrix34
				0.6909 	 -0.3526 	 -0.6311
				0.5607 	 0.8124 	 0.16
				0.4563 	 -0.4645 	 0.759
				6.4808 	 39.483 	 8.8001
			}
			{poly "piece01"}
		}
		{bone "piece02"
			{matrix34
				0.8054 	 0.3249 	 0.4958
				-0.3053 	 0.9443 	 -0.1229
				-0.5081 	 -0.0524 	 0.8597
				-4.0751 	 -37.0525 	 12.0906
			}
			{poly "piece02"}
		}
		{bone "piece03"
			{matrix34
				-0.5971 	 -0.4972 	 0.6294
				-0.4441 	 0.8584 	 0.2568
				-0.668 	 -0.1262 	 -0.7334
				-3.1809 	 -6.6717 	 16.2231
			}
			{poly "piece03"}
		}
		{bone "piece04"
			{matrix34
				0.513 	 -0.8374 	 -0.1886
				0.6935 	 0.5338 	 -0.4839
				0.5059 	 0.1175 	 0.8546
				3.0853 	 13.896 	 13.6276
			}
			{poly "piece04"}
		}
		{bone "body"
			{Position 0 	 0 	 0}
			{poly "body"}
		}
	}
}
{"volumes"
	{"piece01"
		{box 5.73572 21.0299 15.5768}
		{bone "piece01"}
		{matrix34
			0.679 	 0.5377 	 0.4998
			-0.2873 	 0.8212 	 -0.493
			-0.6756 	 0.1912 	 0.7121
			-4.5157 	 -3.6116 	 -1.6509
		}
	}
	{"piece02"
		{box 6.3459 27.5492 11.9759}
		{bone "piece02"}
		{matrix34
			0.8175 	 -0.2753 	 -0.5058
			0.3617 	 0.9289 	 0.0791
			0.4481 	 -0.2476 	 0.859
			3.791 	 -2.2709 	 -2.1931
		}
	}
	{"piece03"
		{box 5.73201 14.721 15.5768}
		{bone "piece03"}
		{matrix34
			0.6502 	 0.465 	 0.6009
			-0.4972 	 0.8584 	 -0.1262
			-0.5744 	 -0.2167 	 0.7893
			-2.5901 	 -2.518 	 -1.5171
		}
	}
	{"piece04"
		{box 5.8608 9.67377 10.1249}
		{bone "piece04"}
		{matrix34
			0.513 	 0.6935 	 0.5059
			-0.8374 	 0.5338 	 0.1175
			-0.1886 	 -0.4839 	 0.8546
			-1.3491 	 -1.7601 	 -1.6196
		}
	}
}
