;Exported by	: Oleksandr Tsaprylov
;Date			: 28.03.2023 18:36:07
;File			: E:\projects\gem2-mdl-soldiers\models\entourage\ruins_stone_wall\ruins_column.max
{skeleton
	{bone "ruins_column_08"
		{orientation
			1 	 0 	 0
			0 	 -1 	 0
			0 	 0 	 1
		}
		{bone "group002"
			{Position -0.0339 	 11.2946 	 7.7275}
			{poly "group002"}
		}
	}
}
{obstacle "obstacle01"
	{obb2
		{center -0.343552 -9.88323}
		{extent 7.44057 46.0302}
		{axis -1 0}
	}
	{rotate}
}
{obstacle "obstacle02"
	{obb2
		{center -0.015274 -54.5772}
		{extent 2.28 8.69511}
		{axis -0.0871557 0.996195}
	}
	{rotate}
}
{"volumes"
	{"body01"
		{cylinder 5.91671 14.1419}
		{bone "ruins_column_08"}
		{matrix34
			0.9962 	 0.0872 	 0
			0 	 0 	 -1
			-0.0872 	 0.9962 	 0
			-0.6223 	 32.1663 	 4.8354
		}
	}
	{"body02"
		{box 15.6289 15.642 2.341}
		{bone "ruins_column_08"}
		{matrix34
			0.9962 	 -0.0872 	 0
			0.0151 	 0.173 	 -0.9848
			0.0858 	 0.9811 	 0.1736
			-0.044 	 54.6369 	 7.6582
		}
	}
	{"body03"
		{cylinder 6.47995 12.6416}
		{bone "ruins_column_08"}
		{matrix34
			0.9848 	 0.1736 	 0
			0 	 0 	 -1
			-0.1736 	 0.9848 	 0
			-0.1573 	 -27.2783 	 6.093
		}
	}
	{"body04"
		{cylinder 5.91671 14.1419}
		{bone "ruins_column_08"}
		{matrix34
			0.9962 	 -0.0872 	 0
			0.0151 	 0.173 	 -0.9848
			0.0858 	 0.9811 	 0.1736
			-0.6681 	 47.7751 	 6.2204
		}
	}
	{"body05"
		{cylinder 6.47995 12.6416}
		{bone "ruins_column_08"}
		{matrix34
			0.9962 	 -0.0872 	 0
			0 	 0 	 -1
			0.0872 	 0.9962 	 0
			0.27 	 -12.2742 	 5.4317
		}
	}
	{"body06"
		{cylinder 5.83196 12.6416}
		{bone "ruins_column_08"}
		{matrix34
			0.9962 	 0.0872 	 0
			0 	 0 	 -1
			-0.0872 	 0.9962 	 0
			0.2794 	 3.1796 	 5.4317
		}
	}
	{"body07"
		{cylinder 5.50796 12.6416}
		{bone "ruins_column_08"}
		{matrix34
			0.9848 	 -0.1736 	 0
			0 	 0 	 -1
			0.1736 	 0.9848 	 0
			-0.7278 	 17.7045 	 5.1162
		}
	}
}
