;Exported by	: KobaA
;Date			: 02.03.2023 14:14:04
;File			: D:\git\gem2-mdl-soldiers\models\building\hangar_wood\HW2.max
{skeleton
	{bone "hangar_piece_12"
		{orientation
			1 	 0 	 0
			0 	 -1 	 0
			0 	 0 	 1
		}
		{poly "hangar_piece_12"}
		{bone "exterior"
			{Position 6.1936 	 -0.0922 	 -10.3574}
			{poly "exterior"}
		}
		{bone "fix03"
			{Position -96.8992 	 -49.0776 	 -0.2707}
		}
		{bone "fix04"
			{Position 59.5337 	 42.3343 	 0.8347}
		}
		{bone "fix05"
			{Position -2.1561 	 -72.3379 	 -3.5373}
		}
		{bone "fix06"
			{Position -51.2668 	 61.6574 	 -2.1554}
		}
	}
}
{area "interior"
	{obb2
		{center -4.63179 4.28321}
		{extent 122.678 66.1698}
		{axis -1 0}
	}
	{rotate}
}
{"volumes"
	{"roof1"
		{box 244.094 1.90945 17.606}
		{bone "exterior"}
		{matrix34
			1 	 0 	 0
			0 	 -0.1392 	 0.9903
			0 	 -0.9903 	 -0.1392
			-8.1426 	 -7.7776 	 15.4367
		}
	}
	{"roof10"
		{box 34.0376 1.90945 26.2764}
		{bone "exterior"}
		{matrix34
			1 	 0 	 0
			0 	 -0.1392 	 0.9903
			0 	 -0.9903 	 -0.1392
			-46.2124 	 -59.3783 	 8.1846
		}
	}
	{"roof11"
		{box 30.6338 1.90945 26.2764}
		{bone "exterior"}
		{matrix34
			1 	 0 	 0
			0 	 -0.1392 	 0.9903
			0 	 -0.9903 	 -0.1392
			-9.134 	 -59.3783 	 8.1846
		}
	}
	{"roof12"
		{box 53.4939 1.90945 18.0256}
		{bone "exterior"}
		{matrix34
			1 	 0 	 0
			0 	 -0.1392 	 0.9903
			0 	 -0.9903 	 -0.1392
			45.5754 	 -40.0019 	 12.9523
		}
	}
	{"roof2"
		{box 241.605 1.90945 17.606}
		{bone "exterior"}
		{matrix34
			-1 	 0 	 0
			0 	 0.1392 	 0.9903
			0 	 0.9903 	 -0.1392
			-8.1426 	 9.6571 	 15.4367
		}
	}
	{"roof3"
		{box 18.6732 1.90945 25.511}
		{bone "exterior"}
		{matrix34
			1 	 0 	 0
			0 	 -0.1392 	 0.9903
			0 	 -0.9903 	 -0.1392
			-103.641 	 -29.1613 	 12.4314
		}
	}
	{"roof4"
		{box 54.8993 1.90945 26.2764}
		{bone "exterior"}
		{matrix34
			1 	 0 	 0
			0 	 -0.1392 	 0.9903
			0 	 -0.9903 	 -0.1392
			-68.5574 	 -29.1882 	 12.4276
		}
	}
	{"roof5"
		{box 92.2308 1.90945 18.3935}
		{bone "exterior"}
		{matrix34
			1 	 0 	 0
			0 	 -0.1392 	 0.9903
			0 	 -0.9903 	 -0.1392
			66.46 	 -25.6371 	 12.9267
		}
	}
	{"roof6"
		{box 74.8976 1.90945 17.606}
		{bone "exterior"}
		{matrix34
			-1 	 0 	 0
			0 	 0.1392 	 0.9903
			0 	 0.9903 	 -0.1392
			58.8469 	 26.9767 	 13.0025
		}
	}
	{"roof7"
		{box 114.843 1.90945 17.606}
		{bone "exterior"}
		{matrix34
			-1 	 0 	 0
			0 	 0.1392 	 0.9903
			0 	 0.9903 	 -0.1392
			-70.9748 	 26.9767 	 13.0026
		}
	}
	{"roof8"
		{box 92.278 1.90945 25.4283}
		{bone "exterior"}
		{matrix34
			-1 	 0 	 0
			0 	 0.1392 	 0.9903
			0 	 0.9903 	 -0.1392
			-88.0687 	 48.1318 	 10.0294
		}
	}
	{"roof9"
		{box 53.7008 1.90945 31.8668}
		{bone "exterior"}
		{matrix34
			1 	 0 	 0
			0 	 -0.1392 	 0.9903
			0 	 -0.9903 	 -0.1392
			-8.1426 	 -32.6143 	 11.9461
		}
	}
}
