;Exported by	: KobaA
;Date			: 10.05.2024 14:53:34
;File			: d:\git\gem2-mdl-soldiers\models\landscape\trench\constructor.max
{skeleton
	{bone "basis_cannon_001"
		{orientation
			1 	 0 	 0
			0 	 -1 	 0
			0 	 0 	 1
		}
		{bone "trench"
			{parameters "land;ground;"}
			{Position 0 	 0 	 0}
			{poly "trench" {ground}{DecalTarget}{NoCastShadows}}
			{bone "point"
				{Position -28.5093 	 38.9563 	 -23.5247}
			}
			{bone "point8"
				{Position 3.834 	 38.9563 	 -23.5247}
			}
			{bone "point9"
				{Position 36.2959 	 38.9563 	 -23.5247}
			}
			{bone "point2"
				{Position 34.0969 	 3.3068 	 -23.5247}
			}
			{bone "point1"
				{Position -29.7617 	 3.3068 	 -23.5247}
			}
			{bone "point3"
				{Position -27.1563 	 -16.2129 	 -23.5247}
			}
			{bone "point7"
				{Position -21.5188 	 -45.9965 	 -23.5247}
			}
			{bone "point4"
				{Position 1.9233 	 -56.6598 	 -23.5247}
			}
			{bone "point6"
				{matrix34
					0.9998 	 0.0175 	 0
					-0.0175 	 0.9998 	 0
					0 	 0 	 1
					25.6117 	 -44.2029 	 -23.0493
				}
			}
			{bone "point5"
				{matrix34
					0.9994 	 -0.0349 	 0
					0.0349 	 0.9994 	 0
					0 	 0 	 1
					30.6466 	 -17.2549 	 -23.8823
				}
			}
			{bone "grass"
				{parameters "align;"}
				{poly "grass"}
			}
			{bone "wood"
				{parameters "align;"}
				{poly "wood"}
			}
			{bone "point12"
				{Position 51.4557 	 3.3068 	 -23.5247}
			}
			{bone "point13"
				{Position 58.304 	 38.9563 	 -23.5247}
			}
			{bone "point10"
				{Position -54.4487 	 38.9563 	 -23.5247}
			}
			{bone "point11"
				{Position -50.0949 	 3.3068 	 -23.5247}
			}
			{bone "detail1"
				{parameters "land;ground;"}
				{matrix34
					-0.0785 	 0.9969 	 0
					-0.9969 	 -0.0785 	 0
					0 	 0 	 1
					0 	 0 	 0
				}
				{poly "detail1" {ground}}
			}
		}
	}
}
{obstacle "body"
	{obb2
		{center -25.6897 -41.3972}
		{extent 14.5686 3.85682}
		{axis 1 0}
	}
	{rotate}
}
{obstacle "body1"
	{obb2
		{center 60.085 -40.7335}
		{extent 12.5112 3.83886}
		{axis 1 0}
	}
	{rotate}
}
{obstacle "body10"
	{obb2
		{center -55.046 -41.3972}
		{extent 14.7118 3.85807}
		{axis 1 0}
	}
	{rotate}
}
{obstacle "body11"
	{obb2
		{center -49.8557 -2.25023}
		{extent 19.5407 3.73011}
		{axis 1 0}
	}
	{rotate}
}
{obstacle "body2"
	{obb2
		{center 51.2708 -1.58802}
		{extent 20.1911 3.73011}
		{axis 1 0}
	}
	{rotate}
}
{obstacle "body3"
	{obb2
		{center -30.2375 17.7345}
		{extent 3.73011 17.0729}
		{axis 1 0}
	}
	{rotate}
}
{obstacle "body4"
	{obb2
		{center 0.922204 58.657}
		{extent 17.9846 3.88662}
		{axis 0.999848 0.0174524}
	}
	{rotate}
}
{obstacle "body5"
	{obb2
		{center 32.2627 18.2195}
		{extent 16.5042 3.01233}
		{axis 0.0174522 0.999848}
	}
	{rotate}
}
{obstacle "body6"
	{obb2
		{center 27.2903 45.3938}
		{extent 3.75015 13.1901}
		{axis 0.848048 0.529919}
	}
	{rotate}
}
{obstacle "body7"
	{obb2
		{center -23.1788 46.4245}
		{extent 13.8425 3.8369}
		{axis 0.5 0.866025}
	}
	{rotate}
}
{obstacle "body8"
	{obb2
		{center 5.12711 -41.2227}
		{extent 16.0508 3.86975}
		{axis 1 0}
	}
	{rotate}
}
{obstacle "body9"
	{obb2
		{center 34.571 -40.7335}
		{extent 13.329 3.846}
		{axis 1 0}
	}
	{rotate}
}
{area "cut"
	{polygon2
		{radius 0}
		{vertex -71.239 6.10256}
		{vertex -70.9218 -45.2313}
		{vertex 73.5994 -45.2313}
		{vertex 73.89 5.30288}
	}
	{rotate}
}
{area "cut2"
	{polygon2
		{radius 0}
		{vertex 21.0884 62.843}
		{vertex -20.3361 62.6443}
		{vertex -37.7183 36.9814}
		{vertex -37.401 5.53243}
		{vertex 40.409 5.53243}
		{vertex 40.6996 36.1817}
	}
	{rotate}
	{tag "cut"}
}
{"volumes"
	{"body"
		{box 29.0733 3.93701 25.5906}
		{bone "point"}
		{matrix34
			1 	 -0.0087 	 0
			0.0086 	 0.9902 	 -0.1392
			0.0012 	 0.1392 	 0.9903
			2.8196 	 2.4409 	 12.2307
		}
	}
	{"body1"
		{box 24.9582 3.93701 25.5906}
		{bone "point13"}
		{matrix34
			1 	 -0.0087 	 0
			0.0086 	 0.9902 	 -0.1392
			0.0012 	 0.1392 	 0.9903
			1.781 	 1.7772 	 12.2307
		}
	}
	{"body10"
		{box 29.3596 3.93701 25.5906}
		{bone "point10"}
		{matrix34
			1 	 -0.0087 	 0
			0.0086 	 0.9902 	 -0.1392
			0.0012 	 0.1392 	 0.9903
			-0.5973 	 2.4409 	 12.2307
		}
	}
	{"body11"
		{box 39.0813 3.93701 25.5906}
		{bone "point11"}
		{matrix34
			1 	 0 	 0
			0 	 0.9903 	 0.1392
			0 	 -0.1392 	 0.9903
			0.2391 	 -1.0566 	 12.9147
		}
	}
	{"body2"
		{box 40.3822 3.93701 25.5906}
		{bone "point12"}
		{matrix34
			1 	 0 	 0
			0 	 0.9903 	 0.1392
			0 	 -0.1392 	 0.9903
			-0.1849 	 -1.7188 	 12.2307
		}
	}
	{"body3"
		{box 34.1458 3.93701 25.5906}
		{bone "point3"}
		{matrix34
			0 	 -1 	 0
			0.9903 	 0 	 0.1392
			-0.1392 	 0 	 0.9903
			-3.0813 	 -1.5215 	 12.3907
		}
	}
	{"body4"
		{box 35.9055 3.93701 25.5906}
		{bone "point4"}
		{matrix34
			1 	 -0.0087 	 0
			0.0086 	 0.9902 	 0.1392
			-0.0012 	 -0.1392 	 0.9903
			-1.0011 	 -1.9971 	 12.3907
		}
	}
	{"body5"
		{box 32.4409 3.93701 25.5906}
		{bone "point5"}
		{matrix34
			-0.0448 	 0.9988 	 0.0211
			-0.9963 	 -0.0462 	 0.0726
			0.0735 	 -0.0178 	 0.9971
			1.6489 	 -0.9076 	 12.9452
		}
	}
	{"body6"
		{box 26.1417 3.93701 25.5906}
		{bone "point6"}
		{matrix34
			0.5436 	 0.8393 	 0.0092
			-0.8318 	 0.5372 	 0.1395
			0.1121 	 -0.0835 	 0.9902
			1.6576 	 -1.22 	 11.9416
		}
	}
	{"body7"
		{box 27.4016 3.93701 25.5906}
		{bone "point7"}
		{matrix34
			0.4934 	 -0.8697 	 0.0092
			0.8606 	 0.4897 	 0.1395
			-0.1259 	 -0.0609 	 0.9902
			-1.66 	 -0.428 	 12.0533
		}
	}
	{"body8"
		{box 32.0377 3.93701 25.5906}
		{bone "point8"}
		{matrix34
			1 	 -0.0087 	 0
			0.0086 	 0.9902 	 -0.1392
			0.0012 	 0.1392 	 0.9903
			1.2931 	 2.2664 	 12.2307
		}
	}
	{"body9"
		{box 26.5939 3.93701 25.5906}
		{bone "point9"}
		{matrix34
			1 	 -0.0087 	 0
			0.0086 	 0.9902 	 -0.1392
			0.0012 	 0.1392 	 0.9903
			-1.7249 	 1.7772 	 12.2307
		}
	}
}
