;Exported by	: KobaA
;Date			: 12.01.2024 13:48:09
;File			: d:\git\gem2-mdl-soldiers\models\building\house_001b_g2\house_001b_g2_x.max
{skeleton
	{bone "house_001b_piece_015_x"
		{orientation
			1 	 0 	 0
			0 	 -1 	 0
			0 	 0 	 1
		}
		{bone "piece01"
			{Position 1.6588 	 -19.6851 	 50.9501}
			{poly "piece01"}
		}
		{bone "piece06"
			{Position -4.7011 	 -19.685 	 -7.1472}
			{poly "piece06"}
		}
		{bone "sub_piece00"
			{Position 14.6679 	 -19.6851 	 26.517}
			{poly "sub_piece00"}
		}
		{bone "piece00"
			{Position -1.1028 	 -19.6851 	 20.6944}
			{poly "piece00"}
		}
		{bone "sub_piece01"
			{Position -16.0961 	 -16.7323 	 3.2875}
			{poly "sub_piece01"}
		}
		{bone "sub_piece02"
			{Position 13.1096 	 -16.7323 	 1.9695}
			{poly "sub_piece02"}
		}
		{bone "sub_piece03"
			{Position -21.5465 	 -16.7323 	 25.1395}
			{poly "sub_piece03"}
		}
		{bone "sub_piece04"
			{matrix34
				0 	 -1 	 0
				0.766 	 0 	 0.6428
				-0.6428 	 0 	 0.766
				-16.4809 	 0.1 	 33.2128
			}
			{poly "sub_piece04"}
		}
		{bone "piece02"
			{matrix34
				0 	 -1 	 0
				0.766 	 0 	 0.6428
				-0.6428 	 0 	 0.766
				-27.7165 	 7.243 	 24.0879
			}
			{poly "piece02"}
		}
		{bone "sub_piece05"
			{matrix34
				0 	 -1 	 0
				0.766 	 0 	 0.6428
				-0.6428 	 0 	 0.766
				-22.3375 	 29.9002 	 30.2699
			}
			{poly "sub_piece05"}
		}
		{bone "piece03"
			{matrix34
				0 	 -1 	 0
				0.766 	 0 	 0.6428
				-0.6428 	 0 	 0.766
				-6.3686 	 32.2937 	 43.8211
			}
			{poly "piece03"}
		}
		{bone "sub_piece06"
			{matrix34
				0 	 -1 	 0
				0.9848 	 0 	 0.1736
				-0.1736 	 0 	 0.9848
				-1.1436 	 4.9374 	 45.3287
			}
			{poly "sub_piece06"}
		}
		{bone "piece05"
			{matrix34
				0 	 1 	 0
				-0.766 	 0 	 0.6428
				0.6428 	 0 	 0.766
				16.6498 	 32.189 	 33.2128
			}
			{poly "piece05"}
		}
		{bone "sub_piece07"
			{matrix34
				0 	 1 	 0
				-0.9848 	 0 	 0.1736
				0.1736 	 0 	 0.9848
				1.3126 	 19.9439 	 45.3287
			}
			{poly "sub_piece07"}
		}
		{bone "sub_piece08"
			{matrix34
				0 	 1 	 0
				-0.766 	 0 	 0.6428
				0.6428 	 0 	 0.766
				6.5375 	 -0.7209 	 43.8211
			}
			{poly "sub_piece08"}
		}
		{bone "piece04"
			{matrix34
				0 	 1 	 0
				-0.766 	 0 	 0.6428
				0.6428 	 0 	 0.766
				20.7215 	 -0.8011 	 31.6446
			}
			{poly "piece04"}
		}
		{bone "sub_piece09"
			{matrix34
				0 	 1 	 0
				-0.766 	 0 	 0.6428
				0.6428 	 0 	 0.766
				24.724 	 21.3312 	 26.6728
			}
			{poly "sub_piece09"}
		}
	}
}
{"volumes"
	{"piece00_volume001"
		{box 11.811 16.621 29.9267}
		{bone "piece00"}
		{matrix34
			0 	 -1 	 0
			0.887 	 0 	 0.4618
			-0.4618 	 0 	 0.887
			-0.5639 	 0.0776 	 -0.8653
		}
	}
	{"piece01_volume001"
		{box 11.811 18.9479 31.1419}
		{bone "piece01"}
		{matrix34
			0 	 -1 	 0
			1 	 0 	 0
			0 	 0 	 1
			-1.7506 	 0.1041 	 0.4135
		}
	}
	{"piece02_volume001"
		{box 2.3622 2.3622 30.2834}
		{bone "piece02"}
		{matrix34
			0 	 0.866 	 -0.5
			0 	 -0.5 	 -0.866
			-1 	 0 	 0
			0.1736 	 0.3062 	 -0.3471
		}
	}
	{"piece03_volume001"
		{box 14.6248 0.984252 14.6338}
		{bone "piece03"}
		{matrix34
			0 	 1 	 0
			0 	 0 	 -1
			-1 	 0 	 0
			1.1825 	 -0.518 	 -0.1479
		}
	}
	{"piece04_volume001"
		{box 14.6248 0.984252 14.6338}
		{bone "piece04"}
		{matrix34
			0 	 -1 	 0
			0 	 0 	 -1
			1 	 0 	 0
			0.7881 	 -0.2743 	 0.1464
		}
	}
	{"piece05_volume001"
		{box 2.3622 2.3622 31.7436}
		{bone "piece05"}
		{matrix34
			0 	 -0.866 	 0.5
			0 	 -0.5 	 -0.866
			1 	 0 	 0
			-0.2274 	 3.2776 	 -0.5074
		}
	}
	{"piece06_volume001"
		{box 11.811 16.621 15.5619}
		{bone "piece06"}
		{matrix34
			0 	 -1 	 0
			0.9848 	 0 	 0.1737
			-0.1737 	 0 	 0.9848
			4.4037 	 0.0777 	 1.0448
		}
	}
	{"sub_piece00_volume001"
		{box 5.90551 22.1231 18.323}
		{bone "sub_piece00"}
		{matrix34
			0 	 -1 	 0
			-0.7071 	 0 	 0.7071
			-0.7071 	 0 	 -0.7071
			0.9161 	 2.8654 	 0.9995
		}
	}
	{"sub_piece01_volume001"
		{box 5.90551 19.3267 21.0752}
		{bone "sub_piece01"}
		{matrix34
			0 	 -1 	 0
			-0.766 	 0 	 -0.6428
			0.6428 	 0 	 -0.766
			-0.0632 	 -0.0872 	 2.0438
		}
	}
	{"sub_piece02_volume001"
		{box 5.90551 15.4707 8.89468}
		{bone "sub_piece02"}
		{matrix34
			0 	 -1 	 0
			0.2164 	 0 	 0.9763
			-0.9763 	 0 	 0.2164
			0.6834 	 -0.0873 	 0.6864
		}
	}
	{"sub_piece03_volume001"
		{box 5.90551 17.256 14.8417}
		{bone "sub_piece03"}
		{matrix34
			0 	 -1 	 0
			-0.766 	 0 	 -0.6428
			0.6428 	 0 	 -0.766
			1.3896 	 -0.0872 	 0.8561
		}
	}
	{"sub_piece04_volume001"
		{box 2.3622 2.3622 30.2834}
		{bone "sub_piece04"}
		{matrix34
			0 	 0.866 	 -0.5
			0 	 -0.5 	 -0.866
			-1 	 0 	 0
			-1.2614 	 3.2545 	 -0.5909
		}
	}
	{"sub_piece05_volume001"
		{box 14.6248 0.984252 14.6338}
		{bone "sub_piece05"}
		{matrix34
			0 	 1 	 0
			0 	 0 	 -1
			-1 	 0 	 0
			0.3573 	 0.436 	 -0.0317
		}
	}
	{"sub_piece06_volume001"
		{box 2.3622 2.3622 30.2834}
		{bone "sub_piece06"}
		{matrix34
			0 	 1 	 0
			0 	 0 	 -1
			-1 	 0 	 0
			1.5433 	 -0.0538 	 0.0053
		}
	}
	{"sub_piece07_volume001"
		{box 2.3622 2.3622 31.7436}
		{bone "sub_piece07"}
		{matrix34
			0 	 -1 	 0
			0 	 0 	 -1
			1 	 0 	 0
			0.9706 	 0.0037 	 0.0246
		}
	}
	{"sub_piece08_volume001"
		{box 14.6248 0.984252 14.6338}
		{bone "sub_piece08"}
		{matrix34
			0 	 -1 	 0
			0 	 0 	 -1
			1 	 0 	 0
			1.001 	 -0.4271 	 -0.0641
		}
	}
	{"sub_piece09_volume001"
		{box 2.3622 2.3622 31.7436}
		{bone "sub_piece09"}
		{matrix34
			0 	 -0.866 	 0.5
			0 	 -0.5 	 -0.866
			1 	 0 	 0
			0.1688 	 0.3407 	 -0.3937
		}
	}
}
