;Exported by	: KobaA
;Date			: 08.05.2024 09:49:32
;File			: d:\git\gem2-mdl-soldiers\models\inventory\hedgehog_kit\hedgehog_kit.max
{skeleton
	{bone "hedgehog_kit"
		{orientation
			1 	 0 	 0
			0 	 -1 	 0
			0 	 0 	 1
		}
		{poly "hedgehog_kit" {lod 0}}
		{poly "hedgehog_kit_lod1" {lod 1}}
		{poly "hedgehog_kit_lod2" {lod 2}}
		{poly "hedgehog_kit_lod3" {lod 3 {last}}}
	}
}
{"volumes"
	{"body_01"
		{box 1.25494 14.2993 1.20714}
		{bone "hedgehog_kit"}
		{matrix34
			0.0142 	 0.861 	 -0.5083
			0.6778 	 -0.3821 	 -0.6282
			-0.7351 	 -0.3356 	 -0.589
			0.3848 	 -0.2114 	 0.6585
		}
	}
	{"body_02"
		{box 1.17624 14.1425 1.05435}
		{bone "hedgehog_kit"}
		{matrix34
			-0.0366 	 0.8532 	 -0.5203
			0.7424 	 0.3718 	 0.5574
			0.669 	 -0.3659 	 -0.647
			-0.4915 	 0.7474 	 0.1258
		}
	}
	{"body_03"
		{box 0.968237 13.8638 1.25211}
		{bone "hedgehog_kit"}
		{matrix34
			0.6474 	 -0.382 	 -0.6595
			-0.0311 	 0.8513 	 -0.5237
			0.7615 	 0.3596 	 0.5393
			-0.1372 	 -0.3877 	 -0.6017
		}
	}
	{"select"
		{box 13.2022 16.4076 11.9771}
		{bone "hedgehog_kit"}
		{matrix34
			1 	 0 	 0
			0 	 1 	 0
			0 	 0 	 1
			-0.3351 	 0.0296 	 0.0324
		}
	}
}
{"preview"
	{"stuff"
		{camera
			{origin 9.4095 	 -16.5122 	 3.9918}
			{lookat -1.8601 	 3.5372 	 -0.5531}
			{fov 36.6033}
			{horizon -80.8769}
		}
		{global
			{direction -0.2025 	 0.228 	 -0.3962}
			{diffuse 0xff9c9c9c}
		}
		{local
			{type point}
			{position -2.6694 	 -5.0189 	 4.2225}
			{diffuse 0xffa3a3a3}
		}
		{local
			{type point}
			{position 12.9013 	 -1.5552 	 -2.1367}
		}
		{local
			{type point}
			{position 0.2868 	 -2.0938 	 -7.0523}
		}
		{local
			{type point}
			{position 0.2868 	 -15.1607 	 0.1212}
		}
	}
}
