;Exported by:	 tolokolnikova
;Date:			 27.06.2017 14:57:09
;File:			 D:\gem2\gem2-mdl-soldiers\models\building\house_D\D_005_cut_x_fort.max
{skeleton
	{bone "d005_piece07_point"
		{orientation
			1 	 0 	 0
			0 	 -1 	 0
			0 	 0 	 1
		}
		{bone "sub_piece05"
			{matrix34
				0 	 0.9455 	 0.3256
				0 	 0.3256 	 -0.9455
				-1 	 0 	 0
				-15.7287 	 -17.1262 	 1.1263
			}
			{poly "sub_piece05"}
		}
		{bone "sub_piece04"
			{Position 14.9049 	 4.8403 	 10.5643}
			{poly "sub_piece04"}
		}
		{bone "sub_piece02"
			{Position 7.2259 	 -26.5426 	 0.0587}
			{poly "sub_piece02"}
		}
		{bone "sub_piece03"
			{Position 23.8021 	 20.9596 	 15.9604}
			{poly "sub_piece03"}
		}
		{bone "piece01"
			{Position 28.7818 	 27.3935 	 6.5742}
			{poly "piece01"}
		}
		{bone "piece02"
			{Position 28.8192 	 -13.8256 	 -5.6282}
			{poly "piece02"}
		}
		{bone "piece03"
			{Position 28.8192 	 31.2446 	 -13.0808}
			{poly "piece03"}
		}
		{bone "piece04"
			{Position 28.8163 	 5.8806 	 -3.339}
			{poly "piece04"}
		}
		{bone "sub_piece01"
			{Position 28.8192 	 -28.9488 	 -7.2864}
			{poly "sub_piece01"}
		}
	}
}
{volume "piece01"
	{box 5.90551 28.9007 15.8553}
	{bone "piece01"}
	{matrix34
		1 	 0 	 0
		0 	 0.9563 	 0.2924
		0 	 -0.2924 	 0.9563
		0.1324 	 0.5314 	 -0.1438
	}
}
{volume "piece02"
	{box 5.90551 11.7115 13.6937}
	{bone "piece02"}
	{matrix34
		1 	 0 	 0
		0 	 0.9986 	 -0.0523
		0 	 0.0523 	 0.9986
		0.1324 	 -0.5233 	 -0.7964
	}
}
{volume "piece03"
	{box 5.90551 19.7528 9.576}
	{bone "piece03"}
	{matrix34
		1 	 0 	 0
		0 	 0.9903 	 -0.1392
		0 	 0.1392 	 0.9903
		-0.0358 	 -0.8781 	 0.4699
	}
}
{volume "piece04"
	{box 5.90551 10.1793 17.343}
	{bone "piece04"}
	{matrix34
		1 	 0 	 0
		0 	 0.5736 	 0.8192
		0 	 -0.8192 	 0.5736
		0.1324 	 0.9691 	 -1.1014
	}
}
{volume "sub_piece01"
	{box 5.90551 8.29079 8.23536}
	{bone "sub_piece01"}
	{matrix34
		1 	 0 	 0
		0 	 0.9563 	 0.2924
		0 	 -0.2924 	 0.9563
		0.0982 	 0.1818 	 -0.4013
	}
}
{volume "sub_piece02"
	{box 14.6794 19.6853 1.09166}
	{bone "sub_piece02"}
	{matrix34
		1 	 0 	 0
		0 	 0.9397 	 0.342
		0 	 -0.342 	 0.9397
		-0.656 	 -0.1867 	 0.0395
	}
}
{volume "sub_piece03"
	{box 13.9 18.1892 1.09166}
	{bone "sub_piece03"}
	{matrix34
		1 	 0 	 0
		0 	 0.9397 	 0.342
		0 	 -0.342 	 0.9397
		5.1111 	 -0.1867 	 0.0083
	}
}
{volume "sub_piece04"
	{box 16.5477 13.7797 1.09166}
	{bone "sub_piece04"}
	{matrix34
		1 	 0 	 0
		0 	 0.9397 	 0.342
		0 	 -0.342 	 0.9397
		1.8114 	 -0.1867 	 0.2285
	}
}
{volume "sub_piece05"
	{box 38.6222 2.99213 3.93701}
	{bone "sub_piece05"}
	{matrix34
		0 	 0 	 -1
		0.9455 	 0.3256 	 0
		0.3256 	 -0.9455 	 0
		-0.1598 	 0.4641 	 -3.4199
	}
}
