;Exported by	: Oleksandr Tsaprylov
;Date			: 01.02.2023 17:34:02
;File			: E:\projects\gem2-mdl-soldiers\models\entourage\shed_wood_destroyed\shed_wood_destroyed.max
{skeleton
	{bone "shed_wood_destroyed_b_piece_001_x"
		{orientation
			1 	 0 	 0
			0 	 -1 	 0
			0 	 0 	 1
		}
		{bone "piece08"
			{matrix34
				0.9571 	 -0.0927 	 0.2746
				0.1665 	 0.9514 	 -0.2592
				-0.2372 	 0.2938 	 0.926
				46.1409 	 -2.4348 	 97.5819
			}
			{poly "piece08"}
		}
		{bone "piece09"
			{matrix34
				0.9814 	 0.1778 	 -0.073
				-0.1206 	 0.8655 	 0.4862
				0.1496 	 -0.4683 	 0.8708
				46.707 	 -2.9102 	 36.4148
			}
			{poly "piece09"}
		}
		{bone "piece05"
			{Position 49.057 	 17.1188 	 122.135}
			{poly "piece05"}
		}
		{bone "piece10"
			{Position 6.1063 	 -2.2263 	 135.373}
			{poly "piece10"}
		}
		{bone "piece12"
			{Position 49.108 	 -5.9781 	 69.2207}
			{poly "piece12"}
		}
		{bone "piece14"
			{Position 49.5383 	 -21.2897 	 108.775}
			{poly "piece14"}
		}
		{bone "piece03"
			{Position 3.981 	 15.3264 	 124.317}
			{poly "piece03"}
		}
		{bone "piece06"
			{Position 14.8485 	 -31.9263 	 114.536}
			{poly "piece06"}
		}
		{bone "sub_piece02"
			{Position -16.5367 	 -31.4579 	 117.318}
			{poly "sub_piece02"}
		}
		{bone "piece13"
			{Position -32.9947 	 -31.7489 	 114.438}
			{poly "piece13"}
		}
		{bone "piece07"
			{matrix34
				0.9826 	 -0.18 	 -0.0448
				0.1594 	 0.9428 	 -0.2929
				0.0949 	 0.2807 	 0.9551
				-31.2636 	 -0.4442 	 69.0131
			}
			{poly "piece07"}
		}
		{bone "piece04"
			{Position -33.2083 	 23.1411 	 69.2335}
			{poly "piece04"}
		}
		{bone "piece02"
			{Position -33.1856 	 18.5399 	 121.116}
			{poly "piece02"}
		}
		{bone "sub_piece01"
			{Position -19.2461 	 43.3593 	 107.173}
			{poly "sub_piece01"}
		}
		{bone "piece01"
			{Position -38.6147 	 41.1443 	 103.058}
			{poly "piece01"}
		}
		{bone "piece11"
			{Position 0.9228 	 -53.4493 	 101.902}
			{poly "piece11"}
		}
	}
}
{"volumes"
	{"piece01"
		{box 1.58472 13.351 21.4847}
		{bone "piece01"}
		{matrix34
			0 	 -0.6016 	 -0.7988
			0 	 0.7988 	 -0.6016
			1 	 0 	 0
			1.5897 	 -0.0396 	 -0.0688
		}
	}
	{"piece02"
		{box 2.3622 2.98768 49.5}
		{bone "piece02"}
		{matrix34
			1 	 0 	 0
			0 	 0.5704 	 0.8213
			0 	 -0.8213 	 0.5704
			0.2046 	 -0.2518 	 0.3113
		}
	}
	{"piece03"
		{box 1.58472 13.351 48.6203}
		{bone "piece03"}
		{matrix34
			0 	 -0.5736 	 -0.8192
			0 	 -0.8192 	 0.5736
			-1 	 0 	 0
			-1.9553 	 -0.2473 	 -0.4449
		}
	}
	{"piece04"
		{box 2.3622 2.98768 34.8591}
		{bone "piece04"}
		{matrix34
			-1 	 0 	 0
			0 	 0 	 1
			0 	 1 	 0
			0.0042 	 0.1599 	 0.0913
		}
	}
	{"piece05"
		{box 2.3622 2.98768 49.5}
		{bone "piece05"}
		{matrix34
			1 	 0 	 0
			0 	 0.5704 	 0.8213
			0 	 -0.8213 	 0.5704
			0.2046 	 -0.2519 	 0.3113
		}
	}
	{"piece06"
		{box 2.3622 2.98768 34.8591}
		{bone "piece06"}
		{matrix34
			-1 	 0 	 0
			0 	 -0.5736 	 0.8192
			0 	 0.8192 	 0.5736
			0.0042 	 0.0786 	 0.1665
		}
	}
	{"piece07"
		{cylinder 2.0525 50.1884}
		{bone "piece07"}
		{matrix34
			0.9826 	 0.1594 	 0.0949
			-0.18 	 0.9428 	 0.2807
			-0.0448 	 -0.2929 	 0.9551
			-1.8178 	 -1.8934 	 -0.2343
		}
	}
	{"piece08"
		{cylinder 2.0525 48.2108}
		{bone "piece08"}
		{matrix34
			0.9571 	 0.1665 	 -0.2372
			-0.0927 	 0.9514 	 0.2938
			0.2746 	 -0.2592 	 0.926
			2.4204 	 0.9854 	 -0.7165
		}
	}
	{"piece09"
		{cylinder 2.0525 27.1017}
		{bone "piece09"}
		{matrix34
			0.9814 	 -0.1206 	 0.1496
			0.1778 	 0.8655 	 -0.4683
			-0.073 	 0.4862 	 0.8708
			2.2755 	 0.5811 	 -0.0469
		}
	}
	{"piece10"
		{box 2.3622 2.98768 62.6366}
		{bone "piece10"}
		{matrix34
			0 	 1 	 0
			0 	 0 	 1
			1 	 0 	 0
			0.6033 	 -0.0174 	 0.1016
		}
	}
	{"piece11"
		{box 1.41732 2.09138 30.4212}
		{bone "piece11"}
		{matrix34
			0 	 -0.5736 	 0.8192
			0 	 -0.8192 	 -0.5736
			1 	 0 	 0
			-0.4174 	 -0.0932 	 0.0216
		}
	}
	{"piece12"
		{box 2.3622 2.98768 62.6366}
		{bone "piece12"}
		{matrix34
			-1 	 0 	 0
			0 	 0 	 1
			0 	 1 	 0
			0.0175 	 0.6034 	 0.1016
		}
	}
	{"piece13"
		{box 2.3622 2.98768 34.8591}
		{bone "piece13"}
		{matrix34
			-1 	 0 	 0
			0 	 -0.5736 	 0.8192
			0 	 0.8192 	 0.5736
			0.0042 	 0.0786 	 0.1665
		}
	}
	{"piece14"
		{box 2.3622 2.98768 31.3732}
		{bone "piece14"}
		{matrix34
			-1 	 0 	 0
			0 	 0 	 1
			0 	 1 	 0
			0.115 	 -0.6815 	 0.0732
		}
	}
	{"sub_peice02"
		{box 1.41732 2.09138 50.702}
		{bone "sub_piece02"}
		{matrix34
			0 	 -0.5736 	 0.8192
			0 	 -0.8192 	 -0.5736
			1 	 0 	 0
			-0.1058 	 -0.035 	 0.0295
		}
	}
	{"sub_piece01"
		{box 1.3937 0.523275 46.3465}
		{bone "sub_piece01"}
		{matrix34
			0.832 	 -0.2927 	 0.4712
			-0.1238 	 0.7301 	 0.672
			-0.5407 	 -0.6175 	 0.5713
			-0.0049 	 -0.0395 	 0.0634
		}
	}
}
