;Exported by:	 tolokolnikova
;Date:			 27.06.2017 14:38:46
;File:			 D:\gem2\gem2-mdl-soldiers\models\building\house_D\D_004_x_fort.max
{skeleton
	{bone "d004_piece16_point"
		{orientation
			1 	 0 	 0
			0 	 -1 	 0
			0 	 0 	 1
		}
		{bone "sub_piece01"
			{Position 2.061 	 11.1269 	 6.5584}
			{poly "sub_piece01"}
		}
		{bone "sub_piece03"
			{matrix34
				0 	 0.7071 	 0.7071
				0 	 0.7071 	 -0.7071
				-1 	 0 	 0
				-1.5693 	 5.6891 	 5.9355
			}
			{poly "sub_piece03"}
		}
		{bone "piece01"
			{Position -17.3669 	 -13.2391 	 -0.9364}
			{poly "piece01"}
		}
		{bone "sub_piece02"
			{Position 15.2642 	 -7.2198 	 3.8549}
			{poly "sub_piece02"}
		}
		{bone "piece02"
			{Position -18.1462 	 18.8355 	 1.7284}
			{poly "piece02"}
		}
	}
}
{volume "piece01"
	{box 18.5945 12.6162 0.984252}
	{bone "piece01"}
	{matrix34
		1 	 0 	 0
		0 	 0.9397 	 0.342
		0 	 -0.342 	 0.9397
		0.8519 	 10.0944 	 6.2996
	}
}
{volume "piece02"
	{box 15.8053 16.5272 0.984252}
	{bone "piece02"}
	{matrix34
		1 	 0 	 0
		0 	 0.9397 	 -0.342
		0 	 0.342 	 0.9397
		1.2074 	 -4.8773 	 4.3232
	}
}
{volume "sub_piece01"
	{box 15.8053 12.6162 0.984252}
	{bone "sub_piece01"}
	{matrix34
		1 	 0 	 0
		0 	 0.9397 	 -0.342
		0 	 0.342 	 0.9397
		-1.699 	 0.1683 	 0.4624
	}
}
{volume "sub_piece02"
	{box 18.5945 12.6162 0.984252}
	{bone "sub_piece02"}
	{matrix34
		1 	 0 	 0
		0 	 0.9397 	 0.342
		0 	 -0.342 	 0.9397
		-0.502 	 0.1001 	 0.0615
	}
}
{volume "sub_piece03"
	{box 66.1753 3.18449 2.58318}
	{bone "sub_piece03"}
	{matrix34
		0 	 0 	 -1
		0.7071 	 0.7071 	 0
		0.7071 	 -0.7071 	 0
		0.0748 	 -0.0748 	 0
	}
}
