;Exported by:	 tolokolnikova
;Date:			 10.06.2018 11:24:29
;File:			 D:\gem2\gem2-mdl-soldiers\models\building\b3\build_vil_003a_x_R1.max
{skeleton
	{bone "b_vil_piece_01_point"
		{orientation
			1 	 0 	 0
			0 	 -1 	 0
			0 	 0 	 1
		}
		{bone "piece05"
			{Position -19.0123 	 -10.4446 	 -10.9609}
			{poly "piece05"}
		}
		{bone "piece04"
			{Position -53.6122 	 -18.6595 	 -26.0917}
			{poly "piece04"}
		}
		{bone "piece06"
			{Position 33.5649 	 -10.1243 	 -1.0514}
			{poly "piece06"}
		}
		{bone "b_vil_piece_01"
			{Position 21.7375 	 37.0903 	 -75.0083}
			{poly "b_vil_piece_01"}
		}
		{bone "piece15"
			{Position -35.8288 	 -10.4446 	 -1.2923}
			{poly "piece15"}
		}
		{bone "piece14"
			{Position 25.259 	 -10.4446 	 -5.818}
			{poly "piece14"}
		}
		{bone "piece07"
			{matrix34
				-0.9984 	 -0.0255 	 -0.0512
				-0.0225 	 -0.6478 	 0.7615
				0.0526 	 -0.7614 	 -0.6462
				-33.3129 	 12.0768 	 40.5157
			}
			{poly "piece07"}
		}
		{bone "piece08"
			{Position -65.2191 	 7.9496 	 20.6796}
			{poly "piece08"}
		}
		{bone "piece09"
			{Position -19.0106 	 16.099 	 17.8954}
			{poly "piece09"}
		}
		{bone "piece10"
			{Position 24.4367 	 -5.3312 	 21.2569}
			{poly "piece10"}
		}
		{bone "piece12"
			{matrix34
				-0.9984 	 -0.0255 	 -0.0512
				-0.0225 	 -0.6478 	 0.7615
				0.0526 	 -0.7614 	 -0.6462
				-57.5785 	 31.2781 	 56.9406
			}
			{poly "piece12"}
		}
		{bone "piece02"
			{Position 1.8055 	 -19.672 	 2.3853}
			{poly "piece02"}
		}
		{bone "piece01"
			{Position -42.8659 	 -19.8804 	 7.138}
			{poly "piece01"}
		}
		{bone "piece11"
			{Position -61.8336 	 -10.4446 	 -10.9609}
			{poly "piece11"}
		}
		{bone "piece13"
			{matrix34
				0 	 -1 	 0
				1 	 0 	 0
				0 	 0 	 1
				-63.9364 	 -0.1605 	 -10.9609
			}
			{poly "piece13"}
		}
		{bone "piece03"
			{Position 1.6748 	 -10.4446 	 3.9538}
			{poly "piece03"}
		}
		{bone revolute "attach1"
			{matrix34
				0 	 -1 	 0
				1 	 0 	 0
				0 	 0 	 1
				0.3822 	 7.2941 	 -50.2772
			}
		}
		{bone revolute "attach2"
			{matrix34
				-1 	 0 	 0
				0 	 -1 	 0
				0 	 0 	 1
				-45.6119 	 13.661 	 -50.2772
			}
		}
		{bone "fort_wall"
			{matrix34
				-1 	 0 	 0
				0 	 -1 	 0
				0 	 0 	 1
				-47.9447 	 -19.1821 	 -47.4565
			}
		}
		{bone "stones_001"
			{parameters "commonmesh;land;ground;"}
			{matrix34
				0 	 1 	 0
				-1 	 0 	 0
				0 	 0 	 1
				-39.9366 	 -23.1324 	 -57.6533
			}
			{poly "stones_001" {ground}}
		}
		{bone "debris_land_001"
			{parameters "commonmesh;land;ground;"}
			{matrix34
				0 	 1 	 0
				-1 	 0 	 0
				0 	 0 	 1
				-39.9366 	 -23.1324 	 -57.6533
			}
			{poly "debris_land_001" {ground}}
		}
	}
}
{volume "piece01"
	{box 33.7436 1.74434 4.97994}
	{bone "piece01"}
	{Position -0.8069 	 0.3051 	 -0.2677}
}
{volume "piece02"
	{box 33.7436 1.74434 4.97994}
	{bone "piece02"}
	{Position -1.7608 	 0.0967 	 0.1608}
}
{volume "piece03"
	{box 26.2923 5.45107 4.97994}
	{bone "piece03"}
	{Position 0.8303 	 0 	 -0.1514}
}
{volume "piece04"
	{box 3.7118 1.74434 22.7085}
	{bone "piece04"}
	{matrix34
		0.9291 	 0.3682 	 -0.0354
		-0.3567 	 0.8662 	 -0.3501
		-0.0983 	 0.3379 	 0.936
		0.0865 	 0.0567 	 -0.2921
	}
}
{volume "piece05"
	{box 13.5527 5.45107 4.97994}
	{bone "piece05"}
	{Position 0.6156 	 0 	 -0.0246}
}
{volume "piece06"
	{box 15.9922 5.45107 4.97994}
	{bone "piece06"}
	{Position -0.4352 	 -0.3203 	 0.2218}
}
{volume "piece07"
	{box 13.4416 0.92346 13.2715}
	{bone "piece07"}
	{matrix34
		-0.9984 	 -0.0225 	 0.0526
		0.017 	 -0.9946 	 -0.1028
		-0.0547 	 0.1018 	 -0.9933
		2.0743 	 -0.061 	 0.0384
	}
}
{volume "piece08"
	{box 6.64085 1.25723 20.9158}
	{bone "piece08"}
	{matrix34
		0 	 -1 	 0
		1 	 0 	 0
		0 	 0 	 1
		0.1485 	 0.0627 	 -3.9796
	}
}
{volume "piece09"
	{box 18.9305 3.61967 5.39256}
	{bone "piece09"}
	{matrix34
		0 	 1 	 0
		-1 	 0 	 0
		0 	 0 	 1
		-0.0412 	 0.2959 	 0.0624
	}
}
{volume "piece10"
	{box 2.82981 3.30989 26.5431}
	{bone "piece10"}
	{matrix34
		1 	 0 	 0
		0 	 0.6847 	 -0.7288
		0 	 0.7288 	 0.6847
		0.1304 	 -1.2683 	 -1.4902
	}
}
{volume "piece11"
	{box 13.5527 5.45107 4.97994}
	{bone "piece11"}
	{Position 0.2446 	 0 	 0.0618}
}
{volume "piece12"
	{box 17.2053 0.92346 10.4845}
	{bone "piece12"}
	{matrix34
		-0.9984 	 -0.0225 	 0.0526
		0.017 	 -0.9946 	 -0.1028
		-0.0547 	 0.1018 	 -0.9933
		0.0445 	 -0.0747 	 -0.0118
	}
}
{volume "piece13"
	{box 13.5527 5.45107 4.97994}
	{bone "piece13"}
	{Position -0.3675 	 0.157 	 0.0618}
}
{volume "piece14"
	{box 26.2923 5.45107 4.97994}
	{bone "piece14"}
	{Position 0.4199 	 0 	 -0.0704}
}
{volume "piece15"
	{box 15.9922 5.45107 4.97994}
	{bone "piece15"}
	{Position 0.5557 	 0 	 0.135}
}
{volume "target_vol_001"
	{box 9.84252 9.84252 15.6501}
	{bone "b_vil_piece_01_point"}
	{matrix34
		0 	 -1 	 0
		1 	 0 	 0
		0 	 0 	 1
		0.3822 	 7.2941 	 -32.0772
	}
}
{volume "target_vol_002"
	{box 9.84252 9.84252 15.6501}
	{bone "b_vil_piece_01_point"}
	{matrix34
		-1 	 0 	 0
		0 	 -1 	 0
		0 	 0 	 1
		-46.4024 	 13.661 	 -32.0772
	}
}
{volume "vol_01"
	{box 64.2409 5.90551 24.9286}
	{bone "b_vil_piece_01"}
	{Position -20.013 	 -47.9149 	 29.8193}
}
{volume "vol_02"
	{box 26.9812 5.90551 14.4586}
	{bone "b_vil_piece_01"}
	{Position 2.5606 	 -47.9149 	 49.5345}
}
{volume "vol_03"
	{polyhedron}
	{bone "b_vil_piece_01"}
	{Position -45.5244 	 -47.9149 	 42.3052}
}
{volume "vol_04"
	{box 18.6299 5.90551 34.4015}
	{bone "b_vil_piece_01"}
	{Position -83.937 	 -47.9149 	 34.5557}
}
{volume "vol_05"
	{box 26.7531 5.90551 29.7729}
	{bone "b_vil_piece_01"}
	{matrix34
		0 	 1 	 0
		-1 	 0 	 0
		0 	 0 	 1
		-86.5533 	 -41.193 	 32.2414
	}
}
{volume "vol_06"
	{box 17.122 5.90551 24.7115}
	{bone "b_vil_piece_01"}
	{matrix34
		0 	 1 	 0
		-1 	 0 	 0
		0 	 0 	 1
		-86.5533 	 -19.3113 	 29.7107
	}
}
{volume "vol_07"
	{polyhedron}
	{bone "b_vil_piece_01"}
	{matrix34
		0 	 1 	 0
		-1 	 0 	 0
		0 	 0 	 1
		-86.5533 	 -41.193 	 47.1217
	}
}
