;Exported by: dima
;Date:        Thu Feb 28 17:09:51 2008
;File:        D:\Попов Дмитрий\Домик\house 102\Tobruck\house_addn1_af_x.max
{Skeleton
	{bone "house_addn1_af_x"
		{Orientation
			1	0	0
			0	-1	0
			0	0	1
		}
		{bone "piece01"
			{Position 2.6442	18.3464	62.4409}
			{poly "piece01"}
		}
		{bone "piece02"
			{Position 2.89664	8.2973	62.2986}
			{poly "piece02"}
		}
		{bone "piece03"
			{Position 2.85883	-3.55695	62.1942}
			{poly "piece03"}
		}
		{bone "piece04"
			{Position 2.6442	-21.209	62.4409}
			{poly "piece04"}
		}
		{bone "piece05"
			{Position -10.6595	-1.31281	62.1299}
			{poly "piece05"}
		}
		{bone "piece06"
			{Position 1.53532	-21.0814	58.708}
			{poly "piece06"}
		}
		{bone "piece07"
			{Position 1.52261	18.2639	52.1063}
			{poly "piece07"}
		}
		{bone "piece08"
			{Position 14.043	-1.31281	53.105}
			{poly "piece08"}
		}
		{bone "piece09"
			{Position 14.0377	18.402	33.1781}
			{poly "piece09"}
		}
		{bone "piece10"
			{Position -11.0454	-21.0814	39.6901}
			{poly "piece10"}
		}
		{bone "piece11"
			{Matrix34
				1	0	0
				0	0.906308	-0.422618
				0	0.422618	0.906308
				8.7311	-18.0961	41.7157
			}
			{poly "piece11"}
		}
		{bone "fx_wood2"
			{Matrix34
				0	0	1
				0	1	0
				-1	0	0
				0	0	41.8001
			}
		}
	}
}
{Volume "piece01"
	{Box 36.921 5.19363 3.03928}
	{Bone "piece01"}
	{Matrix34
		0.906308	0	-0.422618
		0	1	0
		0.422618	0	0.906308
		-0.938742	0	0.963466
	}
}
{Volume "piece02"
	{Box 39.4244 4.66077 2.78659}
	{Bone "piece02"}
	{Matrix34
		0.906308	0	-0.422618
		0	1	0
		0.422618	0	0.906308
		-1.13608	0	0.626616
	}
}
{Volume "piece03"
	{Box 35.551 4.80792 2.87174}
	{Bone "piece03"}
	{Matrix34
		0.906308	0	-0.422618
		0	1	0
		0.422618	0	0.906308
		-1.08118	0	0.857103
	}
}
{Volume "piece04"
	{Box 35.0437 5.19363 2.1275}
	{Bone "piece04"}
	{Matrix34
		0.906308	0	-0.422618
		0	1	0
		0.422618	0	0.906308
		-0.253313	0	0.231241
	}
}
{Volume "piece05"
	{Box 1.10134 36.8965 2.36528}
	{Bone "piece05"}
}
{Volume "piece06"
	{Box 26.3661 1.96851 3.4278}
	{Bone "piece06"}
	{Matrix34
		0.906308	0	-0.422618
		0	1	0
		0.422618	0	0.906308
		-0.0848942	0	-0.152027
	}
}
{Volume "piece07"
	{Box 23.2279 1.96851 1.97786}
	{Bone "piece07"}
	{Position 0	0	0}
}
{Volume "piece08"
	{Box 1.10134 36.8965 2.36528}
	{Bone "piece08"}
	{Position 0	0	0}
}
{Volume "piece09"
	{Box 2.95203 3.13651 32.3035}
	{Bone "piece09"}
	{Position 0	0	0}
}
{Volume "piece10"
	{Box 2.95203 3.13654 46.8447}
	{Bone "piece10"}
}
{Volume "piece11"
	{Box 2.95203 3.13654 42.4968}
	{Bone "piece11"}
	{Position 0	1.52588e-005	0}
}
