;Exported by:	 Evhen
;Date:			 13.04.2020 09:41:10
;File:			 D:\gem2-mdl-soldiers\models\fence\fence_wire_01\fence_wire_01.max
{skeleton
	{bone "fence_wire_06_piece_002_x"
		{orientation
			1 	 0 	 0
			0 	 -1 	 0
			0 	 0 	 1
		}
		{bone "sub_piece02"
			{Position 25.0598 	 0.0346 	 -8.2056}
			{poly "sub_piece02"}
		}
		{bone "sub_piece01"
			{Position -25.2045 	 0.3431 	 0}
			{poly "sub_piece01"}
		}
		{bone "piece01"
			{Position 9.6717 	 0.0346 	 0}
			{poly "piece01"}
		}
	}
}
{volume "piece01"
	{box 27.629 1.23568 33.5459}
	{bone "piece01"}
	{matrix34
		0.9962 	 0.0872 	 0
		-0.0872 	 0.9962 	 0
		0 	 0 	 1
		-9.6717 	 0.5877 	 -0.0297
	}
}
{volume "sub_piece01"
	{box 17.9589 1.23568 33.5459}
	{bone "sub_piece01"}
	{matrix34
		0.9838 	 -0.1745 	 0.042
		0.1741 	 0.9846 	 0.014
		-0.0438 	 -0.0065 	 0.999
		-1.7153 	 0.2282 	 -0.0297
	}
}
{volume "sub_piece02"
	{box 20.1692 1.23568 17.1084}
	{bone "sub_piece02"}
	{matrix34
		0.9848 	 -0.173 	 -0.0151
		0.1736 	 0.9811 	 0.0858
		0 	 -0.0872 	 0.9962
		0.8196 	 -0.1319 	 -0.0117
	}
}
