;Exported by:	 tolokolnikova
;Date:			 27.06.2017 14:31:38
;File:			 D:\gem2\gem2-mdl-soldiers\models\building\house_D\D_003_x_fort.max
{skeleton
	{bone "d003_piece07_point"
		{orientation
			1 	 0 	 0
			0 	 -1 	 0
			0 	 0 	 1
		}
		{bone "piece04"
			{Position -20.1446 	 -27.2377 	 4.7668}
			{poly "piece04"}
		}
		{bone "piece03"
			{Position 16.604 	 -27.3815 	 -0.7461}
			{poly "piece03"}
		}
		{bone "sub_piece04"
			{Position 1.6373 	 -27.3302 	 6.4308}
			{poly "sub_piece04"}
		}
		{bone "sub_piece05"
			{Position -6.7161 	 -6.6372 	 23.842}
			{poly "sub_piece05"}
		}
		{bone "piece02"
			{matrix34
				1 	 0 	 0
				0 	 0.9962 	 0.0872
				0 	 -0.0872 	 0.9962
				-36.6384 	 8.1824 	 22.2092
			}
			{poly "piece02"}
		}
		{bone "piece01"
			{Position -36.7916 	 -22.183 	 8.1733}
			{poly "piece01"}
		}
		{bone "sub_piece02"
			{Position -36.7169 	 -8.0148 	 11.8772}
			{poly "sub_piece02"}
		}
	}
}
{volume "piece01"
	{box 5.90551 12.432 19.4865}
	{bone "piece01"}
	{Position 0.1324 	 1.1265 	 0.3743}
}
{volume "piece02"
	{box 5.90551 23.4965 10.3279}
	{bone "piece02"}
	{matrix34
		1 	 0 	 0
		0 	 0.9563 	 0.2924
		0 	 -0.2924 	 0.9563
		-0.3469 	 0.3765 	 0.3558
	}
}
{volume "piece03"
	{box 20.374 0.590551 19.4865}
	{bone "piece03"}
	{Position 0.1324 	 -2.0349 	 -0.0706}
}
{volume "piece04"
	{box 22.5 5.90551 10.3279}
	{bone "piece04"}
	{matrix34
		1 	 0 	 0
		0 	 0.9563 	 0.2924
		0 	 -0.2924 	 0.9563
		0.1324 	 0.2998 	 0.255
	}
}
{volume "sub_piece02"
	{box 5.90551 8.7024 11.3022}
	{bone "sub_piece02"}
	{Position -0.0425 	 -0.7574 	 0.1242}
}
{volume "sub_piece04"
	{box 9.2126 5.90551 6.89434}
	{bone "sub_piece04"}
	{Position 0.1324 	 -0.2551 	 0.6881}
}
{volume "sub_piece05"
	{box 1.24016 21.5074 17.6233}
	{bone "sub_piece05"}
	{matrix34
		0 	 0.342 	 -0.9397
		-1 	 0 	 0
		0 	 0.9397 	 0.342
		-0.7557 	 -0.3134 	 0.4116
	}
}
