;Exported by:	 Oleksandr Tsaprylov
;Date:			 06.04.2021 20:49:59
;File:			 E:\projects\gem2-mdl-soldiers\models\entourage\piers\pier_001.max
{skeleton
	{bone "breakwater_02"
		{orientation
			1 	 0 	 0
			0 	 -1 	 0
			0 	 0 	 1
		}
		{bone "body01"
			{matrix34
				0.9984 	 0.0141 	 -0.0552
				-0.0172 	 0.9983 	 -0.0565
				0.0543 	 0.0573 	 0.9969
				0.7544 	 -0.0557 	 5.9963
			}
			{poly "body01"}
		}
	}
}
{volume "body01"
	{cylinder 1.5144 40.6682}
	{bone "body01"}
	{matrix34
		0.966 	 -0.216 	 0.1419
		0.2236 	 0.9739 	 -0.0396
		-0.1296 	 0.07 	 0.9891
		26.5628 	 -0.4893 	 1.4789
	}
}
{volume "body02"
	{cylinder 2.04444 34.568}
	{bone "body01"}
	{matrix34
		0.9622 	 -0.2286 	 0.1483
		0.2143 	 0.971 	 0.106
		-0.1683 	 -0.0702 	 0.9832
		13.4366 	 -0.4229 	 -2.1971
	}
}
{volume "body03"
	{cylinder 2.04444 39.4075}
	{bone "body01"}
	{matrix34
		0.975 	 -0.2199 	 -0.0314
		0.2212 	 0.9741 	 0.0478
		0.0201 	 -0.0536 	 0.9984
		-2.7041 	 0.0716 	 -0.5767
	}
}
{volume "body04"
	{cylinder 1.90133 41.7916}
	{bone "body01"}
	{matrix34
		0.9705 	 -0.2412 	 -0.0059
		0.2412 	 0.9705 	 0.0032
		0.0049 	 -0.0045 	 1
		-29.1059 	 0.518 	 -0.8265
	}
}
