;Exported by	: joomb
;Date			: 13.04.2023 15:28:34
;File			: H:\git\gem2-mdl-soldiers\models\building\building_ua01\building_ua05_v2.max
{skeleton
	{bone "b_ua_05_piece02"
		{orientation
			1 	 0 	 0
			0 	 -1 	 0
			0 	 0 	 1
		}
		{poly "b_ua_05_piece02"}
		{bone "fort_wall"
			{matrix34
				-1 	 0 	 0
				0 	 -1 	 0
				0 	 0 	 1
				12.4299 	 -5.6282 	 -12.1867
			}
		}
		{bone revolute "attach1"
			{matrix34
				0 	 -1 	 0
				1 	 0 	 0
				0 	 0 	 1
				15.3561 	 16.6297 	 -14.3521
			}
		}
	}
}
{"volumes"
	{"body01"
		{box 40.2119 10.264 8.39749}
		{bone "b_ua_05_piece02"}
		{Position -4.7424 	 0.6561 	 -19.799}
	}
	{"body02"
		{box 65.5333 6.29921 18.1386}
		{bone "b_ua_05_piece02"}
		{Position 7.7725 	 2.8994 	 -6.4462}
	}
	{"body03"
		{box 70.0693 6.29921 27.0265}
		{bone "b_ua_05_piece02"}
		{Position 4.8723 	 2.8994 	 16.3088}
	}
	{"body04"
		{box 12.6125 6.29921 8.91873}
		{bone "b_ua_05_piece02"}
		{Position -36.5541 	 2.8994 	 27.0837}
	}
	{"roof01"
		{box 82.8531 3.93701 23.0462}
		{bone "b_ua_05_piece02"}
		{matrix34
			1 	 0 	 0
			0 	 0.6428 	 -0.766
			0 	 0.766 	 0.6428
			-0.2024 	 -2.1056 	 39.8574
		}
	}
	{"roof02"
		{polyhedron}
		{bone "b_ua_05_piece02"}
		{matrix34
			1 	 0 	 0
			0 	 0.6428 	 -0.766
			0 	 0.766 	 0.6428
			-28.7154 	 6.5764 	 45.7558
		}
	}
	{"roof03"
		{polyhedron}
		{bone "b_ua_05_piece02"}
		{matrix34
			1 	 0 	 0
			0 	 0.6428 	 -0.766
			0 	 0.766 	 0.6428
			22.5077 	 6.5669 	 47.1345
		}
	}
}
