;Exported by: ubrashaev
;Date:        Mon Dec 18 12:30:30 2006
;File:        D:\-Projects1_5-\-work-\3d\-entourage\wood\wood_x.max
{Skeleton
	{animation
		{sequence "crush2" {speed 0.5}}
	}
	{bone "shaft_r1a"
		{Orientation
			1	0	0
			0	-1	0
			0	0	1
		}
		{bone "fx_wood2"
			{Matrix34
				-1	0	0
				0	-1	0
				0	0	1
				0.49379	-3.51175	9.44759
			}
		}
		{bone "piece00"
			{poly "piece00"}
		}
		{bone "piece01"
			{Matrix34
				0.932712	-0.357298	-0.0488444
				0.357663	0.93385	-0.00135117
				0.0460961	-0.0162096	0.998806
				0.582977	11.9589	12.7635
			}
			{poly "piece01"}
		}
		{bone "piece02"
			{Matrix34
				0.703398	0.696281	0.142912
				-0.642861	0.708958	-0.290014
				-0.30325	0.112123	0.946292
				15.5606	0.123627	11.6859
			}
			{poly "piece02"}
		}
		{bone "piece03"
			{Matrix34
				0.906308	-0.422618	0
				0.422618	0.906308	0
				0	0	1
				1.04498	11.9589	8.0882
			}
			{poly "piece03"}
		}
		{bone "piece04"
			{Position -13.5621	-0.150558	4.86523}
			{poly "piece04"}
		}
		{bone "piece05"
			{Matrix34
				0.414995	-0.909662	-0.0171365
				0.907817	0.415256	-0.0585735
				0.0603982	0.00875088	0.998136
				-13.4014	-0.494949	9.42692
			}
			{poly "piece05"}
		}
		{bone "piece06"
			{Matrix34
				0.459627	-0.866708	0.193802
				0.837137	0.349938	-0.420411
				0.296555	0.355472	0.886394
				-1.30167	-14.0523	6.07891
			}
			{poly "piece06"}
		}
		{bone "piece07"
			{poly "piece07"}
		}
		{bone "piece08"
			{Position 15.8002	0.494934	4.86523}
			{poly "piece08"}
		}
	}
}
