;Exported by	: Oleksandr Tsaprylov
;Date			: 03.02.2023 17:53:24
;File			: E:\projects\gem2-mdl-soldiers\models\entourage\shed_wood_destroyed\shed_wood_destroyed.max
{skeleton
	{bone "shed_wood_destroyed_c_piece_006"
		{orientation
			1 	 0 	 0
			0 	 -1 	 0
			0 	 0 	 1
		}
		{poly "shed_wood_destroyed_c_piece_006"}
		{bone "fix1"
			{Position -19.0508 	 -99.7307 	 67.2106}
		}
		{bone "fix2"
			{Position -19.0508 	 89.8338 	 67.2106}
		}
	}
}
{obstacle "obstacle01"
	{obb2
		{center -28.3904 5.27948}
		{extent 2.94025 2.8221}
		{axis -1 0}
	}
	{rotate}
}
{"volumes"
	{"body01"
		{box 1.58472 7.20607 47.6121}
		{bone "shed_wood_destroyed_c_piece_006"}
		{matrix34
			0 	 -0.5736 	 -0.8192
			0.0872 	 -0.816 	 0.5714
			-0.9962 	 -0.0714 	 0.05
			-17.177 	 22.5357 	 114.101
		}
	}
	{"body02"
		{box 3.93701 3.93701 134.416}
		{bone "shed_wood_destroyed_c_piece_006"}
		{Position -28.3904 	 -5.2793 	 67.2081}
	}
	{"body03"
		{box 2.3622 2.98768 50.8494}
		{bone "shed_wood_destroyed_c_piece_006"}
		{matrix34
			1 	 0 	 0
			0 	 0.5736 	 0.8192
			0 	 -0.8192 	 0.5736
			12.1866 	 15.7658 	 121.119
		}
	}
	{"body04"
		{box 2.3622 2.98768 54.6873}
		{bone "shed_wood_destroyed_c_piece_006"}
		{matrix34
			1 	 0 	 0
			0 	 0.5736 	 0.8192
			0 	 -0.8192 	 0.5736
			-28.3916 	 17.1337 	 120.161
		}
	}
	{"body05"
		{box 2.3622 2.98768 49.6413}
		{bone "shed_wood_destroyed_c_piece_006"}
		{matrix34
			-1 	 0 	 0
			0 	 -0.5736 	 0.8192
			0 	 0.8192 	 0.5736
			-28.3916 	 -24.9055 	 121.539
		}
	}
	{"body06"
		{box 2.3622 2.98768 80.3206}
		{bone "shed_wood_destroyed_c_piece_006"}
		{matrix34
			-1 	 0 	 0
			0 	 0 	 1
			0 	 1 	 0
			-28.3916 	 -5.7056 	 69.3248
		}
	}
	{"body07"
		{box 2.3622 2.98768 64.0284}
		{bone "shed_wood_destroyed_c_piece_006"}
		{matrix34
			0 	 -1 	 0
			0 	 0 	 1
			-1 	 0 	 0
			1.7973 	 -5.3318 	 135.443
		}
	}
	{"body08"
		{box 2.3622 2.98768 47.4973}
		{bone "shed_wood_destroyed_c_piece_006"}
		{matrix34
			0 	 -1 	 0
			0 	 0 	 1
			-1 	 0 	 0
			-8.9835 	 7.0735 	 129.74
		}
	}
	{"body09"
		{box 1.20472 11.6221 45.538}
		{bone "shed_wood_destroyed_c_piece_006"}
		{matrix34
			-1 	 0 	 0
			0 	 -1 	 0
			0 	 0 	 1
			-30.2974 	 -27.4207 	 94.249
		}
	}
}
