;Exported by	: Oleksandr Tsaprylov
;Date			: 12.03.2023 14:53:07
;File			: E:\projects\gem2-mdl-soldiers\models\entourage\ruins_stone_wall\ruins_stone_wall.max
{skeleton
	{bone "ruins_stone_wall_07_x"
		{orientation
			1 	 0 	 0
			0 	 -1 	 0
			0 	 0 	 1
		}
		{bone "piece01"
			{matrix34
				-0.9356 	 0.2647 	 -0.2337
				0.2659 	 0.9636 	 0.0268
				0.2323 	 -0.0371 	 -0.9719
				4.6764 	 14.2999 	 6.1908
			}
			{poly "piece01"}
		}
		{bone "piece02"
			{matrix34
				0.513 	 -0.8374 	 -0.1886
				0.6935 	 0.5338 	 -0.4839
				0.5059 	 0.1175 	 0.8546
				3.996 	 -12.0642 	 6.8223
			}
			{poly "piece02"}
		}
		{bone "body"
			{Position -0.1947 	 24.0385 	 0}
			{poly "body"}
		}
	}
}
{"volumes"
	{"piece01"
		{box 5.8608 9.67377 10.1249}
		{bone "piece01"}
		{matrix34
			0.8808 	 -0.2572 	 -0.3975
			-0.4576 	 -0.2465 	 -0.8543
			0.1218 	 0.9344 	 -0.3349
			3.7591 	 -1.3673 	 -1.6187
		}
	}
	{"piece02"
		{box 5.8608 9.67377 10.1249}
		{bone "piece02"}
		{matrix34
			0.513 	 0.6935 	 0.5059
			-0.8374 	 0.5338 	 0.1175
			-0.1886 	 -0.4839 	 0.8546
			-1.3491 	 -1.7601 	 -1.6196
		}
	}
}
