;Exported by	: joomb
;Date			: 18.05.2023 17:10:41
;File			: H:\git\gem2-mdl-soldiers\models\building\house_D\D_004_cup2.max
{skeleton
	{bone "d004_piece13"
		{orientation
			1 	 0 	 0
			0 	 -1 	 0
			0 	 0 	 1
		}
		{poly "d004_piece13"}
		{bone "fix29"
			{Position -26.8443 	 -43.3119 	 -28.3901}
		}
		{bone "fix28"
			{Position 21.2752 	 -19.0214 	 -28.3901}
		}
		{bone "fix27"
			{Position 21.2752 	 20.0672 	 -28.3901}
		}
	}
}
{"volumes"
	{"body01"
		{box 58.162 5.90551 11.0892}
		{bone "d004_piece13"}
		{matrix34
			0 	 0.9397 	 0.342
			-1 	 0 	 0
			0 	 -0.342 	 0.9397
			19.3042 	 -10.6803 	 3.2028
		}
	}
	{"body02"
		{box 16.454 5.90551 17.8536}
		{bone "d004_piece13"}
		{matrix34
			0 	 0.9397 	 -0.342
			-1 	 0 	 0
			0 	 0.342 	 0.9397
			19.3042 	 17.5782 	 7.4893
		}
	}
	{"body03"
		{box 6.97944 5.90551 11.7545}
		{bone "d004_piece13"}
		{matrix34
			0 	 1 	 0
			-1 	 0 	 0
			0 	 0 	 1
			19.3042 	 -40.5793 	 -11.1532
		}
	}
	{"body04"
		{polyhedron}
		{bone "d004_piece13"}
		{matrix34
			0 	 1 	 0
			-1 	 0 	 0
			0 	 0 	 1
			19.3042 	 -2.6613 	 -11.008
		}
	}
	{"body05"
		{polyhedron}
		{bone "d004_piece13"}
		{matrix34
			0 	 1 	 0
			-1 	 0 	 0
			0 	 0 	 1
			19.3042 	 16.4512 	 -11.008
		}
	}
	{"roof1"
		{box 41.315 1.1811 67.7126}
		{bone "d004_piece13"}
		{matrix34
			1 	 0 	 0
			0 	 -0.342 	 0.9397
			0 	 -0.9397 	 -0.342
			5.1294 	 -16.4601 	 6.8627
		}
	}
	{"roof2"
		{polyhedron}
		{bone "d004_piece13"}
		{matrix34
			1 	 0 	 0
			0 	 -0.342 	 0.9397
			0 	 -0.9397 	 -0.342
			-20.9976 	 -22.8578 	 4.5341
		}
	}
	{"roof3"
		{box 45.6718 1.1811 16.4585}
		{bone "d004_piece13"}
		{matrix34
			-1 	 0 	 0
			0 	 0.342 	 0.9397
			0 	 0.9397 	 -0.342
			3.3457 	 23.9358 	 15.1899
		}
	}
}
