;Exported by	: KobaA
;Date			: 28.03.2024 15:17:46
;File			: d:\git\gem2-mdl-soldiers\models\entourage\netting_test\netting_test_1.max
{skeleton
	{bone "basis3"
		{orientation
			1 	 0 	 0
			0 	 -1 	 0
			0 	 0 	 1
		}
		{bone "body"
			{Position 7.3193 	 -18.0467 	 32.4787}
			{poly "body"}
		}
	}
}
{obstacle "obstacle01"
	{obb2
		{center 1.52909 58.2362}
		{extent 54.053 1.96126}
		{axis -0.999997 0.00253641}
	}
	{rotate}
}
{"volumes"
	{"body01"
		{box 2.47982 2.26826 64.3109}
		{bone "body"}
		{matrix34
			0.9848 	 0.1736 	 0
			-0.1736 	 0.9848 	 0
			0 	 0 	 1
			41.421 	 -41.3538 	 -0.3232
		}
	}
	{"body02"
		{box 2.47982 2.26826 64.3109}
		{bone "body"}
		{matrix34
			0.9848 	 0.1736 	 0
			-0.1736 	 0.9848 	 0
			0 	 0 	 1
			-55.3528 	 -40.6205 	 -0.3232
		}
	}
	{"fire01"
		{box 101.032 54.5681 5.77973}
		{bone "body"}
		{matrix34
			0.987 	 -0.1606 	 0
			0.1606 	 0.987 	 0
			0 	 0 	 1
			3.234 	 -9.7579 	 -33.7605
		}
	}
	{"fire02"
		{box 101.032 64.9621 5.77973}
		{bone "body"}
		{matrix34
			0.9981 	 -0.0304 	 0.0531
			0.055 	 0.0651 	 -0.9964
			0.0269 	 0.9974 	 0.0666
			-4.0371 	 -38.9639 	 -7.2418
		}
	}
}
