;Exported by	: KobaA
;Date			: 15.01.2024 12:34:57
;File			: d:\git\gem2-mdl-soldiers\models\building\house_60\house_60_cut_fort_edits.max
{skeleton
	{bone "house_60_piece_001"
		{orientation
			1 	 0 	 0
			0 	 -1 	 0
			0 	 0 	 1
		}
		{poly "house_60_piece_001"}
		{bone "window1"
			{matrix34
				0 	 -1 	 0
				0 	 0 	 1
				-1 	 0 	 0
				7.6654 	 -49.7982 	 17.5498
			}
			{poly "window1"}
		}
		{bone "window1_x"
			{matrix34
				0 	 -1 	 0
				0 	 0 	 1
				-1 	 0 	 0
				7.6654 	 -49.7975 	 17.5498
			}
			{poly "window1_x"}
		}
		{bone "exterior"
			{Position 0 	 8.5523 	 28.7529}
			{poly "exterior"}
		}
		{bone "fort_wall"
			{matrix34
				-1 	 0 	 0
				0 	 -1 	 0
				0 	 0 	 1
				-12.6415 	 -28.439 	 -43.0438
			}
		}
		{bone revolute "attach1"
			{matrix34
				0 	 -1 	 0
				1 	 0 	 0
				0 	 0 	 1
				-10.6647 	 -6.1811 	 -50.9178
			}
		}
	}
}
{"volumes"
	{"body1"
		{polyhedron}
		{bone "house_60_piece_001"}
		{matrix34
			0.766 	 0 	 -0.6428
			0 	 1 	 0
			0.6428 	 0 	 0.766
			-4.1392 	 -20.4194 	 4.2664
		}
	}
	{"body2"
		{polyhedron}
		{bone "house_60_piece_001"}
		{Position -31.971 	 -20.4194 	 -18.2001}
	}
	{"body3"
		{polyhedron}
		{bone "house_60_piece_001"}
		{Position 17.5328 	 -20.2501 	 -12.3485}
	}
	{"body4"
		{polyhedron}
		{bone "house_60_piece_001"}
		{Position -32.5181 	 -20.4194 	 -19.1305}
	}
	{"body5"
		{polyhedron}
		{bone "house_60_piece_001"}
		{Position -13.1083 	 -20.4194 	 -56.7503}
	}
	{"floor1"
		{polyhedron}
		{bone "house_60_piece_001"}
		{Position 7.9819 	 -29.5101 	 5.1922}
	}
	{"floor2"
		{polyhedron}
		{bone "exterior"}
		{Position 7.9552 	 -1.3237 	 -22.6335}
	}
	{"hole"
		{polyhedron}
		{bone "house_60_piece_001"}
		{Position 7.2775 	 -12.4002 	 13.3216}
	}
	{"roof1"
		{polyhedron}
		{bone "exterior"}
		{matrix34
			1 	 0 	 0
			0 	 0.6309 	 -0.7758
			0 	 0.7758 	 0.6309
			-23.7155 	 -34.7267 	 -21.7416
		}
	}
	{"roof2"
		{polyhedron}
		{bone "exterior"}
		{matrix34
			1 	 0 	 0
			0 	 0.6393 	 -0.7689
			0 	 0.7689 	 0.6393
			26.0895 	 -34.6925 	 -21.7741
		}
	}
	{"roof3"
		{polyhedron}
		{bone "exterior"}
		{matrix34
			1 	 0 	 0
			0 	 0.6393 	 -0.7689
			0 	 0.7689 	 0.6393
			26.0895 	 5.8443 	 11.9308
		}
	}
	{"roof4"
		{polyhedron}
		{bone "exterior"}
		{matrix34
			1 	 0 	 0
			0 	 0.6498 	 -0.7601
			0 	 0.7601 	 0.6498
			-11.6805 	 5.2199 	 12.3371
		}
	}
	{"roof5"
		{polyhedron}
		{bone "house_60_piece_001"}
		{matrix34
			1 	 0 	 0
			0 	 0.6498 	 -0.7601
			0 	 0.7601 	 0.6498
			-39.2158 	 -26.0393 	 7.0586
		}
	}
	{"roof6"
		{polyhedron}
		{bone "exterior"}
		{matrix34
			1 	 0 	 0
			0 	 0.6498 	 -0.7601
			0 	 0.7601 	 0.6498
			40.8787 	 -34.4443 	 -21.5684
		}
	}
	{"window1"
		{polyhedron}
		{bone "window1"}
		{matrix34
			0 	 0 	 -1
			-1 	 0 	 0
			0 	 1 	 0
			0 	 -5.0085 	 0
		}
	}
	{"wood1"
		{polyhedron}
		{bone "house_60_piece_001"}
		{Position -11.561 	 -44.5339 	 -57.5548}
	}
	{"wood2"
		{polyhedron}
		{bone "house_60_piece_001"}
		{Position 27.2113 	 -44.5339 	 -57.5548}
	}
}
