;Exported by	: KobaA
;Date			: 14.03.2023 10:40:30
;File			: D:\git\gem2-mdl-soldiers\models\unit\vehicle\railway\cistern_xx.max
{skeleton
	{bone "basis"
		{orientation
			1 	 0 	 0
			0 	 -1 	 0
			0 	 0 	 1
		}
		{bone "body"
			{parameters "id=body;"}
			{Position 0 	 0 	 24.8927}
			{poly "body" {lod 0}}
			{poly "body_lod1" {lod 1}}
			{poly "body_lod2" {lod 2}}
			{poly "body_lod3" {lod 3 {last}}}
			{bone "cistern"
				{parameters "id=body;"}
				{Position -0.0248 	 0.0244 	 31.4857}
				{poly "cistern" {lod 0}}
				{poly "cistern_lod1" {lod 1}}
				{poly "cistern_lod2" {lod 2}}
				{poly "cistern_lod3" {lod 3 {last}}}
				{bone "part1"
					{parameters "id=body;"}
					{matrix34
						0.5736 	 0 	 -0.8192
						0 	 1 	 0
						0.8192 	 0 	 0.5736
						-26.9451 	 -0.0253 	 43.0974
					}
					{poly "part1" {lod 0}}
					{poly "part1_lod1" {lod 1}}
					{poly "part1_lod2" {lod 2}}
					{poly "part1_lod3" {lod 3 {last}}}
				}
				{bone "part2"
					{parameters "id=body;"}
					{Position 3.2606 	 30.2873 	 -1.9596}
					{poly "part2" {lod 0}}
					{poly "part2_lod1" {lod 1}}
					{poly "part2_lod2" {lod 2}}
					{poly "part2_lod3" {lod 3 {last}}}
					{bone "part2_03"
						{matrix34
							-0.9659 	 -0.2588 	 0
							0.2511 	 -0.9372 	 0.2419
							-0.0626 	 0.2337 	 0.9703
							0.3897 	 -0.6168 	 -37.2734
						}
					}
					{bone "part2_02"
						{matrix34
							-0.9987 	 0.0459 	 0.0216
							-0.0498 	 -0.9686 	 -0.2435
							0.0097 	 -0.2443 	 0.9696
							-0.0961 	 3.8469 	 -15.8672
						}
					}
					{bone "part2_01"
						{matrix34
							-0.9993 	 -0.0018 	 0.0386
							-0.0277 	 -0.6637 	 -0.7475
							0.027 	 -0.748 	 0.6631
							-0.0259 	 -3.6784 	 16.7653
						}
					}
				}
				{bone "part3"
					{parameters "id=body;"}
					{Position 3.2605 	 -30.9526 	 -5.3008}
					{poly "part3" {lod 0}}
					{poly "part3_lod1" {lod 1}}
					{poly "part3_lod2" {lod 2}}
					{poly "part3_lod3" {lod 3 {last}}}
					{bone "part3_01"
						{matrix34
							0.997 	 0.0778 	 -0.0023
							-0.0626 	 0.7838 	 -0.6178
							-0.0463 	 0.6161 	 0.7863
							-0.2796 	 6.071 	 20.599
						}
					}
					{bone "part3_02"
						{matrix34
							0.9977 	 -0.0633 	 0.0239
							0.0676 	 0.947 	 -0.3141
							-0.0027 	 0.315 	 0.9491
							0.021 	 -7.1291 	 -20.0916
						}
					}
					{bone "part3_03"
						{matrix34
							0.9781 	 0.2079 	 0
							-0.2079 	 0.9781 	 0
							0 	 0 	 1
							0.423 	 -8.3134 	 -51.0776
						}
					}
				}
			}
			{bone "inscr2"
				{parameters "id=body;"}
				{matrix34
					-1 	 0 	 0
					0 	 0 	 1
					0 	 1 	 0
					46.0164 	 0 	 26.1426
				}
				{poly "inscr2"}
			}
			{bone "inscr"
				{parameters "id=body;"}
				{matrix34
					-1 	 0 	 0
					0 	 0 	 1
					0 	 1 	 0
					-40.7463 	 0 	 46.4913
				}
				{poly "inscr"}
			}
			{bone "inscr3"
				{parameters "id=body;"}
				{matrix34
					-1 	 0 	 0
					0 	 0.1736 	 0.9848
					0 	 0.9848 	 -0.1736
					-40.9776 	 -0.391 	 26.6676
				}
				{poly "inscr3"}
			}
			{bone "inscr4"
				{parameters "id=body;"}
				{matrix34
					-1 	 0 	 0
					0 	 0 	 1
					0 	 1 	 0
					44.7298 	 0 	 41.7649
				}
				{poly "inscr4"}
			}
			{bone "enumerator"
				{parameters "id=body;"}
				{matrix34
					-1 	 0 	 0
					0 	 -0.9962 	 0.0872
					0 	 0.0872 	 0.9962
					-39.1065 	 -26.4881 	 30.9596
				}
				{poly "enumerator"}
			}
			{bone "enumerator1"
				{parameters "id=body;"}
				{matrix34
					1 	 0 	 0
					0 	 0.9962 	 0.0872
					0 	 -0.0872 	 0.9962
					-42.5056 	 26.6056 	 30.9596
				}
				{poly "enumerator1"}
			}
		}
		{bone "pivot_back"
			{Position -59.2879 	 0 	 13.1876}
			{bone revolute "align_back"
				{parameters "id=body;"}
				{orientation
					1 	 0 	 0
					0 	 0 	 -1
					0 	 1 	 0
				}
				{poly "align_back" {lod 0}}
				{poly "align_back_lod1" {lod 1}}
				{poly "align_back_lod2" {lod 2}}
				{poly "align_back_lod3" {lod 3 {last}}}
				{bone revolute "wheelr2"
					{parameters "id=wheelright2;radius=0.54;"}
					{Position 0 	 0 	 -15.3887}
					{poly "wheelr2" {lod 0}}
					{poly "wheelr2_lod1" {lod 1}}
					{poly "wheelr2_lod2" {lod 2}}
					{poly "wheelr2_lod3" {lod 3 {last}}}
				}
				{bone revolute "wheell2"
					{parameters "id=wheelleft2;radius=0.54;"}
					{Position 0 	 0 	 15.3887}
					{poly "wheell2" {lod 0}}
					{poly "wheell2_lod1" {lod 1}}
					{poly "wheell2_lod2" {lod 2}}
					{poly "wheell2_lod3" {lod 3 {last}}}
				}
			}
		}
		{bone "pivot_front"
			{Position 59.2996 	 0 	 13.1876}
			{bone revolute "align_front"
				{parameters "id=body;"}
				{matrix34
					1 	 0 	 0
					0 	 0 	 -1
					0 	 1 	 0
					0 	 0 	 0
				}
				{poly "align_front" {lod 0}}
				{poly "align_front_lod1" {lod 1}}
				{poly "align_front_lod2" {lod 2}}
				{poly "align_front_lod3" {lod 3 {last}}}
				{bone revolute "wheell1"
					{parameters "id=wheelleft1;radius=0.54;"}
					{Position 0 	 0 	 15.3887}
					{poly "wheell1" {lod 0}}
					{poly "wheell1_lod1" {lod 1}}
					{poly "wheell1_lod2" {lod 2}}
					{poly "wheell1_lod3" {lod 3 {last}}}
				}
				{bone revolute "wheelr1"
					{parameters "id=wheelright1;radius=0.54;"}
					{Position 0 	 0 	 -15.3887}
					{poly "wheelr1" {lod 0}}
					{poly "wheelr1_lod1" {lod 1}}
					{poly "wheelr1_lod2" {lod 2}}
					{poly "wheelr1_lod3" {lod 3 {last}}}
				}
			}
		}
	}
}
{"volumes"
	{"body01"
		{box 200.595 52.8144 6.26775}
		{bone "body"}
		{Position 0.0921 	 0 	 0.0144}
	}
	{"body02"
		{cylinder 15.149 20.6068}
		{bone "body"}
		{Position -22.8679 	 0.0763 	 63.0213}
	}
	{"body03"
		{polyhedron}
		{bone "body"}
		{Position 2.2915 	 0 	 -20.8945}
	}
	{"fuel"
		{cylinder 27.6552 158.636}
		{bone "body"}
		{matrix34
			0 	 0 	 -1
			0 	 1 	 0
			1 	 0 	 0
			-0.114 	 0 	 31.4857
		}
	}
	{"part1"
		{cylinder 7.19576 2.96223}
		{bone "part1"}
		{matrix34
			-0.9659 	 0 	 -0.2588
			0 	 1 	 0
			0.2588 	 0 	 -0.9659
			-7.6738 	 -0.0689 	 -2.8598
		}
	}
	{"wheelleft1"
		{cylinder 10.6299 3.93701}
		{bone "wheell1"}
		{Position 0 	 0 	 0.3715}
	}
	{"wheelleft2"
		{cylinder 10.6299 3.93701}
		{bone "wheell2"}
		{Position 0 	 0 	 0.3714}
	}
	{"wheelright1"
		{cylinder 10.6299 3.93701}
		{bone "wheelr1"}
		{matrix34
			1 	 0 	 0
			0 	 -1 	 0
			0 	 0 	 -1
			0 	 0 	 -0.3714
		}
	}
	{"wheelright2"
		{cylinder 10.6299 3.93701}
		{bone "wheelr2"}
		{matrix34
			1 	 0 	 0
			0 	 -1 	 0
			0 	 0 	 -1
			0 	 0 	 -0.3714
		}
	}
}
