;Exported by	: Oleksandr Tsaprylov
;Date			: 28.03.2023 12:10:13
;File			: E:\projects\gem2-mdl-soldiers\models\entourage\ruins_stone_wall\ruins_column.max
{skeleton
	{bone "ruins_column_07_x"
		{orientation
			1 	 0 	 0
			0 	 -1 	 0
			0 	 0 	 1
		}
		{bone "piece01"
			{matrix34
				0.3214 	 -0.117 	 0.9397
				-0.883 	 0.3214 	 0.342
				-0.342 	 -0.9397 	 0
				0.6239 	 15.8203 	 7.3246
			}
			{poly "piece01"}
		}
		{bone "piece02"
			{matrix34
				-0.9505 	 0.0164 	 -0.3102
				-0.3105 	 -0.0774 	 0.9474
				-0.0085 	 0.9969 	 0.0787
				-0.1918 	 -26.067 	 7.6356
			}
			{poly "piece02"}
		}
	}
}
{"volumes"
	{"piece01"
		{box 4.60276 9.68328 5.5182}
		{bone "piece01"}
		{matrix34
			0.9397 	 0.342 	 0
			-0.342 	 0.9397 	 0
			0 	 0 	 1
			0.4678 	 0.5433 	 0.4142
		}
	}
	{"piece02"
		{box 10.9246 7.05979 11.9626}
		{bone "piece02"}
		{matrix34
			0.9397 	 0.342 	 0
			-0.342 	 0.9397 	 0
			0 	 0 	 1
			-0.2236 	 0.7097 	 -0.4662
		}
	}
}
