;Exported by	: KobaA
;Date			: 26.03.2024 16:21:57
;File			: d:\git\gem2-mdl-soldiers\models\entourage\sandbags\sandbags_02-05_lod.max
{skeleton
	{bone "sandbag_x"
		{orientation
			1 	 0 	 0
			0 	 -1 	 0
			0 	 0 	 1
		}
		{bone "piece01"
			{matrix34
				-0.9751 	 -0.2216 	 0.0023
				-0.2181 	 0.9576 	 -0.188
				0.0395 	 -0.1839 	 -0.9822
				7.9334 	 18.9369 	 3.7365
			}
			{poly "piece01"}
		}
		{bone "piece02"
			{matrix34
				0.8846 	 0.459 	 0.0832
				0.4585 	 -0.8227 	 -0.336
				-0.0857 	 0.3354 	 -0.9382
				-8.7048 	 17.7948 	 7.9173
			}
			{poly "piece01"}
		}
		{bone "piece03"
			{matrix34
				-0.9202 	 0.3884 	 0.0496
				0.3355 	 0.8474 	 -0.4114
				-0.2018 	 -0.3619 	 -0.9101
				6.3671 	 17.7958 	 13.8729
			}
			{poly "piece01"}
		}
		{bone "piece04"
			{matrix34
				0.8387 	 -0.5423 	 0.0496
				-0.4776 	 -0.7763 	 -0.4114
				0.2616 	 0.3214 	 -0.9101
				8.6531 	 2.5208 	 4.9946
			}
			{poly "piece01"}
		}
		{bone "piece05"
			{matrix34
				0.9253 	 0.2797 	 -0.2562
				0.362 	 -0.8529 	 0.3763
				-0.1132 	 -0.4409 	 -0.8904
				7.4511 	 -16.6735 	 5.0509
			}
			{poly "piece01"}
		}
		{bone "piece06"
			{matrix34
				-0.0959 	 0.9952 	 0.0187
				0.9836 	 0.0919 	 0.1551
				0.1526 	 0.0333 	 -0.9877
				-8.6911 	 -22.2925 	 3.021
			}
			{poly "piece01"}
		}
		{bone "piece07"
			{matrix34
				-0.684 	 0.7007 	 0.2027
				0.7109 	 0.7026 	 -0.0299
				-0.1634 	 0.1236 	 -0.9788
				-8.5889 	 -1.5332 	 4.5962
			}
			{poly "piece01"}
		}
		{bone "piece08"
			{matrix34
				-0.3716 	 -0.8339 	 0.4082
				-0.6738 	 0.5447 	 0.4993
				-0.6387 	 -0.0895 	 -0.7642
				-8.6541 	 8.4504 	 14.7715
			}
			{poly "piece01"}
		}
		{bone "piece10"
			{matrix34
				0.8944 	 -0.2677 	 0.3582
				-0.3772 	 -0.882 	 0.2825
				0.2403 	 -0.3878 	 -0.8899
				7.2239 	 -4.9421 	 12.3678
			}
			{poly "piece01"}
		}
		{bone "piece11"
			{matrix34
				0.2726 	 0.9606 	 0.0543
				0.9223 	 -0.2448 	 -0.2991
				-0.274 	 0.1316 	 -0.9527
				-7.8473 	 -12.7211 	 10.8861
			}
			{poly "piece01"}
		}
		{bone "piece12"
			{matrix34
				-0.9606 	 0.2726 	 0.0543
				0.2448 	 0.9223 	 -0.2991
				-0.1316 	 -0.274 	 -0.9527
				-3.2627 	 -5.243 	 20.2852
			}
			{poly "piece01"}
		}
		{bone "piece13"
			{matrix34
				-0.872 	 -0.4865 	 0.0543
				-0.4791 	 0.8253 	 -0.2991
				0.1007 	 -0.2868 	 -0.9527
				-5.5526 	 17.5178 	 29.7257
			}
			{poly "piece01"}
		}
		{bone "piece14"
			{matrix34
				-0.1951 	 -0.9807 	 -0.0132
				-0.7811 	 0.1635 	 -0.6026
				0.5931 	 -0.1073 	 -0.7979
				-3.8346 	 13.1693 	 22.7451
			}
			{poly "piece01"}
		}
		{bone "piece15"
			{matrix34
				-0.6908 	 0.7065 	 0.1538
				0.5952 	 0.6764 	 -0.4339
				-0.4105 	 -0.2082 	 -0.8878
				3.1989 	 3.2783 	 29.7086
			}
			{poly "piece01"}
		}
		{bone "piece09"
			{matrix34
				0.1136 	 -0.9932 	 0.0259
				-0.9856 	 -0.116 	 -0.1233
				0.1255 	 -0.0115 	 -0.992
				8.2269 	 7.2203 	 20.0646
			}
			{poly "piece01"}
		}
	}
}
{"volumes"
	{"piece01"
		{box 11.8172 8.09649 3.94038}
		{bone "piece01"}
		{matrix34
			-1 	 0 	 0
			0 	 1 	 0
			0 	 0 	 -1
			0.3657 	 0 	 -0.034
		}
	}
	{"piece02"
		{box 11.8172 8.09649 3.94038}
		{bone "piece02"}
		{matrix34
			-1 	 0 	 0
			0 	 1 	 0
			0 	 0 	 -1
			0.3657 	 0 	 -0.034
		}
	}
	{"piece03"
		{box 11.8172 8.09649 3.94038}
		{bone "piece03"}
		{matrix34
			-1 	 0 	 0
			0 	 1 	 0
			0 	 0 	 -1
			0.3657 	 0 	 -0.034
		}
	}
	{"piece04"
		{box 11.8172 8.09649 3.94038}
		{bone "piece04"}
		{matrix34
			-1 	 0 	 0
			0 	 1 	 0
			0 	 0 	 -1
			0.3657 	 0 	 -0.034
		}
	}
	{"piece05"
		{box 11.8172 8.09649 3.94038}
		{bone "piece05"}
		{matrix34
			-1 	 0 	 0
			0 	 1 	 0
			0 	 0 	 -1
			0.3657 	 0 	 -0.034
		}
	}
	{"piece06"
		{box 11.8172 8.09649 3.94038}
		{bone "piece06"}
		{matrix34
			-1 	 0 	 0
			0 	 1 	 0
			0 	 0 	 -1
			0.3657 	 0 	 -0.034
		}
	}
	{"piece07"
		{box 11.8172 8.09649 3.94038}
		{bone "piece07"}
		{matrix34
			-1 	 0 	 0
			0 	 1 	 0
			0 	 0 	 -1
			0.3657 	 0 	 -0.034
		}
	}
	{"piece08"
		{box 11.8172 8.09649 3.94038}
		{bone "piece08"}
		{matrix34
			-1 	 0 	 0
			0 	 1 	 0
			0 	 0 	 -1
			0.3657 	 0 	 -0.034
		}
	}
	{"piece09"
		{box 11.8172 8.09649 3.94038}
		{bone "piece09"}
		{matrix34
			-1 	 0 	 0
			0 	 1 	 0
			0 	 0 	 -1
			0.3657 	 0 	 -0.034
		}
	}
	{"piece10"
		{box 11.8172 8.09649 3.94038}
		{bone "piece10"}
		{matrix34
			-1 	 0 	 0
			0 	 1 	 0
			0 	 0 	 -1
			0.3657 	 0 	 -0.034
		}
	}
	{"piece11"
		{box 11.8172 8.09649 3.94038}
		{bone "piece11"}
		{matrix34
			-1 	 0 	 0
			0 	 1 	 0
			0 	 0 	 -1
			0.3657 	 0 	 -0.034
		}
	}
	{"piece12"
		{box 11.8172 8.09649 3.94038}
		{bone "piece12"}
		{matrix34
			-1 	 0 	 0
			0 	 1 	 0
			0 	 0 	 -1
			0.3657 	 0 	 -0.034
		}
	}
	{"piece13"
		{box 11.8172 8.09649 3.94038}
		{bone "piece13"}
		{matrix34
			-1 	 0 	 0
			0 	 1 	 0
			0 	 0 	 -1
			0.3657 	 0 	 -0.034
		}
	}
	{"piece14"
		{box 11.8172 8.09649 3.94038}
		{bone "piece14"}
		{matrix34
			-1 	 0 	 0
			0 	 1 	 0
			0 	 0 	 -1
			0.3657 	 0 	 -0.034
		}
	}
	{"piece15"
		{box 11.8172 8.09649 3.94038}
		{bone "piece15"}
		{matrix34
			-1 	 0 	 0
			0 	 1 	 0
			0 	 0 	 -1
			0.3657 	 0 	 -0.034
		}
	}
}
