;Exported by	: KobaA
;Date			: 15.04.2024 11:20:53
;File			: d:\git\gem2-mdl-soldiers\models\fence\fence_s01\fence_s01.max
{skeleton
	{bone "fence_s04_basis_x"
		{orientation
			1 	 0 	 0
			0 	 -1 	 0
			0 	 0 	 1
		}
		{poly "fence_s04_basis_x"}
		{bone "piece02"
			{Position 33.2365 	 0.2451 	 12.4998}
			{poly "piece02"}
		}
		{bone "piece01"
			{Position 45.1339 	 0.2211 	 9.4118}
			{poly "piece01"}
		}
		{bone "piece04"
			{Position -26.1965 	 0.2211 	 5.5558}
			{poly "piece04"}
		}
		{bone "piece03"
			{Position -36.8794 	 0.2452 	 8.7272}
			{poly "piece03"}
		}
		{bone "fx_stone1"
			{Position 36.6938 	 -0.0048 	 10.7323}
		}
	}
}
{"volumes"
	{"piece01"
		{box 8.30906 6.90942 4.60304}
		{bone "piece01"}
		{matrix34
			0.8875 	 0 	 0.4608
			0 	 1 	 0
			-0.4608 	 0 	 0.8875
			-0.216 	 -0.2612 	 0.6113
		}
	}
	{"piece02"
		{box 10.3863 6.90942 8.71264}
		{bone "piece02"}
		{matrix34
			0.9857 	 0 	 -0.1686
			0 	 1 	 0
			0.1686 	 0 	 0.9857
			0.0716 	 -0.2859 	 -0.1024
		}
	}
	{"piece03"
		{box 10.3863 6.90942 8.71264}
		{bone "piece03"}
		{matrix34
			0.9857 	 0 	 -0.1686
			0 	 1 	 0
			0.1686 	 0 	 0.9857
			0.0716 	 -0.2859 	 -0.1024
		}
	}
	{"piece04"
		{box 8.30906 6.90942 4.60304}
		{bone "piece04"}
		{matrix34
			0.8875 	 0 	 0.4608
			0 	 1 	 0
			-0.4608 	 0 	 0.8875
			-0.216 	 -0.2612 	 0.6113
		}
	}
}
