;Exported by	: KobaA
;Date			: 08.09.2023 14:51:47
;File			: D:\git\gem2-mdl-soldiers\models\flora\poplar\poplar_g2_test2.max
{skeleton
	{animation
		{sequence "stir_vehicle" {speed 0.7}}
	}
	{bone "basis_tree_poplar01b_g2"
		{orientation
			1 	 0 	 0
			0 	 -1 	 0
			0 	 0 	 1
		}
		{bone "tree_poplar01b_g2_test"
			{poly "tree_poplar01b_g2_test"}
		}
		{bone "branch"
			{poly "branch"}
		}
		{bone "trunk"
			{poly "trunk"}
		}
		{bone "rootx"
			{matrix34
				-0.9848 	 0.1737 	 0
				0 	 0 	 -1
				-0.1737 	 -0.9848 	 0
				-0.6151 	 2.0639 	 -3.2533
			}
			{poly "rootx"}
		}
		{bone "stir1"
			{Position 0.5021 	 0.8192 	 15.3378}
		}
		{bone "stir2"
			{Position -1.4863 	 0.8192 	 57.4838}
		}
		{bone "stir3"
			{Position -9.4844 	 0.8192 	 104.284}
		}
		{bone "stir4"
			{Position -6.8211 	 0.8192 	 151.931}
		}
	}
}
{obstacle "bole"
	{obb2
		{center -3.68016 -1.20122}
		{extent 8.63659 3.83857}
		{axis 1 0}
	}
}
{"volumes"
	{"bole"
		{cylinder 4.03611 105.922}
		{bone "basis_tree_poplar01b_g2"}
		{matrix34
			0.9962 	 0 	 0.0872
			0 	 1 	 0
			-0.0872 	 0 	 0.9962
			-3.6802 	 1.2012 	 52.469
		}
	}
	{"crown"
		{cylinder 16.1828 135.936}
		{bone "basis_tree_poplar01b_g2"}
		{matrix34
			0.9962 	 0 	 0.0872
			0 	 1 	 0
			-0.0872 	 0 	 0.9962
			-6.9531 	 1.2091 	 105.376
		}
	}
}
