;Exported by	: KobaA
;Date			: 11.04.2024 16:04:06
;File			: d:\git\gem2-mdl-soldiers\models\entourage\shelter_box\shelter_gr001_004_new2_gem2_x.max
{skeleton
	{bone "basis_gr_012"
		{orientation
			1 	 0 	 0
			0 	 -1 	 0
			0 	 0 	 1
		}
		{bone "piece04"
			{matrix34
				0.9848 	 0.1736 	 0
				0 	 0 	 -1
				-0.1736 	 0.9848 	 0
				-5.7856 	 -6.2728 	 12.4736
			}
			{poly "piece04"}
		}
		{bone "piece07"
			{Position 5.4896 	 7.0946 	 2.1633}
			{poly "piece07"}
		}
		{bone "piece12"
			{matrix34
				1 	 0 	 0
				0 	 0 	 1
				0 	 -1 	 0
				13.0255 	 2.5416 	 3.6255
			}
			{poly "piece12"}
		}
		{bone "piece08"
			{matrix34
				0 	 -0.5662 	 0.8243
				0 	 0.8243 	 0.5662
				-1 	 0 	 0
				13.87 	 -6.2211 	 7.2668
			}
			{poly "piece08"}
		}
		{bone "piece06"
			{matrix34
				0.0872 	 -0.9962 	 0
				0.9962 	 0.0872 	 0
				0 	 0 	 1
				5.4896 	 -3.3657 	 2.1633
			}
			{poly "piece06"}
		}
		{bone "piece02"
			{matrix34
				0.983 	 0.1834 	 0
				-0.1834 	 0.983 	 0
				0 	 0 	 1
				-16.0909 	 4.5033 	 0
			}
			{poly "piece02"}
		}
		{bone "piece03"
			{matrix34
				0 	 0 	 -1
				-0.1724 	 0.985 	 0
				0.985 	 0.1724 	 0
				-2.9572 	 5.4276 	 11.9095
			}
			{poly "piece03"}
		}
		{bone "piece01"
			{matrix34
				0.7727 	 0.168 	 0.6122
				-0.2175 	 0.976 	 0.0066
				-0.5964 	 -0.1382 	 0.7907
				-13.3952 	 -6.7644 	 2.6894
			}
			{poly "piece01"}
		}
		{bone "piece05"
			{matrix34
				0.1736 	 0 	 0.9848
				-0.0858 	 -0.9962 	 0.0151
				0.9811 	 -0.0872 	 -0.173
				5.5756 	 -10.1268 	 11.5274
			}
			{poly "piece05"}
		}
		{bone "piece10"
			{matrix34
				0.9924 	 -0.0872 	 -0.0868
				0.0868 	 0.9962 	 -0.0076
				0.0872 	 0 	 0.9962
				10.9109 	 6.3769 	 8.2488
			}
			{poly "piece10"}
		}
		{bone "piece09"
			{matrix34
				0.9659 	 0.2588 	 0
				-0.2588 	 0.9659 	 0
				0 	 0 	 1
				6.2706 	 10.9382 	 4.5044
			}
			{poly "piece09"}
		}
		{bone "piece11"
			{matrix34
				0.9924 	 -0.0872 	 -0.0868
				0.0868 	 0.9962 	 -0.0076
				0.0872 	 0 	 0.9962
				10.9109 	 0.081 	 8.2488
			}
			{poly "piece11"}
		}
		{bone "fx_wood1"
			{Position 0.3486 	 -0.3608 	 0}
		}
		{bone "fx_wood2a"
			{Position 0.3486 	 -0.3608 	 0}
		}
		{bone "fx_wood2"
			{Position 0.3486 	 -0.3608 	 0}
		}
		{bone "fx_dust2"
			{Position 0.3486 	 -0.3608 	 0}
		}
		{bone "fx_dust1"
			{Position 0.3486 	 -0.3608 	 0}
		}
	}
}
{"volumes"
	{"piece01"
		{box 0.570727 5.36317 7.82714}
		{bone "piece01"}
		{matrix34
			-0.0111 	 0.0235 	 -0.9997
			0.0231 	 0.9995 	 0.0232
			0.9997 	 -0.0229 	 -0.0117
			0.0447 	 -4.0995 	 0.0336
		}
	}
	{"piece02"
		{box 6.67397 6.5972 3.97792}
		{bone "piece02"}
		{matrix34
			0.9999 	 0.0123 	 0
			-0.0123 	 0.9999 	 0
			0 	 0 	 1
			0.0675 	 -0.3811 	 1.989
		}
	}
	{"piece03"
		{box 7.0415 3.89937 0.34569}
		{bone "piece03"}
		{matrix34
			0.1219 	 0.9902 	 0.0677
			0.1587 	 0.0479 	 -0.9862
			-0.9798 	 0.131 	 -0.1513
			-3.0482 	 -0.0237 	 2.03
		}
	}
	{"piece04"
		{box 7.54153 0.473744 6.13401}
		{bone "piece04"}
		{matrix34
			1 	 0 	 0.0022
			-0.0022 	 0 	 1
			0 	 -1 	 0
			-0.142 	 -0.0941 	 0.1653
		}
	}
	{"piece05"
		{box 0.466136 4.83843 6.91756}
		{bone "piece05"}
		{matrix34
			-0.0737 	 0.0121 	 0.9972
			-0.0073 	 -0.9999 	 0.0116
			0.9972 	 -0.0065 	 0.0738
			-0.5366 	 -6.1709 	 -1.2994
		}
	}
	{"piece06"
		{box 9.36016 6.76974 0.322558}
		{bone "piece06"}
		{matrix34
			-0.0305 	 0.9995 	 0
			-0.9995 	 -0.0305 	 0
			0 	 0 	 1
			-0.13 	 -1.6488 	 1.9743
		}
	}
	{"piece07"
		{box 12.1682 6.76974 0.30069}
		{bone "piece07"}
		{matrix34
			-0.0235 	 0.9925 	 -0.1197
			-0.9997 	 -0.0233 	 0.0028
			0 	 0.1197 	 0.9928
			0.0059 	 -0.1776 	 1.261
		}
	}
	{"piece08"
		{box 4.91689 8.25909 0.322558}
		{bone "piece08"}
		{matrix34
			-0.1197 	 0.0345 	 -0.9922
			0.0181 	 0.9993 	 0.0326
			0.9926 	 -0.014 	 -0.1203
			-0.1188 	 -0.305 	 -1.457
		}
	}
	{"piece09"
		{box 0.848221 0.925499 12.4827}
		{bone "piece09"}
		{matrix34
			0.0184 	 0.0292 	 0.9994
			-0.0057 	 0.9996 	 -0.0291
			-0.9998 	 -0.0051 	 0.0186
			0.2795 	 -0.0396 	 -0.0138
		}
	}
	{"piece10"
		{box 1.09979 0.973195 12.0728}
		{bone "piece10"}
		{matrix34
			0.0079 	 -0.0091 	 0.9999
			-0.0095 	 0.9999 	 0.0092
			-0.9999 	 -0.0095 	 0.0079
			0.4806 	 -0.0432 	 -0.0918
		}
	}
	{"piece11"
		{box 1.16999 0.973195 8.33027}
		{bone "piece11"}
		{matrix34
			0.0381 	 -0.0152 	 0.9992
			0.0603 	 0.9981 	 0.0129
			-0.9975 	 0.0598 	 0.039
			-1.6419 	 -0.0763 	 -0.1407
		}
	}
	{"piece12"
		{box 7.67533 4.53573 1.58256}
		{bone "piece12"}
		{matrix34
			0.9995 	 0 	 0.0305
			0.0305 	 0 	 -0.9995
			0 	 1 	 0
			0.0976 	 2.7052 	 2.0782
		}
	}
}
