;Exported by:	 KobaA
;Date:			 21.12.2022 12:29:07
;File:			 D:\git\gem2-mdl-soldiers\models\unit\vehicle\M3A1\m3a1_stuart_rus_x.max
{skeleton
	{bone "basis"
		{orientation
			1 	 0 	 0
			0 	 -1 	 0
			0 	 0 	 1
		}
		{bone "wheelsl"
			{Position 1.7351 	 18.4162 	 0}
			{bone revolute "rollerl2_joint"
				{limits -5 5}
				{matrix34
					1 	 0 	 0
					0 	 0 	 1
					0 	 -1 	 0
					18.5566 	 0.1684 	 8.4442
				}
				{bone revolute "suspensionl2"
					{parameters "id=trackleft;"}
					{LODView
						{poly "suspensionl2"}
						{poly "suspensionl2_lod1"}
						{poly "suspensionl2_lod2"}
						{poly "suspensionl2_lod3"}
					}
					{bone "rollerl2"
						{parameters "radius=0.3;"}
						{matrix34
							1 	 0 	 0
							0 	 0 	 -1
							0 	 1 	 0
							6.8651 	 -2.0191 	 0.1776
						}
						{bone revolute "wheell2"
							{parameters "id=trackleft;radius=0.26;"}
							{matrix34
								1 	 0 	 0
								0 	 0 	 -1
								0 	 1 	 0
								0 	 0 	 0
							}
							{LODView
								{poly "wheell2"}
								{poly "wheell2_lod1"}
								{poly "wheell2_lod2"}
								{poly "wheell2_lod3"}
							}
						}
					}
				}
			}
			{bone revolute "rollerl3_joint"
				{limits -5 5}
				{matrix34
					1 	 0 	 0
					0 	 0 	 1
					0 	 -1 	 0
					18.5566 	 0.1684 	 8.4442
				}
				{bone revolute "suspensionl3"
					{parameters "id=trackleft;"}
					{LODView
						{poly "suspensionl3"}
						{poly "suspensionl3_lod1"}
						{poly "suspensionl3_lod2"}
						{poly "suspensionl3_lod3"}
					}
					{bone "rollerl3"
						{parameters "radius=0.3;"}
						{matrix34
							1 	 0 	 0
							0 	 0 	 -1
							0 	 1 	 0
							-7.0528 	 -2.0191 	 0.1776
						}
						{bone revolute "wheell3"
							{parameters "id=trackleft;radius=0.26;"}
							{matrix34
								1 	 0 	 0
								0 	 0 	 -1
								0 	 1 	 0
								0 	 0 	 0
							}
							{LODView
								{poly "wheell3"}
								{poly "wheell3_lod1"}
								{poly "wheell3_lod2"}
								{poly "wheell3_lod3"}
							}
						}
					}
				}
			}
			{bone revolute "rollerl4_joint"
				{limits -5 5}
				{matrix34
					1 	 0 	 0
					0 	 0 	 1
					0 	 -1 	 0
					-7.284 	 0.1684 	 8.4442
				}
				{bone revolute "suspensionl4"
					{parameters "id=trackleft;"}
					{LODView
						{poly "suspensionl4"}
						{poly "suspensionl4_lod1"}
						{poly "suspensionl4_lod2"}
						{poly "suspensionl4_lod3"}
					}
					{bone "rollerl4"
						{parameters "radius=0.3;"}
						{matrix34
							1 	 0 	 0
							0 	 0 	 -1
							0 	 1 	 0
							7.0528 	 -2.0191 	 0.1776
						}
						{bone revolute "wheell4"
							{parameters "id=trackleft;radius=0.26;"}
							{matrix34
								1 	 0 	 0
								0 	 0 	 -1
								0 	 1 	 0
								0 	 0 	 0
							}
							{LODView
								{poly "wheell4"}
								{poly "wheell4_lod1"}
								{poly "wheell4_lod2"}
								{poly "wheell4_lod3"}
							}
						}
					}
				}
			}
			{bone revolute "rollerl5_joint"
				{limits -5 5}
				{matrix34
					1 	 0 	 0
					0 	 0 	 1
					0 	 -1 	 0
					-7.284 	 0.1684 	 8.4442
				}
				{bone revolute "suspensionl5"
					{parameters "id=trackleft;"}
					{LODView
						{poly "suspensionl5"}
						{poly "suspensionl5_lod1"}
						{poly "suspensionl5_lod2"}
						{poly "suspensionl5_lod3"}
					}
					{bone "rollerl5"
						{parameters "radius=0.3;"}
						{matrix34
							1 	 0 	 0
							0 	 0 	 -1
							0 	 1 	 0
							-6.8651 	 -2.0191 	 0.1776
						}
						{bone revolute "wheell5"
							{parameters "id=trackleft;radius=0.26;"}
							{matrix34
								1 	 0 	 0
								0 	 0 	 -1
								0 	 1 	 0
								0 	 0 	 0
							}
							{LODView
								{poly "wheell5"}
								{poly "wheell5_lod1"}
								{poly "wheell5_lod2"}
								{poly "wheell5_lod3"}
							}
						}
					}
				}
			}
			{bone revolute "rollerl6_joint"
				{limits -5 5}
				{matrix34
					1 	 0 	 0
					0 	 0 	 1
					0 	 -1 	 0
					-22.9313 	 0.1305 	 8.5482
				}
				{bone revolute "suspensionl6"
					{parameters "id=trackleft;"}
					{Position 0 	 0 	 0}
					{LODView
						{poly "suspensionl6"}
						{poly "suspensionl6_lod1"}
						{poly "suspensionl6_lod2"}
						{poly "suspensionl6_lod3"}
					}
					{bone "rollerl6"
						{parameters "radius=0.44;"}
						{matrix34
							1 	 0 	 0
							0 	 0 	 -1
							0 	 1 	 0
							-9.5761 	 0.3782 	 0.2743
						}
						{bone revolute "wheell6"
							{parameters "id=trackleft;radius=0.4;"}
							{matrix34
								1 	 0 	 0
								0 	 0 	 -1
								0 	 1 	 0
								0 	 0 	 0
							}
							{LODView
								{poly "wheell6"}
								{poly "wheell6_lod1"}
								{poly "wheell6_lod2"}
								{poly "wheell6_lod3"}
							}
						}
					}
				}
			}
			{bone "trackl"
				{parameters "id=trackright;lastpose=undefined;"}
				{Position 0 	 0 	 10.4488}
				{poly "trackl"}
			}
		}
		{bone "wheelsr"
			{parameters "lastpose=undefined;"}
			{Position 1.7351 	 -18.6201 	 0}
			{bone "trackr"
				{parameters "id=trackright;"}
				{Position 0 	 0 	 10.4488}
				{poly "trackr"}
			}
			{bone revolute "rollerr6_joint"
				{limits -5 5}
				{matrix34
					1 	 0 	 0
					0 	 0 	 1
					0 	 -1 	 0
					-22.9313 	 0.0734 	 8.5482
				}
				{bone revolute "suspensionr6"
					{parameters "id=trackright;"}
					{Position 0 	 0 	 0}
					{LODView
						{poly "suspensionr6"}
						{poly "suspensionr6_lod1"}
						{poly "suspensionr6_lod2"}
						{poly "suspensionr6_lod3"}
					}
					{bone "rollerr6"
						{parameters "radius=0.44;"}
						{matrix34
							1 	 0 	 0
							0 	 0 	 -1
							0 	 1 	 0
							-9.5762 	 0.3782 	 -0.0754
						}
						{bone revolute "wheelr6"
							{parameters "id=trackright;radius=0.4;"}
							{matrix34
								1 	 0 	 0
								0 	 0 	 -1
								0 	 1 	 0
								0 	 0 	 0
							}
							{LODView
								{poly "wheelr6"}
								{poly "wheelr6_lod1"}
								{poly "wheelr6_lod2"}
								{poly "wheelr6_lod3"}
							}
						}
					}
				}
			}
			{bone revolute "rollerr2_joint"
				{limits -5 5}
				{matrix34
					1 	 0 	 0
					0 	 0 	 1
					0 	 -1 	 0
					18.5566 	 -0.1633 	 8.4442
				}
				{bone revolute "suspensionr2"
					{parameters "id=trackright;"}
					{Position 0 	 0 	 0}
					{LODView
						{poly "suspensionr2"}
						{poly "suspensionr2_lod1"}
						{poly "suspensionr2_lod2"}
						{poly "suspensionr2_lod3"}
					}
					{bone "rollerr2"
						{parameters "radius=0.3;"}
						{matrix34
							1 	 0 	 0
							0 	 0 	 -1
							0 	 1 	 0
							6.8651 	 -2.0191 	 -0.1776
						}
						{bone revolute "wheelr2"
							{parameters "id=trackright;radius=0.26;"}
							{matrix34
								1 	 0 	 0
								0 	 0 	 -1
								0 	 1 	 0
								0 	 0 	 0
							}
							{LODView
								{poly "wheelr2"}
								{poly "wheelr2_lod1"}
								{poly "wheelr2_lod2"}
								{poly "wheelr2_lod3"}
							}
						}
					}
				}
			}
			{bone revolute "rollerr3_joint"
				{limits -5 5}
				{matrix34
					1 	 0 	 0
					0 	 0 	 1
					0 	 -1 	 0
					18.5566 	 -0.1633 	 8.4442
				}
				{bone revolute "suspensionr3"
					{parameters "id=trackright;"}
					{Position 0 	 0 	 0}
					{LODView
						{poly "suspensionr3"}
						{poly "suspensionr3_lod1"}
						{poly "suspensionr3_lod2"}
						{poly "suspensionr3_lod3"}
					}
					{bone "rollerr3"
						{parameters "radius=0.3;"}
						{matrix34
							1 	 0 	 0
							0 	 0 	 -1
							0 	 1 	 0
							-7.0528 	 -2.0191 	 -0.1776
						}
						{bone revolute "wheelr3"
							{parameters "id=trackright;radius=0.26;"}
							{matrix34
								1 	 0 	 0
								0 	 0 	 -1
								0 	 1 	 0
								0 	 0 	 0
							}
							{LODView
								{poly "wheelr3"}
								{poly "wheelr3_lod1"}
								{poly "wheelr3_lod2"}
								{poly "wheelr3_lod3"}
							}
						}
					}
				}
			}
			{bone revolute "rollerr4_joint"
				{limits -5 5}
				{matrix34
					1 	 0 	 0
					0 	 0 	 1
					0 	 -1 	 0
					-7.284 	 -0.1633 	 8.4442
				}
				{bone revolute "suspensionr4"
					{parameters "id=trackright;"}
					{Position 0 	 0 	 0}
					{LODView
						{poly "suspensionr4"}
						{poly "suspensionr4_lod1"}
						{poly "suspensionr4_lod2"}
						{poly "suspensionr4_lod3"}
					}
					{bone "rollerr4"
						{parameters "radius=0.3;"}
						{matrix34
							1 	 0 	 0
							0 	 0 	 -1
							0 	 1 	 0
							7.0528 	 -2.0191 	 -0.1776
						}
						{bone revolute "wheelr4"
							{parameters "id=trackright;radius=0.26;"}
							{matrix34
								1 	 0 	 0
								0 	 0 	 -1
								0 	 1 	 0
								0 	 0 	 0
							}
							{LODView
								{poly "wheelr4"}
								{poly "wheelr4_lod1"}
								{poly "wheelr4_lod2"}
								{poly "wheelr4_lod3"}
							}
						}
					}
				}
			}
			{bone revolute "rollerr5_joint"
				{limits -5 5}
				{matrix34
					1 	 0 	 0
					0 	 0 	 1
					0 	 -1 	 0
					-7.284 	 -0.1633 	 8.4442
				}
				{bone revolute "suspensionr5"
					{parameters "id=trackright;"}
					{Position 0 	 0 	 0}
					{LODView
						{poly "suspensionr5"}
						{poly "suspensionr5_lod1"}
						{poly "suspensionr5_lod2"}
						{poly "suspensionr5_lod3"}
					}
					{bone "rollerr5"
						{parameters "radius=0.3;"}
						{matrix34
							1 	 0 	 0
							0 	 0 	 -1
							0 	 1 	 0
							-6.8651 	 -2.0191 	 -0.1776
						}
						{bone revolute "wheelr5"
							{parameters "id=trackright;radius=0.26;"}
							{matrix34
								1 	 0 	 0
								0 	 0 	 -1
								0 	 1 	 0
								0 	 0 	 0
							}
							{LODView
								{poly "wheelr5"}
								{poly "wheelr5_lod1"}
								{poly "wheelr5_lod2"}
								{poly "wheelr5_lod3"}
							}
						}
					}
				}
			}
		}
		{bone "body"
			{parameters "id=body;"}
			{animation
				{sequence "break" {file "body_b"}{speed 0.5}}
			}
			{matrix34
				1 	 0 	 0
				0 	 0.9993 	 0.0362
				0 	 -0.0362 	 0.9993
				-1.9289 	 -0.0994 	 19.9873
			}
			{LODView
				{poly "body"}
				{poly "body_lod1"}
				{poly "body_lod2"}
				{poly "body_lod3"}
			}
			{bone revolute "turret"
				{parameters "id=turret;"}
				{animation
					{sequence "break" {file "turret_b"}}
				}
				{speed 0.005}
				{matrix34
					1 	 0 	 0
					0 	 0.9993 	 -0.0362
					0 	 0.0362 	 0.9993
					4.1196 	 0.6657 	 18.743
				}
				{LODView
					{poly "turret"}
					{poly "turret_lod1"}
					{poly "turret_lod2"}
					{poly "turret_lod3"}
				}
				{bone revolute "gun_rot"
					{parameters "id=gun;"}
					{limits -15 10}
					{speed 0.01}
					{matrix34
						1 	 0 	 0
						0 	 0 	 1
						0 	 -1 	 0
						14.0389 	 -0.0026 	 -0.4416
					}
					{LODView
						{poly "gun_rot"}
						{poly "gun_rot_lod1"}
						{poly "gun_rot_lod2"}
						{poly "gun_rot_lod3"}
					}
					{bone "mgun"
						{parameters "id=gun;"}
						{matrix34
							1 	 0 	 0
							0 	 0 	 -1
							0 	 1 	 0
							1.675 	 1.3346 	 3.6074
						}
						{LODView
							{poly "mgun"}
							{poly "mgun_lod1"}
							{poly "mgun_lod2"}
							{poly "mgun_lod3"}
						}
						{bone "foresight3"
							{parameters "lastpose=undefined;"}
							{Position 6.4389 	 -0.0049 	 0.037}
						}
					}
					{bone "gun"
						{parameters "id=gun;"}
						{orientation
							1 	 0 	 0
							0 	 0 	 -1
							0 	 1 	 0
						}
						{LODView
							{poly "gun"}
							{poly "gun_lod1"}
							{poly "gun_lod2"}
							{poly "gun_lod3"}
						}
						{bone "foresight1"
							{Position 25.1865 	 0.0269 	 -0.3517}
						}
					}
				}
				{bone "cover2"
					{parameters "id=turret;"}
					{matrix34
						0.9063 	 0.4226 	 0
						-0.4226 	 0.9063 	 0
						0 	 0 	 1
						-6.2799 	 -4.2497 	 7.1534
					}
					{LODView
						{poly "cover2"}
						{poly "cover2_lod1"}
						{poly "cover2_lod2"}
						{poly "cover2_lod3"}
					}
				}
				{bone "cover1"
					{parameters "id=turret;"}
					{matrix34
						0.7032 	 -0.711 	 0
						0.711 	 0.7032 	 0
						0 	 0 	 1
						-4.4692 	 6.1195 	 7.1523
					}
					{LODView
						{poly "cover1"}
						{poly "cover1_lod1"}
						{poly "cover1_lod2"}
						{poly "cover1_lod3"}
					}
				}
				{bone "fxfire2"
					{parameters "lastpose=undefined;"}
					{matrix34
						0 	 0 	 1
						0 	 1 	 0
						-1 	 0 	 0
						-4.1308 	 -0.4571 	 5.8838
					}
				}
			}
			{bone revolute "wheell7"
				{parameters "id=trackleft;radius=0.11;"}
				{matrix34
					1 	 0 	 0
					0 	 -0.0362 	 -0.9993
					0 	 0.9993 	 -0.0362
					18.0675 	 18.4208 	 -2.8357
				}
				{LODView
					{poly "wheell7"}
					{poly "wheell7_lod1"}
					{poly "wheell7_lod2"}
					{poly "wheell7_lod3"}
				}
			}
			{bone revolute "wheell8"
				{parameters "id=trackleft;radius=0.11;"}
				{matrix34
					1 	 0 	 0
					0 	 -0.0362 	 -0.9993
					0 	 0.9993 	 -0.0362
					0.3288 	 18.4208 	 -2.8357
				}
				{LODView
					{poly "wheell8"}
					{poly "wheell8_lod1"}
					{poly "wheell8_lod2"}
					{poly "wheell8_lod3"}
				}
			}
			{bone revolute "wheell9"
				{parameters "id=trackleft;radius=0.11;"}
				{matrix34
					1 	 0 	 0
					0 	 -0.0362 	 -0.9993
					0 	 0.9993 	 -0.0362
					-13.8003 	 18.376 	 -4.0722
				}
				{LODView
					{poly "wheell9"}
					{poly "wheell9_lod1"}
					{poly "wheell9_lod2"}
					{poly "wheell9_lod3"}
				}
			}
			{bone revolute "wheell1"
				{parameters "id=trackleft;radius=0.25;"}
				{matrix34
					1 	 0 	 0
					0 	 -0.0362 	 -0.9993
					0 	 0.9993 	 -0.0362
					37.8872 	 18.2727 	 -7.3126
				}
				{LODView
					{poly "wheell1"}
					{poly "wheell1_lod1"}
					{poly "wheell1_lod2"}
					{poly "wheell1_lod3"}
				}
			}
			{bone revolute "wheelr9"
				{parameters "id=trackright;radius=0.11;"}
				{matrix34
					1 	 0 	 0
					0 	 -0.0362 	 -0.9993
					0 	 0.9993 	 -0.0362
					-13.8003 	 -18.6225 	 -2.7318
				}
				{LODView
					{poly "wheelr9"}
					{poly "wheelr9_lod1"}
					{poly "wheelr9_lod2"}
					{poly "wheelr9_lod3"}
				}
			}
			{bone revolute "wheelr8"
				{parameters "id=trackright;radius=0.11;"}
				{matrix34
					1 	 0 	 0
					0 	 -0.0362 	 -0.9993
					0 	 0.9993 	 -0.0362
					0.3287 	 -18.5777 	 -1.4952
				}
				{LODView
					{poly "wheelr8"}
					{poly "wheelr8_lod1"}
					{poly "wheelr8_lod2"}
					{poly "wheelr8_lod3"}
				}
			}
			{bone revolute "wheelr7"
				{parameters "id=trackright;radius=0.11;"}
				{matrix34
					1 	 0 	 0
					0 	 -0.0362 	 -0.9993
					0 	 0.9993 	 -0.0362
					18.0675 	 -18.5777 	 -1.4952
				}
				{LODView
					{poly "wheelr7"}
					{poly "wheelr7_lod1"}
					{poly "wheelr7_lod2"}
					{poly "wheelr7_lod3"}
				}
			}
			{bone revolute "wheelr1"
				{parameters "id=trackright;radius=0.25;"}
				{matrix34
					1 	 0 	 0
					0 	 -0.0362 	 -0.9993
					0 	 0.9993 	 -0.0362
					37.8872 	 -18.754 	 -5.9711
				}
				{LODView
					{poly "wheelr1"}
					{poly "wheelr1_lod1"}
					{poly "wheelr1_lod2"}
					{poly "wheelr1_lod3"}
				}
			}
			{bone "engine"
				{parameters "id=engine;"}
				{animation
					{sequence "break" {file "engine_b"}{speed 0.5}}
				}
				{Position 0 	 0 	 0}
				{LODView
					{poly "engine"}
					{poly "engine_lod1"}
					{poly "engine_lod2"}
					{poly "engine_lod3"}
				}
				{bone "detail2"
					{parameters "id=engine;"}
					{matrix34
						1 	 0 	 0
						0 	 0.9993 	 -0.0362
						0 	 0.0362 	 0.9993
						1.934 	 -0.6411 	 -20.4398
					}
					{LODView
						{poly "detail2"}
						{poly "detail2_lod1"}
						{poly "detail2_lod2"}
						{poly "detail2_lod3"}
					}
				}
				{bone "doorr"
					{parameters "id=engine;"}
					{matrix34
						0.9613 	 0.0096 	 0.2755
						0.0004 	 0.9993 	 -0.0362
						-0.2756 	 0.0349 	 0.9606
						-33.9562 	 -10.2613 	 -0.9102
					}
					{LODView
						{poly "doorr"}
						{poly "doorr_lod1"}
						{poly "doorr_lod2"}
						{poly "doorr_lod3"}
					}
				}
				{bone "doorl"
					{parameters "id=engine;"}
					{matrix34
						0.9613 	 0.01 	 0.2755
						0.001 	 0.9992 	 -0.0397
						-0.2756 	 0.0385 	 0.9605
						-33.9562 	 10.0556 	 -1.6462
					}
					{LODView
						{poly "doorl"}
						{poly "doorl_lod1"}
						{poly "doorl_lod2"}
						{poly "doorl_lod3"}
					}
				}
				{bone "fxfire1"
					{matrix34
						0 	 0.0362 	 0.9993
						0 	 0.9993 	 -0.0362
						-1 	 0 	 0
						-18.2476 	 0.3446 	 11.8595
					}
				}
			}
			{bone "detail1"
				{parameters "id=body;"}
				{matrix34
					1 	 0 	 0
					0 	 0.9267 	 -0.3758
					0 	 0.3758 	 0.9267
					35.8875 	 7.8953 	 -0.4005
				}
				{LODView
					{poly "detail1"}
					{poly "detail1_lod1"}
					{poly "detail1_lod2"}
					{poly "detail1_lod3"}
				}
			}
			{bone "cover3"
				{parameters "id=body;"}
				{matrix34
					1 	 0 	 0
					0 	 0.9993 	 -0.0362
					0 	 0.0362 	 0.9993
					18.0663 	 14.3477 	 9.8262
				}
				{LODView
					{poly "cover3"}
					{poly "cover3_lod1"}
					{poly "cover3_lod2"}
					{poly "cover3_lod3"}
				}
			}
			{bone socket "mgun1"
				{parameters "ikspeed2=80;id=body;"}
				{limits 30}
				{matrix34
					0 	 -0.0362 	 -0.9993
					0 	 0.9993 	 -0.0362
					1 	 0 	 0
					28.3267 	 -8.8823 	 2.5349
				}
				{LODView
					{poly "mgun1"}
					{poly "mgun1_lod1"}
					{poly "mgun1_lod2"}
					{poly "mgun1_lod3"}
				}
				{bone "foresight4"
					{parameters "lastpose=undefined;"}
					{matrix34
						0 	 0 	 1
						0 	 1 	 0
						-1 	 0 	 0
						-0.2129 	 0.0616 	 8.3347
					}
				}
			}
			{bone "cover4"
				{parameters "id=body;"}
				{matrix34
					1 	 0 	 0
					0 	 0.9993 	 -0.0362
					0 	 0.0362 	 0.9993
					25.5417 	 7.515 	 2.1273
				}
				{LODView
					{poly "cover4"}
					{poly "cover4_lod1"}
					{poly "cover4_lod2"}
					{poly "cover4_lod3"}
				}
			}
			{bone "fxfire3"
				{parameters "lastpose=undefined;"}
				{matrix34
					0 	 0.0362 	 0.9993
					0 	 0.9993 	 -0.0362
					-1 	 0 	 0
					4.7788 	 -0.0406 	 11.8735
				}
			}
			{bone "enumerator1"
				{parameters "id=body;"}
				{matrix34
					-1 	 0 	 0
					0 	 -0.9993 	 0.0362
					0 	 0.0362 	 0.9993
					4.2627 	 -22.028 	 7.2784
				}
				{poly "enumerator1"}
			}
			{bone "enumerator"
				{parameters "id=body;"}
				{matrix34
					1 	 0 	 0
					0 	 0.9993 	 -0.0362
					0 	 0.0362 	 0.9993
					4.2627 	 22.2808 	 5.673
				}
				{poly "enumerator"}
			}
		}
	}
}
{volume "body01"
	{polyhedron}
	{bone "body"}
	{matrix34
		1 	 0 	 0
		0 	 0.9993 	 -0.0362
		0 	 0.0362 	 0.9993
		11.1538 	 -0.1672 	 -12.1045
	}
}
{volume "body02"
	{polyhedron}
	{bone "body"}
	{matrix34
		1 	 0 	 0
		0 	 0.9993 	 -0.0362
		0 	 0.0362 	 0.9993
		-1.8463 	 0.362 	 4.5747
	}
}
{volume "body03"
	{polyhedron}
	{bone "body"}
	{matrix34
		1 	 0 	 0
		0 	 0.9993 	 -0.0362
		0 	 0.0362 	 0.9993
		-3.3256 	 18.5339 	 2.794
	}
}
{volume "body04"
	{polyhedron}
	{bone "body"}
	{matrix34
		1 	 0 	 0
		0 	 0.9993 	 -0.0362
		0 	 0.0362 	 0.9993
		-3.3256 	 -18.3291 	 4.1295
	}
}
{volume "body05"
	{box 13.8937 6.80352 4.11337}
	{bone "body"}
	{matrix34
		0.9994 	 -0.0013 	 -0.0349
		0 	 0.9993 	 -0.0362
		0.0349 	 0.0362 	 0.9987
		20.957 	 -18.1376 	 5.8408
	}
}
{volume "engine01"
	{polyhedron}
	{bone "engine"}
	{matrix34
		1 	 0 	 0
		0 	 0.9993 	 -0.0362
		0 	 0.0362 	 0.9993
		-31.0142 	 0.134 	 3.9397
	}
}
{volume "engine02"
	{polyhedron}
	{bone "engine"}
	{matrix34
		1 	 0 	 0
		0 	 0.9993 	 -0.0362
		0 	 0.0362 	 0.9993
		-27.3801 	 -0.2416 	 -12.228
	}
}
{volume "engine03"
	{box 17.6883 7.37387 8.57941}
	{bone "engine"}
	{matrix34
		1 	 0 	 0
		0 	 0.9993 	 -0.0362
		0 	 0.0362 	 0.9993
		-28.5688 	 18.6132 	 6.9349
	}
}
{volume "engine04"
	{box 17.6883 7.37387 8.57941}
	{bone "engine"}
	{matrix34
		1 	 0 	 0
		0 	 0.9993 	 -0.0362
		0 	 0.0362 	 0.9993
		-28.5688 	 -18.088 	 8.2647
	}
}
{volume "gun"
	{cylinder 0.740976 21.1944}
	{bone "gun"}
	{matrix34
		-0.0523 	 -0.0018 	 -0.9986
		-0.0349 	 0.9994 	 0
		0.998 	 0.0349 	 -0.0523
		14.4379 	 0.3693 	 -0.5969
	}
}
{volume "mantlet"
	{polyhedron}
	{bone "gun_rot"}
	{matrix34
		0.9877 	 0.1564 	 0
		-0.1564 	 0.9877 	 0
		0 	 0 	 1
		2.1996 	 0.0973 	 0
	}
}
{volume "trackleft"
	{box 83.6614 8.46459 20.6693}
	{bone "trackl"}
	{Position -0.0634 	 1.281 	 -0.1783}
}
{volume "trackright"
	{box 83.6614 8.46459 20.6693}
	{bone "trackr"}
	{Position -0.0634 	 0.1723 	 -0.1783}
}
{volume "turret"
	{polyhedron}
	{bone "turret"}
	{Position -0.0837 	 0.0415 	 -6.8526}
}
