;Exported by	: KobaA
;Date			: 11.04.2024 14:33:52
;File			: d:\git\gem2-mdl-soldiers\models\entourage\box_fruit\sh_box_gem2_x.max
{skeleton
	{bone "basis09"
		{orientation
			1 	 0 	 0
			0 	 -1 	 0
			0 	 0 	 1
		}
		{bone "piece01"
			{matrix34
				1 	 0 	 0
				0 	 0.5736 	 -0.8192
				0 	 0.8192 	 0.5736
				3.0455 	 9.9589 	 10.9493
			}
			{poly "piece01"}
		}
		{bone "piece03"
			{matrix34
				0.908 	 0.4118 	 0.0768
				-0.4189 	 0.8927 	 0.1664
				0 	 -0.1832 	 0.9831
				3.0528 	 -5.848 	 13.1744
			}
			{poly "piece03"}
		}
		{bone "piece02"
			{matrix34
				0.9397 	 0 	 -0.342
				0 	 1 	 0
				0.342 	 0 	 0.9397
				-7.4999 	 -3.5284 	 6.1601
			}
			{poly "piece02"}
		}
		{bone "piece04"
			{matrix34
				0.8582 	 -0.5076 	 0.0768
				0.4909 	 0.8552 	 0.1664
				-0.1501 	 -0.1051 	 0.9831
				3.0348 	 3.0105 	 10.4472
			}
			{poly "piece04"}
		}
		{bone "piece05"
			{Position 0.0631 	 -9.4479 	 10.5998}
			{poly "piece05"}
		}
		{bone "fx_wood"
		}
	}
}
{"volumes"
	{"piece01"
		{box 11.6564 3.07534 1.25952}
		{bone "piece01"}
		{Position -0.6933 	 -0.1908 	 0.0024}
	}
	{"piece02"
		{box 0.685231 12.9164 12.7097}
		{bone "piece02"}
		{Position -0.5516 	 -0.4126 	 2.5634}
	}
	{"piece03"
		{box 13.6986 0.96412 0.894256}
		{bone "piece03"}
		{Position 0.0059 	 0.0339 	 -0.036}
	}
	{"piece04"
		{box 13.6986 0.96412 0.894256}
		{bone "piece04"}
		{Position 0.0059 	 0.034 	 -0.036}
	}
	{"piece05"
		{box 11.3698 0.896632 4.77911}
		{bone "piece05"}
		{Position 0.0154 	 0.0069 	 -0.0398}
	}
}
