;Exported by:	 Цаприлов Олександр
;Date:			 01.09.2020 11:20:25
;File:			 E:\projects\gem2-mdl-soldiers\models\entourage\wine_furniture\wine_furniture.max
{skeleton
	{bone "tub02_x"
		{orientation
			1 	 0 	 0
			0 	 -1 	 0
			0 	 0 	 1
		}
		{bone "piece01"
			{matrix34
				0.8204 	 0.5714 	 0.0216
				-0.5652 	 0.816 	 -0.1211
				-0.0868 	 0.0872 	 0.9924
				-3.1799 	 3.8721 	 9.5901
			}
			{poly "piece01"}
		}
		{bone "piece02"
			{matrix34
				0.9061 	 -0.421 	 0.0423
				0.4141 	 0.9029 	 0.1155
				-0.0868 	 -0.0872 	 0.9924
				-0.1897 	 -5.6912 	 9.5931
			}
			{poly "piece02"}
		}
		{bone "piece03"
			{matrix34
				0.9962 	 0 	 -0.0872
				0.0076 	 0.9962 	 0.0868
				0.0868 	 -0.0872 	 0.9924
				6.345 	 1.0622 	 9.5745
			}
			{poly "piece03"}
		}
	}
}
{volume "piece01"
	{box 2.28898 8.37878 17.6575}
	{bone "piece01"}
	{matrix34
		0.2026 	 -0.9793 	 0
		0.9793 	 0.2026 	 0
		0 	 0 	 1
		-0.0981 	 0.3088 	 -0.0437
	}
}
{volume "piece02"
	{box 2.28898 8.37878 17.6575}
	{bone "piece02"}
	{matrix34
		-0.1165 	 0.9932 	 0
		-0.9932 	 -0.1165 	 0
		0 	 0 	 1
		-0.0071 	 -0.3912 	 -0.0437
	}
}
{volume "piece03"
	{box 2.28898 8.37878 17.6575}
	{bone "piece03"}
	{matrix34
		-0.9793 	 -0.2026 	 0
		0.2026 	 -0.9793 	 0
		0 	 0 	 1
		0.2258 	 0.13 	 -0.0437
	}
}
