;Exported by	: KobaA
;Date			: 20.11.2023 14:13:33
;File			: D:\git\gem2-mdl-soldiers\models\flora\snag_tree\snag_tree.max
{skeleton
	{bone "snag_tree_08_basis"
		{orientation
			1 	 0 	 0
			0 	 -1 	 0
			0 	 0 	 1
		}
		{bone "snag_tree_08"
			{matrix34
				-0.2755 	 0.7721 	 0.5727
				-0.3164 	 -0.6354 	 0.7044
				0.9077 	 0.0128 	 0.4193
				-5.6429 	 2.026 	 11.0467
			}
			{poly "snag_tree_08"}
		}
	}
}
{obstacle "obstacle1"
	{obb2
		{center -29.1064 1.37747}
		{extent 14.9187 4.47031}
		{axis -0.996195 -0.0871557}
	}
	{rotate}
}
{obstacle "obstacle2"
	{obb2
		{center 17.8582 -0.127075}
		{extent 17.8109 4.47031}
		{axis -0.992546 0.121869}
	}
	{rotate}
}
{"volumes"
	{"body01"
		{cylinder 4.82988 33.6741}
		{bone "snag_tree_08"}
		{matrix34
			0.7006 	 0.5422 	 0.4639
			-0.6285 	 0.7767 	 0.0413
			-0.3379 	 -0.3205 	 0.8849
			-1.5635 	 3.6483 	 -22.1001
		}
	}
	{"body02"
		{cylinder 4.82988 54.6178}
		{bone "snag_tree_08"}
		{matrix34
			0.7624 	 0.6435 	 0.0682
			-0.647 	 0.757 	 0.0908
			0.0068 	 -0.1133 	 0.9935
			-7.0129 	 -4.1452 	 15.3505
		}
	}
}
