;Exported by	: joomb
;Date			: 07.04.2023 14:47:25
;File			: H:\git\gem2-mdl-soldiers\models\building\house_D\D_003_cut_fort_part.max
{skeleton
	{bone "d003_piece09"
		{orientation
			1 	 0 	 0
			0 	 -1 	 0
			0 	 0 	 1
		}
		{poly "d003_piece09"}
		{bone "fix16"
			{Position 25.8273 	 -50.2388 	 -37.6179}
		}
		{bone "fix17"
			{Position -24.9326 	 -50.2388 	 -7.0885}
		}
		{bone "fix18"
			{Position 30.9254 	 36.9394 	 15.1204}
		}
	}
}
{"volumes"
	{"body01"
		{box 30.0819 5.90551 18.7607}
		{bone "d003_piece09"}
		{matrix34
			0 	 -0.9135 	 -0.4067
			1 	 0 	 0
			0 	 -0.4067 	 0.9135
			29.5719 	 -4.2096 	 -32.5032
		}
	}
	{"body02"
		{box 30.0819 5.90551 11.2564}
		{bone "d003_piece09"}
		{matrix34
			0 	 -0.9998 	 0.0175
			1 	 0 	 0
			0 	 0.0175 	 0.9998
			29.5719 	 -24.108 	 -28.7789
		}
	}
	{"body03"
		{box 19.854 5.90551 36.1332}
		{bone "d003_piece09"}
		{matrix34
			0 	 -0.9816 	 0.1908
			1 	 0 	 0
			0 	 0.1908 	 0.9816
			29.5719 	 15.4715 	 20.3939
		}
	}
	{"body04"
		{polyhedron}
		{bone "d003_piece09"}
		{matrix34
			0 	 -0.9336 	 0.3584
			1 	 0 	 0
			0 	 0.3584 	 0.9336
			29.5719 	 16.4662 	 28.9948
		}
	}
	{"body05"
		{box 17.1467 5.90551 43.1167}
		{bone "d003_piece09"}
		{matrix34
			-1 	 0 	 0
			0 	 -0.9998 	 0.0175
			0 	 0.0175 	 0.9998
			24.0249 	 -49.4657 	 -3.0525
		}
	}
	{"body06"
		{box 39.0944 5.90551 12.935}
		{bone "d003_piece09"}
		{matrix34
			-1 	 0 	 0
			0 	 -0.9998 	 0.0175
			0 	 0.0175 	 0.9998
			3.7926 	 -49.7291 	 8.8944
		}
	}
	{"body07"
		{polyhedron}
		{bone "d003_piece09"}
		{matrix34
			0 	 -1 	 0
			1 	 0 	 0
			0 	 0 	 1
			29.6103 	 12.4667 	 -79.5771
		}
	}
	{"roof1"
		{box 56.6929 0.984252 77.7559}
		{bone "d003_piece09"}
		{matrix34
			1 	 0 	 0
			0 	 -0.3404 	 0.9403
			0 	 -0.9403 	 -0.3404
			7.6088 	 -20.0789 	 30.1492
		}
	}
	{"roof2"
		{box 48.2702 0.984252 17.4118}
		{bone "d003_piece09"}
		{matrix34
			-1 	 0 	 0
			0 	 0.342 	 0.9397
			0 	 0.9397 	 -0.342
			10.821 	 24.1291 	 39.9365
		}
	}
	{"roof3"
		{box 16.4119 0.984252 9.05414}
		{bone "d003_piece09"}
		{matrix34
			-1 	 0 	 0
			0 	 0.342 	 0.9397
			0 	 0.9397 	 -0.342
			4.988 	 36.068 	 35.591
		}
	}
}
