;Exported by	: KobaA
;Date			: 10.04.2023 14:33:18
;File			: D:\git\gem2-mdl-soldiers\models\unit\vehicle\opel_blitz\opel_blitz_tank_x.max
{skeleton
	{bone "basis"
		{orientation
			1 	 0 	 0
			0 	 -1 	 0
			0 	 0 	 1
		}
		{bone "body"
			{parameters "id=body;"}
			{animation
				{sequence "break" {file "body_b"}{speed 0.5}}
			}
			{Position 2.5185 	 0 	 17.522}
			{poly "body" {lod 0}}
			{poly "body_lod1" {lod 1}}
			{poly "body_lod2" {lod 2}}
			{poly "body_lod3" {lod 3 {last}}}
			{bone "cabin"
				{parameters "id=cabin;"}
				{animation
					{sequence "break" {file "cabin_b"}{speed 0.5}}
				}
				{Position 33.0589 	 -1.9817 	 11.4776}
				{poly "cabin" {lod 0}}
				{poly "cabin_lod1" {lod 1}}
				{poly "cabin_lod2" {lod 2}}
				{poly "cabin_lod3" {lod 3 {last}}}
				{bone "doorl"
					{parameters "id=cabin;"}
					{matrix34
						0.9903 	 -0.1392 	 -0.0027
						0.1392 	 0.9903 	 0
						0.0027 	 -0.0004 	 1
						-4.1179 	 16.7258 	 -11.3492
					}
					{poly "doorl" {lod 0}}
					{poly "doorl_lod1" {lod 1}}
					{poly "doorl_lod2" {lod 2}}
					{poly "doorl_lod3" {lod 3 {last}}}
					{bone "window2"
						{parameters "id=cabin;"}
						{matrix34
							0.9999 	 -0.017 	 0.0027
							0.017 	 0.9999 	 0
							-0.0027 	 0 	 1
							0 	 0 	 0
						}
						{poly "window2" {lod 0}}
						{poly "window2_lod1" {lod 1}}
						{poly "window2_lod2" {lod 2}}
						{poly "window2_lod3" {lod 3 {last}}}
					}
				}
				{bone "doorr"
					{parameters "id=cabin;"}
					{Position -4.1509 	 -12.757 	 -11.3492}
					{poly "doorr" {lod 0}}
					{poly "doorr_lod1" {lod 1}}
					{poly "doorr_lod2" {lod 2}}
					{poly "doorr_lod3" {lod 3 {last}}}
					{bone "window3"
						{parameters "id=cabin;"}
						{matrix34
							1 	 0.0026 	 -0.0027
							-0.0026 	 1 	 0
							0.0027 	 0 	 1
							0.033 	 -0.0271 	 0
						}
						{poly "window3" {lod 0}}
						{poly "window3_lod1" {lod 1}}
						{poly "window3_lod2" {lod 2}}
						{poly "window3_lod3" {lod 3 {last}}}
					}
				}
				{bone "commander"
					{matrix34
						0.9659 	 0.2588 	 0
						-0.2588 	 0.9659 	 0
						0 	 0 	 1
						-16.9144 	 -4.6959 	 -13.7236
					}
				}
				{bone "driver"
					{matrix34
						0.9848 	 -0.1736 	 0
						0.1736 	 0.9848 	 0
						0 	 0 	 1
						-16.9144 	 9.9314 	 -13.7236
					}
				}
				{bone "window1"
					{parameters "id=cabin;"}
					{matrix34
						-1 	 0 	 0
						0 	 0 	 1
						0 	 1 	 0
						-5.0906 	 1.9817 	 7.6092
					}
					{poly "window1" {lod 0}}
					{poly "window1_lod1" {lod 1}}
					{poly "window1_lod2" {lod 2}}
					{poly "window1_lod3" {lod 3 {last}}}
				}
			}
			{bone "engine"
				{parameters "id=engine;"}
				{animation
					{sequence "break" {file "engine_b"}{speed 0.5}}
				}
				{Position 42.7441 	 0 	 7.3157}
				{poly "engine" {lod 0}}
				{poly "engine_lod1" {lod 1}}
				{poly "engine_lod2" {lod 2}}
				{poly "engine_lod3" {lod 3 {last}}}
				{bone "hudl1"
					{parameters "id=engine;"}
					{matrix34
						0.998 	 -0.0348 	 -0.0523
						0.0349 	 0.9994 	 0.0009
						0.0523 	 -0.0027 	 0.9986
						-1.5496 	 1.6866 	 6.9033
					}
					{poly "hudl1" {lod 0}}
					{poly "hudl1_lod1" {lod 1}}
					{poly "hudl1_lod2" {lod 2}}
					{poly "hudl1_lod3" {lod 3 {last}}}
				}
				{bone "hudr1"
					{parameters "id=engine;"}
					{matrix34
						0.998 	 0.0349 	 -0.0523
						-0.0349 	 0.9994 	 0.0018
						0.0523 	 0 	 0.9986
						-1.5496 	 -1.6907 	 6.9033
					}
					{poly "hudr1" {lod 0}}
					{poly "hudr1_lod1" {lod 1}}
					{poly "hudr1_lod2" {lod 2}}
					{poly "hudr1_lod3" {lod 3 {last}}}
				}
			}
			{bone "fxlight"
				{Position 56.3017 	 -0.2532 	 5.8685}
			}
			{bone "fxsmoke"
				{matrix34
					-0.8746 	 0.4848 	 0
					-0.4848 	 -0.8746 	 0
					0 	 0 	 1
					-50.0661 	 15.6683 	 -3.9124
				}
			}
			{bone "headlightl"
				{Position 54.05 	 13.6172 	 3.9029}
			}
			{bone "headlightr"
				{Position 54.05 	 -13.6616 	 3.9029}
			}
			{bone "visor1"
				{Position 29.4148 	 6.2763 	 19.1759}
			}
			{bone "link"
				{matrix34
					-1 	 0 	 0
					0 	 -1 	 0
					0 	 0 	 1
					-59.0758 	 0.0481 	 -1.7468
				}
			}
			{bone "detail"
				{parameters "id=body;"}
				{matrix34
					0.9999 	 0 	 0.0122
					0 	 1 	 0
					-0.0122 	 0 	 0.9999
					-50.6909 	 -0.0075 	 -6.6388
				}
				{poly "detail" {lod 0}}
				{poly "detail_lod1" {lod 1}}
				{poly "detail_lod2" {lod 2}}
				{poly "detail_lod3" {lod 3 {last}}}
			}
			{bone "tank"
				{Position -2.5185 	 0 	 -17.522}
				{poly "tank" {lod 0}}
				{poly "tank_lod1" {lod 1}}
				{poly "tank_lod2" {lod 2}}
				{poly "tank_lod3" {lod 3 {last}}}
				{bone "tank_doorr"
					{matrix34
						0 	 1 	 0
						-0.9915 	 0 	 0.1305
						0.1305 	 0 	 0.9915
						-62.0527 	 -19.2953 	 32.9699
					}
					{poly "tank_doorr" {lod 0}}
					{poly "tank_doorr_lod1" {lod 1}}
					{poly "tank_doorr_lod2" {lod 2}}
					{poly "tank_doorr_lod3" {lod 3 {last}}}
				}
				{bone "tank_doorl"
					{matrix34
						0 	 -1 	 0
						0.9915 	 0 	 -0.1305
						0.1305 	 0 	 0.9915
						-62.0527 	 19.2953 	 32.9699
					}
					{poly "tank_doorl" {lod 0}}
					{poly "tank_doorl_lod1" {lod 1}}
					{poly "tank_doorl_lod2" {lod 2}}
					{poly "tank_doorl_lod3" {lod 3 {last}}}
				}
			}
		}
		{bone "pivot_back"
			{Position -31.776 	 0.3037 	 8.9375}
			{bone "fxtracel2"
				{matrix34
					-0.9659 	 0 	 0.2588
					0 	 -1 	 0
					0.2588 	 0 	 0.9659
					-5.0671 	 15.8784 	 -8.9375
				}
			}
			{bone "fxtracer2"
				{matrix34
					-0.9659 	 0 	 0.2588
					0 	 -1 	 0
					0.2588 	 0 	 0.9659
					-5.0671 	 -16.2578 	 -8.9375
				}
			}
			{bone revolute "align_back"
				{limits -2 2}
				{speed 0.001}
				{matrix34
					0 	 0 	 1
					0 	 -1 	 0
					1 	 0 	 0
					1.5282 	 -0.3037 	 -0.2175
				}
				{poly "align_back" {lod 0}}
				{poly "align_back_lod1" {lod 1}}
				{poly "align_back_lod2" {lod 2}}
				{poly "align_back_lod3" {lod 3 {last}}}
				{bone "capl2"
					{parameters "id=wheelleft2;"}
					{matrix34
						0 	 0 	 1
						0 	 -1 	 0
						1 	 0 	 0
						0.4825 	 -17.7177 	 -1.458
					}
					{poly "capl2" {lod 0}}
					{poly "capl2_lod1" {lod 1}}
					{poly "capl2_lod2" {lod 2}}
					{poly "capl2_lod3" {lod 3 {last}}}
					{bone revolute "wheell2"
						{parameters "id=wheelleft2;"}
						{matrix34
							-1 	 0 	 0
							0 	 0 	 1
							0 	 1 	 0
							0 	 -1.5919 	 0
						}
						{poly "wheell2" {lod 0}}
						{poly "wheell2_lod1" {lod 1}}
						{poly "wheell2_lod2" {lod 2}}
						{poly "wheell2_lod3" {lod 3 {last}}}
					}
				}
				{bone "capr2"
					{parameters "id=wheelright2;"}
					{matrix34
						0 	 0 	 1
						0 	 -1 	 0
						1 	 0 	 0
						0.4825 	 17.7221 	 -1.4581
					}
					{poly "capr2" {lod 0}}
					{poly "capr2_lod1" {lod 1}}
					{poly "capr2_lod2" {lod 2}}
					{poly "capr2_lod3" {lod 3 {last}}}
					{bone revolute "wheelr2"
						{parameters "id=wheelright2;"}
						{matrix34
							-1 	 0 	 0
							0 	 0 	 1
							0 	 1 	 0
							0 	 1.5919 	 0
						}
						{poly "wheelr2" {lod 0}}
						{poly "wheelr2_lod1" {lod 1}}
						{poly "wheelr2_lod2" {lod 2}}
						{poly "wheelr2_lod3" {lod 3 {last}}}
					}
				}
			}
		}
		{bone "pivot_front"
			{Position 44.8398 	 0.3037 	 8.9375}
			{bone revolute "align_front"
				{limits -2 2}
				{speed 0.001}
				{matrix34
					0 	 0 	 1
					0 	 -1 	 0
					1 	 0 	 0
					-0.3362 	 -0.3037 	 -1.4202
				}
				{poly "align_front" {lod 0}}
				{poly "align_front_lod1" {lod 1}}
				{poly "align_front_lod2" {lod 2}}
				{poly "align_front_lod3" {lod 3 {last}}}
				{bone revolute "steer_l1"
					{matrix34
						0 	 0 	 1
						0 	 1 	 0
						-1 	 0 	 0
						2.1998 	 -13.2028 	 -0.1388
					}
					{poly "steer_l1" {lod 0}}
					{poly "steer_l1_lod1" {lod 1}}
					{poly "steer_l1_lod2" {lod 2}}
					{poly "steer_l1_lod3" {lod 3 {last}}}
					{bone "capl1"
						{parameters "id=wheelleft1;"}
						{matrix34
							1 	 0 	 0
							0 	 -1 	 0
							0 	 0 	 -1
							0.0283 	 -2.0849 	 0.5146
						}
						{poly "capl1" {lod 0}}
						{poly "capl1_lod1" {lod 1}}
						{poly "capl1_lod2" {lod 2}}
						{poly "capl1_lod3" {lod 3 {last}}}
						{bone revolute "wheell1"
							{parameters "id=wheelleft1;"}
							{matrix34
								-1 	 0 	 0
								0 	 0 	 1
								0 	 1 	 0
								0 	 1.4875 	 0
							}
							{poly "wheell1" {lod 0}}
							{poly "wheell1_lod1" {lod 1}}
							{poly "wheell1_lod2" {lod 2}}
							{poly "wheell1_lod3" {lod 3 {last}}}
						}
					}
				}
				{bone revolute "steer_r1"
					{matrix34
						0 	 0 	 1
						0 	 1 	 0
						-1 	 0 	 0
						2.2014 	 13.2028 	 -0.012
					}
					{poly "steer_r1" {lod 0}}
					{poly "steer_r1_lod1" {lod 1}}
					{poly "steer_r1_lod2" {lod 2}}
					{poly "steer_r1_lod3" {lod 3 {last}}}
					{bone "capr1"
						{parameters "id=wheelright1;"}
						{matrix34
							1 	 0 	 0
							0 	 -1 	 0
							0 	 0 	 -1
							-0.0985 	 2.0849 	 0.5161
						}
						{poly "capr1" {lod 0}}
						{poly "capr1_lod1" {lod 1}}
						{poly "capr1_lod2" {lod 2}}
						{poly "capr1_lod3" {lod 3 {last}}}
						{bone revolute "wheelr1"
							{parameters "id=wheelright1;"}
							{matrix34
								-1 	 0 	 0
								0 	 0 	 1
								0 	 1 	 0
								0 	 -1.4943 	 0
							}
							{poly "wheelr1" {lod 0}}
							{poly "wheelr1_lod1" {lod 1}}
							{poly "wheelr1_lod2" {lod 2}}
							{poly "wheelr1_lod3" {lod 3 {last}}}
						}
					}
				}
			}
			{bone "fxtracel1"
				{matrix34
					-0.9659 	 0 	 0.2588
					0 	 -1 	 0
					0.2588 	 0 	 0.9659
					-4.4117 	 15.8784 	 -8.9375
				}
			}
			{bone "fxtracer1"
				{matrix34
					-0.9659 	 0 	 0.2588
					0 	 -1 	 0
					0.2588 	 0 	 0.9659
					-4.4117 	 -16.2578 	 -8.9375
				}
			}
		}
		{bone "emit1"
			{matrix34
				0 	 -1 	 0
				1 	 0 	 0
				0 	 0 	 1
				12.0027 	 28.568 	 -3.9239
			}
		}
		{bone "emit2"
			{matrix34
				0 	 1 	 0
				-1 	 0 	 0
				0 	 0 	 1
				12.0027 	 -31.229 	 -3.9239
			}
		}
		{bone "particle_view_001"
		}
	}
}
{"volumes"
	{"body01"
		{box 64.273 20.4874 5.09496}
		{bone "body"}
		{Position -23.0267 	 -0.5881 	 -3.3967}
	}
	{"body05"
		{box 9.03774 10.0899 5.07437}
		{bone "body"}
		{Position 4.2971 	 -15.5599 	 -3.6735}
	}
	{"body06"
		{box 9.03774 10.0899 5.07437}
		{bone "body"}
		{Position 4.2971 	 15.5471 	 -3.6184}
	}
	{"body07"
		{box 3.82543 41.0917 2.20497}
		{bone "body"}
		{Position 55.0273 	 -0.1994 	 -5.6142}
	}
	{"body09"
		{box 16.5848 5.56483 0.920656}
		{bone "body"}
		{Position 18.0223 	 17.4751 	 -5.7969}
	}
	{"body10"
		{box 9.3252 6.45551 0.506693}
		{bone "body"}
		{matrix34
			0.5299 	 0 	 -0.848
			0 	 1 	 0
			0.848 	 0 	 0.5299
			51.1078 	 16.8228 	 -0.592
		}
	}
	{"body11"
		{box 10.1988 6.43727 0.506693}
		{bone "body"}
		{matrix34
			0.6691 	 0 	 0.7431
			0 	 1 	 0
			-0.7431 	 0 	 0.6691
			30.5495 	 16.7922 	 -2.0036
		}
	}
	{"body12"
		{box 7.0919 6.43534 0.506693}
		{bone "body"}
		{matrix34
			0.848 	 0 	 0.5299
			0 	 1 	 0
			-0.5299 	 0 	 0.848
			36.8862 	 16.7922 	 3.4759
		}
	}
	{"body13"
		{box 8.83712 6.43534 0.506693}
		{bone "body"}
		{matrix34
			0.9703 	 0 	 -0.2419
			0 	 1 	 0
			0.2419 	 0 	 0.9703
			44.273 	 16.7922 	 4.3467
		}
	}
	{"body14"
		{box 9.3252 6.45551 0.506693}
		{bone "body"}
		{matrix34
			0.5299 	 0 	 -0.848
			0 	 1 	 0
			0.848 	 0 	 0.5299
			51.1078 	 -16.1653 	 -0.592
		}
	}
	{"body15"
		{box 8.83712 6.43534 0.506693}
		{bone "body"}
		{matrix34
			0.9703 	 0 	 -0.2419
			0 	 1 	 0
			0.2419 	 0 	 0.9703
			44.273 	 -16.196 	 4.3467
		}
	}
	{"body16"
		{box 7.0919 6.43534 0.506693}
		{bone "body"}
		{matrix34
			0.848 	 0 	 0.5299
			0 	 1 	 0
			-0.5299 	 0 	 0.848
			36.8862 	 -16.196 	 3.4759
		}
	}
	{"body17"
		{box 10.1988 6.43727 0.506693}
		{bone "body"}
		{matrix34
			0.6691 	 0 	 0.7431
			0 	 1 	 0
			-0.7431 	 0 	 0.6691
			30.5495 	 -16.196 	 -2.0036
		}
	}
	{"cabin01"
		{box 0.679134 31.7577 26.3177}
		{bone "cabin"}
		{matrix34
			0.9998 	 0 	 -0.0199
			0 	 1 	 0
			0.0199 	 0 	 0.9998
			-22.7742 	 1.9156 	 0.7335
		}
	}
	{"cabin02"
		{box 1.36226 27.8207 15.122}
		{bone "cabin"}
		{matrix34
			-0.0696 	 0.0078 	 -0.9975
			-0.0066 	 0.9999 	 0.0083
			0.9976 	 0.0072 	 -0.0695
			-14.5337 	 2.0554 	 13.1558
		}
	}
	{"doorl"
		{box 16.0158 0.501772 15.7339}
		{bone "doorl"}
		{matrix34
			0.9933 	 -0.1156 	 0.0017
			0.1156 	 0.9933 	 0.0085
			-0.0027 	 -0.0082 	 1
			-9.6181 	 1.0256 	 7.1918
		}
	}
	{"doorr"
		{box 16.0158 0.501772 15.7339}
		{bone "doorr"}
		{matrix34
			0.9209 	 0.3899 	 -0.001
			-0.3899 	 0.9208 	 0.0082
			0.0041 	 -0.0072 	 1
			-9.5434 	 -2.1531 	 7.2178
		}
	}
	{"engine"
		{polyhedron}
		{bone "engine"}
		{Position 0.123 	 0.1436 	 -11.6528}
	}
	{"tank01"
		{polyhedron}
		{bone "tank"}
		{Position 1.8432 	 0.1439 	 16.6869}
	}
	{"tank02"
		{polyhedron}
		{bone "tank"}
		{Position -50.6631 	 0.1439 	 16.6869}
	}
	{"tank03"
		{polyhedron}
		{bone "tank"}
		{Position -25.1319 	 0.1439 	 16.6869}
	}
	{"tank04"
		{cylinder 7.98902 5.26452}
		{bone "tank"}
		{Position -24.4237 	 -0.0125 	 44.891}
	}
	{"tank_doorl"
		{box 18.6257 0.802024 18.5919}
		{bone "tank_doorl"}
		{matrix34
			-0.4965 	 0.868 	 -0.0046
			-0.866 	 -0.4957 	 -0.0652
			-0.0589 	 -0.0284 	 0.9979
			6.0792 	 -8.645 	 -5.5053
		}
	}
	{"tank_doorr"
		{box 18.6257 0.802024 18.5919}
		{bone "tank_doorr"}
		{matrix34
			-0.8135 	 -0.5801 	 -0.0424
			0.5736 	 -0.8122 	 0.1069
			-0.0965 	 0.0626 	 0.9934
			9.1196 	 6.3268 	 -5.2003
		}
	}
	{"wheelleft1"
		{cylinder 9.60968 5.23976}
		{bone "wheell1"}
		{matrix34
			-1 	 0 	 0
			0 	 -1 	 0
			0 	 0 	 1
			-0.2944 	 0 	 -0.6447
		}
	}
	{"wheelleft2"
		{cylinder 9.60968 9.89035}
		{bone "wheell2"}
		{matrix34
			-1 	 0 	 0
			0 	 -1 	 0
			0 	 0 	 1
			0 	 0 	 0.0591
		}
	}
	{"wheelright1"
		{cylinder 9.46413 5.17146}
		{bone "wheelr1"}
		{matrix34
			-1 	 0 	 0
			0 	 1 	 0
			0 	 0 	 -1
			-0.2944 	 0 	 0.8147
		}
	}
	{"wheelright2"
		{cylinder 9.46413 9.50208}
		{bone "wheelr2"}
		{matrix34
			-1 	 0 	 0
			0 	 1 	 0
			0 	 0 	 -1
			0 	 0 	 -0.1811
		}
	}
}
