;Exported by:	 vic
;Date:			 23.01.2017 11:56:00
;File:			 E:\Git\gem2-mdl-soldiers\models\entourage\stack\stog02a.max
{skeleton
	{bone "basis002"
		{orientation
			1 	 0 	 0
			0 	 -1 	 0
			0 	 0 	 1
		}
		{bone "fx_hayfall2"
			{parameters "lastpose=undefined;"}
			{Position -9.0085 	 12.9109 	 40.6662}
		}
		{bone "fx_hayfall1"
			{parameters "lastpose=undefined;"}
			{Position 12.9051 	 -1.253 	 39.1475}
		}
		{bone "fx_hayfall3"
			{parameters "lastpose=undefined;"}
			{Position -6.1825 	 -13.6379 	 49.3774}
		}
		{bone "fx_haulm1"
			{parameters "lastpose=undefined;"}
			{Position 0.1329 	 -0.173 	 24.4785}
		}
		{bone "fx_dust1"
			{parameters "lastpose=undefined;"}
			{Position 0.2296 	 -0.173 	 0}
		}
		{bone "piece00"
			{Position 0.1996 	 -2.3656 	 74.3645}
			{poly "piece00"}
		}
		{bone "piece05"
			{matrix34
				0 	 0.9659 	 0.2588
				-1 	 0 	 0
				0 	 -0.2588 	 0.9659
				-0.6855 	 12.5652 	 61.318
			}
			{poly "piece05"}
		}
		{bone "piece06"
			{matrix34
				0 	 0.9659 	 0.2588
				-1 	 0 	 0
				0 	 -0.2588 	 0.9659
				-0.8385 	 22.023 	 24.9175
			}
			{poly "piece06"}
		}
		{bone "piece07"
			{matrix34
				0.8625 	 -0.4021 	 0.3072
				0.3722 	 0.9154 	 0.1533
				-0.3428 	 -0.0179 	 0.9392
				15.5716 	 -3.2758 	 30.0793
			}
			{poly "piece07"}
		}
		{bone "piece08"
			{matrix34
				0.0512 	 0.9659 	 0.2537
				-0.9802 	 0 	 0.1978
				0.1911 	 -0.2588 	 0.9468
				-11.8744 	 15.4226 	 18.0229
			}
			{poly "piece08"}
		}
		{bone "piece09"
			{matrix34
				-0.7532 	 -0.5817 	 0.3072
				0.6424 	 -0.7509 	 0.1533
				0.1415 	 0.3128 	 0.9392
				-10.4449 	 -18.888 	 24.3216
			}
			{poly "piece09"}
		}
	}
}
{volume "piece00_volume001"
	{cylinder 1.13528 30.8104}
	{bone "piece00"}
	{matrix34
		0 	 1 	 0
		-1 	 0 	 0
		0 	 0 	 1
		-0.5589 	 -0.3284 	 4.2652
	}
}
{volume "piece05_volume001"
	{box 10.0914 2.01587 21.8697}
	{bone "piece05"}
	{matrix34
		0 	 -1 	 0
		0.9994 	 0 	 -0.0358
		0.0358 	 0 	 0.9994
		-0.3005 	 0.0754 	 -0.1239
	}
}
{volume "piece06_volume001"
	{box 12.7739 2.01587 29.7669}
	{bone "piece06"}
	{matrix34
		0 	 -1 	 0
		1 	 0 	 0.0067
		-0.0067 	 0 	 1
		-0.2859 	 -0.0775 	 -0.3635
	}
}
{volume "piece07_volume001"
	{cylinder 1.13528 42.5183}
	{bone "piece07"}
	{Position 0 	 0 	 0.1518}
}
{volume "piece08_volume001"
	{cylinder 1.13528 30.6132}
	{bone "piece08"}
	{Position 0 	 0 	 0.0992}
}
{volume "piece09_volume001"
	{cylinder 1.13528 30.8104}
	{bone "piece09"}
	{Position 0 	 0 	 0.0286}
}
