;Exported by	: KobaA
;Date			: 10.05.2024 14:53:37
;File			: d:\git\gem2-mdl-soldiers\models\landscape\trench\constructor.max
{skeleton
	{bone "basis_corner_001"
		{orientation
			1 	 0 	 0
			0 	 -1 	 0
			0 	 0 	 1
		}
		{bone "trench"
			{parameters "land;ground;"}
			{poly "trench" {ground}{DecalTarget}{NoCastShadows}}
			{bone "point"
				{Position 27.936 	 23.389 	 -23.1428}
			}
			{bone "point5"
				{Position -5.269 	 23.389 	 -23.1428}
			}
			{bone "point1"
				{Position -21.6056 	 2.1567 	 -23.1428}
			}
			{bone "point2"
				{Position 30.3693 	 -11.8361 	 -23.1428}
			}
			{bone "point3"
				{Position 11.8252 	 -31.8834 	 -23.1428}
			}
			{bone "point4"
				{Position -21.6056 	 -29.8982 	 -23.1428}
			}
			{bone "wood"
				{parameters "align;"}
				{poly "wood"}
			}
			{bone "grass"
				{parameters "align;"}
				{poly "grass"}
			}
			{bone "detail1"
				{parameters "land;ground;"}
				{orientation
					-0.0785 	 0.9969 	 0
					-0.9969 	 -0.0785 	 0
					0 	 0 	 1
				}
				{poly "detail1" {ground}}
			}
		}
	}
}
{obstacle "body"
	{obb2
		{center 28.7551 -24.0094}
		{extent 16.0965 3.87015}
		{axis 1 0}
	}
	{rotate}
}
{obstacle "body1"
	{obb2
		{center -23.754 -4.37334}
		{extent 3.87976 17.1973}
		{axis 1 0}
	}
	{rotate}
}
{obstacle "body2"
	{obb2
		{center 30 14.6252}
		{extent 15.9205 3.73011}
		{axis 1 0}
	}
	{rotate}
}
{obstacle "body3"
	{obb2
		{center 14.4069 33.9989}
		{extent 3.73011 15.748}
		{axis 1 0}
	}
	{rotate}
}
{obstacle "body4"
	{obb2
		{center -23.754 30.9844}
		{extent 3.8843 17.7174}
		{axis 1 0}
	}
	{rotate}
}
{obstacle "body5"
	{obb2
		{center -4.99624 -24.0094}
		{extent 17.9546 3.88637}
		{axis 1 0}
	}
	{rotate}
}
{area "cut"
	{polygon2
		{radius 0}
		{vertex -28.5905 20.9017}
		{vertex -28.0988 -30.3925}
		{vertex 48.0113 -29.9295}
		{vertex 47.7864 21.6002}
	}
	{rotate}
}
{area "cut2"
	{polygon2
		{radius 0}
		{vertex -28.9451 20.647}
		{vertex 21.1267 21.1387}
		{vertex 20.6638 52.2742}
		{vertex -29.6436 52.0493}
	}
	{rotate}
	{tag "cut"}
}
{"volumes"
	{"body"
		{box 32.1291 3.93701 25.5906}
		{bone "point"}
		{matrix34
			1 	 -0.0087 	 0
			0.0086 	 0.9902 	 -0.1392
			0.0012 	 0.1392 	 0.9903
			0.8191 	 0.6204 	 11.8488
		}
	}
	{"body1"
		{box 34.3307 3.93701 25.5906}
		{bone "point1"}
		{matrix34
			0.0087 	 1 	 0
			-0.9902 	 0.0086 	 -0.1392
			-0.1392 	 0.0012 	 0.9903
			-2.1484 	 2.2167 	 11.8488
		}
	}
	{"body2"
		{box 31.8411 3.93701 25.5906}
		{bone "point2"}
		{matrix34
			1 	 0 	 0
			0 	 0.9903 	 0.1392
			0 	 -0.1392 	 0.9903
			-0.3693 	 -2.789 	 11.8488
		}
	}
	{"body3"
		{box 31.4961 3.93701 25.5906}
		{bone "point3"}
		{matrix34
			0 	 1 	 0
			-0.9903 	 0 	 0.1392
			0.1392 	 0 	 0.9903
			2.5817 	 -2.1154 	 11.8488
		}
	}
	{"body4"
		{box 35.371 3.93701 25.5906}
		{bone "point4"}
		{matrix34
			0.0087 	 1 	 0
			-0.9902 	 0.0086 	 -0.1392
			-0.1392 	 0.0012 	 0.9903
			-2.1484 	 -1.0862 	 11.8488
		}
	}
	{"body5"
		{box 35.8455 3.93701 25.5906}
		{bone "point5"}
		{matrix34
			1 	 -0.0087 	 0
			0.0086 	 0.9902 	 -0.1392
			0.0012 	 0.1392 	 0.9903
			0.2728 	 0.6204 	 11.8488
		}
	}
}
