;Exported by:	 tolokolnikova
;Date:			 27.06.2017 14:57:03
;File:			 D:\gem2\gem2-mdl-soldiers\models\building\house_D\D_005_cut_x_fort.max
{skeleton
	{bone "d005_piece06a_point"
		{orientation
			1 	 0 	 0
			0 	 -1 	 0
			0 	 0 	 1
		}
		{bone "piece01"
			{Position -0.0374 	 -12.0699 	 12.023}
			{poly "piece01"}
		}
		{bone "sub_piece01"
			{matrix34
				1 	 0 	 0
				0 	 0.6428 	 0.766
				0 	 -0.766 	 0.6428
				0 	 16.7925 	 18.904
			}
			{poly "sub_piece01"}
		}
		{bone "d005_piece06a"
			{Position 0 	 0 	 0}
			{poly "d005_piece06a"}
		}
		{bone revolute "attach1"
			{Position -13.5855 	 1.7661 	 -18.8149}
		}
		{bone "debris_land_001"
			{parameters "commonmesh;land;ground;"}
			{matrix34
				-1 	 0 	 0
				0 	 -1 	 0
				0 	 0 	 1
				12.6228 	 11.8923 	 -20.7834
			}
			{poly "debris_land_001" {ground}}
		}
		{bone "fort_wall"
			{matrix34
				0 	 -1 	 0
				1 	 0 	 0
				0 	 0 	 1
				8.6724 	 -1.1601 	 -15.1681
			}
		}
		{bone "stones_001"
			{parameters "commonmesh;land;ground;"}
			{matrix34
				-1 	 0 	 0
				0 	 -1 	 0
				0 	 0 	 1
				12.6094 	 6.848 	 -20.7834
			}
			{poly "stones_001" {ground}}
		}
	}
}
{volume "piece01"
	{box 5.90551 21.9645 13.9527}
	{bone "piece01"}
	{matrix34
		1 	 0 	 0
		0 	 0.9903 	 -0.1392
		0 	 0.1392 	 0.9903
		0.1324 	 7.815 	 3.4717
	}
}
{volume "sub_piece01"
	{box 5.90551 12.432 10.9534}
	{bone "sub_piece01"}
	{matrix34
		1 	 0 	 0
		0 	 0.9659 	 -0.2588
		0 	 0.2588 	 0.9659
		0.1324 	 0.0046 	 1.3198
	}
}
{volume "target_vol_001"
	{box 9.84252 11.811 15.6501}
	{bone "d005_piece06a_point"}
	{matrix34
		1 	 0 	 0
		0 	 1 	 0
		0 	 0 	 1
		-0.9005 	 1.7661 	 9.1283
	}
}
{volume "vol_01"
	{box 66.1702 6.17902 19.8909}
	{bone "d005_piece06a"}
	{matrix34
		0 	 -1 	 0
		1 	 0 	 0
		0 	 0 	 1
		0.0118 	 -1.0103 	 -10.8379
	}
}
{volume "vol_02"
	{box 25.8064 6.17902 14.9261}
	{bone "d005_piece06a"}
	{matrix34
		0 	 -0.766 	 0.6428
		1 	 0 	 0
		0 	 0.6428 	 0.766
		0.0118 	 -20.4512 	 1.269
	}
}
{volume "vol_03"
	{polyhedron}
	{bone "d005_piece06a"}
	{matrix34
		0 	 -1 	 0
		1 	 0 	 0
		0 	 0 	 1
		0.0118 	 14.54 	 -0.2761
	}
}
