;Exported by	: joomb
;Date			: 17.04.2024 15:16:14
;File			: h:\git\gem2-mdl-soldiers\models\building\buildings_ru\barn_ru001_x.max
{skeleton
	{bone "barn_ru_001_piece07_point"
		{orientation
			1 	 0 	 0
			0 	 -1 	 0
			0 	 0 	 1
		}
		{bone "barn_ru_001_piece07"
			{Position 0 	 0 	 0}
			{poly "barn_ru_001_piece07"}
			{bone "attach1"
				{matrix34
					-1 	 0 	 0
					0 	 -1 	 0
					0 	 0 	 1
					-2.9789 	 21.8934 	 -27.3472
				}
			}
		}
		{bone "sub_piece02"
			{matrix34
				0 	 -0.5736 	 0.8192
				-1 	 0 	 0
				0 	 -0.8192 	 -0.5736
				-14.0967 	 -27.9689 	 -3.1131
			}
			{poly "sub_piece02"}
		}
		{bone "sub_piece03"
			{matrix34
				0 	 -0.5736 	 -0.8192
				1 	 0 	 0
				0 	 -0.8192 	 0.5736
				20.8973 	 -27.9689 	 13.9939
			}
			{poly "sub_piece03"}
		}
		{bone "sub_piece01"
			{matrix34
				0 	 -0.5736 	 -0.8192
				1 	 0 	 0
				0 	 -0.8192 	 0.5736
				-18.1563 	 5.0061 	 -5.5241
			}
			{poly "sub_piece01"}
		}
		{bone "piece02"
			{matrix34
				0.5736 	 0 	 -0.8192
				0 	 1 	 0
				0.8192 	 0 	 0.5736
				-13.3772 	 -18.8919 	 -19.9797
			}
			{poly "piece02"}
		}
		{bone "piece01"
			{matrix34
				0 	 -0.5736 	 -0.8192
				1 	 0 	 0
				0 	 -0.8192 	 0.5736
				-17.25 	 -15.5151 	 -5.5241
			}
			{poly "piece01"}
		}
		{bone "piece03"
			{matrix34
				0.5736 	 0 	 -0.8192
				0 	 1 	 0
				0.8192 	 0 	 0.5736
				23.1019 	 -27.1183 	 6.5866
			}
			{poly "piece03"}
		}
		{bone "sub_piece05"
			{matrix34
				0.5736 	 0 	 -0.8192
				0 	 1 	 0
				0.8192 	 0 	 0.5736
				-1.7104 	 -3.7472 	 22.1667
			}
			{poly "sub_piece05"}
		}
		{bone "sub_piece04"
			{matrix34
				0.5736 	 0 	 -0.8192
				0 	 1 	 0
				0.8192 	 0 	 0.5736
				-1.7104 	 -3.7472 	 22.1667
			}
			{poly "sub_piece04"}
		}
		{bone "piece04"
			{matrix34
				0.5736 	 0 	 -0.8192
				0 	 1 	 0
				0.8192 	 0 	 0.5736
				-2.3566 	 -7.212 	 21.7142
			}
			{poly "piece04"}
		}
	}
}
{"volumes"
	{"body01"
		{box 0.87735 57.8715 11.0112}
		{bone "barn_ru_001_piece07"}
		{Position -18.1269 	 1.4842 	 -21.8416}
	}
	{"body02"
		{box 1.20197 15.1442 11.0112}
		{bone "barn_ru_001_piece07"}
		{matrix34
			0 	 1 	 0
			-1 	 0 	 0
			0 	 0 	 1
			-11.3214 	 -28.0174 	 -21.8416
		}
	}
	{"piece01"
		{box 0.968251 9.50153 22.4693}
		{bone "piece01"}
		{matrix34
			0 	 1 	 0
			-0.5736 	 0 	 -0.8192
			-0.8192 	 0 	 0.5736
			-0.3909 	 -0.9063 	 1.1048
		}
	}
	{"piece02"
		{box 5.25489 5.02022 22.4693}
		{bone "piece02"}
		{matrix34
			0.5736 	 0 	 0.8192
			0 	 1 	 0
			-0.8192 	 0 	 0.5736
			-1.4453 	 -4.732 	 0.3759
		}
	}
	{"piece03"
		{box 0.968251 9.11482 33.8613}
		{bone "piece03"}
		{matrix34
			0 	 1 	 0
			-0.5736 	 0 	 -0.8192
			-0.8192 	 0 	 0.5736
			1.1097 	 -0.8506 	 5.3129
		}
	}
	{"piece04"
		{box 0.968251 4.85528 37.2991}
		{bone "piece04"}
		{matrix34
			0.9999 	 0.01 	 0
			-0.01 	 0.9998 	 -0.0143
			0 	 0.0143 	 0.9999
			0.0093 	 0.1682 	 -0.8286
		}
	}
	{"sub_piece01"
		{box 0.968251 4.46081 23.9036}
		{bone "sub_piece01"}
		{matrix34
			0 	 1 	 0
			-0.6428 	 0 	 -0.766
			-0.766 	 0 	 0.6428
			-1.2533 	 0 	 1.0308
		}
	}
	{"sub_piece02"
		{box 0.968251 5.03581 28.0867}
		{bone "sub_piece02"}
		{matrix34
			-0.5736 	 0 	 -0.8192
			0 	 1 	 0
			0.8192 	 0 	 -0.5736
			1.1071 	 0 	 -0.7752
		}
	}
	{"sub_piece03"
		{box 0.968251 5.03581 24.7163}
		{bone "sub_piece03"}
		{matrix34
			-0.5736 	 0 	 -0.8192
			0 	 -1 	 0
			-0.8192 	 0 	 0.5736
			-0.1106 	 0 	 0.0774
		}
	}
	{"sub_piece04"
		{box 0.987713 5.94007 10.996}
		{bone "sub_piece04"}
		{matrix34
			0.9999 	 0.01 	 0
			-0.01 	 0.9998 	 -0.0143
			0 	 0.0143 	 0.9999
			0.1387 	 -16.0703 	 19.0882
		}
	}
	{"sub_piece05"
		{box 0.987713 12.3751 11.5627}
		{bone "sub_piece05"}
		{matrix34
			0.9999 	 0.01 	 0
			-0.01 	 0.9998 	 -0.0143
			0 	 0.0143 	 0.9999
			-0.169 	 14.6557 	 17.9039
		}
	}
	{"target01"
		{box 9.84252 9.84252 9.84252}
		{bone "barn_ru_001_piece07"}
		{Position -14.5775 	 21.8477 	 -8.6464}
	}
}
