;Exported by:	 tolokolnikova
;Date:			 25.01.2016 16:08:12
;File:			 D:\gem2\gem2-mdl-soldiers\models\entourage\shelter_box\shelter-gr_cart001_Gem2.max
{skeleton
	{bone "basis004"
		{orientation
			1 	 0 	 0
			0 	 -1 	 0
			0 	 0 	 1
		}
		{bone "group002"
			{matrix34
				-1 	 0 	 0
				0 	 -1 	 0
				0 	 0 	 1
				17.9929 	 0 	 21.8594
			}
			{poly "group002"}
		}
	}
}
{Volume "body10"
	{Box 50.3623 1.87626 1.51952}
	{Bone "basis004"}
	{matrix34
		-0.9659 	 0 	 0.2588
		0 	 -1 	 0
		0.2588 	 0 	 0.9659
		46.534 	 -11.5748 	 7.5084
	}
}
{Volume "body11"
	{Box 50.3623 1.87626 1.51952}
	{Bone "basis004"}
	{matrix34
		-0.9659 	 0 	 0.2588
		0 	 -1 	 0
		0.2588 	 0 	 0.9659
		46.534 	 11.4019 	 7.5084
	}
}
{Volume "body1"
	{Cylinder 13.4048 1.47638}
	{Bone "basis004"}
	{matrix34
		-1 	 0 	 0
		0 	 0 	 1
		0 	 1 	 0
		17.5157 	 -16.3891 	 13.073
	}
}
{Volume "body2"
	{Box 62.4782 0.80307 11.3489}
	{Bone "basis004"}
	{matrix34
		-1 	 0 	 0
		0 	 -0.9962 	 0.0872
		0 	 0.0872 	 0.9962
		-1.3454 	 13.7789 	 23.6117
	}
}
{Volume "body3"
	{Box 31.2391 0.80307 11.3489}
	{Bone "basis004"}
	{matrix34
		0 	 -1 	 0
		0.9962 	 0 	 0.0872
		-0.0872 	 0 	 0.9962
		-32.5421 	 0 	 23.6117
	}
}
{Volume "body4"
	{Box 62.4782 0.55307 11.3489}
	{Bone "basis004"}
	{matrix34
		-1 	 0 	 0
		0 	 -0.9962 	 -0.0872
		0 	 -0.0872 	 0.9962
		-1.3454 	 -13.8884 	 23.6117
	}
}
{Volume "body5"
	{Cylinder 14.7131 1.47638}
	{Bone "basis004"}
	{matrix34
		-1 	 0 	 0
		0 	 0 	 1
		0 	 1 	 0
		-18.7944 	 -16.9395 	 14.6146
	}
}
{Volume "body6"
	{Box 31.2391 0.80307 11.3489}
	{Bone "basis004"}
	{matrix34
		0 	 -1 	 0
		1 	 0 	 0
		0 	 0 	 1
		30.1781 	 0 	 23.6333
	}
}
{Volume "body7"
	{Cylinder 14.7131 1.47638}
	{Bone "basis004"}
	{matrix34
		-1 	 0 	 0
		0 	 0 	 1
		0 	 1 	 0
		-18.7944 	 16.5781 	 14.6146
	}
}
{Volume "body8"
	{Box 61.4174 26.8038 1.51952}
	{Bone "basis004"}
	{matrix34
		-1 	 0 	 0
		0 	 -1 	 0
		0 	 0 	 1
		-2.4915 	 0 	 18.4148
	}
}
{Volume "body9"
	{Cylinder 13.4048 1.47638}
	{Bone "basis004"}
	{matrix34
		-1 	 0 	 0
		0 	 0 	 1
		0 	 1 	 0
		17.5157 	 16.8526 	 13.073
	}
}
