;Exported by	: KobaA
;Date			: 27.10.2023 14:52:46
;File			: D:\git\gem2-mdl-soldiers\models\unit\vehicle\Landungsboot\Landungsboot_entourage_x.max
{skeleton
	{bone "basis"
		{orientation
			1 	 0 	 0
			0 	 -1 	 0
			0 	 0 	 1
		}
		{bone "body1"
			{parameters "id=body;"}
			{Position 0 	 0 	 4.9217}
			{poly "body1" {lod 0}}
			{poly "body1_lod1" {lod 1}}
			{poly "body1_lod2" {lod 2}}
			{poly "body1_lod3" {lod 3 {last}}}
			{bone "detail1"
				{parameters "id=body;"}
				{Position 139.335 	 -57.8396 	 24.8682}
				{poly "detail1" {lod 0}}
				{poly "detail1_lod1" {lod 1}}
				{poly "detail1_lod2" {lod 2}}
				{poly "detail1_lod3" {lod 3 {last}}}
			}
			{bone "detail2"
				{parameters "id=body;"}
				{matrix34
					0.9848 	 -0.1736 	 0
					0.1736 	 0.9848 	 0
					0 	 0 	 1
					139.335 	 58.9446 	 24.8682
				}
				{poly "detail1" {lod 0}}
				{poly "detail1_lod1" {lod 1}}
				{poly "detail1_lod2" {lod 2}}
				{poly "detail1_lod3" {lod 3 {last}}}
			}
			{bone "detail4"
				{parameters "id=body;"}
				{matrix34
					0.9962 	 0.0872 	 0
					-0.0872 	 0.9962 	 0
					0 	 0 	 1
					-167.343 	 60.0872 	 22.1703
				}
				{poly "detail1" {lod 0}}
				{poly "detail1_lod1" {lod 1}}
				{poly "detail1_lod2" {lod 2}}
				{poly "detail1_lod3" {lod 3 {last}}}
			}
			{bone "detail3"
				{parameters "id=body;"}
				{matrix34
					-0.9962 	 0.0872 	 0
					-0.0872 	 -0.9962 	 0
					0 	 0 	 1
					-167.197 	 -60.121 	 22.1703
				}
				{poly "detail1" {lod 0}}
				{poly "detail1_lod1" {lod 1}}
				{poly "detail1_lod2" {lod 2}}
				{poly "detail1_lod3" {lod 3 {last}}}
			}
			{bone "door_cabin"
				{parameters "id=body;"}
				{Position -155.425 	 9.3568 	 41.6282}
				{poly "door_cabin" {lod 0}}
				{poly "door_cabin_lod1" {lod 1}}
				{poly "door_cabin_lod2" {lod 2}}
				{poly "door_cabin_lod3" {lod 3 {last}}}
			}
			{bone "door_front"
				{parameters "id=body;"}
				{matrix34
					1 	 0 	 0
					0 	 0 	 1
					0 	 -1 	 0
					173.787 	 0 	 -1.0347
				}
				{poly "door_front" {lod 0}}
				{poly "door_front_lod1" {lod 1}}
				{poly "door_front_lod2" {lod 2}}
				{poly "door_front_lod3" {lod 3 {last}}}
			}
			{bone "fx_bulb_norm_engine1"
				{matrix34
					-0.9703 	 0.2419 	 0
					-0.2419 	 -0.9703 	 0
					0 	 0 	 1
					-181.252 	 38.8053 	 -4.9217
				}
			}
			{bone "fx_bulb_norm_engine2"
				{matrix34
					-0.9563 	 -0.2924 	 0
					0.2924 	 -0.9563 	 0
					0 	 0 	 1
					-182.128 	 -40.5251 	 -4.9217
				}
			}
			{bone "fx_bulb_norm_front1"
				{matrix34
					0.866 	 0.5 	 0
					-0.5 	 0.866 	 0
					0 	 0 	 1
					168.525 	 44.7687 	 -4.9217
				}
			}
			{bone "fx_bulb_norm_front2"
				{matrix34
					0.8572 	 -0.515 	 0
					0.515 	 0.8572 	 0
					0 	 0 	 1
					167.948 	 -44.9956 	 -4.9217
				}
			}
			{bone "fx_bulb_norm_front3"
				{matrix34
					0.5 	 0.866 	 0
					-0.866 	 0.5 	 0
					0 	 0 	 1
					115.151 	 49.7241 	 -4.9217
				}
			}
			{bone "fx_bulb_norm_front4"
				{matrix34
					0.4848 	 -0.8746 	 0
					0.8746 	 0.4848 	 0
					0 	 0 	 1
					115.151 	 -49.7242 	 -4.9217
				}
			}
			{bone "fx_bulb_small_center1"
				{matrix34
					0 	 1 	 0
					-1 	 0 	 0
					0 	 0 	 1
					44.087 	 55.7661 	 -4.9217
				}
			}
			{bone "fx_bulb_small_center2"
				{matrix34
					0 	 -1 	 0
					1 	 0 	 0
					0 	 0 	 1
					43.9575 	 -55.7661 	 -4.9217
				}
			}
			{bone "fx_bulb_small_center3"
				{matrix34
					0 	 1 	 0
					-1 	 0 	 0
					0 	 0 	 1
					-35.4779 	 55.7661 	 -4.9217
				}
			}
			{bone "fx_bulb_small_center4"
				{matrix34
					0 	 -1 	 0
					1 	 0 	 0
					0 	 0 	 1
					-35.6074 	 -55.7661 	 -4.9217
				}
			}
			{bone "fx_bulb_small_center5"
				{matrix34
					0 	 1 	 0
					-1 	 0 	 0
					0 	 0 	 1
					-130.678 	 55.7661 	 -4.9217
				}
			}
			{bone "fx_bulb_small_center6"
				{matrix34
					0 	 -1 	 0
					1 	 0 	 0
					0 	 0 	 1
					-130.807 	 -55.7661 	 -4.9217
				}
			}
			{bone "fx_fire1"
				{matrix34
					0 	 0 	 1
					0 	 1 	 0
					-1 	 0 	 0
					-169.39 	 16.8728 	 18.7617
				}
			}
			{bone "pivot_back"
				{Position -156.434 	 0 	 -3.8518}
			}
			{bone "pivot_front"
				{Position 113.984 	 0 	 -3.8518}
			}
			{bone "scissor"
				{Position 85.7664 	 0 	 13.1135}
				{poly "scissor"
					{layer waterscissor}}
			}
			{bone revolute "steer"
				{parameters "id=body;"}
				{matrix34
					0 	 -1 	 0
					0 	 0 	 -1
					1 	 0 	 0
					-168.912 	 22.3228 	 41.0776
				}
				{poly "steer" {lod 0}}
				{poly "steer_lod1" {lod 1}}
				{poly "steer_lod2" {lod 2}}
				{poly "steer_lod3" {lod 3 {last}}}
			}
			{bone "detail5"
				{matrix34
					-1 	 0 	 0
					0 	 -0.1736 	 0.9848
					0 	 0.9848 	 0.1736
					35.251 	 70.6614 	 5.7926
				}
				{poly "detail5" {lod 0}}
				{poly "detail5_lod1" {lod 1}}
				{poly "detail5_lod2" {lod 2}}
				{poly "detail5_lod3" {lod 3 {last}}}
			}
			{bone "detail6"
				{matrix34
					-1 	 0 	 0
					0 	 -0.1736 	 0.9848
					0 	 0.9848 	 0.1736
					-72.153 	 70.6614 	 5.7926
				}
				{poly "detail5" {lod 0}}
				{poly "detail5_lod1" {lod 1}}
				{poly "detail5_lod2" {lod 2}}
				{poly "detail5_lod3" {lod 3 {last}}}
			}
			{bone "detail7"
				{matrix34
					1 	 0 	 0
					0 	 0.1736 	 0.9848
					0 	 -0.9848 	 0.1736
					-72.153 	 -70.6614 	 5.7926
				}
				{poly "detail5" {lod 0}}
				{poly "detail5_lod1" {lod 1}}
				{poly "detail5_lod2" {lod 2}}
				{poly "detail5_lod3" {lod 3 {last}}}
			}
			{bone "detail8"
				{matrix34
					1 	 0 	 0
					0 	 0.1736 	 0.9848
					0 	 -0.9848 	 0.1736
					35.251 	 -70.6614 	 5.7926
				}
				{poly "detail5" {lod 0}}
				{poly "detail5_lod1" {lod 1}}
				{poly "detail5_lod2" {lod 2}}
				{poly "detail5_lod3" {lod 3 {last}}}
			}
			{bone "rope"
				{parameters "id=body;"}
				{matrix34
					-0.1392 	 0 	 -0.9903
					0 	 1 	 0
					0.9903 	 0 	 -0.1392
					190.728 	 -43.0851 	 44.9973
				}
				{poly "rope"}
			}
			{bone "body2"
				{parameters "id=body;"}
				{Position 85.7664 	 0 	 3.6867}
				{poly "body2" {lod 0}}
				{poly "body2_lod1" {lod 1}}
				{poly "body2_lod2" {lod 2}}
				{poly "body2_lod3" {lod 3 {last}}}
			}
			{bone "body3"
				{parameters "id=body;"}
				{Position 0 	 0 	 -3.8518}
				{poly "body3" {lod 0}}
				{poly "body3_lod1" {lod 1}}
				{poly "body3_lod2" {lod 2}}
				{poly "body3_lod3" {lod 3 {last}}}
			}
			{bone "flag1"
				{matrix34
					0.1219 	 0 	 -0.9925
					0.9925 	 0 	 0.1219
					0 	 -1 	 0
					-214.283 	 -12.0005 	 77.3263
				}
				{poly "flag1"}
			}
			{bone "flag"
				{matrix34
					0.1219 	 0 	 -0.9925
					0.9925 	 0 	 0.1219
					0 	 -1 	 0
					-214.283 	 -12.0005 	 77.3263
				}
				{poly "flag"}
			}
		}
	}
}
{"volumes"
	{"ballast"
		{polyhedron}
		{bone "body1"}
		{Position -0.6311 	 0 	 -17.2607}
	}
	{"body01"
		{box 191.032 1.87996 19.4211}
		{bone "body1"}
		{Position -18.6394 	 65.4403 	 9.3553}
	}
	{"body02"
		{polyhedron}
		{bone "body1"}
		{Position 0.3849 	 0 	 -15.8154}
	}
	{"body03"
		{box 191.032 1.87996 19.4211}
		{bone "body1"}
		{Position -18.6394 	 -65.4404 	 9.3553}
	}
	{"body04"
		{polyhedron}
		{bone "body1"}
		{matrix34
			0.9945 	 -0.1045 	 0
			0.1045 	 0.9945 	 0
			0 	 0 	 1
			131.091 	 59.8059 	 -0.3552
		}
	}
	{"body05"
		{polyhedron}
		{bone "body1"}
		{matrix34
			0.9945 	 -0.1045 	 0
			0.1045 	 0.9945 	 0
			0 	 0 	 1
			203.115 	 52.2359 	 -0.3552
		}
	}
	{"body06"
		{polyhedron}
		{bone "body1"}
		{matrix34
			0.9945 	 -0.1045 	 0
			0.1045 	 0.9945 	 0
			0 	 0 	 1
			180.171 	 54.6473 	 -0.3552
		}
	}
	{"body07"
		{polyhedron}
		{bone "body1"}
		{matrix34
			0.9945 	 0.1045 	 0
			-0.1045 	 0.9945 	 0
			0 	 0 	 1
			131.091 	 -59.8059 	 -0.3552
		}
	}
	{"body08"
		{polyhedron}
		{bone "body1"}
		{matrix34
			0.9945 	 0.1045 	 0
			-0.1045 	 0.9945 	 0
			0 	 0 	 1
			203.115 	 -52.2358 	 -0.3552
		}
	}
	{"body09"
		{polyhedron}
		{bone "body1"}
		{matrix34
			0.9945 	 0.1045 	 0
			-0.1045 	 0.9945 	 0
			0 	 0 	 1
			180.171 	 -54.6473 	 -0.3552
		}
	}
	{"body10"
		{box 2.98969 16.9251 57.0333}
		{bone "body1"}
		{matrix34
			0.9336 	 0 	 -0.3584
			0 	 1 	 0
			0.3584 	 0 	 0.9336
			183.486 	 46.5131 	 24.6337
		}
	}
	{"body11"
		{box 2.98969 16.9251 57.0333}
		{bone "body1"}
		{matrix34
			0.9336 	 0 	 -0.3584
			0 	 1 	 0
			0.3584 	 0 	 0.9336
			183.486 	 -46.5132 	 24.6337
		}
	}
	{"body12"
		{cylinder 4.23174 36.1823}
		{bone "body1"}
		{matrix34
			0.9986 	 0 	 -0.0523
			0 	 1 	 0
			0.0523 	 0 	 0.9986
			-140.066 	 51.2594 	 24.5114
		}
	}
	{"body13"
		{box 3.8268 78.363 61.0256}
		{bone "body1"}
		{matrix34
			0.9336 	 0 	 -0.3584
			0 	 1 	 0
			0.3584 	 0 	 0.9336
			184.973 	 0 	 26.4973
		}
	}
	{"body14"
		{polyhedron}
		{bone "body1"}
		{matrix34
			0.9945 	 -0.1045 	 0
			0.1045 	 0.9945 	 0
			0 	 0 	 1
			-153.885 	 -61.2178 	 -0.3552
		}
	}
	{"body15"
		{polyhedron}
		{bone "body1"}
		{matrix34
			0.9945 	 0.1045 	 0
			-0.1045 	 0.9945 	 0
			0 	 0 	 1
			-153.885 	 61.2177 	 -0.3552
		}
	}
	{"body16"
		{box 4.27568 114.57 41.2135}
		{bone "body1"}
		{Position -192.707 	 0 	 20.2347}
	}
	{"body17"
		{box 23.7715 9.36176 21.1108}
		{bone "body1"}
		{Position 85.503 	 -45.3512 	 16.647}
	}
	{"body18"
		{box 36.5727 49.3206 41.8124}
		{bone "body1"}
		{Position -173.391 	 16.4812 	 42.1269}
	}
	{"body19"
		{cylinder 6.64522 19.0829}
		{bone "body1"}
		{matrix34
			1 	 0 	 0
			0 	 0 	 1
			0 	 -1 	 0
			-171.53 	 -25.2261 	 28.1741
		}
	}
	{"engine"
		{polyhedron}
		{bone "body1"}
		{Position -173.447 	 0 	 5.0947}
	}
	{"sticky"
		{polyhedron}
		{bone "body1"}
		{Position 9.4197 	 0 	 -3.8518}
	}
	{"window01"
		{box 1.8975 28.8319 10.935}
		{bone "body1"}
		{matrix34
			0 	 1 	 0
			-1 	 0 	 0
			0 	 0 	 1
			-174.182 	 -7.3774 	 52.3376
		}
	}
	{"window02"
		{box 1.8975 9.58261 10.935}
		{bone "body1"}
		{Position -155.983 	 1.9333 	 52.3376}
	}
	{"window03"
		{box 1.8975 28.8319 10.935}
		{bone "body1"}
		{Position -155.983 	 23.4182 	 52.3376}
	}
	{"window04"
		{box 1.8975 28.8319 10.935}
		{bone "body1"}
		{matrix34
			0 	 1 	 0
			-1 	 0 	 0
			0 	 0 	 1
			-174.182 	 40.3899 	 52.3376
		}
	}
}
