;Exported by: sasha
;Date:        Thu May 22 19:05:49 2008
;File:        D:\-Projects-\-3D-\flora\VineYard\VineYard_thin_fence.max
{Skeleton
	{bone "vine_yard_thin_x"
		{Orientation
			1	0	0
			0	-1	0
			0	0	1
		}
		{bone "sub_piece01"
			{Matrix34
				0	-0.25882	0.965926
				0	0.965926	0.25882
				-1	0	0
				32.0791	0.622604	19.7339
			}
			{VolumeView "sub_piece01.ply"}
		}
		{bone "sub_piece02"
			{Matrix34
				0.0871558	0.257834	0.96225
				0	0.965926	-0.258819
				-0.996195	0.0225575	0.0841861
				3.98518	4.35381	19.9378
			}
			{VolumeView "sub_piece02.ply"}
		}
		{bone "sub_piece03"
			{Matrix34
				0	-0.173648	0.984808
				0	0.984808	0.173648
				-1	0	0
				-28.2335	4.88916	17.7614
			}
			{VolumeView "sub_piece03.ply"}
		}
		{bone "piece01"
			{Matrix34
				-0.0871556	0	0.996195
				0	1	0
				-0.996195	0	-0.0871556
				-45.5339	-0.0207367	24.8339
			}
			{VolumeView "piece01.ply"}
		}
	}
}
{Volume "piece01"
	{Cylinder 2.11139 47.5671}
	{Bone "piece01"}
	{Matrix34
		-0.0871558	0	-0.996195
		0	1	0
		0.996195	0	-0.0871558
		5.93869	-0.14769	-0.977584
	}
}
{Volume "sub_piece01"
	{Cylinder 1.96666 44.6595}
	{Bone "sub_piece01"}
	{Matrix34
		0	0	-1
		-0.258819	0.965926	0
		0.965926	0.258819	0
		9.33683	2.42918	0.861884
	}
}
{Volume "sub_piece02"
	{Cylinder 1.37845 42.6915}
	{Bone "sub_piece02"}
	{Matrix34
		0.0871558	0	-0.996195
		0.257834	0.965926	0.0225575
		0.96225	-0.258819	0.084186
		7.39467	-5.16498	0.0859368
	}
}
{Volume "sub_piece03"
	{Cylinder 1.53265 41.7243}
	{Bone "sub_piece03"}
	{Matrix34
		0	0	-1
		-0.173648	0.984808	0
		0.984808	0.173648	0
		10.9806	-3.80944	-4.75188
	}
}
