;Exported by:	 tolokolnikova
;Date:			 27.06.2017 14:57:06
;File:			 D:\gem2\gem2-mdl-soldiers\models\building\house_D\D_005_cut_x_fort.max
{skeleton
	{bone "d005_piece14_point"
		{orientation
			1 	 0 	 0
			0 	 -1 	 0
			0 	 0 	 1
		}
		{bone "piece02"
			{Position 15.2826 	 34.4177 	 18.5383}
			{poly "piece02"}
		}
		{bone "piece03"
			{Position 10.9859 	 34.513 	 -3.7978}
			{poly "piece03"}
		}
		{bone "piece04"
			{Position -13.527 	 34.4615 	 26.3656}
			{poly "piece04"}
		}
		{bone "piece05"
			{Position -11.978 	 34.4861 	 -21.3512}
			{poly "piece05"}
		}
		{bone "piece11"
			{Position 16.426 	 34.3669 	 -25.984}
			{poly "piece11"}
		}
		{bone "sub_piece03"
			{Position 29.4978 	 34.5186 	 -2.179}
			{poly "sub_piece03"}
		}
		{bone "piece09"
			{Position 33.3125 	 13.579 	 4.7609}
			{poly "piece09"}
		}
		{bone "piece06"
			{Position 33.2464 	 21.6005 	 23.9114}
			{poly "piece06"}
		}
		{bone "piece07"
			{Position 33.5463 	 -5.3742 	 17.978}
			{poly "piece07"}
		}
		{bone "piece10"
			{Position 33.4937 	 -0.4363 	 -14.2965}
			{poly "piece10"}
		}
		{bone "piece08"
			{Position 33.3078 	 19.8276 	 -19.722}
			{poly "piece08"}
		}
		{bone "sub_piece01"
			{matrix34
				0 	 0.7071 	 0.7071
				0 	 0.7071 	 -0.7071
				-1 	 0 	 0
				-12.9825 	 11.2276 	 38.1602
			}
			{poly "sub_piece01"}
		}
		{bone "sub_piece02"
			{Position -12.527 	 9.678 	 -20.8147}
			{poly "sub_piece02"}
		}
		{bone "piece01"
			{matrix34
				-1 	 0 	 0
				0 	 1 	 0
				0 	 0 	 1
				12.6429 	 46.3004 	 -32.2842
			}
			{poly "piece01"}
		}
		{bone "sub_piece08"
			{Position -8.4689 	 45.5814 	 -27.014}
			{poly "sub_piece08"}
		}
		{bone "sub_piece07"
			{Position -10.3591 	 23.8403 	 35.7864}
			{poly "sub_piece07"}
		}
		{bone "sub_piece06"
			{Position 21.4149 	 31.9549 	 32.8175}
			{poly "sub_piece06"}
		}
		{bone "sub_piece05"
			{matrix34
				-1 	 0 	 0
				0 	 -0.9991 	 0.0426
				0 	 0.0426 	 0.9991
				21.4149 	 -4.9331 	 35.3604
			}
			{poly "sub_piece05"}
		}
		{bone "sub_piece04"
			{matrix34
				-1 	 0 	 0
				0 	 -0.9991 	 0.0426
				0 	 0.0426 	 0.9991
				-4.8776 	 -11.8595 	 33.1596
			}
			{poly "sub_piece04"}
		}
	}
}
{volume "piece01"
	{box 4.27322 12.7392 9.77248}
	{bone "piece01"}
	{matrix34
		-1 	 0 	 0
		0 	 1 	 0
		0 	 0 	 1
		0 	 0 	 0.589
	}
}
{volume "piece02"
	{box 5.90551 23.4965 13.6328}
	{bone "piece02"}
	{matrix34
		0 	 1 	 0
		-0.9563 	 0 	 0.2924
		0.2924 	 0 	 0.9563
		-0.4992 	 0.1072 	 0.2542
	}
}
{volume "piece03"
	{box 5.90551 15.0377 17.9705}
	{bone "piece03"}
	{matrix34
		0 	 1 	 0
		-0.788 	 0 	 -0.6157
		-0.6157 	 0 	 0.788
		-1.2637 	 0.2475 	 -0.0325
	}
}
{volume "piece04"
	{box 17.8645 5.90551 10.8908}
	{bone "piece04"}
	{Position -0.0747 	 -0.3641 	 0.6582}
}
{volume "piece05"
	{box 5.90551 23.4965 13.6328}
	{bone "piece05"}
	{matrix34
		0 	 1 	 0
		-0.5446 	 0 	 0.8387
		0.8387 	 0 	 0.5446
		-0.5217 	 -0.1009 	 1.418
	}
}
{volume "piece06"
	{box 5.90551 23.4965 13.6328}
	{bone "piece06"}
	{matrix34
		1 	 0 	 0
		0 	 0.788 	 -0.6157
		0 	 0.6157 	 0.788
		0 	 -0.6096 	 1.3409
	}
}
{volume "piece07"
	{box 5.90551 15.0377 17.9705}
	{bone "piece07"}
	{matrix34
		1 	 0 	 0
		0 	 0.788 	 -0.6157
		0 	 0.6157 	 0.788
		0 	 -0.2798 	 3.3123
	}
}
{volume "piece08"
	{box 5.90551 23.4965 13.6328}
	{bone "piece08"}
	{matrix34
		1 	 0 	 0
		0 	 0.5446 	 0.8387
		0 	 -0.8387 	 0.5446
		0 	 1.3924 	 1.0683
	}
}
{volume "piece09"
	{box 5.90551 23.5382 13.8895}
	{bone "piece09"}
	{Position 1.2073 	 -0.0027 	 0.7148}
}
{volume "piece10"
	{box 5.90551 21.7473 14.2028}
	{bone "piece10"}
	{Position 0 	 0.747 	 0.4631}
}
{volume "piece11"
	{box 5.90551 21.7473 14.2028}
	{bone "piece11"}
	{matrix34
		0 	 1 	 0
		-1 	 0 	 0
		0 	 0 	 1
		-0.095 	 0.05 	 -1.9603
	}
}
{volume "sub_piece01"
	{box 43.7578 2.56058 3.50637}
	{bone "sub_piece01"}
	{matrix34
		0 	 0 	 -1
		0.7071 	 0.7071 	 0
		0.7071 	 -0.7071 	 0
		0.1057 	 -0.1422 	 -1.4312
	}
}
{volume "sub_piece02"
	{box 2.94852 21.5293 2.44312}
	{bone "sub_piece02"}
	{Position 0 	 1.7911 	 0.0968}
}
{volume "sub_piece03"
	{box 5.90551 12.7925 10.4432}
	{bone "sub_piece03"}
	{matrix34
		0 	 1 	 0
		-1 	 0 	 0
		0 	 0 	 1
		0.1329 	 0.05 	 0.0383
	}
}
{volume "sub_piece04"
	{box 0.984252 17.8328 14.2028}
	{bone "sub_piece04"}
	{matrix34
		0 	 0.3818 	 0.9243
		1 	 0 	 0
		0 	 0.9243 	 -0.3818
		0.877 	 0.8362 	 0.1081
	}
}
{volume "sub_piece05"
	{box 0.984252 17.8328 14.2028}
	{bone "sub_piece05"}
	{matrix34
		0 	 0.3818 	 0.9243
		1 	 0 	 0
		0 	 0.9243 	 -0.3818
		1.966 	 0.9708 	 -0.2747
	}
}
{volume "sub_piece06"
	{box 0.984252 17.8328 14.2028}
	{bone "sub_piece06"}
	{matrix34
		0 	 0.342 	 0.9397
		1 	 0 	 0
		0 	 0.9397 	 -0.342
		-0.6213 	 -0.141 	 0.4216
	}
}
{volume "sub_piece07"
	{box 0.984252 17.8328 14.2028}
	{bone "sub_piece07"}
	{matrix34
		0 	 0.342 	 0.9397
		1 	 0 	 0
		0 	 0.9397 	 -0.342
		0.7476 	 0.1645 	 0.0753
	}
}
{volume "sub_piece08"
	{box 0.984252 15.6928 14.2028}
	{bone "sub_piece08"}
	{matrix34
		0 	 0.3198 	 0.9475
		1 	 0 	 0
		0 	 0.9475 	 -0.3198
		0.2273 	 -1.4885 	 0.6588
	}
}
