;Exported by	: joomb
;Date			: 17.04.2024 15:16:13
;File			: h:\git\gem2-mdl-soldiers\models\building\buildings_ru\barn_ru001_x.max
{skeleton
	{bone "barn_ru_001_piece06_point"
		{orientation
			1 	 0 	 0
			0 	 -1 	 0
			0 	 0 	 1
		}
		{bone "barn_ru_001_piece06"
			{Position 0 	 0 	 0}
			{poly "barn_ru_001_piece06"}
		}
		{bone "piece01"
			{matrix34
				0 	 -0.5736 	 -0.8192
				1 	 0 	 0
				0 	 -0.8192 	 0.5736
				-9.6095 	 24.5422 	 -14.8902
			}
			{poly "piece01"}
		}
		{bone "piece02"
			{matrix34
				0 	 -0.5736 	 -0.8192
				1 	 0 	 0
				0 	 -0.8192 	 0.5736
				-17.9088 	 9.7822 	 -7.5061
			}
			{poly "piece02"}
		}
		{bone "sub_piece01"
			{matrix34
				-0.515 	 0 	 0.8572
				0 	 1 	 0
				-0.8572 	 0 	 -0.515
				-6.6174 	 29.2204 	 -3.6811
			}
			{poly "sub_piece01"}
		}
		{bone "sub_piece02"
			{matrix34
				0 	 0.6428 	 -0.766
				-1 	 0 	 0
				0 	 0.766 	 0.6428
				-18.6018 	 -6.9511 	 -7.3727
			}
			{poly "sub_piece02"}
		}
		{bone "piece03"
			{matrix34
				0.5736 	 0 	 -0.8192
				0 	 1 	 0
				0.8192 	 0 	 0.5736
				-9.3237 	 24.7738 	 15.2439
			}
			{poly "piece03"}
		}
		{bone "piece04"
			{matrix34
				0.5736 	 0 	 -0.8192
				0 	 1 	 0
				0.8192 	 0 	 0.5736
				-2.9136 	 0.2058 	 19.7323
			}
			{poly "piece04"}
		}
		{bone "fort_wall"
			{matrix34
				0 	 1 	 0
				-1 	 0 	 0
				0 	 0 	 1
				-25.4611 	 -30.9788 	 -25.6875
			}
		}
		{bone "debris_land_001"
			{parameters "land;ground;"}
			{Position -30.1315 	 -32.7838 	 -40.3717}
			{poly "debris_land_001" {ground}}
		}
	}
}
{"volumes"
	{"body01"
		{box 24.6248 1.37795 21.2037}
		{bone "barn_ru_001_piece06"}
		{Position -7.007 	 29.2237 	 -18.7273}
	}
	{"body02"
		{box 40.3847 1.37795 11.8741}
		{bone "barn_ru_001_piece06"}
		{matrix34
			0 	 1 	 0
			-1 	 0 	 0
			0 	 0 	 1
			-18.6872 	 -0.12 	 -23.3922
		}
	}
	{"piece01"
		{box 5.06014 4.94293 34.6694}
		{bone "piece01"}
		{matrix34
			0 	 1 	 0
			-0.5736 	 0 	 -0.8192
			-0.8192 	 0 	 0.5736
			-0.1277 	 -4.7424 	 -0.3301
		}
	}
	{"piece02"
		{box 1.1811 9.47308 23.4253}
		{bone "piece02"}
		{matrix34
			0 	 1 	 0
			-0.5736 	 0 	 -0.8192
			-0.8192 	 0 	 0.5736
			0.3451 	 -0.693 	 0.712
		}
	}
	{"piece03"
		{box 1.1811 13.2849 18.6156}
		{bone "piece03"}
		{matrix34
			-1 	 0 	 0
			0 	 -1 	 0
			0 	 0 	 1
			-0.0678 	 -6.5592 	 10.189
		}
	}
	{"piece04"
		{box 1.14602 4.97385 36.7025}
		{bone "piece04"}
		{matrix34
			-1 	 -0.01 	 0
			0.01 	 -0.9998 	 0.0143
			0 	 0.0143 	 0.9999
			-0.0661 	 0.2173 	 -0.3062
		}
	}
	{"sub_piece01"
		{box 1.1811 4.64181 22.5}
		{bone "sub_piece01"}
		{matrix34
			0 	 1 	 0
			0.515 	 0 	 0.8572
			0.8572 	 0 	 -0.515
			0.1887 	 0 	 -0.4593
		}
	}
	{"sub_piece02"
		{box 0.787399 4.22438 24.8813}
		{bone "sub_piece02"}
		{matrix34
			0 	 -1 	 0
			0.6428 	 0 	 0.766
			-0.766 	 0 	 0.6428
			-0.5517 	 0 	 0.463
		}
	}
}
