;Exported by	: joomb
;Date			: 13.04.2023 16:25:31
;File			: H:\git\gem2-mdl-soldiers\models\building\building_ua01\building_07_v2_BBB.max
{skeleton
	{bone "b_ua_07_piece01"
		{orientation
			1 	 0 	 0
			0 	 -1 	 0
			0 	 0 	 1
		}
		{poly "b_ua_07_piece01"}
		{bone "fort_wall"
			{matrix34
				-1 	 0 	 0
				0 	 -1 	 0
				0 	 0 	 1
				-6.8119 	 -47.5452 	 -47.3855
			}
		}
		{bone revolute "attach1"
			{matrix34
				0 	 -1 	 0
				1 	 0 	 0
				0 	 0 	 1
				-10.942 	 -25.2873 	 -49.1106
			}
		}
		{bone revolute "attach2"
			{matrix34
				-1 	 0 	 0
				0 	 -1 	 0
				0 	 0 	 1
				-12.0043 	 0.3329 	 -49.1106
			}
		}
	}
}
{"volumes"
	{"body01"
		{box 39.7779 5.90551 61.1448}
		{bone "b_ua_07_piece01"}
		{Position -12.4232 	 -39.0549 	 -29.7137}
	}
	{"body02"
		{box 39.7779 5.90551 28.1266}
		{bone "b_ua_07_piece01"}
		{Position 27.4789 	 -39.0549 	 -46.2228}
	}
	{"body03"
		{polyhedron}
		{bone "b_ua_07_piece01"}
		{Position 27.4789 	 -39.0549 	 -32.4136}
	}
	{"body04"
		{box 23.2701 5.90551 5.65271}
		{bone "b_ua_07_piece01"}
		{Position 19.0497 	 -39.0549 	 -5.5691}
	}
	{"body05"
		{box 70.8047 5.90551 62.9792}
		{bone "b_ua_07_piece01"}
		{matrix34
			0 	 -1 	 0
			1 	 0 	 0
			0 	 0 	 1
			-27.4017 	 -0.8588 	 -28.7966
		}
	}
	{"floor01"
		{polyhedron}
		{bone "b_ua_07_piece01"}
		{Position 3.3949 	 -5.3323 	 1.7417}
	}
	{"roof01"
		{polyhedron}
		{bone "b_ua_07_piece01"}
		{matrix34
			1 	 0 	 0
			0 	 0.7573 	 -0.6531
			0 	 0.6531 	 0.7573
			-40.515 	 -32.1564 	 23.4653
		}
	}
	{"roof02"
		{polyhedron}
		{bone "b_ua_07_piece01"}
		{matrix34
			1 	 0 	 0
			0 	 0.7573 	 -0.6531
			0 	 0.6531 	 0.7573
			-0.5857 	 -51.723 	 0.7214
		}
	}
	{"roof03"
		{box 22.4889 1.9685 10.4416}
		{bone "b_ua_07_piece01"}
		{matrix34
			1 	 0 	 0
			0 	 0.7573 	 -0.6531
			0 	 0.6531 	 0.7573
			12.5005 	 -9.5403 	 51.5264
		}
	}
}
