;Exported by:	 Oleksandr Tsaprylov
;Date:			 20.07.2022 11:50:25
;File:			 E:\projects\gem2-mdl-soldiers\models\entourage\bridge_wood\bridge_wood_01.max
{skeleton
	{bone "bridge_wood_03"
		{orientation
			1 	 0 	 0
			0 	 -1 	 0
			0 	 0 	 1
		}
		{poly "bridge_wood_03"}
		{bone "ground"
			{parameters "land;ground;"}
			{matrix34
				1 	 0 	 0
				0 	 0.9962 	 -0.0872
				0 	 0.0872 	 0.9962
				0.0006 	 16.6394 	 30.8541
			}
			{visibility 0}
			{poly "ground" {ground}}
		}
		{bone "bridge_wood_03_piece_002_point"
			{Position -70.2122 	 0 	 37.5922}
		}
		{bone "bridge_wood_03_piece_001_point"
			{Position 70.3139 	 0 	 37.5922}
		}
		{bone "piece_002_destroyed"
			{Position -70.2122 	 -20.3174 	 37.5961}
			{poly "piece_002_destroyed"}
		}
		{bone "piece_001_destroyed"
			{Position 70.3139 	 -20.3174 	 37.5961}
			{poly "piece_001_destroyed"}
		}
	}
}
{obstacle "obstacle01"
	{obb2
		{center 67.8941 19.9511}
		{extent 4.75515 33.7795}
		{axis -1 0}
	}
	{rotate}
}
{obstacle "obstacle02"
	{obb2
		{center -67.7367 19.9511}
		{extent 4.75515 33.7795}
		{axis -1 0}
	}
	{rotate}
}
{volume "body01"
	{box 145.166 121.265 5.17835}
	{bone "bridge_wood_03"}
	{matrix34
		1 	 0 	 0
		0 	 0.9962 	 -0.0872
		0 	 0.0872 	 0.9962
		-0.0316 	 4.8163 	 29.8298
	}
}
{volume "body02"
	{cylinder 4.38503 108.429}
	{bone "bridge_wood_03"}
	{Position 66.1926 	 9.5328 	 -27.8364}
}
{volume "body03"
	{cylinder 4.38503 108.429}
	{bone "bridge_wood_03"}
	{Position 0.9537 	 9.4755 	 -27.8364}
}
{volume "body04"
	{cylinder 4.38503 108.429}
	{bone "bridge_wood_03"}
	{Position -66.0921 	 9.5328 	 -27.8364}
}
{volume "body05"
	{box 143.125 24.007 101.516}
	{bone "bridge_wood_03"}
	{Position 0.4816 	 -50.1486 	 -18.8484}
}
{volume "body06"
	{box 2.96708 3.29724 2.38204}
	{bone "bridge_wood_03"}
	{matrix34
		0 	 1 	 0
		-0.9962 	 0 	 -0.0872
		-0.0872 	 0 	 0.9962
		-65.8656 	 -44.0193 	 39.1098
	}
}
{volume "body07"
	{box 145.166 12.4213 5.17835}
	{bone "bridge_wood_03"}
	{matrix34
		1 	 0 	 0
		0 	 1 	 0.0024
		0 	 -0.0024 	 1
		-0.0316 	 -58.5499 	 34.7509
	}
}
