;Exported by	: KobaA
;Date			: 05.03.2024 10:29:04
;File			: d:\git\gem2-mdl-soldiers\models\building\house_40\house_40_new_cut_x.max
{skeleton
	{bone "house_40_g2_piece_009_x"
		{orientation
			1 	 0 	 0
			0 	 -1 	 0
			0 	 0 	 1
		}
		{bone "sub_piece13"
			{matrix34
				0 	 -1 	 0
				1 	 0 	 0
				0 	 0 	 1
				-16.7323 	 11.6182 	 -19.9353
			}
			{poly "sub_piece13"}
		}
		{bone "sub_piece06"
			{matrix34
				-1 	 0 	 0
				0 	 -1 	 0
				0 	 0 	 1
				-16.7323 	 8.6894 	 -9.5086
			}
			{poly "sub_piece06"}
		}
		{bone "piece04"
			{matrix34
				0 	 -1 	 0
				1 	 0 	 0
				0 	 0 	 1
				-16.7323 	 -2.6295 	 -17.1218
			}
			{poly "piece04"}
		}
		{bone "sub_piece12"
			{matrix34
				0 	 -1 	 0
				1 	 0 	 0
				0 	 0 	 1
				-16.7323 	 -14.3965 	 -16.9824
			}
			{poly "sub_piece12"}
		}
		{bone "sub_piece11"
			{matrix34
				0 	 -1 	 0
				1 	 0 	 0
				0 	 0 	 1
				-16.7323 	 -4.3433 	 -5.2248
			}
			{poly "sub_piece11"}
		}
		{bone "sub_piece05"
			{matrix34
				-1 	 0 	 0
				0 	 0.342 	 0.9397
				0 	 0.9397 	 -0.342
				-16.7323 	 -15.5144 	 -5.7047
			}
			{poly "sub_piece05"}
		}
		{bone "piece02"
			{matrix34
				0 	 0 	 1
				0 	 -1 	 0
				1 	 0 	 0
				-14.8086 	 -20.6693 	 -11.3883
			}
			{poly "piece02"}
		}
		{bone "sub_piece09"
			{matrix34
				-1 	 0 	 0
				0 	 -1 	 0
				0 	 0 	 1
				-5.9181 	 -20.6693 	 -9.0672
			}
			{poly "sub_piece09"}
		}
		{bone "sub_piece02"
			{matrix34
				0 	 1 	 0
				-0.1736 	 0 	 -0.9848
				-0.9848 	 0 	 0.1736
				-1.6911 	 -20.6693 	 -21.3795
			}
			{poly "sub_piece02"}
		}
		{bone "piece03"
			{matrix34
				-0.9962 	 0 	 0.0872
				0 	 -1 	 0
				0.0872 	 0 	 0.9962
				21.1061 	 -20.6692 	 -17.3149
			}
			{poly "piece03"}
		}
		{bone "sub_piece01"
			{matrix34
				0 	 1 	 0
				-1 	 0 	 0
				0 	 0 	 1
				5.3644 	 -20.6693 	 -13.9502
			}
			{poly "sub_piece01"}
		}
		{bone "sub_piece03"
			{matrix34
				0 	 1 	 0
				0.8192 	 0 	 0.5736
				0.5736 	 0 	 -0.8192
				15.8408 	 -20.6693 	 -8.7679
			}
			{poly "sub_piece03"}
		}
		{bone "sub_piece04"
			{matrix34
				0 	 1 	 0
				-1 	 0 	 0
				0 	 0 	 1
				35.3965 	 -20.6693 	 -16.9639
			}
			{poly "sub_piece04"}
		}
		{bone "sub_piece10"
			{matrix34
				-1 	 0 	 0
				0 	 -1 	 0
				0 	 0 	 1
				28.7146 	 -20.6693 	 -8.0116
			}
			{poly "sub_piece10"}
		}
		{bone "piece05"
			{matrix34
				0.7071 	 0 	 -0.7071
				0 	 -1 	 0
				-0.7071 	 0 	 -0.7071
				10.3959 	 -20.6692 	 5.8893
			}
			{poly "piece05"}
		}
		{bone "sub_piece08"
			{matrix34
				0 	 1 	 0
				-0.0872 	 0 	 -0.9962
				-0.9962 	 0 	 0.0872
				22.2211 	 -20.6693 	 3.7881
			}
			{poly "sub_piece08"}
		}
		{bone "sub_piece07"
			{matrix34
				0 	 1 	 0
				-0.0872 	 0 	 0.9962
				0.9962 	 0 	 0.0872
				-1.8439 	 -20.6693 	 4.25
			}
			{poly "sub_piece07"}
		}
		{bone "piece01"
			{matrix34
				0 	 1 	 0
				-1 	 0 	 0
				0 	 0 	 1
				20.4178 	 -19.685 	 0
			}
			{poly "piece01"}
		}
	}
}
{"volumes"
	{"piece01"
		{box 2.18356 23.5004 1.98799}
		{bone "piece01"}
		{Position 9.8425 	 25.7348 	 -25.5808}
	}
	{"piece02"
		{box 5.9055 7.19114 16.5354}
		{bone "piece02"}
		{matrix34
			0 	 -1 	 0
			-0.0872 	 0 	 0.9962
			-0.9962 	 0 	 -0.0872
			-0.0485 	 0 	 0.4787
		}
	}
	{"piece03"
		{box 5.9055 9.34848 10.8661}
		{bone "piece03"}
		{matrix34
			0 	 -1 	 0
			0.9397 	 0 	 0.342
			-0.342 	 0 	 0.9397
			-0.4803 	 0 	 -0.259
		}
	}
	{"piece04"
		{box 5.9055 9.34848 10.8661}
		{bone "piece04"}
		{matrix34
			0 	 -1 	 0
			0.9397 	 0 	 0.342
			-0.342 	 0 	 0.9397
			-0.4803 	 0 	 -0.259
		}
	}
	{"piece05"
		{box 5.9055 9.34848 10.8661}
		{bone "piece05"}
		{matrix34
			0 	 -1 	 0
			0.9397 	 0 	 0.342
			-0.342 	 0 	 0.9397
			-0.4803 	 0 	 -0.259
		}
	}
	{"sub_piece01"
		{box 5.9055 4.02704 6.49158}
		{bone "sub_piece01"}
		{Position 0 	 -0.4081 	 -0.0536}
	}
	{"sub_piece02"
		{box 5.9055 4.02704 6.49158}
		{bone "sub_piece02"}
		{Position 0 	 -0.4081 	 -0.0536}
	}
	{"sub_piece03"
		{box 5.9055 4.38444 5.55118}
		{bone "sub_piece03"}
		{Position 0 	 0.0437 	 0.1881}
	}
	{"sub_piece04"
		{box 5.9055 4.02704 6.49158}
		{bone "sub_piece04"}
		{Position 0 	 -0.4081 	 -0.0536}
	}
	{"sub_piece05"
		{box 5.9055 4.38444 5.55118}
		{bone "sub_piece05"}
		{Position 0 	 0.0437 	 0.1881}
	}
	{"sub_piece06"
		{box 5.9055 4.38444 5.55118}
		{bone "sub_piece06"}
		{Position 0 	 0.0437 	 0.1881}
	}
	{"sub_piece07"
		{box 5.9055 4.02704 6.49158}
		{bone "sub_piece07"}
		{Position 0 	 -0.4081 	 -0.0536}
	}
	{"sub_piece08"
		{box 5.9055 4.38444 5.55118}
		{bone "sub_piece08"}
		{Position 0 	 0.0437 	 0.1881}
	}
	{"sub_piece09"
		{box 5.9055 7.19114 5.55118}
		{bone "sub_piece09"}
		{matrix34
			0 	 -1 	 0
			0.9397 	 0 	 0.342
			-0.342 	 0 	 0.9397
			0.4581 	 0 	 0.1528
		}
	}
	{"sub_piece10"
		{box 5.9055 7.19114 5.55118}
		{bone "sub_piece10"}
		{matrix34
			0 	 -1 	 0
			0.9397 	 0 	 0.342
			-0.342 	 0 	 0.9397
			0.4581 	 0 	 0.1528
		}
	}
	{"sub_piece11"
		{box 5.9055 7.19114 5.55118}
		{bone "sub_piece11"}
		{matrix34
			0 	 -1 	 0
			0.9397 	 0 	 0.342
			-0.342 	 0 	 0.9397
			0.4581 	 0 	 0.1528
		}
	}
	{"sub_piece12"
		{box 5.9055 4.02704 6.49158}
		{bone "sub_piece12"}
		{matrix34
			0 	 -1 	 0
			0.9848 	 0 	 -0.1736
			0.1736 	 0 	 0.9848
			0.1773 	 0 	 0.1295
		}
	}
	{"sub_piece13"
		{box 5.9055 7.19114 5.55118}
		{bone "sub_piece13"}
		{matrix34
			0 	 -1 	 0
			0.9397 	 0 	 0.342
			-0.342 	 0 	 0.9397
			0.4581 	 0 	 0.1528
		}
	}
}
