;Exported by:	 seryoga
;Date:			 21.07.2017 10:43:33
;File:			 D:\git\gem2-mdl-soldiers\models\unit\vehicle\Bulldog_Lanz_38\x\v3_x.max
{skeleton
	{bone "basis"
		{orientation
			1 	 0 	 0
			0 	 -1 	 0
			0 	 0 	 1
		}
		{bone "piece01"
			{Position -4.218 	 -4.1507 	 20.2866}
			{poly "piece01"}
		}
		{bone "piece02"
			{Position 21.1454 	 1.3015 	 22.9136}
			{poly "piece02"}
		}
		{bone "piece03"
			{matrix34
				0.9986 	 0 	 -0.0523
				0 	 1 	 0
				0.0523 	 0 	 0.9986
				-3.5634 	 -0.0362 	 14.0076
			}
			{poly "piece03"}
		}
		{bone "piece04"
			{Position 34.6198 	 -0.0064 	 7.1329}
			{poly "piece04"}
		}
		{bone "piece11"
			{Position 18.3759 	 -8.2879 	 15.2086}
			{poly "piece11"}
		}
		{bone "piece12"
			{Position 21.435 	 7.9775 	 16.1503}
			{poly "piece12"}
		}
	}
}
{volume "piece01"
	{box 32.1724 17.1805 9.21746}
	{bone "piece01"}
	{matrix34
		0.9962 	 0 	 -0.0872
		0 	 1 	 0
		0.0872 	 0 	 0.9962
		3.4742 	 4.171 	 -3.2064
	}
}
{volume "piece02"
	{box 26.7292 10.9246 9.88887}
	{bone "piece02"}
	{matrix34
		0.9962 	 0 	 -0.0872
		0 	 1 	 0
		0.0872 	 0 	 0.9962
		0.1475 	 -1.4993 	 0.2479
	}
}
{volume "piece03"
	{cylinder 5.0599 27.2613}
	{bone "piece03"}
	{matrix34
		0.9986 	 0 	 0.0523
		-0.0523 	 0 	 0.9986
		0 	 -1 	 0
		0.4812 	 0.014 	 0.0531
	}
}
{volume "piece04"
	{box 1.22488 23.3619 3.69757}
	{bone "piece04"}
	{matrix34
		0.9962 	 0 	 -0.0872
		0 	 1 	 0
		0.0872 	 0 	 0.9962
		1.0654 	 -0.1914 	 -0.5505
	}
}
{volume "piece11"
	{cylinder 6.42308 3.66438}
	{bone "piece11"}
	{matrix34
		0.9659 	 0 	 -0.2588
		0.2588 	 0 	 0.9659
		0 	 -1 	 0
		0.1109 	 0.583 	 0.1007
	}
}
{volume "piece12"
	{box 19.6756 3.86023 12.6182}
	{bone "piece12"}
	{matrix34
		0.866 	 0 	 0.5
		0 	 1 	 0
		-0.5 	 0 	 0.866
		0.1658 	 0.0656 	 1.0228
	}
}
