;Exported by	: KobaA
;Date			: 20.02.2024 12:20:44
;File			: d:\git\gem2-mdl-soldiers\models\building\trainstation\control_office_001\control_office_001_x.max
{skeleton
	{bone "control_office_001_piece_005_x"
		{orientation
			1 	 0 	 0
			0 	 -1 	 0
			0 	 0 	 1
		}
		{bone "piece07"
			{Position 11.2681 	 -22.6241 	 32.2869}
			{poly "piece07"}
		}
		{bone "sub_piece02"
			{Position -12.1961 	 -8.9131 	 25.2566}
			{poly "sub_piece02"}
		}
		{bone "piece06"
			{Position 6.5683 	 11.1159 	 30.8346}
			{poly "piece06"}
		}
		{bone "piece05"
			{Position -16.007 	 -29.7175 	 24.1959}
			{poly "piece05"}
		}
		{bone "sub_piece03"
			{Position -1.5167 	 -21.7811 	 15.9347}
			{poly "sub_piece03"}
		}
		{bone "sub_piece04"
			{Position -4.8418 	 -22.7596 	 -8.4555}
			{poly "sub_piece04"}
		}
		{bone "piece03"
			{Position -5.8698 	 -21.7811 	 6.001}
			{poly "piece03"}
		}
		{bone "piece04"
			{Position -17.6985 	 2.3672 	 15.9347}
			{poly "piece04"}
		}
		{bone "sub_piece05"
			{Position -17.6985 	 -10.5618 	 8.3058}
			{poly "sub_piece05"}
		}
		{bone "piece02"
			{Position -17.6985 	 -11.0695 	 -15.1802}
			{poly "piece02"}
		}
		{bone "piece01"
			{Position -17.6985 	 14.6214 	 -26.3395}
			{poly "piece01"}
		}
		{bone "sub_piece06"
			{Position -16.1985 	 -22.9525 	 -0.4885}
			{poly "sub_piece06"}
		}
		{bone "sub_piece07"
			{Position -17.4761 	 -11.3064 	 -3.0794}
			{poly "sub_piece07"}
		}
		{bone "sub_piece01"
			{Position -12.6597 	 -41.6148 	 25.2933}
			{poly "sub_piece01"}
		}
	}
}
{"volumes"
	{"piece01"
		{box 33.8232 1.50323 4.61158}
		{bone "piece01"}
		{matrix34
			0 	 1 	 0
			-1 	 0 	 0
			0 	 0 	 1
			0 	 0 	 0.0714
		}
	}
	{"piece02"
		{box 14.5612 1.50323 4.32793}
		{bone "piece02"}
		{matrix34
			0 	 1 	 0
			-1 	 0 	 0
			0 	 0 	 1
			0 	 -0.2025 	 0.0448
		}
	}
	{"piece03"
		{box 14.5612 1.50323 4.32793}
		{bone "piece03"}
		{matrix34
			-1 	 0 	 0
			0 	 -1 	 0
			0 	 0 	 1
			-0.1876 	 0 	 0.0448
		}
	}
	{"piece04"
		{box 24.2445 1.50323 4.32793}
		{bone "piece04"}
		{matrix34
			0 	 1 	 0
			-1 	 0 	 0
			0 	 0 	 1
			0 	 0 	 0.0393
		}
	}
	{"piece05"
		{box 18.1067 9.57587 1.30295}
		{bone "piece05"}
		{matrix34
			0.9583 	 0 	 0.2858
			0 	 1 	 0
			-0.2858 	 0 	 0.9583
			-0.0135 	 0.3554 	 0.0452
		}
	}
	{"piece06"
		{box 19.2405 9.57587 1.35585}
		{bone "piece06"}
		{matrix34
			0.9583 	 0 	 0.2858
			0 	 1 	 0
			-0.2858 	 0 	 0.9583
			-0.0124 	 0 	 0.042
		}
	}
	{"piece07"
		{box 20.9668 9.57587 1.35585}
		{bone "piece07"}
		{matrix34
			0.9583 	 0 	 0.2858
			0 	 1 	 0
			-0.2858 	 0 	 0.9583
			-1.0701 	 -4.5165 	 -0.388
		}
	}
	{"piece08"
		{box 8.70613 9.57587 1.35585}
		{bone "piece07"}
		{matrix34
			0.9583 	 0 	 0.2858
			0 	 1 	 0
			-0.2858 	 0 	 0.9583
			6.172 	 5.0601 	 2.5481
		}
	}
	{"sub_piece01"
		{box 21.5556 1.34483 3.8322}
		{bone "sub_piece01"}
		{matrix34
			0.9583 	 0 	 0.2858
			0 	 1 	 0
			-0.2858 	 0 	 0.9583
			0.1355 	 0 	 -0.4543
		}
	}
	{"sub_piece02"
		{box 25.4218 9.57587 1.35585}
		{bone "sub_piece02"}
		{matrix34
			0.9583 	 0 	 0.2858
			0 	 1 	 0
			-0.2858 	 0 	 0.9583
			-0.0116 	 0.2737 	 0.0387
		}
	}
	{"sub_piece03"
		{box 24.2445 1.50323 4.32793}
		{bone "sub_piece03"}
		{matrix34
			-1 	 0 	 0
			0 	 -1 	 0
			0 	 0 	 1
			0 	 0 	 0.0393
		}
	}
	{"sub_piece04"
		{box 18.941 1.50323 4.32793}
		{bone "sub_piece04"}
		{matrix34
			0 	 0 	 -1
			0 	 -1 	 0
			-1 	 0 	 0
			-0.0195 	 0 	 0
		}
	}
	{"sub_piece05"
		{box 22.0625 1.50323 4.32793}
		{bone "sub_piece05"}
		{matrix34
			0 	 1 	 0
			-1 	 0 	 0
			0 	 0 	 1
			0 	 0 	 0.0127
		}
	}
	{"sub_piece06"
		{box 3.9694 1.21761 31.561}
		{bone "sub_piece06"}
		{matrix34
			-1 	 0 	 0
			0 	 -1 	 0
			0 	 0 	 1
			0 	 0 	 -0.0782
		}
	}
	{"sub_piece07"
		{box 11.3949 1.33787 8.87226}
		{bone "sub_piece07"}
		{matrix34
			0 	 1 	 0
			-1 	 0 	 0
			0 	 0 	 1
			-0.0593 	 -0.064 	 0.0315
		}
	}
}
