;Exported by	: KobaA
;Date			: 05.03.2024 14:51:54
;File			: d:\git\gem2-mdl-soldiers\models\building\trainstation\water_tower_001_x.max
{skeleton
	{bone "water_tower_001_piece_018_x"
		{orientation
			1 	 0 	 0
			0 	 -1 	 0
			0 	 0 	 1
		}
		{bone "sub_piece01"
			{matrix34
				0.7071 	 0.7071 	 0
				-0.7071 	 0.7071 	 0
				0 	 0 	 1
				-15.1692 	 7.8541 	 0.76
			}
			{poly "sub_piece01"}
		}
		{bone "piece02"
			{matrix34
				-0.7071 	 -0.7071 	 0
				0.7071 	 -0.7071 	 0
				0 	 0 	 1
				-15.2488 	 3.048 	 -9.7397
			}
			{poly "piece02"}
		}
		{bone "sub_piece03"
			{matrix34
				-0.4566 	 0.5782 	 -0.6762
				0.0732 	 -0.7331 	 -0.6762
				-0.8867 	 -0.3582 	 0.2924
				-5.7491 	 -3.4739 	 12.0275
			}
			{poly "sub_piece03"}
		}
		{bone "piece01"
			{matrix34
				0.9239 	 -0.3825 	 0
				0.3825 	 0.9239 	 0
				0 	 0 	 1
				-5.4999 	 7.222 	 14.3672
			}
			{poly "piece01"}
		}
		{bone "sub_piece02"
			{matrix34
				0.9239 	 -0.3825 	 0
				0.3825 	 0.9239 	 0
				0 	 0 	 1
				-14.7873 	 -17.137 	 12.2559
			}
			{poly "sub_piece02"}
		}
		{bone "sub_piece04"
			{matrix34
				-0.3827 	 -0.9239 	 0
				0.9239 	 -0.3827 	 0
				0 	 0 	 1
				-11.0026 	 14.8035 	 5.6281
			}
			{poly "sub_piece04"}
		}
		{bone "piece03"
			{matrix34
				-0.3827 	 -0.9239 	 0
				0.9239 	 -0.3827 	 0
				0 	 0 	 1
				5.5127 	 -0.4769 	 5.7534
			}
			{poly "piece03"}
		}
	}
}
{"volumes"
	{"piece01"
		{box 9.01338 32.1167 1.34303}
		{bone "piece01"}
		{matrix34
			-0.3825 	 0.9239 	 0
			-0.8845 	 -0.3662 	 -0.2891
			-0.2671 	 -0.1106 	 0.9573
			-1.277 	 -2.9153 	 -0.0877
		}
	}
	{"piece02"
		{box 26.1218 1.30562 11.9335}
		{bone "piece02"}
		{matrix34
			-0.7071 	 -0.7071 	 0
			0.7071 	 -0.7071 	 0
			0 	 0 	 1
			0 	 0 	 0.0398
		}
	}
	{"piece03"
		{box 18.8926 7.373 2.25931}
		{bone "piece03"}
		{matrix34
			0.9239 	 0.3827 	 0
			-0.3827 	 0.9239 	 0
			0 	 0 	 1
			0.0635 	 -0.1533 	 0.1114
		}
	}
	{"sub_piece01"
		{box 1.27285 31.7905 3.90205}
		{bone "sub_piece01"}
		{matrix34
			0.7071 	 -0.7071 	 0
			0.7071 	 0.7071 	 0
			0 	 0 	 1
			-0.1101 	 0.0314 	 0.0647
		}
	}
	{"sub_piece02"
		{box 9.01338 18.6277 1.31976}
		{bone "sub_piece02"}
		{matrix34
			-0.3825 	 0.9239 	 0
			-0.8845 	 -0.3662 	 -0.2891
			-0.2671 	 -0.1106 	 0.9573
			-0.0714 	 0.9721 	 0.05
		}
	}
	{"sub_piece03"
		{box 3.02428 32.4735 3.08433}
		{bone "sub_piece03"}
		{matrix34
			0.7679 	 -0.0467 	 -0.6389
			0.6387 	 0.1334 	 0.7578
			0.0498 	 -0.99 	 0.1323
			0.2359 	 -0.028 	 -0.0305
		}
	}
	{"sub_piece04"
		{box 27.3806 7.59489 2.4732}
		{bone "sub_piece04"}
		{matrix34
			0.9239 	 0.3827 	 0
			-0.3827 	 0.9239 	 0
			0 	 0 	 1
			0.0861 	 -0.2079 	 0.1143
		}
	}
}
