;Exported by	: KobaA
;Date			: 02.05.2024 10:39:44
;File			: d:\git\gem2-mdl-soldiers\models\fence\vil_fence\vil_fence_9.max
{skeleton
	{bone "basis1_x"
		{orientation
			1 	 0 	 0
			0 	 -1 	 0
			0 	 0 	 1
		}
		{bone "piece01"
			{Position -15.5173 	 0.957 	 14.3658}
			{poly "piece01"}
		}
		{bone "piece02"
			{Position -6.5894 	 -1.7918 	 16.1694}
			{poly "piece02"}
		}
		{bone "piece03"
			{Position 1.8939 	 -1.7318 	 8.7775}
			{poly "piece03"}
		}
		{bone "piece04"
			{Position 6.1531 	 -1.6678 	 14.0744}
			{poly "piece04"}
		}
		{bone "piece05"
			{Position 14.843 	 -1.6249 	 15.3966}
			{poly "piece05"}
		}
		{bone "piece06"
			{Position 27.484 	 -1.3885 	 16.3337}
			{poly "piece06"}
		}
		{bone "piece07"
			{Position 31.7762 	 -1.6117 	 15.167}
			{poly "piece07"}
		}
		{bone "piece08"
			{Position 39.5397 	 -1.4029 	 15.1469}
			{poly "piece08"}
		}
		{bone "piece09"
			{Position 48.7895 	 -1.7564 	 15.7185}
			{poly "piece09"}
		}
		{bone "piece10"
			{Position 3.7951 	 -1.3446 	 22.6528}
			{poly "piece10"}
		}
		{bone "piece11"
			{Position 42.6691 	 -1.1185 	 22.2233}
			{poly "piece11"}
		}
		{bone "piece12"
			{Position 24.9784 	 -0.6139 	 7.3831}
			{poly "piece12"}
		}
	}
}
{"volumes"
	{"piece01"
		{cylinder 1.69869 29.9564}
		{bone "piece01"}
		{Position -0.1487 	 -0.2108 	 0.6124}
	}
	{"piece02"
		{box 2.355 0.58136 16.4664}
		{bone "piece02"}
		{matrix34
			1 	 0 	 0
			0 	 0.9986 	 0.0523
			0 	 -0.0523 	 0.9986
			0.117 	 -0.218 	 5.5642
		}
	}
	{"piece03"
		{box 2.355 0.58136 14.88}
		{bone "piece03"}
		{matrix34
			1 	 0 	 0
			0 	 0.9986 	 0.0523
			0 	 -0.0523 	 0.9986
			-0.1343 	 -0.2229 	 4.9634
		}
	}
	{"piece04"
		{box 2.355 0.58136 14.7307}
		{bone "piece04"}
		{matrix34
			0.9998 	 0 	 -0.0175
			0.0009 	 0.9986 	 0.0523
			0.0174 	 -0.0523 	 0.9985
			0.0455 	 -0.4528 	 6.9952
		}
	}
	{"piece05"
		{box 2.355 0.58136 26.9942}
		{bone "piece05"}
		{matrix34
			0.9994 	 0.0006 	 0.0349
			-0.0018 	 0.9994 	 0.0349
			-0.0349 	 -0.0349 	 0.9988
			-0.0824 	 0.1535 	 0.5538
		}
	}
	{"piece06"
		{box 2.355 0.58136 12.6981}
		{bone "piece06"}
		{matrix34
			0.9998 	 0.0006 	 0.0174
			-0.0012 	 0.9994 	 0.0349
			-0.0174 	 -0.0349 	 0.9992
			0.0828 	 0.1667 	 -6.9046
		}
	}
	{"piece07"
		{box 2.355 0.58136 29.2833}
		{bone "piece07"}
		{matrix34
			0.9998 	 0.0003 	 0.0175
			-0.0012 	 0.9986 	 0.0523
			-0.0174 	 -0.0523 	 0.9985
			-0.0791 	 -0.1548 	 -0.0664
		}
	}
	{"piece08"
		{box 2.355 0.58136 13.0684}
		{bone "piece08"}
		{matrix34
			0.9998 	 0.0006 	 -0.0175
			0 	 0.9994 	 0.0349
			0.0175 	 -0.0349 	 0.9992
			0.2316 	 -0.5265 	 6.3276
		}
	}
	{"piece09"
		{box 2.355 0.58136 26.4215}
		{bone "piece09"}
		{matrix34
			1 	 0.0012 	 0
			-0.0012 	 0.9976 	 0.0698
			0 	 -0.0698 	 0.9976
			-0.0275 	 -0.0758 	 -0.0702
		}
	}
	{"piece10"
		{box 16.8116 0.671677 1.21791}
		{bone "piece10"}
		{matrix34
			0.9998 	 0 	 0.0175
			0 	 1 	 0
			-0.0175 	 0 	 0.9998
			0.0482 	 -0.2472 	 0.0756
		}
	}
	{"piece11"
		{box 35.1363 0.671677 1.21791}
		{bone "piece11"}
		{matrix34
			0.9998 	 0 	 -0.0174
			0 	 1 	 -0.0012
			0.0174 	 0.0012 	 0.9998
			0.138 	 -0.1402 	 0.0177
		}
	}
	{"piece12"
		{box 25.7218 0.671677 1.21791}
		{bone "piece12"}
		{matrix34
			0.9998 	 0 	 -0.0175
			0 	 1 	 0
			0.0175 	 0 	 0.9998
			0.3054 	 0.1442 	 0.1986
		}
	}
}
