;Exported by	: Inna
;Date			: 06.11.2023 12:07:10
;File			: F:\GIT\gem2-mdl-soldiers\models\entourage\d\table_1.max
{skeleton
	{bone "chair01_x"
		{orientation
			1 	 0 	 0
			0 	 -1 	 0
			0 	 0 	 1
		}
		{bone "fx_wood1"
			{matrix34
				0.2205 	 0.9754 	 0
				-0.0155 	 0.0035 	 -0.9999
				-0.9753 	 0.2205 	 0.0159
				-1.6651 	 -0.3472 	 5.3621
			}
		}
		{bone "piece01"
			{matrix34
				0.2205 	 0.9754 	 0
				-0.0155 	 0.0035 	 -0.9999
				-0.9753 	 0.2205 	 0.0159
				-0.7386 	 1.9338 	 5.0663
			}
			{poly "piece01"}
		}
		{bone "piece02"
			{matrix34
				0.2205 	 0.9754 	 0
				-0.0155 	 0.0035 	 -0.9999
				-0.9753 	 0.2205 	 0.0159
				-0.8406 	 -1.4209 	 5.017
			}
			{poly "piece02"}
		}
		{bone "piece03"
			{matrix34
				0.2205 	 0.9754 	 0
				-0.0155 	 0.0035 	 -0.9999
				-0.9753 	 0.2205 	 0.0159
				-6.629 	 2.4439 	 0.6659
			}
			{poly "piece03"}
		}
		{bone "piece04"
			{matrix34
				0.2205 	 0.9754 	 0
				-0.0155 	 0.0035 	 -0.9999
				-0.9753 	 0.2205 	 0.0159
				-8.3856 	 -0.8343 	 0.7527
			}
			{poly "piece04"}
		}
	}
}
{"volumes"
	{"piece01_vol1"
		{box 3.59847 7.5619 3.3075}
		{bone "piece01"}
		{matrix34
			0.9844 	 0.1674 	 0.0542
			-0.1673 	 0.9859 	 -0.006
			-0.0545 	 -0.0032 	 0.9985
			0.3049 	 -0.4585 	 -0.6626
		}
	}
	{"piece01_vol2"
		{box 0.813502 0.995021 8.21599}
		{bone "piece01"}
		{matrix34
			0.9964 	 -0.0638 	 -0.0558
			0.0606 	 0.9965 	 -0.0574
			0.0593 	 0.0538 	 0.9968
			0.7677 	 3.8098 	 0.7364
		}
	}
	{"piece02_vol1"
		{box 0.813502 0.995021 9.84605}
		{bone "piece02"}
		{matrix34
			0.9985 	 0.0346 	 -0.0423
			-0.0343 	 0.9994 	 0.0063
			0.0424 	 -0.0049 	 0.9991
			-2.1224 	 3.6786 	 -0.1107
		}
	}
	{"piece02_vol2"
		{box 7.09637 4.6658 3.4413}
		{bone "piece02"}
		{matrix34
			0.0872 	 0.9962 	 0
			0.9962 	 -0.0872 	 0.0055
			0.0055 	 -0.0005 	 -1
			-0.6352 	 -0.769 	 -0.2711
		}
	}
	{"piece03"
		{box 4.07154 5.92832 0.884804}
		{bone "piece03"}
		{matrix34
			1 	 0 	 0
			0 	 0.1563 	 0.9877
			0 	 -0.9877 	 0.1563
			0.3493 	 -0.0881 	 1.1322
		}
	}
	{"piece04"
		{box 2.66114 5.92832 0.884804}
		{bone "piece04"}
		{matrix34
			1 	 0 	 0
			0 	 0.1563 	 0.9877
			0 	 -0.9877 	 0.1563
			-0.1508 	 -0.0171 	 0.1407
		}
	}
}
