;Exported by:	 tolokolnikova
;Date:			 05.02.2016 17:21:51
;File:			 D:\gem2\gem2-mdl-soldiers\models\entourage\ruin_stuff\Oblomki001_g2_x.max
{skeleton
	{bone "ruin_wall_llitl_g2_x"
		{orientation
			1 	 0 	 0
			0 	 -1 	 0
			0 	 0 	 1
		}
		{poly "ruin_wall_llitl_g2_x"}
		{bone "piece03"
			{Position 34.3228 	 -0.0295 	 15.8992}
			{poly "piece03"}
		}
		{bone "piece02"
			{matrix34
				-0.9659 	 0 	 -0.2588
				0 	 1 	 0
				0.2588 	 0 	 -0.9659
				-28.2954 	 0.0278 	 12.5651
			}
			{poly "piece02"}
		}
		{bone "piece01"
			{Position 11.0265 	 0.0335 	 11.2956}
			{poly "piece01"}
		}
		{bone "piece04"
			{matrix34
				0.2588 	 0 	 -0.9659
				0 	 1 	 0
				0.9659 	 0 	 0.2588
				-0.7811 	 0.0278 	 11.5266
			}
			{poly "piece04"}
		}
		{bone "sub_piece01"
			{matrix34
				0.4226 	 0 	 0.9063
				0 	 1 	 0
				-0.9063 	 0 	 0.4226
				21.1244 	 0.0277 	 13.4373
			}
			{poly "sub_piece01"}
		}
		{bone "sub_piece02"
			{matrix34
				0.4226 	 0 	 0.9063
				0 	 1 	 0
				-0.9063 	 0 	 0.4226
				46.6725 	 0.0277 	 8.7348
			}
			{poly "sub_piece02"}
		}
		{bone "sub_piece03"
			{matrix34
				0.4226 	 0 	 0.9063
				0 	 1 	 0
				-0.9063 	 0 	 0.4226
				-16.9237 	 0.0277 	 6.5226
			}
			{poly "sub_piece03"}
		}
	}
}
{volume "piece01"
	{box 10.135 11.811 12.0772}
	{bone "piece01"}
	{Position 0.443 	 -0.0058 	 -4.8596}
}
{volume "piece02"
	{box 16.2023 11.811 16.6213}
	{bone "piece02"}
	{matrix34
		0.9063 	 0 	 0.4226
		0 	 1 	 0
		-0.4226 	 0 	 0.9063
		-1.1135 	 0 	 -3.704
	}
}
{volume "piece03"
	{box 15.412 11.811 13.1113}
	{bone "piece03"}
	{Position -0.5153 	 0 	 -5.4455}
}
{volume "piece04"
	{box 8.66627 11.811 12.8668}
	{bone "piece04"}
	{matrix34
		0.866 	 0 	 -0.5
		0 	 1 	 0
		0.5 	 0 	 0.866
		0.735 	 0 	 -2.6252
	}
}
{volume "sub_piece01"
	{box 6.71804 11.811 7.80961}
	{bone "sub_piece01"}
	{Position -0.235 	 0 	 -0.6792}
}
{volume "sub_piece02"
	{box 6.71804 11.811 7.80961}
	{bone "sub_piece02"}
	{Position -0.235 	 0 	 -0.6792}
}
{volume "sub_piece03"
	{box 6.71804 11.811 7.80961}
	{bone "sub_piece03"}
	{Position 0.5052 	 0 	 -0.7702}
}
