;Exported by	: KobaA
;Date			: 28.03.2024 13:53:16
;File			: d:\git\gem2-mdl-soldiers\models\entourage\shelter_box\shelter_gr001_004_new2_gem2_x.max
{skeleton
	{bone "basis_gr_007"
		{orientation
			1 	 0 	 0
			0 	 -1 	 0
			0 	 0 	 1
		}
		{bone "piece01"
			{matrix34
				0.9962 	 -0.0872 	 0
				0.0872 	 0.9962 	 0
				0 	 0 	 1
				1.1447 	 3.7148 	 13.9809
			}
			{poly "piece01"}
		}
		{bone "piece02"
			{matrix34
				0.3618 	 -0.9323 	 0
				0.9323 	 0.3618 	 0
				0 	 0 	 1
				13.8214 	 4.7424 	 6.1601
			}
			{poly "piece02"}
		}
		{bone "piece03"
			{matrix34
				-0.6605 	 -0.7503 	 0.0289
				0.2344 	 -0.1694 	 0.9573
				-0.7133 	 0.6391 	 0.2877
				12.4819 	 6.4973 	 11.1991
			}
			{poly "piece03"}
		}
		{bone "piece04"
			{matrix34
				0.3618 	 -0.9323 	 0
				0.9323 	 0.3618 	 0
				0 	 0 	 1
				14.5005 	 10.1327 	 8.0411
			}
			{poly "piece04"}
		}
		{bone "piece05"
			{matrix34
				0.0412 	 0.0586 	 0.9974
				-0.9989 	 0.0259 	 0.0397
				-0.0235 	 -0.9979 	 0.0596
				1.1805 	 -10.8005 	 5.0431
			}
			{poly "piece05"}
		}
		{bone "piece06"
			{matrix34
				0.6355 	 -0.7721 	 0
				0.7721 	 0.6355 	 0
				0 	 0 	 1
				17.9798 	 10.1327 	 8.0411
			}
			{poly "piece06"}
		}
		{bone "piece07"
			{matrix34
				0.0858 	 0.1736 	 0.9811
				0.9962 	 0 	 -0.0872
				-0.0151 	 0.9848 	 -0.173
				-3.7457 	 -0.5835 	 12.6005
			}
			{poly "piece07"}
		}
		{bone "piece08"
			{matrix34
				-0.9978 	 0.0565 	 0.0346
				0.0346 	 -0.002 	 0.9994
				0.0566 	 0.9984 	 0
				-5.5824 	 -4.4076 	 5.0135
			}
			{poly "piece08"}
		}
		{bone "piece09"
			{matrix34
				-0.013 	 0.0809 	 0.9966
				0.9895 	 0.1442 	 0.0012
				-0.1436 	 0.9862 	 -0.0819
				-6.5561 	 4.2227 	 12.8841
			}
			{poly "piece09"}
		}
		{bone "piece10"
			{matrix34
				0.9924 	 -0.0872 	 -0.0868
				0.0868 	 0.9962 	 -0.0076
				0.0872 	 0 	 0.9962
				-0.3995 	 0.9042 	 8.2488
			}
			{poly "piece10"}
		}
		{bone "piece11"
			{matrix34
				0.9659 	 0.2588 	 0
				-0.2588 	 0.9659 	 0
				0 	 0 	 1
				-0.0963 	 5.4656 	 4.5044
			}
			{poly "piece11"}
		}
		{bone "fx_wood1"
			{Position -0.6293 	 0.1902 	 0}
		}
		{bone "fx_dust1"
			{Position -0.6293 	 0.1902 	 0}
		}
		{bone "fx_dust2"
			{Position -0.6293 	 0.1902 	 0}
		}
		{bone "fx_wood2"
			{Position -0.6293 	 0.1902 	 0}
		}
		{bone "fx_wood2a"
			{Position -0.6293 	 0.1902 	 0}
		}
	}
}
{"volumes"
	{"piece01"
		{box 5.82288 3.7197 1.51064}
		{bone "piece01"}
		{matrix34
			0.9962 	 0.0872 	 0
			-0.0872 	 0.9962 	 0
			0 	 0 	 1
			0.6925 	 0.702 	 1.0251
		}
	}
	{"piece02"
		{box 1.9398 15.2006 0.20079}
		{bone "piece02"}
		{matrix34
			-0.009 	 0.9204 	 0.3908
			-0.9951 	 -0.0466 	 0.0868
			0.0982 	 -0.3881 	 0.9164
			0.0794 	 -4.2688 	 3.185
		}
	}
	{"piece03"
		{box 1.9398 15.2006 0.20079}
		{bone "piece03"}
		{matrix34
			-0.0667 	 0.1924 	 -0.979
			-0.996 	 0.0454 	 0.0768
			0.0592 	 0.9803 	 0.1886
			-0.0638 	 0.2682 	 -0.1254
		}
	}
	{"piece04"
		{box 1.9398 15.2006 0.20079}
		{bone "piece04"}
		{matrix34
			0.061 	 0.9779 	 -0.2001
			-0.9847 	 0.0918 	 0.1484
			0.1635 	 0.1879 	 0.9685
			1.1251 	 0.0655 	 0.5807
		}
	}
	{"piece05"
		{box 0.570727 5.36317 7.82714}
		{bone "piece05"}
		{matrix34
			-0.0111 	 0.0235 	 -0.9997
			0.0231 	 0.9995 	 0.0232
			0.9997 	 -0.0229 	 -0.0117
			0.0447 	 -4.0994 	 0.0336
		}
	}
	{"piece06"
		{box 1.9398 15.2006 0.20079}
		{bone "piece06"}
		{matrix34
			0.0193 	 0.9796 	 -0.2001
			-0.9877 	 0.0498 	 0.1484
			0.1554 	 0.1947 	 0.9685
			-0.0026 	 0.1186 	 0.4255
		}
	}
	{"piece07"
		{box 7.54153 0.473744 6.13401}
		{bone "piece07"}
		{matrix34
			1 	 0 	 0.0022
			-0.0022 	 0 	 1
			0 	 -1 	 0
			-0.142 	 -0.0941 	 0.1653
		}
	}
	{"piece08"
		{box 4.91689 8.25909 0.322558}
		{bone "piece08"}
		{matrix34
			-0.1197 	 0.0345 	 -0.9922
			0.0181 	 0.9993 	 0.0326
			0.9926 	 -0.014 	 -0.1203
			-0.1188 	 -0.305 	 -1.4571
		}
	}
	{"piece09"
		{box 6.67397 7.98261 0.914921}
		{bone "piece09"}
		{matrix34
			0.9999 	 -0.0093 	 -0.0127
			0.0145 	 0.2174 	 0.976
			-0.0063 	 -0.976 	 0.2175
			0.0231 	 -0.0452 	 0.102
		}
	}
	{"piece10"
		{box 1.09979 0.973195 12.0728}
		{bone "piece10"}
		{matrix34
			0.0079 	 -0.0091 	 0.9999
			-0.0095 	 0.9999 	 0.0092
			-0.9999 	 -0.0095 	 0.0079
			0.4806 	 -0.0432 	 -0.0918
		}
	}
	{"piece11"
		{box 0.848221 0.925499 12.4827}
		{bone "piece11"}
		{matrix34
			0.0184 	 0.0292 	 0.9994
			-0.0057 	 0.9996 	 -0.0291
			-0.9998 	 -0.0051 	 0.0186
			0.2794 	 -0.0396 	 -0.0138
		}
	}
}
