;Exported by	: Inna
;Date			: 26.03.2024 20:44:10
;File			: f:\git\gem2-mdl-soldiers\models\entourage\road_sign\road_sign_3.max
{skeleton
	{bone "road_sign02"
		{orientation
			1 	 0 	 0
			0 	 -1 	 0
			0 	 0 	 1
		}
		{bone "p02"
			{matrix34
				0.9962 	 0 	 0.0872
				-0.0872 	 0 	 0.9962
				0 	 -1 	 0
				-0.415 	 -1.3221 	 36.0816
			}
		}
		{bone "p03"
			{matrix34
				-1 	 0.0054 	 0.0079
				-0.008 	 -0.0288 	 -0.9996
				-0.0052 	 -0.9996 	 0.0288
				0.3624 	 -1.2596 	 30.2905
			}
		}
		{bone "p04"
			{matrix34
				-0.8772 	 -0.4767 	 0.0577
				-0.063 	 -0.0047 	 -0.998
				0.476 	 -0.8791 	 -0.0259
				1.2341 	 -0.9963 	 24.9982
			}
		}
		{bone "p01"
			{matrix34
				-1 	 0 	 0
				0 	 -1 	 0
				0 	 0 	 1
				0.08 	 -1.2338 	 43.227
			}
		}
		{bone "p05"
			{matrix34
				-0.8772 	 -0.4767 	 0.0577
				-0.063 	 -0.0047 	 -0.998
				0.476 	 -0.8791 	 -0.0259
				0.9633 	 -1.0166 	 20.71
			}
		}
		{bone "p_post02"
			{Position 0.0768 	 0.1347 	 23.1558}
		}
	}
}
{obstacle "obstacle"
	{obb2
		{center 0.125618 1.06251}
		{extent 8.587 3.94683}
		{axis -1 0}
	}
	{rotate}
}
