;Exported by	: KobaA
;Date			: 10.01.2023 14:19:32
;File			: C:\Users\kobaa\Desktop\Sturm_Boot_42_mask.max
{skeleton
	{bone "basis"
		{orientation
			1 	 0 	 0
			0 	 -1 	 0
			0 	 0 	 1
		}
		{bone "body"
			{parameters "id=body;"}
			{orientation
				-0.0523 	 0 	 0.9986
				0 	 1 	 0
				-0.9986 	 0 	 -0.0523
			}
			{poly "body" {lod 0}}
			{poly "body_lod1" {lod 1}}
			{poly "body_lod2" {lod 2}}
			{poly "body_lod3" {lod 3 {last}}}
			{bone "fx_bulb_norm_engine1"
				{matrix34
					0.0523 	 0.0175 	 0.9985
					0.0009 	 -0.9998 	 0.0174
					0.9986 	 0 	 -0.0523
					2.0852 	 0.0002 	 145.262
				}
			}
			{bone "fx_bulb_norm_front1"
				{matrix34
					-0.0492 	 0.342 	 -0.9384
					0.0179 	 0.9397 	 0.3416
					0.9986 	 0 	 -0.0523
					-6.3893 	 19.5875 	 -121.914
				}
			}
			{bone "fx_bulb_norm_front2"
				{matrix34
					-0.0492 	 -0.342 	 -0.9384
					-0.0179 	 0.9397 	 -0.3416
					0.9986 	 0 	 -0.0523
					-6.3893 	 -19.5879 	 -121.914
				}
			}
			{bone "fx_bulb_small_back1"
				{matrix34
					0 	 1 	 0
					0.0523 	 0 	 0.9986
					0.9986 	 0 	 -0.0523
					4.8383 	 30.1315 	 92.32
				}
			}
			{bone "fx_bulb_small_back2"
				{matrix34
					0 	 -1 	 0
					-0.0523 	 0 	 -0.9986
					0.9986 	 0 	 -0.0523
					4.8383 	 -30.1312 	 92.3201
				}
			}
			{bone "fx_bulb_small_center1"
				{matrix34
					0 	 1 	 0
					0.0523 	 0 	 0.9986
					0.9986 	 0 	 -0.0523
					0.1405 	 34.6225 	 2.6801
				}
			}
			{bone "fx_bulb_small_center2"
				{matrix34
					0 	 -1 	 0
					-0.0523 	 0 	 -0.9986
					0.9986 	 0 	 -0.0523
					0.1405 	 -34.6225 	 2.6802
				}
			}
			{bone "fx_bulb1"
				{matrix34
					0.0492 	 0.342 	 0.9384
					0.0179 	 -0.9397 	 0.3416
					0.9986 	 0 	 -0.0523
					7.2744 	 26.9416 	 138.803
				}
			}
			{bone "fx_bulb2"
				{matrix34
					0.0492 	 -0.342 	 0.9384
					-0.0179 	 -0.9397 	 -0.3416
					0.9986 	 0 	 -0.0523
					7.2744 	 -26.9412 	 138.803
				}
			}
			{bone "fx_fire1"
				{matrix34
					0.9998 	 0 	 -0.0175
					0 	 1 	 0
					0.0175 	 0 	 0.9998
					21.2886 	 0 	 8.114
				}
			}
			{bone "pivot_back"
				{matrix34
					-0.0175 	 0 	 -0.9998
					0 	 1 	 0
					0.9998 	 0 	 -0.0175
					1.914 	 0.0002 	 109.648
				}
			}
			{bone "pivot_front"
				{matrix34
					-0.0175 	 0 	 -0.9998
					0 	 1 	 0
					0.9998 	 0 	 -0.0175
					-1.0133 	 0 	 -58.0528
				}
			}
			{bone "visor1"
				{matrix34
					-0.0175 	 0 	 -0.9998
					0 	 1 	 0
					0.9998 	 0 	 -0.0175
					43.9677 	 0 	 25.1149
				}
			}
			{bone "fx_exp2"
				{matrix34
					-0.9998 	 0 	 0.0175
					0 	 1 	 0
					-0.0175 	 0 	 -0.9998
					-1.2129 	 0 	 -23.1431
				}
			}
			{bone "fx_exp3"
				{matrix34
					-0.9998 	 0 	 0.0175
					0 	 1 	 0
					-0.0175 	 0 	 -0.9998
					3.5319 	 0.0001 	 67.3922
				}
			}
		}
	}
}
{"volumes"
	{"body01"
		{polyhedron}
		{bone "body"}
		{orientation
			0.9998 	 0 	 -0.0175
			0 	 1 	 0
			0.0175 	 0 	 0.9998
		}
	}
	{"body02"
		{polyhedron}
		{bone "body"}
		{matrix34
			-0.0175 	 0 	 -0.9998
			0 	 1 	 0
			0.9998 	 0 	 -0.0175
			15.4438 	 12.7092 	 36.8583
		}
	}
	{"body03"
		{polyhedron}
		{bone "body"}
		{matrix34
			-0.0175 	 0 	 -0.9998
			0 	 1 	 0
			0.9998 	 0 	 -0.0175
			15.4438 	 -12.7091 	 36.8583
		}
	}
	{"body04"
		{cylinder 6.18511 15.9542}
		{bone "body"}
		{matrix34
			-0.0523 	 0 	 -0.9986
			0.9986 	 0 	 -0.0523
			0 	 -1 	 0
			24.1701 	 0.0176 	 82.9883
		}
	}
	{"engine"
		{polyhedron}
		{bone "body"}
		{matrix34
			-0.0523 	 0 	 -0.9986
			0 	 1 	 0
			0.9986 	 0 	 -0.0523
			0.6254 	 0 	 11.9334
		}
	}
	{"window01"
		{box 0.352616 10.4444 15.0028}
		{bone "body"}
		{matrix34
			0.2419 	 0 	 -0.9703
			0 	 1 	 0
			0.9703 	 0 	 0.2419
			30.5156 	 0.1365 	 27.3826
		}
	}
	{"window02"
		{box 0.352616 6.4755 15.0028}
		{bone "body"}
		{matrix34
			0.2277 	 -0.1504 	 -0.962
			0.0119 	 0.9884 	 -0.1517
			0.9737 	 0.0231 	 0.2268
			31.3086 	 -9.725 	 28.1684
		}
	}
	{"window03"
		{box 0.352616 6.4755 15.0028}
		{bone "body"}
		{matrix34
			0.2322 	 0.2139 	 -0.9489
			-0.0402 	 0.9768 	 0.2103
			0.9718 	 -0.0107 	 0.2354
			30.7355 	 9.8223 	 28.1003
		}
	}
}
