;Exported by	: KobaA
;Date			: 17.01.2024 12:28:48
;File			: d:\git\gem2-mdl-soldiers\models\building\water_mill\water_mill_01_x_fort.max
{skeleton
	{bone "h_80_g2_piece18_point"
		{orientation
			1 	 0 	 0
			0 	 -1 	 0
			0 	 0 	 1
		}
		{bone "piece05"
			{Position 17.295 	 -3.3302 	 24.086}
			{poly "piece05"}
		}
		{bone "sub_piece04"
			{Position 18.9163 	 4.9309 	 35.6757}
			{poly "sub_piece04"}
		}
		{bone "sub_piece01"
			{Position 14.1611 	 15.2957 	 42.3957}
			{poly "sub_piece01"}
		}
		{bone "sub_piece02"
			{Position -11.8356 	 -5.3407 	 42.3978}
			{poly "sub_piece02"}
		}
		{bone "sub_piece03"
			{Position -3.4195 	 -16.944 	 34.5032}
			{poly "sub_piece03"}
		}
		{bone "piece03"
			{matrix34
				-1 	 0 	 0
				0 	 -1 	 0
				0 	 0 	 1
				4.8776 	 -17.6656 	 -1.0161
			}
			{poly "piece03"}
		}
		{bone "piece02"
			{matrix34
				-1 	 0 	 0
				0 	 -1 	 0
				0 	 0 	 1
				-7.8644 	 -17.6565 	 21.1948
			}
			{poly "piece02"}
		}
		{bone "piece01"
			{matrix34
				-1 	 0 	 0
				0 	 -1 	 0
				0 	 0 	 1
				11.7701 	 -17.6577 	 18.9763
			}
			{poly "piece01"}
		}
		{bone "piece04"
			{Position 18.1894 	 -4.5908 	 4.0289}
			{poly "piece04"}
		}
	}
}
{"volumes"
	{"piece01"
		{box 12.0265 5.90551 20.2906}
		{bone "piece01"}
		{Position 0.9091 	 0 	 0.1692}
	}
	{"piece02"
		{box 13.9508 5.90551 10.8758}
		{bone "piece02"}
		{Position -0.027 	 0 	 -0.2936}
	}
	{"piece03"
		{box 10.7351 5.90551 16.4273}
		{bone "piece03"}
		{Position 0.0543 	 0 	 -0.1772}
	}
	{"piece04"
		{box 20.0707 3.36614 20.8608}
		{bone "piece04"}
		{matrix34
			0 	 -1 	 0
			1 	 0 	 0
			0 	 0 	 1
			0.2839 	 -3.3933 	 -0.1313
		}
	}
	{"piece05"
		{box 20.0707 3.36614 11.0562}
		{bone "piece05"}
		{matrix34
			0 	 -1 	 0
			1 	 0 	 0
			0 	 0 	 1
			1.1782 	 -3.3332 	 0.116
		}
	}
	{"sub_piece01"
		{box 7.41929 1.9685 20.7468}
		{bone "sub_piece01"}
		{matrix34
			0 	 -1 	 0
			0.8159 	 0 	 0.5782
			-0.5782 	 0 	 0.8159
			-0.1949 	 -0.2978 	 -0.0506
		}
	}
	{"sub_piece02"
		{box 11.7361 1.9685 13.6942}
		{bone "sub_piece02"}
		{matrix34
			-1 	 0 	 0
			0 	 -0.569 	 0.8224
			0 	 0.8224 	 0.569
			0.0403 	 -0.1103 	 -0.1174
		}
	}
	{"sub_piece03"
		{box 18.6288 1.9685 12.4493}
		{bone "sub_piece03"}
		{matrix34
			-1 	 0 	 0
			0 	 -0.569 	 0.8224
			0 	 0.8224 	 0.569
			0.006 	 -0.4322 	 -0.4736
		}
	}
	{"sub_piece04"
		{box 11.9666 1.9685 12.1326}
		{bone "sub_piece04"}
		{matrix34
			0 	 -1 	 0
			0.8159 	 0 	 0.5782
			-0.5782 	 0 	 0.8159
			-0.2322 	 -0.0095 	 0.0114
		}
	}
}
