;Exported by:	 vic
;Date:			 29.11.2016 10:38:48
;File:			 D:\-Project_vtv_online-\-3DWork-\building\house_vtv_221\house_001_g2_x2.max
{skeleton
	{bone "house_001_g2_piece_020_x"
		{parameters "lastpose=undefined;"}
		{orientation
			1 	 0 	 0
			0 	 -1 	 0
			0 	 0 	 1
		}
		{bone "piece00"
			{parameters "lastpose=undefined;"}
			{matrix34
				0.7071 	 0 	 -0.7071
				0 	 1 	 0
				0.7071 	 0 	 0.7071
				-28.669 	 -14.7399 	 -0.2491
			}
			{poly "piece00"}
		}
		{bone "piece01"
			{parameters "lastpose=undefined;"}
			{matrix34
				0.7071 	 0 	 -0.7071
				0 	 1 	 0
				0.7071 	 0 	 0.7071
				-12.6976 	 -34.8799 	 15.7102
			}
			{poly "piece01"}
		}
		{bone "piece02"
			{parameters "lastpose=undefined;"}
			{matrix34
				0.7071 	 0 	 -0.7071
				0 	 1 	 0
				0.7071 	 0 	 0.7071
				-12.6976 	 31.5976 	 15.7102
			}
			{poly "piece02"}
		}
		{bone "piece03"
			{parameters "lastpose=undefined;"}
			{matrix34
				-0.7071 	 0 	 0.7071
				0 	 1 	 0
				-0.7071 	 0 	 -0.7071
				-9.8992 	 5.2492 	 18.4641
			}
			{poly "piece03"}
		}
		{bone "piece04"
			{parameters "lastpose=undefined;"}
			{matrix34
				-0.7071 	 0 	 -0.7071
				0 	 -1 	 0
				-0.7071 	 0 	 0.7071
				12.7659 	 31.5718 	 15.6018
			}
			{poly "piece04"}
		}
		{bone "piece05"
			{parameters "lastpose=undefined;"}
			{matrix34
				0.7071 	 0 	 -0.7071
				0 	 1 	 0
				0.7071 	 0 	 0.7071
				-27.0665 	 5.1404 	 1.3501
			}
			{poly "piece05"}
		}
		{bone "piece06"
			{parameters "lastpose=undefined;"}
			{matrix34
				-0.7071 	 0 	 0.7071
				0 	 -1 	 0
				0.7071 	 0 	 0.7071
				24.7017 	 5.2463 	 2.8347
			}
			{poly "piece06"}
		}
		{bone "piece07"
			{parameters "lastpose=undefined;"}
			{matrix34
				-0.7071 	 0 	 -0.7071
				0 	 -1 	 0
				-0.7071 	 0 	 0.7071
				30.6491 	 -14.7222 	 -2.3642
			}
			{poly "piece07"}
		}
		{bone "piece08"
			{parameters "lastpose=undefined;"}
			{matrix34
				0.7071 	 0 	 0.7071
				0 	 -1 	 0
				0.7071 	 0 	 -0.7071
				9.6453 	 -14.7222 	 18.6608
			}
			{poly "piece08"}
		}
		{bone "piece09"
			{parameters "lastpose=undefined;"}
			{matrix34
				-0.7071 	 0 	 -0.7071
				0 	 -1 	 0
				-0.7071 	 0 	 0.7071
				25.6677 	 -34.9476 	 2.533
			}
			{poly "piece09"}
		}
		{bone "piece10"
			{parameters "lastpose=undefined;"}
			{matrix34
				0.7071 	 0 	 0.7071
				0 	 -1 	 0
				0.7071 	 0 	 -0.7071
				9.6453 	 -34.9476 	 18.6608
			}
			{poly "piece10"}
		}
	}
}
{volume "piece00_volume008"
	{box 26.3467 1.9685 1.9685}
	{bone "piece00"}
	{matrix34
		0 	 0 	 1
		0 	 1 	 0
		-1 	 0 	 0
		0.0159 	 0.004 	 -0.6953
	}
}
{volume "piece01_volume009"
	{box 26.3467 1.9685 1.9685}
	{bone "piece01"}
	{matrix34
		0 	 0 	 1
		0 	 1 	 0
		-1 	 0 	 0
		0.0159 	 0.004 	 -0.6953
	}
}
{volume "piece02_volume010"
	{box 26.3467 1.9685 1.9685}
	{bone "piece02"}
	{matrix34
		0 	 0 	 1
		0 	 1 	 0
		-1 	 0 	 0
		0.0159 	 0.004 	 -0.6953
	}
}
{volume "piece03_volume011"
	{box 26.3467 1.9685 1.9685}
	{bone "piece03"}
	{matrix34
		0 	 0 	 1
		0 	 1 	 0
		-1 	 0 	 0
		0.0159 	 0.004 	 -0.6953
	}
}
{volume "piece04_volume011"
	{box 26.3467 1.9685 1.9685}
	{bone "piece04"}
	{matrix34
		0 	 0 	 1
		0 	 1 	 0
		-1 	 0 	 0
		0.0159 	 0.004 	 -0.6953
	}
}
{volume "piece05_volume011"
	{box 26.3467 1.9685 1.9685}
	{bone "piece05"}
	{matrix34
		0 	 0 	 1
		0 	 1 	 0
		-1 	 0 	 0
		0.0159 	 0.004 	 -0.6953
	}
}
{volume "piece06_volume012"
	{box 37.898 2.95276 2.95276}
	{bone "piece06"}
	{Position -0.7728 	 -0.0021 	 -0.0115}
}
{volume "piece07_volume011"
	{box 23.712 1.9685 1.9685}
	{bone "piece07"}
	{matrix34
		0 	 0 	 1
		0 	 1 	 0
		-1 	 0 	 0
		-0.0127 	 0.0315 	 -0.7757
	}
}
{volume "piece08_volume012"
	{box 23.712 1.9685 1.9685}
	{bone "piece08"}
	{matrix34
		0 	 0 	 1
		0 	 1 	 0
		-1 	 0 	 0
		-0.0126 	 0.0315 	 -0.7756
	}
}
{volume "piece09_volume013"
	{box 23.712 1.9685 1.9685}
	{bone "piece09"}
	{matrix34
		0 	 0 	 1
		0 	 1 	 0
		-1 	 0 	 0
		-0.0127 	 0.0315 	 -0.7756
	}
}
{volume "piece10_volume014"
	{box 23.712 1.9685 1.9685}
	{bone "piece10"}
	{matrix34
		0 	 0 	 1
		0 	 1 	 0
		-1 	 0 	 0
		-0.0126 	 0.0315 	 -0.7756
	}
}
