;Exported by:	 kobaa
;Date:			 01.04.2020 16:27:42
;File:			 C:\Users\kobaa\Desktop\fence_wood_ru_001.max
{skeleton
	{bone "fence01c"
		{orientation
			1 	 0 	 0
			0 	 -1 	 0
			0 	 0 	 1
		}
		{bone "cylinder080"
			{matrix34
				0 	 -0.2079 	 -0.9781
				0 	 0.9781 	 -0.2079
				1 	 0 	 0
				-36.2156 	 -5.5753 	 22.9615
			}
			{poly "cylinder080"}
		}
		{bone "cylinder083"
			{Position -38.9117 	 -3.0941 	 -2.4934}
			{poly "cylinder083"}
		}
		{bone "cylinder081"
			{matrix34
				0.9848 	 0.1736 	 0
				-0.1736 	 0.9848 	 0
				0 	 0 	 1
				33.4573 	 -2.2592 	 -2.4934
			}
			{poly "cylinder081"}
		}
		{bone "cylinder082"
			{matrix34
				0 	 -0.1564 	 -0.9877
				0 	 0.9877 	 -0.1564
				1 	 0 	 0
				-36.2137 	 -4.5329 	 9.3897
			}
			{poly "cylinder082"}
		}
		{bone "climb1"
			{matrix34
				0 	 -1 	 0
				1 	 0 	 0
				0 	 0 	 1
				-4.962 	 18.767 	 0
			}
			{visibility 0}
		}
		{bone "climb2"
			{matrix34
				0 	 1 	 0
				-1 	 0 	 0
				0 	 0 	 1
				-4.962 	 -22.8904 	 0
			}
			{visibility 0}
		}
	}
}
{obstacle "obstacle001"
	{obb2
		{center -30.8269 2.86603}
		{extent 13.6989 2.52119}
		{axis -0.999978 0.00657653}
	}
	{rotate}
}
{obstacle "obstacle002"
	{obb2
		{center 22.511 2.60266}
		{extent 15.4082 2.52119}
		{axis -1 0}
	}
	{rotate}
}
{volume "body01"
	{cylinder 1.5748 78.7402}
	{bone "fence01c"}
	{matrix34
		0.0698 	 0 	 -0.9976
		0.0044 	 1 	 0.0003
		0.9976 	 -0.0044 	 0.0698
		-3.0774 	 -6.0645 	 22.5233
	}
}
{volume "body02"
	{cylinder 1.9685 33.0874}
	{bone "fence01c"}
	{matrix34
		1 	 0 	 0
		0 	 1 	 0.0044
		0 	 -0.0044 	 1
		33.3473 	 -2.1486 	 16.5436
	}
}
{volume "body03"
	{cylinder 1.9685 33.0874}
	{bone "fence01c"}
	{matrix34
		1 	 0 	 0
		0 	 1 	 0.0044
		0 	 -0.0044 	 1
		-38.9271 	 -3.4776 	 16.5436
	}
}
{volume "body04"
	{cylinder 1.5748 78.7402}
	{bone "fence01c"}
	{matrix34
		0 	 0 	 -1
		0.0044 	 1 	 0
		1 	 -0.0044 	 0
		-2.9815 	 -4.38 	 6.9065
	}
}
