;Exported by	: joomb
;Date			: 17.04.2024 15:16:16
;File			: h:\git\gem2-mdl-soldiers\models\building\buildings_ru\barn_ru001_x.max
{skeleton
	{bone "barn_ru_001_piece08_point"
		{orientation
			1 	 0 	 0
			0 	 -1 	 0
			0 	 0 	 1
		}
		{bone "barn_ru_001_piece08"
			{Position 0 	 0 	 0}
			{poly "barn_ru_001_piece08"}
			{bone "attach1"
				{matrix34
					-1 	 0 	 0
					0 	 -1 	 0
					0 	 0 	 1
					23.4763 	 -15.23 	 -43.9621
				}
			}
			{bone "attach2"
				{matrix34
					-1 	 0 	 0
					0 	 -1 	 0
					0 	 0 	 1
					23.4064 	 20.2373 	 -43.9621
				}
			}
		}
		{bone "piece01"
			{matrix34
				0 	 -0.5736 	 -0.8192
				1 	 0 	 0
				0 	 -0.8192 	 0.5736
				10.7057 	 -13.2484 	 -3.9998
			}
			{poly "piece01"}
		}
		{bone "sub_piece01"
			{matrix34
				0 	 -0.5736 	 -0.8192
				1 	 0 	 0
				0 	 -0.8192 	 0.5736
				9.7995 	 7.2728 	 -3.9998
			}
			{poly "sub_piece01"}
		}
		{bone "piece02"
			{matrix34
				0 	 -0.5736 	 -0.8192
				1 	 0 	 0
				0 	 -0.8192 	 0.5736
				10.7057 	 33.6994 	 -3.9998
			}
			{poly "piece02"}
		}
		{bone "sub_piece02"
			{matrix34
				0 	 -0.5736 	 -0.8192
				1 	 0 	 0
				0 	 -0.8192 	 0.5736
				9.7995 	 45.5388 	 -3.9998
			}
			{poly "sub_piece02"}
		}
		{bone "sub_piece03"
			{matrix34
				0 	 -0.6561 	 -0.7547
				1 	 0 	 0
				0 	 -0.7547 	 0.6561
				9.7995 	 16.8418 	 -13.4398
			}
			{poly "sub_piece03"}
		}
	}
}
{"volumes"
	{"body01"
		{box 0.787361 67.0796 11.6641}
		{bone "barn_ru_001_piece08"}
		{Position 9.9336 	 1.59 	 -38.0263}
	}
	{"piece01"
		{box 0.787392 9.93321 23.0213}
		{bone "piece01"}
		{matrix34
			0 	 1 	 0
			-0.5736 	 0 	 -0.8192
			-0.8192 	 0 	 0.5736
			0.6906 	 -0.9063 	 0.6871
		}
	}
	{"piece02"
		{box 0.787392 9.93321 23.0213}
		{bone "piece02"}
		{matrix34
			0 	 1 	 0
			-0.5736 	 0 	 -0.8192
			-0.8192 	 0 	 0.5736
			5.2564 	 -0.9063 	 -2.5058
		}
	}
	{"sub_piece01"
		{box 0.787392 4.39522 25.2982}
		{bone "sub_piece01"}
		{matrix34
			0 	 1 	 0
			-0.6428 	 0 	 -0.766
			-0.766 	 0 	 0.6428
			-0.7261 	 0 	 0.5648
		}
	}
	{"sub_piece02"
		{box 0.787392 4.46994 23.9307}
		{bone "sub_piece02"}
		{matrix34
			0 	 1 	 0
			-0.6428 	 0 	 -0.766
			-0.766 	 0 	 0.6428
			-0.9437 	 0 	 0.9432
		}
	}
	{"sub_piece03"
		{box 0.787392 4.39522 23.8662}
		{bone "sub_piece03"}
		{matrix34
			0 	 1 	 0
			-0.6428 	 0 	 -0.766
			-0.766 	 0 	 0.6428
			-0.9394 	 0 	 0.8475
		}
	}
	{"target01"
		{box 9.84252 9.84252 9.84252}
		{bone "barn_ru_001_piece08"}
		{Position 21.4475 	 -15.0526 	 -25.2613}
	}
	{"target02"
		{box 9.84252 9.84252 9.84252}
		{bone "barn_ru_001_piece08"}
		{Position 22.1709 	 20.2973 	 -25.2613}
	}
}
