;Exported by:	 seryoga
;Date:			 14.09.2017 11:25:09
;File:			 D:\git\gem2-mdl-soldiers\models\unit\vehicle\bm37\x\bm37_x.max
{skeleton
	{bone revolute "turret"
		{limits -180 180}
		{orientation
			1 	 0 	 0
			0 	 -1 	 0
			0 	 0 	 1
		}
		{bone "body"
			{parameters "id=body;"}
			{matrix34
				0.9962 	 0 	 -0.0872
				0 	 1 	 0
				0.0872 	 0 	 0.9962
				0 	 0.003 	 1.51
			}
			{LODView
				{poly "body"}
				{poly "body_lod1"}
				{poly "body_lod2"}
				{poly "body_lod3"}
			}
			{bone "gun"
				{parameters "id=gun;"}
				{matrix34
					0.866 	 0 	 -0.5
					0 	 1 	 0
					0.5 	 0 	 0.866
					-0.0521 	 -0.003 	 -0.0828
				}
				{LODView
					{poly "gun"}
					{poly "gun_lod1"}
					{poly "gun_lod2"}
					{poly "gun_lod3"}
				}
				{bone "rod"
					{parameters "id=gun;"}
					{matrix34
						0.6455 	 0 	 0.7638
						0 	 1 	 0
						-0.7638 	 0 	 0.6455
						1.6117 	 -0.2333 	 18.844
					}
					{LODView
						{poly "rod"}
						{poly "rod_lod1"}
						{poly "rod_lod2"}
						{poly "rod_lod3"}
					}
					{bone "stand"
						{parameters "id=gun;"}
						{matrix34
							0.9981 	 0 	 0.061
							0 	 1 	 0
							-0.061 	 0 	 0.9981
							0.6852 	 -0.0699 	 -7.4373
						}
						{LODView
							{poly "stand"}
							{poly "stand_lod1"}
							{poly "stand_lod2"}
							{poly "stand_lod3"}
						}
						{bone "standl"
							{parameters "id=gun;"}
							{matrix34
								0.9932 	 -0.0482 	 0.1057
								0.0459 	 0.9987 	 0.0237
								-0.1067 	 -0.0187 	 0.9941
								-0.0972 	 0.069 	 0.7829
							}
							{LODView
								{poly "standl"}
								{poly "standl_lod1"}
								{poly "standl_lod2"}
								{poly "standl_lod3"}
							}
						}
						{bone "standr"
							{parameters "id=gun;"}
							{matrix34
								0.9871 	 0 	 0.1603
								-0.014 	 0.9962 	 0.086
								-0.1597 	 -0.0872 	 0.9833
								-0.0972 	 0.069 	 0.7829
							}
							{LODView
								{poly "standr"}
								{poly "standr_lod1"}
								{poly "standr_lod2"}
								{poly "standr_lod3"}
							}
						}
						{bone "lock"
							{parameters "id=gun;"}
							{matrix34
								0.9898 	 -0.1388 	 0.0319
								-0.023 	 0.065 	 0.9976
								-0.1406 	 -0.9882 	 0.0611
								0.127 	 -0.5852 	 -3.6707
							}
							{LODView
								{poly "lock"}
								{poly "lock_lod1"}
								{poly "lock_lod2"}
								{poly "lock_lod3"}
							}
						}
						{bone "lever"
							{parameters "id=gun;"}
							{Position 0 	 0 	 0}
							{LODView
								{poly "lever"}
								{poly "lever_lod1"}
								{poly "lever_lod2"}
								{poly "lever_lod3"}
							}
						}
					}
				}
			}
		}
	}
}
{volume "body"
	{cylinder 5.15685 0.79}
	{bone "body"}
	{Position -0.3013 	 0 	 -0.6506}
}
{volume "gun"
	{cylinder 0.907147 25.4347}
	{bone "gun"}
	{matrix34
		0.9993 	 0 	 -0.0381
		0 	 1 	 0
		0.0381 	 0 	 0.9993
		-0.2607 	 -0.286 	 12.5756
	}
}
{volume "rod"
	{cylinder 0.562431 12.6741}
	{bone "rod"}
	{matrix34
		1 	 0.0078 	 0
		-0.0078 	 0.9998 	 -0.0167
		0 	 0.0167 	 0.9999
		0.7056 	 0.0359 	 -6.7865
	}
}
{volume "standl"
	{polyhedron}
	{bone "standl"}
	{matrix34
		0.9791 	 0.0057 	 -0.2032
		0.108 	 0.8324 	 0.5435
		0.1723 	 -0.5541 	 0.8144
		-1.7155 	 7.7084 	 -9.3876
	}
}
{volume "standr"
	{cylinder 0.320586 12.6741}
	{bone "standr"}
	{matrix34
		0.9962 	 0.0858 	 -0.0155
		-0.0747 	 0.7494 	 -0.6579
		-0.0448 	 0.6566 	 0.7529
		0.3026 	 -5.6308 	 -4.7823
	}
}
