;Exported by:	 tolokolnikova
;Date:			 27.06.2017 14:38:44
;File:			 D:\gem2\gem2-mdl-soldiers\models\building\house_D\D_004_x_fort.max
{skeleton
	{bone "d004_piece05_point"
		{orientation
			1 	 0 	 0
			0 	 -1 	 0
			0 	 0 	 1
		}
		{bone "sub_piece01"
			{Position -14.38 	 4.4863 	 39.6787}
			{poly "sub_piece01"}
		}
		{bone "sub_piece05"
			{Position -16.5782 	 35.6289 	 28.2745}
			{poly "sub_piece05"}
		}
		{bone "piece06"
			{Position -33.0053 	 2.7036 	 -15.7074}
			{poly "piece06"}
		}
		{bone "piece01"
			{Position -33.0582 	 18.2718 	 19.7861}
			{poly "piece01"}
		}
		{bone "piece02"
			{matrix34
				0 	 1 	 0
				-1 	 0 	 0
				0 	 0 	 1
				-4.5475 	 39.9292 	 -24.288
			}
			{poly "piece02"}
		}
		{bone "piece03"
			{matrix34
				0 	 1 	 0
				-0.9848 	 0 	 -0.1736
				-0.1736 	 0 	 0.9848
				-25.4414 	 39.8694 	 -9.343
			}
			{poly "piece03"}
		}
		{bone "piece04"
			{Position -33.3832 	 25.5231 	 -0.4287}
			{poly "piece04"}
		}
		{bone "piece05"
			{Position -33.0053 	 28.288 	 -26.9385}
			{poly "piece05"}
		}
		{bone "sub_piece06"
			{matrix34
				0 	 1 	 0
				-1 	 0 	 0
				0 	 0 	 1
				-26.0188 	 39.8792 	 11.22
			}
			{poly "sub_piece06"}
		}
		{bone "sub_piece02"
			{Position -33.0082 	 7.0646 	 0.7543}
			{poly "sub_piece02"}
		}
		{bone "sub_piece03"
			{Position -33.0082 	 -2.0374 	 -32.8858}
			{poly "sub_piece03"}
		}
		{bone "sub_piece04"
			{matrix34
				0 	 1 	 0
				-1 	 0 	 0
				0 	 0 	 1
				-26.2437 	 39.8792 	 -28.881
			}
			{poly "sub_piece04"}
		}
	}
}
{volume "piece01"
	{box 5.90551 18.0902 18.49}
	{bone "piece01"}
	{Position 0 	 0.2447 	 -0.5248}
}
{volume "piece02"
	{box 5.90551 18.844 22.8271}
	{bone "piece02"}
	{Position 0 	 0 	 0.2546}
}
{volume "piece03"
	{box 5.90551 16.3942 13.331}
	{bone "piece03"}
	{matrix34
		1 	 0 	 0
		0 	 0.9848 	 0.1736
		0 	 -0.1736 	 0.9848
		0 	 0.478 	 -0.7129
	}
}
{volume "piece04"
	{box 5.90551 16.3942 13.331}
	{bone "piece04"}
	{matrix34
		1 	 0 	 0
		0 	 0.9848 	 0.1736
		0 	 -0.1736 	 0.9848
		0 	 0.2663 	 -0.194
	}
}
{volume "piece05"
	{box 5.90551 13.7825 29.283}
	{bone "piece05"}
	{matrix34
		1 	 0 	 0
		0 	 0.9397 	 -0.342
		0 	 0.342 	 0.9397
		0 	 0.0754 	 0.8314
	}
}
{volume "piece06"
	{box 5.90551 27.5651 13.8509}
	{bone "piece06"}
	{Position 0 	 -0.2052 	 -0.0291}
}
{volume "sub_piece01"
	{box 27.2888 16.756 0.984252}
	{bone "sub_piece01"}
	{matrix34
		1 	 0 	 0
		0 	 0.9397 	 -0.342
		0 	 0.342 	 0.9397
		-1.4759 	 0.1683 	 0.1337
	}
}
{volume "sub_piece02"
	{box 5.90551 13.1776 11.0021}
	{bone "sub_piece02"}
	{matrix34
		1 	 0 	 0
		0 	 0.9848 	 -0.1736
		0 	 0.1736 	 0.9848
		0 	 0.2289 	 0.5163
	}
}
{volume "sub_piece03"
	{box 5.90551 19.3711 11.0021}
	{bone "sub_piece03"}
	{matrix34
		1 	 0 	 0
		0 	 0.9848 	 -0.1736
		0 	 0.1736 	 0.9848
		0 	 0.2122 	 -0.0694
	}
}
{volume "sub_piece04"
	{box 5.90551 13.1776 14.5665}
	{bone "sub_piece04"}
	{matrix34
		1 	 0 	 0
		0 	 0.9848 	 -0.1736
		0 	 0.1736 	 0.9848
		0 	 0.2142 	 -0.2819
	}
}
{volume "sub_piece05"
	{box 26.2393 22.9534 0.984252}
	{bone "sub_piece05"}
	{matrix34
		1 	 0 	 0
		0 	 0.9397 	 -0.342
		0 	 0.342 	 0.9397
		-1.0581 	 0.1683 	 0.0196
	}
}
{volume "sub_piece06"
	{box 5.90551 13.1776 19.422}
	{bone "sub_piece06"}
	{matrix34
		1 	 0 	 0
		0 	 0.9848 	 -0.1736
		0 	 0.1736 	 0.9848
		0 	 0.6358 	 0.2797
	}
}
