;Exported by	: KobaA
;Date			: 11.03.2024 10:34:21
;File			: d:\git\gem2-mdl-soldiers\models\building\ger_build_01\barn_ger_01_cut_x.max
{skeleton
	{bone "barn_ger01_piece04_point"
		{orientation
			1 	 0 	 0
			0 	 -1 	 0
			0 	 0 	 1
		}
		{bone "piece03"
			{matrix34
				-1 	 0 	 0
				0 	 -1 	 0
				0 	 0 	 1
				0.0469 	 -5.8718 	 -6.7741
			}
			{poly "piece03"}
		}
		{bone "sub_piece02"
			{matrix34
				-1 	 0 	 0
				0 	 -1 	 0
				0 	 0 	 1
				19.3764 	 -15.6941 	 -18.8949
			}
			{poly "sub_piece02"}
		}
		{bone "sub_piece01"
			{matrix34
				-1 	 0 	 0
				0 	 -1 	 0
				0 	 0 	 1
				-29.6399 	 -14.7688 	 -17.4451
			}
			{poly "sub_piece01"}
		}
		{bone "piece01"
			{matrix34
				-1 	 0 	 0
				0 	 -1 	 0
				0 	 0 	 1
				-33.6652 	 4.4044 	 5.4372
			}
			{poly "piece01"}
		}
		{bone "piece02"
			{matrix34
				-1 	 0 	 0
				0 	 -1 	 0
				0 	 0 	 1
				5.1309 	 13.4043 	 16.2472
			}
			{poly "piece02"}
		}
		{bone "piece04"
			{matrix34
				-1 	 0 	 0
				0 	 -1 	 0
				0 	 0 	 1
				34.4379 	 1.1303 	 1.4607
			}
			{poly "piece04"}
		}
	}
}
{"volumes"
	{"piece01"
		{box 38.9293 41.7692 1.35682}
		{bone "piece01"}
		{matrix34
			-1 	 -0.001 	 0
			0.0006 	 -0.6403 	 0.7681
			-0.0008 	 0.7681 	 0.6403
			0.1763 	 0.1078 	 -0.2493
		}
	}
	{"piece02"
		{box 37.9872 22.367 1.35682}
		{bone "piece02"}
		{matrix34
			-1 	 -0.001 	 0
			0.0006 	 -0.6403 	 0.7681
			-0.0008 	 0.7681 	 0.6403
			0.1043 	 -0.126 	 -0.0307
		}
	}
	{"piece03"
		{box 31.922 31.6092 1.35682}
		{bone "piece03"}
		{matrix34
			-1 	 -0.001 	 0
			0.0006 	 -0.6403 	 0.7681
			-0.0008 	 0.7681 	 0.6403
			-0.6293 	 -0.1198 	 -0.1349
		}
	}
	{"piece04"
		{box 35.4335 35.7184 1.35682}
		{bone "piece04"}
		{matrix34
			-1 	 -0.001 	 0
			0.0006 	 -0.6403 	 0.7681
			-0.0008 	 0.7681 	 0.6403
			-0.1207 	 -0.1409 	 0.0407
		}
	}
	{"sub_piece01"
		{box 27.2505 23.3908 1.35682}
		{bone "sub_piece01"}
		{matrix34
			-1 	 -0.001 	 0
			0.0006 	 -0.6403 	 0.7681
			-0.0008 	 0.7681 	 0.6403
			0.3969 	 0.3326 	 0.1461
		}
	}
	{"sub_piece02"
		{box 28.8243 15.3306 1.35682}
		{bone "sub_piece02"}
		{matrix34
			-1 	 -0.001 	 0
			0.0006 	 -0.6403 	 0.7681
			-0.0008 	 0.7681 	 0.6403
			-0.3079 	 0.0284 	 0.0039
		}
	}
}
