;Exported by:	 joomb
;Date:			 09.08.2022 17:29:54
;File:			 D:\git\gem2-mdl-soldiers\models\fence\sandbag_woodbeam\m4_wood1_001_g2_animation_x.max
{skeleton
	{animation
		{sequence "crush1" {speed 0.5}}
	}
	{bone "s3_point"
		{orientation
			1 	 0 	 0
			0 	 -1 	 0
			0 	 0 	 1
		}
		{bone "land"
			{parameters "land;ground;"}
			{matrix34
				0.9659 	 -0.2588 	 0
				0.2588 	 0.9659 	 0
				0 	 0 	 1
				4.4847 	 0.0465 	 0
			}
			{poly "land" {ground}}
		}
		{bone "x2"
			{parameters "lastpose=undefined;"}
			{matrix34
				-0.1736 	 -0.9848 	 0
				0.9848 	 -0.1736 	 0
				0 	 0 	 1
				7.925 	 6.1093 	 0
			}
			{bone "piece01"
				{matrix34
					-0.9663 	 0.2551 	 -0.0347
					-0.2575 	 -0.9561 	 0.1399
					0.0025 	 0.1441 	 0.9896
					4.9681 	 -28.5457 	 8.1616
				}
				{poly "piece01"}
			}
			{bone "piece02"
				{matrix34
					-0.816 	 -0.5714 	 0.0872
					0.5736 	 -0.8192 	 0
					0.0714 	 0.05 	 0.9962
					15.8804 	 3.977 	 11.3162
				}
				{poly "piece02"}
			}
			{bone "piece03"
				{matrix34
					0.6403 	 -0.7631 	 0.0872
					0.766 	 0.6428 	 0
					-0.056 	 0.0668 	 0.9962
					10.5017 	 9.4387 	 19.7564
				}
				{poly "piece03"}
			}
			{bone "piece04"
				{matrix34
					-0.9962 	 0 	 0.0872
					0 	 -1 	 0
					0.0872 	 0 	 0.9962
					12.2602 	 -14.748 	 12.3537
				}
				{poly "piece04"}
			}
			{bone "piece05"
				{matrix34
					-0.9962 	 0 	 0.0872
					0 	 -1 	 0
					0.0872 	 0 	 0.9962
					10.6277 	 -7.3925 	 20.4955
				}
				{poly "piece05"}
			}
			{bone "piece06"
				{matrix34
					-0.7044 	 0.7044 	 0.0872
					-0.7071 	 -0.7071 	 0
					0.0616 	 -0.0616 	 0.9962
					1.6575 	 -26.5051 	 19.496
				}
				{poly "piece06"}
			}
		}
		{bone "x1"
			{bone "wall"
				{Position 17.0274 	 33.9185 	 0}
				{poly "wall"}
			}
			{bone "sand04"
				{matrix34
					-0.7604 	 0.6494 	 -0.011
					-0.6277 	 -0.7391 	 -0.2445
					-0.1669 	 -0.179 	 0.9696
					-15.3105 	 3.3999 	 23.6481
				}
				{poly "sand04"}
			}
			{bone "sand03"
				{matrix34
					0.4226 	 0.9063 	 0
					-0.9051 	 0.422 	 -0.0523
					-0.0474 	 0.0221 	 0.9986
					-4.6975 	 -0.5103 	 24.2582
				}
				{poly "sand03"}
			}
			{bone "sand02"
				{matrix34
					0 	 1 	 0
					-0.9986 	 0 	 -0.0523
					-0.0523 	 0 	 0.9986
					4.3666 	 -4.844 	 18.7859
				}
				{poly "sand02"}
			}
			{bone "sand01"
				{matrix34
					-0.8192 	 -0.5736 	 0
					0.5728 	 -0.818 	 -0.0523
					0.03 	 -0.0429 	 0.9986
					-20.0568 	 9.1743 	 20.9675
				}
				{poly "sand01"}
			}
			{bone "sand"
				{matrix34
					0.9063 	 0.4226 	 0
					-0.422 	 0.9051 	 -0.0523
					-0.0221 	 0.0474 	 0.9986
					-21.863 	 13.4421 	 2.7115
				}
				{poly "sand"}
			}
		}
	}
}
{volume "piece01"
	{box 13.505 9.93109 4.41866}
	{bone "piece01"}
	{matrix34
		-0.0868 	 -0.9962 	 0.0076
		0.9924 	 -0.0872 	 -0.0868
		0.0872 	 0 	 0.9962
		-0.2249 	 0.358 	 -0.6985
	}
}
{volume "piece02"
	{box 13.505 9.93109 4.41866}
	{bone "piece02"}
	{matrix34
		-0.0868 	 -0.9962 	 0.0076
		0.9924 	 -0.0872 	 -0.0868
		0.0872 	 0 	 0.9962
		-0.2249 	 0.358 	 -0.6985
	}
}
{volume "piece03"
	{box 13.505 9.93109 4.41866}
	{bone "piece03"}
	{matrix34
		-0.0868 	 -0.9962 	 0.0076
		0.9924 	 -0.0872 	 -0.0868
		0.0872 	 0 	 0.9962
		-0.2249 	 0.358 	 -0.6985
	}
}
{volume "piece04"
	{box 13.505 9.93109 4.41866}
	{bone "piece04"}
	{matrix34
		-0.0868 	 -0.9962 	 0.0076
		0.9924 	 -0.0872 	 -0.0868
		0.0872 	 0 	 0.9962
		-0.2249 	 0.358 	 -0.6985
	}
}
{volume "piece05"
	{box 13.505 9.93109 4.41866}
	{bone "piece05"}
	{matrix34
		-0.0868 	 -0.9962 	 0.0076
		0.9924 	 -0.0872 	 -0.0868
		0.0872 	 0 	 0.9962
		-0.2249 	 0.358 	 -0.6985
	}
}
{volume "piece06"
	{box 13.505 9.93109 4.41866}
	{bone "piece06"}
	{matrix34
		-0.0868 	 -0.9962 	 0.0076
		0.9924 	 -0.0872 	 -0.0868
		0.0872 	 0 	 0.9962
		-0.2249 	 0.358 	 -0.6985
	}
}
