;Exported by:	 tolokolnikova
;Date:			 10.04.2018 10:15:25
;File:			 D:\gem2\gem2-mdl-soldiers\models\fence\fence_wood_logs.max
{skeleton
	{bone "ua_fence_basis05_x"
		{orientation
			1 	 0 	 0
			0 	 -1 	 0
			0 	 0 	 1
		}
		{bone "piece01"
			{matrix34
				-1 	 0 	 0
				0 	 0.9962 	 -0.0872
				0 	 0.0872 	 0.9962
				7.1104 	 0.8686 	 9.4741
			}
			{poly "piece01"}
		}
		{bone "piece02"
			{matrix34
				-1 	 0 	 0
				0 	 0.9962 	 -0.0872
				0 	 0.0872 	 0.9962
				-2.669 	 3.6733 	 11.5645
			}
			{poly "piece02"}
		}
		{bone "piece04"
			{matrix34
				-1 	 0 	 0
				0 	 0.0872 	 0.9962
				0 	 -0.9962 	 0.0872
				-4.9539 	 7.0129 	 14.7609
			}
			{poly "piece04"}
		}
		{bone "piece03"
			{matrix34
				-1 	 0 	 0
				0 	 0.9962 	 -0.0872
				0 	 0.0872 	 0.9962
				16.728 	 0.0043 	 14.2522
			}
			{poly "piece03"}
		}
		{bone "piece05"
			{matrix34
				1 	 0 	 0
				0 	 0.0872 	 0.9962
				0 	 0.9962 	 -0.0872
				7.1989 	 1.9365 	 15.6132
			}
			{poly "piece05"}
		}
		{bone "piece06"
			{matrix34
				1 	 0 	 0
				0 	 0.0872 	 0.9962
				0 	 0.9962 	 -0.0872
				7.1989 	 1.9365 	 4.9557
			}
			{poly "piece06"}
		}
		{bone "fx_wood"
			{Position 5.3796 	 0.5049 	 11.0972}
		}
	}
}
{volume "piece01"
	{box 0.984252 0.984252 14.5774}
	{bone "piece01"}
	{matrix34
		-0.7071 	 -0.7044 	 0.0616
		-0.7071 	 0.7044 	 -0.0616
		0 	 0.0872 	 0.9962
		-0.0529 	 -0.0953 	 1.7223
	}
}
{volume "piece02"
	{box 0.984252 0.984252 14.5774}
	{bone "piece02"}
	{matrix34
		-0.9912 	 -0.1125 	 0.0698
		-0.1282 	 0.9473 	 -0.2935
		0.0331 	 0.2999 	 0.9534
		0.1068 	 0.2119 	 0.978
	}
}
{volume "piece03"
	{box 0.984252 0.984252 11.9535}
	{bone "piece03"}
	{matrix34
		-0.7071 	 -0.7071 	 0
		-0.7071 	 0.7071 	 0
		0 	 0 	 1
		-0.2587 	 0.0936 	 0.2133
	}
}
{volume "piece04"
	{box 20.3357 0.462515 0.762002}
	{bone "piece04"}
	{matrix34
		-0.8925 	 0.1199 	 0.4347
		-0.4162 	 0.1521 	 -0.8965
		0.1736 	 0.9811 	 0.0858
		-0.5179 	 0.1695 	 -0.1691
	}
}
{volume "piece05"
	{box 20.3357 0.462515 0.762002}
	{bone "piece05"}
	{matrix34
		0.9659 	 -0.0226 	 -0.2578
		0.2588 	 0.0842 	 0.9623
		0 	 0.9962 	 -0.0872
		0.8219 	 0.4204 	 0.2256
	}
}
{volume "piece06"
	{box 20.3357 0.462515 0.762002}
	{bone "piece06"}
	{matrix34
		0.9659 	 -0.0226 	 -0.2578
		0.2588 	 0.0842 	 0.9623
		0 	 0.9962 	 -0.0872
		0 	 0.4023 	 0.2272
	}
}
