;Exported by:	 joomb
;Date:			 04.08.2020 14:17:40
;File:			 D:\Git\gem2-mdl-soldiers\models\unit\vehicle\ds_39\DS_39_stan_xx.max
{skeleton
	{bone revolute "basis"
		{speed 0.01}
		{orientation
			1 	 0 	 0
			0 	 -1 	 0
			0 	 0 	 1
		}
		{bone "body"
			{Position 0 	 0 	 15.2362}
			{LODView
				{poly "body"}
				{poly "body_lod1"}
				{poly "body_lod2"}
				{poly "body_lod3"}
			}
			{bone "turret"
				{Position 0 	 0 	 7.3103}
				{LODView
					{poly "turret"}
					{poly "turret_lod1"}
					{poly "turret_lod2"}
					{poly "turret_lod3"}
				}
				{bone "gun_rot"
					{matrix34
						1 	 0 	 0
						0 	 0 	 1
						0 	 -1 	 0
						0 	 0 	 3.1178
					}
					{LODView
						{poly "gun_rot"}
						{poly "gun_rot_lod1"}
						{poly "gun_rot_lod2"}
						{poly "gun_rot_lod3"}
					}
					{bone "mgun"
						{Position -5.4751 	 -0.6803 	 0}
					}
					{bone "part5"
						{Position -2.0377 	 -4.4205 	 3.9265}
						{LODView
							{poly "part5"}
							{poly "part5_lod1"}
							{poly "part5_lod2"}
							{poly "part5_lod3"}
						}
					}
				}
				{bone "part4"
					{matrix34
						1 	 0 	 0
						0 	 0 	 -1
						0 	 1 	 0
						0.3131 	 1.2784 	 7.0718
					}
					{LODView
						{poly "part4"}
						{poly "part4_lod1"}
						{poly "part4_lod2"}
						{poly "part4_lod3"}
					}
				}
			}
			{bone "part1"
				{matrix34
					0.6293 	 0 	 0.7771
					0 	 1 	 0
					-0.7771 	 0 	 0.6293
					-1.0102 	 0 	 6.1622
				}
				{LODView
					{poly "part1"}
					{poly "part1_lod1"}
					{poly "part1_lod2"}
					{poly "part1_lod3"}
				}
			}
			{bone "part2"
				{matrix34
					0.7736 	 -0.6317 	 0.0492
					0.3942 	 0.4191 	 -0.8179
					0.4961 	 0.6522 	 0.5732
					0.3813 	 0.9786 	 6.1728
				}
				{LODView
					{poly "part2"}
					{poly "part2_lod1"}
					{poly "part2_lod2"}
					{poly "part2_lod3"}
				}
			}
			{bone "part3"
				{matrix34
					0.3422 	 -0.4603 	 -0.8192
					0.8026 	 0.5965 	 0
					0.4887 	 -0.6574 	 0.5736
					0.3729 	 -0.984 	 6.1818
				}
				{LODView
					{poly "part3"}
					{poly "part3_lod1"}
					{poly "part3_lod2"}
					{poly "part3_lod3"}
				}
			}
		}
	}
}
{volume "body"
	{polyhedron}
	{bone "body"}
	{Position -0.0026 	 0 	 6.1932}
}
{volume "gun_rot01"
	{polyhedron}
	{bone "gun_rot"}
	{matrix34
		1 	 0 	 0
		0 	 0 	 -1
		0 	 1 	 0
		-2.0088 	 -0.9056 	 0
	}
}
{volume "part1"
	{cylinder 0.492126 20.6693}
	{bone "part1"}
	{matrix34
		0.4772 	 0 	 -0.8788
		0 	 1 	 0
		0.8788 	 0 	 0.4772
		-10.7059 	 -0.0055 	 -4.1592
	}
}
{volume "part2"
	{cylinder 0.492126 21.2598}
	{bone "part2"}
	{matrix34
		0.7858 	 0.3917 	 0.4786
		-0.6049 	 0.326 	 0.7265
		0.1286 	 -0.8604 	 0.4931
		-0.9721 	 9.2612 	 -5.2906
	}
}
{volume "part3"
	{cylinder 0.492126 21.2598}
	{bone "part3"}
	{matrix34
		0.2123 	 0.8023 	 0.5579
		-0.307 	 0.5968 	 -0.7414
		-0.9277 	 -0.0138 	 0.373
		10.4433 	 -0.0644 	 -4.1179
	}
}
{volume "part4"
	{polyhedron}
	{bone "part4"}
	{matrix34
		0.983 	 -0.1686 	 -0.0731
		-0.0054 	 -0.4241 	 0.9056
		-0.1837 	 -0.8898 	 -0.4178
		-0.4048 	 -1.5199 	 -1.6053
	}
}
{volume "part5"
	{polyhedron}
	{bone "part5"}
	{matrix34
		1 	 0 	 0
		0 	 0 	 -1
		0 	 1 	 0
		0.1931 	 0.1856 	 0.444
	}
}
{volume "turret"
	{polyhedron}
	{bone "turret"}
	{Position 0.4358 	 -0.0988 	 0.0218}
}
