;Exported by	: joomb
;Date			: 13.04.2023 15:01:33
;File			: H:\git\gem2-mdl-soldiers\models\building\building_ua01\building_ua04_2v.max
{skeleton
	{bone "b_ua_04_piece09"
		{orientation
			1 	 0 	 0
			0 	 -1 	 0
			0 	 0 	 1
		}
		{poly "b_ua_04_piece09"}
		{bone "fort_wall"
			{Position -3.4369 	 5.8845 	 -19.3163}
		}
		{bone revolute "attach1"
			{matrix34
				0 	 1 	 0
				-1 	 0 	 0
				0 	 0 	 1
				-12.7404 	 -18.0083 	 -21.2848
			}
		}
	}
}
{"volumes"
	{"body01"
		{box 9.84252 65.2451 43.5899}
		{bone "b_ua_04_piece09"}
		{matrix34
			0 	 -1 	 0
			1 	 0 	 0
			0 	 0 	 1
			2.9581 	 -1.0581 	 -0.304
		}
	}
	{"body02"
		{box 9.84252 5.9695 45.2146}
		{bone "b_ua_04_piece09"}
		{Position -28.5806 	 -8.3356 	 -6.5515}
	}
	{"roof01"
		{box 72.7112 1.9685 13.7847}
		{bone "b_ua_04_piece09"}
		{matrix34
			-1 	 0 	 0
			0 	 -0.8192 	 -0.5736
			0 	 -0.5736 	 0.8192
			0.1385 	 9.0018 	 27.827
		}
	}
	{"roof02"
		{polyhedron}
		{bone "b_ua_04_piece09"}
		{matrix34
			-1 	 0 	 0
			0 	 -0.8192 	 -0.5736
			0 	 -0.5736 	 0.8192
			30.7829 	 7.8915 	 29.4126
		}
	}
	{"roof03"
		{box 23.9947 1.9685 13.7847}
		{bone "b_ua_04_piece09"}
		{matrix34
			0 	 -1 	 0
			0.8192 	 0 	 -0.5736
			0.5736 	 0 	 0.8192
			-36.7066 	 -3.4714 	 27.827
		}
	}
}
