;Exported by	: Oleksandr Tsaprylov
;Date			: 26.01.2023 21:18:32
;File			: E:\projects\gem2-mdl-soldiers\models\entourage\shed_wood_destroyed\shed_wood_destroyed.max
{skeleton
	{bone "shed_wood_destroyed_c_piece_001"
		{orientation
			1 	 0 	 0
			0 	 -1 	 0
			0 	 0 	 1
		}
		{poly "shed_wood_destroyed_c_piece_001"}
	}
}
{obstacle "obstacle01"
	{obb2
		{center -16.8886 16.6208}
		{extent 27.6122 2.8221}
		{axis -1 6.90763e-08}
	}
	{rotate}
}
{"volumes"
	{"body01"
		{box 1.58472 6.89381 48.0979}
		{bone "shed_wood_destroyed_c_piece_001"}
		{matrix34
			0 	 0.5736 	 -0.8192
			0 	 -0.8192 	 -0.5736
			-1 	 0 	 0
			5.034 	 -26.794 	 63.6887
		}
	}
	{"body02"
		{box 1.58472 6.89381 47.6073}
		{bone "shed_wood_destroyed_c_piece_001"}
		{matrix34
			0 	 0.5736 	 -0.8192
			0.0872 	 -0.816 	 -0.5714
			-0.9962 	 -0.0714 	 -0.05
			5.0697 	 -9.5422 	 73.6914
		}
	}
	{"body03"
		{box 3.93701 3.93701 68.9314}
		{bone "shed_wood_destroyed_c_piece_001"}
		{Position -34.7917 	 -14.8033 	 34.4657}
	}
	{"body04"
		{box 3.93701 3.93701 68.9314}
		{bone "shed_wood_destroyed_c_piece_001"}
		{Position 5.7856 	 -16.1721 	 34.4657}
	}
	{"body05"
		{box 7.16952 2.91339 77.1984}
		{bone "shed_wood_destroyed_c_piece_001"}
		{matrix34
			0 	 0 	 1
			0 	 1 	 0
			-1 	 0 	 0
			-2.4273 	 -15.7385 	 67.0639
		}
	}
	{"body06"
		{box 13.0746 1.26645 55.6174}
		{bone "shed_wood_destroyed_c_piece_001"}
		{matrix34
			0 	 0 	 1
			0 	 1 	 0
			-1 	 0 	 0
			-18.3208 	 -18.6461 	 42.5189
		}
	}
	{"body07"
		{box 5.36057 1.26645 18.3537}
		{bone "shed_wood_destroyed_c_piece_001"}
		{matrix34
			0 	 0 	 1
			0 	 1 	 0
			-1 	 0 	 0
			-33.1781 	 -19.1754 	 20.2241
		}
	}
	{"body08"
		{box 5.36057 1.26645 36.7075}
		{bone "shed_wood_destroyed_c_piece_001"}
		{matrix34
			0.0872 	 0 	 0.9962
			0 	 1 	 0
			-0.9962 	 0 	 0.0872
			-25.7191 	 -19.1754 	 13.0573
		}
	}
	{"body09"
		{box 2.3622 2.98768 39.7528}
		{bone "shed_wood_destroyed_c_piece_001"}
		{matrix34
			-1 	 0 	 0
			0 	 -0.5736 	 0.8192
			0 	 0.8192 	 0.5736
			10.3924 	 -31.3425 	 58.2794
		}
	}
	{"body10"
		{box 2.3622 2.98768 115.696}
		{bone "shed_wood_destroyed_c_piece_001"}
		{matrix34
			-1 	 0 	 0
			0 	 -0.5736 	 0.8192
			0 	 0.8192 	 0.5736
			-10.7799 	 0.1015 	 80.2968
		}
	}
	{"body11"
		{box 2.3622 2.98768 112.179}
		{bone "shed_wood_destroyed_c_piece_001"}
		{matrix34
			-1 	 0 	 0
			0 	 -0.5736 	 0.8192
			0 	 0.8192 	 0.5736
			32.4902 	 -1.3391 	 79.2881
		}
	}
	{"body12"
		{box 2.3622 2.98768 50.155}
		{bone "shed_wood_destroyed_c_piece_001"}
		{matrix34
			-1 	 0 	 0
			0 	 0 	 1
			0 	 1 	 0
			-19.1627 	 9.3 	 69.3248
		}
	}
	{"body13"
		{box 2.3622 2.98768 61.9378}
		{bone "shed_wood_destroyed_c_piece_001"}
		{matrix34
			-1 	 0 	 0
			0 	 0 	 1
			0 	 1 	 0
			32.406 	 15.1914 	 69.3248
		}
	}
}
