;Exported by:	 joomb
;Date:			 11.08.2022 14:03:30
;File:			 D:\git\gem2-mdl-soldiers\models\unit\vehicle\il2\il2_shturmovik_collection_xx.max
{skeleton
	{bone "basis"
		{orientation
			1 	 0 	 0
			0 	 -1 	 0
			0 	 0 	 1
		}
		{bone "body"
			{parameters "id=body;"}
			{Position 0 	 0 	 8.5538}
			{LODView
				{poly "body"}
				{poly "body_lod1"}
				{poly "body_lod2"}
				{poly "body_lod3"}
			}
			{bone "cabin2"
				{parameters "id=cabin;"}
				{Position -54.2673 	 -9.3129 	 40.9207}
				{LODView
					{poly "cabin2"}
					{poly "cabin2_lod1"}
					{poly "cabin2_lod2"}
					{poly "cabin2_lod3"}
				}
			}
			{bone "cabin1"
				{parameters "id=cabin;"}
				{Position -27.5162 	 0 	 41.2531}
				{LODView
					{poly "cabin1"}
					{poly "cabin1_lod1"}
					{poly "cabin1_lod2"}
					{poly "cabin1_lod3"}
				}
			}
			{bone revolute "propeller"
				{parameters "id=engine;"}
				{Position 40.8913 	 0 	 29.8452}
				{LODView
					{poly "propeller"}
					{poly "propeller_lod1"}
					{poly "propeller_lod2"}
					{poly "propeller_lod3"}
				}
			}
			{bone revolute "turret"
				{parameters "id=body;"}
				{limits -12 15}
				{speed 0.01}
				{matrix34
					-1 	 0 	 0
					0 	 -1 	 0
					0 	 0 	 1
					-56.121 	 0 	 40.9572
				}
				{LODView
					{poly "turret"}
					{poly "turret_lod1"}
					{poly "turret_lod2"}
					{poly "turret_lod3"}
				}
				{bone revolute "mgun_vert"
					{parameters "id=body;"}
					{limits -12 15}
					{speed 0.01}
					{Position 6.565 	 0 	 0.8996}
					{LODView
						{poly "mgun_vert"}
						{poly "mgun_vert_lod1"}
						{poly "mgun_vert_lod2"}
						{poly "mgun_vert_lod3"}
					}
				}
			}
			{bone "cover1"
				{parameters "id=body;"}
				{matrix34
					1 	 0 	 0
					0 	 0.4226 	 -0.9063
					0 	 0.9063 	 0.4226
					-11.2864 	 -39.8363 	 17.1165
				}
				{LODView
					{poly "cover1"}
					{poly "cover1_lod1"}
					{poly "cover1_lod2"}
					{poly "cover1_lod3"}
				}
			}
			{bone "cover2"
				{parameters "id=body;"}
				{matrix34
					1 	 0 	 0
					0 	 0.4226 	 0.9063
					0 	 -0.9063 	 0.4226
					-11.2864 	 -26.5704 	 17.1165
				}
				{LODView
					{poly "cover2"}
					{poly "cover2_lod1"}
					{poly "cover2_lod2"}
					{poly "cover2_lod3"}
				}
			}
			{bone "cover3"
				{parameters "id=body;"}
				{matrix34
					1 	 0 	 0
					0 	 0.4226 	 -0.9063
					0 	 0.9063 	 0.4226
					-11.2864 	 26.5704 	 17.1165
				}
				{LODView
					{poly "cover3"}
					{poly "cover3_lod1"}
					{poly "cover3_lod2"}
					{poly "cover3_lod3"}
				}
			}
			{bone "cover4"
				{parameters "id=body;"}
				{matrix34
					1 	 0 	 0
					0 	 0.4226 	 0.9063
					0 	 -0.9063 	 0.4226
					-11.2864 	 39.8363 	 17.1165
				}
				{LODView
					{poly "cover4"}
					{poly "cover4_lod1"}
					{poly "cover4_lod2"}
					{poly "cover4_lod3"}
				}
			}
			{bone "cover12"
				{parameters "id=body;"}
				{Position -14.3208 	 25.2357 	 20.6276}
				{LODView
					{poly "cover12"}
					{poly "cover12_lod1"}
					{poly "cover12_lod2"}
					{poly "cover12_lod3"}
				}
			}
			{bone "cover11"
				{parameters "id=body;"}
				{Position -14.3107 	 17.5639 	 20.6138}
				{LODView
					{poly "cover11"}
					{poly "cover11_lod1"}
					{poly "cover11_lod2"}
					{poly "cover11_lod3"}
				}
			}
			{bone "cover10"
				{parameters "id=body;"}
				{Position -14.3207 	 16.665 	 20.6276}
				{LODView
					{poly "cover10"}
					{poly "cover10_lod1"}
					{poly "cover10_lod2"}
					{poly "cover10_lod3"}
				}
			}
			{bone "cover9"
				{parameters "id=body;"}
				{Position -14.3107 	 8.9744 	 20.0491}
				{LODView
					{poly "cover9"}
					{poly "cover9_lod1"}
					{poly "cover9_lod2"}
					{poly "cover9_lod3"}
				}
			}
			{bone "cover8"
				{parameters "id=body;"}
				{Position -14.3107 	 -8.9744 	 20.0491}
				{LODView
					{poly "cover8"}
					{poly "cover8_lod1"}
					{poly "cover8_lod2"}
					{poly "cover8_lod3"}
				}
			}
			{bone "cover7"
				{parameters "id=body;"}
				{Position -14.3208 	 -16.6651 	 20.6276}
				{LODView
					{poly "cover7"}
					{poly "cover7_lod1"}
					{poly "cover7_lod2"}
					{poly "cover7_lod3"}
				}
			}
			{bone "cover6"
				{parameters "id=body;"}
				{Position -14.3107 	 -17.5639 	 20.6138}
				{LODView
					{poly "cover6"}
					{poly "cover6_lod1"}
					{poly "cover6_lod2"}
					{poly "cover6_lod3"}
				}
			}
			{bone "cover5"
				{parameters "id=body;"}
				{Position -14.3208 	 -25.2357 	 20.6276}
				{LODView
					{poly "cover5"}
					{poly "cover5_lod1"}
					{poly "cover5_lod2"}
					{poly "cover5_lod3"}
				}
			}
			{bone "flap2"
				{parameters "id=body;"}
				{matrix34
					0.9883 	 0.1526 	 -0.0065
					0 	 0.0426 	 0.9991
					0.1527 	 -0.9874 	 0.0421
					-47.0293 	 -39.1601 	 22.0572
				}
				{LODView
					{poly "flap2"}
					{poly "flap2_lod1"}
					{poly "flap2_lod2"}
					{poly "flap2_lod3"}
				}
			}
			{bone "flap1"
				{parameters "id=body;"}
				{matrix34
					0.9849 	 -0.1724 	 -0.0168
					0.0075 	 -0.0543 	 0.9985
					-0.1731 	 -0.9835 	 -0.0522
					-47.0293 	 39.1849 	 22.0572
				}
				{LODView
					{poly "flap1"}
					{poly "flap1_lod1"}
					{poly "flap1_lod2"}
					{poly "flap1_lod3"}
				}
			}
			{bone "body_back"
				{Position -167.289 	 19.04 	 24.5341}
				{bone "pivot_back"
					{Position 0 	 -19.04 	 0}
					{bone revolute "wheel_back"
						{parameters "id=body_back;radius=0.11;support;"}
						{matrix34
							1 	 0 	 0
							0 	 0 	 1
							0 	 -1 	 0
							0 	 0 	 0
						}
						{LODView
							{poly "wheel_back"}
							{poly "wheel_back_lod1"}
							{poly "wheel_back_lod2"}
							{poly "wheel_back_lod3"}
						}
					}
				}
				{bone revolute "elevator1"
					{parameters "id=body_back;"}
					{matrix34
						1 	 0 	 0
						0 	 0 	 -1
						0 	 1 	 0
						15.2021 	 8.5301 	 9.0208
					}
					{LODView
						{poly "elevator1"}
						{poly "elevator1_lod1"}
						{poly "elevator1_lod2"}
						{poly "elevator1_lod3"}
					}
				}
				{bone revolute "elevator2"
					{parameters "id=body_back;"}
					{matrix34
						1 	 0 	 0
						0 	 0 	 -1
						0 	 1 	 0
						15.2021 	 -46.61 	 9.0208
					}
					{LODView
						{poly "elevator2"}
						{poly "elevator2_lod1"}
						{poly "elevator2_lod2"}
						{poly "elevator2_lod3"}
					}
				}
				{bone revolute "rudder"
					{parameters "id=body_back;"}
					{Position 14.9483 	 -18.9269 	 22.5627}
					{LODView
						{poly "rudder"}
						{poly "rudder_lod1"}
						{poly "rudder_lod2"}
						{poly "rudder_lod3"}
					}
				}
			}
			{bone revolute "rocket"
				{limits -20 20}
				{speed 0.01}
				{Position 47.4964 	 0.1592 	 12.1067}
				{bone revolute "rocket_rot"
					{limits -20 20}
					{speed 0.01}
					{matrix34
						1 	 0 	 0
						0 	 0 	 1
						0 	 -1 	 0
						0 	 0 	 0
					}
				}
			}
		}
		{bone "pivot_front"
			{Position 0 	 0 	 8.5538}
			{bone "wingl1"
				{parameters "id=wingleft;"}
				{Position -25.5905 	 78.7402 	 24.9107}
				{LODView
					{poly "wingl1"}
					{poly "wingl1_lod1"}
					{poly "wingl1_lod2"}
					{poly "wingl1_lod3"}
				}
				{bone revolute "aileron1"
					{parameters "id=wingleft;"}
					{matrix34
						0.9877 	 -0.1559 	 -0.0078
						0 	 -0.0499 	 0.9988
						-0.1561 	 -0.9865 	 -0.0493
						-13.5875 	 9.8385 	 2.0535
					}
					{LODView
						{poly "aileron1"}
						{poly "aileron1_lod1"}
						{poly "aileron1_lod2"}
						{poly "aileron1_lod3"}
					}
				}
				{bone "rocket01"
					{matrix34
						1 	 0 	 0
						0 	 0.9994 	 0.0346
						0 	 -0.0346 	 0.9994
						13.183 	 -13.198 	 -3.8479
					}
					{LODView
						{poly "rocket01"}
						{poly "rocket01_lod1"}
						{poly "rocket01_lod2"}
						{poly "rocket01_lod3"}
					}
				}
				{bone "rocket03"
					{matrix34
						1 	 0 	 0
						0 	 0.9994 	 0.0346
						0 	 -0.0346 	 0.9994
						13.183 	 -8.5523 	 -3.5158
					}
					{LODView
						{poly "rocket03"}
						{poly "rocket03_lod1"}
						{poly "rocket03_lod2"}
						{poly "rocket03_lod3"}
					}
				}
				{bone "rocket07"
					{matrix34
						1 	 0 	 0
						0 	 0.9994 	 0.0346
						0 	 -0.0346 	 0.9994
						13.183 	 -13.198 	 -3.8479
					}
					{LODView
						{poly "rocket07"}
						{poly "rocket07_lod1"}
						{poly "rocket07_lod2"}
						{poly "rocket07_lod3"}
					}
				}
				{bone "rocket05"
					{matrix34
						1 	 0 	 0
						0 	 0.9994 	 0.0346
						0 	 -0.0346 	 0.9994
						13.183 	 -8.5523 	 -3.5158
					}
					{LODView
						{poly "rocket05"}
						{poly "rocket05_lod1"}
						{poly "rocket05_lod2"}
						{poly "rocket05_lod3"}
					}
				}
			}
			{bone "wingr1"
				{parameters "id=wingright;"}
				{Position -25.5906 	 -78.7401 	 24.9107}
				{LODView
					{poly "wingr1"}
					{poly "wingr1_lod1"}
					{poly "wingr1_lod2"}
					{poly "wingr1_lod3"}
				}
				{bone revolute "aileron2"
					{parameters "id=wingright;"}
					{matrix34
						0.9879 	 0.155 	 0
						-0.0082 	 0.0524 	 0.9986
						0.1548 	 -0.9865 	 0.053
						-13.5752 	 -9.8422 	 2.0538
					}
					{LODView
						{poly "aileron2"}
						{poly "aileron2_lod1"}
						{poly "aileron2_lod2"}
						{poly "aileron2_lod3"}
					}
				}
				{bone "rocket00"
					{matrix34
						1 	 0 	 0
						0 	 0.9994 	 0.0346
						0 	 -0.0346 	 0.9994
						13.183 	 13.198 	 -3.8479
					}
					{LODView
						{poly "rocket00"}
						{poly "rocket00_lod1"}
						{poly "rocket00_lod2"}
						{poly "rocket00_lod3"}
					}
				}
				{bone "rocket02"
					{matrix34
						1 	 0 	 0
						0 	 0.9994 	 0.0346
						0 	 -0.0346 	 0.9994
						13.1829 	 8.5524 	 -3.5158
					}
					{LODView
						{poly "rocket02"}
						{poly "rocket02_lod1"}
						{poly "rocket02_lod2"}
						{poly "rocket02_lod3"}
					}
				}
				{bone "rocket04"
					{matrix34
						1 	 0 	 0
						0 	 0.9994 	 0.0346
						0 	 -0.0346 	 0.9994
						13.183 	 13.198 	 -3.8479
					}
					{LODView
						{poly "rocket04"}
						{poly "rocket04_lod1"}
						{poly "rocket04_lod2"}
						{poly "rocket04_lod3"}
					}
				}
				{bone "rocket06"
					{matrix34
						1 	 0 	 0
						0 	 0.9994 	 0.0346
						0 	 -0.0346 	 0.9994
						13.1829 	 8.5524 	 -3.5158
					}
					{LODView
						{poly "rocket06"}
						{poly "rocket06_lod1"}
						{poly "rocket06_lod2"}
						{poly "rocket06_lod3"}
					}
				}
			}
			{bone "suspl1"
				{parameters "id=wheelleft;"}
				{Position 0 	 33.2169 	 18.9368}
				{LODView
					{poly "suspl1"}
					{poly "suspl1_lod1"}
					{poly "suspl1_lod2"}
					{poly "suspl1_lod3"}
				}
				{bone revolute "wheell"
					{parameters "id=wheelleft;radius=0.34;support;"}
					{matrix34
						1 	 0 	 0
						0 	 0 	 -1
						0 	 1 	 0
						0 	 0 	 -18.9368
					}
					{poly "wheell"}
				}
			}
			{bone "suspl2"
				{parameters "id=wheelleft;"}
				{Position -29.5134 	 33.2169 	 21.9471}
				{LODView
					{poly "suspl2"}
					{poly "suspl2_lod1"}
					{poly "suspl2_lod2"}
					{poly "suspl2_lod3"}
				}
				{bone "suspl3"
					{parameters "id=wheelleft;"}
					{Position 28.2948 	 -33.2169 	 -13.246}
					{LODView
						{poly "suspl3"}
						{poly "suspl3_lod1"}
						{poly "suspl3_lod2"}
						{poly "suspl3_lod3"}
					}
				}
			}
			{bone "suspr1"
				{parameters "id=wheelright;"}
				{Position 0 	 -33.2169 	 18.9368}
				{LODView
					{poly "suspr1"}
					{poly "suspr1_lod1"}
					{poly "suspr1_lod2"}
					{poly "suspr1_lod3"}
				}
				{bone revolute "wheelr"
					{parameters "id=wheelright;radius=0.42;support;"}
					{matrix34
						1 	 0 	 0
						0 	 0 	 -1
						0 	 1 	 0
						0 	 0 	 -18.9368
					}
					{poly "wheelr"}
				}
			}
			{bone "suspr2"
				{parameters "id=wheelright;"}
				{Position -29.5135 	 -33.2169 	 21.9472}
				{LODView
					{poly "suspr2"}
					{poly "suspr2_lod1"}
					{poly "suspr2_lod2"}
					{poly "suspr2_lod3"}
				}
				{bone "suspr3"
					{parameters "id=wheelright;"}
					{Position 28.2948 	 33.2169 	 -13.246}
					{LODView
						{poly "suspr3"}
						{poly "suspr3_lod1"}
						{poly "suspr3_lod2"}
						{poly "suspr3_lod3"}
					}
				}
			}
		}
	}
}
{obstacle "rectangle001"
	{obb2
		{center -61.6292 3.41061e-13}
		{extent 113.189 11.811}
		{axis -1 0}
	}
	{rotate}
}
{obstacle "rectangle002"
	{obb2
		{center -27.2403 0}
		{extent 142.91 34.0375}
		{axis 1.60158e-07 -1}
	}
	{rotate}
}
{obstacle "rectangle003"
	{obb2
		{center -152.277 -7.62939e-06}
		{extent 47.245 17.6865}
		{axis 3.22971e-07 -1}
	}
	{rotate}
}
{volume "body01"
	{polyhedron}
	{bone "body"}
	{Position -37.0355 	 0.0207 	 19.5174}
}
{volume "body02"
	{polyhedron}
	{bone "body"}
	{Position -28.9385 	 29.9233 	 25.9841}
}
{volume "body03"
	{polyhedron}
	{bone "body"}
	{matrix34
		-1 	 0 	 0
		0 	 -1 	 0
		0 	 0 	 1
		-28.9385 	 -29.9204 	 26.0578
	}
}
{volume "body_back01"
	{polyhedron}
	{bone "body_back"}
	{matrix34
		-1 	 0 	 0
		0 	 -1 	 0
		0 	 0 	 1
		46.0231 	 -19.04 	 -1.0391
	}
}
{volume "body_back02"
	{polyhedron}
	{bone "body_back"}
	{Position 14.9378 	 -19.04 	 9.6922}
}
{volume "body_back03"
	{polyhedron}
	{bone "body_back"}
	{Position 37.5512 	 -19.0575 	 15.3775}
}
{volume "cabin01"
	{polyhedron}
	{bone "body"}
	{Position -18.6175 	 0 	 38.8816}
}
{volume "cabin03"
	{polyhedron}
	{bone "body"}
	{Position -42.098 	 0 	 38.8816}
}
{volume "elevator1"
	{polyhedron}
	{bone "elevator1"}
	{matrix34
		1 	 0 	 0
		0 	 0 	 -1
		0 	 1 	 0
		-8.9811 	 9.3999 	 -0.086
	}
}
{volume "elevator2"
	{polyhedron}
	{bone "elevator2"}
	{matrix34
		1 	 0 	 0
		0 	 0 	 1
		0 	 -1 	 0
		-8.9811 	 9.4 	 0
	}
}
{volume "propeller01"
	{polyhedron}
	{bone "propeller"}
	{matrix34
		0 	 -0.7071 	 -0.7071
		0 	 0.7071 	 -0.7071
		1 	 0 	 0
		0.04 	 0 	 0
	}
}
{volume "rudder"
	{polyhedron}
	{bone "rudder"}
	{matrix34
		-1 	 0 	 0
		0 	 -1 	 0
		0 	 0 	 1
		-9.0961 	 0.4909 	 -1.2072
	}
}
{volume "wheell"
	{cylinder 8.54161 5.12626}
	{bone "wheell"}
	{Position 0 	 0 	 0.0205}
}
{volume "wheelr"
	{cylinder 8.54161 5.12626}
	{bone "wheelr"}
	{Position 0 	 0 	 0.0205}
}
{volume "wheel_back"
	{cylinder 4.17778 2.76685}
	{bone "wheel_back"}
	{Position -0.0034 	 0 	 -0.0155}
}
{volume "wingl1"
	{polyhedron}
	{bone "wingl1"}
	{matrix34
		-1 	 0 	 0
		0 	 -0.9897 	 0.1433
		0 	 0.1433 	 0.9897
		-11.5078 	 -24.424 	 7.1067
	}
}
{volume "wingr1"
	{polyhedron}
	{bone "wingr1"}
	{matrix34
		-1 	 0 	 0
		0 	 0.9897 	 0.1433
		0 	 0.1433 	 -0.9897
		-11.5077 	 24.8397 	 7.1067
	}
}
