;Exported by: gals
;Date:        Mon Feb 27 18:01:57 2006
;File:        D:\-Projects1_5-\-3DWork-\trench\trench12_1ba.max
{Skeleton
	{bone "trench_ground2"
		{parameters "CommonMesh;Ground;Land;"}
		{Orientation
			1	0	0
			0	-1	0
			0	0	1
		}
		{VolumeView "trench_ground2.ply" {Ground} {DecalTarget}}
		{bone "trench_wood2"
			{parameters "Ground;Land;"}
			{Matrix34
				-1	0	0
				0	-1	0
				0	0	1
				0	0	0
			}
			{VolumeView "trench_wood2.ply" {Ground}}
		}
		{bone "point"
			{Matrix34
				-0.99921	0.039735	0
				-0.0395429	-0.994381	-0.0981954
				-0.00390179	-0.0981179	0.995167
				-48.8189	-19.1394	-13.7795
			}
		}
		{bone "point1"
			{Matrix34
				-0.999401	-0.0345918	0.000989437
				0.0342608	-0.993057	-0.112539
				0.00487549	-0.112437	0.993647
				-15.5872	-18.9327	-13.786
			}
		}
		{bone "point2"
			{Matrix34
				-0.999771	-0.0209208	0.00447367
				0.0205382	-0.997114	-0.0730932
				0.00598993	-0.0729846	0.997315
				13.6116	-19.1116	-13.786
			}
		}
		{bone "point3"
			{Matrix34
				-1	0	0
				0	-0.998623	-0.0524642
				0	-0.0524642	0.998623
				48.0882	-19.2031	-13.786
			}
		}
		{bone "point7"
			{Matrix34
				-0.997441	0.0714913	0
				-0.0714913	-0.997441	0
				0	0	1
				47.4677	20.9017	-13.786
			}
		}
		{bone "point6"
			{Matrix34
				-0.999735	-0.0229965	0.000314713
				0.0229986	-0.999642	0.013678
				0	0.0136816	0.999906
				14.2303	20.8871	-13.786
			}
		}
		{bone "point5"
			{Matrix34
				-0.99788	-0.0650865	0
				0.0648242	-0.993859	0.0896773
				-0.00583678	0.0894872	0.995971
				-14.9688	18.4485	-13.786
			}
		}
		{bone "point4"
			{Matrix34
				-1	0	0
				0	-0.999592	0.0285638
				0	0.0285638	0.999592
				-49.4447	19.7061	-13.786
			}
		}
	}
}
{Obstacle "body"
	{Obb2
		{Center -48.865 20.2983}
		{Extent 4.12085 18.7643}
		{Axis 0.0356776 0.999363}
	}
	{Rotate}
}
{Obstacle "body1"
	{Obb2
		{Center -15.5296 20.2607}
		{Extent 15.6996 4.19687}
		{Axis 0.997567 0.0697212}
	}
	{Rotate}
}
{Obstacle "body2"
	{Obb2
		{Center 13.6823 19.9736}
		{Extent 3.802 15.584}
		{Axis 0.105268 0.994444}
	}
	{Rotate}
}
{Obstacle "body3"
	{Obb2
		{Center 48.0882 19.8227}
		{Extent 20.2396 3.50972}
		{Axis 0.997567 0.0697212}
	}
	{Rotate}
}
{Obstacle "body4"
	{Obb2
		{Center -49.4447 -20.0435}
		{Extent 20.2406 3.24954}
		{Axis 0.992554 0.121808}
	}
	{Rotate}
}
{Obstacle "body5"
	{Obb2
		{Center -15.0378 -19.5055}
		{Extent 3.96646 15.6555}
		{Axis 0.157142 0.987576}
	}
	{Rotate}
}
{Obstacle "body6"
	{Obb2
		{Center 14.2303 -21.0487}
		{Extent 15.5587 3.01501}
		{Axis 0.997567 0.0697212}
	}
	{Rotate}
}
{Obstacle "body7"
	{Obb2
		{Center 47.4677 -20.9017}
		{Extent 2.89794 18.6634}
		{Axis 0.0182398 0.999834}
	}
	{Rotate}
}
{Area "cut"
	{Polygon2
		{Radius 0}
		{Vertex -78.6634 -23.6777}
		{Vertex 78.9127 -23.6777}
		{Vertex 78.9127 23.5102}
		{Vertex -78.6634 23.5102}
	}
	{Rotate}
}
{Volume "body"
	{Box 37.3125 5.70126 23.622}
	{Bone "point"}
	{Matrix34
		0.996585	0.0825683	0
		-0.0825683	0.996585	0
		0	0	1
		0	0	11.811
	}
}
{Volume "body1"
	{Box 31.0938 5.70126 23.622}
	{Bone "point1"}
	{Matrix34
		0.994779	-0.102052	0
		0.102052	0.994779	0
		0	0	1
		0	0	11.811
	}
}
{Volume "body2"
	{Box 31.0938 5.70126 23.622}
	{Bone "point2"}
	{Matrix34
		0.996906	0.078599	0
		-0.078599	0.996906	0
		0	0	1
		0	0	11.811
	}
}
{Volume "body3"
	{Box 40.3815 5.70126 23.622}
	{Bone "point3"}
	{Matrix34
		0.997713	-0.0675978	0
		0.0675978	0.997713	0
		0	0	1
		0	0	11.811
	}
}
{Volume "body4"
	{Box 40.3815 5.70126 23.622}
	{Bone "point4"}
	{Matrix34
		-0.992936	0.118649	0
		-0.118649	-0.992936	0
		0	0	1
		0	0	11.811
	}
}
{Volume "body5"
	{Box 31.0938 5.70126 23.622}
	{Bone "point5"}
	{Matrix34
		-0.9961	-0.0882326	0
		0.0882327	-0.9961	0
		0	0	1
		0	0	11.811
	}
}
{Volume "body6"
	{Box 31.0938 5.70126 23.622}
	{Bone "point6"}
	{Matrix34
		-0.995719	0.0924312	0
		-0.0924312	-0.995719	0
		0	0	1
		0	0	11.811
	}
}
{Volume "body7"
	{Box 37.3125 5.70126 23.622}
	{Bone "point7"}
	{Matrix34
		-0.995741	-0.0921985	0
		0.0921985	-0.995741	0
		0	0	1
		1.00054e-005	0	11.811
	}
}
