;Exported by:	 tolokolnikova
;Date:			 05.04.2016 16:55:28
;File:			 D:\gem2\gem2-mdl-soldiers\models\entourage\baricade\baricade_2010.max
{skeleton
	{bone "barrage3c_g2_x"
		{orientation
			1 	 0 	 0
			0 	 -1 	 0
			0 	 0 	 1
		}
		{bone "piece01"
			{Position -3.83 	 -8.2577 	 10.405}
			{poly "piece01"}
		}
		{bone "piece03"
			{Position -1.2214 	 -1.7416 	 3.2908}
			{poly "piece03"}
		}
		{bone "piece02"
			{Position 1.326 	 -7.1397 	 5.7116}
			{poly "piece02"}
		}
	}
}
{volume "piece01"
	{cylinder 2.26069 34.9165}
	{bone "piece01"}
	{matrix34
		0.9583 	 0.1077 	 0.2647
		0.0023 	 0.9233 	 -0.3842
		-0.2857 	 0.3687 	 0.8845
		0.1219 	 0.6116 	 0.2603
	}
}
{volume "piece02"
	{cylinder 1.62227 26.8857}
	{bone "piece02"}
	{matrix34
		0.7885 	 -0.0241 	 -0.6146
		-0.1366 	 0.9674 	 -0.2131
		0.5997 	 0.252 	 0.7595
		-0.0996 	 0.0673 	 0.2652
	}
}
{volume "piece03"
	{cylinder 1.62227 36.5646}
	{bone "piece03"}
	{matrix34
		-0.2866 	 -0.5303 	 -0.7979
		0.9493 	 -0.0447 	 -0.3113
		0.1294 	 -0.8466 	 0.5162
		0.4131 	 0.2691 	 0.219
	}
}
