;Exported by: sk
;Date:        Thu May 22 10:55:05 2008
;File:        D:\-Projects1_5-\-3DWork-\-Model-\Soldier\Rebel\Rebel.max
{Skeleton
	{extension "/properties/animation/human/human_anm.ext"}
	{bone revolute "basis"
		{limits -30 30}
		{speed 0.1}
		{Orientation
			1	0	0
			0	-1	0
			0	0	1
		}
		{bone "body"
			{Matrix34
				0	0	1
				0	-1	0
				1	0	0
				0	0.0344553	19.9224
			}
			{bone "foot1l"
				{Matrix34
					-0.993535	-0.0202547	0.111703
					0.111666	0.00297584	0.993741
					0.0204604	-0.99979	0.000694829
					-0.143509	-2.13095	-0.488995
				}
				{bone "foot2l"
					{Matrix34
						0.952385	-0.304899	-0.000108004
						0.304899	0.952385	-4.08255e-005
						0.0001153	0	1
						9.37838	-0.0471724	0
					}
					{bone "foot3l"
						{Matrix34
							0.0905581	0.979615	0.179314
							0.00345631	-0.180362	0.983594
							0.995885	-0.0884531	-0.0197191
							9.2003	-0.34629	-0.0729969
						}
					}
				}
			}
			{bone "foot1r"
				{Matrix34
					-0.993573	0.0113964	0.112617
					0.112605	-0.0016877	0.993638
					0.0115138	0.999934	0.000393572
					-0.143518	2.17103	-0.488755
				}
				{bone "foot2r"
					{Matrix34
						0.951792	-0.306744	-0.000104403
						0.306744	0.951792	-3.95044e-005
						0.000111662	0	1
						9.37831	-0.0472316	0
					}
					{bone "foot3r"
						{Matrix34
							0.0880245	0.974738	0.205275
							0.00721196	0.205446	-0.978642
							-0.996092	0.0876248	0.0110543
							9.2003	-0.346289	-0.0729966
						}
					}
				}
			}
			{bone revolute "ik_leftright"
				{limits -20 20}
				{speed 0.1}
				{Matrix34
					0	0	1
					0	-1	0
					1	0	0
					1.90368	0.0344548	0
				}
				{bone revolute "ik_updown"
					{limits -40 20}
					{speed 0.1}
					{Matrix34
						1	0	0
						0	0	1
						0	-1	0
						0	0	1.66801
					}
					{bone "head"
						{Matrix34
							1	0	0
							0	0	-1
							0	1	0
							0	7.21458	0
						}
						{bone "visor"
							{Matrix34
								1	0	0
								0	1	0
								0	0	1
								2.31916	0	2.33291
							}
						}
					}
					{bone "hand1r"
						{Matrix34
							-0.139908	-0.964538	0.223815
							0.8542	-0.231889	-0.465371
							0.500768	0.126073	0.856351
							-0.0888393	5.8989	4.1259
						}
						{bone "hand2r"
							{Matrix34
								0.941579	0.336791	0
								-0.336792	0.941579	0
								0	0	1
								6.26813	0	0
							}
						}
					}
					{bone "hand1l"
						{Matrix34
							-0.17574	-0.948524	-0.263473
							0.850453	-0.281083	0.444659
							-0.495827	-0.145927	0.856073
							-0.0888397	5.8989	-4.13386
						}
						{bone "hand2l"
							{Matrix34
								0.864418	0.502774	0
								-0.502774	0.864418	0
								0	0	1
								6.26812	0	0
							}
							{bone "left_hand"
								{Matrix34
									0.275672	0.823505	-0.495827
									0.0041884	-0.516838	-0.856073
									-0.961242	0.233919	-0.145928
									5.99778	-0.667303	0.409925
								}
							}
						}
					}
				}
			}
			{bone revolute "placement"
				{Matrix34
					0	1	0
					-1	0	0
					0	0	1
					0.783108	0	0
				}
			}
		}
		{bone revolute "foresight2rot"
			{limits -20 20}
			{speed 0.1}
			{Position 13.7429	0.0246876	27.5947}
		}
		{bone "skin"
			{Matrix34
				0.906308	0	-0.422618
				0	-1	0
				0.422618	0	0.906308
				0.992398	-6.89244e-005	26.9396
			}
			{VolumeView "skin.ply"}
		}
	}
}
