;Exported by:	 kobaa
;Date:			 01.04.2020 17:12:34
;File:			 G:\_GIT_\gem2\gem2-mdl-soldiers\models\fence\fence_wood\woodfence_new_G2.max
{skeleton
	{bone "fence-wood_5_g003"
		{orientation
			1 	 0 	 0
			0 	 -1 	 0
			0 	 0 	 1
		}
		{poly "fence-wood_5_g003"}
		{bone "climb1"
			{matrix34
				0 	 -1 	 0
				1 	 0 	 0
				0 	 0 	 1
				34.5633 	 23.7974 	 0
			}
			{visibility 0}
		}
		{bone "climb2"
			{matrix34
				0 	 1 	 0
				-1 	 0 	 0
				0 	 0 	 1
				34.5633 	 -17.86 	 0
			}
			{visibility 0}
		}
	}
}
{obstacle "obstacle1"
	{obb2
		{center 7.1496 -3.77176}
		{extent 11.6092 2.52119}
		{axis -1 0}
	}
	{rotate}
}
{obstacle "obstacle2"
	{obb2
		{center 62.864 -5.27702}
		{extent 13.815 2.7481}
		{axis -1 0}
	}
	{rotate}
}
{volume "body01"
	{cylinder 1.67012 30.8303}
	{bone "fence-wood_5_g003"}
	{matrix34
		0.9996 	 0.0089 	 -0.0263
		-0.01 	 0.999 	 -0.0433
		0.0259 	 0.0436 	 0.9987
		70.1976 	 6.1196 	 15.3953
	}
}
{volume "body02"
	{cylinder 1.67012 33.7186}
	{bone "fence-wood_5_g003"}
	{matrix34
		0.9999 	 0.0089 	 0.0086
		-0.0088 	 0.9999 	 -0.0084
		-0.0086 	 0.0084 	 0.9999
		-0.5433 	 4.3219 	 16.8581
	}
}
{volume "body03"
	{cylinder 1.37795 81.1261}
	{bone "fence-wood_5_g003"}
	{matrix34
		-0.0438 	 -0.0004 	 -0.999
		-0.0173 	 0.9999 	 0.0004
		0.9989 	 0.0173 	 -0.0438
		35.9311 	 4.8826 	 22.5314
	}
}
{volume "body04"
	{cylinder 1.37795 80.3068}
	{bone "fence-wood_5_g003"}
	{matrix34
		0.113 	 0.001 	 -0.9936
		-0.0172 	 0.9999 	 -0.001
		0.9934 	 0.0172 	 0.113
		35.303 	 3.4301 	 7.9162
	}
}
