;Exported by	: Oleksandr Tsaprylov
;Date			: 28.03.2023 18:36:05
;File			: E:\projects\gem2-mdl-soldiers\models\entourage\ruins_stone_wall\ruins_column.max
{skeleton
	{bone "ruins_column_08_x"
		{orientation
			1 	 0 	 0
			0 	 -1 	 0
			0 	 0 	 1
		}
		{bone "piece01"
			{matrix34
				0.3214 	 -0.117 	 0.9397
				-0.883 	 0.3214 	 0.342
				-0.342 	 -0.9397 	 0
				0.6239 	 15.8203 	 7.3246
			}
			{poly "piece01"}
		}
		{bone "piece02"
			{matrix34
				-0.9505 	 0.0164 	 -0.3102
				-0.3105 	 -0.0774 	 0.9474
				-0.0085 	 0.9969 	 0.0787
				-0.1918 	 -26.067 	 7.6356
			}
			{poly "piece02"}
		}
		{bone "piece05"
			{matrix34
				0.0872 	 -0.173 	 0.9811
				0.9962 	 0.0151 	 -0.0858
				0 	 0.9848 	 0.1736
				0.7828 	 49.5335 	 9.4928
			}
			{poly "piece05"}
		}
		{bone "piece04"
			{matrix34
				0.5736 	 0 	 -0.8192
				-0.8192 	 0 	 -0.5736
				0 	 1 	 0
				-0.9117 	 31.8816 	 5.0312
			}
			{poly "piece04"}
		}
		{bone "piece06"
			{matrix34
				0 	 0 	 1
				1 	 0 	 0
				0 	 1 	 0
				0.0516 	 4.0735 	 7.9846
			}
			{poly "piece06"}
		}
		{bone "piece03"
			{matrix34
				0.2652 	 0.0613 	 -0.9623
				-0.9603 	 0.1067 	 -0.2578
				0.0868 	 0.9924 	 0.0872
				-0.2504 	 -13.1729 	 6.6345
			}
			{poly "piece03"}
		}
	}
}
{"volumes"
	{"piece01"
		{box 4.60276 9.68328 5.5182}
		{bone "piece01"}
		{matrix34
			0.9397 	 0.342 	 0
			-0.342 	 0.9397 	 0
			0 	 0 	 1
			0.4678 	 0.5433 	 0.4142
		}
	}
	{"piece02"
		{box 10.9246 7.05979 11.9626}
		{bone "piece02"}
		{matrix34
			0.9397 	 0.342 	 0
			-0.342 	 0.9397 	 0
			0 	 0 	 1
			0.954 	 1.094 	 -0.4522
		}
	}
	{"piece03"
		{box 11.707 6.90649 6.26098}
		{bone "piece03"}
		{matrix34
			-0.342 	 0.9397 	 0
			-0.9397 	 -0.342 	 0
			0 	 0 	 1
			-0.2573 	 -0.5692 	 2.342
		}
	}
	{"piece04"
		{box 11.707 6.90649 8.51904}
		{bone "piece04"}
		{matrix34
			-0.5 	 0.866 	 0
			-0.866 	 -0.5 	 0
			0 	 0 	 1
			-0.4826 	 -0.5208 	 1.0017
		}
	}
	{"piece05"
		{box 7.77346 6.90649 10.4558}
		{bone "piece05"}
		{matrix34
			0.0872 	 0.9962 	 0
			-0.9962 	 0.0872 	 0
			0 	 0 	 1
			-1.3971 	 -0.6925 	 -0.0727
		}
	}
	{"piece05_02"
		{box 10.9606 9.42735 2.30029}
		{bone "piece05"}
		{matrix34
			0.0872 	 0.9962 	 0
			-0.9962 	 0.0872 	 0
			0 	 0 	 1
			-0.2016 	 -0.2399 	 4.0111
		}
	}
	{"piece06"
		{box 9.94143 3.88288 9.33083}
		{bone "piece06"}
		{matrix34
			-0.0872 	 0.9962 	 0
			-0.9962 	 -0.0872 	 0
			0 	 0 	 1
			0.678 	 0 	 -0.4653
		}
	}
}
