;Exported by	: KobaA
;Date			: 05.03.2024 12:21:38
;File			: d:\git\gem2-mdl-soldiers\models\building\house_40\house_40_new_cut_x.max
{skeleton
	{bone "house_40_g2_piece_001_x"
		{orientation
			1 	 0 	 0
			0 	 -1 	 0
			0 	 0 	 1
		}
		{bone "fort_wall"
			{Position 37.3321 	 56.9812 	 7.874}
		}
		{bone "attach1"
			{matrix34
				-1 	 0 	 0
				0 	 -1 	 0
				0 	 0 	 1
				-5.99 	 3.9377 	 0
			}
		}
		{bone "attach3"
			{matrix34
				-0.4226 	 0.9063 	 0
				-0.9063 	 -0.4226 	 0
				0 	 0 	 1
				13.4218 	 13.0146 	 0
			}
		}
		{bone "attach2"
			{matrix34
				0 	 1 	 0
				-1 	 0 	 0
				0 	 0 	 1
				38.9462 	 26.5873 	 0
			}
		}
		{bone "attach4"
			{matrix34
				0 	 1 	 0
				-1 	 0 	 0
				0 	 0 	 1
				24.0234 	 24.01 	 0
			}
		}
		{bone "wall_x"
			{Position 16.8894 	 33.5006 	 15.2275}
			{poly "wall_x"}
		}
		{bone "sub_piece10"
			{matrix34
				0.6428 	 0 	 0.766
				0 	 1 	 0
				-0.766 	 0 	 0.6428
				27.3696 	 52.8446 	 33.8057
			}
			{poly "sub_piece10"}
		}
		{bone "sub_piece07"
			{matrix34
				0 	 -1 	 0
				0 	 0 	 -1
				1 	 0 	 0
				38.866 	 52.8446 	 38.4384
			}
			{poly "sub_piece07"}
		}
		{bone "sub_piece04"
			{matrix34
				0 	 -1 	 0
				1 	 0 	 0
				0 	 0 	 1
				50.1136 	 52.8446 	 36.0838
			}
			{poly "sub_piece04"}
		}
		{bone "sub_piece05"
			{matrix34
				0 	 -1 	 0
				-0.1736 	 0 	 -0.9848
				0.9848 	 0 	 -0.1736
				27.544 	 52.8446 	 25.0152
			}
			{poly "sub_piece05"}
		}
		{bone "sub_piece06"
			{matrix34
				0 	 -1 	 0
				-0.7071 	 0 	 0.7071
				-0.7071 	 0 	 -0.7071
				17.7277 	 52.8446 	 24.601
			}
			{poly "sub_piece06"}
		}
		{bone "sub_piece01"
			{matrix34
				-1 	 0 	 0
				0 	 -1 	 0
				0 	 0 	 1
				-16.7323 	 20.3068 	 34.6432
			}
			{poly "sub_piece01"}
		}
		{bone "sub_piece02"
			{matrix34
				0 	 1 	 0
				0.866 	 0 	 -0.5
				-0.5 	 0 	 -0.866
				-8.323 	 20.6694 	 31.5001
			}
			{poly "sub_piece02"}
		}
		{bone "piece01"
			{matrix34
				0 	 1 	 0
				-0.1736 	 0 	 0.9848
				0.9848 	 0 	 0.1736
				7.4474 	 20.6694 	 30.2581
			}
			{poly "piece01"}
		}
		{bone "sub_piece03"
			{matrix34
				0 	 1 	 0
				0.866 	 0 	 -0.5
				-0.5 	 0 	 -0.866
				16.2701 	 20.6694 	 41.2454
			}
			{poly "sub_piece03"}
		}
		{bone "sub_piece09"
			{matrix34
				0 	 -1 	 0
				-0.2588 	 0 	 -0.9659
				0.9659 	 0 	 -0.2588
				21.6933 	 20.6694 	 27.1168
			}
			{poly "sub_piece09"}
		}
		{bone "piece02"
			{matrix34
				0 	 1 	 0
				-0.9848 	 0 	 -0.1736
				-0.1736 	 0 	 0.9848
				21.6153 	 20.6694 	 8.6541
			}
			{poly "piece02"}
		}
		{bone "sub_piece08"
			{matrix34
				0 	 1 	 0
				0.866 	 0 	 -0.5
				-0.5 	 0 	 -0.866
				6.2112 	 20.6694 	 16.3106
			}
			{poly "sub_piece08"}
		}
		{bone "debris_land_001"
			{Position -26.0346 	 -2.0254 	 2.1457}
			{poly "debris_land_001"}
		}
	}
}
{"volumes"
	{"body01"
		{box 59.491 4.91962 22.111}
		{bone "wall_x"}
		{Position 6.829 	 19.3441 	 -4.172}
	}
	{"body02"
		{polyhedron}
		{bone "wall_x"}
		{Position -23.1698 	 -15.3406 	 -15.2275}
	}
	{"body03"
		{box 5.90552 4.95769 27.1095}
		{bone "wall_x"}
		{Position -33.6217 	 -18.3239 	 -1.6728}
	}
	{"piece01"
		{box 5.9055 7.19114 11.811}
		{bone "piece01"}
		{matrix34
			1 	 0 	 0
			0 	 0.9397 	 0.342
			0 	 -0.342 	 0.9397
			0 	 -0.5751 	 0.0973
		}
	}
	{"piece02"
		{box 5.9055 7.19114 11.811}
		{bone "piece02"}
		{matrix34
			1 	 0 	 0
			0 	 0.9397 	 0.342
			0 	 -0.342 	 0.9397
			0 	 -0.5751 	 0.0973
		}
	}
	{"sub_piece01"
		{box 5.9055 4.38444 5.55118}
		{bone "sub_piece01"}
		{Position 0 	 0.0437 	 0.1881}
	}
	{"sub_piece02"
		{box 5.9055 4.38444 5.55118}
		{bone "sub_piece02"}
		{Position 0 	 0.0437 	 0.1881}
	}
	{"sub_piece03"
		{box 5.9055 4.38444 5.55118}
		{bone "sub_piece03"}
		{Position 0 	 0.0437 	 0.1881}
	}
	{"sub_piece04"
		{box 5.9055 4.02704 6.49158}
		{bone "sub_piece04"}
		{Position 0 	 -0.4081 	 -0.0536}
	}
	{"sub_piece05"
		{box 5.9055 4.02704 6.49158}
		{bone "sub_piece05"}
		{Position 0 	 -0.4081 	 -0.0536}
	}
	{"sub_piece06"
		{box 5.9055 4.38444 5.55118}
		{bone "sub_piece06"}
		{Position 0 	 0.0437 	 0.1881}
	}
	{"sub_piece07"
		{box 5.9055 4.38444 5.55118}
		{bone "sub_piece07"}
		{Position 0 	 0.0437 	 0.1881}
	}
	{"sub_piece08"
		{box 5.9055 4.38444 5.55118}
		{bone "sub_piece08"}
		{Position 0 	 0.0437 	 0.1881}
	}
	{"sub_piece09"
		{box 5.9055 4.38444 5.55118}
		{bone "sub_piece09"}
		{Position 0 	 0.0437 	 0.1881}
	}
	{"sub_piece10"
		{box 5.9055 7.19114 5.55118}
		{bone "sub_piece10"}
		{matrix34
			0 	 -1 	 0
			0.9397 	 0 	 0.342
			-0.342 	 0 	 0.9397
			0.4582 	 0 	 0.1528
		}
	}
	{"target_vol_01"
		{box 11.811 11.811 19.685}
		{bone "wall_x"}
		{matrix34
			-1 	 0 	 0
			0 	 -1 	 0
			0 	 0 	 1
			-22.8794 	 -29.5629 	 4.4575
		}
	}
	{"target_vol_02"
		{box 11.811 11.811 13.7795}
		{bone "wall_x"}
		{matrix34
			0 	 1 	 0
			-1 	 0 	 0
			0 	 0 	 1
			22.0568 	 -6.3161 	 1.5048
		}
	}
	{"target_vol_03"
		{box 11.811 11.811 19.685}
		{bone "wall_x"}
		{matrix34
			0 	 -1 	 0
			1 	 0 	 0
			0 	 0 	 1
			-2.2665 	 -20.597 	 4.4575
		}
	}
	{"target_vol_04"
		{box 11.811 11.811 13.7795}
		{bone "wall_x"}
		{matrix34
			0 	 1 	 0
			-1 	 0 	 0
			0 	 0 	 1
			7.134 	 -8.8934 	 1.5048
		}
	}
}
