;Exported by	: KobaA
;Date			: 10.05.2024 14:53:36
;File			: d:\git\gem2-mdl-soldiers\models\landscape\trench\constructor.max
{skeleton
	{bone "basis_corner_002"
		{orientation
			1 	 0 	 0
			0 	 -1 	 0
			0 	 0 	 1
		}
		{bone "trench"
			{parameters "land;ground;"}
			{poly "trench" {ground}{DecalTarget}{NoCastShadows}}
			{bone "point5"
				{Position -55.9556 	 27.1603 	 -23.3012}
			}
			{bone "point"
				{Position -26.2297 	 27.1603 	 -23.3012}
			}
			{bone "point1"
				{Position 6.4126 	 21.1109 	 -23.3012}
			}
			{bone "point6"
				{Position 33.9319 	 3.3278 	 -22.9469}
			}
			{bone "point2"
				{Position 57.5217 	 -18.7111 	 -22.9469}
			}
			{bone "point7"
				{Position 34.0657 	 -45.4007 	 -22.9469}
			}
			{bone "point3"
				{Position 8.748 	 -20.0315 	 -22.9469}
			}
			{bone "point8"
				{Position -23.3795 	 -7.3631 	 -22.9469}
			}
			{bone "point4"
				{Position -56.644 	 -7.3631 	 -22.9469}
			}
			{bone "grass"
				{parameters "align;"}
				{poly "grass"}
			}
			{bone "wood"
				{parameters "align;"}
				{poly "wood"}
			}
			{bone "detail1"
				{parameters "land;ground;"}
				{orientation
					-0.0785 	 0.9969 	 0
					-0.9969 	 -0.0785 	 0
					0 	 0 	 1
				}
				{poly "detail1" {ground}}
			}
		}
	}
}
{obstacle "body"
	{obb2
		{center -25.4395 -29.8728}
		{extent 15.748 3.73011}
		{axis 1 0}
	}
	{rotate}
}
{obstacle "body1"
	{obb2
		{center 8.12878 -23.4663}
		{extent 18.7326 3.89316}
		{axis 0.920505 0.390731}
	}
	{rotate}
}
{obstacle "body2"
	{obb2
		{center 60.303 18.4831}
		{extent 17.0692 3.87864}
		{axis 0.71934 0.694658}
	}
	{rotate}
}
{obstacle "body3"
	{obb2
		{center 7.81522 22.159}
		{extent 17.9035 3.73011}
		{axis 0.707107 0.707107}
	}
	{rotate}
}
{obstacle "body4"
	{obb2
		{center -58.0376 9.43106}
		{extent 16.7323 3.73011}
		{axis 1 0}
	}
	{rotate}
}
{obstacle "body5"
	{obb2
		{center -57.831 -29.8728}
		{extent 16.2252 3.73011}
		{axis 1 0}
	}
	{rotate}
}
{obstacle "body6"
	{obb2
		{center 37.0436 -4.81532}
		{extent 15.5359 3.86526}
		{axis 0.71934 0.694658}
	}
	{rotate}
}
{obstacle "body7"
	{obb2
		{center 31.9531 46.3855}
		{extent 17.0084 3.73011}
		{axis 0.707107 0.707107}
	}
	{rotate}
}
{obstacle "body8"
	{obb2
		{center -23.8133 9.43106}
		{extent 17.4117 3.73011}
		{axis 1 0}
	}
	{rotate}
}
{area "cut"
	{polygon2
		{radius 0}
		{vertex -77.5995 14.2242}
		{vertex -77.5995 -35.3104}
		{vertex 12.2127 -32.3517}
		{vertex -7.57523 15.7512}
	}
	{rotate}
}
{area "cut2"
	{polygon2
		{radius 0}
		{vertex -7.65663 15.7045}
		{vertex 12.1363 -32.4469}
		{vertex 79.4092 29.0937}
		{vertex 42.8845 65.7418}
	}
	{rotate}
	{tag "cut"}
}
{"volumes"
	{"body"
		{box 31.4961 3.93701 25.5906}
		{bone "point"}
		{matrix34
			1 	 0 	 0
			0 	 0.9903 	 -0.1392
			0 	 0.1392 	 0.9903
			0.7902 	 2.7125 	 12.0072
		}
	}
	{"body1"
		{box 37.4016 3.93701 25.5906}
		{bone "point1"}
		{matrix34
			0.9171 	 -0.3987 	 0
			0.3949 	 0.9081 	 -0.1392
			0.0555 	 0.1276 	 0.9903
			1.7162 	 2.3555 	 12.0072
		}
	}
	{"body2"
		{box 34.0747 3.93701 25.5906}
		{bone "point2"}
		{matrix34
			0.7133 	 -0.7009 	 0
			0.6941 	 0.7063 	 -0.1392
			0.0975 	 0.0993 	 0.9903
			2.7813 	 0.228 	 11.653
		}
	}
	{"body3"
		{box 35.8071 3.93701 25.5906}
		{bone "point3"}
		{matrix34
			0.7071 	 -0.7071 	 0
			0.7002 	 0.7002 	 0.1392
			-0.0984 	 -0.0984 	 0.9903
			-0.9328 	 -2.1275 	 11.653
		}
	}
	{"body4"
		{box 33.4646 3.93701 25.5906}
		{bone "point4"}
		{matrix34
			1 	 0 	 0
			0 	 0.9903 	 0.1392
			0 	 -0.1392 	 0.9903
			-1.3936 	 -2.0679 	 11.653
		}
	}
	{"body5"
		{box 32.4504 3.93701 25.5906}
		{bone "point5"}
		{matrix34
			1 	 0 	 0
			0 	 0.9903 	 -0.1392
			0 	 0.1392 	 0.9903
			-1.8754 	 2.7125 	 12.0072
		}
	}
	{"body6"
		{box 31.008 3.93701 25.5906}
		{bone "point6"}
		{matrix34
			0.7133 	 -0.7009 	 0
			0.6941 	 0.7063 	 -0.1392
			0.0975 	 0.0993 	 0.9903
			3.1117 	 1.4875 	 11.653
		}
	}
	{"body7"
		{box 34.0167 3.93701 25.5906}
		{bone "point7"}
		{matrix34
			0.7071 	 -0.7071 	 0
			0.7002 	 0.7002 	 0.1392
			-0.0984 	 -0.0984 	 0.9903
			-2.1126 	 -0.9848 	 11.653
		}
	}
	{"body8"
		{box 34.8234 3.93701 25.5906}
		{bone "point8"}
		{matrix34
			1 	 0 	 0
			0 	 0.9903 	 0.1392
			0 	 -0.1392 	 0.9903
			-0.4338 	 -2.0679 	 11.653
		}
	}
}
