;Exported by:	 tolokolnikova
;Date:			 27.06.2017 14:31:41
;File:			 D:\gem2\gem2-mdl-soldiers\models\building\house_D\D_003_x_fort.max
{skeleton
	{bone "d003_piece21_point"
		{orientation
			1 	 0 	 0
			0 	 -1 	 0
			0 	 0 	 1
		}
		{bone "sub_piece05"
			{Position 23.6422 	 7.3933 	 16.3902}
			{poly "sub_piece05"}
		}
		{bone "piece04"
			{Position 0.0066 	 -31.855 	 10.2661}
			{poly "piece04"}
		}
		{bone "piece03"
			{matrix34
				0 	 1 	 0
				-0.866 	 0 	 -0.5
				-0.5 	 0 	 0.866
				-7.9923 	 -31.8467 	 0.3652
			}
			{poly "piece03"}
		}
		{bone "piece05"
			{Position 13.6172 	 -31.8184 	 -3.9204}
			{poly "piece05"}
		}
		{bone "piece06"
			{Position 23.7048 	 -22.8421 	 9.2618}
			{poly "piece06"}
		}
		{bone "piece07"
			{Position 23.8044 	 12.5727 	 26.7255}
			{poly "piece07"}
		}
		{bone "piece02"
			{Position 23.8044 	 20.4015 	 4.6316}
			{poly "piece02"}
		}
		{bone "piece01"
			{matrix34
				-1 	 0 	 0
				0 	 -0.7071 	 -0.7071
				0 	 -0.7071 	 0.7071
				23.796 	 -10.593 	 19.1203
			}
			{poly "piece01"}
		}
		{bone "sub_piece01"
			{matrix34
				0 	 1 	 0
				-1 	 0 	 0
				0 	 0 	 1
				19.7017 	 -31.8143 	 8.0013
			}
			{poly "sub_piece01"}
		}
		{bone "sub_piece02"
			{Position -23.0693 	 -31.8025 	 1.0066}
			{poly "sub_piece02"}
		}
		{bone "sub_piece03"
			{matrix34
				-1 	 0 	 0
				0 	 -1 	 0
				0 	 0 	 1
				23.6624 	 -2.1768 	 6.1637
			}
			{poly "sub_piece03"}
		}
		{bone "sub_piece04"
			{Position 8.6225 	 -29.0584 	 22.4141}
			{poly "sub_piece04"}
		}
	}
}
{volume "piece01"
	{box 5.90551 12.432 19.4865}
	{bone "piece01"}
	{matrix34
		1 	 0 	 0
		0 	 0.9659 	 -0.2588
		0 	 0.2588 	 0.9659
		0.1324 	 -0.2862 	 0.0578
	}
}
{volume "piece02"
	{box 5.90551 23.4965 13.2197}
	{bone "piece02"}
	{matrix34
		1 	 0 	 0
		0 	 0.9744 	 -0.225
		0 	 0.225 	 0.9744
		0.1324 	 0.0127 	 0.5842
	}
}
{volume "piece03"
	{box 5.90551 11.0645 10.9125}
	{bone "piece03"}
	{matrix34
		1 	 0 	 0
		0 	 0.9659 	 -0.2588
		0 	 0.2588 	 0.9659
		0.1324 	 -0.2936 	 0.0734
	}
}
{volume "piece04"
	{box 5.90551 23.4965 10.3279}
	{bone "piece04"}
	{matrix34
		0 	 1 	 0
		-0.9563 	 0 	 0.2924
		0.2924 	 0 	 0.9563
		1.6422 	 0.1309 	 0.3558
	}
}
{volume "piece05"
	{box 5.90551 19.3167 12.7059}
	{bone "piece05"}
	{matrix34
		0 	 1 	 0
		-1 	 0 	 0
		0 	 0 	 1
		0.4942 	 0.7339 	 -0.3076
	}
}
{volume "piece06"
	{box 5.90551 12.432 19.4865}
	{bone "piece06"}
	{Position 0.1324 	 -0.0219 	 0.3743}
}
{volume "piece07"
	{box 5.90551 23.4965 10.3279}
	{bone "piece07"}
	{matrix34
		1 	 0 	 0
		0 	 0.9511 	 -0.309
		0 	 0.309 	 0.9511
		0.1324 	 0.0783 	 0.9622
	}
}
{volume "sub_piece01"
	{box 5.90551 8.7024 11.3022}
	{bone "sub_piece01"}
	{Position 0.1324 	 -0.7574 	 0.1242}
}
{volume "sub_piece02"
	{box 5.90551 11.2261 9.83291}
	{bone "sub_piece02"}
	{matrix34
		0 	 1 	 0
		-1 	 0 	 0
		0 	 0 	 1
		-0.2401 	 0.6655 	 0.8333
	}
}
{volume "sub_piece03"
	{box 5.90551 8.7024 6.89434}
	{bone "sub_piece03"}
	{Position 0.1324 	 0.4431 	 0.6881}
}
{volume "sub_piece04"
	{box 1.22835 17.0637 16.6176}
	{bone "sub_piece04"}
	{matrix34
		0.0164 	 0.3451 	 -0.9384
		-0.9995 	 -0.0209 	 -0.0251
		-0.0282 	 0.9383 	 0.3445
		1.6809 	 -1.5055 	 -0.1578
	}
}
{volume "sub_piece05"
	{box 5.90551 8.7024 6.89434}
	{bone "sub_piece05"}
	{Position 0.1324 	 0.4431 	 0.6881}
}
