;Exported by	: KobaA
;Date			: 09.01.2024 15:01:44
;File			: d:\git\gem2-mdl-soldiers\models\building\house_001_g2\house_001_g2_emit_roof_fort2b_test.max
{skeleton
	{bone "house_001_piece_020"
		{orientation
			1 	 0 	 0
			0 	 -1 	 0
			0 	 0 	 1
		}
		{poly "house_001_piece_020"}
		{bone "fix016"
			{Position -0.7015 	 5.5988 	 -31.5904}
		}
		{bone "fix041"
			{Position 0.0224 	 72.9759 	 16.3135}
		}
		{bone "fix042"
			{Position 0.0224 	 -58.8014 	 16.3135}
		}
		{bone "fix043"
			{Position -56.1447 	 17.6552 	 -31.5904}
		}
		{bone "fix044"
			{Position 56.0958 	 17.6552 	 -31.5904}
		}
		{bone "fix045"
			{Position -56.1867 	 -16.9967 	 -47.3366}
		}
		{bone "fix046"
			{Position 56.0591 	 -16.9967 	 -47.3366}
		}
	}
}
{"volumes"
	{"roof_vol_017"
		{box 84.0973 1.9685 32.1002}
		{bone "house_001_piece_020"}
		{matrix34
			0 	 -1 	 0
			0.7071 	 0 	 -0.7071
			0.7071 	 0 	 0.7071
			-11.1954 	 -1.8914 	 18.3553
		}
	}
	{"roof_vol_018"
		{box 78.1258 1.9685 31.5293}
		{bone "house_001_piece_020"}
		{matrix34
			0 	 1 	 0
			-0.7071 	 0 	 -0.7071
			-0.7071 	 0 	 0.7071
			11.0129 	 -0.1839 	 18.5775
		}
	}
	{"roof_vol_019"
		{box 49.5223 1.9685 20.1535}
		{bone "house_001_piece_020"}
		{matrix34
			0 	 1 	 0
			-0.7071 	 0 	 -0.7071
			-0.7071 	 0 	 0.7071
			28.7691 	 -14.417 	 0.8213
		}
	}
	{"roof_vol_020"
		{box 47.5807 1.9685 20.0048}
		{bone "house_001_piece_020"}
		{matrix34
			0 	 -1 	 0
			0.7071 	 0 	 -0.7071
			0.7071 	 0 	 0.7071
			-29.2156 	 -15.7314 	 0.3351
		}
	}
}
