;Exported by	: KobaA
;Date			: 27.03.2024 10:09:12
;File			: d:\git\gem2-mdl-soldiers\models\entourage\sandbags\sandbag_woodbeam1_lod.max
{skeleton
	{bone "s1_x"
		{orientation
			1 	 0 	 0
			0 	 -1 	 0
			0 	 0 	 1
		}
		{bone "piece01"
			{matrix34
				-0.7485 	 0.6623 	 0.0329
				0.5699 	 0.6678 	 -0.4788
				-0.3391 	 -0.3397 	 -0.8773
				2.8562 	 20.1558 	 11.9705
			}
			{poly "piece01"}
		}
		{bone "piece02"
			{matrix34
				0.9373 	 -0.3486 	 0
				-0.3486 	 -0.9373 	 0
				0 	 0 	 -1
				11.3163 	 11.7321 	 2.4328
			}
			{poly "piece01"}
		}
		{bone "piece03"
			{matrix34
				-0.0528 	 -0.9909 	 0.1236
				-0.9766 	 0.077 	 0.2008
				-0.2085 	 -0.1101 	 -0.9718
				6.024 	 -4.0583 	 18.5136
			}
			{poly "piece01"}
		}
		{bone "piece04"
			{matrix34
				-0.6419 	 -0.7634 	 0.0719
				-0.5621 	 0.5322 	 0.6331
				-0.5216 	 0.3659 	 -0.7707
				2.5987 	 -16.8642 	 18.0912
			}
			{poly "piece01"}
		}
		{bone "piece05"
			{matrix34
				0.7118 	 -0.6909 	 -0.127
				-0.7004 	 -0.7116 	 -0.0543
				-0.0528 	 0.1276 	 -0.9904
				4.4978 	 27.2046 	 2.3825
			}
			{poly "piece05"}
		}
		{bone "piece06"
			{matrix34
				0.3879 	 -0.8767 	 0.2846
				-0.8843 	 -0.441 	 -0.1532
				0.2598 	 -0.1923 	 -0.9463
				-4.0126 	 -23.8454 	 10.2094
			}
			{poly "piece01"}
		}
		{bone "piece07"
			{matrix34
				-0.6268 	 -0.7707 	 -0.1146
				-0.6637 	 0.6051 	 -0.4397
				0.4082 	 -0.1996 	 -0.8908
				4.5869 	 -23.7779 	 4.1756
			}
			{poly "piece01"}
		}
		{bone "piece08"
			{matrix34
				-0.9421 	 -0.3355 	 0
				-0.3355 	 0.9421 	 0
				0 	 0 	 -1
				10.3972 	 -9.2476 	 3.3351
			}
			{poly "piece01"}
		}
		{bone "piece09"
			{matrix34
				0.6583 	 0.6371 	 -0.4009
				0.6773 	 -0.7337 	 -0.0538
				-0.3284 	 -0.2361 	 -0.9145
				6.3836 	 -3.1302 	 10.8212
			}
			{poly "piece01"}
		}
		{bone "piece10"
			{matrix34
				-0.5496 	 -0.2213 	 0.8056
				-0.3871 	 0.922 	 -0.0108
				-0.7403 	 -0.3177 	 -0.5924
				6.7551 	 9.5289 	 15
			}
			{poly "piece01"}
		}
		{bone "piece11"
			{matrix34
				-0.9848 	 -0.1736 	 0
				-0.1736 	 0.9848 	 0
				0 	 0 	 -1
				-3.5863 	 16.7531 	 15.7953
			}
			{poly "piece11"}
		}
		{bone "piece12"
			{matrix34
				-0.7026 	 0.5583 	 -0.4412
				-0.658 	 -0.7458 	 0.1039
				-0.2711 	 0.3633 	 0.8914
				-6.2638 	 6.0134 	 13.3225
			}
			{poly "piece12"}
		}
		{bone "piece13"
			{matrix34
				-0.9746 	 -0.1495 	 -0.1669
				0.1786 	 -0.9681 	 -0.1757
				-0.1353 	 -0.2011 	 0.9702
				-5.3172 	 -8.7457 	 13.0938
			}
			{poly "piece13"}
		}
	}
}
{"volumes"
	{"piece01"
		{box 11.4392 7.48082 3.35371}
		{bone "piece01"}
		{matrix34
			-1 	 0 	 0
			0 	 1 	 0
			0 	 0 	 -1
			0.3367 	 0.0306 	 0.3951
		}
	}
	{"piece02"
		{box 11.4392 7.48082 3.35371}
		{bone "piece02"}
		{matrix34
			-1 	 0 	 0
			0 	 1 	 0
			0 	 0 	 -1
			0.3367 	 0.0305 	 0.0606
		}
	}
	{"piece03"
		{box 11.4392 7.48082 3.35371}
		{bone "piece03"}
		{matrix34
			-1 	 0 	 0
			0 	 1 	 0
			0 	 0 	 -1
			0.3367 	 0.0306 	 0.086
		}
	}
	{"piece04"
		{box 11.4392 7.48082 3.35371}
		{bone "piece04"}
		{matrix34
			-1 	 0 	 0
			0 	 1 	 0
			0 	 0 	 -1
			0.3367 	 0.0306 	 0.393
		}
	}
	{"piece05"
		{box 11.4392 7.48082 3.35371}
		{bone "piece05"}
		{matrix34
			-1 	 0 	 0
			0 	 1 	 0
			0 	 0 	 -1
			0.3367 	 0.0305 	 0.393
		}
	}
	{"piece06"
		{box 11.4392 7.48082 3.35371}
		{bone "piece06"}
		{matrix34
			-1 	 0 	 0
			0 	 1 	 0
			0 	 0 	 -1
			0.3988 	 -0.0029 	 0.3407
		}
	}
	{"piece07"
		{box 11.4392 7.48082 3.35371}
		{bone "piece07"}
		{matrix34
			-1 	 0 	 0
			0 	 1 	 0
			0 	 0 	 -1
			0.0914 	 -0.3221 	 0.2011
		}
	}
	{"piece08"
		{box 11.4392 7.48082 3.35371}
		{bone "piece08"}
		{matrix34
			-1 	 0 	 0
			0 	 1 	 0
			0 	 0 	 -1
			0.3367 	 0.0306 	 0.393
		}
	}
	{"piece09"
		{box 11.4392 7.48082 3.35371}
		{bone "piece09"}
		{matrix34
			-1 	 0 	 0
			0 	 1 	 0
			0 	 0 	 -1
			0.3367 	 0.0306 	 0.4672
		}
	}
	{"piece10"
		{box 11.4392 7.48082 3.35371}
		{bone "piece10"}
		{matrix34
			-1 	 0 	 0
			0 	 1 	 0
			0 	 0 	 -1
			0.3367 	 0.0306 	 0.3623
		}
	}
	{"piece11"
		{cylinder 1.18942 17.7273}
		{bone "piece11"}
		{matrix34
			-0.9848 	 -0.1736 	 0
			0.1736 	 -0.9848 	 0
			0 	 0 	 1
			-0.0645 	 0.0593 	 -0.0988
		}
	}
	{"piece12"
		{box 1.39436 17.3737 12.0412}
		{bone "piece12"}
		{matrix34
			-0.5723 	 -0.7976 	 -0.1903
			0.6912 	 -0.5941 	 0.4114
			-0.4412 	 0.1039 	 0.8914
			-3.5818 	 -5.2407 	 -1.1792
		}
	}
	{"piece13"
		{box 1.39436 10.5937 12.4136}
		{bone "piece13"}
		{matrix34
			-0.829 	 0.5577 	 -0.0416
			-0.5337 	 -0.8112 	 -0.2387
			-0.1669 	 -0.1757 	 0.9702
			-0.7325 	 6.0414 	 1.0038
		}
	}
	{"piece14"
		{box 1.39436 13.3481 3.84822}
		{bone "piece13"}
		{matrix34
			-0.829 	 0.5577 	 -0.0416
			-0.5337 	 -0.8112 	 -0.2387
			-0.1669 	 -0.1757 	 0.9702
			-4.6928 	 -0.3117 	 -5.2425
		}
	}
}
