;Exported by	: KobaA
;Date			: 26.03.2024 16:21:59
;File			: d:\git\gem2-mdl-soldiers\models\entourage\sandbags\sandbags_02-05_lod.max
{skeleton
	{bone "sandbag4_x"
		{orientation
			1 	 0 	 0
			0 	 -1 	 0
			0 	 0 	 1
		}
		{bone "piece07"
			{matrix34
				-0.7071 	 -0.7071 	 0
				-0.7071 	 0.7071 	 0
				0 	 0 	 -1
				-5.8869 	 -0.4185 	 5.1026
			}
			{poly "piece07"}
		}
		{bone "piece06"
			{matrix34
				-0.7467 	 -0.6012 	 0.2846
				-0.6545 	 0.7404 	 -0.1532
				-0.1187 	 -0.3007 	 -0.9463
				-18.6804 	 1.462 	 10.2525
			}
			{poly "piece07"}
		}
		{bone "piece05"
			{matrix34
				-0.9986 	 -0.0286 	 -0.0436
				-0.0315 	 0.9973 	 0.0667
				0.0416 	 0.068 	 -0.9968
				24.0806 	 1.3834 	 3.3672
			}
			{poly "piece07"}
		}
		{bone "piece04"
			{matrix34
				0.5826 	 0.6943 	 0.4226
				0.766 	 -0.6428 	 0
				0.2717 	 0.3237 	 -0.9063
				18.692 	 0.591 	 10.3137
			}
			{poly "piece07"}
		}
		{bone "piece03"
			{matrix34
				0.8138 	 -0.4698 	 -0.342
				-0.5 	 -0.866 	 0
				-0.2962 	 0.171 	 -0.9397
				9.695 	 1.6427 	 3.8428
			}
			{poly "piece07"}
		}
		{bone "piece02"
			{matrix34
				0.5468 	 -0.8236 	 -0.1505
				-0.8364 	 -0.5455 	 -0.0538
				-0.0378 	 0.1553 	 -0.9871
				-5.2583 	 1.7769 	 10.9912
			}
			{poly "piece07"}
		}
		{bone "piece01"
			{matrix34
				0.342 	 0.9397 	 0
				0.9397 	 -0.342 	 0
				0 	 0 	 -1
				-22.1269 	 -0.1821 	 3.0819
			}
			{poly "piece07"}
		}
		{bone "piece08"
			{matrix34
				0.0717 	 -0.9971 	 -0.025
				-0.9641 	 -0.0757 	 0.2546
				-0.2558 	 0.0058 	 -0.9667
				6.8175 	 1.8407 	 11.037
			}
			{poly "piece07"}
		}
	}
}
{"volumes"
	{"piece01"
		{box 12.1693 8.8499 3.50394}
		{bone "piece01"}
		{matrix34
			-1 	 0 	 0
			0 	 1 	 0
			0 	 0 	 -1
			0 	 0 	 0.1611
		}
	}
	{"piece02"
		{box 12.1693 8.8499 3.50394}
		{bone "piece02"}
		{matrix34
			-1 	 0 	 0
			0 	 1 	 0
			0 	 0 	 -1
			0.3694 	 0 	 -0.0204
		}
	}
	{"piece03"
		{box 12.1693 8.8499 3.50394}
		{bone "piece03"}
		{matrix34
			-1 	 0 	 0
			0 	 1 	 0
			0 	 0 	 -1
			0.3694 	 0 	 0.0204
		}
	}
	{"piece04"
		{box 12.1693 8.8499 3.50394}
		{bone "piece04"}
		{matrix34
			-1 	 0 	 0
			0 	 1 	 0
			0 	 0 	 -1
			0.3694 	 0 	 -0.2017
		}
	}
	{"piece05"
		{box 12.1693 8.8499 3.50394}
		{bone "piece05"}
		{matrix34
			-1 	 0 	 0
			0 	 1 	 0
			0 	 0 	 -1
			0.3694 	 0 	 -0.0524
		}
	}
	{"piece06"
		{box 12.1693 8.8499 3.50394}
		{bone "piece06"}
		{matrix34
			-1 	 0 	 0
			0 	 1 	 0
			0 	 0 	 -1
			0.3694 	 0 	 0.0724
		}
	}
	{"piece07"
		{box 12.1693 8.8499 3.50394}
		{bone "piece07"}
		{matrix34
			-1 	 0 	 0
			0 	 1 	 0
			0 	 0 	 -1
			0.3694 	 0 	 0.2235
		}
	}
	{"piece08"
		{box 12.1693 8.8499 3.50394}
		{bone "piece08"}
		{matrix34
			-1 	 0 	 0
			0 	 1 	 0
			0 	 0 	 -1
			0.3694 	 0 	 0.003
		}
	}
}
