;Exported by:	 tolokolnikova
;Date:			 06.08.2015 13:41:40
;File:			 D:\git\solders_model\models\building\shed_village_001\villige_fix1_x.max
{skeleton
	{bone "shed_village_fence_001_x"
		{Orientation
			1 	 0 	 0
			0 	 -1 	 0
			0 	 0 	 1
		}
		{poly "shed_village_fence_001_x"}
		{bone "piece01"
			{Position 0 	 29.0258 	 14.6098}
			{poly "piece01"}
		}
		{bone "piece02"
			{Position 0.0725 	 17.4485 	 5.6418}
			{poly "piece02"}
		}
		{bone "piece03"
			{Position 0.0747 	 12.9747 	 11.1225}
			{poly "piece03"}
		}
		{bone "piece04"
			{Position 0.0742 	 7.0255 	 7.3183}
			{poly "piece04"}
		}
		{bone "piece05"
			{Position 0.0743 	 1.4004 	 2.941}
			{poly "piece05"}
		}
		{bone "piece06"
			{Position 0 	 -2.9753 	 10.9843}
			{poly "piece06"}
		}
		{bone "fx_stone1"
			{parameters "lastpose=undefined;"}
			{Position 0.059 	 14.224 	 0}
		}
	}
}
{Volume "piece01"
	{Box 7.36337 7.82179 9.60843}
	{Bone "piece01"}
	{Position -0.0755 	 -0.003 	 1.5352}
}
{Volume "piece02"
	{Box 4.52756 7.82179 6.24548}
	{Bone "piece02"}
	{Position -0.148 	 -0.1492 	 0.2422}
}
{Volume "piece03"
	{Box 4.52756 2.69383 5.23781}
	{Bone "piece03"}
	{Matrix34
		1 	 0 	 0
		0 	 0.866 	 -0.5
		0 	 0.5 	 0.866
		-0.1502 	 -0.2787 	 0.015
	}
}
{Volume "piece04"
	{Box 4.52756 3.28515 5.23781}
	{Bone "piece04"}
	{Matrix34
		1 	 0 	 0
		0 	 0.866 	 -0.5
		0 	 0.5 	 0.866
		-0.1497 	 0.3388 	 -0.1422
	}
}
{Volume "piece05"
	{Box 4.52756 6.57031 4.59457}
	{Bone "piece05"}
	{Matrix34
		1 	 0 	 0
		0 	 0.866 	 -0.5
		0 	 0.5 	 0.866
		-0.1498 	 -0.0993 	 0.1131
	}
}
{Volume "piece06"
	{Box 4.92126 7.82179 11.0739}
	{Bone "piece06"}
	{Matrix34
		1 	 0 	 0
		0 	 0.9063 	 -0.4226
		0 	 0.4226 	 0.9063
		-0.0755 	 -0.9407 	 0.4504
	}
}
