;Exported by	: Oleksandr Tsaprylov
;Date			: 03.02.2023 16:23:51
;File			: E:\projects\gem2-mdl-soldiers\models\entourage\shed_wood_destroyed\shed_wood_destroyed.max
{skeleton
	{bone "shed_wood_destroyed_piece_001_x"
		{orientation
			1 	 0 	 0
			0 	 -1 	 0
			0 	 0 	 1
		}
		{bone "piece03"
			{Position 15.7423 	 -10.3797 	 69.2517}
			{poly "piece03"}
		}
		{bone "piece09"
			{Position -0.9235 	 -1.0518 	 78.0189}
			{poly "piece09"}
		}
		{bone "piece11"
			{Position 34.7255 	 -7.7322 	 71.3778}
			{poly "piece11"}
		}
		{bone "piece08"
			{Position -47.9544 	 12.7464 	 69.2517}
			{poly "piece08"}
		}
		{bone "piece04"
			{Position 4.9949 	 23.0557 	 95.0091}
			{poly "piece04"}
		}
		{bone "piece05"
			{Position -25.3741 	 3.6716 	 82.9699}
			{poly "piece05"}
		}
		{bone "piece06"
			{matrix34
				0.9195 	 0.3714 	 0.1287
				-0.3919 	 0.8919 	 0.2255
				-0.031 	 -0.2578 	 0.9657
				-16.8476 	 -9.3149 	 33.9783
			}
			{poly "piece06"}
		}
		{bone "piece07"
			{Position -47.6748 	 14.2474 	 86.4709}
			{poly "piece07"}
		}
		{bone "piece01"
			{Position -28.823 	 -18.3393 	 63.812}
			{poly "piece01"}
		}
		{bone "piece02"
			{Position 34.2035 	 17.6388 	 69.2335}
			{poly "piece02"}
		}
		{bone "piece10"
			{Position -18.4196 	 11.021 	 86.1669}
			{poly "piece10"}
		}
	}
}
{"volumes"
	{"piece01"
		{box 2.3622 2.98768 21.8764}
		{bone "piece01"}
		{matrix34
			-1 	 0 	 0
			0 	 -0.5736 	 0.8192
			0 	 0.8192 	 0.5736
			0.1779 	 0.1655 	 0.1442
		}
	}
	{"piece02"
		{box 2.3622 2.98768 34.8591}
		{bone "piece02"}
		{matrix34
			-1 	 0 	 0
			0 	 0 	 1
			0 	 1 	 0
			0.0042 	 0.1599 	 0.0913
		}
	}
	{"piece03"
		{box 2.3622 2.98768 31.3732}
		{bone "piece03"}
		{matrix34
			0 	 1 	 0
			0 	 0 	 1
			1 	 0 	 0
			-0.6815 	 -0.1149 	 0.0731
		}
	}
	{"piece04"
		{box 1.41732 2.09138 50.702}
		{bone "piece04"}
		{matrix34
			0 	 -0.5736 	 0.8192
			0 	 -0.8192 	 -0.5736
			1 	 0 	 0
			-0.1058 	 -0.035 	 0.0295
		}
	}
	{"piece05"
		{box 0.666142 1.54762 46.1388}
		{bone "piece05"}
		{matrix34
			0.0121 	 -0.6004 	 0.7996
			0.9397 	 0.2802 	 0.1962
			-0.3418 	 0.749 	 0.5676
			-0.0794 	 -0.1137 	 -0.047
		}
	}
	{"piece06"
		{cylinder 2.0525 50.1884}
		{bone "piece06"}
		{matrix34
			0.9195 	 -0.3919 	 -0.031
			0.3714 	 0.8919 	 -0.2578
			0.1287 	 0.2255 	 0.9657
			-1.0136 	 -0.6188 	 0.7063
		}
	}
	{"piece07"
		{box 2.3622 2.98768 49.5}
		{bone "piece07"}
		{matrix34
			-1 	 0 	 0
			0 	 -0.5704 	 0.8213
			0 	 0.8213 	 0.5704
			-0.2046 	 0.252 	 0.3113
		}
	}
	{"piece08"
		{box 2.3622 2.98768 31.3732}
		{bone "piece08"}
		{matrix34
			-1 	 0 	 0
			0 	 0 	 1
			0 	 1 	 0
			0.1151 	 -0.6815 	 0.0731
		}
	}
	{"piece09"
		{box 1.41732 2.09138 30.4212}
		{bone "piece09"}
		{matrix34
			0 	 -0.5736 	 0.8192
			0 	 -0.8192 	 -0.5736
			1 	 0 	 0
			-0.4174 	 -0.0932 	 0.0216
		}
	}
	{"piece10"
		{box 1.41732 2.09138 50.702}
		{bone "piece10"}
		{matrix34
			0 	 -0.5736 	 0.8192
			0 	 -0.8192 	 -0.5736
			1 	 0 	 0
			-0.1058 	 -0.0349 	 0.0295
		}
	}
	{"piece11"
		{box 2.3622 2.98768 54.7073}
		{bone "piece11"}
		{matrix34
			-1 	 0 	 0
			0 	 -0.5736 	 0.8192
			0 	 0.8192 	 0.5736
			-0.1113 	 -0.171 	 -0.1606
		}
	}
}
