;Exported by:	 kobaa
;Date:			 01.04.2020 16:27:42
;File:			 C:\Users\kobaa\Desktop\fence_wood_ru_001.max
{skeleton
	{bone "fence01d"
		{orientation
			1 	 0 	 0
			0 	 -1 	 0
			0 	 0 	 1
		}
		{bone "cylinder120"
			{matrix34
				0 	 -0.1564 	 -0.9877
				0 	 0.9877 	 -0.1564
				1 	 0 	 0
				-34.4857 	 -1.526 	 9.3897
			}
			{poly "cylinder120"}
		}
		{bone "cylinder122"
			{Position -40.213 	 0.6786 	 -2.4934}
			{poly "cylinder122"}
		}
		{bone "cylinder125"
			{matrix34
				0.5221 	 0.0456 	 -0.8517
				0.1786 	 0.9706 	 0.1614
				-0.834 	 0.2364 	 -0.4986
				-72.1877 	 8.7544 	 4.3362
			}
			{poly "cylinder125"}
		}
		{bone "cylinder119"
			{matrix34
				0 	 -0.2079 	 -0.9781
				0 	 0.9781 	 -0.2079
				1 	 0 	 0
				-34.4876 	 -2.0792 	 22.9615
			}
			{poly "cylinder119"}
		}
		{bone "cylinder121"
			{matrix34
				0.9848 	 0.1736 	 0
				-0.1736 	 0.9848 	 0
				0 	 0 	 1
				38.4229 	 0.7477 	 -2.4934
			}
			{poly "cylinder121"}
		}
		{bone "climb2"
			{matrix34
				0 	 1 	 0
				-1 	 0 	 0
				0 	 0 	 1
				-10.3333 	 -19.8835 	 0
			}
			{visibility 0}
		}
		{bone "climb1"
			{matrix34
				0 	 -1 	 0
				1 	 0 	 0
				0 	 0 	 1
				-10.3333 	 21.7738 	 0
			}
			{visibility 0}
		}
	}
}
{obstacle "obstacle001"
	{obb2
		{center 21.1882 -0.404175}
		{extent 19.4832 2.52119}
		{axis -1 0}
	}
	{rotate}
}
{obstacle "obstacle002"
	{obb2
		{center -36.1982 -0.140808}
		{extent 13.6989 2.52119}
		{axis -0.999978 0.00657653}
	}
	{rotate}
}
{volume "body01"
	{cylinder 1.5748 52.2402}
	{bone "fence01d"}
	{matrix34
		-0.2838 	 0.0701 	 0.9563
		0.2598 	 0.9656 	 0.0063
		-0.923 	 0.2503 	 -0.2923
		-63.2754 	 4.0484 	 1.7672
	}
}
{volume "body02"
	{cylinder 1.5748 88.5827}
	{bone "fence01d"}
	{matrix34
		0 	 0 	 1
		0.0021 	 1 	 0
		-1 	 0.0021 	 0
		-0.5597 	 -1.8873 	 5.9975
	}
}
{volume "body03"
	{cylinder 1.9685 33.0874}
	{bone "fence01d"}
	{matrix34
		0.9839 	 0.1787 	 0.006
		-0.1787 	 0.9839 	 -0.0065
		-0.0071 	 0.0054 	 1
		-40.4144 	 0.9353 	 16.5431
	}
}
{volume "body04"
	{cylinder 1.5748 83.3988}
	{bone "fence01d"}
	{matrix34
		0.0349 	 -0.0006 	 0.9994
		0.0196 	 0.9998 	 0
		-0.9992 	 0.0195 	 0.0349
		-1.0577 	 -2.6996 	 21.0076
	}
}
{volume "body05"
	{cylinder 1.9685 33.0874}
	{bone "fence01d"}
	{matrix34
		1 	 0 	 0
		0 	 0.982 	 0.1887
		0 	 -0.1887 	 0.982
		38.2501 	 -1.7777 	 16.2464
	}
}
