;Exported by:	 KobaA
;Date:			 01.06.2021 10:47:10
;File:			 G:\_GIT_\gem2\gem2-mdl-soldiers\models\entourage\railway\rail_road\rails.max
{skeleton
	{animation
		{sequence "switch" {speed 0.5}}
	}
	{bone "rail_switch_002"
		{orientation
			1 	 0 	 0
			0 	 -1 	 0
			0 	 0 	 1
		}
		{bone "rail_link1"
			{matrix34
				1 	 0 	 0
				0 	 -1 	 0
				0 	 0 	 1
				-122.518 	 10.2944 	 0.0199
			}
		}
		{bone "rail_link2"
			{matrix34
				1 	 0 	 0
				0 	 -1 	 0
				0 	 0 	 1
				122.574 	 10.3184 	 0.0161
			}
		}
		{bone "rail_link3"
			{matrix34
				0.8917 	 -0.4526 	 0
				-0.4526 	 -0.8917 	 0
				0 	 0 	 1
				122.39 	 -39.8973 	 -0.0059
			}
		}
		{bone "emit1"
			{Position -100.37 	 81.1804 	 -1.6626}
		}
		{bone "emit2"
			{Position -100.37 	 50.0789 	 -1.6626}
		}
		{bone "rails"
			{parameters "align;land;ground;"}
			{matrix34
				-1 	 0 	 0
				0 	 1 	 0
				0 	 0 	 1
				0 	 4.1432 	 0.6199
			}
			{poly "rails" {ground}}
			{bone "switcher"
				{matrix34
					0 	 0 	 -1
					-0.0024 	 -1 	 0
					1 	 -0.0024 	 0
					83.2984 	 59.3178 	 5.0027
				}
				{poly "switcher"}
				{bone "linker"
					{matrix34
						1 	 0 	 0
						0 	 0.9989 	 0.046
						0 	 -0.046 	 0.9989
						2.516 	 0.0022 	 -6.2379
					}
					{poly "linker"}
				}
				{bone "lever"
					{matrix34
						1 	 0 	 0
						0 	 0.9986 	 0.0528
						0 	 -0.0528 	 0.9986
						0.7572 	 0.0759 	 0.2641
					}
					{poly "lever"}
					{bone "cargo"
						{matrix34
							0.4226 	 0.9063 	 0
							-0.9063 	 0.4226 	 0
							0 	 0 	 1
							-3.6086 	 1.4199 	 0.0258
						}
						{poly "cargo"}
					}
				}
				{bone "gear"
					{matrix34
						1 	 0 	 0
						0 	 0.9989 	 0.046
						0 	 -0.046 	 0.9989
						0 	 -0.0254 	 0
					}
					{poly "gear"}
					{bone "switch_helper"
						{matrix34
							0 	 0 	 -1
							0 	 -1 	 0
							-1 	 0 	 0
							2.9619 	 54.8345 	 0.6004
						}
					}
				}
				{bone "arrow"
					{matrix34
						1 	 0 	 0
						0 	 0.9986 	 0.0528
						0 	 -0.0528 	 0.9986
						-8.6492 	 0.0122 	 -6.2525
					}
					{poly "arrow"}
				}
			}
			{bone "rails_switch"
				{Position 0 	 0 	 0}
				{poly "rails_switch"}
			}
		}
	}
}
{obstacle "obstacle"
	{obb2
		{center -82.972 -55.4314}
		{extent 7.12691 15.0492}
		{axis 1 -5.35253e-007}
	}
	{rotate}
}
{volume "body1"
	{box 15.748 15.748 15.748}
	{bone "switcher"}
	{matrix34
		0 	 0 	 1
		0 	 1 	 0
		-1 	 0 	 0
		-5.0056 	 -0.0391 	 -0.1626
	}
}
{volume "body"
	{box 15.748 15.748 15.748}
	{bone "switcher"}
	{matrix34
		0 	 0 	 1
		0 	 1 	 0
		-1 	 0 	 0
		-5.0056 	 -0.0391 	 -0.1626
	}
}
