;Exported by:	 Oleksandr Tsaprylov
;Date:			 31.12.2020 17:37:48
;File:			 E:\projects\gem2-mdl-soldiers\models\entourage\beam_wood\new_wood_updateX.max
{skeleton
	{bone "beam1_g2_x_basis"
		{orientation
			1 	 0 	 0
			0 	 -1 	 0
			0 	 0 	 1
		}
		{bone "piece01"
			{Position 0.0425 	 -21.8324 	 8.5316}
			{poly "piece01"}
		}
		{bone "piece02"
			{Position -3.8184 	 16.0136 	 5.9882}
			{poly "piece02"}
		}
		{bone "piece03"
			{Position -6.7344 	 -1.7139 	 4.2972}
			{poly "piece03"}
		}
		{bone "fx_wood1"
			{parameters "lastpose=undefined;"}
		}
		{bone "fx_wood"
			{parameters "lastpose=undefined;"}
		}
		{bone "fx_dust1"
			{parameters "lastpose=undefined;"}
		}
		{bone "piece04"
			{Position 5.5628 	 0.4965 	 7.2041}
			{poly "piece04"}
		}
	}
}
{volume "piece01_"
	{box 3.31319 33.2382 3.46185}
	{bone "piece01"}
	{matrix34
		0.9772 	 0.1464 	 0.1537
		-0.1621 	 0.9822 	 0.0948
		-0.1371 	 -0.1175 	 0.9836
		-0.7386 	 -0.3561 	 0.2921
	}
}
{volume "piece02_"
	{box 4.21897 21.7199 4.3075}
	{bone "piece02"}
	{matrix34
		0.9762 	 0.1481 	 0.1586
		-0.1745 	 0.9703 	 0.1677
		-0.129 	 -0.1914 	 0.973
		0.7472 	 -1.0875 	 -0.1427
	}
}
{volume "piece03_"
	{box 5.32637 44.3635 3.97705}
	{bone "piece03"}
	{matrix34
		0.9819 	 0.1272 	 0.1404
		-0.1297 	 0.9915 	 0.0088
		-0.1381 	 -0.0269 	 0.9901
		-0.6783 	 -0.3124 	 0.3861
	}
}
{volume "piece04"
	{box 5.32637 76.6126 4.29522}
	{bone "piece04"}
	{matrix34
		0.9987 	 0.0518 	 -0.0013
		-0.0518 	 0.9984 	 -0.0243
		0 	 0.0243 	 0.9997
		-0.7673 	 0.0522 	 -0.2166
	}
}
