;Exported by:	 Oleksandr Tsaprylov
;Date:			 19.07.2022 21:43:03
;File:			 E:\projects\gem2-mdl-soldiers\models\entourage\bridge_wood\bridge_wood_01.max
{skeleton
	{bone "bridge_wood_02_piece_002_x"
		{orientation
			1 	 0 	 0
			0 	 -1 	 0
			0 	 0 	 1
		}
		{bone "piece02"
			{matrix34
				-0.8773 	 0.4758 	 0.0624
				-0.4728 	 -0.8347 	 -0.2823
				-0.0822 	 -0.2772 	 0.9573
				-0.2638 	 -4.4855 	 13.25
			}
			{poly "piece02"}
		}
		{bone "piece03"
			{matrix34
				0.8773 	 -0.4758 	 -0.0624
				0.4261 	 0.8321 	 -0.3551
				0.2209 	 0.2849 	 0.9328
				-0.179 	 -15.2724 	 22.6191
			}
			{poly "piece03"}
		}
		{bone "piece04"
			{matrix34
				0.7856 	 -0.5511 	 -0.2812
				0.616 	 0.739 	 0.2728
				0.0574 	 -0.3876 	 0.92
				-3.1205 	 -35.166 	 9.4892
			}
			{poly "piece04"}
		}
		{bone "piece05"
			{matrix34
				0.7734 	 0.6334 	 -0.0251
				-0.5449 	 0.6441 	 -0.5368
				-0.3239 	 0.4289 	 0.8433
				-3.285 	 34.1714 	 13.69
			}
			{poly "piece05"}
		}
		{bone "piece01"
			{matrix34
				0.8773 	 -0.4758 	 -0.0624
				0.2571 	 0.5758 	 -0.7761
				0.4053 	 0.6648 	 0.6275
				3.109 	 22.219 	 9.5355
			}
			{poly "piece01"}
		}
	}
}
{volume "piece01"
	{box 1.87913 1.78195 19.7701}
	{bone "piece01"}
	{matrix34
		0.8773 	 0.2571 	 0.4053
		-0.1223 	 0.9363 	 -0.3293
		-0.4641 	 0.2393 	 0.8528
		-1.5865 	 -2.4097 	 -3.1501
	}
}
{volume "piece02"
	{box 4.33737 4.26963 20.092}
	{bone "piece02"}
	{matrix34
		-0.8773 	 -0.4728 	 -0.0822
		0.4758 	 -0.8347 	 -0.2772
		0.0624 	 -0.2823 	 0.9573
		2.1599 	 -3.5005 	 -3.5569
	}
}
{volume "piece03"
	{box 2.33013 2.06706 20.3081}
	{bone "piece03"}
	{matrix34
		0.8773 	 0.4261 	 0.2209
		-0.0622 	 -0.3554 	 0.9326
		0.4759 	 -0.832 	 -0.2853
		0.8642 	 0.658 	 -4.7011
	}
}
{volume "piece04"
	{box 1.87913 1.78195 13.4491}
	{bone "piece04"}
	{matrix34
		0.7856 	 0.616 	 0.0574
		-0.5511 	 0.739 	 -0.3876
		-0.2812 	 0.2728 	 0.92
		1.2246 	 3.2534 	 -0.429
	}
}
{volume "piece05"
	{box 1.87913 1.78195 13.4491}
	{bone "piece05"}
	{matrix34
		0.7734 	 -0.5449 	 -0.3239
		0.6334 	 0.6441 	 0.4289
		-0.0251 	 -0.5368 	 0.8433
		2.5817 	 0.4622 	 -4.3825
	}
}
