;Exported by	: KobaA
;Date			: 26.01.2024 11:04:03
;File			: d:\git\gem2-mdl-soldiers\models\building\building_ua01\building_ua05_v2_x.max
{skeleton
	{bone "b_ua_05_piece08_point"
		{orientation
			1 	 0 	 0
			0 	 -1 	 0
			0 	 0 	 1
		}
		{bone "b_ua_05_piece08"
			{Position 90.9531 	 -110.897 	 -6.2821}
			{poly "b_ua_05_piece08"}
		}
		{bone "sub_piece02"
			{matrix34
				0 	 0.6293 	 0.7771
				1 	 0 	 0
				0 	 -0.7771 	 0.6293
				-19.8621 	 31.9431 	 36.5428
			}
			{poly "sub_piece02"}
		}
		{bone "sub_piece01"
			{Position -22.422 	 27.0494 	 34.2146}
			{poly "sub_piece01"}
		}
		{bone "piece01"
			{matrix34
				-1 	 0 	 0
				0 	 -1 	 0
				0 	 0 	 1
				12.8234 	 34.4767 	 21.6035
			}
			{poly "piece01"}
		}
		{bone "piece02"
			{matrix34
				0.9063 	 0 	 -0.4226
				0 	 -1 	 0
				-0.4226 	 0 	 -0.9063
				-16.6303 	 34.4767 	 14.0729
			}
			{poly "piece02"}
		}
		{bone "piece03"
			{matrix34
				0.9659 	 0 	 -0.2588
				0 	 -1 	 0
				-0.2588 	 0 	 -0.9659
				-6.9423 	 34.4767 	 23.495
			}
			{poly "piece03"}
		}
		{bone "sub_piece03"
			{matrix34
				0.6428 	 0 	 -0.766
				0 	 -1 	 0
				-0.766 	 0 	 -0.6428
				0.3111 	 34.4767 	 8.0601
			}
			{poly "sub_piece03"}
		}
		{bone "stones_001"
			{parameters "land;ground;"}
			{matrix34
				0 	 -1 	 0
				1 	 0 	 0
				0 	 0 	 1
				-8.7253 	 48.8267 	 -23.5259
			}
			{poly "stones_001" {ground}}
		}
		{bone "fort_wall"
			{Position -0.7171 	 44.8897 	 -17.6204}
		}
		{bone "debris_land_001"
			{parameters "land;ground;"}
			{matrix34
				0 	 -1 	 0
				1 	 0 	 0
				0 	 0 	 1
				-8.7253 	 48.8401 	 -24.5101
			}
			{poly "debris_land_001" {ground}}
		}
		{bone "piece04"
			{matrix34
				0 	 0.0872 	 0.9962
				1 	 0 	 0
				0 	 0.9962 	 -0.0872
				-24.2095 	 13.1671 	 11.2457
			}
			{poly "piece04"}
		}
		{bone "piece05"
			{matrix34
				0 	 -1 	 0
				1 	 0 	 0
				0 	 0 	 1
				-24.2095 	 -10.9704 	 21.6382
			}
			{poly "piece05"}
		}
		{bone "sub_piece05"
			{matrix34
				0 	 0.4226 	 -0.9063
				1 	 0 	 0
				0 	 -0.9063 	 -0.4226
				-24.2095 	 -9.6831 	 9.4899
			}
			{poly "sub_piece05"}
		}
		{bone "sub_piece04"
			{matrix34
				0 	 -1 	 0
				1 	 0 	 0
				0 	 0 	 1
				-24.2095 	 25.8112 	 17.2178
			}
			{poly "sub_piece04"}
		}
	}
}
{"volumes"
	{"piece01"
		{box 11.551 5.90551 9.99911}
		{bone "piece01"}
		{Position -0.1833 	 0 	 -1.3833}
	}
	{"piece02"
		{box 11.551 5.90551 9.99911}
		{bone "piece02"}
		{Position -0.1031 	 0 	 -0.1523}
	}
	{"piece03"
		{box 11.551 5.90551 9.99911}
		{bone "piece03"}
		{matrix34
			0.8192 	 0 	 0.5736
			0 	 1 	 0
			-0.5736 	 0 	 0.8192
			-0.1176 	 0 	 0.0915
		}
	}
	{"piece04"
		{box 11.2864 5.90551 15.6236}
		{bone "piece04"}
		{matrix34
			-0.1736 	 0 	 -0.9848
			0 	 1 	 0
			0.9848 	 0 	 -0.1736
			0.2286 	 0 	 -0.8277
		}
	}
	{"piece05"
		{box 11.551 5.90551 9.99911}
		{bone "piece05"}
		{Position 0.8764 	 0 	 -0.9367}
	}
	{"sub_piece01"
		{box 20.5413 5.90551 11.0928}
		{bone "sub_piece01"}
		{matrix34
			0 	 -0.9962 	 -0.0872
			1 	 0 	 0
			0 	 -0.0872 	 0.9962
			-1.7875 	 -0.8608 	 -1.0664
		}
	}
	{"sub_piece02"
		{box 2.88774 2.48032 18.9983}
		{bone "sub_piece02"}
		{matrix34
			0 	 1 	 0
			0.9976 	 0 	 0.0698
			0.0698 	 0 	 -0.9976
			-1.0898 	 -0.0593 	 2.0074
		}
	}
	{"sub_piece03"
		{box 6.26044 5.90551 9.99911}
		{bone "sub_piece03"}
		{Position 0.2258 	 0 	 -1.2355}
	}
	{"sub_piece04"
		{box 11.551 5.90551 6.59941}
		{bone "sub_piece04"}
		{matrix34
			0.766 	 0 	 0.6428
			0 	 1 	 0
			-0.6428 	 0 	 0.766
			-0.4497 	 0 	 0.8038
		}
	}
	{"sub_piece05"
		{box 7.31854 5.90551 6.09321}
		{bone "sub_piece05"}
		{matrix34
			-0.4226 	 0 	 0.9063
			0 	 1 	 0
			-0.9063 	 0 	 -0.4226
			0.5369 	 0 	 -0.7217
		}
	}
	{"vol_01"
		{box 58.4609 6.1453 25.3987}
		{bone "b_ua_05_piece08"}
		{matrix34
			-1 	 0 	 0
			0 	 -1 	 0
			0 	 0 	 1
			-89.0152 	 145.441 	 -11.4341
		}
	}
	{"vol_02"
		{box 11.6922 6.1453 18.541}
		{bone "b_ua_05_piece08"}
		{matrix34
			-1 	 0 	 0
			0 	 -1 	 0
			0 	 0 	 1
			-69.1684 	 145.441 	 10.01
		}
	}
	{"vol_03"
		{box 11.6922 6.1453 8.34347}
		{bone "b_ua_05_piece08"}
		{matrix34
			-1 	 0 	 0
			0 	 -1 	 0
			0 	 0 	 1
			-79.4411 	 145.441 	 5.1347
		}
	}
	{"vol_04"
		{box 11.6922 6.1453 12.1815}
		{bone "b_ua_05_piece08"}
		{matrix34
			-1 	 0 	 0
			0 	 -1 	 0
			0 	 0 	 1
			-112.508 	 145.441 	 7.0537
		}
	}
	{"vol_05"
		{box 56.1573 6.1453 25.3987}
		{bone "b_ua_05_piece08"}
		{matrix34
			0 	 -1 	 0
			1 	 0 	 0
			0 	 0 	 1
			-115.52 	 120.441 	 -11.4341
		}
	}
	{"vol_06"
		{box 16.2856 6.1453 6.09569}
		{bone "b_ua_05_piece08"}
		{matrix34
			0 	 -1 	 0
			1 	 0 	 0
			0 	 0 	 1
			-115.52 	 102.023 	 4.2005
		}
	}
	{"vol_07"
		{polyhedron}
		{bone "b_ua_05_piece08"}
		{matrix34
			0 	 -1 	 0
			1 	 0 	 0
			0 	 0 	 1
			-115.52 	 138.044 	 1.477
		}
	}
}
