;Exported by	: KobaA
;Date			: 26.01.2024 11:04:06
;File			: d:\git\gem2-mdl-soldiers\models\building\building_ua01\building_ua05_v2_x.max
{skeleton
	{bone "b_ua_05_piece11_point"
		{orientation
			1 	 0 	 0
			0 	 -1 	 0
			0 	 0 	 1
		}
		{bone "piece01"
			{Position -33.3362 	 -7.4813 	 16.1752}
			{poly "piece01"}
		}
		{bone "piece02"
			{matrix34
				-0.6434 	 -0.752 	 -0.1432
				-0.5078 	 0.2792 	 0.815
				0.5729 	 -0.5971 	 0.5615
				0.5359 	 -4.1632 	 5.0707
			}
			{poly "piece02"}
		}
		{bone "piece03"
			{matrix34
				0.0324 	 0.9762 	 -0.2142
				-0.0119 	 0.2147 	 0.9766
				0.9994 	 -0.0291 	 0.0185
				-21.6833 	 -34.0255 	 26.5725
			}
			{poly "piece03"}
		}
		{bone "piece04"
			{matrix34
				0 	 0.6293 	 -0.7771
				-1 	 0 	 0
				0 	 0.7771 	 0.6293
				-2.5788 	 -56.9564 	 5.9753
			}
			{poly "piece04"}
		}
		{bone "piece05"
			{matrix34
				0 	 0.6293 	 -0.7771
				-1 	 0 	 0
				0 	 0.7771 	 0.6293
				-40.8352 	 -59.7708 	 3.6962
			}
			{poly "piece05"}
		}
		{bone "piece06"
			{matrix34
				0 	 0.6293 	 -0.7771
				-1 	 0 	 0
				0 	 0.7771 	 0.6293
				26.9443 	 -56.5244 	 6.3251
			}
			{poly "piece06"}
		}
		{bone "piece07"
			{matrix34
				0 	 -0.6293 	 -0.7771
				1 	 0 	 0
				0 	 -0.7771 	 0.6293
				-15.4455 	 10.9076 	 3.6962
			}
			{poly "piece07"}
		}
		{bone "piece08"
			{matrix34
				0 	 -0.6293 	 -0.7771
				1 	 0 	 0
				0 	 -0.7771 	 0.6293
				31.6167 	 10.9076 	 3.6962
			}
			{poly "piece08"}
		}
	}
}
{"volumes"
	{"piece01"
		{box 12.3348 13.189 12.7694}
		{bone "piece01"}
		{matrix34
			-1 	 0 	 0
			0 	 -1 	 0
			0 	 0 	 1
			0.0472 	 0 	 3.4067
		}
	}
	{"piece02"
		{box 2.61352 2.12598 43.5791}
		{bone "piece02"}
		{matrix34
			-0.1845 	 -0.9828 	 -0.0043
			-0.9825 	 0.1843 	 0.0253
			-0.024 	 0.0089 	 -0.9997
			0.2801 	 -0.8732 	 1.2535
		}
	}
	{"piece03"
		{box 41.9728 3.0315 2.64625}
		{bone "piece03"}
		{matrix34
			0.0324 	 -0.0119 	 0.9994
			0.963 	 0.2679 	 -0.0281
			-0.2674 	 0.9634 	 0.0201
			-2.1285 	 8.161 	 -0.0025
		}
	}
	{"piece04"
		{box 4.89183 3.93701 25.7377}
		{bone "piece04"}
		{matrix34
			0 	 -1 	 0
			0.9998 	 0 	 0.0175
			-0.0175 	 0 	 0.9998
			-0.1203 	 -3.5407 	 -8.8962
		}
	}
	{"piece05"
		{box 8.10646 3.93701 30.8852}
		{bone "piece05"}
		{matrix34
			0 	 -1 	 0
			0.9999 	 0 	 -0.015
			0.015 	 0 	 0.9999
			0.3684 	 0.1049 	 -0.5469
		}
	}
	{"piece06"
		{box 6.16091 2.71654 28.3115}
		{bone "piece06"}
		{matrix34
			0 	 -1 	 0
			1 	 0 	 0
			0 	 0 	 1
			0.1054 	 -1.6196 	 0.6665
		}
	}
	{"piece07"
		{box 5.59346 3.93701 30.8852}
		{bone "piece07"}
		{matrix34
			0 	 -1 	 0
			0.9998 	 0 	 0.0175
			-0.0175 	 0 	 0.9998
			0.2594 	 0.1049 	 -2.281
		}
	}
	{"piece08"
		{box 4.21536 3.24803 30.8852}
		{bone "piece08"}
		{matrix34
			0 	 -1 	 0
			0.9998 	 0 	 0.0175
			-0.0175 	 0 	 0.9998
			0.3801 	 -2.8252 	 -2.4874
		}
	}
}
