;Exported by	: joomb
;Date			: 12.04.2023 15:08:23
;File			: H:\git\gem2-mdl-soldiers\models\building\house_uk\house_uk_001.max
{skeleton
	{bone "hs_ua_piece_04"
		{orientation
			1 	 0 	 0
			0 	 -1 	 0
			0 	 0 	 1
		}
		{poly "hs_ua_piece_04"}
		{bone "fort_wall"
			{matrix34
				0 	 -1 	 0
				1 	 0 	 0
				0 	 0 	 1
				42.3592 	 -2.4324 	 -47.356
			}
		}
		{bone revolute "attach1"
			{Position 5.3739 	 0.4938 	 -52.9838}
		}
	}
}
{"volumes"
	{"body01"
		{box 11.4094 64.9818 47.8339}
		{bone "hs_ua_piece_04"}
		{Position 27.5402 	 -9.3189 	 -29.0543}
	}
	{"body02"
		{box 6.73158 60.433 47.8339}
		{bone "hs_ua_piece_04"}
		{matrix34
			0 	 1 	 0
			-1 	 0 	 0
			0 	 0 	 1
			2.3979 	 21.0757 	 -29.0543
		}
	}
	{"roof01"
		{polyhedron}
		{bone "hs_ua_piece_04"}
		{matrix34
			0.866 	 0 	 0.5
			0 	 1 	 0
			-0.5 	 0 	 0.866
			39.7298 	 -3.1451 	 -7.3841
		}
	}
	{"roof02"
		{polyhedron}
		{bone "hs_ua_piece_04"}
		{matrix34
			0 	 0.766 	 0.6428
			-1 	 0 	 0
			0 	 -0.6428 	 0.766
			2.3979 	 31.5974 	 -6.1473
		}
	}
	{"roof03"
		{polyhedron}
		{bone "hs_ua_piece_04"}
		{matrix34
			0 	 0.5 	 0.866
			-1 	 0 	 0
			0 	 -0.866 	 0.5
			-0.1935 	 -7.5407 	 38.1584
		}
	}
	{"target"
		{box 11.2253 16.8927 16.6877}
		{bone "hs_ua_piece_04"}
		{matrix34
			0 	 -1 	 0
			1 	 0 	 0
			0 	 0 	 1
			5.6326 	 1.5488 	 -28.3474
		}
	}
}
