;Exported by	: KobaA
;Date			: 11.04.2024 16:38:12
;File			: d:\git\gem2-mdl-soldiers\models\entourage\wooden_box\crate_compose.max
{skeleton
	{bone "basis01_x"
		{orientation
			1 	 0 	 0
			0 	 -1 	 0
			0 	 0 	 1
		}
		{bone "sub_piece05"
			{matrix34
				0.9962 	 -0.0872 	 0
				0.0872 	 0.9962 	 0
				0 	 0 	 1
				-13.7306 	 -21.0291 	 11.152
			}
			{poly "sub_piece05"}
		}
		{bone "piece13"
			{matrix34
				0.9814 	 0.1213 	 -0.149
				-0.0959 	 0.9812 	 0.1674
				0.1665 	 -0.15 	 0.9746
				-4.986 	 -30.7982 	 9.2735
			}
			{poly "piece13"}
		}
		{bone "sub_piece06"
			{matrix34
				0.9474 	 -0.319 	 -0.024
				0.3085 	 0.9309 	 -0.1956
				0.0847 	 0.1779 	 0.9804
				-13.7001 	 -28.5796 	 4.2115
			}
			{poly "sub_piece06"}
		}
		{bone "sub_piece03"
			{matrix34
				0.267 	 0.9601 	 0.0829
				-0.9298 	 0.2793 	 -0.2397
				-0.2533 	 -0.013 	 0.9673
				-29.2762 	 12.9319 	 4.5709
			}
			{poly "sub_piece03"}
		}
		{bone "sub_piece04"
			{matrix34
				0 	 1 	 0
				-1 	 0 	 0
				0 	 0 	 1
				-23.4344 	 12.9456 	 8.8622
			}
			{poly "sub_piece04"}
		}
		{bone "piece11"
			{matrix34
				0.0413 	 -0.9967 	 -0.0702
				-0.3626 	 0.0505 	 -0.9306
				0.931 	 0.0639 	 -0.3594
				25.1093 	 27.3574 	 41.8701
			}
			{poly "piece11"}
		}
		{bone "piece15"
			{matrix34
				1 	 -0.0068 	 0
				0.0068 	 1 	 0
				0 	 0 	 1
				-3.6757 	 7.1514 	 35.735
			}
			{poly "piece15"}
		}
		{bone "piece10"
			{matrix34
				-0.6406 	 0.4575 	 -0.6167
				-0.605 	 0.1938 	 0.7722
				0.4728 	 0.8678 	 0.1526
				-14.1916 	 26.5641 	 50.4311
			}
			{poly "piece10"}
		}
		{bone "sub_piece09"
			{matrix34
				-0.519 	 -0.8451 	 0.1284
				0.8522 	 -0.4997 	 0.1552
				-0.067 	 0.19 	 0.9795
				-12.1406 	 26.0049 	 53.6078
			}
			{poly "sub_piece09"}
		}
		{bone "piece09"
			{matrix34
				-0.0438 	 -0.968 	 0.2469
				0.9485 	 0.0374 	 0.3145
				-0.3137 	 0.248 	 0.9166
				10.0311 	 26.3416 	 53.9874
			}
			{poly "piece09"}
		}
		{bone "piece01"
			{matrix34
				-0.0576 	 -0.5735 	 0.8172
				0.3812 	 -0.7691 	 -0.513
				0.9227 	 0.2819 	 0.2629
				18.254 	 14.4124 	 43.5852
			}
			{poly "piece01"}
		}
		{bone "sub_piece14"
			{matrix34
				-0.1736 	 -0.9848 	 0
				0.9848 	 -0.1736 	 0
				0 	 0 	 1
				24.0176 	 0.2706 	 27.1016
			}
			{poly "sub_piece14"}
		}
		{bone "piece08"
			{matrix34
				-0.682 	 -0.7111 	 -0.1711
				0.6835 	 -0.7029 	 0.1967
				-0.2601 	 0.0172 	 0.9654
				-14.1916 	 -4.2699 	 24.1221
			}
			{poly "piece08"}
		}
		{bone "sub_piece10"
			{matrix34
				-0.5318 	 -0.8399 	 0.1086
				0.8418 	 -0.5102 	 0.1764
				-0.0928 	 0.1852 	 0.9783
				-12.1406 	 -4.8291 	 27.2988
			}
			{poly "sub_piece10"}
		}
		{bone "piece07"
			{matrix34
				0.1688 	 0.4911 	 -0.8546
				0.9844 	 -0.0411 	 0.1709
				0.0488 	 -0.8701 	 -0.4904
				3.8472 	 -4.5352 	 27.6784
			}
			{poly "piece07"}
		}
		{bone "piece03"
			{matrix34
				-0.4727 	 -0.0029 	 0.8812
				0.7794 	 -0.468 	 0.4165
				0.4112 	 0.8837 	 0.2235
				18.254 	 -13.0307 	 14.8372
			}
			{poly "piece03"}
		}
		{bone "piece05"
			{matrix34
				0.6001 	 0.7018 	 0.384
				-0.5886 	 0.0623 	 0.806
				0.5417 	 -0.7097 	 0.4505
				12.3145 	 11.9086 	 22.226
			}
			{poly "piece05"}
		}
		{bone "sub_piece12"
			{matrix34
				-0.0764 	 0.8109 	 -0.5802
				-0.9821 	 0.0393 	 0.1842
				0.1722 	 0.5839 	 0.7934
				-8.7271 	 25.1483 	 33.2847
			}
			{poly "sub_piece12"}
		}
		{bone "piece06"
			{matrix34
				0.825 	 -0.0593 	 0.5621
				-0.1198 	 0.9535 	 0.2765
				-0.5523 	 -0.2954 	 0.7795
				25.8276 	 27.9891 	 24.1221
			}
			{poly "piece06"}
		}
		{bone "piece12"
			{matrix34
				0.4092 	 -0.4372 	 0.8009
				0.8912 	 0.0033 	 -0.4536
				0.1957 	 0.8993 	 0.391
				-12.5388 	 29.3442 	 17.3086
			}
			{poly "piece12"}
		}
		{bone "piece04"
			{matrix34
				0.0409 	 0.9269 	 0.3731
				-0.7668 	 -0.2103 	 0.6065
				0.6406 	 -0.3109 	 0.7021
				18.8572 	 42.3136 	 16.6324
			}
			{poly "piece04"}
		}
		{bone "piece14"
			{matrix34
				0.9848 	 -0.1736 	 0
				0.1736 	 0.9848 	 0
				0 	 0 	 1
				20.3813 	 -38.2908 	 15.5135
			}
			{poly "piece14"}
		}
		{bone "sub_piece07"
			{matrix34
				0.9848 	 -0.1736 	 0
				0.1736 	 0.9848 	 0
				0 	 0 	 1
				14.092 	 -40.596 	 12.0788
			}
			{poly "sub_piece07"}
		}
		{bone "sub_piece08"
			{matrix34
				0.766 	 0.6428 	 0
				-0.6428 	 0.766 	 0
				0 	 0 	 1
				18.4287 	 -25.05 	 13.5766
			}
			{poly "sub_piece08"}
		}
		{bone "sub_piece11"
			{matrix34
				0.9848 	 -0.1736 	 0
				0.1736 	 0.9848 	 0
				0 	 0 	 1
				23.1753 	 -22.4454 	 15.5171
			}
			{poly "sub_piece11"}
		}
		{bone "sub_piece02"
			{matrix34
				-0.5414 	 -0.8407 	 0
				0.8407 	 -0.5414 	 0
				0 	 0 	 1
				16.5053 	 -5.388 	 33.7946
			}
			{poly "sub_piece02"}
		}
		{bone "sub_piece13"
			{matrix34
				1 	 -0.0068 	 0
				0.0068 	 1 	 0
				0 	 0 	 1
				12.7687 	 -8.9381 	 35.3232
			}
			{poly "sub_piece13"}
		}
		{bone "sub_piece01"
			{matrix34
				0.648 	 0.7616 	 0
				-0.7616 	 0.648 	 0
				0 	 0 	 1
				-7.921 	 3.7911 	 33.7946
			}
			{poly "sub_piece01"}
		}
		{bone "piece02"
			{matrix34
				-0.8825 	 -0.3996 	 0.248
				0.47 	 -0.7324 	 0.4926
				-0.0152 	 0.5513 	 0.8342
				0.6716 	 39.8577 	 41.5208
			}
			{poly "piece02"}
		}
		{bone "sub_piece15"
			{matrix34
				0.4863 	 0.8566 	 0.1728
				-0.7832 	 0.5149 	 -0.3485
				-0.3874 	 0.0341 	 0.9213
				-20.475 	 -22.0118 	 6.0222
			}
			{poly "sub_piece15"}
		}
	}
}
{"volumes"
	{"piece01"
		{box 0.685231 8.13736 12.7097}
		{bone "piece01"}
		{matrix34
			-0.7667 	 -0.5349 	 0.3549
			0.0985 	 0.4482 	 0.8885
			-0.6344 	 0.7162 	 -0.291
			1.5512 	 -2.0462 	 0.1702
		}
	}
	{"piece02"
		{box 0.685231 12.9164 12.7097}
		{bone "piece02"}
		{matrix34
			0.4882 	 0.5475 	 -0.6796
			-0.7933 	 0.603 	 -0.0841
			0.3638 	 0.5802 	 0.7287
			-0.314 	 -1.9338 	 -1.733
		}
	}
	{"piece03"
		{box 0.685231 8.13736 12.7097}
		{bone "piece03"}
		{matrix34
			-0.0855 	 -0.3322 	 0.9393
			-0.4278 	 0.8637 	 0.2665
			-0.8998 	 -0.3791 	 -0.216
			2.5139 	 0.4292 	 0.3441
		}
	}
	{"piece04"
		{box 0.685231 8.13736 12.7097}
		{bone "piece04"}
		{matrix34
			-0.9919 	 0.1099 	 0.0635
			0.0504 	 0.8 	 -0.5979
			-0.1165 	 -0.5898 	 -0.7991
			0.2945 	 0.9797 	 2.3613
		}
	}
	{"piece05"
		{box 0.685231 12.9164 12.7097}
		{bone "piece05"}
		{matrix34
			0.5748 	 -0.2655 	 -0.774
			-0.5366 	 0.5918 	 -0.6015
			0.6178 	 0.7611 	 0.1977
			-1.1498 	 -2.3493 	 -0.0034
		}
	}
	{"piece06"
		{box 11.3698 0.896632 4.77911}
		{bone "piece06"}
		{matrix34
			0.0128 	 0.9394 	 -0.3425
			-0.827 	 0.2025 	 0.5245
			0.5621 	 0.2765 	 0.7795
			-0.8732 	 -0.398 	 -1.2009
		}
	}
	{"piece07"
		{box 0.685231 8.13736 12.7097}
		{bone "piece07"}
		{matrix34
			0.896 	 -0.1588 	 0.4146
			0.081 	 0.9766 	 0.1991
			-0.4366 	 -0.1448 	 0.8879
			1.0105 	 -0.2314 	 -2.3553
		}
	}
	{"piece08"
		{box 11.3698 0.896632 4.77911}
		{bone "piece08"}
		{matrix34
			0.8187 	 0.5735 	 0.0282
			-0.5482 	 0.7952 	 -0.2592
			-0.1711 	 0.1967 	 0.9654
			-1.6229 	 -2.1571 	 -1.4402
		}
	}
	{"piece09"
		{box 0.685231 8.13736 12.7097}
		{bone "piece09"}
		{matrix34
			-0.2784 	 -0.2345 	 -0.9314
			0.8947 	 0.2893 	 -0.3403
			0.3493 	 -0.9281 	 0.1293
			-1.4118 	 2.1499 	 -0.0824
		}
	}
	{"piece10"
		{box 11.3698 0.896632 4.77911}
		{bone "piece10"}
		{matrix34
			-0.3393 	 -0.0858 	 -0.9368
			-0.7103 	 -0.6295 	 0.3149
			-0.6167 	 0.7722 	 0.1526
			2.1536 	 -0.6785 	 2.0645
		}
	}
	{"piece11"
		{box 11.6564 3.07534 1.25952}
		{bone "piece11"}
		{matrix34
			0.9693 	 -0.2113 	 -0.1253
			0.2422 	 0.9076 	 0.3428
			0.0413 	 -0.3626 	 0.931
			-1.2391 	 0.1131 	 -0.3701
		}
	}
	{"piece12"
		{box 0.685231 8.13736 12.7097}
		{bone "piece12"}
		{matrix34
			0.3682 	 0.9264 	 0.079
			-0.8684 	 0.373 	 -0.3267
			-0.3321 	 0.0516 	 0.9418
			1.3497 	 -0.3896 	 -2.1561
		}
	}
	{"piece13"
		{box 16.1592 0.464159 4.51844}
		{bone "piece13"}
		{matrix34
			0.9671 	 -0.181 	 0.179
			0.2064 	 0.9691 	 -0.1349
			-0.149 	 0.1674 	 0.9746
			0.0378 	 -0.0425 	 -0.2475
		}
	}
	{"piece14"
		{box 7.12468 3.95038 0.20916}
		{bone "piece14"}
		{Position 0.001 	 -0.3054 	 0.2323}
	}
	{"piece15"
		{box 7.12468 3.95038 0.20916}
		{bone "piece15"}
		{Position 0.001 	 0.1269 	 0.3108}
	}
	{"sub_piece01"
		{box 6.9373 0.960009 0.20916}
		{bone "sub_piece01"}
		{Position 0.1854 	 0.0164 	 0.089}
	}
	{"sub_piece02"
		{box 6.9373 0.960009 0.20916}
		{bone "sub_piece02"}
		{Position 0.1854 	 0.0164 	 0.089}
	}
	{"sub_piece03"
		{box 11.0709 0.464159 2.39904}
		{bone "sub_piece03"}
		{matrix34
			-0.9601 	 -0.2793 	 0.013
			0.267 	 -0.9298 	 -0.2533
			0.0829 	 -0.2397 	 0.9673
			-0.0078 	 0.0226 	 -0.0911
		}
	}
	{"sub_piece04"
		{box 8.66544 2.96852 0.451844}
		{bone "sub_piece04"}
		{Position 0 	 0.0215 	 0.032}
	}
	{"sub_piece05"
		{box 7.60127 2.31916 0.451844}
		{bone "sub_piece05"}
		{Position 0 	 0 	 0.032}
	}
	{"sub_piece06"
		{box 11.0709 0.464159 1.87425}
		{bone "sub_piece06"}
		{matrix34
			0.9884 	 0.1422 	 0.0525
			-0.1497 	 0.9703 	 0.1899
			-0.024 	 -0.1956 	 0.9804
			0.0013 	 0.0104 	 -0.0523
		}
	}
	{"sub_piece07"
		{box 1.42494 1.18511 3.92916}
		{bone "sub_piece07"}
		{Position 0.1932 	 0.1936 	 -2.3731}
	}
	{"sub_piece08"
		{box 6.9373 0.960009 0.20916}
		{bone "sub_piece08"}
		{Position 0.1855 	 0.0164 	 0.089}
	}
	{"sub_piece09"
		{box 13.6986 0.96412 0.7809}
		{bone "sub_piece09"}
		{matrix34
			0.9224 	 0.3441 	 -0.1754
			-0.3643 	 0.926 	 -0.099
			0.1284 	 0.1552 	 0.9795
			-0.0409 	 -0.0249 	 -0.3209
		}
	}
	{"sub_piece10"
		{box 13.6986 0.96412 0.7809}
		{bone "sub_piece10"}
		{matrix34
			0.9195 	 0.3562 	 -0.1663
			-0.3778 	 0.9176 	 -0.1236
			0.1086 	 0.1764 	 0.9783
			-0.0349 	 -0.0318 	 -0.321
		}
	}
	{"sub_piece11"
		{box 7.12468 3.95038 0.20916}
		{bone "sub_piece11"}
		{Position 0.001 	 0.1269 	 0.3108}
	}
	{"sub_piece12"
		{box 13.6986 0.96412 0.894256}
		{bone "sub_piece12"}
		{Position 0.01 	 0.0577 	 -0.3742}
	}
	{"sub_piece13"
		{box 7.12468 3.95038 0.20916}
		{bone "sub_piece13"}
		{Position 0.001 	 -0.3054 	 0.2323}
	}
	{"sub_piece14"
		{box 11.6564 3.07534 1.25952}
		{bone "sub_piece14"}
		{Position -1.1787 	 -0.3243 	 -0.4367}
	}
	{"sub_piece15"
		{box 9.85314 0.464159 3.84221}
		{bone "sub_piece15"}
		{matrix34
			0.928 	 0.3711 	 -0.0337
			-0.3301 	 0.8607 	 0.3875
			0.1728 	 -0.3485 	 0.9213
			-0.0388 	 -0.2184 	 -0.2417
		}
	}
}
