;Exported by: sana
;Date:        Tue Jan 03 16:00:59 2006
;File:        D:\-Project-\-3DWork-\Entourage\house_euro_104c\house_euro_104c_x.max
{Skeleton
	{bone "104c_corner6"
		{Orientation
			1	0	0
			0	-1	0
			0	0	1
		}
		{bone "piece3"
			{Position -16.2316	-8.12362	132.772}
			{poly "piece3"}
			{bone "sub_piece3"
				{Position 42.6906	0.00247192	0}
				{poly "sub_piece3"}
			}
		}
		{bone "piece0"
			{Position -21.2029	-0.489128	59.0511}
			{poly "piece0"}
			{bone "sub_piece0"
				{Position 26.215	-1.36718	0}
				{poly "sub_piece0"}
			}
		}
		{bone "piece1"
			{Position -38.011	-0.434093	136.334}
			{poly "piece1"}
		}
		{bone "piece2"
			{Position 14.15	16.3096	165.066}
			{poly "piece2"}
		}
		{bone "piece4"
			{Position -27.152	-14.5129	104.538}
			{poly "piece4"}
			{bone "sub_piece4"
				{Position -4.1497	0	-18.5254}
				{poly "sub_piece4"}
			}
		}
		{bone "piece5"
			{Position 18.2723	-14.5129	108.91}
			{poly "piece5"}
			{bone "sub_piece5"
				{Position -4.50724	0	-13.1008}
				{poly "sub_piece5"}
			}
		}
		{bone "piece6"
			{Position -28.8343	-14.5129	61.9598}
			{poly "piece6"}
			{bone "sub_piece6"
				{Position 16.8721	0	3.72025}
				{poly "sub_piece6"}
			}
		}
		{bone "piece7"
			{Position 16.6993	-14.5129	72.8062}
			{poly "piece7"}
		}
		{bone "piece8"
			{Position -49.0677	-11.9437	131.622}
			{poly "piece8"}
		}
		{bone "piece9"
			{Position -49.0677	19.7481	114.065}
			{poly "piece9"}
			{bone "sub_piece9"
				{Position 0	-4.31484	6.76983}
				{poly "sub_piece9"}
			}
		}
		{bone "piece10"
			{Position -49.0677	-6.51291	83.4891}
			{poly "piece10"}
		}
	}
}
{Volume "piece0"
	{Box 38.1864 23.765 7.87402}
	{Bone "piece0"}
	{Position -2.26641	0	0}
}
{Volume "piece10"
	{Box 7.00002 19.2209 31.8406}
	{Bone "piece10"}
	{Position 0	-0.0733032	0.309}
}
{Volume "piece1"
	{Box 3.93702 5.22351 47.5108}
	{Bone "piece1"}
	{Matrix34
		1	0	0
		0	0.812108	-0.583507
		0	0.583507	0.812108
		0	-0.0608932	0.0694864
	}
}
{Volume "piece2"
	{Box 67.2224 2.62199 42.6371}
	{Bone "piece2"}
	{Matrix34
		1	0	0
		0	0.812494	-0.582969
		0	0.582969	0.812494
		0	0.583121	0.915525
	}
}
{Volume "piece3"
	{Box 51.0603 2.33883 37.5344}
	{Bone "piece3"}
	{Matrix34
		1	0	0
		0	0.811987	-0.583676
		0	0.583676	0.811987
		0	0.907664	0.167981
	}
}
{Volume "piece4"
	{Box 29.4925 7 25.3546}
	{Bone "piece4"}
	{Position 0	0	1.11325}
}
{Volume "piece5"
	{Box 29.6407 7 16.6773}
	{Bone "piece5"}
	{Position 0	0	0.928072}
}
{Volume "piece6"
	{Box 23.5245 7 14.2863}
	{Bone "piece6"}
	{Matrix34
		0.860979	0	-0.508641
		0	1	0
		0.508641	0	0.860979
		1.16445	0	1.25469
	}
}
{Volume "piece7"
	{Box 20.9539 7 19.1147}
	{Bone "piece7"}
	{Matrix34
		0.992536	0	-0.121955
		0	1	0
		0.121955	0	0.992536
		-0.585402	0	-0.189459
	}
}
{Volume "piece8"
	{Box 7.00001 23.7019 19.1936}
	{Bone "piece8"}
	{Position 0	0.972061	-1.2886e-005}
}
{Volume "piece9"
	{Box 7.00001 16.8413 29.2145}
	{Bone "piece9"}
	{Matrix34
		1	0	0
		0	0.723388	-0.690441
		0	0.690441	0.723388
		0	2.4598	-2.83312
	}
}
{Volume "sub_piece0"
	{Box 31.2965 21.0307 7.87402}
	{Bone "sub_piece0"}
	{Position 2.37009	0	0}
}
{Volume "sub_piece3"
	{Box 44.6622 1.92376 37.2412}
	{Bone "sub_piece3"}
	{Matrix34
		1	0	0
		0	0.808302	-0.588768
		0	0.588768	0.808302
		0	1.36337	0.664209
	}
}
{Volume "sub_piece4"
	{Box 22.1342 7 12.6151}
	{Bone "sub_piece4"}
	{Matrix34
		0.977694	0	0.210034
		0	1	0
		-0.210034	0	0.977694
		0.214505	0	-0.0851086
	}
}
{Volume "sub_piece5"
	{Box 17.0817 7 12.8128}
	{Bone "sub_piece5"}
	{Matrix34
		0.977141	0	-0.212594
		0	1	0
		0.212594	0	0.977141
		-0.0171766	0	-0.304222
	}
}
{Volume "sub_piece6"
	{Box 13.4935 7 15.6397}
	{Bone "sub_piece6"}
	{Matrix34
		0.923281	0	0.384126
		0	1	0
		-0.384126	0	0.923281
		-0.276708	0	-0.324309
	}
}
{Volume "sub_piece9"
	{Box 7.00001 24.059 13.9542}
	{Bone "sub_piece9"}
	{Matrix34
		1	0	0
		0	0.6893	0.724476
		0	-0.724476	0.6893
		0	-2.43386	3.12851
	}
}
