;Exported by	: KobaA
;Date			: 01.11.2023 14:16:01
;File			: D:\git\gem2-mdl-soldiers\models\fence\fence_wood_r\fence_wood_r.max
{skeleton
	{bone "fence_wood_r4_basis"
		{orientation
			1 	 0 	 0
			0 	 -1 	 0
			0 	 0 	 1
		}
		{bone "fence_wood_r4"
			{matrix34
				0.9848 	 0.1736 	 0
				-0.1736 	 0.9848 	 0
				0 	 0 	 1
				-6.6401 	 -4.2819 	 8.2932
			}
			{poly "fence_wood_r4"}
			{bone "climb1"
				{matrix34
					-0.9659 	 0.2588 	 0
					-0.2588 	 -0.9659 	 0
					0 	 0 	 1
					13.6251 	 -3.0921 	 -8.2932
				}
			}
			{bone "climb2"
				{matrix34
					0.9659 	 -0.2588 	 0
					0.2588 	 0.9659 	 0
					0 	 0 	 1
					1.0919 	 0.4187 	 -8.2932
				}
			}
		}
	}
}
{obstacle "obstacle1"
	{obb2
		{center -3.52891 14.1346}
		{extent 8.92963 2.8248}
		{axis -0.987688 -0.156437}
	}
	{rotate}
}
{obstacle "obstacle2"
	{obb2
		{center 0.91011 -8.07527}
		{extent 3.32746 5.13484}
		{axis -0.999848 0.0174495}
	}
	{rotate}
}
{"volumes"
	{"body1"
		{box 0.948169 2.21992 22.9276}
		{bone "fence_wood_r4"}
		{matrix34
			0.1938 	 -0.1192 	 0.9738
			0.3429 	 0.9382 	 0.0466
			-0.9192 	 0.3248 	 0.2227
			-0.1195 	 -10.8999 	 -6.9246
		}
	}
	{"body2"
		{box 0.948169 2.21992 22.9276}
		{bone "fence_wood_r4"}
		{matrix34
			0.5097 	 -0.1774 	 0.8419
			0.2116 	 0.9743 	 0.0772
			-0.8339 	 0.1388 	 0.5342
			0.8581 	 -8.1189 	 -3.3537
		}
	}
	{"body3"
		{box 0.948169 2.21992 22.9276}
		{bone "fence_wood_r4"}
		{matrix34
			0.809 	 -0.1997 	 0.5528
			-0.0079 	 0.9367 	 0.3501
			-0.5877 	 -0.2876 	 0.7563
			2.3286 	 -6.7909 	 -0.905
		}
	}
	{"body4"
		{box 0.948169 2.21992 22.9276}
		{bone "fence_wood_r4"}
		{matrix34
			0.9301 	 -0.2087 	 0.3023
			0.1962 	 0.9779 	 0.0717
			-0.3106 	 -0.0074 	 0.9505
			6.7486 	 4.7038 	 0.3478
		}
	}
	{"body5"
		{box 0.948169 6.03818 24.5325}
		{bone "fence_wood_r4"}
		{matrix34
			0.9451 	 -0.2081 	 0.2521
			0.1962 	 0.9779 	 0.0717
			-0.2615 	 -0.0183 	 0.965
			7.6979 	 12.391 	 1.5626
		}
	}
}
