;Exported by	: KobaA
;Date			: 07.11.2023 13:58:00
;File			: D:\git\gem2-mdl-soldiers\models\fence\picket_fence\picket_fence.max
{skeleton
	{bone "picket_fence3_basis"
		{orientation
			1 	 0 	 0
			0 	 -1 	 0
			0 	 0 	 1
		}
		{bone "climb1"
			{matrix34
				0.9962 	 0.0872 	 0
				-0.0872 	 0.9962 	 0
				0 	 0 	 1
				-7.319 	 -0.3737 	 0
			}
		}
		{bone "climb2"
			{matrix34
				-0.9962 	 -0.0872 	 0
				0.0872 	 -0.9962 	 0
				0 	 0 	 1
				8.4882 	 1.0092 	 0
			}
		}
		{bone "picket_fence3"
			{matrix34
				0.9962 	 0.0872 	 0
				-0.0872 	 0.9962 	 0
				0 	 0 	 1
				12.1524 	 1.6871 	 13.0036
			}
			{poly "picket_fence3"}
		}
	}
}
{obstacle "obstacle1"
	{obb2
		{center -0.711259 -17.998}
		{extent 1.82087 10.8276}
		{axis -0.996195 0.0871558}
	}
	{rotate}
}
{obstacle "obstacle2"
	{obb2
		{center 2.45501 18.1925}
		{extent 1.82087 10.8276}
		{axis -0.996195 0.0871558}
	}
	{rotate}
}
{"volumes"
	{"body1"
		{box 3.21317 3.23276 33.5701}
		{bone "picket_fence3"}
		{matrix34
			0.5364 	 -0.0946 	 -0.8387
			0.1736 	 0.9848 	 0
			0.8259 	 -0.1456 	 0.5446
			-0.3464 	 24.2506 	 -6.2362
		}
	}
	{"body2"
		{box 3.21317 3.23276 33.5701}
		{bone "picket_fence3"}
		{matrix34
			0.9962 	 -0.0067 	 -0.0869
			0.0006 	 0.9976 	 -0.0698
			0.0872 	 0.0694 	 0.9938
			-9.0537 	 -26.9392 	 0.3209
		}
	}
	{"body3"
		{box 1.37951 8.11237 25.5707}
		{bone "picket_fence3"}
		{matrix34
			0.5446 	 0 	 -0.8387
			-0.0585 	 0.9976 	 -0.038
			0.8366 	 0.0698 	 0.5433
			-2.5541 	 21.7593 	 -3.5699
		}
	}
	{"body4"
		{box 1.37951 14.422 25.5707}
		{bone "picket_fence3"}
		{matrix34
			0.7991 	 -0.1564 	 -0.5805
			0.1266 	 0.9877 	 -0.0919
			0.5878 	 0 	 0.809
			-6.9429 	 -2.5717 	 -1.6665
		}
	}
	{"body5"
		{box 1.37951 7.99143 25.5707}
		{bone "picket_fence3"}
		{matrix34
			0.9903 	 -0.0012 	 -0.1392
			0.0061 	 0.9994 	 0.0344
			0.1391 	 -0.0349 	 0.9897
			-11.6138 	 -20.8273 	 0.4458
		}
	}
}
