;Exported by: sergienko
;Date:        Sat Jul 09 11:08:18 2005
;File:        D:\tmp\secret_doc_bag2\bag2.max
{Skeleton
	{bone "secret_doc_bag2"
		{Orientation
			1	0	0
			0	-1	0
			0	0	1
		}
		{LODView
			{VolumeView "secret_doc_bag2.ply"}
			{VolumeView "secret_doc_bag2_lod1.ply"}
		}
		{bone "run_holder"
			{Matrix34
				0	-0.989764	0.142711
				1	0	0
				0	0.142711	0.989764
				-0.676528	4.40053	0.667842
			}
		}
		{bone "handle"
			{Matrix34
				0	-0.989764	0.142711
				1	0	0
				0	0.142711	0.989764
				-0.676528	4.40053	0.667842
			}
		}
	}
}
{Volume "select"
	{Box 7.51767 2.80553 6.86789}
	{Bone "secret_doc_bag2"}
	{Matrix34
		1	0	0
		0	-0.142712	-0.989764
		0	0.989764	-0.142712
		0	-0.579895	1.02384
	}
}
{Volume "body"
	{Box 7.51767 2.80553 6.86789}
	{Bone "secret_doc_bag2"}
	{Matrix34
		1	0	0
		0	-0.142712	-0.989764
		0	0.989764	-0.142712
		0	-0.579895	1.02384
	}
}
{Extender "preview"
	{"Stuff"
		{camera
			{origin 6.87544	-3.61827	10.9239}
			{lookat -0.00469971	0.68192	0.392088}
			{fov 45}
			{horizon 121.714}
		}
		{lights
			{"0"
				{type directional}
				{direction 0	0.250935	-0.432472}
			}
			{"1"
				{type point}
				{position 6.87031	-8.91452	-5.81871}
			}
			{"2"
				{type point}
				{position -0.993122	-10.6188	3.1276}
			}
		}
	}
	{"Stuff_primary"
		{camera
			{origin 15.4563	-8.98147	24.0593}
			{lookat -0.00469971	0.68192	0.392088}
			{fov 45}
			{horizon 121.714}
		}
		{lights
			{"0"
				{type directional}
				{direction 0	0.250935	-0.432472}
			}
			{"1"
				{type point}
				{position 6.87031	-8.91452	-5.81871}
			}
			{"2"
				{type point}
				{position -0.993122	-10.6188	3.1276}
			}
		}
	}
	{"Stuff_secondary"
		{camera
			{origin 10.542	-6.17876	16.6739}
			{lookat -0.105978	0.476418	0.374341}
			{fov 45}
			{horizon 121.714}
		}
		{lights
			{"0"
				{type directional}
				{direction 0	0.250935	-0.432472}
			}
			{"1"
				{type point}
				{position 6.87031	-8.91452	-5.81871}
			}
			{"2"
				{type point}
				{position -0.993122	-10.6188	3.1276}
			}
		}
	}
}
