;Exported by	: Oleksandr Tsaprylov
;Date			: 03.02.2023 16:23:42
;File			: E:\projects\gem2-mdl-soldiers\models\entourage\shed_wood_destroyed\shed_wood_destroyed.max
{skeleton
	{bone "shed_wood_destroyed_piece_004_x"
		{orientation
			1 	 0 	 0
			0 	 -1 	 0
			0 	 0 	 1
		}
		{bone "piece06"
			{matrix34
				-0.9925 	 -0.0875 	 0.0858
				0.0002 	 0.699 	 0.7151
				-0.1226 	 0.7097 	 -0.6937
				13.0704 	 3.9798 	 74.126
			}
			{poly "piece06"}
		}
		{bone "piece12"
			{matrix34
				0.8843 	 -0.1969 	 0.4233
				0.181 	 0.9804 	 0.078
				-0.4304 	 0.0077 	 0.9026
				-4.2091 	 10.7108 	 33.9783
			}
			{poly "piece12"}
		}
		{bone "piece11"
			{matrix34
				-0.9984 	 0.0568 	 -0.0044
				-0.0242 	 -0.3541 	 0.9349
				0.0516 	 0.9335 	 0.3549
				11.4438 	 21.3851 	 63.7698
			}
			{poly "piece11"}
		}
		{bone "piece10"
			{matrix34
				0.9924 	 0.0868 	 0.0872
				-0.0872 	 0.9962 	 0
				-0.0868 	 -0.0076 	 0.9962
				12.3087 	 -8.6752 	 82.2258
			}
			{poly "piece10"}
		}
		{bone "piece08"
			{Position -5.5839 	 10.1735 	 64.9297}
			{poly "piece08"}
		}
		{bone "piece09"
			{Position 19.0892 	 19.6803 	 62.7653}
			{poly "piece09"}
		}
		{bone "piece04"
			{Position -2.9193 	 23.1855 	 60.1125}
			{poly "piece04"}
		}
		{bone "piece02"
			{matrix34
				-0.1736 	 -0.8067 	 0.5649
				0.9848 	 -0.1422 	 0.0996
				0 	 0.5736 	 0.8192
				32.6138 	 -30.7953 	 100.975
			}
			{poly "piece02"}
		}
		{bone "piece01"
			{matrix34
				0.0872 	 0.816 	 -0.5714
				-0.9962 	 0.0714 	 -0.05
				0 	 0.5736 	 0.8192
				-11.0716 	 -31.4021 	 101.151
			}
			{poly "piece01"}
		}
		{bone "piece13"
			{matrix34
				1 	 0 	 0
				0 	 0.6428 	 -0.766
				0 	 0.766 	 0.6428
				-7.6985 	 -11.3775 	 86.7052
			}
			{poly "piece13"}
		}
		{bone "piece05"
			{Position -37.047 	 -15.3846 	 69.2335}
			{poly "piece05"}
		}
		{bone "piece07"
			{Position -37.0955 	 1.5418 	 75.8226}
			{poly "piece07"}
		}
		{bone "piece03"
			{Position 8.7215 	 -33.1766 	 101.913}
			{poly "piece03"}
		}
	}
}
{"volumes"
	{"piece01"
		{box 15.6966 18.3923 1.08692}
		{bone "piece01"}
		{Position 0 	 0.2846 	 0.0165}
	}
	{"piece02"
		{box 16.3421 16.8737 1.08692}
		{bone "piece02"}
		{Position 0 	 1.4913 	 0.0076}
	}
	{"piece03"
		{box 2.0315 1.25483 33.4087}
		{bone "piece03"}
		{matrix34
			0 	 0.8192 	 -0.5736
			0 	 0.5736 	 0.8192
			1 	 0 	 0
			0.1955 	 -0.0167 	 0.0134
		}
	}
	{"piece04"
		{box 2.3622 2.98768 44.1188}
		{bone "piece04"}
		{matrix34
			1 	 0 	 0
			0 	 0.5736 	 0.8192
			0 	 -0.8192 	 0.5736
			0.0745 	 0.4887 	 -0.3433
		}
	}
	{"piece05"
		{box 2.3622 2.98768 34.8591}
		{bone "piece05"}
		{matrix34
			-1 	 0 	 0
			0 	 0 	 1
			0 	 1 	 0
			0.0042 	 0.2306 	 0.0913
		}
	}
	{"piece06"
		{box 6.59261 1.25483 33.5048}
		{bone "piece06"}
		{matrix34
			0 	 0 	 -1
			0 	 1 	 0
			1 	 0 	 0
			-1.3263 	 -0.1093 	 0.0161
		}
	}
	{"piece07"
		{box 2.3622 2.98768 54.7073}
		{bone "piece07"}
		{matrix34
			1 	 0 	 0
			0 	 0.5736 	 0.8192
			0 	 -0.8192 	 0.5736
			0.1113 	 0.171 	 -0.1606
		}
	}
	{"piece08"
		{box 2.3622 2.98768 51.7658}
		{bone "piece08"}
		{matrix34
			0 	 1 	 0
			0 	 0 	 1
			1 	 0 	 0
			-0.2991 	 -0.1114 	 0.0194
		}
	}
	{"piece09"
		{box 2.3622 2.98768 24.8006}
		{bone "piece09"}
		{matrix34
			1 	 0 	 0
			0 	 0.5736 	 0.8192
			0 	 -0.8192 	 0.5736
			0.1072 	 -0.3585 	 0.0514
		}
	}
	{"piece10"
		{box 1.58472 7.20607 23.5632}
		{bone "piece10"}
		{matrix34
			-0.0665 	 -0.5947 	 -0.8012
			-0.1943 	 -0.7799 	 0.595
			-0.9787 	 0.1952 	 -0.0637
			-0.8421 	 0.0297 	 -0.1996
		}
	}
	{"piece11"
		{box 1.58472 7.20607 23.5609}
		{bone "piece11"}
		{matrix34
			-0.034 	 -0.5726 	 -0.8192
			0.0386 	 -0.8198 	 0.5714
			-0.9987 	 -0.0122 	 0.05
			0.623 	 0.1239 	 0.1121
		}
	}
	{"piece12"
		{cylinder 2.0525 50.1884}
		{bone "piece12"}
		{matrix34
			0.8843 	 0.181 	 -0.4304
			-0.1969 	 0.9804 	 0.0077
			0.4233 	 0.078 	 0.9026
			1.9375 	 0.6105 	 -0.5049
		}
	}
	{"piece13"
		{box 1.41732 2.09138 50.702}
		{bone "piece13"}
		{matrix34
			0 	 -0.5736 	 0.8192
			0 	 -0.8192 	 -0.5736
			1 	 0 	 0
			-0.1058 	 -0.0349 	 0.0295
		}
	}
}
