;Exported by	: KobaA
;Date			: 18.01.2024 15:19:44
;File			: d:\git\gem2-mdl-soldiers\models\building\house_d\d_002_x_fort.max
{skeleton
	{bone "d002_piece02_point"
		{orientation
			1 	 0 	 0
			0 	 -1 	 0
			0 	 0 	 1
		}
		{bone "sub_piece02"
			{Position 0.3303 	 13.7948 	 9.1112}
			{poly "sub_piece02"}
		}
		{bone "sub_piece01"
			{Position 0.7025 	 27.9958 	 -18.9168}
			{poly "sub_piece01"}
		}
		{bone "sub_piece04"
			{matrix34
				-1 	 0 	 0
				0 	 -0.9976 	 -0.0698
				0 	 -0.0698 	 0.9976
				-23.9359 	 0.4325 	 10.45
			}
			{poly "sub_piece04"}
		}
		{bone "piece02"
			{Position -6.756 	 25.535 	 -8.0078}
			{poly "piece02"}
		}
		{bone "piece01"
			{Position 20.9294 	 25.535 	 -6.6934}
			{poly "piece01"}
		}
		{bone "sub_piece03"
			{Position -30.8586 	 25.5482 	 1.9215}
			{poly "sub_piece03"}
		}
	}
}
{"volumes"
	{"piece01"
		{box 25.264 5.90551 22.0584}
		{bone "piece01"}
		{Position -0.5348 	 0 	 0.7347}
	}
	{"piece02"
		{box 21.4744 5.90551 17.6467}
		{bone "piece02"}
		{Position 0.4136 	 0 	 0.7135}
	}
	{"sub_piece01"
		{box 68.4322 5.21986 1.83181}
		{bone "sub_piece01"}
		{Position 0 	 0 	 -0.0258}
	}
	{"sub_piece02"
		{box 41.9644 24.6554 0.984252}
		{bone "sub_piece02"}
		{matrix34
			1 	 0 	 0
			0 	 0.949 	 -0.3151
			0 	 0.3151 	 0.949
			3.7244 	 0.1551 	 0.4671
		}
	}
	{"sub_piece03"
		{box 18.0457 5.90551 14.7864}
		{bone "sub_piece03"}
		{Position -0.2665 	 0 	 0.1028}
	}
	{"sub_piece04"
		{box 1.9685 1.9685 53.652}
		{bone "sub_piece04"}
		{matrix34
			-1 	 0 	 0
			0 	 -0.375 	 0.927
			0 	 0.927 	 0.375
			0 	 -2.8285 	 -0.6667
		}
	}
}
