;Exported by:	 evhen
;Date:			 02.03.2020 15:46:41
;File:			 D:\gem2-mdl-soldiers\models\entourage\ru\cart_ru_001\cart_ru_003.max
{skeleton
	{bone "cart_ru_003_x"
		{orientation
			1 	 0 	 0
			0 	 -1 	 0
			0 	 0 	 1
		}
		{bone "piece08"
			{matrix34
				0.2588 	 0.6209 	 -0.7399
				0 	 0.766 	 0.6428
				0.9659 	 -0.1664 	 0.1983
				3.1127 	 15.9816 	 10.9387
			}
			{poly "piece08"}
		}
		{bone "sub_piece01"
			{matrix34
				0.9848 	 0.0151 	 0.173
				0.0151 	 0.9849 	 -0.1723
				-0.173 	 0.1723 	 0.9697
				-3.5192 	 33.5588 	 6.9658
			}
			{poly "sub_piece01"}
		}
		{bone "piece09"
			{matrix34
				0.761 	 -0.367 	 -0.535
				0.1507 	 0.9021 	 -0.4045
				0.631 	 0.2272 	 0.7418
				13.3457 	 -23.4232 	 8.9943
			}
			{poly "piece09"}
		}
		{bone "piece01"
			{matrix34
				0.9848 	 0.0151 	 0.173
				0.0151 	 0.9849 	 -0.1723
				-0.173 	 0.1723 	 0.9697
				-3.9706 	 -10.3772 	 8.8165
			}
			{poly "piece01"}
		}
		{bone "piece02"
			{matrix34
				0.9848 	 0.0151 	 0.173
				0.0151 	 0.9849 	 -0.1723
				-0.173 	 0.1723 	 0.9697
				4.395 	 -25.649 	 13.0227
			}
			{poly "piece02"}
		}
		{bone "piece04"
			{matrix34
				0.9848 	 0.0151 	 0.173
				0.0151 	 0.9849 	 -0.1723
				-0.173 	 0.1723 	 0.9697
				0.5629 	 -2.0863 	 8.1519
			}
			{poly "piece04"}
		}
		{bone "piece05"
			{matrix34
				0.9848 	 0.0151 	 0.173
				0.0151 	 0.9849 	 -0.1723
				-0.173 	 0.1723 	 0.9697
				10.3245 	 -8.4548 	 15.7782
			}
			{poly "piece05"}
		}
		{bone "sub_piece02"
			{matrix34
				0.9848 	 0.0151 	 0.173
				0.0151 	 0.9849 	 -0.1723
				-0.173 	 0.1723 	 0.9697
				3.6278 	 -25.865 	 19.8195
			}
			{poly "sub_piece02"}
		}
		{bone "piece07"
			{matrix34
				0.9848 	 0.0151 	 0.173
				0.0151 	 0.9849 	 -0.1723
				-0.173 	 0.1723 	 0.9697
				10.9618 	 -0.4277 	 9.7704
			}
			{poly "piece07"}
		}
		{bone "sub_piece03"
			{matrix34
				0.9848 	 0.0151 	 0.173
				0.0151 	 0.9849 	 -0.1723
				-0.173 	 0.1723 	 0.9697
				-11.6746 	 29.6264 	 6.7918
			}
			{poly "sub_piece03"}
		}
		{bone "piece03"
			{matrix34
				0.9848 	 0.0151 	 0.173
				0.0151 	 0.9849 	 -0.1723
				-0.173 	 0.1723 	 0.9697
				1.2432 	 23.3168 	 9.7494
			}
			{poly "piece03"}
		}
		{bone "sub_piece04"
			{matrix34
				0.9848 	 0.0151 	 0.173
				0.0151 	 0.9849 	 -0.1723
				-0.173 	 0.1723 	 0.9697
				-11.9123 	 -0.3326 	 8.3052
			}
			{poly "sub_piece04"}
		}
		{bone "sub_piece05"
			{matrix34
				0.9848 	 0.0151 	 0.173
				0.0151 	 0.9849 	 -0.1723
				-0.173 	 0.1723 	 0.9697
				-14.2487 	 21.229 	 12.3231
			}
			{poly "sub_piece05"}
		}
		{bone "piece06"
			{matrix34
				0.9848 	 0.0151 	 0.173
				0.0151 	 0.9849 	 -0.1723
				-0.173 	 0.1723 	 0.9697
				-14.1077 	 -20.9905 	 14.4016
			}
			{poly "piece06"}
		}
		{bone "fx_wood1"
			{matrix34
				0 	 1 	 0
				-1 	 0 	 0
				0 	 0 	 1
				0 	 -0.0076 	 0
			}
		}
		{bone "piece10"
			{matrix34
				-0.8215 	 0.314 	 0.476
				0.3715 	 0.928 	 0.0291
				-0.4326 	 0.2007 	 -0.879
				-12.9679 	 -23.4261 	 8.9473
			}
			{poly "piece10"}
		}
	}
}
{volume "piece01"
	{box 44.2248 3.99318 0.936382}
	{bone "piece01"}
	{matrix34
		0 	 1 	 0
		-1 	 0 	 0
		0 	 0 	 1
		0.0265 	 -0.2809 	 0.0204
	}
}
{volume "piece02"
	{box 13.5753 3.99318 0.94584}
	{bone "piece02"}
	{matrix34
		0 	 1 	 0
		-1 	 0 	 0
		0 	 0 	 1
		0.0322 	 -0.1241 	 -0.0679
	}
}
{volume "piece03"
	{box 3.8011 13.4171 0.94584}
	{bone "piece03"}
	{matrix34
		0 	 1 	 0
		-1 	 0 	 0
		0 	 0 	 1
		-0.5011 	 0.0396 	 0.0127
	}
}
{volume "piece04"
	{box 14.1322 3.99318 0.94584}
	{bone "piece04"}
	{matrix34
		0 	 1 	 0
		-1 	 0 	 0
		0 	 0 	 1
		0.0915 	 -0.0842 	 -0.0679
	}
}
{volume "piece05"
	{box 46.8689 0.690726 2.86533}
	{bone "piece05"}
	{matrix34
		0 	 1 	 0
		-0.891 	 0 	 0.454
		0.454 	 0 	 0.891
		0.0347 	 -0.0605 	 -0.0304
	}
}
{volume "piece06"
	{box 27.9348 1.32928 1.38585}
	{bone "piece06"}
	{matrix34
		-0.0175 	 0.9997 	 -0.0174
		-0.9998 	 -0.0174 	 0.0003
		0 	 0.0175 	 0.9998
		-0.0382 	 -0.0712 	 -0.0255
	}
}
{volume "piece07"
	{box 69.017 1.89252 2.02804}
	{bone "piece07"}
	{matrix34
		0 	 1 	 0
		-1 	 0 	 0
		0 	 0 	 1
		-0.0233 	 -0.0686 	 -0.0072
	}
}
{volume "piece08"
	{cylinder 6.8681 1.35135}
	{bone "piece08"}
	{matrix34
		0 	 1 	 0
		0 	 0 	 -1
		-1 	 0 	 0
		0.0073 	 0 	 0
	}
}
{volume "piece09"
	{cylinder 8.85985 1.35135}
	{bone "piece09"}
	{matrix34
		0 	 1 	 0
		0 	 0 	 -1
		-1 	 0 	 0
		0 	 0.2168 	 0
	}
}
{volume "piece10"
	{cylinder 8.85985 1.35135}
	{bone "piece10"}
	{matrix34
		0 	 1 	 0
		0 	 0 	 -1
		-1 	 0 	 0
		0 	 0.2168 	 0
	}
}
{volume "sub_piece01"
	{box 0.950274 18.1909 2.17581}
	{bone "sub_piece01"}
	{matrix34
		0.0174 	 0.9998 	 0.0006
		-0.9992 	 0.0175 	 -0.0349
		-0.0349 	 0 	 0.9994
		-0.0186 	 -0.0221 	 0.0116
	}
}
{volume "sub_piece02"
	{box 2.60647 1.56373 9.43029}
	{bone "sub_piece02"}
	{matrix34
		0 	 1 	 0
		-0.8746 	 0 	 0.4848
		0.4848 	 0 	 0.8746
		0.0603 	 0.0092 	 0.0768
	}
}
{volume "sub_piece03"
	{box 0.758319 0.805026 6.54354}
	{bone "sub_piece03"}
	{matrix34
		0 	 1 	 0
		-0.866 	 0 	 -0.5
		-0.5 	 0 	 0.866
		0.008 	 -0.0022 	 -0.038
	}
}
{volume "sub_piece04"
	{box 0.530823 0.579619 4.84222}
	{bone "sub_piece04"}
	{matrix34
		0 	 1 	 0
		-0.766 	 0 	 -0.6428
		-0.6428 	 0 	 0.766
		-0.018 	 -0.0039 	 0.0026
	}
}
{volume "sub_piece5"
	{box 23.6735 0.429284 1.38585}
	{bone "sub_piece05"}
	{matrix34
		-0.015 	 0.9996 	 0.0259
		-0.857 	 0.0005 	 -0.5153
		-0.515 	 -0.0299 	 0.8566
		-0.0194 	 0.0391 	 -0.0476
	}
}
