;Exported by:	 tolokolnikova
;Date:			 07.06.2018 10:53:31
;File:			 D:\gem2\gem2-mdl-soldiers\models\building\building_ua01\building_08_v02_x.max
{skeleton
	{bone "b_ua_08_piece02_point"
		{orientation
			1 	 0 	 0
			0 	 -1 	 0
			0 	 0 	 1
		}
		{bone "b_ua_08_piece02"
			{Position -32.9129 	 -15.1932 	 -58.5835}
			{poly "b_ua_08_piece02"}
		}
		{bone "piece09"
			{matrix34
				-0.7084 	 -0.1736 	 -0.6841
				-0.1249 	 0.9848 	 -0.1206
				-0.6947 	 0 	 0.7193
				7.49 	 47.8759 	 16.8549
			}
			{poly "piece09"}
		}
		{bone "piece01"
			{Position 23.1796 	 -28.7969 	 -14.5566}
			{poly "piece01"}
		}
		{bone "piece02"
			{Position 23.1796 	 25.2189 	 -12.4595}
			{poly "piece02"}
		}
		{bone "piece03"
			{Position 23.1796 	 29.9121 	 -2.4075}
			{poly "piece03"}
		}
		{bone "piece04"
			{Position -5.9638 	 -7.1003 	 30.2724}
			{poly "piece04"}
		}
		{bone "piece05"
			{matrix34
				-0.7193 	 0 	 -0.6947
				0 	 1 	 0
				-0.6947 	 0 	 0.7193
				15.164 	 -26.8447 	 9.2469
			}
			{poly "piece05"}
		}
		{bone "piece06"
			{Position 17.9826 	 22.9183 	 6.6577}
			{poly "piece06"}
		}
		{bone "piece07"
			{Position 9.6285 	 -14.8782 	 -0.1627}
			{poly "piece07"}
		}
		{bone "piece08"
			{Position -24.92 	 19.3519 	 -0.1627}
			{poly "piece08"}
		}
		{bone revolute "attach1"
			{Position 4.4655 	 8.2089 	 -48.1848}
		}
		{bone "fort_wall"
			{matrix34
				0 	 -1 	 0
				1 	 0 	 0
				0 	 0 	 1
				32.7619 	 8.4265 	 -45.9415
			}
		}
		{bone "stones_001"
			{parameters "commonmesh;land;ground;"}
			{matrix34
				-1 	 0 	 0
				0 	 -1 	 0
				0 	 0 	 1
				36.7123 	 16.4347 	 -52.2407
			}
			{poly "stones_001" {ground}}
		}
		{bone "debris_land_001"
			{parameters "commonmesh;land;ground;"}
			{matrix34
				-1 	 0 	 0
				0 	 -1 	 0
				0 	 0 	 1
				36.7123 	 16.4347 	 -52.2407
			}
			{poly "debris_land_001" {ground}}
		}
	}
}
{volume "piece01"
	{box 5.97262 11.2731 6.68862}
	{bone "piece01"}
	{Position 0 	 -0.6127 	 -0.1596}
}
{volume "piece02"
	{box 5.97262 23.3812 6.68862}
	{bone "piece02"}
	{Position 0 	 -0.1698 	 -0.2099}
}
{volume "piece03"
	{box 5.97262 41.7521 6.68862}
	{bone "piece03"}
	{Position 0 	 1.7866 	 0.0111}
}
{volume "piece04"
	{box 1.67361 23.4502 14.5534}
	{bone "piece04"}
	{matrix34
		0.7071 	 0 	 0.7071
		0 	 1 	 0
		-0.7071 	 0 	 0.7071
		0.2489 	 0.5969 	 2.811
	}
}
{volume "piece05"
	{box 3.08864 2.75803 24.3042}
	{bone "piece05"}
	{matrix34
		-0.9998 	 0 	 0.0175
		0 	 1 	 0
		0.0175 	 0 	 0.9998
		0.3206 	 2.1111 	 0.0928
	}
}
{volume "piece06"
	{box 1.67361 23.4502 14.5534}
	{bone "piece06"}
	{matrix34
		0.7071 	 0 	 0.7071
		0 	 1 	 0
		-0.7071 	 0 	 0.7071
		0.4012 	 -0.1595 	 2.7092
	}
}
{volume "piece07"
	{box 4.7781 28.7588 1.11031}
	{bone "piece07"}
	{matrix34
		0 	 -1 	 0
		1 	 0 	 0
		0 	 0 	 1
		-0.122 	 -0.1676 	 0.1504
	}
}
{volume "piece08"
	{box 4.7781 28.7588 1.11031}
	{bone "piece08"}
	{matrix34
		0 	 -1 	 0
		1 	 0 	 0
		0 	 0 	 1
		0.1353 	 -0.2211 	 0.1504
	}
}
{volume "piece09"
	{box 3.08864 2.75803 24.3042}
	{bone "piece09"}
	{matrix34
		-0.9847 	 -0.1736 	 0.0175
		-0.1736 	 0.9848 	 0
		0.0172 	 0.003 	 0.9998
		0.2591 	 -0.0764 	 -1.7478
	}
}
{volume "target_vol_001"
	{box 9.84252 9.84252 15.6501}
	{bone "b_ua_08_piece02_point"}
	{matrix34
		1 	 0 	 0
		0 	 1 	 0
		0 	 0 	 1
		4.4655 	 8.2089 	 -34.0532
	}
}
{volume "vol_01"
	{box 6.29921 32.096 18.9157}
	{bone "b_ua_08_piece02"}
	{Position 55.9328 	 25.1798 	 9.4659}
}
{volume "vol_02"
	{polyhedron}
	{bone "b_ua_08_piece02"}
	{Position 55.9328 	 35.7242 	 19.1375}
}
{volume "vol_03"
	{box 6.29921 20.8624 6.62051}
	{bone "b_ua_08_piece02"}
	{Position 55.9328 	 29.8146 	 36.2962}
}
{volume "vol_04"
	{box 6.29921 18.9367 25.9146}
	{bone "b_ua_08_piece02"}
	{Position 55.9328 	 -17.2165 	 12.9653}
}
