;Exported by:	 Oleksandr Tsaprylov
;Date:			 19.07.2022 18:19:07
;File:			 E:\projects\gem2-mdl-soldiers\models\entourage\bridge_wood\bridge_wood_02.max
{skeleton
	{bone "bridge_wood_05_piece_002_x"
		{orientation
			1 	 0 	 0
			0 	 -1 	 0
			0 	 0 	 1
		}
		{bone "piece02"
			{matrix34
				0.2624 	 0.965 	 0.0035
				0.5255 	 -0.1399 	 -0.8392
				-0.8093 	 0.2221 	 -0.5438
				5.8484 	 1.3232 	 8.8819
			}
			{poly "piece02"}
		}
		{bone "piece01"
			{matrix34
				0.3389 	 0.3422 	 -0.8764
				0.0725 	 -0.9382 	 -0.3383
				-0.938 	 0.0511 	 -0.3428
				0.867 	 -15.0827 	 0.1461
			}
			{poly "piece01"}
		}
	}
}
{volume "piece01"
	{box 1.87913 1.78195 19.7701}
	{bone "piece01"}
	{matrix34
		0.3389 	 0.0725 	 -0.938
		0.7166 	 0.6262 	 0.3073
		0.6097 	 -0.7763 	 0.1603
		2.0894 	 -1.9379 	 -1.2467
	}
}
{volume "piece02"
	{box 2.84877 42.8177 2.0092}
	{bone "piece02"}
	{matrix34
		0.2624 	 0.5255 	 -0.8093
		0.9604 	 -0.2239 	 0.166
		-0.0939 	 -0.8208 	 -0.5635
		-1.7935 	 -2.5301 	 1.661
	}
}
