;Exported by	: KobaA
;Date			: 04.03.2024 17:09:10
;File			: d:\git\gem2-mdl-soldiers\models\building\france_mill\france_mill_x.max
{skeleton
	{bone "france_mill_piece07_point"
		{orientation
			1 	 0 	 0
			0 	 -1 	 0
			0 	 0 	 1
		}
		{bone "piece01"
			{matrix34
				0.6221 	 0.7829 	 0
				-0.7829 	 0.6221 	 0
				0 	 0 	 1
				5.6292 	 -9.8348 	 -3.5025
			}
			{poly "piece01"}
		}
		{bone "piece02"
			{matrix34
				0.6221 	 0.7829 	 0
				-0.7829 	 0.6221 	 0
				0 	 0 	 1
				0.1686 	 -11.3648 	 -21.4917
			}
			{poly "piece02"}
		}
		{bone "piece03"
			{matrix34
				0.4655 	 0.8851 	 0
				-0.8851 	 0.4655 	 0
				0 	 0 	 1
				27.0949 	 5.7793 	 -11.7585
			}
			{poly "piece03"}
		}
		{bone "sub_piece01"
			{matrix34
				-0.0165 	 0.6426 	 -0.766
				-0.9997 	 -0.0257 	 0
				-0.0197 	 0.7658 	 0.6428
				7.4382 	 3.3653 	 12.1855
			}
			{poly "sub_piece01"}
		}
		{bone "sub_piece02"
			{matrix34
				-0.009 	 0.6427 	 -0.766
				-0.9999 	 -0.014 	 0
				-0.0107 	 0.766 	 0.6428
				-7.4086 	 7.4858 	 12.1734
			}
			{poly "sub_piece02"}
		}
		{bone "sub_piece03"
			{matrix34
				0.6221 	 0.7829 	 0
				-0.7829 	 0.6221 	 0
				0 	 0 	 1
				15.8466 	 -4.4231 	 -19.8379
			}
			{poly "sub_piece03"}
		}
		{bone "sub_piece04"
			{matrix34
				0.8607 	 0.5091 	 0
				-0.5091 	 0.8607 	 0
				0 	 0 	 1
				-12.1907 	 -14.1661 	 -19.1305
			}
			{poly "sub_piece04"}
		}
		{bone "sub_piece05"
			{matrix34
				0.8142 	 0.5806 	 0
				-0.5806 	 0.8142 	 0
				0 	 0 	 1
				-11.4745 	 -13.281 	 -29.8618
			}
			{poly "sub_piece05"}
		}
		{bone "sub_piece06"
			{matrix34
				0.9228 	 0.3852 	 0
				-0.3852 	 0.9228 	 0
				0 	 0 	 1
				-22.1962 	 -12.8841 	 -27.9513
			}
			{poly "sub_piece06"}
		}
		{bone "sub_piece07"
			{matrix34
				0.9281 	 0.3724 	 0
				-0.3724 	 0.9281 	 0
				0 	 0 	 1
				-9.4578 	 -13.7143 	 7.1895
			}
			{poly "sub_piece07"}
		}
	}
}
{"volumes"
	{"piece01"
		{box 6.88976 15.0629 10.429}
		{bone "piece01"}
		{matrix34
			-0.4843 	 -0.8749 	 0
			0.8749 	 -0.4843 	 0
			0 	 0 	 1
			0.3506 	 -0.0519 	 -0.4646
		}
	}
	{"piece02"
		{box 6.88976 12.0503 12.2019}
		{bone "piece02"}
		{matrix34
			-0.4843 	 -0.8749 	 0
			0.8749 	 -0.4843 	 0
			0 	 0 	 1
			0.6042 	 -0.3345 	 0.74
		}
	}
	{"piece03"
		{box 6.93383 8.38878 5.63728}
		{bone "piece03"}
		{matrix34
			-0.2252 	 -0.9743 	 0
			0.9743 	 -0.2252 	 0
			0 	 0 	 1
			-0.094 	 -0.2616 	 -0.0767
		}
	}
	{"sub_piece01"
		{box 3.16929 12.3036 4.06136}
		{bone "sub_piece01"}
		{matrix34
			-0.0035 	 -1 	 -0.0042
			0.6428 	 -0.0055 	 0.766
			-0.766 	 0 	 0.6428
			0.2514 	 0 	 -0.211
		}
	}
	{"sub_piece02"
		{box 3.16929 12.3036 4.06136}
		{bone "sub_piece02"}
		{matrix34
			-0.0035 	 -1 	 -0.0042
			0.6428 	 -0.0055 	 0.766
			-0.766 	 0 	 0.6428
			0.2514 	 0 	 -0.211
		}
	}
	{"sub_piece03"
		{box 6.93383 7.29824 5.63728}
		{bone "sub_piece03"}
		{matrix34
			-0.2741 	 -0.9617 	 0
			0.9617 	 -0.2741 	 0
			0 	 0 	 1
			0.4171 	 -0.1189 	 -0.0119
		}
	}
	{"sub_piece04"
		{box 6.93383 8.38543 3.45388}
		{bone "sub_piece04"}
		{matrix34
			-0.461 	 -0.8874 	 0
			0.8874 	 -0.461 	 0
			0 	 0 	 1
			0.0947 	 0.3336 	 0.0126
		}
	}
	{"sub_piece05"
		{box 6.93383 5.11511 5.63728}
		{bone "sub_piece05"}
		{matrix34
			-0.4955 	 -0.8686 	 0
			0.8686 	 -0.4955 	 0
			0 	 0 	 1
			-0.2531 	 -0.4437 	 0.1263
		}
	}
	{"sub_piece06"
		{box 6.93383 5.11511 5.63728}
		{bone "sub_piece06"}
		{matrix34
			-0.4955 	 -0.8686 	 0
			0.8686 	 -0.4955 	 0
			0 	 0 	 1
			-0.2531 	 -0.4437 	 0.1263
		}
	}
	{"sub_piece07"
		{box 6.93383 7.29824 5.63728}
		{bone "sub_piece07"}
		{matrix34
			-0.2741 	 -0.9617 	 0
			0.9617 	 -0.2741 	 0
			0 	 0 	 1
			0.4171 	 -0.1189 	 -0.0119
		}
	}
}
