;Exported by:	 tolokolnikova
;Date:			 16.09.2016 14:26:51
;File:			 D:\gem2\gem2-mdl-soldiers\models\building\church\ch1_New3_1713_tower.max
{skeleton
	{bone "basis_tower"
		{orientation
			1 	 0 	 0
			0 	 -1 	 0
			0 	 0 	 1
		}
		{bone "ch_tower"
			{Position -2.7248 	 6.736 	 177.847}
			{poly "ch_tower"}
		}
		{bone "land"
			{parameters "land;ground;"}
			{Position 55.9686 	 0.2404 	 5.9055}
			{poly "land" {ground}}
		}
		{bone "attach1"
			{matrix34
				0 	 -1 	 0
				1 	 0 	 0
				0 	 0 	 1
				0.1102 	 -18.7387 	 110.316
			}
		}
		{bone "attach2"
			{matrix34
				0 	 -1 	 0
				1 	 0 	 0
				0 	 0 	 1
				0.1102 	 -18.7353 	 187.345
			}
		}
		{bone "attach3"
			{matrix34
				0 	 1 	 0
				-1 	 0 	 0
				0 	 0 	 1
				0.1046 	 18.6332 	 187.345
			}
		}
		{bone "attach4"
			{parameters "lastpose=undefined;"}
			{matrix34
				0 	 1 	 0
				-1 	 0 	 0
				0 	 0 	 1
				0.1046 	 18.6193 	 110.316
			}
		}
		{bone "line279"
			{matrix34
				1 	 0 	 0
				0 	 0 	 1
				0 	 -1 	 0
				-3.9962 	 34.1293 	 147.327
			}
			{poly "line279"}
		}
		{bone "line280"
			{matrix34
				1 	 0 	 0
				0 	 0 	 1
				0 	 -1 	 0
				3.9465 	 34.1293 	 147.327
			}
			{poly "line280"}
		}
		{bone "line295"
			{matrix34
				-1 	 0 	 0
				0 	 0 	 1
				0 	 -1 	 0
				-3.9645 	 34.1822 	 228.517
			}
			{poly "line295"}
		}
		{bone "line296"
			{matrix34
				1 	 0 	 0
				0 	 0 	 1
				0 	 -1 	 0
				3.9785 	 34.1822 	 228.517
			}
			{poly "line296"}
		}
		{bone "line297"
			{matrix34
				-1 	 0 	 0
				0 	 0 	 1
				0 	 1 	 0
				-3.9926 	 -33.877 	 147.327
			}
			{poly "line297"}
		}
		{bone "line298"
			{matrix34
				-1 	 0 	 0
				0 	 0 	 1
				0 	 1 	 0
				3.9501 	 -33.877 	 147.327
			}
			{poly "line298"}
		}
		{bone "line299"
			{matrix34
				-1 	 0 	 0
				0 	 0 	 1
				0 	 1 	 0
				-4.0246 	 -33.9298 	 228.517
			}
			{poly "line299"}
		}
		{bone "line300"
			{matrix34
				1 	 0 	 0
				0 	 0 	 1
				0 	 1 	 0
				3.9184 	 -33.9298 	 228.517
			}
			{poly "line300"}
		}
		{bone "shape001"
			{matrix34
				-1 	 0 	 0
				0 	 0 	 -1
				0 	 1 	 0
				-0.002 	 34.1382 	 159.161
			}
			{poly "shape001"}
		}
		{bone "shape153"
			{matrix34
				-1 	 0 	 0
				0 	 0 	 -1
				0 	 -1 	 0
				-0.002 	 -34.1353 	 240.511
			}
			{poly "shape153"}
		}
	}
}
{obstacle "body14"
	{obb2
		{center 0.199024 37.6736}
		{extent 45.1181 7.87402}
		{axis 1 0}
	}
	{rotate}
	{Tags "body"}
}
{obstacle "body16"
	{obb2
		{center -39.2865 49.7183}
		{extent 5.41339 5.90551}
		{axis 1 0}
	}
	{rotate}
	{Tags "body"}
}
{obstacle "body18"
	{obb2
		{center 39.4462 49.7183}
		{extent 5.41339 5.90551}
		{axis 1 0}
	}
	{rotate}
	{Tags "body"}
}
{obstacle "body1"
	{obb2
		{center 38.5851 -50.1133}
		{extent 5.41339 5.90551}
		{axis 1 0}
	}
	{rotate}
	{Tags "body"}
}
{obstacle "body20"
	{obb2
		{center 49.7099 39.3133}
		{extent 5.90554 5.41339}
		{axis 1 0}
	}
	{rotate}
	{Tags "body"}
}
{obstacle "body22"
	{obb2
		{center 37.7432 -0.640656}
		{extent 7.87402 43.4267}
		{axis 1 0}
	}
	{rotate}
	{Tags "body"}
}
{obstacle "body23"
	{obb2
		{center -49.7411 -38.9548}
		{extent 5.90554 5.41339}
		{axis 1 0}
	}
	{rotate}
	{Tags "body"}
}
{obstacle "body24"
	{obb2
		{center 49.7099 -39.2696}
		{extent 5.90554 5.41339}
		{axis 1 0}
	}
	{rotate}
	{Tags "body"}
}
{obstacle "body25"
	{obb2
		{center -37.3923 -29.2564}
		{extent 7.87402 14.7638}
		{axis 1 0}
	}
	{rotate}
	{Tags "body"}
}
{obstacle "body26"
	{obb2
		{center -49.7411 38.6812}
		{extent 5.90554 5.41339}
		{axis 1 0}
	}
	{rotate}
	{Tags "body"}
}
{obstacle "body27"
	{obb2
		{center -37.3923 29.3511}
		{extent 7.87402 14.7638}
		{axis 1 0}
	}
	{rotate}
	{Tags "body"}
}
{obstacle "body3"
	{obb2
		{center -38.7914 -50.1133}
		{extent 5.41339 5.90551}
		{axis 1 0}
	}
	{rotate}
	{Tags "body"}
}
{obstacle "body5"
	{obb2
		{center -22.0406 -37.6745}
		{extent 11.7168 7.87402}
		{axis 1 0}
	}
	{rotate}
	{Tags "body"}
}
{obstacle "body7"
	{obb2
		{center 21.9829 -37.6745}
		{extent 11.4238 7.87402}
		{axis 1 0}
	}
	{rotate}
	{Tags "body"}
}
{obstacle "door1"
	{obb2
		{center -33.001 14.7853}
		{extent 7.92097 0.492476}
		{axis 0.996199 0.0871117}
	}
	{rotate}
	{Tags "body"}
}
{obstacle "door2"
	{obb2
		{center 9.34338 -35.9832}
		{extent 0.492126 7.92094}
		{axis 1 0}
	}
	{rotate}
	{Tags "body"}
}
{volume "body10"
	{polyhedron}
	{bone "basis_tower"}
	{matrix34
		0 	 1 	 0
		-1 	 0 	 0
		0 	 0 	 1
		14.6435 	 -33.919 	 252.557
	}
}
{volume "body11"
	{polyhedron}
	{bone "basis_tower"}
	{matrix34
		0 	 1 	 0
		-1 	 0 	 0
		0 	 0 	 1
		14.6435 	 33.7714 	 252.309
	}
}
{volume "body12"
	{polyhedron}
	{bone "basis_tower"}
	{matrix34
		0 	 -1 	 0
		1 	 0 	 0
		0 	 0 	 1
		-14.178 	 -33.919 	 252.557
	}
}
{volume "body13"
	{polyhedron}
	{bone "basis_tower"}
	{matrix34
		0 	 -1 	 0
		1 	 0 	 0
		0 	 0 	 1
		-14.178 	 33.7714 	 252.309
	}
}
{volume "body14"
	{box 90.2362 15.748 118.11}
	{bone "basis_tower"}
	{Position 0.199 	 -37.6736 	 51.1811}
}
{volume "body15"
	{box 8.26772 75.1969 143.504}
	{bone "basis_tower"}
	{matrix34
		0 	 1 	 0
		-1 	 0 	 0
		0 	 0 	 1
		-0.5078 	 33.8777 	 181.201
	}
}
{volume "body16"
	{box 10.8268 11.811 101.28}
	{bone "basis_tower"}
	{Position -39.2865 	 -49.7183 	 42.7657}
}
{volume "body17"
	{polyhedron}
	{bone "basis_tower"}
	{matrix34
		-1 	 0 	 0
		0 	 -1 	 0
		0 	 0 	 1
		-34.3357 	 14.2771 	 252.681
	}
}
{volume "body18"
	{box 10.8268 11.811 101.28}
	{bone "basis_tower"}
	{Position 39.4462 	 -49.7183 	 42.7657}
}
{volume "body19"
	{polyhedron}
	{bone "basis_tower"}
	{Position -34.3357 	 -14.5443 	 252.681}
}
{volume "body1"
	{box 10.8268 11.811 101.28}
	{bone "basis_tower"}
	{Position 38.5851 	 50.1133 	 42.7657}
}
{volume "body20"
	{box 10.8268 11.811 101.28}
	{bone "basis_tower"}
	{matrix34
		0 	 1 	 0
		-1 	 0 	 0
		0 	 0 	 1
		49.7099 	 -39.3133 	 42.7657
	}
}
{volume "body21"
	{box 8.26772 75.1969 143.701}
	{bone "basis_tower"}
	{Position -34.1893 	 -0.0704 	 181.299}
}
{volume "body22"
	{box 15.748 86.8534 118.11}
	{bone "basis_tower"}
	{Position 37.7432 	 0.6407 	 51.1811}
}
{volume "body23"
	{box 10.8268 11.811 101.28}
	{bone "basis_tower"}
	{matrix34
		0 	 1 	 0
		-1 	 0 	 0
		0 	 0 	 1
		-49.7411 	 38.9548 	 44.7343
	}
}
{volume "body24"
	{box 10.8268 11.811 101.28}
	{bone "basis_tower"}
	{matrix34
		0 	 1 	 0
		-1 	 0 	 0
		0 	 0 	 1
		49.7099 	 39.2696 	 42.7657
	}
}
{volume "body25"
	{box 15.748 29.5276 118.11}
	{bone "basis_tower"}
	{Position -37.3923 	 29.2564 	 51.1811}
}
{volume "body26"
	{box 10.8268 11.811 101.28}
	{bone "basis_tower"}
	{matrix34
		0 	 1 	 0
		-1 	 0 	 0
		0 	 0 	 1
		-49.7411 	 -38.6812 	 44.7343
	}
}
{volume "body27"
	{box 15.748 29.5276 118.11}
	{bone "basis_tower"}
	{Position -37.3923 	 -29.3511 	 51.1811}
}
{volume "body28"
	{box 15.748 29.5276 55.1181}
	{bone "basis_tower"}
	{Position -37.3923 	 -0.0683 	 82.7446}
}
{volume "body2"
	{polyhedron}
	{bone "basis_tower"}
	{Position 33.708 	 -14.5443 	 252.155}
}
{volume "body3"
	{box 10.8268 11.811 101.28}
	{bone "basis_tower"}
	{Position -38.7914 	 50.1133 	 42.7657}
}
{volume "body4"
	{polyhedron}
	{bone "basis_tower"}
	{matrix34
		-1 	 0 	 0
		0 	 -1 	 0
		0 	 0 	 1
		33.708 	 14.2771 	 252.155
	}
}
{volume "body5"
	{box 23.4335 15.748 118.11}
	{bone "basis_tower"}
	{Position -22.0406 	 37.6745 	 51.1811}
}
{volume "body6"
	{box 8.26772 75.1969 143.701}
	{bone "basis_tower"}
	{Position 33.9008 	 -0.0704 	 181.299}
}
{volume "body7"
	{box 22.8477 15.748 118.11}
	{bone "basis_tower"}
	{Position 21.9829 	 37.6745 	 51.1811}
}
{volume "body8"
	{polyhedron}
	{bone "basis_tower"}
	{matrix34
		0 	 1 	 0
		-1 	 0 	 0
		0 	 0 	 1
		-0.5078 	 -33.9191 	 109.449
	}
}
{volume "body9"
	{box 20.9228 15.748 54.1339}
	{bone "basis_tower"}
	{Position 0.1378 	 37.6745 	 82.7183}
}
{volume "door1"
	{box 0.984252 15.8419 47.2441}
	{bone "basis_tower"}
	{matrix34
		-0.0872 	 -0.9962 	 0
		0.9962 	 -0.0872 	 0
		0 	 0 	 1
		-33.001 	 -14.7853 	 29.5276
	}
}
{volume "door2"
	{box 0.984252 15.8419 47.2441}
	{bone "basis_tower"}
	{Position 9.3434 	 35.9832 	 29.5276}
}
{volume "hole1"
	{box 18.5709 18.2941 29.5465}
	{bone "basis_tower"}
	{matrix34
		0 	 -1 	 0
		1 	 0 	 0
		0 	 0 	 1
		-0.019 	 -30.7805 	 144.084
	}
}
{volume "hole2"
	{box 18.5709 18.2941 29.5465}
	{bone "basis_tower"}
	{matrix34
		0 	 -1 	 0
		1 	 0 	 0
		0 	 0 	 1
		0.1221 	 -30.7805 	 225.352
	}
}
{volume "hole3"
	{box 18.5709 18.2941 29.5465}
	{bone "basis_tower"}
	{matrix34
		0 	 -1 	 0
		1 	 0 	 0
		0 	 0 	 1
		-0.4077 	 32.3934 	 225.36
	}
}
{volume "hole4"
	{box 18.5709 18.2941 29.5465}
	{bone "basis_tower"}
	{matrix34
		0 	 -1 	 0
		1 	 0 	 0
		0 	 0 	 1
		-0.4077 	 32.3934 	 144.029
	}
}
{volume "roof10"
	{box 47.073 2.71887 42.5778}
	{bone "basis_tower"}
	{matrix34
		1 	 0 	 0
		0 	 0.9659 	 0.2588
		0 	 -0.2588 	 0.9659
		-0.2128 	 26.2672 	 275.781
	}
}
{volume "roof11"
	{box 47.073 2.71887 41.3004}
	{bone "basis_tower"}
	{matrix34
		-1 	 0 	 0
		0 	 -0.9659 	 0.2588
		0 	 0.2588 	 0.9659
		0.8617 	 -26.194 	 275.164
	}
}
{volume "roof12"
	{box 47.073 2.71887 36.1911}
	{bone "basis_tower"}
	{matrix34
		0 	 1 	 0
		-0.9659 	 0 	 0.2588
		0.2588 	 0 	 0.9659
		-27.1974 	 0.786 	 272.697
	}
}
{volume "roof1"
	{box 44.3686 11.811 1.9685}
	{bone "basis_tower"}
	{matrix34
		0 	 -0.7071 	 -0.7071
		1 	 0 	 0
		0 	 -0.7071 	 0.7071
		32.9067 	 -15.1339 	 268.617
	}
}
{volume "roof2"
	{box 44.3686 11.811 1.9685}
	{bone "basis_tower"}
	{matrix34
		0 	 0.7071 	 -0.7071
		-1 	 0 	 0
		0 	 0.7071 	 0.7071
		32.9414 	 14.9887 	 268.617
	}
}
{volume "roof3"
	{box 44.3686 11.811 1.9685}
	{bone "basis_tower"}
	{matrix34
		0.7071 	 0 	 -0.7071
		0 	 1 	 0
		0.7071 	 0 	 0.7071
		15.0962 	 33.1646 	 268.854
	}
}
{volume "roof4"
	{box 44.3686 11.811 1.9685}
	{bone "basis_tower"}
	{matrix34
		-0.7071 	 0 	 -0.7071
		0 	 -1 	 0
		-0.7071 	 0 	 0.7071
		-15.0264 	 33.2492 	 268.854
	}
}
{volume "roof5"
	{box 44.3686 11.811 1.9685}
	{bone "basis_tower"}
	{matrix34
		0 	 0.7071 	 -0.7071
		-1 	 0 	 0
		0 	 0.7071 	 0.7071
		-33.2258 	 14.9887 	 269.093
	}
}
{volume "roof6"
	{box 44.3686 11.811 1.9685}
	{bone "basis_tower"}
	{matrix34
		0 	 -0.7071 	 -0.7071
		1 	 0 	 0
		0 	 -0.7071 	 0.7071
		-32.8833 	 -15.1339 	 269.093
	}
}
{volume "roof7"
	{box 44.3686 11.811 1.9685}
	{bone "basis_tower"}
	{matrix34
		-0.7071 	 0 	 -0.7071
		0 	 -1 	 0
		-0.7071 	 0 	 0.7071
		-15.0264 	 -32.9578 	 269.424
	}
}
{volume "roof8"
	{box 44.3686 11.811 1.9685}
	{bone "basis_tower"}
	{matrix34
		0.7071 	 0 	 -0.7071
		0 	 1 	 0
		0.7071 	 0 	 0.7071
		15.0962 	 -32.8992 	 269.424
	}
}
{volume "roof9"
	{box 47.073 2.71887 45.4305}
	{bone "basis_tower"}
	{matrix34
		0 	 -1 	 0
		0.9659 	 0 	 0.2588
		-0.2588 	 0 	 0.9659
		25.8678 	 0.3134 	 277.159
	}
}
{volume "wood1"
	{box 33.9632 2.71887 3.30404}
	{bone "basis_tower"}
	{matrix34
		0 	 1 	 0
		-0.9659 	 0 	 0.2588
		0.2588 	 0 	 0.9659
		-18.6954 	 -0.7117 	 301.032
	}
}
{volume "wood2"
	{box 3.93701 3.93701 127.279}
	{bone "basis_tower"}
	{matrix34
		0.9659 	 -0.0226 	 -0.2578
		-0.0449 	 0.9664 	 -0.2529
		0.2549 	 0.2559 	 0.9325
		-16.161 	 -16.0772 	 304.688
	}
}
{volume "wood3"
	{box 30.5975 2.71887 3.30404}
	{bone "basis_tower"}
	{matrix34
		0 	 1 	 0
		-0.9659 	 0 	 0.2588
		0.2588 	 0 	 0.9659
		-15.3908 	 -0.7117 	 305.426
	}
}
{volume "wood4"
	{box 3.93701 3.93701 127.279}
	{bone "basis_tower"}
	{matrix34
		0.9659 	 0.0226 	 -0.2578
		0.0449 	 0.9664 	 0.2529
		0.2549 	 -0.2559 	 0.9325
		-16.161 	 16.0772 	 304.688
	}
}
{volume "wood5"
	{box 30.5975 2.71887 3.30404}
	{bone "basis_tower"}
	{matrix34
		1 	 0 	 0
		0 	 0.9659 	 0.2588
		0 	 -0.2588 	 0.9659
		-0.1432 	 15.2757 	 307.409
	}
}
{volume "wood6"
	{box 3.93701 3.93701 127.279}
	{bone "basis_tower"}
	{matrix34
		-0.9659 	 0.0226 	 -0.2578
		0.0449 	 -0.9664 	 -0.2529
		-0.2549 	 -0.2559 	 0.9325
		16.1609 	 16.0772 	 304.688
	}
}
{volume "wood7"
	{box 30.5975 2.71887 3.30404}
	{bone "basis_tower"}
	{matrix34
		0 	 -1 	 0
		0.9659 	 0 	 0.2588
		-0.2588 	 0 	 0.9659
		15.2576 	 -0.3181 	 307.409
	}
}
{volume "wood8"
	{box 3.93701 3.93701 127.279}
	{bone "basis_tower"}
	{matrix34
		-0.9659 	 -0.0226 	 -0.2578
		-0.0449 	 -0.9664 	 0.2529
		-0.2549 	 0.2559 	 0.9325
		16.161 	 -16.0771 	 304.688
	}
}
{volume "wood9"
	{box 30.5975 2.71887 3.30404}
	{bone "basis_tower"}
	{matrix34
		-1 	 0 	 0
		0 	 -0.9659 	 0.2588
		0 	 0.2588 	 0.9659
		0.8617 	 -15.6955 	 307.409
	}
}
