;Exported by:	 tolokolnikova
;Date:			 27.06.2017 14:31:41
;File:			 D:\gem2\gem2-mdl-soldiers\models\building\house_D\D_003_x_fort.max
{skeleton
	{bone "d003_piece17_point"
		{orientation
			1 	 0 	 0
			0 	 -1 	 0
			0 	 0 	 1
		}
		{bone "sub_piece05"
			{Position -29.206 	 -37.2745 	 -14.0665}
			{poly "sub_piece05"}
		}
		{bone "piece07"
			{Position -13.5603 	 -26.6799 	 37.8437}
			{poly "piece07"}
		}
		{bone "sub_piece06"
			{Position -0.497 	 8.1066 	 26.8655}
			{poly "sub_piece06"}
		}
		{bone "piece02"
			{Position -29.2145 	 14.1077 	 18.6015}
			{poly "piece02"}
		}
		{bone "piece03"
			{Position -29.1304 	 -9.9434 	 -7.5495}
			{poly "piece03"}
		}
		{bone "piece04"
			{Position -29.1096 	 -0.5301 	 -21.8668}
			{poly "piece04"}
		}
		{bone "piece01"
			{Position -29.185 	 8.5407 	 -0.1191}
			{poly "piece01"}
		}
		{bone "piece05"
			{Position -14.523 	 -40.5303 	 -9.083}
			{poly "piece05"}
		}
		{bone "piece06"
			{Position -29.2145 	 -23.9137 	 -24.2067}
			{poly "piece06"}
		}
		{bone "sub_piece01"
			{Position -29.2287 	 -17.3782 	 10.1758}
			{poly "sub_piece01"}
		}
		{bone "sub_piece03"
			{matrix34
				0 	 -1 	 0
				1 	 0 	 0
				0 	 0 	 1
				-29.1514 	 -33.7818 	 4.2198
			}
			{poly "sub_piece03"}
		}
		{bone "sub_piece02"
			{matrix34
				0 	 -1 	 0
				1 	 0 	 0
				0 	 0 	 1
				-29.206 	 -2.6754 	 8.4546
			}
			{poly "sub_piece02"}
		}
		{bone "sub_piece04"
			{Position -29.1542 	 -23.4308 	 -3.3033}
			{poly "sub_piece04"}
		}
	}
}
{volume "piece01"
	{box 5.90551 12.432 19.4865}
	{bone "piece01"}
	{Position 0.1324 	 1.1265 	 0.3743}
}
{volume "piece02"
	{box 5.90551 23.4965 10.3279}
	{bone "piece02"}
	{matrix34
		1 	 0 	 0
		0 	 0.9563 	 0.2924
		0 	 -0.2924 	 0.9563
		0.1324 	 0.3765 	 0.3558
	}
}
{volume "piece03"
	{box 5.90551 12.432 19.4865}
	{bone "piece03"}
	{matrix34
		1 	 0 	 0
		0 	 0.9659 	 -0.2588
		0 	 0.2588 	 0.9659
		0.1324 	 -0.195 	 0.0578
	}
}
{volume "piece04"
	{box 5.90551 23.4965 10.3279}
	{bone "piece04"}
	{matrix34
		1 	 0 	 0
		0 	 0.9563 	 0.2924
		0 	 -0.2924 	 0.9563
		0.1324 	 0.3765 	 0.3558
	}
}
{volume "piece05"
	{box 5.90551 12.432 19.4865}
	{bone "piece05"}
	{matrix34
		0 	 1 	 0
		-1 	 0 	 0
		0 	 0 	 1
		0.1324 	 0.0005 	 0.3743
	}
}
{volume "piece06"
	{box 5.90551 23.4965 10.3279}
	{bone "piece06"}
	{matrix34
		1 	 0 	 0
		0 	 0.7314 	 -0.682
		0 	 0.682 	 0.7314
		0.1324 	 0.4935 	 -0.0137
	}
}
{volume "sub_piece01"
	{box 5.90551 8.7024 11.3022}
	{bone "sub_piece01"}
	{Position 0.1324 	 -0.7574 	 0.1242}
}
{volume "sub_piece02"
	{box 5.90551 11.2261 9.83291}
	{bone "sub_piece02"}
	{matrix34
		0 	 1 	 0
		-1 	 0 	 0
		0 	 0 	 1
		-0.2401 	 0.6656 	 0.8333
	}
}
{volume "sub_piece03"
	{box 5.90551 12.7925 8.70269}
	{bone "sub_piece03"}
	{matrix34
		0 	 1 	 0
		-1 	 0 	 0
		0 	 0 	 1
		0.6519 	 0.7339 	 0.4247
	}
}
{volume "sub_piece04"
	{box 5.90551 8.7024 6.89434}
	{bone "sub_piece04"}
	{Position 0.1324 	 -0.2551 	 0.6881}
}
{volume "sub_piece05"
	{box 5.90551 11.2261 9.83291}
	{bone "sub_piece05"}
	{matrix34
		0 	 1 	 0
		-1 	 0 	 0
		0 	 0 	 1
		-0.2401 	 0.6656 	 0.8333
	}
}
{volume "sub_piece06"
	{box 1.22835 17.0637 16.6176}
	{bone "sub_piece06"}
	{matrix34
		0.0164 	 0.3451 	 -0.9384
		-0.9995 	 -0.0209 	 -0.0251
		-0.0282 	 0.9383 	 0.3445
		0.0423 	 -0.421 	 0.0429
	}
}
{volume "sub_piece07"
	{box 7.87402 8.66142 15.8231}
	{bone "piece07"}
	{Position 0 	 0 	 2.2135}
}
