;Exported by: sana
;Date:        Mon Jul 03 10:27:56 2006
;File:        D:\-Project-\-3DWork-\Entourage\e-house3a\farm_construction_x04.max
{Skeleton
	{bone "ch_farm_corner_inner06"
		{Orientation
			1	0	0
			0	-1	0
			0	0	1
		}
		{poly "ch_farm_corner_inner06"}
		{bone "piece01"
			{Position 45.578	-5.18253	36.414}
			{poly "piece01"}
			{bone "sub_piece01"
				{Position -5.98804	0	-7.46968}
				{poly "sub_piece01"}
			}
		}
		{bone "piece02"
			{Position 17.1191	-5.18253	38.0808}
			{poly "piece02"}
			{bone "sub_piece02"
				{Position -0.80249	0	-9.1982}
				{poly "sub_piece02"}
			}
		}
		{bone "piece03"
			{Position -14.8338	-5.18253	36.1054}
			{poly "piece03"}
			{bone "sub_piece03"
				{Position 4.38306	0	-7.59314}
				{poly "sub_piece03"}
			}
		}
		{bone "piece04"
			{Position -41.498	-5.18253	34.809}
			{poly "piece04"}
			{bone "sub_piece04"
				{Position -1.04944	0	-12.9022}
				{poly "sub_piece04"}
			}
		}
	}
}
{Volume "piece01"
	{Box 17.7791 3.93701 16.4209}
	{Bone "piece01"}
	{Position 0	0	0}
}
{Volume "piece02"
	{Box 23.8289 3.93701 12.3466}
	{Bone "piece02"}
	{Position 0	0	0}
}
{Volume "piece03"
	{Box 18.1495 3.93701 15.8036}
	{Bone "piece03"}
	{Position 0	0	0}
}
{Volume "piece04"
	{Box 22.1498 3.93701 15.3122}
	{Bone "piece04"}
	{Matrix34
		0.544362	0	0.838851
		0	1	0
		-0.838851	0	0.544362
		0.726849	0	-0.424732
	}
}
{Volume "sub_piece01"
	{Box 12.47 3.93701 8.97349}
	{Bone "sub_piece01"}
	{Matrix34
		0.812346	0	-0.583176
		0	1	0
		0.583176	0	0.812346
		-0.695553	0	-0.968872
	}
}
{Volume "sub_piece02"
	{Box 15.8036 3.93701 7.94625}
	{Bone "sub_piece02"}
	{Matrix34
		0.994296	0	-0.106653
		0	1	0
		0.106653	0	0.994296
		-0.0173576	0	-0.16205
	}
}
{Volume "sub_piece03"
	{Box 13.3343 3.93701 10.8489}
	{Bone "sub_piece03"}
	{Matrix34
		0.834382	0	0.551187
		0	1	0
		-0.551187	0	0.834382
		0.0190447	0	0.07734
	}
}
{Volume "sub_piece04"
	{Box 14.6924 3.93701 8.8599}
	{Bone "sub_piece04"}
	{Matrix34
		0.986928	0	0.161158
		0	1	0
		-0.161158	0	0.986928
		0.0620961	0	-0.380176
	}
}
