;Exported by	: KobaA
;Date			: 18.03.2024 11:45:47
;File			: d:\git\gem2-mdl-soldiers\models\entourage\field_technical_buildings\field_technical_buildings.max
{skeleton
	{animation
		{sequence "crush" {speed 1}}
	}
	{bone "field_technical_buildings_gmc_x"
		{orientation
			1 	 0 	 0
			0 	 -1 	 0
			0 	 0 	 1
		}
		{bone "piece09"
			{matrix34
				0.0124 	 0.7569 	 0.6534
				-0.9883 	 -0.0901 	 0.1232
				0.1521 	 -0.6473 	 0.7469
				31.6331 	 69.2053 	 4.0571
			}
			{poly "piece09"}
		}
		{bone "piece08"
			{matrix34
				0.1675 	 0.7575 	 -0.6309
				-0.9368 	 -0.077 	 -0.3412
				-0.307 	 0.6482 	 0.6968
				14.5615 	 31.457 	 4.0571
			}
			{poly "piece08"}
		}
		{bone "piece07"
			{matrix34
				0.5315 	 -0.509 	 0.6771
				0.472 	 0.8417 	 0.2623
				-0.7034 	 0.1802 	 0.6876
				57.1808 	 10.4019 	 4.0571
			}
			{poly "piece07"}
		}
		{bone "piece06"
			{matrix34
				0.792 	 0.0269 	 -0.61
				-0.6098 	 -0.0147 	 -0.7924
				-0.0303 	 0.9995 	 0.0048
				73.544 	 18.0217 	 8.008
			}
			{poly "piece06"}
		}
		{bone "piece11"
			{matrix34
				0.5295 	 0.3203 	 -0.7855
				-0.8053 	 0.481 	 -0.3467
				0.2668 	 0.8161 	 0.5127
				-32.553 	 32.7895 	 4.0571
			}
			{poly "piece11"}
		}
		{bone "piece10"
			{matrix34
				-0.3091 	 0.6657 	 -0.6792
				-0.918 	 -0.3955 	 0.0301
				-0.2486 	 0.6328 	 0.7333
				-59.5798 	 20.4875 	 4.0571
			}
			{poly "piece10"}
		}
		{bone "sub_piece12"
			{matrix34
				0.0866 	 -0.9953 	 -0.0439
				-0.9529 	 -0.0699 	 -0.2951
				0.2906 	 0.0674 	 -0.9545
				-55.1846 	 72.2326 	 25.96
			}
			{poly "sub_piece12"}
		}
		{bone "sub_piece11"
			{matrix34
				0 	 0 	 -1
				1 	 0 	 0
				0 	 -1 	 0
				-63.8034 	 59.5361 	 12.4564
			}
			{poly "sub_piece11"}
		}
		{bone "sub_piece13"
			{matrix34
				0.0371 	 0.0124 	 -0.9992
				0.0549 	 0.9984 	 0.0144
				0.9978 	 -0.0554 	 0.0364
				-63.7878 	 76.6964 	 15.361
			}
			{poly "sub_piece13"}
		}
		{bone "sub_piece15"
			{matrix34
				-0.0213 	 -0.1293 	 0.9914
				-0.1633 	 0.9787 	 0.1241
				-0.9864 	 -0.1592 	 -0.042
				-44.5449 	 64.1805 	 12.6004
			}
			{poly "sub_piece15"}
		}
		{bone "sub_piece14"
			{matrix34
				-0.0872 	 -0.9924 	 -0.0868
				0.9962 	 -0.0868 	 -0.0076
				0 	 -0.0872 	 0.9962
				-46.6033 	 68.5627 	 20.7337
			}
			{poly "sub_piece14"}
		}
		{bone "sub_piece04"
			{matrix34
				0.1293 	 0.0407 	 0.9908
				-0.9787 	 -0.1552 	 0.1341
				0.1592 	 -0.987 	 0.0198
				-48.3068 	 74.72 	 15.3906
			}
			{poly "sub_piece04"}
		}
		{bone "piece03"
			{matrix34
				0 	 -1 	 0
				1 	 0 	 0
				0 	 0 	 1
				-80.4943 	 19.8264 	 15.8674
			}
			{poly "piece03"}
		}
		{bone "piece15"
			{matrix34
				0 	 -1 	 0
				1 	 0 	 0
				0 	 0 	 1
				-80.2484 	 31.2809 	 7.9405
			}
			{poly "piece15"}
		}
		{bone "sub_piece01"
			{matrix34
				0 	 -1 	 0
				1 	 0 	 0
				0 	 0 	 1
				-77.0651 	 55.3526 	 35.2164
			}
			{poly "sub_piece01"}
		}
		{bone "piece04"
			{matrix34
				0 	 -1 	 0
				1 	 0 	 0
				0 	 0 	 1
				-76.5717 	 44.6993 	 21.2397
			}
			{poly "piece04"}
		}
		{bone "sub_piece05"
			{matrix34
				0 	 -1 	 0
				1 	 0 	 0
				0 	 0 	 1
				-74.2947 	 9.8954 	 9.7196
			}
			{poly "sub_piece05"}
		}
		{bone "sub_piece09"
			{matrix34
				0 	 -1 	 0
				1 	 0 	 0
				0 	 0 	 1
				-76.5717 	 63.1876 	 25.3914
			}
			{poly "sub_piece09"}
		}
		{bone "piece05"
			{matrix34
				0 	 -1 	 0
				1 	 0 	 0
				0 	 0 	 1
				-75.6445 	 67.3276 	 3.2042
			}
			{poly "piece05"}
		}
		{bone "fuel_cistern_gmc002"
			{Position 0 	 -53.7812 	 0}
			{poly "fuel_cistern_gmc002"}
			{bone "fx_fuel1"
				{Position 0 	 37.5074 	 0}
			}
			{bone "fx_smoke2"
				{Position 0 	 -25.5114 	 11.7444}
			}
			{bone "fx_smoke2a"
				{Position 0 	 26.0044 	 11.7444}
			}
			{bone "fx_cistern_ex"
				{Position 0 	 0.149 	 25.2861}
			}
			{bone "fx_barrel_ex"
				{Position 0 	 105.29 	 0}
			}
		}
		{bone "piece02"
			{Position -57.281 	 -26.5575 	 56.5571}
			{poly "piece02"}
		}
		{bone "piece01"
			{Position 13.6912 	 -45.4908 	 56.5571}
			{poly "piece01"}
		}
		{bone "sub_piece08"
			{Position 60.0353 	 -11.4069 	 56.5571}
			{poly "sub_piece08"}
		}
		{bone "sub_piece06"
			{matrix34
				0 	 -1 	 0
				1 	 0 	 0
				0 	 0 	 1
				-0.6347 	 -89.094 	 56.5571
			}
			{poly "sub_piece06"}
		}
		{bone "sub_piece07"
			{matrix34
				0.0842 	 0.9962 	 -0.0226
				-0.2588 	 0 	 -0.9659
				-0.9623 	 0.0872 	 0.2578
				-75.2972 	 -44.9373 	 20.6916
			}
			{poly "sub_piece07"}
		}
		{bone "piece14"
			{matrix34
				0.0842 	 0.9962 	 -0.0226
				-0.2588 	 0 	 -0.9659
				-0.9623 	 0.0872 	 0.2578
				-77.0164 	 -57.553 	 18.54
			}
			{poly "piece14"}
		}
		{bone "sub_piece10"
			{matrix34
				-1 	 0 	 0
				0 	 -1 	 0
				0 	 0 	 1
				-67.2572 	 -11.9681 	 0
			}
			{poly "sub_piece10"}
		}
		{bone "sub_piece03"
			{matrix34
				1 	 0 	 0
				0 	 0 	 1
				0 	 -1 	 0
				40.4667 	 -53.4198 	 73.6972
			}
			{poly "sub_piece03"}
		}
		{bone "sub_piece02"
			{matrix34
				1 	 0 	 0
				0 	 0 	 1
				0 	 -1 	 0
				15.1528 	 -2.83 	 66.0984
			}
			{poly "sub_piece02"}
		}
		{bone "tent_anm"
			{Position 0 	 40.6949 	 0}
			{bone "tent008"
				{parameters "commonmesh;"}
				{matrix34
					0 	 1 	 0
					-1 	 0 	 0
					0 	 0 	 1
					-0.4449 	 -0.9781 	 0
				}
				{poly "tent008"}
			}
		}
		{bone "piece12"
			{Position -24.2646 	 67.5662 	 6.4482}
			{poly "piece12"}
		}
		{bone "piece13"
			{Position 29.835 	 48.9477 	 5.4562}
			{poly "piece13"}
		}
	}
}
{obstacle "obstacle01"
	{obb2
		{center 0.257919 53.6736}
		{extent 70.0106 52.3113}
		{axis -1 0}
	}
	{rotate}
}
{obstacle "obstacle02"
	{obb2
		{center 73.2291 28.2839}
		{extent 5.69175 2.49561}
		{axis -1 0}
	}
	{rotate}
}
{obstacle "obstacle03"
	{obb2
		{center 73.2291 79.4576}
		{extent 5.69175 2.49561}
		{axis -1 0}
	}
	{rotate}
}
{"volumes"
	{"body01"
		{box 2.33355 2.57966 15.9685}
		{bone "fuel_cistern_gmc002"}
		{Position 77.2124 	 -25.6537 	 3.9964}
	}
	{"body02"
		{box 3.90358 2.96573 23.8976}
		{bone "fuel_cistern_gmc002"}
		{Position 49.1706 	 47.7927 	 8.1981}
	}
	{"body03"
		{box 2.33355 2.57966 15.9685}
		{bone "fuel_cistern_gmc002"}
		{Position 77.2124 	 25.5835 	 3.9964}
	}
	{"body04"
		{box 3.05126 94.5044 3.93661}
		{bone "fuel_cistern_gmc002"}
		{Position -49.2211 	 0.1518 	 6.7694}
	}
	{"body05"
		{box 3.05126 94.5044 3.93661}
		{bone "fuel_cistern_gmc002"}
		{Position 49.2259 	 0.1518 	 6.7694}
	}
	{"body06"
		{box 3.90358 2.96573 23.8976}
		{bone "fuel_cistern_gmc002"}
		{Position -49.2343 	 -47.7968 	 8.1981}
	}
	{"body07"
		{cylinder 22.9528 128.13}
		{bone "fuel_cistern_gmc002"}
		{matrix34
			0 	 0 	 -1
			0 	 1 	 0
			1 	 0 	 0
			-0.094 	 -25.8586 	 32.3835
		}
	}
	{"body08"
		{cylinder 22.9528 128.13}
		{bone "fuel_cistern_gmc002"}
		{matrix34
			0 	 0 	 -1
			0 	 1 	 0
			1 	 0 	 0
			-0.2248 	 25.4228 	 32.3835
		}
	}
	{"body09"
		{box 3.90358 2.96573 23.8976}
		{bone "fuel_cistern_gmc002"}
		{Position -49.2343 	 47.7927 	 8.1981}
	}
	{"body10"
		{box 3.90358 2.96573 23.8976}
		{bone "fuel_cistern_gmc002"}
		{Position 49.1706 	 -48.1009 	 8.1981}
	}
	{"piece01"
		{box 23.0019 26.3357 1.25815}
		{bone "piece01"}
		{Position 0 	 0 	 0.0597}
	}
	{"piece02"
		{box 23.0019 26.3357 1.25815}
		{bone "piece02"}
		{Position -0.4856 	 0 	 0.0476}
	}
	{"piece03"
		{box 29.2017 9.94582 2.26961}
		{bone "piece03"}
		{matrix34
			1 	 0 	 0
			0 	 0.9397 	 0.342
			0 	 -0.342 	 0.9397
			-0.6855 	 -0.1972 	 0.1721
		}
	}
	{"piece04"
		{box 11.6112 0.887309 13.9045}
		{bone "piece04"}
		{Position 0.285 	 0.2736 	 -0.4909}
	}
	{"piece05"
		{box 1.00136 1.53106 13.4671}
		{bone "piece05"}
		{matrix34
			1 	 0 	 0
			0 	 0 	 1
			0 	 -1 	 0
			-0.1711 	 0.0064 	 -2.3839
		}
	}
	{"piece05_2"
		{box 1.00136 1.0345 13.3337}
		{bone "piece05"}
		{Position 0.8344 	 0 	 3.0961}
	}
	{"piece06"
		{cylinder 7.75961 25.1968}
		{bone "piece06"}
		{Position 0 	 0 	 12.5972}
	}
	{"piece07"
		{cylinder 7.75961 25.1968}
		{bone "piece07"}
		{matrix34
			0.9334 	 0.0362 	 -0.357
			-0.1132 	 0.9738 	 -0.1973
			0.3405 	 0.2246 	 0.913
			4.2896 	 2.829 	 11.5015
		}
	}
	{"piece08"
		{cylinder 7.75961 25.1968}
		{bone "piece08"}
		{matrix34
			0.9487 	 -0.0342 	 0.3143
			-0.0314 	 0.979 	 0.2015
			-0.3146 	 -0.201 	 0.9277
			-3.9634 	 -2.5321 	 11.6863
		}
	}
	{"piece09"
		{cylinder 7.75961 25.1968}
		{bone "piece09"}
		{matrix34
			0.9554 	 -0.231 	 -0.1839
			0.1925 	 0.9596 	 -0.2053
			0.2239 	 0.1607 	 0.9613
			2.8201 	 2.0248 	 12.1094
		}
	}
	{"piece10"
		{cylinder 7.75961 25.1968}
		{bone "piece10"}
		{matrix34
			0.8308 	 -0.5296 	 0.171
			0.4295 	 0.8056 	 0.4082
			-0.3539 	 -0.2657 	 0.8967
			-4.4584 	 -3.3469 	 11.2965
		}
	}
	{"piece11"
		{cylinder 7.75961 25.1968}
		{bone "piece11"}
		{matrix34
			0.8201 	 0.1414 	 0.5545
			-0.2823 	 0.9429 	 0.177
			-0.4977 	 -0.3016 	 0.8132
			-6.2703 	 -3.7999 	 10.2437
		}
	}
	{"piece12"
		{box 29.078 23.394 4.14579}
		{bone "piece12"}
		{Position -0.1727 	 1.537 	 -0.0356}
	}
	{"piece13"
		{box 29.078 13.8025 4.14579}
		{bone "piece13"}
		{matrix34
			1 	 0 	 0
			0 	 1 	 0
			0 	 0 	 1
			-0.1728 	 -0.6608 	 -0.0356
		}
	}
	{"piece14"
		{box 4.18967 28.6516 1.01513}
		{bone "piece14"}
		{Position 0 	 0 	 -0.0241}
	}
	{"piece15"
		{box 9.38649 0.932431 13.3095}
		{bone "piece15"}
		{matrix34
			0 	 -1 	 0
			1 	 0 	 0
			0 	 0 	 1
			-3.3042 	 0.5284 	 -1.2858
		}
	}
	{"piece15_2"
		{box 8.04587 0.964275 12.1539}
		{bone "piece15"}
		{Position 0.6016 	 -4.7284 	 -1.8636}
	}
	{"sub_piece01"
		{box 17.6263 0.887309 8.25925}
		{bone "sub_piece01"}
		{Position -0.1596 	 0.767 	 0.059}
	}
	{"sub_piece02"
		{box 16.5391 0.77194 0.654237}
		{bone "sub_piece02"}
		{matrix34
			0 	 1 	 0
			0 	 0 	 -1
			-1 	 0 	 0
			-2.9878 	 -0.5624 	 -0.5515
		}
	}
	{"sub_piece02_2"
		{box 32.24 0.77194 0.654237}
		{bone "sub_piece02"}
		{matrix34
			1 	 0 	 0
			0 	 0 	 -1
			0 	 1 	 0
			0 	 8.2238 	 0.3188
		}
	}
	{"sub_piece03"
		{box 28.7857 0.77194 0.654237}
		{bone "sub_piece03"}
		{matrix34
			1 	 0 	 0
			0 	 0 	 -1
			0 	 1 	 0
			0 	 0.0301 	 0.3431
		}
	}
	{"sub_piece04"
		{box 7.54153 0.473744 6.13401}
		{bone "sub_piece04"}
		{matrix34
			1 	 0 	 0.0022
			-0.0022 	 0 	 1
			0 	 -1 	 0
			-0.142 	 -0.0942 	 0.1653
		}
	}
	{"sub_piece05"
		{box 5.75955 1.09524 17.167}
		{bone "sub_piece05"}
		{matrix34
			0 	 1 	 0
			-1 	 0 	 0
			0 	 0 	 1
			4.4455 	 -0.0024 	 -1.1361
		}
	}
	{"sub_piece05_2"
		{box 9.57459 1.20347 17.9878}
		{bone "sub_piece05"}
		{matrix34
			-1 	 0 	 0
			0 	 -1 	 0
			0 	 0 	 1
			-0.2921 	 3.3895 	 -0.7256
		}
	}
	{"sub_piece06"
		{box 17.2514 18.6984 1.25815}
		{bone "sub_piece06"}
		{Position 0.3286 	 0 	 0.6291}
	}
	{"sub_piece07"
		{box 4.18967 20.3426 1.01513}
		{bone "sub_piece07"}
		{Position 0.0186 	 -0.0976 	 -0.0241}
	}
	{"sub_piece08"
		{box 17.2514 18.6984 1.25815}
		{bone "sub_piece08"}
		{Position 0.3286 	 0 	 0.6291}
	}
	{"sub_piece09"
		{box 13.1946 0.887309 14.1868}
		{bone "sub_piece09"}
		{Position -2.6078 	 0.2736 	 -1.6098}
	}
	{"sub_piece10"
		{cylinder 0.833284 20.2816}
		{bone "sub_piece10"}
		{matrix34
			-1 	 0 	 0
			0 	 -1 	 0
			0 	 0 	 1
			0 	 0 	 26.718
		}
	}
	{"sub_piece11"
		{box 0.848221 0.925499 12.4827}
		{bone "sub_piece11"}
		{matrix34
			0.0184 	 0.0292 	 0.9994
			-0.0057 	 0.9996 	 -0.0291
			-0.9998 	 -0.0051 	 0.0186
			0.2795 	 -0.0396 	 -0.0138
		}
	}
	{"sub_piece12"
		{box 6.67397 7.98261 0.914921}
		{bone "sub_piece12"}
		{matrix34
			0.9999 	 -0.0093 	 -0.0127
			0.0145 	 0.2174 	 0.976
			-0.0063 	 -0.976 	 0.2175
			0.023 	 -0.0452 	 0.102
		}
	}
	{"sub_piece13"
		{box 0.466136 4.83843 6.91756}
		{bone "sub_piece13"}
		{matrix34
			-0.0737 	 0.0121 	 0.9972
			-0.0073 	 -0.9999 	 0.0116
			0.9972 	 -0.0065 	 0.0738
			-0.5366 	 -6.1709 	 -1.2994
		}
	}
	{"sub_piece14"
		{box 1.09979 0.973195 12.0728}
		{bone "sub_piece14"}
		{matrix34
			0.0079 	 -0.0091 	 0.9999
			-0.0095 	 0.9999 	 0.0092
			-0.9999 	 -0.0095 	 0.0079
			0.4806 	 -0.0432 	 -0.0918
		}
	}
	{"sub_piece15"
		{box 7.54153 0.473744 6.13401}
		{bone "sub_piece15"}
		{matrix34
			1 	 0 	 0.0022
			-0.0022 	 0 	 1
			0 	 -1 	 0
			-0.142 	 -0.0941 	 0.1653
		}
	}
}
