;Exported by:	 Цаприлов Олександр
;Date:			 01.09.2020 11:20:26
;File:			 E:\projects\gem2-mdl-soldiers\models\entourage\wine_furniture\wine_furniture.max
{skeleton
	{bone "bucket_small01_x"
		{orientation
			1 	 0 	 0
			0 	 -1 	 0
			0 	 0 	 1
		}
		{bone "piece01"
			{matrix34
				1 	 0 	 0
				0 	 0.9848 	 -0.1736
				0 	 0.1736 	 0.9848
				-1.6267 	 -1.9007 	 4.7551
			}
			{poly "piece01"}
		}
		{bone "piece02"
			{matrix34
				1 	 0 	 0
				0 	 0.9962 	 0.0872
				0 	 -0.0872 	 0.9962
				1.6267 	 1.9481 	 4.7769
			}
			{poly "piece02"}
		}
	}
}
{volume "piece01"
	{box 1.50554 5.29491 7.30315}
	{bone "piece01"}
	{matrix34
		0.6428 	 0.766 	 0
		-0.766 	 0.6428 	 0
		0 	 0 	 1
		-0.4046 	 -0.3626 	 -1.1437
	}
}
{volume "piece02"
	{box 1.50554 5.29491 7.30315}
	{bone "piece02"}
	{matrix34
		0.6428 	 0.766 	 0
		-0.766 	 0.6428 	 0
		0 	 0 	 1
		0.3637 	 0.3723 	 -1.1437
	}
}
