;Exported by:	 evhen
;Date:			 26.11.2019 15:52:57
;File:			 C:\Users\evhen\Desktop\3d modell Ref\Rus Kolodets\Well_rus03_x.max
{skeleton
	{bone "basis"
		{orientation
			1 	 0 	 0
			0 	 -1 	 0
			0 	 0 	 1
		}
		{bone "body"
			{matrix34
				0 	 -1 	 0
				1 	 0 	 0
				0 	 0 	 1
				-2.2463 	 0.8329 	 0.2878
			}
			{poly "body"}
		}
		{bone "piece12"
			{matrix34
				0 	 0.9748 	 -0.2231
				1 	 0 	 0
				0 	 0.2231 	 0.9748
				-1.2625 	 13.5238 	 12.2402
			}
			{poly "piece12"}
		}
		{bone "piece04"
			{matrix34
				0 	 -0.9632 	 0.2687
				-1 	 0 	 0
				0 	 0.2687 	 0.9632
				1.1861 	 13.9998 	 14.7759
			}
			{poly "piece04"}
		}
		{bone "piece03"
			{matrix34
				0 	 0.9283 	 -0.3717
				1 	 0 	 0
				0 	 0.3717 	 0.9283
				-1.186 	 -13.9998 	 14.7759
			}
			{poly "piece03"}
		}
		{bone "piece11"
			{matrix34
				-0.0089 	 -0.9343 	 0.3564
				-1 	 0.0096 	 0
				0.0034 	 0.3564 	 0.9343
				-2.3754 	 -13.4889 	 11.7482
			}
			{poly "piece11"}
		}
		{bone "piece02"
			{matrix34
				-0.997 	 -0.0776 	 0
				-0.0776 	 0.997 	 0
				0 	 0 	 1
				-13.6184 	 0.7432 	 8.5794
			}
			{poly "piece02"}
		}
		{bone "piece01"
			{matrix34
				1 	 -0.0096 	 0
				-0.0096 	 -1 	 0
				0 	 0 	 1
				13.4932 	 -1.9272 	 9.6021
			}
			{poly "piece01"}
		}
		{bone "piece05"
			{matrix34
				-0.9688 	 -0.0321 	 0.2458
				-0.1583 	 -0.6832 	 -0.7129
				0.1908 	 -0.7296 	 0.6567
				-16.3319 	 -0.6521 	 18.3176
			}
			{poly "piece05"}
		}
		{bone "piece08"
			{matrix34
				0 	 -0.9527 	 0.3041
				0 	 -0.3041 	 -0.9527
				1 	 0 	 0
				0.0578 	 -0.7269 	 33.3935
			}
			{poly "piece08"}
		}
		{bone "piece09"
			{matrix34
				-0.9987 	 -0.0456 	 -0.0226
				0.0364 	 -0.9504 	 0.3089
				-0.0356 	 0.3077 	 0.9508
				-7.8916 	 -6.2804 	 35.4189
			}
			{poly "piece09"}
		}
		{bone "piece10"
			{matrix34
				-0.9987 	 -0.0497 	 -0.0112
				0.0364 	 -0.8509 	 0.5241
				-0.0356 	 0.523 	 0.8516
				11.6487 	 6.0356 	 30.2411
			}
			{poly "piece10"}
		}
		{bone "piece06"
			{matrix34
				-0.9987 	 -0.0497 	 -0.0112
				0.0364 	 -0.8509 	 0.5241
				-0.0356 	 0.523 	 0.8516
				-6.8667 	 5.4654 	 30.3478
			}
			{poly "piece06"}
		}
		{bone "piece07"
			{matrix34
				-0.9987 	 -0.0482 	 -0.0164
				0.0364 	 -0.9016 	 0.4311
				-0.0356 	 0.4299 	 0.9022
				11.8566 	 -5.4599 	 35.4065
			}
			{poly "piece07"}
		}
	}
}
{volume "body01"
	{box 33.5408 2.86251 1.86752}
	{bone "body"}
	{matrix34
		0 	 1 	 0
		-1 	 0 	 0
		0 	 0 	 1
		14.1856 	 2.3457 	 0.495
	}
}
{volume "body02"
	{box 2.81358 32.7854 2.03784}
	{bone "body"}
	{matrix34
		0 	 1 	 0
		-1 	 0 	 0
		0 	 0 	 1
		0.7127 	 -10.7338 	 1.0644
	}
}
{volume "body03"
	{box 3.397 33.4017 2.26157}
	{bone "body"}
	{matrix34
		0 	 1 	 0
		-1 	 0 	 0
		0 	 0 	 1
		0.8112 	 14.9946 	 1.1438
	}
}
{volume "body04"
	{box 33.4875 3.33181 0.856671}
	{bone "body"}
	{matrix34
		0 	 1 	 0
		-1 	 0 	 0
		0 	 0 	 1
		-12.5934 	 2.2905 	 0.3983
	}
}
{volume "piece01"
	{box 3.02551 22.6535 4.2308}
	{bone "piece01"}
	{matrix34
		1 	 -0.0096 	 0
		-0.0096 	 -1 	 0
		0 	 0 	 1
		-0.0862 	 0.7232 	 0.0154
	}
}
{volume "piece02"
	{box 3.23614 22.615 4.29727}
	{bone "piece02"}
	{matrix34
		-0.997 	 -0.0776 	 0
		-0.0776 	 0.997 	 0
		0 	 0 	 1
		0.0011 	 -0.3605 	 -0.1288
	}
}
{volume "piece03"
	{box 16.4446 4.91132 1.15885}
	{bone "piece03"}
	{matrix34
		0 	 1 	 0
		0.9283 	 0 	 0.3717
		-0.3717 	 0 	 0.9283
		0.0146 	 0.824 	 -0.0264
	}
}
{volume "piece04"
	{box 19.5473 4.85402 1.09051}
	{bone "piece04"}
	{matrix34
		0 	 -1 	 0
		-0.9632 	 0 	 0.2687
		0.2687 	 0 	 0.9632
		0.1924 	 0.7439 	 -0.0141
	}
}
{volume "piece05"
	{cylinder 2.56588 27.505}
	{bone "piece05"}
	{matrix34
		-0.9688 	 -0.1583 	 0.1908
		-0.0321 	 -0.6832 	 -0.7296
		0.2458 	 -0.7129 	 0.6567
		1.6068 	 -1.8058 	 1.7918
	}
}
{volume "piece06"
	{box 11.4765 1.5622 18.3791}
	{bone "piece06"}
	{matrix34
		0.9994 	 -0.0159 	 0.0299
		0.0337 	 0.5583 	 -0.829
		-0.0035 	 0.8295 	 0.5585
		2.1466 	 -0.3321 	 0.5374
	}
}
{volume "piece07"
	{box 12.1825 1.5622 18.3791}
	{bone "piece07"}
	{matrix34
		0.9998 	 -0.0015 	 0.0201
		-0.0114 	 0.7816 	 0.6236
		-0.0167 	 -0.6237 	 0.7815
		-1.69 	 0.3752 	 -0.2906
	}
}
{volume "piece08"
	{cylinder 2.69875 27.1156}
	{bone "piece08"}
	{matrix34
		0.9527 	 0.3041 	 0
		0.3041 	 -0.9527 	 0
		0 	 0 	 -1
		-0.0576 	 -0.0475 	 0.0003
	}
}
{volume "piece09"
	{box 11.4765 1.5622 18.3791}
	{bone "piece09"}
	{matrix34
		0.9991 	 0.0059 	 0.0423
		-0.0346 	 0.6935 	 0.7197
		-0.0251 	 -0.7205 	 0.693
		1.2535 	 0.3868 	 0.1676
	}
}
{volume "piece10"
	{box 12.1825 1.5622 18.3791}
	{bone "piece10"}
	{matrix34
		0.9984 	 -0.0271 	 0.0491
		0.056 	 0.5314 	 -0.8452
		-0.0031 	 0.8467 	 0.5321
		-2.1971 	 -0.3903 	 0.1875
	}
}
{volume "piece11"
	{box 21.972 3.85345 4.30178}
	{bone "piece11"}
	{matrix34
		-0.0096 	 -1 	 0
		-0.9343 	 0.0089 	 0.3564
		0.3564 	 -0.0034 	 0.9343
		-0.1936 	 -0.3561 	 -0.096
	}
}
{volume "piece12"
	{box 19.489 3.71219 4.2551}
	{bone "piece12"}
	{matrix34
		0 	 1 	 0
		0.9748 	 0 	 0.2231
		-0.2231 	 0 	 0.9748
		-0.1874 	 -0.1127 	 -0.0188
	}
}
