;Exported by	: KobaA
;Date			: 14.09.2023 14:59:17
;File			: D:\git\gem2-mdl-soldiers\models\flora\tree10\tree_10f_g2.max
{skeleton
	{bone "tree_10f_g2_piece02"
		{orientation
			1 	 0 	 0
			0 	 -1 	 0
			0 	 0 	 1
		}
		{poly "tree_10f_g2_piece02"}
		{bone "rootx"
			{matrix34
				-0.9775 	 0.1737 	 0.12
				-0.1724 	 -0.9848 	 0.0212
				0.1219 	 0 	 0.9925
				0.026 	 0.5619 	 -9.1237
			}
			{poly "rootx"}
		}
		{bone "crown"
			{poly "crown"}
		}
		{bone "stir1"
			{Position 1.8218 	 -2.6632 	 15.7536}
			{bone "stir2"
				{Position 5.7888 	 -8.7014 	 74.6494}
				{bone "stir3"
					{Position 24.6841 	 -8.4573 	 69.8329}
				}
			}
		}
	}
}
{obstacle "bole"
	{obb2
		{center 10.1207 9.63945}
		{extent 17.8886 4.45894}
		{axis 0.601815 0.798636}
	}
}
{"volumes"
	{"bole"
		{cylinder 4.92126 145.752}
		{bone "tree_10f_g2_piece02"}
		{matrix34
			0.9932 	 0.0593 	 -0.0998
			-0.0441 	 0.9879 	 0.1488
			0.1075 	 -0.1434 	 0.9838
			10.1207 	 -9.6394 	 65.7909
		}
	}
	{"crown"
		{sphere 44.5132}
		{bone "tree_10f_g2_piece02"}
		{matrix34
			0.9659 	 0 	 -0.2588
			0 	 1 	 0
			0.2588 	 0 	 0.9659
			35.89 	 -21.1503 	 158.427
		}
	}
}
