;Exported by:	 tolokolnikova
;Date:			 12.03.2018 11:34:28
;File:			 D:\gem2\gem2-mdl-soldiers\models\fence\Fence_wood_ua\fence_wood_ru_002.max
{skeleton
	{bone "fence02c_x"
		{orientation
			1 	 0 	 0
			0 	 -1 	 0
			0 	 0 	 1
		}
		{bone "piece01"
			{matrix34
				1 	 0 	 0
				0 	 -1 	 0
				0 	 0 	 1
				-22.2995 	 1.1528 	 15.7538
			}
			{poly "piece01"}
		}
		{bone "piece05"
			{matrix34
				1 	 0 	 0
				0 	 -1 	 0
				0 	 0 	 1
				-45.2436 	 3.2802 	 5.6476
			}
			{poly "piece05"}
		}
		{bone "piece02"
			{matrix34
				1 	 0 	 0
				0 	 -1 	 0
				0 	 0 	 1
				8.1162 	 0.1324 	 19.6782
			}
			{poly "piece02"}
		}
		{bone "piece03"
			{matrix34
				1 	 0 	 0
				0 	 -1 	 0
				0 	 0 	 1
				6.0523 	 -0.66 	 13.6374
			}
			{poly "piece03"}
		}
		{bone "piece04"
			{matrix34
				1 	 0 	 0
				0 	 -1 	 0
				0 	 0 	 1
				7.1159 	 -1.8818 	 3.1476
			}
			{poly "piece04"}
		}
	}
}
{volume "piece01"
	{box 4.16049 3.82874 16.4809}
	{bone "piece01"}
	{matrix34
		0.9997 	 0.0255 	 0.0042
		0.0257 	 -0.9625 	 -0.2701
		0.0028 	 -0.2701 	 0.9628
		-0.0482 	 0.1603 	 -0.7444
	}
}
{volume "piece02"
	{box 42.7085 0.984252 4.33071}
	{bone "piece02"}
	{matrix34
		1 	 0 	 0
		0 	 -0.9941 	 -0.1089
		0 	 -0.1089 	 0.9941
		1.4131 	 0.3856 	 0.2122
	}
}
{volume "piece03"
	{box 35.021 0.984252 4.33071}
	{bone "piece03"}
	{matrix34
		0.9997 	 0.0259 	 0
		0.0257 	 -0.9937 	 -0.1089
		0.0028 	 -0.1089 	 0.9941
		0.6863 	 0.2423 	 -0.3338
	}
}
{volume "piece04"
	{box 35.021 0.984252 4.33071}
	{bone "piece04"}
	{matrix34
		0.9997 	 0.0259 	 0
		0.0257 	 -0.9937 	 -0.1089
		0.0028 	 -0.1089 	 0.9941
		3.3828 	 0.2016 	 0.2654
	}
}
{volume "piece05"
	{box 30.8184 0.984252 4.33071}
	{bone "piece05"}
	{matrix34
		0.9562 	 0.2578 	 0.1387
		0.2891 	 -0.9062 	 -0.3085
		-0.0462 	 -0.3351 	 0.941
		4.2263 	 1.0093 	 1.1022
	}
}
