;Exported by: shevchenko
;Date:        Fri Jul 15 14:20:20 2005
;File:        D:\-Projects1_5-\-3DWork-\store\store_1\store_1_x.max
{Skeleton
	{animation
		{sequence "crush" {speed 0.4}}
	}
	{bone "store1"
		{parameters "CommonMesh;"}
		{Orientation
			1	0	0
			0	-1	0
			0	0	1
		}
		{poly "store1"}
		{bone "exterior"
			{Position 3.11865	-18.6042	94.2323}
		}
		{bone "piece0"
			{Matrix34
				0	-1	0
				0	0	1
				-1	0	0
				82.517	-1.93268	22.6378
			}
			{poly "piece0"}
		}
		{bone "piece1"
			{Matrix34
				0	-1	0
				0	0	1
				-1	0	0
				82.5729	-22.3255	70.3059
			}
			{poly "piece1"}
		}
		{bone "piece2"
			{Matrix34
				1	0	0
				0	0	1
				0	-1	0
				68.3434	48.8055	64.8018
			}
			{poly "piece2"}
		}
		{bone "piece3"
			{Matrix34
				1	0	0
				0	0	1
				0	-1	0
				10.2725	48.8055	70.3059
			}
			{poly "piece3"}
		}
		{bone "piece4"
			{Matrix34
				1	0	0
				0	0	1
				0	-1	0
				28.3262	48.8055	32.5324
			}
			{poly "piece4"}
		}
		{bone "piece5"
			{Matrix34
				1	0	0
				0	0	1
				0	-1	0
				-61.101	48.8055	59.6138
			}
			{poly "piece5"}
		}
		{bone "piece6"
			{Matrix34
				-1	0	0
				0	0	1
				0	1	0
				47.2337	-84.7114	28.1805
			}
			{poly "piece6"}
		}
		{bone "piece7"
			{Matrix34
				0	-1	0
				0	0	1
				-1	0	0
				83.0209	-26.2381	45.5505
			}
			{poly "piece7"}
		}
		{bone "piece8"
			{Matrix34
				-1	0	0
				0	0	1
				0	1	0
				-1.88348	-85.0528	70.3059
			}
			{poly "piece8"}
		}
		{bone "piece9"
			{Matrix34
				1	0	0
				0	0	1
				0	-1	0
				64.1984	48.8055	30.9519
			}
			{poly "piece9"}
		}
		{bone "piece10"
			{Matrix34
				-1	0	0
				0	0	1
				0	1	0
				-55.8093	-85.0528	30.9519
			}
			{poly "piece10"}
		}
		{bone "piece11"
			{Matrix34
				-1	0	0
				0	0	1
				0	1	0
				-59.9543	-85.0528	64.8018
			}
			{poly "piece11"}
		}
		{bone "piece12"
			{Matrix34
				-1	0	0
				0	0	1
				0	1	0
				69.49	-85.0528	59.9914
			}
			{poly "piece12"}
		}
		{bone "piece14"
			{Matrix34
				0	-1	0
				0	0	1
				-1	0	0
				82.9118	35.6976	30.9519
			}
			{poly "piece14"}
		}
		{bone "piece15"
			{Matrix34
				0	-1	0
				0	0	1
				-1	0	0
				82.5356	-69.441	59.9914
			}
			{poly "piece15"}
		}
		{bone "sub_piece0"
			{Matrix34
				0	-1	0
				0	0	1
				-1	0	0
				83.0054	35.5626	64.8018
			}
			{poly "sub_piece0"}
		}
		{bone "sub_piece1"
			{Matrix34
				0	-1	0
				0	0	1
				-1	0	0
				82.9118	-73.7756	30.9519
			}
			{poly "sub_piece1"}
		}
	}
}
{Volume "sub_piece1"
	{Box 5.90552 19.0394 23.132}
	{Bone "sub_piece1"}
	{Matrix34
		0	0	-1
		-0.866025	-0.5	0
		-0.5	0.866025	0
		-0.514894	-0.0439669	4.06161e-005
	}
}
{Volume "sub_piece0"
	{Box 5.90552 28.5827 13.7474}
	{Bone "sub_piece0"}
	{Matrix34
		0	0	-1
		-0.5	0.866025	0
		0.866025	0.5	0
		1.55473	0.2741	-2.6307e-005
	}
}
{Volume "piece15"
	{Box 5.90552 16.4835 29.8033}
	{Bone "piece15"}
	{Matrix34
		0	0	-1
		-1	0	0
		0	1	0
		0	1.20531	2.29284e-005
	}
}
{Volume "piece14"
	{Box 5.90552 19.6252 23.132}
	{Bone "piece14"}
	{Matrix34
		0	0	-1
		-0.866025	-0.5	0
		-0.5	0.866025	0
		-0.900393	0.0120414	-1.87224e-005
	}
}
{Volume "piece12"
	{Box 15.9216 5.90552 33.5287}
	{Bone "piece12"}
	{Matrix34
		-1	0	0
		0	0	1
		0	1	0
		-0.0136372	0.295212	0
	}
}
{Volume "piece11"
	{Box 27.3307 5.90552 14.1569}
	{Bone "piece11"}
	{Matrix34
		-0.573577	0.819152	0
		0	0	1
		0.819152	0.573577	0
		1.71994	0.144562	0
	}
}
{Volume "piece10"
	{Box 24.3118 5.90552 19.4308}
	{Bone "piece10"}
	{Matrix34
		-0.707107	0.707107	0
		0	0	1
		0.707107	0.707107	0
		-1.16839	0.569959	0
	}
}
{Volume "piece9"
	{Box 26.9481 5.90552 15.4984}
	{Bone "piece9"}
	{Matrix34
		0.707107	-0.707107	0
		0	0	-1
		0.707107	0.707107	0
		-1.2655	-0.182536	0
	}
}
{Volume "piece8"
	{Box 43.0512 5.90552 13.6634}
	{Bone "piece8"}
	{Matrix34
		-1	0	0
		0	0	1
		0	1	0
		0	-0.14566	0
	}
}
{Volume "piece7"
	{Box 20.4134 5.90552 32.9292}
	{Bone "piece7"}
	{Matrix34
		-0.707107	-0.707107	0
		0	0	1
		-0.707107	0.707107	0
		0.597001	0.98221	0
	}
}
{Volume "piece6"
	{Box 22.2342 5.90552 26.6228}
	{Bone "piece6"}
	{Matrix34
		-0.984808	-0.173648	0
		0	0	1
		-0.173648	0.984808	0
		2.05049	0.0719992	0
	}
}
{Volume "piece5"
	{Box 16.2962 5.90553 29.8033}
	{Bone "piece5"}
	{Matrix34
		1	0	0
		0	0	-1
		0	1	0
		-4.71474e-005	-0.025795	0
	}
}
{Volume "piece4"
	{Box 30.7874 5.90553 18.9168}
	{Bone "piece4"}
	{Matrix34
		0.766045	-0.642788	0
		0	0	-1
		0.642788	0.766045	0
		0.600622	1.3765	0
	}
}
{Volume "piece3"
	{Box 45.1772 5.90553 14.6755}
	{Bone "piece3"}
	{Matrix34
		1	0	0
		0	0	-1
		0	1	0
		4.44053e-005	0.333249	0
	}
}
{Volume "piece2"
	{Box 28.1103 5.90553 14.6249}
	{Bone "piece2"}
	{Matrix34
		0.5	-0.866026	0
		0	0	-1
		0.866026	0.5	0
		1.72997	0.529349	0
	}
}
{Volume "piece1"
	{Box 5.90558 44.6457 14.3382}
	{Bone "piece1"}
	{Matrix34
		0	0	-1
		-1	0	0
		0	1	0
		0	0.413857	-5.48932e-005
	}
}
{Volume "piece0"
	{Box 35.3667 5.90553 18.937}
	{Bone "piece0"}
	{Matrix34
		-0.984808	0.173648	0
		0	0	1
		0.173648	0.984808	0
		-0.904671	0.408548	0
	}
}
