;Exported by:	 tolokolnikova
;Date:			 11.06.2018 12:51:43
;File:			 D:\gem2\gem2-mdl-soldiers\models\building\house_uk\house_uk_001_x.max
{skeleton
	{bone "hs_ua_piece_03_x_point"
		{orientation
			1 	 0 	 0
			0 	 -1 	 0
			0 	 0 	 1
		}
		{bone "piece02"
			{matrix34
				1 	 0 	 0
				0 	 -0.766 	 0.6428
				0 	 0.6428 	 0.766
				-23.5064 	 -19.2443 	 -1.5865
			}
			{poly "piece02"}
		}
		{bone "piece03"
			{matrix34
				0.8572 	 0.5138 	 -0.0359
				0.4059 	 -0.6309 	 0.6613
				-0.3171 	 0.5814 	 0.7493
				7.903 	 -0.4235 	 21.4031
			}
			{poly "piece03"}
		}
		{bone "piece01"
			{matrix34
				-0.8987 	 -0.3249 	 -0.2947
				-0.0436 	 0.7346 	 -0.6771
				-0.4365 	 0.5956 	 0.6743
				26.4204 	 -27.1638 	 6.6969
			}
			{poly "piece01"}
		}
		{bone "piece07"
			{Position 6.3895 	 -28.2124 	 -10.6769}
			{poly "piece07"}
		}
		{bone "piece08"
			{matrix34
				0 	 1 	 0
				-1 	 0 	 0
				0 	 0 	 1
				24.0645 	 1.4774 	 -10.6769
			}
			{poly "piece08"}
		}
		{bone "hs_ua_03"
			{matrix34
				-1 	 0 	 0
				0 	 1 	 0
				0 	 0 	 1
				21.5191 	 0.686 	 -52.9127
			}
			{poly "hs_ua_03"}
		}
		{bone "piece04"
			{Position 24.6087 	 -27.9223 	 -23.8059}
			{poly "piece04"}
		}
		{bone "piece06"
			{matrix34
				1 	 0 	 0
				0 	 -0.766 	 0.6428
				0 	 0.6428 	 0.766
				-23.5064 	 1.6415 	 23.3042
			}
			{poly "piece06"}
		}
		{bone "piece05"
			{matrix34
				-0.8987 	 -0.3249 	 -0.2947
				-0.0436 	 0.7346 	 -0.6771
				-0.4365 	 0.5956 	 0.6743
				8.6853 	 -1.508 	 34.8775
			}
			{poly "piece05"}
		}
		{bone revolute "attach1"
			{matrix34
				0 	 -1 	 0
				1 	 0 	 0
				0 	 0 	 1
				6.7513 	 -3.9532 	 -52.9838
			}
		}
		{bone "fort_wall"
			{matrix34
				-1 	 0 	 0
				0 	 -1 	 0
				0 	 0 	 1
				3.8252 	 -36.4137 	 -47.356
			}
		}
		{bone "piece09"
			{matrix34
				0.88 	 0.3053 	 0.3638
				0 	 -0.766 	 0.6428
				-0.475 	 0.5657 	 0.6741
				19.0369 	 -19.2443 	 2.1357
			}
			{poly "piece09"}
		}
		{bone "debris_land_001"
			{parameters "commonmesh;land;ground;"}
			{matrix34
				0 	 1 	 0
				-1 	 0 	 0
				0 	 0 	 1
				11.8333 	 -40.364 	 -52.9713
			}
			{poly "debris_land_001" {ground}}
		}
		{bone "stones_001"
			{parameters "commonmesh;land;ground;"}
			{matrix34
				-0.342 	 0.9397 	 0
				-0.9397 	 -0.342 	 0
				0 	 0 	 1
				11.8333 	 -40.3507 	 -52.9713
			}
			{poly "stones_001" {ground}}
		}
	}
}
{volume "piece01"
	{cylinder 1.1192 24.9269}
	{bone "piece01"}
	{matrix34
		-0.9625 	 -0.2646 	 -0.0591
		0.2645 	 -0.9643 	 0.0101
		0.0597 	 0.0059 	 -0.9982
		-0.5005 	 0.2429 	 1.0062
	}
}
{volume "piece02"
	{cylinder 1.69575 22.3974}
	{bone "piece02"}
	{matrix34
		1 	 0 	 0
		0 	 1 	 0
		0 	 0 	 -1
		-0.0659 	 0.1806 	 0.6774
	}
}
{volume "piece03"
	{cylinder 1.69575 27.2627}
	{bone "piece03"}
	{matrix34
		0.7962 	 0.5978 	 0.0933
		-0.6051 	 0.7866 	 0.1229
		-0.0001 	 0.1543 	 -0.988
		0.2586 	 -0.3841 	 0.313
	}
}
{volume "piece04"
	{cylinder 2.77992 20.4117}
	{bone "piece04"}
	{Position -0.0632 	 -0.1723 	 2.0641}
}
{volume "piece05"
	{cylinder 1.2379 24.9269}
	{bone "piece05"}
	{matrix34
		-0.9639 	 -0.265 	 0.0272
		0.2664 	 -0.9593 	 0.0934
		-0.0014 	 -0.0973 	 -0.9953
		0.1996 	 0.4215 	 0.2848
	}
}
{volume "piece06"
	{cylinder 1.69575 25.1656}
	{bone "piece06"}
	{matrix34
		1 	 0 	 0
		0 	 1 	 0
		0 	 0 	 -1
		-0.066 	 0.1806 	 -1.678
	}
}
{volume "piece07"
	{box 33.515 6.69411 1.86524}
	{bone "piece07"}
	{Position 0.5683 	 0 	 0.1124}
}
{volume "piece08"
	{box 27.8175 6.69411 1.86524}
	{bone "piece08"}
	{Position 0.5532 	 0 	 0.1124}
}
{volume "piece09"
	{cylinder 1.69575 22.3974}
	{bone "piece09"}
	{matrix34
		1 	 0 	 0
		0 	 1 	 0
		0 	 0 	 -1
		-0.0659 	 0.1806 	 0.6774
	}
}
{volume "target_vol_01"
	{box 9.84252 9.84252 15.6501}
	{bone "hs_ua_piece_03_x_point"}
	{matrix34
		0 	 -1 	 0
		1 	 0 	 0
		0 	 0 	 1
		6.7513 	 -3.9532 	 -34.7838
	}
}
{volume "vol_01"
	{box 57.2835 8.14947 20.3148}
	{bone "hs_ua_03"}
	{matrix34
		0 	 1 	 0
		1 	 0 	 0
		0 	 0 	 1
		1.8529 	 -1.1548 	 1.0224
	}
}
{volume "vol_02"
	{box 4.90158 4.78346 20.5986}
	{bone "hs_ua_03"}
	{matrix34
		0 	 1 	 0
		1 	 0 	 0
		0 	 0 	 1
		-2.6719 	 -28.102 	 4.1164
	}
}
{volume "vol_03"
	{box 57.2835 16.6249 20.3148}
	{bone "hs_ua_03"}
	{matrix34
		1 	 0 	 0
		0 	 -1 	 0
		0 	 0 	 1
		26.8345 	 -22.6252 	 1.0224
	}
}
{volume "vol_04"
	{box 4.90158 4.78346 17.9208}
	{bone "hs_ua_03"}
	{matrix34
		0 	 1 	 0
		1 	 0 	 0
		0 	 0 	 1
		55.8494 	 -28.7016 	 2.7775
	}
}
