;Exported by:	 tolokolnikova
;Date:			 27.06.2017 14:57:09
;File:			 D:\gem2\gem2-mdl-soldiers\models\building\house_D\D_005_cut_x_fort.max
{skeleton
	{bone "d005_piece08_point"
		{orientation
			1 	 0 	 0
			0 	 -1 	 0
			0 	 0 	 1
		}
		{bone "sub_piece05"
			{Position 0.5522 	 -28.3314 	 20.3123}
			{poly "sub_piece05"}
		}
		{bone "sub_piece01"
			{matrix34
				0 	 0.7071 	 0.7071
				0 	 0.7071 	 -0.7071
				1 	 0 	 0
				-3.3523 	 -20.9246 	 20.0787
			}
			{poly "sub_piece01"}
		}
		{bone "sub_piece02"
			{Position -7.0052 	 31.1194 	 -3.2415}
			{poly "sub_piece02"}
		}
		{bone "piece01"
			{Position 12.3218 	 31.1139 	 -8.3344}
			{poly "piece01"}
		}
		{bone "sub_piece04"
			{Position -2.4981 	 31.1194 	 -16.1068}
			{poly "sub_piece04"}
		}
		{bone "sub_piece06"
			{Position 6.5676 	 0.1843 	 15.3486}
			{poly "sub_piece06"}
		}
		{bone "sub_piece07"
			{Position -1.8963 	 26.6227 	 5.9884}
			{poly "sub_piece07"}
		}
		{bone "piece02"
			{Position 19.9055 	 15.474 	 -8.7205}
			{poly "piece02"}
		}
		{bone "piece03"
			{Position 19.9415 	 -0.0656 	 2.852}
			{poly "piece03"}
		}
		{bone "sub_piece03"
			{Position 19.9317 	 -13.4084 	 11.7489}
			{poly "sub_piece03"}
		}
	}
}
{volume "piece01"
	{box 5.90551 15.0377 17.9705}
	{bone "piece01"}
	{matrix34
		0 	 1 	 0
		-0.788 	 0 	 -0.6157
		-0.6157 	 0 	 0.788
		-1.2337 	 0.2475 	 -0.0424
	}
}
{volume "piece02"
	{box 5.90551 28.9007 15.8553}
	{bone "piece02"}
	{matrix34
		1 	 0 	 0
		0 	 0.9563 	 0.2924
		0 	 -0.2924 	 0.9563
		0.1324 	 1.2726 	 -0.0872
	}
}
{volume "piece03"
	{box 5.90551 11.1391 16.7443}
	{bone "piece03"}
	{matrix34
		1 	 0 	 0
		0 	 0.766 	 -0.6428
		0 	 0.6428 	 0.766
		0.1324 	 -1.0417 	 0.265
	}
}
{volume "sub_piece01"
	{box 29.258 2.95276 2.95276}
	{bone "sub_piece01"}
	{matrix34
		0 	 0 	 1
		0.7071 	 0.7071 	 0
		0.7071 	 -0.7071 	 0
		0.01 	 -0.01 	 1.4017
	}
}
{volume "sub_piece02"
	{box 5.90551 12.7925 10.4432}
	{bone "sub_piece02"}
	{matrix34
		0 	 1 	 0
		-1 	 0 	 0
		0 	 0 	 1
		0.3003 	 0.05 	 -0.409
	}
}
{volume "sub_piece03"
	{box 14.4685 5.90551 10.3562}
	{bone "sub_piece03"}
	{matrix34
		0 	 1 	 0
		-1 	 0 	 0
		0 	 0 	 1
		0.0733 	 -0.3988 	 -0.1107
	}
}
{volume "sub_piece04"
	{box 5.90551 12.7925 6.35296}
	{bone "sub_piece04"}
	{matrix34
		0 	 1 	 0
		-0.9848 	 0 	 0.1736
		0.1736 	 0 	 0.9848
		0.1735 	 0.05 	 -0.253
	}
}
{volume "sub_piece05"
	{box 21.684 12.1868 1.2554}
	{bone "sub_piece05"}
	{matrix34
		1 	 0 	 0
		0 	 0.9397 	 0.342
		0 	 -0.342 	 0.9397
		-0.2093 	 0.6124 	 0.1059
	}
}
{volume "sub_piece06"
	{box 13.9 18.1892 1.09166}
	{bone "sub_piece06"}
	{matrix34
		-1 	 0 	 0
		0 	 -0.9397 	 0.342
		0 	 0.342 	 0.9397
		0 	 0.1867 	 0.5129
	}
}
{volume "sub_piece07"
	{box 18.209 17.8255 1.09166}
	{bone "sub_piece07"}
	{matrix34
		-1 	 0 	 0
		0 	 -0.9397 	 0.342
		0 	 0.342 	 0.9397
		1.7532 	 2.4998 	 -0.4546
	}
}
