;Exported by: Ekaterina
;Date:        Thu Apr 10 16:58:32 2008
;File:        D:\-Project-\-3DWork-\camp_afric_x.max
{Skeleton
	{bone "desk_x"
		{Orientation
			1	0	0
			0	-1	0
			0	0	1
		}
		{bone "piece04"
			{Position 10.8434	-12.8428	24.9587}
			{poly "piece04"}
		}
		{bone "piece01"
			{Position 12.3864	15.9418	11.1054}
			{poly "piece01"}
		}
		{bone "piece05"
			{Matrix34
				1	0	0
				0	1	0
				0	0	1
				-13.2449	-11.7453	10.9072
			}
			{poly "piece05"}
		}
		{bone "piece02"
			{Position 9.12273	-11.2206	11.099}
			{poly "piece02"}
		}
		{bone "piece03"
			{Position 12.3864	-39.3367	11.1054}
			{poly "piece03"}
		}
		{bone "piece06"
			{Position -10.8518	-1.1659	30.5813}
			{poly "piece06"}
		}
		{bone "piece07"
			{Position -3.00496	15.2313	44.5966}
			{poly "piece07"}
		}
		{bone "piece08"
			{Position -15.0745	-38.1468	28.489}
			{poly "piece08"}
		}
		{bone "fx_haulm2"
			{Matrix34
				0	0	1
				0	1	0
				-1	0	0
				3.84196	-10.2753	26.6339
			}
		}
	}
}
{Volume "piece01"
	{Box 4.49911 4.42579 21.9648}
	{Bone "piece01"}
	{Position 0	0	0}
}
{Volume "piece02"
	{Box 3.72048 63.4507 3.9433}
	{Bone "piece02"}
	{Matrix34
		1	0	0
		0	0.939693	0.34202
		0	-0.34202	0.939693
		0	0.718155	0.110258
	}
}
{Volume "piece03"
	{Box 4.49911 4.42579 21.9648}
	{Bone "piece03"}
	{Position 0	0	0}
}
{Volume "piece04"
	{Box 4.65378 61.1795 3.56986}
	{Bone "piece04"}
	{Position 0	0	0.0328572}
}
{Volume "piece05"
	{Box 4.13935 59.6939 3.55214}
	{Bone "piece05"}
	{Matrix34
		1	0	0
		0	0.939693	-0.342021
		0	0.34202	0.939693
		0	-0.451335	0.370022
	}
}
{Volume "piece06"
	{Box 3.21863 39.1037 3.75502}
	{Bone "piece06"}
	{Position 0.0471878	-11.2315	0.2686}
}
{Volume "piece07"
	{Box 29.255 2.99305 5.38167}
	{Bone "piece07"}
	{Matrix34
		0.906308	0	0.422618
		0	1	0
		-0.422618	0	0.906308
		0.0486802	0	0.456442
	}
}
{Volume "piece08"
	{Box 19.4365 3.06635 26.2084}
	{Bone "piece08"}
	{Matrix34
		0.766044	0	-0.642788
		0	1	0
		0.642788	0	0.766044
		8.14321	-0.476154	17.639
	}
}
