;Exported by:	 joomb
;Date:			 09.08.2022 17:29:54
;File:			 D:\git\gem2-mdl-soldiers\models\fence\sandbag_woodbeam\m4_wood1_001_g2_animation_x.max
{skeleton
	{animation
		{sequence "crush1" {speed 0.5}}
	}
	{bone "s2_point"
		{orientation
			1 	 0 	 0
			0 	 -1 	 0
			0 	 0 	 1
		}
		{bone "x2"
			{Position 0 	 -0.0047 	 0}
			{bone "piece02"
				{matrix34
					-0.816 	 -0.5714 	 0.0872
					0.5736 	 -0.8192 	 0
					0.0714 	 0.05 	 0.9962
					15.8804 	 3.977 	 11.3162
				}
				{poly "piece02"}
			}
			{bone "piece03"
				{matrix34
					-0.816 	 -0.5714 	 0.0872
					0.5736 	 -0.8192 	 0
					0.0714 	 0.05 	 0.9962
					9.8678 	 18.227 	 15.2019
				}
				{poly "piece03"}
			}
			{bone "piece01"
				{matrix34
					-0.816 	 -0.5714 	 0.0872
					0.5736 	 -0.8192 	 0
					0.0714 	 0.05 	 0.9962
					3.782 	 22.089 	 20.7591
				}
				{poly "piece01"}
			}
			{bone "piece04"
				{matrix34
					-0.9962 	 0 	 0.0872
					0 	 -1 	 0
					0.0872 	 0 	 0.9962
					12.2602 	 -14.748 	 12.3537
				}
				{poly "piece04"}
			}
			{bone "piece05"
				{matrix34
					-0.9962 	 0 	 0.0872
					0 	 -1 	 0
					0.0872 	 0 	 0.9962
					10.6277 	 -7.3925 	 20.4955
				}
				{poly "piece05"}
			}
			{bone "piece06"
				{matrix34
					-0.7044 	 0.7044 	 0.0872
					-0.7071 	 -0.7071 	 0
					0.0616 	 -0.0616 	 0.9962
					1.6575 	 -26.5051 	 19.496
				}
				{poly "piece06"}
			}
		}
		{bone "x1"
			{bone "sand08"
				{matrix34
					0.9839 	 -0.175 	 -0.0368
					-0.1741 	 -0.9844 	 0.0267
					0.0409 	 0.0199 	 0.999
					12.5267 	 0.5977 	 24.3415
				}
				{poly "sand08"}
			}
			{bone "sand07"
				{matrix34
					-0.9397 	 -0.342 	 0
					0.3416 	 -0.9384 	 -0.0523
					0.0179 	 -0.0492 	 0.9986
					6.5903 	 21.6443 	 21.4751
				}
				{poly "sand07"}
			}
			{bone "sand06"
				{matrix34
					-0.9397 	 0.342 	 0
					-0.3416 	 -0.9384 	 -0.0523
					-0.0179 	 -0.0492 	 0.9986
					12.788 	 -14.942 	 20.0951
				}
				{poly "sand06"}
			}
			{bone "sand05"
				{matrix34
					0.5686 	 -0.8205 	 -0.0594
					0.7955 	 0.5667 	 -0.2145
					0.2097 	 0.0747 	 0.9749
					4.7007 	 -27.2697 	 20.9675
				}
				{poly "sand05"}
			}
			{bone "sand04"
				{matrix34
					-0.2588 	 0.9659 	 0
					-0.9646 	 -0.2585 	 -0.0523
					-0.0506 	 -0.0135 	 0.9986
					-10.7361 	 -38.5571 	 20.0951
				}
				{poly "sand04"}
			}
			{bone "sand03"
				{matrix34
					-0.766 	 0.6428 	 0
					-0.6419 	 -0.765 	 -0.0523
					-0.0336 	 -0.0401 	 0.9986
					9.1417 	 -19.4144 	 16.5732
				}
				{poly "sand03"}
			}
			{bone "sand02"
				{matrix34
					0.9254 	 0.342 	 -0.1632
					-0.3455 	 0.9384 	 0.0078
					0.1558 	 0.0492 	 0.9866
					8.9592 	 -24.0571 	 11.8379
				}
				{poly "sand02"}
			}
			{bone "sand"
				{matrix34
					-0.1736 	 0.9848 	 0
					-0.9835 	 -0.1734 	 -0.0523
					-0.0515 	 -0.0091 	 0.9986
					-16.799 	 -39.2734 	 2.7115
				}
				{poly "sand"}
			}
			{bone "sand01"
				{matrix34
					0.4162 	 0.8965 	 -0.1521
					-0.9004 	 0.4296 	 0.0684
					0.1267 	 0.1085 	 0.986
					9.4647 	 12.5067 	 24.0097
				}
				{poly "sand01"}
			}
			{bone "wall"
				{Position -22.631 	 -0.2409 	 0.6977}
				{poly "wall"}
			}
		}
		{bone "land"
			{parameters "land;ground;"}
			{matrix34
				0 	 1 	 0
				-1 	 0 	 0
				0 	 0 	 1
				8.8676 	 -4.4133 	 0
			}
			{poly "land" {ground}}
		}
	}
}
{volume "piece01"
	{box 13.505 9.93109 4.41866}
	{bone "piece01"}
	{matrix34
		-0.0868 	 -0.9962 	 0.0076
		0.9924 	 -0.0872 	 -0.0868
		0.0872 	 0 	 0.9962
		-0.2249 	 0.358 	 -0.6985
	}
}
{volume "piece02"
	{box 13.505 9.93109 4.41866}
	{bone "piece02"}
	{matrix34
		-0.0868 	 -0.9962 	 0.0076
		0.9924 	 -0.0872 	 -0.0868
		0.0872 	 0 	 0.9962
		-0.2249 	 0.358 	 -0.6985
	}
}
{volume "piece03"
	{box 13.505 9.93109 4.41866}
	{bone "piece03"}
	{matrix34
		-0.0868 	 -0.9962 	 0.0076
		0.9924 	 -0.0872 	 -0.0868
		0.0872 	 0 	 0.9962
		-0.2249 	 0.358 	 -0.6985
	}
}
{volume "piece04"
	{box 13.505 9.93109 4.41866}
	{bone "piece04"}
	{matrix34
		-0.0868 	 -0.9962 	 0.0076
		0.9924 	 -0.0872 	 -0.0868
		0.0872 	 0 	 0.9962
		-0.2249 	 0.358 	 -0.6985
	}
}
{volume "piece05"
	{box 13.505 9.93109 4.41866}
	{bone "piece05"}
	{matrix34
		-0.0868 	 -0.9962 	 0.0076
		0.9924 	 -0.0872 	 -0.0868
		0.0872 	 0 	 0.9962
		-0.2249 	 0.358 	 -0.6985
	}
}
{volume "piece06"
	{box 13.505 9.93109 4.41866}
	{bone "piece06"}
	{matrix34
		-0.0868 	 -0.9962 	 0.0076
		0.9924 	 -0.0872 	 -0.0868
		0.0872 	 0 	 0.9962
		-0.2249 	 0.358 	 -0.6985
	}
}
