;Exported by	: KobaA
;Date			: 17.01.2024 13:27:03
;File			: d:\git\gem2-mdl-soldiers\models\building\water_mill\water_mill_fort_cut.max
{skeleton
	{bone "h_80a_g2_piece01"
		{orientation
			1 	 0 	 0
			0 	 -1 	 0
			0 	 0 	 1
		}
		{poly "h_80a_g2_piece01"}
		{bone "fix18"
			{Position 24.0913 	 -11.434 	 -22.4171}
		}
		{bone "exterior"
			{Position 0.4361 	 2.3289 	 0.7395}
			{poly "exterior"}
		}
	}
}
{"volumes"
	{"body1"
		{polyhedron}
		{bone "h_80a_g2_piece01"}
		{matrix34
			0 	 0.657 	 -0.7539
			-1 	 0 	 0
			0 	 0.7539 	 0.657
			24.1983 	 -20.3501 	 -11.444
		}
	}
	{"body2"
		{polyhedron}
		{bone "h_80a_g2_piece01"}
		{matrix34
			0 	 0.6428 	 0.766
			-1 	 0 	 0
			0 	 -0.766 	 0.6428
			24.1983 	 29.5256 	 -15.1477
		}
	}
	{"body3"
		{polyhedron}
		{bone "h_80a_g2_piece01"}
		{matrix34
			0 	 1 	 0
			-1 	 0 	 0
			0 	 0 	 1
			24.1983 	 9.5854 	 -17.4132
		}
	}
	{"body4"
		{polyhedron}
		{bone "h_80a_g2_piece01"}
		{matrix34
			0 	 1 	 0
			-1 	 0 	 0
			0 	 0 	 1
			24.1983 	 -17.1649 	 -11.2979
		}
	}
	{"roof1"
		{polyhedron}
		{bone "exterior"}
		{matrix34
			1 	 0 	 0
			0 	 0.766 	 -0.6428
			0 	 0.6428 	 0.766
			12.6803 	 12.6229 	 0.3936
		}
	}
	{"roof2"
		{polyhedron}
		{bone "exterior"}
		{matrix34
			1 	 0 	 0
			0 	 0.766 	 -0.6428
			0 	 0.6428 	 0.766
			-12.9814 	 9.0111 	 3.4242
		}
	}
	{"roof3"
		{polyhedron}
		{bone "exterior"}
		{matrix34
			-1 	 0 	 0
			0 	 -0.766 	 -0.6428
			0 	 -0.6428 	 0.766
			15.156 	 -20.2728 	 6.8134
		}
	}
	{"roof4"
		{polyhedron}
		{bone "exterior"}
		{matrix34
			-1 	 0 	 0
			0 	 -0.766 	 -0.6428
			0 	 -0.6428 	 0.766
			-3.2364 	 -21.836 	 5.5017
		}
	}
}
