;Exported by	: KobaA
;Date			: 15.04.2024 11:20:54
;File			: d:\git\gem2-mdl-soldiers\models\fence\fence_s01\fence_s01.max
{skeleton
	{bone "fence_s01_basis_x"
		{orientation
			1 	 0 	 0
			0 	 -1 	 0
			0 	 0 	 1
		}
		{poly "fence_s01_basis_x"}
		{bone "piece01"
			{Position 16.1408 	 0.2451 	 12.4998}
			{poly "piece01"}
		}
		{bone "piece02"
			{Position 28.0376 	 0.2209 	 9.4118}
			{poly "piece02"}
		}
		{bone "piece03"
			{Position 43.1347 	 -0.0282 	 12.7146}
			{poly "piece03"}
		}
		{bone "piece04"
			{Position -25.7337 	 0.4606 	 8.5443}
			{poly "piece04"}
		}
		{bone "piece05"
			{Position -38.9084 	 0.2209 	 9.6297}
			{poly "piece05"}
		}
		{bone "piece06"
			{Position -11.6921 	 0.0392 	 13.8302}
			{poly "piece06"}
		}
		{bone "piece07"
			{Position 0.7653 	 0.2617 	 8.6753}
			{poly "piece07"}
		}
		{bone "fx_stone1"
			{Position 5.9906 	 -0.0024 	 10.7323}
		}
	}
}
{"volumes"
	{"piece01"
		{box 10.3863 6.90942 8.71264}
		{bone "piece01"}
		{matrix34
			0.9857 	 0 	 -0.1686
			0 	 1 	 0
			0.1686 	 0 	 0.9857
			0.0716 	 -0.2859 	 -0.1024
		}
	}
	{"piece02"
		{box 8.30906 6.90942 4.60304}
		{bone "piece02"}
		{matrix34
			0.8875 	 0 	 0.4608
			0 	 1 	 0
			-0.4608 	 0 	 0.8875
			-0.216 	 -0.2612 	 0.6113
		}
	}
	{"piece03"
		{box 11.051 7.73855 5.98396}
		{bone "piece03"}
		{matrix34
			0.9442 	 0 	 -0.3293
			0 	 1 	 0
			0.3293 	 0 	 0.9442
			0.128 	 -0.0151 	 0.6548
		}
	}
	{"piece04"
		{box 10.3863 6.90942 6.70873}
		{bone "piece04"}
		{matrix34
			0.9857 	 0 	 -0.1686
			0 	 1 	 0
			0.1686 	 0 	 0.9857
			0.2652 	 -0.5014 	 -0.8586
		}
	}
	{"piece05"
		{box 8.30906 6.90942 4.60304}
		{bone "piece05"}
		{matrix34
			0.8875 	 0 	 0.4608
			0 	 1 	 0
			-0.4608 	 0 	 0.8875
			-0.216 	 -0.2612 	 0.6113
		}
	}
	{"piece06"
		{box 8.30906 6.90942 4.60304}
		{bone "piece06"}
		{matrix34
			0.8996 	 0 	 -0.4367
			0 	 1 	 0
			0.4367 	 0 	 0.8996
			0.9371 	 0.1794 	 0.6308
		}
	}
	{"piece07"
		{box 6.54338 6.90942 5.05333}
		{bone "piece07"}
		{matrix34
			0.9857 	 0 	 -0.1686
			0 	 1 	 0
			0.1686 	 0 	 0.9857
			-0.1767 	 -0.3026 	 -0.5651
		}
	}
}
