;Exported by	: KobaA
;Date			: 28.03.2024 15:17:45
;File			: d:\git\gem2-mdl-soldiers\models\entourage\netting_test\netting_test_1.max
{skeleton
	{bone "basis4"
		{orientation
			1 	 0 	 0
			0 	 -1 	 0
			0 	 0 	 1
		}
		{bone "body"
			{matrix34
				0.9063 	 0.4226 	 0
				-0.4226 	 0.9063 	 0
				0 	 0 	 1
				-47.1655 	 38.4263 	 0
			}
			{poly "body"}
		}
	}
}
{obstacle "obstacle01"
	{obb2
		{center -39.9751 -34.7805}
		{extent 11.2953 17.493}
		{axis -0.906308 -0.422618}
	}
	{rotate}
}
{"volumes"
	{"body01"
		{box 2.47982 2.26826 64.3109}
		{bone "body"}
		{Position -0.0103 	 0.0368 	 32.1555}
	}
	{"fire01"
		{box 68.922 58.0073 5.77973}
		{bone "body"}
		{matrix34
			0.9362 	 -0.3516 	 0
			0.3516 	 0.9362 	 0
			0 	 0 	 1
			14.7059 	 -35.201 	 -1.7798
		}
	}
	{"fire03"
		{box 11.2965 9.52473 66.4716}
		{bone "body"}
		{matrix34
			0.5736 	 -0.8112 	 0.1134
			0.8165 	 0.5774 	 0
			-0.0655 	 0.0926 	 0.9935
			0.717 	 -3.8073 	 28.3517
		}
	}
}
