;Exported by:	 tolokolnikova
;Date:			 27.06.2017 14:31:39
;File:			 D:\gem2\gem2-mdl-soldiers\models\building\house_D\D_003_x_fort.max
{skeleton
	{bone "d003_piece09_point"
		{orientation
			1 	 0 	 0
			0 	 -1 	 0
			0 	 0 	 1
		}
		{bone "piece01"
			{Position 29.5642 	 13.4887 	 12.7563}
			{poly "piece01"}
		}
		{bone "piece02"
			{matrix34
				0.998 	 0.0627 	 0.0075
				-0.0599 	 0.978 	 -0.2
				-0.0199 	 0.1992 	 0.9798
				29.5894 	 12.0207 	 33.246
			}
			{poly "piece02"}
		}
		{bone "piece03"
			{matrix34
				1 	 0 	 0
				0 	 0.2588 	 -0.9659
				0 	 0.9659 	 0.2588
				29.4476 	 -21.8279 	 15.132
			}
			{poly "piece03"}
		}
		{bone "piece04"
			{Position 29.5659 	 -10.707 	 -3.3062}
			{poly "piece04"}
		}
		{bone "piece05"
			{Position 29.5659 	 -39.6948 	 3.9415}
			{poly "piece05"}
		}
		{bone "piece06"
			{Position 29.592 	 -4.3922 	 -28.6489}
			{poly "piece06"}
		}
		{bone "piece07"
			{Position 29.566 	 -32.5353 	 -16.7334}
			{poly "piece07"}
		}
		{bone "piece08"
			{matrix34
				0 	 1 	 0
				1 	 0 	 0
				0 	 0 	 1
				-4.2624 	 -49.3347 	 9.9306
			}
			{poly "piece08"}
		}
		{bone "piece09"
			{Position 25.2459 	 -49.2661 	 5.4688}
			{poly "piece09"}
		}
		{bone "sub_piece01"
			{Position 29.5003 	 -17.2898 	 -22.4306}
			{poly "sub_piece01"}
		}
		{bone "sub_piece02"
			{Position 29.501 	 -5.5495 	 24.9335}
			{poly "sub_piece02"}
		}
		{bone "sub_piece03"
			{matrix34
				0 	 -1 	 0
				1 	 0 	 0
				0 	 0 	 1
				22.9569 	 -49.2515 	 -16.2069
			}
			{poly "sub_piece03"}
		}
		{bone "sub_piece04"
			{Position 14.4944 	 -28.6923 	 26.8893}
			{poly "sub_piece04"}
		}
	}
}
{volume "piece01"
	{box 5.90551 12.432 19.4865}
	{bone "piece01"}
	{Position 0.1324 	 -2.0349 	 -0.0706}
}
{volume "piece02"
	{box 5.90551 23.4965 10.3279}
	{bone "piece02"}
	{matrix34
		1 	 0 	 0
		0 	 0.9563 	 0.2924
		0 	 -0.2924 	 0.9563
		0.1324 	 0.3765 	 0.3558
	}
}
{volume "piece03"
	{box 5.90551 12.432 19.4865}
	{bone "piece03"}
	{matrix34
		1 	 0 	 0
		0 	 0.9659 	 -0.2588
		0 	 0.2588 	 0.9659
		0.1324 	 -0.2187 	 0.075
	}
}
{volume "piece04"
	{box 5.90551 23.4965 10.3279}
	{bone "piece04"}
	{matrix34
		1 	 0 	 0
		0 	 0.9563 	 0.2924
		0 	 -0.2924 	 0.9563
		0.1324 	 0.2998 	 0.255
	}
}
{volume "piece05"
	{box 5.90551 15.0377 17.9705}
	{bone "piece05"}
	{matrix34
		1 	 0 	 0
		0 	 0.788 	 -0.6157
		0 	 0.6157 	 0.788
		0.1324 	 0.9235 	 -0.7791
	}
}
{volume "piece06"
	{box 5.90551 12.432 19.4865}
	{bone "piece06"}
	{Position 0.1324 	 1.1265 	 0.3743}
}
{volume "piece07"
	{box 5.90551 12.432 19.4865}
	{bone "piece07"}
	{matrix34
		1 	 0 	 0
		0 	 0.9659 	 -0.2588
		0 	 0.2588 	 0.9659
		0.1324 	 -0.195 	 0.0578
	}
}
{volume "piece08"
	{box 5.90551 22.2533 14.42}
	{bone "piece08"}
	{matrix34
		1 	 0 	 0
		0 	 -0.9962 	 0.0872
		0 	 0.0872 	 0.9962
		-0.3597 	 0.5487 	 0.3457
	}
}
{volume "piece09"
	{box 5.90551 12.432 19.4865}
	{bone "piece09"}
	{matrix34
		0 	 1 	 0
		-0.9962 	 0 	 0.0872
		0.0872 	 0 	 0.9962
		-0.6661 	 -0.4283 	 0.3699
	}
}
{volume "sub_piece01"
	{box 5.90551 8.7024 6.89434}
	{bone "sub_piece01"}
	{Position 0.1324 	 -0.2551 	 0.6881}
}
{volume "sub_piece02"
	{box 5.90551 8.7024 11.3022}
	{bone "sub_piece02"}
	{Position 0.1324 	 -0.7574 	 0.1242}
}
{volume "sub_piece03"
	{box 5.90551 8.7024 6.89434}
	{bone "sub_piece03"}
	{Position 0.1324 	 -0.2551 	 0.6881}
}
{volume "sub_piece04"
	{box 1.24016 21.5074 17.6233}
	{bone "sub_piece04"}
	{matrix34
		0 	 0.342 	 -0.9397
		-1 	 0 	 0
		0 	 0.9397 	 0.342
		-0.7557 	 -0.3134 	 0.4116
	}
}
