;Exported by	: KobaA
;Date			: 10.05.2024 14:53:21
;File			: d:\git\gem2-mdl-soldiers\models\landscape\trench\constructor.max
{skeleton
	{bone "basis_end_001"
		{orientation
			1 	 0 	 0
			0 	 -1 	 0
			0 	 0 	 1
		}
		{bone "trench"
			{parameters "land;ground;"}
			{poly "trench" {ground}{DecalTarget}{NoCastShadows}}
			{bone "point1"
				{Position -9.4468 	 15.2822 	 -23.6954}
			}
			{bone "point4"
				{Position 17.0481 	 15.2822 	 -23.6954}
			}
			{bone "point2"
				{Position 29.1946 	 -0.1675 	 -23.6954}
			}
			{bone "point"
				{Position 18.0742 	 -17.1152 	 -23.6954}
			}
			{bone "point3"
				{Position -9.7532 	 -17.1152 	 -23.6954}
			}
			{bone "grass"
				{parameters "align;"}
				{poly "grass"}
			}
			{bone "wood"
				{parameters "align;"}
				{poly "wood"}
			}
			{bone "detail1"
				{parameters "land;ground;"}
				{orientation
					-0.9998 	 0.0175 	 0
					-0.0175 	 -0.9998 	 0
					0 	 0 	 1
				}
				{poly "detail1" {ground}}
			}
		}
	}
}
{obstacle "body"
	{obb2
		{center 17.9452 19.5741}
		{extent 13.7795 3.73011}
		{axis 1 0}
	}
	{rotate}
}
{obstacle "body1"
	{obb2
		{center -10.0451 -17.8629}
		{extent 3.73011 13.7795}
		{axis 0.0174522 0.999848}
	}
	{rotate}
}
{obstacle "body2"
	{obb2
		{center 31.6765 0.527294}
		{extent 3.73011 20.4094}
		{axis 1 0}
	}
	{rotate}
}
{obstacle "body3"
	{obb2
		{center -9.82715 19.5741}
		{extent 13.7795 3.73011}
		{axis 1 0}
	}
	{rotate}
}
{obstacle "body4"
	{obb2
		{center 17.6739 -18.298}
		{extent 3.73011 13.7795}
		{axis 0.0174522 0.999848}
	}
	{rotate}
}
{area "cut"
	{polygon2
		{radius 0}
		{vertex 37.7871 22.1555}
		{vertex -25.9577 22.9928}
		{vertex -25.9577 -21.6823}
		{vertex 37.7871 -23.3941}
	}
	{rotate}
}
{"volumes"
	{"body"
		{box 27.5591 3.93701 25.5906}
		{bone "point"}
		{matrix34
			1 	 0 	 0
			0 	 0.9903 	 0.1392
			0 	 -0.1392 	 0.9903
			-0.129 	 -2.4589 	 12.4014
		}
	}
	{"body1"
		{box 27.5591 3.93701 25.5906}
		{bone "point1"}
		{matrix34
			0.9998 	 0.0175 	 0
			-0.0173 	 0.9901 	 -0.1392
			-0.0024 	 0.1392 	 0.9903
			-0.5983 	 2.5807 	 12.4014
		}
	}
	{"body2"
		{box 40.8189 3.93701 25.5906}
		{bone "point2"}
		{matrix34
			0 	 1 	 0
			-0.9903 	 0 	 0.1392
			0.1392 	 0 	 0.9903
			2.4819 	 -0.3598 	 12.4014
		}
	}
	{"body3"
		{box 27.5591 3.93701 25.5906}
		{bone "point3"}
		{matrix34
			1 	 0 	 0
			0 	 0.9903 	 0.1392
			0 	 -0.1392 	 0.9903
			-0.074 	 -2.4589 	 12.4014
		}
	}
	{"body4"
		{box 27.5591 3.93701 25.5906}
		{bone "point4"}
		{matrix34
			0.9998 	 0.0175 	 0
			-0.0173 	 0.9901 	 -0.1392
			-0.0024 	 0.1392 	 0.9903
			0.6258 	 3.0157 	 12.4014
		}
	}
}
