;Exported by	: KobaA
;Date			: 07.11.2023 16:20:47
;File			: D:\git\gem2-mdl-soldiers\models\fence\picket_fence\picket_fence.max
{skeleton
	{bone "picket_fence3_basis_x"
		{orientation
			1 	 0 	 0
			0 	 -1 	 0
			0 	 0 	 1
		}
		{bone "piece01"
			{matrix34
				0.5571 	 -0.0487 	 -0.829
				0.0872 	 0.9962 	 0
				0.8259 	 -0.0723 	 0.5592
				10.0882 	 25.8378 	 7.1945
			}
			{poly "piece01"}
		}
		{bone "piece02"
			{matrix34
				0.9976 	 -0.0049 	 -0.0696
				0 	 0.9976 	 -0.0698
				0.0698 	 0.0696 	 0.9951
				5.3445 	 -25.8121 	 13.1489
			}
			{poly "piece02"}
		}
		{bone "piece03"
			{matrix34
				0.433 	 0.0686 	 -0.8988
				0.8877 	 0.1406 	 0.4384
				0.1564 	 -0.9877 	 0
				4.6681 	 24.8966 	 6.9744
			}
			{poly "piece03"}
		}
		{bone "piece04"
			{matrix34
				0.5553 	 -0.1128 	 -0.824
				0.8236 	 0.2122 	 0.526
				0.1155 	 -0.9707 	 0.2108
				12.5277 	 21.8783 	 12.7233
			}
			{poly "piece04"}
		}
		{bone "piece05"
			{matrix34
				0.9962 	 0 	 -0.0872
				0.0872 	 0 	 0.9962
				0 	 -1 	 0
				12.3679 	 12.9621 	 14.552
			}
			{poly "piece05"}
		}
		{bone "piece06"
			{matrix34
				0.7547 	 -0.0913 	 -0.6497
				0.6561 	 0.105 	 0.7474
				0 	 -0.9903 	 0.1392
				1.0853 	 4.5316 	 5.7408
			}
			{poly "piece06"}
		}
		{bone "piece07"
			{matrix34
				0.7771 	 0.0439 	 -0.6278
				-0.6293 	 0.0542 	 -0.7753
				0 	 0.9976 	 0.0698
				8.5649 	 0.791 	 16.0285
			}
			{poly "piece07"}
		}
		{bone "piece08"
			{matrix34
				0.8988 	 -0.0836 	 -0.4303
				0.4384 	 0.1715 	 0.8823
				0 	 -0.9816 	 0.1908
				1.552 	 -8.6337 	 6.9347
			}
			{poly "piece08"}
		}
		{bone "piece09"
			{matrix34
				0.9848 	 0.0212 	 -0.1724
				0.1736 	 -0.12 	 0.9775
				0 	 -0.9925 	 -0.1219
				2.0408 	 -14.468 	 7.7098
			}
			{poly "piece09"}
		}
		{bone "piece10"
			{matrix34
				0.9781 	 0.0397 	 -0.2041
				0.2079 	 -0.1866 	 0.9602
				0 	 -0.9816 	 -0.1908
				2.9786 	 -20.1424 	 17.3097
			}
			{poly "piece10"}
		}
		{bone "piece11"
			{matrix34
				1 	 0 	 0
				0 	 -0.9976 	 0.0698
				0 	 -0.0698 	 -0.9976
				1.0492 	 12.3127 	 4.2837
			}
			{poly "piece11"}
		}
		{bone "piece12"
			{matrix34
				0.9744 	 -0.225 	 0
				0.2208 	 0.9565 	 -0.1908
				0.0429 	 0.1859 	 0.9816
				6.8872 	 -12.3842 	 18.6453
			}
			{poly "piece12"}
		}
		{bone "piece13"
			{matrix34
				0.9976 	 0.0698 	 0
				0.0697 	 -0.9962 	 0.0523
				0.0037 	 -0.0522 	 -0.9986
				2.1572 	 -11.0206 	 5.6183
			}
			{poly "piece13"}
		}
		{bone "piece14"
			{matrix34
				0.9744 	 -0.2228 	 0.0313
				-0.225 	 -0.9649 	 0.1356
				0 	 -0.1392 	 -0.9903
				12.1141 	 10.1913 	 14.6832
			}
			{poly "piece14"}
		}
	}
}
{"volumes"
	{"piece01"
		{box 3.21317 3.23276 33.5701}
		{bone "piece01"}
		{Position -0.016 	 -0.0047 	 0.1829}
	}
	{"piece02"
		{box 3.21317 3.23276 33.5701}
		{bone "piece02"}
		{Position -0.0161 	 -0.0624 	 0.1829}
	}
	{"piece03"
		{box 0.640305 1.64545 19.2581}
		{bone "piece03"}
		{matrix34
			1 	 0 	 0
			0 	 0 	 -1
			0 	 1 	 0
			0.0032 	 -0.1768 	 0.005
		}
	}
	{"piece04"
		{box 0.640305 1.64545 14.0122}
		{bone "piece04"}
		{matrix34
			1 	 0 	 0
			0 	 0 	 -1
			0 	 1 	 0
			-0.0135 	 0.1721 	 0.0253
		}
	}
	{"piece05"
		{box 0.640305 1.64545 10.5091}
		{bone "piece05"}
		{matrix34
			1 	 0 	 0
			0 	 0 	 -1
			0 	 1 	 0
			-0.0003 	 0.1295 	 -0.0235
		}
	}
	{"piece06"
		{box 0.640305 1.64545 12.3927}
		{bone "piece06"}
		{matrix34
			1 	 0 	 0
			0 	 0 	 -1
			0 	 1 	 0
			-0.0114 	 -0.0694 	 -0.0042
		}
	}
	{"piece07"
		{box 0.640305 1.64545 13.3254}
		{bone "piece07"}
		{matrix34
			1 	 0 	 0
			0 	 0 	 1
			0 	 -1 	 0
			0.0118 	 -0.0917 	 0.0287
		}
	}
	{"piece08"
		{box 0.640305 1.64545 12.3927}
		{bone "piece08"}
		{matrix34
			1 	 0 	 0
			0 	 0 	 -1
			0 	 1 	 0
			-0.0241 	 -0.0548 	 0.0165
		}
	}
	{"piece09"
		{box 0.640305 1.64545 10.9847}
		{bone "piece09"}
		{matrix34
			1 	 0 	 0
			0 	 0 	 -1
			0 	 1 	 0
			-0.0146 	 -0.0004 	 0.0018
		}
	}
	{"piece10"
		{box 0.640305 1.64545 14.0122}
		{bone "piece10"}
		{matrix34
			1 	 0 	 0
			0 	 0 	 -1
			0 	 1 	 0
			-0.0135 	 0.2214 	 0.0291
		}
	}
	{"piece11"
		{box 0.640305 1.64545 12.3927}
		{bone "piece11"}
		{matrix34
			1 	 0 	 0
			0 	 0 	 -1
			0 	 1 	 0
			-0.0239 	 -0.004 	 0.0086
		}
	}
	{"piece12"
		{box 0.640305 1.64545 12.3927}
		{bone "piece12"}
		{matrix34
			1 	 0 	 0
			0 	 0 	 -1
			0 	 1 	 0
			-0.0164 	 -0.3009 	 0.0362
		}
	}
	{"piece13"
		{box 0.640305 1.64545 11.7853}
		{bone "piece13"}
		{matrix34
			1 	 0 	 0
			0 	 0 	 -1
			0 	 1 	 0
			0.0227 	 -0.0146 	 0.0148
		}
	}
	{"piece14"
		{box 0.640305 1.64545 19.2581}
		{bone "piece14"}
		{matrix34
			1 	 0 	 0
			0 	 0 	 -1
			0 	 1 	 0
			0.0033 	 -0.1244 	 -0.0349
		}
	}
}
