;Exported by: ubrashaev
;Date:        Fri Nov 02 12:28:44 2007
;File:        D:\-Projects1_5-\-work-\3d\-Model-\-“¿Õ »\m19\m19_max9_xx.max
{Skeleton
	{bone "basis"
		{Orientation
			1	0	0
			0	-1	0
			0	0	1
		}
		{bone "body"
			{parameters "ID=body;"}
			{Position 7.07719	-0.421169	20.5078}
			{poly "body"}
			{bone "door_front"
				{parameters "ID=body;"}
				{Matrix34
					0.950173	-0.256143	-0.177658
					0.25178	0.966639	-0.0470766
					0.183789	0	0.982966
					20.15	13.836	10.8796
				}
				{poly "door_front"}
			}
			{bone revolute "turret"
				{parameters "ID=turret;"}
				{Position -33.2831	0.0923615	7.96495}
				{poly "turret"}
				{bone revolute "gun_rot"
					{parameters "ID=turret;"}
					{limits -10 60}
					{speed 0.01}
					{Matrix34
						1	0	0
						0	0	1
						0	-1	0
						3.85431	-0.163086	16.0181
					}
					{poly "gun_rot"}
					{bone "gun1"
						{parameters "ID=gun;"}
						{Matrix34
							0.994315	-0.0222644	0.104123
							0.104572	0.0200505	-0.994315
							0.0200501	0.999551	0.0222647
							7.94477	-0.0226212	-2.43987
						}
						{poly "gun1"}
					}
					{bone "gun2"
						{parameters "ID=gun;"}
						{Matrix34
							0.998679	0.0492936	-0.0145219
							-0.0166124	0.0422669	-0.998968
							-0.0486289	0.99789	0.0430299
							7.94477	-0.0226212	2.40523
						}
						{poly "gun2"}
					}
				}
				{bone "enumerator"
					{Matrix34
						1	0	0
						0	0	1
						0	-1	0
						-7.26247	-23.0554	14.6736
					}
					{poly "enumerator"}
				}
				{bone "part1"
					{Position 8.8218	-17.2188	5.23462}
					{poly "part1"}
				}
				{bone "part2"
					{Position 15.9425	-12.2104	4.92815}
					{poly "part2"}
				}
				{bone "part3"
					{Position 8.7566	-18.4056	4.92815}
					{poly "part3"}
				}
				{bone "part4"
					{Position -20.906	-5.2141	4.92815}
					{poly "part4"}
				}
				{bone "part5"
					{Position -10.342	18.3995	6.23278}
					{poly "part5"}
				}
			}
			{bone revolute "wheell7"
				{Matrix34
					1	0	0
					0	0	-1
					0	1	0
					-47.1222	23.6286	-5.2615
				}
				{poly "wheell7"}
			}
			{bone revolute "wheell1"
				{parameters "Radius=0.6;ID=trackleft;"}
				{Matrix34
					1	0	0
					0	0	-1
					0	-1	0
					42.4977	21.2349	-5.99476
				}
				{poly "wheell1"}
			}
			{bone revolute "wheelr7"
				{Matrix34
					1	0	0
					0	0	1
					0	-1	0
					-47.1222	-24.4095	-5.2615
				}
				{poly "wheelr7"}
			}
			{bone "engine"
				{parameters "ID=engine;"}
				{Matrix34
					1	0	0
					0	0.96923	0.246155
					0	-0.246155	0.96923
					0	2.1212	3.99652
				}
				{poly "engine"}
			}
			{bone revolute "part7"
				{Matrix34
					1	0	0
					0	0	-1
					0	1	0
					-32.9699	24.6774	-12.1497
				}
				{poly "part7"}
			}
		}
		{bone "wheelsl"
			{parameters "ID=trackleft;"}
			{Position 1.03785	22.6085	11.4864}
			{bone revolute "wheell5"
				{parameters "ID=trackleft;"}
				{Matrix34
					1	0	0
					0	0	-1
					0	1	0
					-11.7245	1.64776	-3.12829
				}
				{poly "wheell5"}
			}
			{bone revolute "wheell3"
				{parameters "ID=trackleft;"}
				{Matrix34
					1	0	0
					0	0	-1
					0	1	0
					19.2908	1.64779	-3.12829
				}
				{poly "wheell5"}
			}
			{bone revolute "wheell2"
				{parameters "ID=trackleft;"}
				{Matrix34
					1	0	0
					0	0	-1
					0	1	0
					35.0256	1.64777	-3.12829
				}
				{poly "wheell5"}
			}
		}
		{bone "wheelsr"
			{parameters "ID=trackright;"}
			{Position 1.03785	-25.0921	11.4864}
			{bone revolute "wheelr2"
				{parameters "ID=trackright;"}
				{Matrix34
					1	0	0
					0	0	-1
					0	1	0
					35.0055	-0.258446	-3.12829
				}
				{poly "wheelr2"}
			}
			{bone revolute "wheelr3"
				{parameters "ID=trackright;"}
				{Matrix34
					1	0	0
					0	0	-1
					0	1	0
					19.3285	-0.258446	-3.12829
				}
				{poly "wheelr2"}
			}
			{bone revolute "wheelr4"
				{parameters "ID=trackright;"}
				{Matrix34
					1	0	0
					0	0	-1
					0	1	0
					3.51227	-0.258446	-3.12829
				}
				{poly "wheelr2"}
			}
		}
	}
}
{Volume "body"
	{polyhedron}
	{Bone "body"}
	{Position -1.58269	-0.0367069	-12.0783}
}
{Volume "gun1"
	{Cylinder 1.13713 47.241}
	{Bone "gun1"}
	{Matrix34
		0	0	-1
		0	1	0
		1	0	0
		19.1323	0.00432716	-2.22989e-005
	}
}
{Volume "gun2"
	{Cylinder 1.13713 47.241}
	{Bone "gun2"}
	{Matrix34
		0	0	-1
		0	1	0
		1	0	0
		19.1323	-0.0161204	-1.83987e-005
	}
}
{Volume "part1"
	{Box 28.0802 1.96578 6.94359}
	{Bone "part1"}
	{Matrix34
		0.866012	0.500023	0
		-0.500023	0.866012	0
		0	0	1
		2.14876	-3.03882	0
	}
}
{Volume "part2"
	{Box 5.86229 9.59582 6.66453}
	{Bone "part2"}
	{Matrix34
		0.774357	-0.632749	0
		0.632749	0.774357	0
		0	0	1
		0	0	0
	}
}
{Volume "part3"
	{Box 7.73276 5.82153 6.66454}
	{Bone "part3"}
	{Orientation
		0.876904	0.480665	0
		-0.480665	0.876904	0
		0	0	1
	}
}
{Volume "part4"
	{Box 5.38906 7.88763 6.73118}
	{Bone "part4"}
	{Matrix34
		0.962381	0.271702	0
		-0.271702	0.962381	0
		0	0	1
		0	0	0.0333235
	}
}
{Volume "part5"
	{Box 7.92317 5.98259 7.2029}
	{Bone "part5"}
	{Matrix34
		0.862765	0.462255	0.204834
		-0.488292	0.866891	0.100355
		-0.13118	-0.186602	0.973638
		-0.53023	-0.375076	0.301327
	}
}
{Volume "part7"
	{Box 13.0062 13.4465 6.78606}
	{Bone "part7"}
	{Position 0	0	0}
}
{Volume "turret1"
	{Cylinder 25.1634 8.81652}
	{Bone "turret"}
	{Position -0.442669	0	4.40826}
}
{Volume "turret2"
	{Box 17.3526 0.730835 10.5378}
	{Bone "turret"}
	{Position 0.166237	14.7171	13.4964}
}
{Volume "turret3"
	{Box 9.36722 0.730835 22.1581}
	{Bone "turret"}
	{Matrix34
		-0.347586	0.914452	-0.207274
		-0.78344	-0.404692	-0.471642
		-0.515176	-0.00154954	0.857083
		11.6171	8.01002	17.7232
	}
}
{Volume "turret4"
	{Box 9.36722 0.730835 22.1581}
	{Bone "turret"}
	{Matrix34
		0.324261	0.937141	0.128925
		-0.808387	0.345297	-0.47674
		-0.49129	0.0503665	0.869538
		11.3239	-8.83578	17.8612
	}
}
{Volume "turret5"
	{Box 15.2703 0.730835 10.5378}
	{Bone "turret"}
	{Matrix34
		0.766044	0.642788	0
		-0.642788	0.766044	0
		0	0	1
		4.87983	-18.1988	13.4964
	}
}
{Volume "turret6"
	{Box 15.2703 0.730835 10.5378}
	{Bone "turret"}
	{Position -7.46476	-23.2799	13.4964}
}
{Volume "turret7"
	{Box 26.2024 0.730835 10.7051}
	{Bone "turret"}
	{Matrix34
		-0.0871556	0.996195	0
		-0.996195	-0.0871556	0
		0	0	1
		-15.8563	-10.4453	13.5801
	}
}
{Volume "turret8"
	{Box 17.3526 0.730835 10.7051}
	{Bone "turret"}
	{Matrix34
		0.5	0.866025	0
		-0.866025	0.5	0
		0	0	1
		-12.8269	7.80391	13.5801
	}
}
