;Exported by:	 tolokolnikova
;Date:			 10.06.2018 11:26:21
;File:			 D:\gem2\gem2-mdl-soldiers\models\building\b3\vil_build_004_x.max
{skeleton
	{bone "b4_vil_piece_03_point"
		{orientation
			1 	 0 	 0
			0 	 -1 	 0
			0 	 0 	 1
		}
		{bone "piece09"
			{matrix34
				0.9978 	 0.024 	 -0.0615
				-0.0214 	 0.9989 	 0.0423
				0.0625 	 -0.0409 	 0.9972
				-24.5029 	 10.8519 	 -19.0627
			}
			{poly "piece09"}
		}
		{bone "piece10"
			{Position -24.9219 	 -5.279 	 -23.461}
			{poly "piece10"}
		}
		{bone "piece11"
			{Position -26.2948 	 -37.7526 	 -14.5659}
			{poly "piece11"}
		}
		{bone "piece12"
			{matrix34
				0.9978 	 0.024 	 -0.0615
				-0.0214 	 0.9989 	 0.0423
				0.0625 	 -0.0409 	 0.9972
				-26.3216 	 -22.0352 	 4.5911
			}
			{poly "piece12"}
		}
		{bone "piece13"
			{matrix34
				0 	 1 	 0
				-1 	 0 	 0
				0 	 0 	 1
				-17.1423 	 -46.6519 	 -14.5659
			}
			{poly "piece13"}
		}
		{bone "piece14"
			{matrix34
				-0.0214 	 0.9989 	 0.0423
				-0.9978 	 -0.024 	 0.0615
				0.0625 	 -0.0409 	 0.9972
				0.5616 	 -46.1861 	 1.9932
			}
			{poly "piece14"}
		}
		{bone "piece15"
			{matrix34
				0 	 1 	 0
				-1 	 0 	 0
				0 	 0 	 1
				18.2977 	 -46.6519 	 -21.71
			}
			{poly "piece15"}
		}
		{bone "piece08"
			{Position 2.0783 	 -49.2887 	 6.3965}
			{poly "piece08"}
		}
		{bone "piece04"
			{matrix34
				0.0248 	 0.9994 	 0.0245
				-0.7025 	 0 	 0.7117
				-0.7112 	 0.0349 	 -0.7021
				-24.8566 	 4.6961 	 18.1446
			}
			{poly "piece04"}
		}
		{bone "piece07"
			{Position 22.9016 	 -43.4608 	 29.9765}
			{poly "piece07"}
		}
		{bone "b4_vil_piece_03"
			{Position 23.3505 	 70.1321 	 -64.5802}
			{poly "b4_vil_piece_03"}
		}
		{bone "piece05"
			{matrix34
				-0.7071 	 0 	 0.7071
				0.7071 	 0 	 0.7071
				0 	 1 	 0
				23.848 	 14.7747 	 62.7033
			}
			{poly "piece05"}
		}
		{bone "piece06"
			{Position -4.0743 	 -44.4587 	 36.0658}
			{poly "piece06"}
		}
		{bone "piece01"
			{matrix34
				0 	 1 	 0
				-0.7025 	 0 	 0.7117
				-0.7117 	 0 	 -0.7025
				14.542 	 -4.2553 	 57.0453
			}
			{poly "piece01"}
		}
		{bone "piece02"
			{matrix34
				0 	 1 	 0
				-0.7025 	 0 	 0.7117
				-0.7117 	 0 	 -0.7025
				-3.3941 	 -46.5469 	 39.3358
			}
			{poly "piece02"}
		}
		{bone "piece03"
			{matrix34
				0 	 1 	 0
				-0.7025 	 0 	 0.7117
				-0.7117 	 0 	 -0.7025
				-24.5774 	 -27.8457 	 18.4202
			}
			{poly "piece03"}
		}
		{bone "fort_wall"
			{matrix34
				-1 	 0 	 0
				0 	 -1 	 0
				0 	 0 	 1
				-6.0796 	 -56.8151 	 -55.5002
			}
		}
		{bone revolute "attach1"
			{matrix34
				0 	 -1 	 0
				1 	 0 	 0
				0 	 0 	 1
				1.5404 	 -30.2128 	 -52.6758
			}
		}
		{bone revolute "attach2"
			{matrix34
				-1 	 0 	 0
				0 	 -1 	 0
				0 	 0 	 1
				-10.6775 	 -19.7056 	 -52.6758
			}
		}
		{bone "stones_001"
			{parameters "commonmesh;land;ground;"}
			{matrix34
				0 	 1 	 0
				-1 	 0 	 0
				0 	 0 	 1
				1.9285 	 -60.7521 	 -61.1154
			}
			{poly "stones_001" {ground}}
		}
		{bone "debris_land_001"
			{parameters "commonmesh;land;ground;"}
			{matrix34
				0 	 1 	 0
				-1 	 0 	 0
				0 	 0 	 1
				1.9285 	 -60.7654 	 -61.1154
			}
			{poly "debris_land_001" {ground}}
		}
	}
}
{volume "body01"
	{polyhedron}
	{bone "b4_vil_piece_03"}
	{matrix34
		0 	 1 	 0
		-1 	 0 	 0
		0 	 0 	 1
		-48.1841 	 -96.578 	 3.4648
	}
}
{volume "body02"
	{box 67.5924 5.90551 4.9583}
	{bone "b4_vil_piece_03"}
	{matrix34
		0 	 1 	 0
		-1 	 0 	 0
		0 	 0 	 1
		-48.1841 	 -88.4994 	 26.2313
	}
}
{volume "body03"
	{box 22.4082 5.90551 14.4617}
	{bone "b4_vil_piece_03"}
	{matrix34
		0 	 1 	 0
		-1 	 0 	 0
		0 	 0 	 1
		-48.1841 	 -111.296 	 35.6187
	}
}
{volume "body04"
	{box 52.6592 5.90551 18.3664}
	{bone "b4_vil_piece_03"}
	{matrix34
		-1 	 0 	 0
		0 	 -1 	 0
		0 	 0 	 1
		-27.2322 	 -119.189 	 18.8275
	}
}
{volume "body05"
	{polyhedron}
	{bone "b4_vil_piece_03"}
	{matrix34
		-1 	 0 	 0
		0 	 -1 	 0
		0 	 0 	 1
		-40.9477 	 -119.189 	 27.8884
	}
}
{volume "body06"
	{box 17.9041 5.90551 4.40793}
	{bone "b4_vil_piece_03"}
	{matrix34
		-1 	 0 	 0
		0 	 -1 	 0
		0 	 0 	 1
		-0.584 	 -119.189 	 29.436
	}
}
{volume "piece01"
	{box 30.3278 1.37795 20.0665}
	{bone "piece01"}
	{matrix34
		0.9993 	 0.0379 	 -0.0064
		-0.0377 	 0.9988 	 0.0319
		-0.0076 	 0.0317 	 -0.9995
		-0.2786 	 -0.1073 	 -0.2856
	}
}
{volume "piece02"
	{box 10.1093 1.37795 29.0818}
	{bone "piece02"}
	{matrix34
		0.9993 	 0.0379 	 -0.0064
		-0.0377 	 0.9988 	 0.0319
		-0.0076 	 0.0317 	 -0.9995
		0.0621 	 0.0283 	 0.4987
	}
}
{volume "piece03"
	{box 10.1093 1.37795 29.0818}
	{bone "piece03"}
	{matrix34
		0.9993 	 0.0379 	 -0.0064
		-0.0377 	 0.9988 	 0.0319
		-0.0076 	 0.0317 	 -0.9995
		-0.3185 	 -0.1589 	 0.3977
	}
}
{volume "piece04"
	{box 32.6105 1.37795 29.0818}
	{bone "piece04"}
	{matrix34
		0.9989 	 0.0379 	 0.0284
		-0.0388 	 0.9988 	 0.0306
		0.0272 	 0.0317 	 -0.9991
		-0.1807 	 -0.1589 	 -0.0009
	}
}
{volume "piece05"
	{box 60.9589 2.94882 3.4133}
	{bone "piece05"}
	{matrix34
		-0.0008 	 0.0077 	 1
		0.9997 	 -0.0252 	 0.001
		0.0252 	 0.9997 	 -0.0076
		0.3895 	 -0.3088 	 -1.3363
	}
}
{volume "piece06"
	{box 3.13387 3.9685 68.3161}
	{bone "piece06"}
	{matrix34
		-0.0416 	 0.9991 	 0.0123
		-0.7036 	 -0.038 	 0.7096
		0.7094 	 0.0209 	 0.7045
		-0.166 	 -0.0357 	 -2.5889
	}
}
{volume "piece07"
	{box 4.74835 2.59843 39.2126}
	{bone "piece07"}
	{matrix34
		-0.9984 	 -0.0235 	 0.0508
		0.0244 	 -0.9996 	 0.0172
		0.0503 	 0.0184 	 0.9986
		0.6268 	 0.0504 	 -0.7765
	}
}
{volume "piece08"
	{box 41.2139 5.90551 4.24309}
	{bone "piece08"}
	{matrix34
		-0.9984 	 -0.0235 	 0.0508
		0.0214 	 -0.9989 	 -0.0423
		0.0517 	 -0.0411 	 0.9978
		-0.9844 	 0.0661 	 -0.755
	}
}
{volume "piece09"
	{box 36.6411 5.90551 4.76751}
	{bone "piece09"}
	{matrix34
		0 	 0.9999 	 -0.0108
		-1 	 0 	 0
		0 	 0.0108 	 0.9999
		0 	 0.0257 	 0.0101
	}
}
{volume "piece10"
	{box 10.9923 5.90551 4.76751}
	{bone "piece10"}
	{matrix34
		0 	 0.9999 	 -0.0108
		-1 	 0 	 0
		0 	 0.0108 	 0.9999
		0 	 0.0257 	 0.0629
	}
}
{volume "piece11"
	{box 10.9923 5.90551 4.76751}
	{bone "piece11"}
	{matrix34
		0 	 0.9999 	 -0.0108
		-1 	 0 	 0
		0 	 0.0108 	 0.9999
		0 	 -0.2028 	 0.0629
	}
}
{volume "piece12"
	{box 31.1449 5.90551 4.76751}
	{bone "piece12"}
	{matrix34
		0 	 0.9999 	 -0.0108
		-1 	 0 	 0
		0 	 0.0108 	 0.9999
		-0.0704 	 0.5431 	 0.0598
	}
}
{volume "piece13"
	{box 10.9923 5.90551 4.76751}
	{bone "piece13"}
	{matrix34
		0 	 0.9999 	 -0.0108
		-1 	 0 	 0
		0 	 0.0108 	 0.9999
		0 	 0.0257 	 0.0629
	}
}
{volume "piece14"
	{box 36.6411 5.90551 4.76751}
	{bone "piece14"}
	{matrix34
		0 	 0.9999 	 -0.0108
		-1 	 0 	 0
		0 	 0.0108 	 0.9999
		0 	 0.0257 	 0.0101
	}
}
{volume "piece15"
	{box 10.9923 5.90551 4.76751}
	{bone "piece15"}
	{matrix34
		0 	 0.9999 	 -0.0108
		-1 	 0 	 0
		0 	 0.0108 	 0.9999
		0 	 0.0257 	 0.0629
	}
}
{volume "target_vol_01"
	{box 9.84252 9.84252 15.6501}
	{bone "b4_vil_piece_03_point"}
	{matrix34
		0 	 -1 	 0
		1 	 0 	 0
		0 	 0 	 1
		1.5404 	 -30.2128 	 -34.4758
	}
}
{volume "target_vol_02"
	{box 9.84252 9.84252 15.6501}
	{bone "b4_vil_piece_03_point"}
	{matrix34
		-1 	 0 	 0
		0 	 -1 	 0
		0 	 0 	 1
		-10.6775 	 -19.7056 	 -34.4758
	}
}
