;Exported by	: Oleksandr Tsaprylov
;Date			: 13.03.2023 13:48:59
;File			: E:\projects\gem2-mdl-soldiers\models\entourage\ruins_stone_wall\ruins_stone_wall.max
{skeleton
	{bone "ruins_stone_wall_17_x"
		{orientation
			1 	 0 	 0
			0 	 -1 	 0
			0 	 0 	 1
		}
		{bone "piece01"
			{matrix34
				0.6909 	 -0.6956 	 -0.197
				0.5607 	 0.6876 	 -0.4613
				0.4563 	 0.2083 	 0.8651
				5.9121 	 0.9372 	 41.5554
			}
			{poly "piece01"}
		}
		{bone "piece02"
			{matrix34
				-1 	 0 	 0
				0 	 -0.7071 	 0.7071
				0 	 0.7071 	 0.7071
				0.2342 	 -9.7894 	 33.171
			}
			{poly "piece02"}
		}
		{bone "piece03"
			{matrix34
				0.8906 	 -0.4204 	 -0.1737
				0.4048 	 0.9067 	 -0.1186
				0.2074 	 0.0353 	 0.9776
				2.1478 	 -0.8314 	 12.4344
			}
			{poly "piece03"}
		}
		{bone "piece04"
			{matrix34
				0.513 	 -0.8374 	 -0.1886
				0.6935 	 0.5338 	 -0.4839
				0.5059 	 0.1175 	 0.8546
				2.1182 	 15.4228 	 52.3779
			}
			{poly "piece04"}
		}
		{bone "piece05"
			{matrix34
				-0.9356 	 0.2647 	 -0.2337
				0.2659 	 0.9636 	 0.0268
				0.2323 	 -0.0371 	 -0.9719
				3.6388 	 -23.3655 	 54.1016
			}
			{poly "piece05"}
		}
		{bone "body"
			{Position -0.1292 	 0.0491 	 -2.221}
			{poly "body"}
		}
	}
}
{"volumes"
	{"piece01"
		{box 5.73572 21.0299 15.5768}
		{bone "piece01"}
		{matrix34
			0.679 	 0.5377 	 0.4998
			-0.2873 	 0.8212 	 -0.493
			-0.6756 	 0.1912 	 0.7121
			-4.5157 	 -3.6116 	 -1.6509
		}
	}
	{"piece02"
		{box 8.77527 6.34455 19.4876}
		{bone "piece02"}
		{matrix34
			1 	 0 	 0
			0 	 0.1033 	 -0.9946
			0 	 0.9946 	 0.1033
			0 	 -1.5199 	 0.4034
		}
	}
	{"piece03"
		{box 8.39052 9.91337 15.3528}
		{bone "piece03"}
		{matrix34
			0.8906 	 0.4048 	 0.2074
			-0.4204 	 0.9067 	 0.0353
			-0.1737 	 -0.1186 	 0.9776
			-2.4203 	 -0.5843 	 0.5947
		}
	}
	{"piece04"
		{box 5.8608 9.67377 10.1249}
		{bone "piece04"}
		{matrix34
			0.513 	 0.6935 	 0.5059
			-0.8374 	 0.5338 	 0.1175
			-0.1886 	 -0.4839 	 0.8546
			-1.3491 	 -1.7601 	 -1.6196
		}
	}
	{"piece05"
		{box 5.8608 9.67377 10.1249}
		{bone "piece05"}
		{matrix34
			0.8808 	 -0.2572 	 -0.3975
			-0.4576 	 -0.2465 	 -0.8543
			0.1218 	 0.9344 	 -0.3349
			3.7591 	 -1.3673 	 -1.6187
		}
	}
}
