;Exported by	: Oleksandr Tsaprylov
;Date			: 01.02.2023 14:33:57
;File			: E:\projects\gem2-mdl-soldiers\models\entourage\shed_wood_destroyed\shed_wood_destroyed.max
{skeleton
	{bone "shed_wood_destroyed_b_piece_004"
		{orientation
			1 	 0 	 0
			0 	 -1 	 0
			0 	 0 	 1
		}
		{poly "shed_wood_destroyed_b_piece_004"}
	}
}
{obstacle "obstacle01"
	{obb2
		{center 47.7047 -22.7216}
		{extent 9.11207 9.39359}
		{axis -1 0}
	}
	{rotate}
}
{obstacle "obstacle02"
	{obb2
		{center -25.7821 -22.7216}
		{extent 9.21446 9.39359}
		{axis -1 0}
	}
	{rotate}
}
{obstacle "obstacle03"
	{obb2
		{center -4.6665 -20.8154}
		{extent 55.0281 5.38493}
		{axis -1 0}
	}
	{rotate}
}
{"volumes"
	{"body01"
		{box 16.0576 17.6097 47.1282}
		{bone "shed_wood_destroyed_b_piece_004"}
		{Position -26.0787 	 22.721 	 23.5641}
	}
	{"body02"
		{box 16.0576 17.6097 31.1046}
		{bone "shed_wood_destroyed_b_piece_004"}
		{Position 47.6997 	 22.721 	 15.5523}
	}
	{"body03"
		{polyhedron}
		{bone "shed_wood_destroyed_b_piece_004"}
		{matrix34
			-1 	 0 	 0
			0 	 -1 	 0
			0 	 0 	 1
			10.4779 	 20.7493 	 0
		}
	}
	{"body04"
		{box 7.16952 2.91339 94.3716}
		{bone "shed_wood_destroyed_b_piece_004"}
		{matrix34
			0 	 0 	 1
			0 	 1 	 0
			-1 	 0 	 0
			9.0473 	 20.2471 	 67.0639
		}
	}
	{"body05"
		{box 2.3622 2.98768 106.44}
		{bone "shed_wood_destroyed_b_piece_004"}
		{matrix34
			1 	 0 	 0
			0 	 0.5736 	 0.8192
			0 	 -0.8192 	 0.5736
			57.0528 	 8.2847 	 77.6423
		}
	}
	{"body06"
		{box 2.3622 2.98768 85.9462}
		{bone "shed_wood_destroyed_b_piece_004"}
		{matrix34
			1 	 0 	 0
			0 	 0.5736 	 0.8192
			0 	 -0.8192 	 0.5736
			-25.3295 	 16.6787 	 71.7648
		}
	}
	{"body07"
		{box 2.3622 2.98768 59.4006}
		{bone "shed_wood_destroyed_b_piece_004"}
		{matrix34
			1 	 0 	 0
			0 	 0.5736 	 0.8192
			0 	 -0.8192 	 0.5736
			15.1753 	 27.3225 	 63.956
		}
	}
	{"body08"
		{box 2.3622 2.98768 59.4006}
		{bone "shed_wood_destroyed_b_piece_004"}
		{matrix34
			1 	 0 	 0
			0 	 0.5736 	 0.8192
			0 	 -0.8192 	 0.5736
			37.5434 	 14.5689 	 72.8862
		}
	}
	{"body09"
		{box 2.3622 2.98768 19.6022}
		{bone "shed_wood_destroyed_b_piece_004"}
		{matrix34
			1 	 0 	 0
			0 	 0.5736 	 0.8192
			0 	 -0.8192 	 0.5736
			-6.683 	 26.9151 	 64.2413
		}
	}
	{"body10"
		{box 2.3622 2.98768 44.0683}
		{bone "shed_wood_destroyed_b_piece_004"}
		{matrix34
			-1 	 0 	 0
			0 	 0 	 1
			0 	 1 	 0
			-25.6265 	 -2.8321 	 69.3248
		}
	}
	{"body11"
		{box 2.3622 2.98768 61.9223}
		{bone "shed_wood_destroyed_b_piece_004"}
		{matrix34
			-1 	 0 	 0
			0 	 0 	 1
			0 	 1 	 0
			56.9536 	 -11.4207 	 69.3248
		}
	}
	{"body12"
		{box 2.3622 2.98768 41.5446}
		{bone "shed_wood_destroyed_b_piece_004"}
		{matrix34
			-1 	 0 	 0
			0 	 0 	 1
			0 	 1 	 0
			56.9536 	 -30.6225 	 89.4719
		}
	}
	{"body13"
		{box 1.58472 7.20607 13.9484}
		{bone "shed_wood_destroyed_b_piece_004"}
		{matrix34
			0 	 -0.5736 	 -0.8192
			0.0838 	 -0.8163 	 0.5716
			-0.9965 	 -0.0686 	 0.048
			-31.8762 	 14.8364 	 72.6332
		}
	}
	{"body14"
		{box 1.58472 7.20607 12.0245}
		{bone "shed_wood_destroyed_b_piece_004"}
		{matrix34
			0 	 -0.5736 	 -0.8192
			0 	 -0.8192 	 0.5736
			-1 	 0 	 0
			-30.9091 	 30.8265 	 63.758
		}
	}
}
