;Exported by	: joomb
;Date			: 13.04.2023 15:01:33
;File			: H:\git\gem2-mdl-soldiers\models\building\building_ua01\building_ua04_2v.max
{skeleton
	{bone "b_ua_04_piece11"
		{orientation
			1 	 0 	 0
			0 	 -1 	 0
			0 	 0 	 1
		}
		{poly "b_ua_04_piece11"}
		{bone "fix01"
			{Position -7.4695 	 60.6285 	 -59.7608}
		}
		{bone "fix02"
			{Position -21.2576 	 24.2309 	 -58.0493}
		}
		{bone "fix03"
			{Position -21.2576 	 -61.9973 	 -57.8228}
		}
	}
}
{"volumes"
	{"roof01"
		{polyhedron}
		{bone "b_ua_04_piece11"}
		{matrix34
			0 	 -1 	 0
			0.8192 	 0 	 -0.5736
			0.5736 	 0 	 0.8192
			-31.0129 	 20.5784 	 -34.4008
		}
	}
	{"roof02"
		{box 31.3609 1.9685 64.7878}
		{bone "b_ua_04_piece11"}
		{matrix34
			0.9029 	 -0.3593 	 -0.2361
			0.079 	 0.6784 	 -0.7305
			0.4226 	 0.6409 	 0.6409
			-0.0825 	 -44.3364 	 -10.3586
		}
	}
	{"roof03"
		{polyhedron}
		{bone "b_ua_04_piece11"}
		{matrix34
			0 	 -1 	 0
			0.8192 	 0 	 -0.5736
			0.5736 	 0 	 0.8192
			-31.0129 	 -38.5666 	 -34.4008
		}
	}
	{"roof04"
		{box 39.0011 1.9685 36.7908}
		{bone "b_ua_04_piece11"}
		{matrix34
			-0.9962 	 -0.0616 	 -0.0616
			0.0872 	 -0.7044 	 -0.7044
			0 	 -0.7071 	 0.7071
			10.5886 	 51.156 	 -16.671
		}
	}
	{"roof05"
		{box 13.4952 1.9685 20.7858}
		{bone "b_ua_04_piece11"}
		{matrix34
			-0.9962 	 -0.0616 	 -0.0616
			0.0872 	 -0.7044 	 -0.7044
			0 	 -0.7071 	 0.7071
			10.5886 	 29.6364 	 5.3323
		}
	}
}
