;Exported by	: Oleksandr Tsaprylov
;Date			: 03.02.2023 17:53:21
;File			: E:\projects\gem2-mdl-soldiers\models\entourage\shed_wood_destroyed\shed_wood_destroyed.max
{skeleton
	{bone "shed_wood_destroyed_c_piece_005"
		{orientation
			1 	 0 	 0
			0 	 -1 	 0
			0 	 0 	 1
		}
		{poly "shed_wood_destroyed_c_piece_005"}
		{bone "fix4"
			{Position 15.9953 	 86.666 	 67.2106}
		}
		{bone "fix3"
			{Position 15.9953 	 -102.898 	 67.2106}
		}
	}
}
{obstacle "obstacle01"
	{obb2
		{center 29.6716 8.44696}
		{extent 2.94025 2.8221}
		{axis -1 0}
	}
	{rotate}
}
{obstacle "obstacle02"
	{obb2
		{center -21.769 8.44696}
		{extent 2.94025 2.8221}
		{axis -1 0}
	}
	{rotate}
}
{"volumes"
	{"body01"
		{box 3.93701 3.93701 134.416}
		{bone "shed_wood_destroyed_c_piece_005"}
		{Position 29.7543 	 -8.447 	 67.2081}
	}
	{"body02"
		{box 3.93701 3.93701 134.416}
		{bone "shed_wood_destroyed_c_piece_005"}
		{Position -21.6863 	 -8.447 	 67.2081}
	}
	{"body03"
		{box 2.3622 2.98768 52.6566}
		{bone "shed_wood_destroyed_c_piece_005"}
		{matrix34
			1 	 0 	 0
			0 	 0.5736 	 0.8192
			0 	 -0.8192 	 0.5736
			30.0462 	 13.1104 	 120.76
		}
	}
	{"body04"
		{box 2.3622 2.98768 68.3671}
		{bone "shed_wood_destroyed_c_piece_005"}
		{matrix34
			1 	 0 	 0
			0 	 0.5736 	 0.8192
			0 	 -0.8192 	 0.5736
			-13.3246 	 19.6463 	 116.183
		}
	}
	{"body05"
		{box 2.3622 2.98768 37.7669}
		{bone "shed_wood_destroyed_c_piece_005"}
		{matrix34
			-1 	 0 	 0
			0 	 -0.5736 	 0.8192
			0 	 0.8192 	 0.5736
			-13.2388 	 -24.3424 	 124.151
		}
	}
	{"body06"
		{box 2.3622 2.98768 41.5062}
		{bone "shed_wood_destroyed_c_piece_005"}
		{matrix34
			-1 	 0 	 0
			0 	 -0.5736 	 0.8192
			0 	 0.8192 	 0.5736
			30.0313 	 -25.5988 	 123.271
		}
	}
	{"body07"
		{box 2.3622 2.98768 97.9911}
		{bone "shed_wood_destroyed_c_piece_005"}
		{matrix34
			-1 	 0 	 0
			0 	 0 	 1
			0 	 1 	 0
			-21.6216 	 -3.9667 	 69.3248
		}
	}
	{"body08"
		{box 2.3622 2.98768 73.0866}
		{bone "shed_wood_destroyed_c_piece_005"}
		{matrix34
			-1 	 0 	 0
			0 	 0 	 1
			0 	 1 	 0
			29.9471 	 -4.6623 	 69.3248
		}
	}
	{"body09"
		{box 2.3622 2.98768 82.5878}
		{bone "shed_wood_destroyed_c_piece_005"}
		{matrix34
			0 	 -1 	 0
			0 	 0 	 1
			-1 	 0 	 0
			-0.3451 	 -8.4996 	 135.443
		}
	}
	{"body10"
		{box 1.58472 12.7152 82.9273}
		{bone "shed_wood_destroyed_c_piece_005"}
		{matrix34
			0 	 -0.5736 	 -0.8192
			0 	 -0.8192 	 0.5736
			-1 	 0 	 0
			-11.5165 	 8.9373 	 123.838
		}
	}
	{"body11"
		{box 1.58472 12.7152 82.9273}
		{bone "shed_wood_destroyed_c_piece_005"}
		{matrix34
			0 	 -0.5736 	 -0.8192
			0 	 -0.8192 	 0.5736
			-1 	 0 	 0
			-11.5165 	 25.0415 	 112.562
		}
	}
}
