;Exported by:	 tolokolnikova
;Date:			 12.03.2018 11:16:19
;File:			 D:\gem2\gem2-mdl-soldiers\models\fence\Fence_wood_ua\fence_wood_ru_001.max
{skeleton
	{bone "fence01_x"
		{orientation
			1 	 0 	 0
			0 	 -1 	 0
			0 	 0 	 1
		}
		{bone "piece01"
			{Position -119.624 	 2.3343 	 19.2728}
			{poly "piece01"}
		}
		{bone "piece02"
			{matrix34
				0.9848 	 0.1736 	 0
				-0.1736 	 0.9848 	 0
				0 	 0 	 1
				-41.5915 	 3.254 	 19.5701
			}
			{poly "piece02"}
		}
		{bone "piece03"
			{matrix34
				0.9659 	 0.2588 	 0
				-0.2588 	 0.9659 	 0
				0 	 0 	 1
				36.218 	 3.205 	 19.2043
			}
			{poly "piece03"}
		}
		{bone "piece04"
			{matrix34
				0 	 -0.2079 	 -0.9781
				0 	 0.9781 	 -0.2079
				1 	 0 	 0
				-70.6411 	 1.6466 	 22.3348
			}
			{poly "piece04"}
		}
		{bone "piece05"
			{matrix34
				0 	 -0.1908 	 -0.9816
				0 	 0.9816 	 -0.1908
				1 	 0 	 0
				-12.1946 	 0.8671 	 21.0404
			}
			{poly "piece05"}
		}
		{bone "piece06"
			{matrix34
				0 	 -0.1564 	 -0.9877
				0 	 0.9877 	 -0.1564
				1 	 0 	 0
				9.7481 	 0.0324 	 5.9147
			}
			{poly "piece06"}
		}
		{bone "piece07"
			{matrix34
				0 	 -0.1564 	 -0.9877
				0 	 0.9877 	 -0.1564
				1 	 0 	 0
				-94.2739 	 0.4956 	 7.6511
			}
			{poly "piece07"}
		}
		{bone "piece08"
			{matrix34
				0.9848 	 0.1736 	 0
				-0.1736 	 0.9848 	 0
				0 	 0 	 1
				96.521 	 3.2207 	 19.6426
			}
			{poly "piece08"}
		}
		{bone "piece09"
			{matrix34
				0 	 -0.1908 	 -0.9816
				0 	 0.9816 	 -0.1908
				1 	 0 	 0
				73.2451 	 -0.0925 	 25.6311
			}
			{poly "piece09"}
		}
		{bone "piece10"
			{matrix34
				0 	 -0.1564 	 -0.9877
				0 	 0.9877 	 -0.1564
				1 	 0 	 0
				62.1145 	 0.5433 	 9.9046
			}
			{poly "piece10"}
		}
		{bone "fx_wood"
			{Position 15.5625 	 0.2236 	 0}
		}
	}
}
{volume "piece01"
	{cylinder 1.82791 17.8714}
	{bone "piece01"}
	{matrix34
		1 	 0 	 0
		0 	 1 	 0.0006
		0 	 -0.0006 	 1
		-0.0762 	 -0.0914 	 -0.2431
	}
}
{volume "piece02"
	{cylinder 1.82791 17.8714}
	{bone "piece02"}
	{matrix34
		0.9848 	 -0.1736 	 0
		0.1736 	 0.9848 	 0.0006
		-0.0001 	 -0.0006 	 1
		-0.3173 	 -0.9707 	 -0.5404
	}
}
{volume "piece03"
	{cylinder 1.82791 17.8714}
	{bone "piece03"}
	{matrix34
		0.9659 	 -0.2588 	 0
		0.2588 	 0.9659 	 0.0006
		-0.0002 	 -0.0006 	 1
		-0.9035 	 -0.754 	 -0.1747
	}
}
{volume "piece04"
	{cylinder 1.75658 50.1551}
	{bone "piece04"}
	{matrix34
		0.9781 	 0.2079 	 0
		-0.2079 	 0.9781 	 0.0006
		0.0001 	 -0.0006 	 1
		0.4611 	 -0.5178 	 -0.2654
	}
}
{volume "piece05"
	{cylinder 1.75658 51.8846}
	{bone "piece05"}
	{matrix34
		0.9816 	 0.1908 	 0
		-0.1908 	 0.9816 	 0.0006
		0.0001 	 -0.0006 	 1
		-0.9672 	 -0.0081 	 -0.7389
	}
}
{volume "piece06"
	{cylinder 1.75658 57.0731}
	{bone "piece06"}
	{matrix34
		0.9877 	 0.1564 	 0
		-0.1564 	 0.9877 	 0.0006
		0 	 -0.0006 	 1
		-0.8837 	 -0.1004 	 -0.235
	}
}
{volume "piece07"
	{cylinder 1.75658 57.6496}
	{bone "piece07"}
	{matrix34
		0.9877 	 0.1564 	 0
		-0.1564 	 0.9877 	 0.0006
		0 	 -0.0006 	 1
		-0.2375 	 -0.4671 	 3.3984
	}
}
{volume "piece08"
	{cylinder 1.82791 21.9818}
	{bone "piece08"}
	{matrix34
		0.9848 	 -0.1736 	 0
		0.1736 	 0.9848 	 0.0006
		-0.0001 	 -0.0006 	 1
		-0.2981 	 -0.9416 	 -0.2137
	}
}
{volume "piece09"
	{cylinder 1.75658 51.8846}
	{bone "piece09"}
	{matrix34
		0.9816 	 0.1908 	 0
		-0.1908 	 0.9816 	 0.0006
		0.0001 	 -0.0006 	 1
		-0.1482 	 0.375 	 -0.1898
	}
}
{volume "piece10"
	{cylinder 1.75658 57.0731}
	{bone "piece10"}
	{matrix34
		0.9877 	 0.1564 	 0
		-0.1564 	 0.9877 	 0.0006
		0 	 -0.0006 	 1
		0.3451 	 -0.4231 	 -0.955
	}
}
