;Exported by	: KobaA
;Date			: 04.03.2024 17:09:18
;File			: d:\git\gem2-mdl-soldiers\models\building\france_mill\france_mill_x.max
{skeleton
	{bone "france_mill_piece09_point"
		{orientation
			1 	 0 	 0
			0 	 -1 	 0
			0 	 0 	 1
		}
		{bone "piece01"
			{matrix34
				0.2141 	 -0.9768 	 0
				0.9768 	 0.2141 	 0
				0 	 0 	 1
				-19.4718 	 -4.7298 	 -3.4565
			}
			{poly "piece01"}
		}
		{bone "piece02"
			{matrix34
				-0.0037 	 -1 	 0
				1 	 -0.0037 	 0
				0 	 0 	 1
				-10.7507 	 12.6613 	 -33.8896
			}
			{poly "piece02"}
		}
		{bone "piece06"
			{matrix34
				-0.5811 	 -0.8139 	 0
				0.8139 	 -0.5811 	 0
				0 	 0 	 1
				9.8462 	 30.4038 	 -7.2793
			}
			{poly "piece06"}
		}
		{bone "sub_piece01"
			{matrix34
				0.0052 	 -0.6428 	 -0.766
				1 	 0.0082 	 0
				0.0063 	 -0.766 	 0.6428
				-3.3072 	 5.9346 	 9.139
			}
			{poly "sub_piece01"}
		}
		{bone "sub_piece02"
			{matrix34
				-0.0049 	 -0.6428 	 -0.766
				1 	 -0.0076 	 0
				-0.0058 	 -0.766 	 0.6428
				11.4878 	 2.5511 	 9.127
			}
			{poly "sub_piece02"}
		}
		{bone "sub_piece03"
			{matrix34
				-0.0037 	 -1 	 0
				1 	 -0.0037 	 0
				0 	 0 	 1
				-18.7633 	 -2.4974 	 -22.8844
			}
			{poly "sub_piece03"}
		}
		{bone "sub_piece04"
			{matrix34
				-0.3114 	 -0.9503 	 0
				0.9503 	 -0.3114 	 0
				0 	 0 	 1
				-5.2618 	 20.1228 	 -5.7664
			}
			{poly "sub_piece04"}
		}
		{bone "sub_piece05"
			{matrix34
				0.1305 	 -0.9914 	 0
				0.9914 	 0.1305 	 0
				0 	 0 	 1
				-11.7955 	 11.6344 	 -14.9803
			}
			{poly "sub_piece05"}
		}
		{bone "sub_piece06"
			{matrix34
				-0.4861 	 -0.8739 	 0
				0.8739 	 -0.4861 	 0
				0 	 0 	 1
				5.8701 	 27.7027 	 -30.9977
			}
			{poly "sub_piece06"}
		}
		{bone "sub_piece07"
			{matrix34
				-0.332 	 -0.9433 	 0
				0.9433 	 -0.332 	 0
				0 	 0 	 1
				-9.9865 	 14.1903 	 4.1431
			}
			{poly "sub_piece07"}
		}
		{bone "sub_piece08"
			{matrix34
				-0.6428 	 -0.0064 	 -0.766
				0.0099 	 -1 	 0
				-0.766 	 -0.0076 	 0.6428
				-3.3072 	 -4.2622 	 13.6092
			}
			{poly "sub_piece08"}
		}
		{bone "sub_piece09"
			{matrix34
				-0.6546 	 -0.756 	 0
				0.756 	 -0.6546 	 0
				0 	 0 	 1
				26.8898 	 35.3539 	 -22.8726
			}
			{poly "sub_piece09"}
		}
	}
}
{"volumes"
	{"piece01"
		{box 6.88976 15.0629 10.429}
		{bone "piece01"}
		{matrix34
			-0.4843 	 -0.8749 	 0
			0.8749 	 -0.4843 	 0
			0 	 0 	 1
			0.3506 	 -0.0519 	 -0.4646
		}
	}
	{"piece02"
		{box 6.88976 12.0503 12.2019}
		{bone "piece02"}
		{matrix34
			-0.4843 	 -0.8749 	 0
			0.8749 	 -0.4843 	 0
			0 	 0 	 1
			0.6042 	 -0.3345 	 0.74
		}
	}
	{"piece06"
		{box 6.88976 15.0629 10.429}
		{bone "piece06"}
		{matrix34
			-0.4843 	 -0.8749 	 0
			0.8749 	 -0.4843 	 0
			0 	 0 	 1
			0.3506 	 -0.0519 	 -0.4646
		}
	}
	{"sub_piece01"
		{box 3.16929 12.3036 4.06136}
		{bone "sub_piece01"}
		{matrix34
			-0.0035 	 -1 	 -0.0042
			0.6428 	 -0.0055 	 0.766
			-0.766 	 0 	 0.6428
			0.2514 	 0 	 -0.211
		}
	}
	{"sub_piece02"
		{box 3.16929 12.3036 4.06136}
		{bone "sub_piece02"}
		{matrix34
			-0.0035 	 -1 	 -0.0042
			0.6428 	 -0.0055 	 0.766
			-0.766 	 0 	 0.6428
			0.2514 	 0 	 -0.211
		}
	}
	{"sub_piece03"
		{box 6.93383 7.29824 5.63728}
		{bone "sub_piece03"}
		{matrix34
			-0.2741 	 -0.9617 	 0
			0.9617 	 -0.2741 	 0
			0 	 0 	 1
			0.4171 	 -0.1189 	 -0.0119
		}
	}
	{"sub_piece04"
		{box 6.93383 8.38543 3.45388}
		{bone "sub_piece04"}
		{matrix34
			-0.461 	 -0.8874 	 0
			0.8874 	 -0.461 	 0
			0 	 0 	 1
			0.0947 	 0.3336 	 0.0126
		}
	}
	{"sub_piece05"
		{box 6.93383 5.11511 5.63728}
		{bone "sub_piece05"}
		{matrix34
			-0.4955 	 -0.8686 	 0
			0.8686 	 -0.4955 	 0
			0 	 0 	 1
			-0.2531 	 -0.4437 	 0.1263
		}
	}
	{"sub_piece06"
		{box 6.93383 5.11511 5.63728}
		{bone "sub_piece06"}
		{matrix34
			-0.4955 	 -0.8686 	 0
			0.8686 	 -0.4955 	 0
			0 	 0 	 1
			-0.2531 	 -0.4437 	 0.1263
		}
	}
	{"sub_piece07"
		{box 6.93383 7.29824 5.63728}
		{bone "sub_piece07"}
		{matrix34
			-0.2741 	 -0.9617 	 0
			0.9617 	 -0.2741 	 0
			0 	 0 	 1
			0.4171 	 -0.1189 	 -0.0119
		}
	}
	{"sub_piece08"
		{box 3.16929 12.3036 4.06136}
		{bone "sub_piece08"}
		{matrix34
			-0.0035 	 -1 	 -0.0042
			0.6428 	 -0.0055 	 0.766
			-0.766 	 0 	 0.6428
			0.2514 	 0 	 -0.211
		}
	}
	{"sub_piece09"
		{box 6.93383 5.11511 5.63728}
		{bone "sub_piece09"}
		{matrix34
			-0.4955 	 -0.8686 	 0
			0.8686 	 -0.4955 	 0
			0 	 0 	 1
			-0.2531 	 -0.4437 	 0.1263
		}
	}
}
