;Exported by	: KobaA
;Date			: 28.03.2024 12:38:04
;File			: d:\git\gem2-mdl-soldiers\models\entourage\barrel_wood\barrel_wood.max
{skeleton
	{bone "barrel_wood_01_x"
		{orientation
			1 	 0 	 0
			0 	 -1 	 0
			0 	 0 	 1
		}
		{bone "piece01"
			{matrix34
				0.4956 	 -0.7547 	 -0.4299
				0.3764 	 0.6327 	 -0.6767
				0.7827 	 0.1736 	 0.5977
				1.8716 	 0.3968 	 9.4332
			}
			{poly "piece01"}
		}
		{bone "piece02"
			{matrix34
				0.8352 	 0.3019 	 0.4597
				-0.1455 	 0.9274 	 -0.3447
				-0.5304 	 0.221 	 0.8184
				-3.6124 	 0.2222 	 9.3404
			}
			{poly "piece02"}
		}
		{bone "fx_wood1"
			{Position -0.551 	 0 	 6.0069}
		}
		{bone "fx_wood2"
			{Position -0.551 	 0 	 6.0069}
		}
	}
}
{"volumes"
	{"piece01"
		{box 5.13645 16.3363 1.77618}
		{bone "piece01"}
		{matrix34
			0.4621 	 0.3115 	 0.8303
			-0.334 	 -0.8062 	 0.4883
			0.8215 	 -0.503 	 -0.2686
			0.2531 	 -0.3848 	 0.0734
		}
	}
	{"piece02"
		{box 5.13645 16.3363 1.77618}
		{bone "piece02"}
		{matrix34
			0.8696 	 -0.1819 	 -0.459
			0.3261 	 -0.4863 	 0.8107
			-0.3707 	 -0.8546 	 -0.3636
			0.0934 	 -0.3347 	 0.1586
		}
	}
}
