;Exported by: butyvsky
;Date:        Wed Aug 22 16:51:17 2007
;File:        D:\-Projects-\-3D Work-\canon\4xmaxim\maxim_quad_inv.max
{Skeleton
	{bone "gun"
		{Orientation
			1	0	0
			0	-1	0
			0	0	1
		}
		{VolumeView "gun.ply"}
		{bone "foresight1"
			{Matrix34
				1	0	0
				0	-1	0
				0	0	-1
				16.594	-0.910073	0.0860729
			}
		}
		{bone "fxshell1"
			{Matrix34
				0	0.965926	0.25882
				-1	0	0
				0	-0.25882	0.965926
				-2.99824	-1.0028	6.93965
			}
		}
		{bone "fxshell2"
			{Matrix34
				0	0.965926	0.25882
				-1	0	0
				0	-0.25882	0.965926
				-4.21206	-0.622026	3.0567
			}
		}
		{bone "fxshell3"
			{Matrix34
				0	-0.965926	0.258818
				-1	0	0
				0	0.258818	0.965926
				-4.37935	-0.565911	-2.30306
			}
		}
		{bone "fxshell4"
			{Matrix34
				0	-0.965926	0.258818
				-1	0	0
				0	0.258818	0.965926
				-4.37935	-1.13784	-6.8174
			}
		}
		{bone "shooter02"
			{Matrix34
				0.999962	-0.0087264	0
				0	0	-1
				-0.0087264	-0.999962	0
				14.6681	-0.865569	5.75255
			}
		}
		{bone "handle"
			{Matrix34
				1	0	0
				0	0	-1
				0	1	0
				-2.13491	0.831845	0.365882
			}
		}
		{bone "shooter00"
			{Matrix34
				0.999962	0	-0.00872649
				-0.00872649	0	-0.999962
				0	-1	0
				14.7068	-0.986052	1.7618
			}
		}
		{bone "shooter01"
			{Matrix34
				0.999962	0	-0.00872616
				-0.00872616	0	-0.999962
				0	1	0
				14.7068	-1.01067	-5.95954
			}
		}
		{bone "shooter03"
			{Matrix34
				0.999962	0	-0.00872616
				-0.00872616	-1.29509e-005	-0.999962
				0	1	-1.29496e-005
				14.6681	-0.890225	-1.96879
			}
		}
	}
}
{Volume "body"
	{Box 26.2217 13.1758 4.53791}
	{Bone "gun"}
	{Matrix34
		-1	0	0
		0	0	1
		0	1	0
		0.369907	-0.883233	0.294123
	}
}
{Volume "select"
	{Box 29.1352 18.2997 7.56318}
	{Bone "gun"}
	{Matrix34
		-1	0	0
		0	0	1
		0	1	0
		0.369906	-0.919645	0.294123
	}
}
{Extender "preview"
	{"stuff"
		{camera
			{origin -14.8304	-12.9331	22.7276}
			{lookat -4.04041	-0.245534	2.00024}
			{fov 45}
			{horizon -129.509}
		}
		{lights
			{"0"
				{type directional}
				{direction 0	0.410794	-0.285041}
			}
		}
	}
	{"Stuff_primary"
		{camera
			{origin -20.0165	-21.6374	31.6626}
			{lookat -1.73938	0.628501	3.36692}
			{fov 45}
			{horizon -134.487}
		}
		{lights
			{"0"
				{type directional}
				{direction 0	0.410794	-0.285041}
			}
		}
	}
}
