;Exported by	: KobaA
;Date			: 02.03.2023 14:15:34
;File			: D:\git\gem2-mdl-soldiers\models\building\hangar_wood\HW2.max
{skeleton
	{bone "hangar_piece_02"
		{orientation
			1 	 0 	 0
			0 	 -1 	 0
			0 	 0 	 1
		}
		{poly "hangar_piece_02"}
		{bone "exterior"
			{Position -20.7657 	 -0.0133 	 44.2285}
			{poly "exterior"}
			{bone "object128"
				{Position -12.6588 	 1.0923 	 -45.4803}
				{poly "object128"}
			}
		}
		{bone "fix02"
			{Position -67.8191 	 74.1859 	 18.854}
		}
		{bone "fix01"
			{Position -69.2208 	 -66.2764 	 18.3276}
		}
	}
}
{area "interior"
	{obb2
		{center -20.4129 -0.24332}
		{extent 46.3349 56.3135}
		{axis -1 0}
	}
	{rotate}
}
{"volumes"
	{"body"
		{polyhedron}
		{bone "hangar_piece_02"}
		{matrix34
			0 	 -1 	 0
			1 	 0 	 0
			0 	 0 	 1
			-66.8509 	 -0.7765 	 15.9999
		}
	}
	{"roof1"
		{box 101.048 1.90945 42.1197}
		{bone "exterior"}
		{matrix34
			-1 	 0 	 0
			0 	 0.1392 	 0.9903
			0 	 0.9903 	 -0.1392
			-4.2324 	 20.6621 	 1.684
		}
	}
	{"roof2"
		{box 76.2784 1.90945 55.1272}
		{bone "exterior"}
		{matrix34
			1 	 0 	 0
			0 	 -0.1392 	 0.9903
			0 	 -0.9903 	 -0.1392
			-17.0487 	 -27.4882 	 0.7788
		}
	}
	{"roof3"
		{box 28.223 1.90945 23.7047}
		{bone "exterior"}
		{matrix34
			1 	 0 	 0
			0 	 -0.1392 	 0.9903
			0 	 -0.9903 	 -0.1392
			34.8211 	 -11.9297 	 2.9654
		}
	}
	{"roof4"
		{box 57.7994 1.90945 19.3751}
		{bone "exterior"}
		{matrix34
			-1 	 0 	 0
			0 	 0.1392 	 0.9903
			0 	 0.9903 	 -0.1392
			-25.4138 	 51.3448 	 -2.6282
		}
	}
}
