;Exported by	: KobaA
;Date			: 17.01.2024 12:28:41
;File			: d:\git\gem2-mdl-soldiers\models\building\water_mill\water_mill_01_x_fort.max
{skeleton
	{bone "h_80_g2_piece12_point"
		{orientation
			1 	 0 	 0
			0 	 -1 	 0
			0 	 0 	 1
		}
		{bone "sub_piece02"
			{matrix34
				0 	 0 	 -1
				0 	 1 	 0
				1 	 0 	 0
				-60.3046 	 -1.2316 	 0.1732
			}
			{poly "sub_piece02"}
		}
		{bone "sub_piece01"
			{matrix34
				0 	 0 	 -1
				0 	 1 	 0
				1 	 0 	 0
				-24.0492 	 -8.5348 	 18.0583
			}
			{poly "sub_piece01"}
		}
		{bone "piece05"
			{matrix34
				0 	 0 	 -1
				0 	 1 	 0
				1 	 0 	 0
				-29.163 	 3.9476 	 9.5724
			}
			{poly "piece05"}
		}
		{bone "piece02"
			{matrix34
				0 	 0 	 -1
				0 	 1 	 0
				1 	 0 	 0
				-44.1188 	 16.5226 	 1.0237
			}
			{poly "piece02"}
		}
		{bone "piece01"
			{matrix34
				0 	 0 	 -1
				0 	 1 	 0
				1 	 0 	 0
				-6.5828 	 16.5226 	 1.0237
			}
			{poly "piece01"}
		}
		{bone "piece04"
			{matrix34
				0 	 0 	 -1
				0 	 1 	 0
				1 	 0 	 0
				4.0859 	 3.9476 	 9.5724
			}
			{poly "piece04"}
		}
		{bone "piece06"
			{matrix34
				0 	 0 	 -1
				0 	 1 	 0
				1 	 0 	 0
				13.0206 	 -8.5033 	 18.0369
			}
			{poly "piece06"}
		}
		{bone "piece03"
			{matrix34
				0 	 0 	 -1
				0 	 1 	 0
				1 	 0 	 0
				-12.1818 	 -16.8755 	 23.7284
			}
			{poly "piece03"}
		}
		{bone "piece07"
			{matrix34
				0 	 1 	 0
				-1 	 0 	 0
				0 	 0 	 1
				-58.8739 	 12.2786 	 -9.5609
			}
			{poly "piece07"}
		}
		{bone "piece08"
			{Position 6.261 	 18.1716 	 -13.7429}
			{poly "piece08"}
		}
		{bone "piece09"
			{Position -14.1572 	 18.1716 	 -11.5125}
			{poly "piece09"}
		}
		{bone "sub_piece03"
			{Position -5.0052 	 18.1716 	 -19.6941}
			{poly "sub_piece03"}
		}
	}
}
{"volumes"
	{"piece01"
		{box 10.7263 1.9685 14.1877}
		{bone "piece01"}
		{matrix34
			0 	 0 	 1
			-0.8224 	 0.569 	 0
			-0.569 	 -0.8224 	 0
			0.1785 	 -0.3425 	 -0.0738
		}
	}
	{"piece02"
		{box 16.6258 1.9685 13.7833}
		{bone "piece02"}
		{matrix34
			0 	 0 	 1
			-0.8224 	 0.569 	 0
			-0.569 	 -0.8224 	 0
			0.6242 	 0.3016 	 -1.4626
		}
	}
	{"piece03"
		{box 18.8181 1.9685 12.1291}
		{bone "piece03"}
		{matrix34
			0 	 0 	 1
			-0.8224 	 0.569 	 0
			-0.569 	 -0.8224 	 0
			1.0502 	 0.8744 	 -0.0474
		}
	}
	{"piece04"
		{box 10.7263 1.9685 14.9188}
		{bone "piece04"}
		{matrix34
			0 	 0 	 1
			-0.8224 	 0.569 	 0
			-0.569 	 -0.8224 	 0
			0.1721 	 -0.1325 	 2.058
		}
	}
	{"piece05"
		{box 10.7263 1.9685 14.9188}
		{bone "piece05"}
		{matrix34
			0 	 0 	 1
			-0.8224 	 0.569 	 0
			-0.569 	 -0.8224 	 0
			0.1721 	 -0.1325 	 4.5795
		}
	}
	{"piece06"
		{box 14.5774 1.9685 9.58593}
		{bone "piece06"}
		{matrix34
			0 	 0 	 1
			-0.8224 	 0.569 	 0
			-0.569 	 -0.8224 	 0
			1.8607 	 1.8999 	 0.1207
		}
	}
	{"piece07"
		{box 15.7406 5.90551 11.5537}
		{bone "piece07"}
		{Position -0.1398 	 0 	 0.3164}
	}
	{"piece08"
		{box 12.0265 5.90551 20.2906}
		{bone "piece08"}
		{Position 0.9091 	 0 	 0.1692}
	}
	{"piece09"
		{box 15.21 5.90551 10.1453}
		{bone "piece09"}
		{matrix34
			0.8192 	 0 	 0.5736
			0 	 1 	 0
			-0.5736 	 0 	 0.8192
			-0.078 	 0 	 0.6021
		}
	}
	{"sub_piece01"
		{box 10.7263 1.9685 14.9188}
		{bone "sub_piece01"}
		{matrix34
			0 	 0 	 1
			-0.8224 	 0.569 	 0
			-0.569 	 -0.8224 	 0
			0.3734 	 -0.2492 	 -0.5343
		}
	}
	{"sub_piece02"
		{box 11.4218 1.9685 7.84496}
		{bone "sub_piece02"}
		{matrix34
			0 	 1 	 0
			-0.5782 	 0 	 -0.8159
			-0.8159 	 0 	 0.5782
			-0.4297 	 0.0656 	 -0.4439
		}
	}
	{"sub_piece03"
		{box 7.95193 5.90551 6.49299}
		{bone "sub_piece03"}
		{Position 0.1045 	 0 	 0.1632}
	}
}
