;Exported by:	 vic
;Date:			 12.08.2016 18:19:30
;File:			 E:\Git\gem2-mdl-soldiers\models\entourage\metall_cistern2.max
{skeleton
	{bone "water_cistern_004_g2"
		{orientation
			1 	 0 	 0
			0 	 -1 	 0
			0 	 0 	 1
		}
		{poly "water_cistern_004_g2"}
	}
}
{volume "body1"
	{box 37.8827 21.5198 23.0174}
	{bone "water_cistern_004_g2"}
	{Position -0.0329 	 0.7598 	 36.1521}
}
{volume "body2"
	{box 1.9685 2.95276 19.6949}
	{bone "water_cistern_004_g2"}
	{matrix34
		1 	 0 	 0
		0 	 0 	 1
		0 	 -1 	 0
		-15.7689 	 0.7558 	 23.3226
	}
}
{volume "body3"
	{box 1.9685 2.95276 19.6949}
	{bone "water_cistern_004_g2"}
	{matrix34
		1 	 0 	 0
		0 	 0.9848 	 0.1736
		0 	 -0.1736 	 0.9848
		-15.7689 	 9.7624 	 12.3066
	}
}
{volume "body4"
	{box 1.9685 2.95276 19.6949}
	{bone "water_cistern_004_g2"}
	{matrix34
		1 	 0 	 0
		0 	 0.9848 	 -0.1736
		0 	 0.1736 	 0.9848
		-15.7689 	 -8.3264 	 12.3066
	}
}
{volume "body5"
	{box 1.9685 2.95276 28.9515}
	{bone "water_cistern_004_g2"}
	{matrix34
		1 	 0 	 0
		0 	 0 	 1
		0 	 -1 	 0
		-15.7689 	 0.7027 	 1.6063
	}
}
{volume "body6"
	{box 1.9685 2.95276 19.6949}
	{bone "water_cistern_004_g2"}
	{matrix34
		1 	 0 	 0
		0 	 0 	 1
		0 	 -1 	 0
		15.7098 	 0.7558 	 23.3226
	}
}
{volume "body7"
	{box 1.9685 2.95276 19.6949}
	{bone "water_cistern_004_g2"}
	{matrix34
		1 	 0 	 0
		0 	 0.9848 	 0.1736
		0 	 -0.1736 	 0.9848
		15.7098 	 9.7624 	 12.3066
	}
}
{volume "body8"
	{box 1.9685 2.95276 19.6949}
	{bone "water_cistern_004_g2"}
	{matrix34
		1 	 0 	 0
		0 	 0.9848 	 -0.1736
		0 	 0.1736 	 0.9848
		15.7098 	 -8.3264 	 12.3066
	}
}
{volume "body9"
	{box 1.9685 2.95276 28.857}
	{bone "water_cistern_004_g2"}
	{matrix34
		1 	 0 	 0
		0 	 0 	 1
		0 	 -1 	 0
		15.7098 	 0.75 	 1.6063
	}
}
