;Exported by	: joomb
;Date			: 13.04.2023 14:30:52
;File			: H:\git\gem2-mdl-soldiers\models\building\building_ua01\building_ua03_v2.max
{skeleton
	{bone "b_ua_03_piece09"
		{orientation
			1 	 0 	 0
			0 	 -1 	 0
			0 	 0 	 1
		}
		{poly "b_ua_03_piece09"}
		{bone "fix03"
			{Position -34.4381 	 -67.951 	 -52.8249}
		}
		{bone "fix04"
			{Position 36.0238 	 -67.951 	 -52.8249}
		}
		{bone "fix05"
			{Position 79.8122 	 -67.951 	 -52.8249}
		}
		{bone "fix06"
			{Position 86.4758 	 31.6203 	 -52.8249}
		}
		{bone "fix07"
			{Position 5.4335 	 55.7605 	 -52.8249}
		}
	}
}
{"volumes"
	{"roof01"
		{polyhedron}
		{bone "b_ua_03_piece09"}
		{matrix34
			-1 	 0 	 0
			0 	 -0.7873 	 -0.6166
			0 	 -0.6166 	 0.7873
			-7.6051 	 28.2096 	 -17.1651
		}
	}
	{"roof02"
		{box 49.4924 1.9685 18.8318}
		{bone "b_ua_03_piece09"}
		{matrix34
			-1 	 0 	 0
			0 	 -0.7873 	 -0.6166
			0 	 -0.6166 	 0.7873
			42.2152 	 33.7804 	 -24.2785
		}
	}
	{"roof03"
		{polyhedron}
		{bone "b_ua_03_piece09"}
		{matrix34
			1 	 0 	 0
			0 	 0.7873 	 -0.6166
			0 	 0.6166 	 0.7873
			-7.6051 	 -37.6483 	 -17.1651
		}
	}
	{"roof04"
		{polyhedron}
		{bone "b_ua_03_piece09"}
		{matrix34
			0 	 1 	 0
			-0.8708 	 0 	 -0.4917
			-0.4917 	 0 	 0.8708
			77.6021 	 -5.6861 	 -37.5774
		}
	}
	{"roof05"
		{polyhedron}
		{bone "b_ua_03_piece09"}
		{matrix34
			0 	 1 	 0
			-0.8703 	 0 	 -0.4926
			-0.4926 	 0 	 0.8703
			76.1775 	 -24.1146 	 -35.2336
		}
	}
	{"roof06"
		{polyhedron}
		{bone "b_ua_03_piece09"}
		{matrix34
			1 	 0 	 0
			0 	 0.7873 	 -0.6166
			0 	 0.6166 	 0.7873
			-8.125 	 -44.1216 	 -25.4309
		}
	}
}
