;Exported by	: KobaA
;Date			: 08.11.2023 12:36:01
;File			: D:\git\gem2-mdl-soldiers\models\fence\picket_fence\picket_fence.max
{skeleton
	{bone "picket_fence6_basis_x"
		{orientation
			1 	 0 	 0
			0 	 -1 	 0
			0 	 0 	 1
		}
		{bone "piece01"
			{matrix34
				0.5571 	 -0.0487 	 -0.829
				0.0872 	 0.9962 	 0
				0.8259 	 -0.0723 	 0.5592
				10.0882 	 25.8378 	 7.1945
			}
			{poly "piece01"}
		}
		{bone "piece02"
			{matrix34
				0.9976 	 -0.0049 	 -0.0696
				0 	 0.9976 	 -0.0698
				0.0698 	 0.0696 	 0.9951
				5.3445 	 -25.8121 	 13.1489
			}
			{poly "piece02"}
		}
		{bone "piece03"
			{matrix34
				0.433 	 0.0686 	 -0.8988
				0.7807 	 0.4699 	 0.4119
				0.4506 	 -0.88 	 0.1499
				3.7057 	 25.5775 	 6.5628
			}
			{poly "piece03"}
		}
		{bone "piece04"
			{matrix34
				0.7085 	 -0.0352 	 -0.7048
				0.6626 	 0.377 	 0.6472
				0.2429 	 -0.9256 	 0.2904
				7.4988 	 20.121 	 11.5518
			}
			{poly "piece04"}
		}
		{bone "piece05"
			{matrix34
				0.821 	 -0.2667 	 -0.5048
				0.5706 	 0.3539 	 0.7411
				-0.019 	 -0.8965 	 0.4427
				6.1657 	 15.8185 	 14.4221
			}
			{poly "piece05"}
		}
		{bone "piece06"
			{matrix34
				0.9391 	 -0.0229 	 -0.3428
				0.3419 	 0.1607 	 0.9259
				0.0339 	 -0.9867 	 0.1588
				-0.5777 	 3.982 	 6.6651
			}
			{poly "piece06"}
		}
		{bone "piece07"
			{matrix34
				0.9754 	 -0.0347 	 -0.2176
				-0.2177 	 -0.3035 	 -0.9276
				-0.0339 	 0.9522 	 -0.3036
				1.5679 	 -1.6801 	 16.3925
			}
			{poly "piece07"}
		}
		{bone "piece08"
			{matrix34
				0.9744 	 -0.0429 	 -0.2208
				0.225 	 0.1859 	 0.9565
				0 	 -0.9816 	 0.1908
				-0.9097 	 -7.8385 	 7.8695
			}
			{poly "piece08"}
		}
		{bone "piece09"
			{matrix34
				0.9848 	 0.0212 	 -0.1724
				-0.1692 	 -0.1063 	 -0.9798
				-0.0391 	 0.9941 	 -0.1011
				1.0122 	 -10.0428 	 20.08
			}
			{poly "piece09"}
		}
		{bone "piece10"
			{matrix34
				0.9876 	 0.038 	 -0.1526
				0.152 	 0.0195 	 0.9882
				0.0405 	 -0.9991 	 0.0135
				-0.6402 	 -19.7229 	 19.5474
			}
			{poly "piece10"}
		}
		{bone "piece11"
			{matrix34
				0.9962 	 -0.0869 	 0.0061
				-0.0872 	 -0.9938 	 0.0695
				0 	 -0.0698 	 -0.9976
				0.4433 	 12.3656 	 4.28
			}
			{poly "piece11"}
		}
		{bone "piece12"
			{matrix34
				0.994 	 -0.1067 	 -0.0233
				0.1004 	 0.9768 	 -0.1894
				0.0429 	 0.1859 	 0.9816
				0.8158 	 -11.7324 	 18.7874
			}
			{poly "piece12"}
		}
		{bone "piece13"
			{matrix34
				0.9998 	 -0.0173 	 0.0046
				-0.0175 	 -0.9985 	 0.0521
				0.0037 	 -0.0522 	 -0.9986
				-0.4272 	 -10.9759 	 5.6065
			}
			{poly "piece13"}
		}
		{bone "piece14"
			{matrix34
				0.9744 	 -0.2228 	 0.0313
				-0.2241 	 -0.9491 	 0.2214
				-0.0196 	 -0.2227 	 -0.9747
				3.8608 	 10.8839 	 9.2984
			}
			{poly "piece14"}
		}
	}
}
{"volumes"
	{"piece01"
		{box 3.21317 3.23276 33.5701}
		{bone "piece01"}
		{Position -0.016 	 -0.0047 	 0.1829}
	}
	{"piece02"
		{box 3.21317 3.23276 33.5701}
		{bone "piece02"}
		{Position -0.0161 	 -0.0624 	 0.1829}
	}
	{"piece03"
		{box 0.640305 1.64545 19.2581}
		{bone "piece03"}
		{matrix34
			1 	 0 	 0
			0 	 0 	 -1
			0 	 1 	 0
			0.0032 	 -0.1768 	 0.005
		}
	}
	{"piece04"
		{box 0.640305 1.64545 14.0122}
		{bone "piece04"}
		{matrix34
			1 	 0 	 0
			0 	 0 	 -1
			0 	 1 	 0
			-0.0135 	 0.1721 	 0.0253
		}
	}
	{"piece05"
		{box 0.640305 1.64545 10.5091}
		{bone "piece05"}
		{matrix34
			1 	 0 	 0
			0 	 0 	 -1
			0 	 1 	 0
			-0.0003 	 0.1295 	 -0.0235
		}
	}
	{"piece06"
		{box 0.640305 1.64545 12.3927}
		{bone "piece06"}
		{matrix34
			1 	 0 	 0
			0 	 0 	 -1
			0 	 1 	 0
			-0.0114 	 -0.0694 	 -0.0042
		}
	}
	{"piece07"
		{box 0.640305 1.64545 13.3254}
		{bone "piece07"}
		{matrix34
			1 	 0 	 0
			0 	 0 	 1
			0 	 -1 	 0
			0.0118 	 -0.0917 	 0.0286
		}
	}
	{"piece08"
		{box 0.640305 1.64545 12.3927}
		{bone "piece08"}
		{matrix34
			1 	 0 	 0
			0 	 0 	 -1
			0 	 1 	 0
			-0.0241 	 -0.0548 	 0.0165
		}
	}
	{"piece09"
		{box 0.640305 1.64545 10.9847}
		{bone "piece09"}
		{matrix34
			1 	 0 	 0
			0 	 0 	 -1
			0 	 1 	 0
			-0.0146 	 -0.0004 	 0.0018
		}
	}
	{"piece10"
		{box 0.640305 1.64545 14.0122}
		{bone "piece10"}
		{matrix34
			1 	 0 	 0
			0 	 0 	 -1
			0 	 1 	 0
			-0.0135 	 0.2214 	 0.029
		}
	}
	{"piece11"
		{box 0.640305 1.64545 12.3927}
		{bone "piece11"}
		{matrix34
			1 	 0 	 0
			0 	 0 	 -1
			0 	 1 	 0
			-0.0239 	 -0.004 	 0.0086
		}
	}
	{"piece12"
		{box 0.640305 1.64545 12.3927}
		{bone "piece12"}
		{matrix34
			1 	 0 	 0
			0 	 0 	 -1
			0 	 1 	 0
			-0.0164 	 -0.3009 	 0.0362
		}
	}
	{"piece13"
		{box 0.640305 1.64545 11.7853}
		{bone "piece13"}
		{matrix34
			1 	 0 	 0
			0 	 0 	 -1
			0 	 1 	 0
			0.0227 	 -0.0146 	 0.0148
		}
	}
	{"piece14"
		{box 0.640305 1.64545 19.2581}
		{bone "piece14"}
		{matrix34
			1 	 0 	 0
			0 	 0 	 -1
			0 	 1 	 0
			0.0033 	 -0.1244 	 -0.0349
		}
	}
}
