;Exported by:	 joomb
;Date:			 03.04.2020 11:24:27
;File:			 D:\Git\gem2-mdl-soldiers\models\entourage\telega\Telega.max
{skeleton
	{bone "basis"
		{orientation
			1 	 0 	 0
			0 	 -1 	 0
			0 	 0 	 1
		}
		{bone "telega03"
			{Position -3.6765 	 6.112 	 0}
			{poly "telega03"}
		}
		{bone "line117"
			{matrix34
				-0.8225 	 0.5033 	 -0.2647
				-0.3657 	 -0.1116 	 0.924
				0.4356 	 0.8568 	 0.2759
				13.0087 	 36.8877 	 12.3432
			}
			{poly "line117"}
		}
	}
}
{obstacle "rectangle01"
	{obb2
		{center 2.61778 -0.406902}
		{extent 15.1815 30.7245}
		{axis -0.996195 -0.0871557}
	}
	{rotate}
}
{obstacle "rectangle02"
	{obb2
		{center -7.70007 -47.6122}
		{extent 1.07485 26.2878}
		{axis -0.866025 0.500001}
	}
	{rotate}
}
{volume "wood01"
	{box 17.1939 58.0026 2.17204}
	{bone "basis"}
	{matrix34
		0.9672 	 -0.0831 	 0.2401
		0.061 	 0.9933 	 0.098
		-0.2466 	 -0.0802 	 0.9658
		2.2237 	 0.5205 	 11.3935
	}
}
{volume "wood02"
	{box 0.898757 58.0026 16.6726}
	{bone "basis"}
	{matrix34
		0.8111 	 -0.1123 	 0.574
		0.0183 	 0.9858 	 0.1671
		-0.5846 	 -0.125 	 0.8016
		-10.2725 	 2.4163 	 17.0793
	}
}
{volume "wood03"
	{box 0.898757 58.0026 16.6726}
	{bone "basis"}
	{matrix34
		0.9283 	 -0.0164 	 -0.3716
		0.0601 	 0.9925 	 0.1065
		0.367 	 -0.1212 	 0.9223
		10.3091 	 -3.4095 	 18.0849
	}
}
{volume "wood04"
	{box 21.6633 0.863966 8.0432}
	{bone "basis"}
	{matrix34
		0.9551 	 -0.0913 	 0.2818
		0.0952 	 0.9955 	 0
		-0.2805 	 0.0268 	 0.9595
		3.811 	 28.297 	 17.137
	}
}
{volume "wood05"
	{box 21.6633 0.863966 8.0432}
	{bone "basis"}
	{matrix34
		0.9551 	 -0.1194 	 0.2711
		0.0952 	 0.9903 	 0.1007
		-0.2805 	 -0.0704 	 0.9573
		-0.6252 	 -29.031 	 13.0696
	}
}
{volume "wood06"
	{cylinder 7.25121 1.19161}
	{bone "basis"}
	{matrix34
		0.0976 	 0.0067 	 -0.9952
		-0.268 	 0.9632 	 -0.0198
		0.9585 	 0.2686 	 0.0958
		-6.6304 	 22.7906 	 7.2939
	}
}
{volume "wood07"
	{cylinder 7.25121 1.19161}
	{bone "basis"}
	{matrix34
		0.0368 	 0.0045 	 -0.9993
		-0.2114 	 0.9774 	 -0.0034
		0.9767 	 0.2114 	 0.0369
		14.8494 	 28.8843 	 7.2588
	}
}
{volume "wood08"
	{cylinder 8.84648 1.19161}
	{bone "basis"}
	{matrix34
		0.251 	 -0.0387 	 -0.9672
		0.017 	 0.9992 	 -0.0355
		0.9679 	 -0.0075 	 0.2514
		16.1492 	 -19.5986 	 9.0025
	}
}
{volume "wood09"
	{cylinder 8.84648 1.19161}
	{bone "basis"}
	{matrix34
		0.9811 	 -0.0387 	 -0.1895
		0.0394 	 0.9992 	 0
		0.1893 	 -0.0075 	 0.9819
		-9.0209 	 -21.023 	 1.4938
	}
}
