;Exported by	: KobaA
;Date			: 18.01.2024 15:43:06
;File			: d:\git\gem2-mdl-soldiers\models\building\house_d\d_002_cut_fort.max
{skeleton
	{bone "d002_piece02"
		{orientation
			1 	 0 	 0
			0 	 -1 	 0
			0 	 0 	 1
		}
		{poly "d002_piece02"}
		{bone "fix01"
			{Position 1.0019 	 26.1664 	 -62.1333}
		}
		{bone "fix02"
			{Position -51.5022 	 25.3373 	 -8.5395}
		}
		{bone "fix03"
			{Position 51.9079 	 26.1664 	 -8.5395}
		}
	}
}
{"volumes"
	{"body01"
		{box 5.90551 79.1847 13.2336}
		{bone "d002_piece02"}
		{matrix34
			0 	 1 	 0
			-1 	 0 	 0
			0 	 0 	 1
			-1.0746 	 25.5703 	 -2.9464
		}
	}
	{"body02"
		{polyhedron}
		{bone "d002_piece02"}
		{matrix34
			0 	 1 	 0
			-1 	 0 	 0
			0 	 0 	 1
			1.8387 	 25.5703 	 -18.2035
		}
	}
	{"roof1"
		{box 55.2685 0.974409 50.1588}
		{bone "d002_piece02"}
		{matrix34
			-1 	 0 	 0
			0 	 0.3256 	 0.9455
			0 	 0.9455 	 -0.3256
			4.8498 	 8.2557 	 11.5708
		}
	}
	{"roof2"
		{box 10.7898 0.974409 37.1175}
		{bone "d002_piece02"}
		{matrix34
			-1 	 0 	 0
			0 	 0.3256 	 0.9455
			0 	 0.9455 	 -0.3256
			-27.2137 	 14.3637 	 9.4676
		}
	}
	{"roof3"
		{box 14.3172 0.974409 13.7335}
		{bone "d002_piece02"}
		{matrix34
			-1 	 0 	 0
			0 	 0.3256 	 0.9455
			0 	 0.9455 	 -0.3256
			35.4193 	 26.3692 	 5.3338
		}
	}
	{"roof4"
		{box 10.7898 0.974409 12.62}
		{bone "d002_piece02"}
		{matrix34
			-1 	 0 	 0
			0 	 0.3256 	 0.9455
			0 	 0.9455 	 -0.3256
			-38.1247 	 2.7823 	 13.4554
		}
	}
	{"roof5"
		{box 10.7898 0.974409 12.62}
		{bone "d002_piece02"}
		{matrix34
			-1 	 0 	 0
			0 	 0.3256 	 0.9455
			0 	 0.9455 	 -0.3256
			-38.1247 	 26.197 	 5.3931
		}
	}
}
