;Exported by	: joomb
;Date			: 30.03.2023 09:01:26
;File			: H:\git\gem2-mdl-soldiers\models\unit\vehicle\Flobsack_34\Flobsack_34.max
{skeleton
	{animation
		{sequence "move" {speed 0.5}}
		{sequence "drift" {speed 0.5}}
	}
	{bone "basis"
		{orientation
			1 	 0 	 0
			0 	 -1 	 0
			0 	 0 	 1
		}
		{bone "body"
			{parameters "id=body;"}
			{matrix34
				-0.9994 	 0 	 -0.0349
				0 	 -1 	 0
				-0.0349 	 0 	 0.9994
				-25.9673 	 -0.0195 	 5.9847
			}
			{poly "body" {lod 0}}
			{poly "body_lod1" {lod 1}}
			{poly "body_lod2" {lod 2}}
			{poly "body_lod3" {lod 3 {last}}}
			{bone "driver"
				{matrix34
					-0.8192 	 0.5736 	 0
					-0.5736 	 -0.8192 	 0
					0 	 0 	 1
					11.6768 	 -3.4772 	 -4.2311
				}
			}
			{bone "fx_bulb_norm_engine1"
				{Position 22.6248 	 -0.0195 	 -4.7027}
			}
			{bone "fx_bulb_norm_front1"
				{matrix34
					-0.6428 	 -0.766 	 0.0022
					0.766 	 -0.6428 	 0.0021
					-0.0001 	 0.003 	 1
					-68.0332 	 -11.6551 	 -4.0796
				}
			}
			{bone "fx_bulb_norm_front2"
				{matrix34
					-0.6157 	 0.788 	 0.0032
					-0.788 	 -0.6157 	 -0.0028
					-0.0003 	 -0.0043 	 1
					-68.3218 	 12.323 	 -4.0897
				}
			}
			{bone "fx_bulb_small_center1"
				{matrix34
					0 	 -1 	 0
					1 	 0 	 0
					0 	 0 	 1
					-26.2696 	 -14.275 	 -4.2311
				}
			}
			{bone "fx_bulb_small_center2"
				{matrix34
					0 	 1 	 0
					-1 	 0 	 0
					0 	 0 	 1
					-26.2696 	 14.4471 	 -4.2311
				}
			}
			{bone "fx_bulb1"
				{matrix34
					0.4069 	 -0.9134 	 -0.0105
					0.9134 	 0.4069 	 0.0072
					-0.0023 	 -0.0125 	 0.9999
					17.4694 	 -18.2069 	 -4.214
				}
			}
			{bone "fx_bulb2"
				{matrix34
					0.485 	 0.8745 	 -0.0078
					-0.8745 	 0.4849 	 -0.0058
					-0.0014 	 0.0096 	 1
					18.1013 	 18.3679 	 -4.1919
				}
			}
			{bone "pivot_back"
				{matrix34
					-1 	 0 	 0
					0 	 -1 	 0
					0 	 0 	 1
					24.2128 	 -0.0195 	 -0.8766
				}
			}
			{bone "pivot_front"
				{matrix34
					-1 	 0 	 0
					0 	 -1 	 0
					0 	 0 	 1
					-29.6563 	 -0.0194 	 -0.8766
				}
			}
			{bone "place01"
				{matrix34
					-0.9962 	 -0.0871 	 0.0001
					0.0871 	 -0.9962 	 0.003
					-0.0001 	 0.003 	 1
					0.3795 	 0.9102 	 -4.0068
				}
			}
			{bone "place02"
				{matrix34
					-0.9962 	 -0.0871 	 0.0001
					0.0871 	 -0.9962 	 0.003
					-0.0001 	 0.003 	 1
					-27.2634 	 0.579 	 -4.2311
				}
			}
			{bone "place03"
				{matrix34
					-0.9962 	 0.0871 	 0.0001
					-0.0871 	 -0.9962 	 -0.003
					-0.0001 	 -0.003 	 1
					-54.5537 	 -0.5001 	 -4.2311
				}
			}
			{bone "place04"
				{matrix34
					-0.9998 	 0 	 -0.0202
					0.0006 	 -0.9995 	 -0.0316
					-0.0201 	 -0.0316 	 0.9993
					-40.8091 	 0.2153 	 -4.2311
				}
			}
			{bone "place05"
				{matrix34
					-0.9999 	 0 	 -0.0125
					-0.0003 	 -0.9996 	 0.0267
					-0.0125 	 0.0267 	 0.9996
					-13.5622 	 0.0918 	 -4.1658
				}
			}
			{bone "scissor"
				{Position -25.8033 	 -0.0346 	 -0.2424}
				{poly "scissor"
					{layer waterscissor}}
			}
			{bone revolute "steer"
				{parameters "id=engine;"}
				{limits -25 25}
				{speed 0.03}
				{Position 30.3149 	 0.2128 	 8.3724}
				{poly "steer" {lod 0}}
				{poly "steer_lod1" {lod 1}}
				{poly "steer_lod2" {lod 2}}
				{poly "steer_lod3" {lod 3 {last}}}
				{bone "fx_smoke"
					{matrix34
						0.7071 	 0 	 -0.7071
						0 	 -1 	 0
						-0.7071 	 0 	 -0.7071
						-3.1567 	 -0.2322 	 2.3521
					}
				}
			}
			{bone "visor"
				{matrix34
					-1 	 0 	 0
					0 	 -1 	 0
					0 	 0 	 1
					12.8762 	 -0.0195 	 27.3179
				}
			}
			{bone revolute "attach_vehicle"
				{matrix34
					-1 	 0 	 0
					0 	 -1 	 0
					0 	 0 	 1
					-32.6121 	 -0.0194 	 2.3931
				}
			}
			{bone "skin_right"
				{matrix34
					-0.9994 	 0 	 -0.0349
					0 	 -1 	 0
					-0.0349 	 0 	 0.9994
					-26.4248 	 12.93 	 3.0996
				}
			}
			{bone "skin_left"
				{matrix34
					-0.9994 	 0 	 -0.0349
					0 	 -1 	 0
					-0.0349 	 0 	 0.9994
					-23.7056 	 -14.0643 	 3.1946
				}
			}
			{bone "skin_front"
				{matrix34
					-0.9994 	 0 	 -0.0349
					0 	 -1 	 0
					-0.0349 	 0 	 0.9994
					-73.6458 	 -0.0194 	 1.4506
				}
			}
		}
		{bone "emit1"
			{matrix34
				0 	 -1 	 0
				1 	 0 	 0
				0 	 0 	 1
				-37.5414 	 25.7757 	 0
			}
		}
		{bone "emit6"
			{matrix34
				0 	 -1 	 0
				1 	 0 	 0
				0 	 0 	 1
				-10.8224 	 25.7757 	 0
			}
		}
		{bone "emit3"
			{matrix34
				0 	 -1 	 0
				1 	 0 	 0
				0 	 0 	 1
				3.7674 	 25.7757 	 0
			}
		}
		{bone "emit4"
			{matrix34
				0 	 1 	 0
				-1 	 0 	 0
				0 	 0 	 1
				30.4581 	 -25.7758 	 0
			}
		}
		{bone "emit5"
			{matrix34
				0 	 1 	 0
				-1 	 0 	 0
				0 	 0 	 1
				15.439 	 -25.7758 	 0
			}
		}
		{bone "emit2"
			{matrix34
				0 	 1 	 0
				-1 	 0 	 0
				0 	 0 	 1
				-20.1168 	 -25.7758 	 0
			}
		}
	}
}
{"volumes"
	{"ballast"
		{polyhedron}
		{bone "body"}
		{matrix34
			-1 	 0 	 0
			0 	 -1 	 0
			0 	 0 	 1
			-62.1129 	 -0.1493 	 -7.0239
		}
	}
	{"body"
		{polyhedron}
		{bone "body"}
		{matrix34
			-1 	 0 	 0
			0 	 -1 	 0
			0 	 0 	 1
			-62.1129 	 -0.1493 	 -7.0239
		}
	}
	{"engine"
		{polyhedron}
		{bone "steer"}
		{matrix34
			-1 	 0 	 0
			0 	 -1 	 0
			0 	 0 	 1
			1.4213 	 -0.4502 	 -11.0461
		}
	}
	{"sticky"
		{polyhedron}
		{bone "body"}
		{matrix34
			-1 	 0 	 0
			0 	 -1 	 0
			0 	 0 	 1
			-62.1129 	 -0.1493 	 -7.0239
		}
	}
}
