;Exported by	: joomb
;Date			: 25.01.2023 13:15:15
;File			: D:\git\gem2-mdl-soldiers\models\unit\vehicle\bmw_r75\bmw_r75_bullet_ussr.max
{skeleton
	{bone "basis"
		{parameters "wheelradius=0.32;steermax=30;"}
		{orientation
			1 	 0 	 0
			0 	 -1 	 0
			0 	 0 	 1
		}
		{bone "body"
			{parameters "id=body;"}
			{matrix34
				0 	 1 	 0
				-0.8706 	 0 	 -0.492
				-0.492 	 0 	 0.8706
				7.66 	 10.31 	 15.6458
			}
			{poly "body" {lod 0}}
			{poly "body_lod1" {lod 1}}
			{poly "body_lod2" {lod 2}}
			{poly "body_lod3" {lod 3 {last}}}
			{bone "body1"
				{parameters "id=body1;"}
				{matrix34
					-1 	 0 	 0
					0 	 -0.8706 	 -0.492
					0 	 -0.492 	 0.8706
					-14.8705 	 13.7274 	 2.6209
				}
				{poly "body1" {lod 0}}
				{poly "body1_lod1" {lod 1}}
				{poly "body1_lod2" {lod 2}}
				{poly "body1_lod3" {lod 3 {last}}}
				{bone "spare"
					{parameters "id=body1;"}
					{matrix34
						-1 	 0 	 0
						0 	 -0.0862 	 0.9963
						0 	 0.9963 	 0.0862
						-0.0745 	 -13.5682 	 7.8669
					}
					{poly "spare" {lod 0}}
					{poly "spare_lod1" {lod 1}}
					{poly "spare_lod2" {lod 2}}
					{poly "spare_lod3" {lod 3 {last}}}
				}
				{bone "skin_ressora_l"
					{matrix34
						0 	 1 	 0
						-1 	 0 	 0
						0 	 0 	 1
						-6.2354 	 -11.9795 	 -1.6329
					}
				}
				{bone "skin_ressora_r"
					{matrix34
						0 	 1 	 0
						-1 	 0 	 0
						0 	 0 	 1
						6.0455 	 -11.9795 	 -1.6329
					}
				}
				{bone "detail1"
					{parameters "id=body1;"}
					{Position 6.3747 	 14.0715 	 -0.554}
					{poly "detail1" {lod 0}}
					{poly "detail1_lod1" {lod 1}}
					{poly "detail1_lod2" {lod 2}}
					{poly "detail1_lod3" {lod 3 {last}}}
				}
				{bone "detail2"
					{parameters "id=body1;"}
					{Position -6.4308 	 14.1423 	 -0.5515}
					{poly "detail2" {lod 0}}
					{poly "detail2_lod1" {lod 1}}
					{poly "detail2_lod2" {lod 2}}
					{poly "detail2_lod3" {lod 3 {last}}}
				}
				{bone revolute "gun_rot"
					{matrix34
						0 	 1 	 0
						-1 	 0 	 0
						0 	 0 	 1
						-0.0458 	 6.4575 	 7.3028
					}
					{bone revolute "mgun"
						{orientation
							1 	 0 	 0
							0 	 0 	 1
							0 	 -1 	 0
						}
					}
				}
				{bone "gunner"
					{matrix34
						0 	 1 	 0
						-1 	 0 	 0
						0 	 0 	 1
						1.5104 	 9.9404 	 -2.6679
					}
				}
			}
			{bone "wheel_chair_ressora"
				{parameters "id=wheel_chair;"}
				{matrix34
					1 	 0 	 0
					0 	 0.8706 	 0.492
					0 	 -0.492 	 0.8706
					0 	 0 	 0
				}
				{poly "wheel_chair_ressora" {lod 0}}
				{poly "wheel_chair_ressora_lod1" {lod 1}}
				{poly "wheel_chair_ressora_lod2" {lod 2}}
				{poly "wheel_chair_ressora_lod3" {lod 3 {last}}}
			}
			{bone "mass_centre"
				{matrix34
					0 	 -0.8706 	 -0.492
					1 	 0 	 0
					0 	 -0.492 	 0.8706
					-20.5467 	 25.5935 	 2.3689
				}
			}
			{bone "fxsmoke1"
				{matrix34
					0 	 -0.8706 	 -0.492
					1 	 0 	 0
					0 	 -0.492 	 0.8706
					-3.3807 	 31.1967 	 11.9349
				}
			}
			{bone "headlight"
				{matrix34
					0 	 -0.8706 	 -0.492
					1 	 0 	 0
					0 	 -0.492 	 0.8706
					-0.0357 	 -5.9376 	 -0.7138
				}
			}
			{bone "fxstop1"
				{matrix34
					0 	 -0.8706 	 -0.492
					1 	 0 	 0
					0 	 -0.492 	 0.8706
					0.2799 	 30.1098 	 11.5742
				}
			}
			{bone "fxstop2"
				{matrix34
					0 	 -0.8706 	 -0.492
					1 	 0 	 0
					0 	 -0.492 	 0.8706
					-23.8494 	 24.6158 	 9.4387
				}
			}
			{bone "passenger"
				{matrix34
					0 	 -0.8706 	 -0.492
					1 	 0 	 0
					0 	 -0.492 	 0.8706
					0.0021 	 13.1808 	 6.8809
				}
			}
			{bone "driver"
				{matrix34
					0 	 -0.8244 	 -0.566
					1 	 0 	 0
					0 	 -0.566 	 0.8244
					-0.2556 	 5.7186 	 0.0885
				}
			}
		}
		{bone "emit1"
			{matrix34
				0 	 -1 	 0
				1 	 0 	 0
				0 	 0 	 1
				-17.1602 	 21.1763 	 0
			}
		}
		{bone "emit2"
			{matrix34
				0 	 -1 	 0
				1 	 0 	 0
				0 	 0 	 1
				-5.9823 	 21.1763 	 0
			}
		}
		{bone "emit3"
			{matrix34
				0 	 1 	 0
				-1 	 0 	 0
				0 	 0 	 1
				-0.8411 	 -23.0508 	 0
			}
		}
		{bone "pivot_back"
			{Position -13.0962 	 -3.0767 	 6.1726}
			{bone revolute "wheel3"
				{parameters "id=wheel3;"}
				{matrix34
					-1 	 0 	 0
					0 	 0 	 1
					0 	 1 	 0
					2.01 	 -10.6817 	 0.2314
				}
				{poly "wheel3" {lod 0}}
				{poly "wheel3_lod1" {lod 1}}
				{poly "wheel3_lod2" {lod 2}}
				{poly "wheel3_lod3" {lod 3 {last}}}
			}
			{bone revolute "wheel2"
				{parameters "id=wheel2;"}
				{matrix34
					-1 	 0 	 0
					0 	 0 	 1
					0 	 1 	 0
					-2.2208 	 13.3938 	 0.2314
				}
				{poly "wheel2" {lod 0}}
				{poly "wheel2_lod1" {lod 1}}
				{poly "wheel2_lod2" {lod 2}}
				{poly "wheel2_lod3" {lod 3 {last}}}
			}
			{bone "fxtrace2"
				{Position -7.1759 	 13.5463 	 -6.1726}
			}
			{bone "fxtrace3"
				{Position -1.925 	 -10.973 	 -6.1726}
			}
		}
		{bone "pivot_front"
			{Position 15.211 	 9.9698 	 6.1726}
			{bone revolute "steer"
				{parameters "id=body;"}
				{matrix34
					-0.866 	 0 	 -0.5
					0 	 1 	 0
					0.5 	 0 	 -0.866
					-5.233 	 0.3402 	 8.504
				}
				{poly "steer" {lod 0}}
				{poly "steer_lod1" {lod 1}}
				{poly "steer_lod2" {lod 2}}
				{poly "steer_lod3" {lod 3 {last}}}
				{bone "ressora"
					{parameters "id=body;"}
					{matrix34
						0.1322 	 0 	 -0.9912
						0 	 1 	 0
						0.9912 	 0 	 0.1322
						-0.3497 	 0.0059 	 9.8415
					}
					{poly "ressora" {lod 0}}
					{poly "ressora_lod1" {lod 1}}
					{poly "ressora_lod2" {lod 2}}
					{poly "ressora_lod3" {lod 3 {last}}}
				}
				{bone "fxtrace1"
					{matrix34
						-0.866 	 0 	 0.5
						0 	 1 	 0
						-0.5 	 0 	 -0.866
						6.4542 	 0.1595 	 13.2208
					}
				}
				{bone revolute "wheel1"
					{parameters "id=wheel1;"}
					{matrix34
						0.866 	 0 	 -0.5
						-0.5 	 0 	 -0.866
						0 	 1 	 0
						-0.3497 	 0.007 	 9.8415
					}
					{poly "wheel1" {lod 0}}
					{poly "wheel1_lod1" {lod 1}}
					{poly "wheel1_lod2" {lod 2}}
					{poly "wheel1_lod3" {lod 3 {last}}}
				}
			}
		}
	}
}
{"volumes"
	{"body01"
		{polyhedron}
		{bone "body1"}
		{matrix34
			0 	 1 	 0
			-1 	 0 	 0
			0 	 0 	 1
			-0.1485 	 -11.1361 	 -2.5554
		}
	}
	{"body02"
		{box 10.1875 8.38516 0.657663}
		{bone "body1"}
		{matrix34
			0 	 0.9962 	 -0.0872
			-1 	 0 	 0
			0 	 0.0872 	 0.9962
			-0.1016 	 2.3736 	 -4.1734
		}
	}
	{"body03"
		{polyhedron}
		{bone "body1"}
		{matrix34
			0 	 1 	 0
			-1 	 0 	 0
			0 	 0 	 1
			-0.896 	 14.2253 	 -4.8614
		}
	}
	{"engine"
		{box 13.8334 5.40231 6.07388}
		{bone "body"}
		{matrix34
			0 	 -0.8706 	 -0.492
			1 	 0 	 0
			0 	 -0.492 	 0.8706
			0.0085 	 11.1568 	 -3.0512
		}
	}
	{"fuel"
		{box 4.91422 8.18294 4.46551}
		{bone "body"}
		{matrix34
			1 	 0 	 0
			0 	 0.9659 	 0.2588
			0 	 -0.2588 	 0.9659
			0 	 5.7513 	 1.9943
		}
	}
	{"spare"
		{cylinder 6.48282 2.76056}
		{bone "spare"}
		{matrix34
			1 	 0 	 0
			0 	 0 	 -1
			0 	 1 	 0
			0 	 -0.0109 	 0
		}
	}
	{"steer"
		{box 1.88491 6.94826 15.3694}
		{bone "steer"}
		{matrix34
			-1 	 0 	 0
			0 	 1 	 0
			0 	 0 	 -1
			-0.2492 	 0.0084 	 2.2914
		}
	}
	{"wheel1"
		{cylinder 6.29922 4.87205}
		{bone "wheel1"}
		{matrix34
			-1 	 0 	 0
			0 	 -1 	 0
			0 	 0 	 1
			0 	 0 	 -0.0595
		}
	}
	{"wheel2"
		{cylinder 6.48282 4.92126}
		{bone "wheel2"}
		{matrix34
			-1 	 0 	 0
			0 	 -1 	 0
			0 	 0 	 1
			0 	 0 	 -0.088
		}
	}
	{"wheel3"
		{cylinder 6.48282 4.92126}
		{bone "wheel3"}
		{matrix34
			-1 	 0 	 0
			0 	 -1 	 0
			0 	 0 	 1
			0 	 0 	 -0.0342
		}
	}
}
