;Exported by:	 tolokolnikova
;Date:			 10.06.2018 11:26:20
;File:			 D:\gem2\gem2-mdl-soldiers\models\building\b3\vil_build_004_x.max
{skeleton
	{bone "b4_vil_piece_01_point"
		{orientation
			1 	 0 	 0
			0 	 -1 	 0
			0 	 0 	 1
		}
		{bone "piece01"
			{Position -19.0025 	 -23.7829 	 5.6206}
			{poly "piece01"}
		}
		{bone "piece02"
			{Position -18.3824 	 1.5757 	 -3.7397}
			{poly "piece02"}
		}
		{bone "piece03"
			{Position -4.4095 	 37.2652 	 -3.6566}
			{poly "piece03"}
		}
		{bone "piece04"
			{Position 2.8435 	 37.2772 	 6.2828}
			{poly "piece04"}
		}
		{bone "b4_vil_piece_01"
			{Position 20.5318 	 -74.4716 	 -62.4292}
			{poly "b4_vil_piece_01"}
		}
		{bone "piece05"
			{Position -3.2141 	 40.8701 	 9.9708}
			{poly "piece05"}
		}
		{bone "piece06"
			{Position -9.7954 	 40.452 	 25.9842}
			{poly "piece06"}
		}
		{bone "piece07"
			{Position 3.6369 	 8.9062 	 40.3438}
			{poly "piece07"}
		}
		{bone "piece08"
			{Position 9.5646 	 27.3928 	 47.7116}
			{poly "piece08"}
		}
		{bone "piece09"
			{matrix34
				0.0248 	 0.9994 	 0.0245
				-0.7025 	 0 	 0.7117
				-0.7112 	 0.0349 	 -0.7021
				16.5554 	 -3.1088 	 54.6599
			}
			{poly "piece09"}
		}
		{bone "piece10"
			{matrix34
				0 	 1 	 0
				-0.7025 	 0 	 0.7117
				-0.7117 	 0 	 -0.7025
				3.1044 	 -31.363 	 41.9967
			}
			{poly "piece10"}
		}
		{bone "piece11"
			{matrix34
				0.1839 	 0.9829 	 0.0103
				-0.6852 	 0.1207 	 0.7183
				-0.7048 	 0.1392 	 -0.6957
				-19.2065 	 -29.9941 	 18.7002
			}
			{poly "piece11"}
		}
		{bone "piece12"
			{Position -19.029 	 19.9243 	 16.0403}
			{poly "piece12"}
		}
		{bone "piece14"
			{matrix34
				-0.7071 	 0 	 0.7071
				0.7071 	 0 	 0.7071
				0 	 1 	 0
				20.6967 	 -1.1199 	 57.4446
			}
			{poly "piece14"}
		}
		{bone "piece13"
			{Position 7.5025 	 -2.7581 	 9.5125}
			{poly "piece13"}
		}
		{bone "piece15"
			{Position -18.3824 	 31.6494 	 -12.5315}
			{poly "piece15"}
		}
		{bone revolute "attach1"
			{matrix34
				-1 	 0 	 0
				0 	 -1 	 0
				0 	 0 	 1
				-1.5927 	 -3.9941 	 -50.5201
			}
		}
		{bone "fort_wall"
			{matrix34
				0 	 1 	 0
				-1 	 0 	 0
				0 	 0 	 1
				-26.4167 	 0.419 	 -53.3445
			}
		}
		{bone "debris_land_001"
			{parameters "commonmesh;land;ground;"}
			{Position -30.3671 	 -7.5892 	 -58.9598}
			{poly "debris_land_001" {ground}}
		}
		{bone "stones_001"
			{parameters "commonmesh;land;ground;"}
			{Position -30.3537 	 -7.5892 	 -58.9598}
			{poly "stones_001" {ground}}
		}
	}
}
{volume "body01"
	{box 41.7647 5.90551 25.2639}
	{bone "b4_vil_piece_01"}
	{Position -20.7747 	 113.114 	 16.0967}
}
{volume "body02"
	{box 12.1118 5.90551 14.9057}
	{bone "b4_vil_piece_01"}
	{Position -35.7409 	 113.114 	 36.2141}
}
{volume "body03"
	{box 7.63775 5.90551 4.47171}
	{bone "b4_vil_piece_01"}
	{Position -9.2474 	 113.114 	 30.9971}
}
{volume "body04"
	{box 14.8654 5.90551 14.9532}
	{bone "b4_vil_piece_01"}
	{matrix34
		0 	 1 	 0
		-1 	 0 	 0
		0 	 0 	 1
		-38.3936 	 108.614 	 35.5288
	}
}
{volume "body05"
	{box 49.4208 5.90551 25.2639}
	{bone "b4_vil_piece_01"}
	{matrix34
		0 	 1 	 0
		-1 	 0 	 0
		0 	 0 	 1
		-38.3936 	 90.9762 	 16.0967
	}
}
{volume "piece01"
	{box 36.6411 5.90551 4.76751}
	{bone "piece01"}
	{matrix34
		0 	 0.9999 	 -0.0108
		-1 	 0 	 0
		0 	 0.0108 	 0.9999
		0 	 0.0257 	 0.0101
	}
}
{volume "piece02"
	{box 10.9923 5.90551 4.76751}
	{bone "piece02"}
	{matrix34
		0 	 0.9999 	 -0.0108
		-1 	 0 	 0
		0 	 0.0108 	 0.9999
		0 	 0.0257 	 0.0629
	}
}
{volume "piece03"
	{box 7.79597 5.90551 4.95583}
	{bone "piece03"}
	{Position -0.4342 	 -0.5231 	 0.0531}
}
{volume "piece04"
	{box 37.1237 5.90551 4.95583}
	{bone "piece04"}
	{Position 0.6505 	 -0.5351 	 0.1075}
}
{volume "piece05"
	{box 40.4394 5.17682 3.61776}
	{bone "piece05"}
	{Position 0 	 0.3211 	 -0.2449}
}
{volume "piece06"
	{box 4.1507 2.95276 34.7838}
	{bone "piece06"}
	{matrix34
		0.0087 	 0.9991 	 0.0426
		-0.7354 	 -0.0225 	 0.6773
		0.6776 	 -0.0373 	 0.7345
		-0.0452 	 -0.0913 	 -1.7695
	}
}
{volume "piece07"
	{box 40.7063 1.9685 4.72842}
	{bone "piece07"}
	{matrix34
		-0.0208 	 0.9997 	 0.0095
		-0.7157 	 -0.0215 	 0.6981
		0.6981 	 0.0077 	 0.716
		0.3184 	 0.2199 	 -0.0532
	}
}
{volume "piece08"
	{box 25.0771 1.9685 6.61979}
	{bone "piece08"}
	{matrix34
		-0.0208 	 0.9997 	 0.0095
		-0.7157 	 -0.0215 	 0.6981
		0.6981 	 0.0077 	 0.716
		-0.0607 	 -1.1257 	 -0.0112
	}
}
{volume "piece09"
	{box 30.0926 1.9685 20.2565}
	{bone "piece09"}
	{matrix34
		0.9988 	 0.0214 	 0.043
		-0.0222 	 0.9996 	 0.0182
		0.0426 	 0.0191 	 -0.9989
		-0.4573 	 -0.4555 	 0.0303
	}
}
{volume "piece10"
	{box 22.8703 1.9685 16.0027}
	{bone "piece10"}
	{matrix34
		0.9997 	 0.0214 	 0.0081
		-0.0215 	 0.9996 	 0.0189
		0.0077 	 0.0191 	 -0.9998
		0.2591 	 -0.336 	 0.103
	}
}
{volume "piece11"
	{box 22.8703 1.9685 16.0027}
	{bone "piece11"}
	{matrix34
		0.9893 	 0.1456 	 0.0021
		-0.1456 	 0.9892 	 0.0157
		-0.0002 	 0.0159 	 -0.9999
		-0.0435 	 -0.0484 	 1.6955
	}
}
{volume "piece12"
	{box 43.2364 1.9685 5.43496}
	{bone "piece12"}
	{matrix34
		-0.0208 	 0.9997 	 0.0095
		-0.7157 	 -0.0215 	 0.6981
		0.6981 	 0.0077 	 0.716
		-0.0684 	 1.0793 	 0.0741
	}
}
{volume "piece13"
	{box 77.9597 3.77953 3.66732}
	{bone "piece13"}
	{matrix34
		0 	 1 	 0
		-1 	 0 	 0
		0 	 0 	 1
		0 	 0 	 0.0348
	}
}
{volume "piece14"
	{box 58.4924 1.9685 3.0451}
	{bone "piece14"}
	{matrix34
		0.0214 	 -0.008 	 0.9997
		0.9997 	 -0.0124 	 -0.0215
		0.0126 	 0.9999 	 0.0077
		0.0421 	 0.3227 	 -0.4906
	}
}
{volume "piece15"
	{box 10.9923 5.90551 4.76751}
	{bone "piece15"}
	{matrix34
		0 	 0.9999 	 -0.0108
		-1 	 0 	 0
		0 	 0.0108 	 0.9999
		0 	 0.0257 	 0.0629
	}
}
{volume "target_vol_01"
	{box 9.84252 9.84252 15.6501}
	{bone "b4_vil_piece_01_point"}
	{matrix34
		-1 	 0 	 0
		0 	 -1 	 0
		0 	 0 	 1
		-1.5927 	 -3.9941 	 -32.3201
	}
}
