;Exported by	: KobaA
;Date			: 05.03.2024 14:51:51
;File			: d:\git\gem2-mdl-soldiers\models\building\trainstation\water_tower_001_x.max
{skeleton
	{bone "water_tower_001_piece_017_x"
		{orientation
			1 	 0 	 0
			0 	 -1 	 0
			0 	 0 	 1
		}
		{bone "sub_piece04"
			{matrix34
				0.086 	 0.7317 	 -0.6762
				-0.4666 	 -0.5701 	 -0.6762
				-0.8803 	 0.3737 	 0.2924
				4.9736 	 1.2927 	 39.4458
			}
			{poly "sub_piece04"}
		}
		{bone "piece01"
			{matrix34
				0.9239 	 -0.3825 	 0
				0.3825 	 0.9239 	 0
				0 	 0 	 1
				-6.9077 	 -2.8687 	 40.5511
			}
			{poly "piece01"}
		}
		{bone "sub_piece02"
			{matrix34
				0.9239 	 -0.3825 	 0
				0.3825 	 0.9239 	 0
				0 	 0 	 1
				4.1994 	 17.0723 	 38.9009
			}
			{poly "sub_piece02"}
		}
		{bone "piece04"
			{matrix34
				1 	 0 	 0
				0 	 1 	 0
				0 	 0 	 1
				-9.5133 	 0.408 	 -21.5956
			}
			{poly "piece04"}
		}
		{bone "piece03"
			{matrix34
				0 	 1 	 0
				-1 	 0 	 0
				0 	 0 	 1
				1.4241 	 12.6712 	 -8.3844
			}
			{poly "piece03"}
		}
		{bone "sub_piece03"
			{matrix34
				1 	 0 	 0
				0 	 1 	 0
				0 	 0 	 1
				1.1408 	 10.7854 	 6.8059
			}
			{poly "sub_piece03"}
		}
		{bone "sub_piece01"
			{matrix34
				0 	 1 	 0
				-1 	 0 	 0
				0 	 0 	 1
				-16.4917 	 -6.3144 	 -1.7927
			}
			{poly "sub_piece01"}
		}
		{bone "sub_piece08"
			{matrix34
				0 	 1 	 0
				-1 	 0 	 0
				0 	 0 	 1
				-14.2603 	 -4.6634 	 18.5233
			}
			{poly "sub_piece08"}
		}
		{bone "piece02"
			{matrix34
				-1 	 0 	 0
				0 	 -1 	 0
				0 	 0 	 1
				5.7363 	 16.0461 	 22.2816
			}
			{poly "piece02"}
		}
		{bone "sub_piece09"
			{matrix34
				0.7071 	 0.7071 	 0
				-0.7071 	 0.7071 	 0
				0 	 0 	 1
				27.2681 	 27.4395 	 0.9258
			}
			{poly "sub_piece09"}
		}
		{bone "piece05"
			{matrix34
				1 	 0 	 0
				0 	 1 	 0
				0 	 0 	 1
				27.4919 	 27.2919 	 -14.6768
			}
			{poly "piece05"}
		}
		{bone "sub_piece05"
			{matrix34
				0 	 -0.7071 	 0.7071
				0 	 0.7071 	 0.7071
				-1 	 0 	 0
				18.6083 	 28.4475 	 -12.1696
			}
			{poly "sub_piece05"}
		}
		{bone "sub_piece06"
			{matrix34
				0.5 	 -0.5 	 0.7071
				-0.5 	 0.5 	 0.7071
				-0.7071 	 -0.7071 	 0
				-25.1588 	 -13.556 	 -0.7235
			}
			{poly "sub_piece06"}
		}
		{bone "sub_piece11"
			{matrix34
				0.7071 	 0.7071 	 0
				-0.7071 	 0.7071 	 0
				0 	 0 	 1
				-16.1481 	 -6.0579 	 -12.5791
			}
			{poly "sub_piece11"}
		}
		{bone "sub_piece12"
			{matrix34
				-0.7071 	 0.7071 	 0
				-0.7071 	 -0.7071 	 0
				0 	 0 	 1
				-25.3979 	 -25.1403 	 4.2898
			}
			{poly "sub_piece12"}
		}
		{bone "piece06"
			{matrix34
				0 	 1 	 0
				-1 	 0 	 0
				0 	 0 	 1
				-25.2503 	 -25.4385 	 -14.6768
			}
			{poly "piece06"}
		}
		{bone "sub_piece07"
			{matrix34
				0.9239 	 0.3827 	 0
				-0.3827 	 0.9239 	 0
				0 	 0 	 1
				-4.9376 	 -2.0348 	 33.0464
			}
			{poly "sub_piece07"}
		}
		{bone "sub_piece10"
			{matrix34
				-0.9239 	 -0.3827 	 0
				0.3827 	 -0.9239 	 0
				0 	 0 	 1
				1.1858 	 -14.1232 	 33.1717
			}
			{poly "sub_piece10"}
		}
	}
}
{"volumes"
	{"piece01"
		{box 19.1774 29.7377 1.54371}
		{bone "piece01"}
		{matrix34
			0.3828 	 0.9238 	 0
			-0.8844 	 0.3665 	 -0.2891
			-0.267 	 0.1107 	 0.9573
			-1.4291 	 -0.4911 	 -0.1946
		}
	}
	{"piece02"
		{box 1.26012 18.7422 7.76509}
		{bone "piece02"}
		{matrix34
			-0.7071 	 0.7071 	 0
			-0.7071 	 -0.7071 	 0
			0 	 0 	 1
			-0.2008 	 0.3005 	 0.071
		}
	}
	{"piece03"
		{box 1.27285 25.6773 11.6563}
		{bone "piece03"}
		{matrix34
			-0.7071 	 -0.7071 	 0
			0.7071 	 -0.7071 	 0
			0 	 0 	 1
			0 	 0 	 -0.0069
		}
	}
	{"piece04"
		{box 1.27285 21.9355 7.609}
		{bone "piece04"}
		{matrix34
			0.7071 	 -0.7071 	 0
			0.7071 	 0.7071 	 0
			0 	 0 	 1
			-0.0878 	 0.0594 	 0.0879
		}
	}
	{"piece05"
		{box 1.27285 11.8621 3.90205}
		{bone "piece05"}
		{matrix34
			0 	 -1 	 0
			1 	 0 	 0
			0 	 0 	 1
			0 	 0 	 -0.0721
		}
	}
	{"piece06"
		{box 1.27285 11.8621 3.90205}
		{bone "piece06"}
		{matrix34
			0 	 -1 	 0
			1 	 0 	 0
			0 	 0 	 1
			0 	 0 	 -0.0721
		}
	}
	{"sub_piece01"
		{box 1.27285 13.8657 4.11002}
		{bone "sub_piece01"}
		{matrix34
			-0.7071 	 -0.7071 	 0
			0.7071 	 -0.7071 	 0
			0 	 0 	 1
			-0.3664 	 0.0297 	 -0.0044
		}
	}
	{"sub_piece02"
		{box 9.50433 19.3295 1.54371}
		{bone "sub_piece02"}
		{matrix34
			0.3828 	 0.9238 	 0
			-0.8844 	 0.3665 	 -0.2891
			-0.267 	 0.1107 	 0.9573
			0.2839 	 0.505 	 -0.2286
		}
	}
	{"sub_piece03"
		{box 1.27285 31.7905 3.90205}
		{bone "sub_piece03"}
		{matrix34
			0.7071 	 -0.7071 	 0
			0.7071 	 0.7071 	 0
			0 	 0 	 1
			-0.1101 	 0.0314 	 0.0647
		}
	}
	{"sub_piece04"
		{box 3.02428 32.4735 3.08433}
		{bone "sub_piece04"}
		{matrix34
			0.7679 	 -0.0467 	 -0.6389
			0.6387 	 0.1334 	 0.7578
			0.0498 	 -0.99 	 0.1323
			0.2359 	 -0.028 	 -0.0305
		}
	}
	{"sub_piece05"
		{box 1.27285 31.7905 3.90205}
		{bone "sub_piece05"}
		{matrix34
			0.7071 	 -0.7071 	 0
			0.7071 	 0.7071 	 0
			0 	 0 	 1
			-0.1101 	 0.0314 	 0.0647
		}
	}
	{"sub_piece06"
		{box 1.27285 31.7905 3.90205}
		{bone "sub_piece06"}
		{matrix34
			0.7071 	 -0.7071 	 0
			0.7071 	 0.7071 	 0
			0 	 0 	 1
			-0.1101 	 0.0314 	 0.0647
		}
	}
	{"sub_piece07"
		{box 27.3806 7.59489 2.4732}
		{bone "sub_piece07"}
		{matrix34
			0.9239 	 0.3827 	 0
			-0.3827 	 0.9239 	 0
			0 	 0 	 1
			0.0861 	 -0.2079 	 0.1143
		}
	}
	{"sub_piece08"
		{box 1.27285 16.6389 7.72684}
		{bone "sub_piece08"}
		{matrix34
			-0.7071 	 -0.7071 	 0
			0.7071 	 -0.7071 	 0
			0 	 0 	 1
			-0.2208 	 0.4155 	 0.0584
		}
	}
	{"sub_piece09"
		{box 1.27285 13.8657 4.11002}
		{bone "sub_piece09"}
		{matrix34
			-0.7071 	 -0.7071 	 0
			0.7071 	 -0.7071 	 0
			0 	 0 	 1
			-0.3664 	 0.0297 	 -0.0044
		}
	}
	{"sub_piece10"
		{box 18.8926 7.373 2.25931}
		{bone "sub_piece10"}
		{matrix34
			0.9239 	 0.3827 	 0
			-0.3827 	 0.9239 	 0
			0 	 0 	 1
			0.0635 	 -0.1533 	 0.1114
		}
	}
	{"sub_piece11"
		{box 1.27285 11.8621 3.90205}
		{bone "sub_piece11"}
		{matrix34
			0 	 -1 	 0
			1 	 0 	 0
			0 	 0 	 1
			0 	 0 	 -0.0721
		}
	}
	{"sub_piece12"
		{box 1.27285 13.8657 4.11002}
		{bone "sub_piece12"}
		{matrix34
			-0.7071 	 -0.7071 	 0
			0.7071 	 -0.7071 	 0
			0 	 0 	 1
			-0.3664 	 0.0297 	 -0.0044
		}
	}
}
