;Exported by:	 KobaA
;Date:			 03.11.2020 12:09:47
;File:			 G:\_GIT_\gem2\gem2-mdl-soldiers\models\entourage\ladder\ladders_new.max
{skeleton
	{bone "ladder_big_02_x"
		{orientation
			1 	 0 	 0
			0 	 -1 	 0
			0 	 0 	 1
		}
		{bone "piece02"
			{matrix34
				0 	 -1 	 0
				1 	 0 	 0
				0 	 0 	 1
				-0.484 	 0.5823 	 22.3166
			}
			{poly "piece02"}
		}
		{bone "piece01"
			{matrix34
				0 	 -1 	 0
				1 	 0 	 0
				0 	 0 	 1
				-0.484 	 0.5823 	 22.3166
			}
			{poly "piece01"}
		}
	}
}
{volume "piece01_01"
	{box 1.5748 15.9953 20.6693}
	{bone "piece01"}
	{matrix34
		0 	 -0.9659 	 0.2588
		1 	 0 	 0
		0 	 0.2588 	 0.9659
		0.0608 	 -3.4277 	 12.4863
	}
}
{volume "piece01_02"
	{box 1.5748 15.9953 25.5906}
	{bone "piece01"}
	{matrix34
		0 	 -0.9659 	 -0.2588
		1 	 0 	 0
		0 	 -0.2588 	 0.9659
		0.0608 	 3.771 	 10.274
	}
}
{volume "piece02"
	{box 1.5748 15.9953 25.5906}
	{bone "piece02"}
	{matrix34
		0 	 -0.9659 	 0.2588
		1 	 0 	 0
		0 	 0.2588 	 0.9659
		0.0608 	 -9.4863 	 -9.9573
	}
}
