;Exported by:	 kobaa
;Date:			 05.10.2019 12:46:39
;File:			 G:\_GIT_\gem2\gem2-mdl-soldiers\models\unit\vehicle\bmw_r75\bmw_r75_bullet_x.max
{skeleton
	{bone "basis"
		{parameters "wheelradius=0.32;steermax=30;"}
		{orientation
			1 	 0 	 0
			0 	 -1 	 0
			0 	 0 	 1
		}
		{bone "body"
			{parameters "id=body;"}
			{matrix34
				0 	 1 	 0
				-0.8706 	 0 	 -0.492
				-0.492 	 0 	 0.8706
				7.66 	 10.31 	 15.6458
			}
			{LODView
				{poly "body"}
				{poly "body_lod1"}
				{poly "body_lod2"}
				{poly "body_lod3"}
			}
			{bone "body1"
				{parameters "id=body1;"}
				{matrix34
					-1 	 0 	 0
					0 	 -0.8706 	 -0.492
					0 	 -0.492 	 0.8706
					-14.8705 	 13.7274 	 2.6209
				}
				{LODView
					{poly "body1"}
					{poly "body1_lod1"}
					{poly "body1_lod2"}
					{poly "body1_lod3"}
				}
				{bone "skin_ressora_l"
					{matrix34
						0 	 1 	 0
						-1 	 0 	 0
						0 	 0 	 1
						-6.2354 	 -11.9795 	 -1.6329
					}
				}
				{bone "skin_ressora_r"
					{matrix34
						0 	 1 	 0
						-1 	 0 	 0
						0 	 0 	 1
						6.0455 	 -11.9795 	 -1.6329
					}
				}
				{bone "gunner"
					{matrix34
						0.342 	 0.9397 	 0
						-0.9397 	 0.342 	 0
						0 	 0 	 1
						0.8468 	 -0.6373 	 -11.1738
					}
				}
			}
			{bone "mass_centre"
				{matrix34
					0 	 -0.8706 	 -0.492
					1 	 0 	 0
					0 	 -0.492 	 0.8706
					-20.5467 	 25.5935 	 2.3689
				}
			}
			{bone "fxsmoke1"
				{matrix34
					0 	 -0.8706 	 -0.492
					1 	 0 	 0
					0 	 -0.492 	 0.8706
					-3.3807 	 31.1967 	 11.9349
				}
			}
			{bone "headlight"
				{matrix34
					0 	 -0.8706 	 -0.492
					1 	 0 	 0
					0 	 -0.492 	 0.8706
					-1.1068 	 -5.4227 	 -1.6249
				}
			}
			{bone "driver"
				{parameters "lastpose=undefined;"}
				{matrix34
					0 	 -0.7136 	 -0.7006
					1 	 0 	 0
					0 	 -0.7006 	 0.7136
					-0.9018 	 19.9563 	 -6.6937
				}
			}
			{bone "passenger"
				{parameters "lastpose=undefined;"}
				{matrix34
					0 	 -0.7719 	 -0.6357
					1 	 0 	 0
					0 	 -0.6357 	 0.7719
					-0.644 	 23.7365 	 7.3358
				}
			}
			{bone "wheel_chair_ressora"
				{parameters "id=wheel_chair;"}
				{matrix34
					1 	 0 	 0
					0 	 0.8706 	 0.492
					0 	 -0.492 	 0.8706
					0 	 0 	 0
				}
				{LODView
					{poly "wheel_chair_ressora"}
					{poly "wheel_chair_ressora_lod1"}
					{poly "wheel_chair_ressora_lod2"}
					{poly "wheel_chair_ressora_lod3"}
				}
			}
			{bone "fxstop1"
				{matrix34
					0 	 -0.8706 	 -0.492
					1 	 0 	 0
					0 	 -0.492 	 0.8706
					0.2799 	 30.1097 	 11.5742
				}
			}
			{bone "fxstop2"
				{parameters "lastpose=undefined;"}
				{matrix34
					0 	 -0.8706 	 -0.492
					1 	 0 	 0
					0 	 -0.492 	 0.8706
					-23.8494 	 24.6158 	 9.4386
				}
			}
		}
		{bone "emit1"
			{matrix34
				0 	 -1 	 0
				1 	 0 	 0
				0 	 0 	 1
				-17.1602 	 21.1763 	 0
			}
		}
		{bone "emit2"
			{parameters "lastpose=undefined;"}
			{matrix34
				0 	 -1 	 0
				1 	 0 	 0
				0 	 0 	 1
				-5.9823 	 21.1763 	 0
			}
		}
		{bone "emit3"
			{parameters "lastpose=undefined;"}
			{matrix34
				0 	 1 	 0
				-1 	 0 	 0
				0 	 0 	 1
				-0.8411 	 -23.0508 	 0
			}
		}
		{bone "pivot_back"
			{parameters "lastpose=undefined;"}
			{Position -13.0962 	 -3.0767 	 6.1726}
			{bone revolute "wheel3"
				{parameters "id=wheel3;"}
				{matrix34
					-1 	 0 	 0
					0 	 0 	 1
					0 	 1 	 0
					2.01 	 -10.6817 	 0.2314
				}
				{LODView
					{poly "wheel3"}
					{poly "wheel3_lod1"}
					{poly "wheel3_lod2"}
					{poly "wheel3_lod3"}
				}
			}
			{bone revolute "wheel2"
				{parameters "id=wheel2;"}
				{matrix34
					-1 	 0 	 0
					0 	 0 	 1
					0 	 1 	 0
					-2.2208 	 13.3938 	 0.2314
				}
				{LODView
					{poly "wheel2"}
					{poly "wheel2_lod1"}
					{poly "wheel2_lod2"}
					{poly "wheel2_lod3"}
				}
			}
			{bone "fxtrace2"
				{parameters "lastpose=undefined;"}
				{Position -7.1759 	 13.5463 	 -6.1726}
			}
			{bone "fxtrace3"
				{parameters "lastpose=undefined;"}
				{Position -1.925 	 -10.973 	 -6.1726}
			}
		}
		{bone "pivot_front"
			{Position 15.211 	 9.9698 	 6.1726}
			{bone revolute "steer"
				{parameters "id=body;"}
				{matrix34
					-0.866 	 0 	 -0.5
					0 	 1 	 0
					0.5 	 0 	 -0.866
					-5.233 	 0.3402 	 8.504
				}
				{LODView
					{poly "steer"}
					{poly "steer_lod1"}
					{poly "steer_lod2"}
					{poly "steer_lod3"}
				}
				{bone revolute "wheel1"
					{parameters "id=wheel1;"}
					{matrix34
						0.866 	 0 	 -0.5
						-0.5 	 0 	 -0.866
						0 	 1 	 0
						-0.3496 	 0.0058 	 9.8415
					}
					{LODView
						{poly "wheel1"}
						{poly "wheel1_lod1"}
						{poly "wheel1_lod2"}
						{poly "wheel1_lod3"}
					}
				}
				{bone "ressora"
					{parameters "id=body;"}
					{matrix34
						0.1322 	 0 	 -0.9912
						0 	 1 	 0
						0.9912 	 0 	 0.1322
						-0.3497 	 0.0059 	 9.8415
					}
					{LODView
						{poly "ressora"}
						{poly "ressora_lod1"}
						{poly "ressora_lod2"}
						{poly "ressora_lod3"}
					}
				}
				{bone "fxtrace1"
					{matrix34
						-0.866 	 0 	 0.5
						0 	 1 	 0
						-0.5 	 0 	 -0.866
						6.4542 	 0.1595 	 13.2208
					}
				}
			}
		}
	}
}
{volume "body01"
	{polyhedron}
	{bone "body1"}
	{matrix34
		0 	 1 	 0
		-1 	 0 	 0
		0 	 0 	 1
		-0.1485 	 -11.1361 	 -2.5554
	}
}
{volume "body02"
	{box 10.1875 8.38516 0.657663}
	{bone "body1"}
	{matrix34
		0 	 0.9962 	 -0.0872
		-1 	 0 	 0
		0 	 0.0872 	 0.9962
		-0.1016 	 2.3736 	 -4.1734
	}
}
{volume "body03"
	{polyhedron}
	{bone "body1"}
	{matrix34
		0 	 1 	 0
		-1 	 0 	 0
		0 	 0 	 1
		-0.896 	 14.2253 	 -4.8614
	}
}
{volume "engine"
	{box 13.8334 5.40231 6.07388}
	{bone "body"}
	{matrix34
		0 	 -0.8706 	 -0.492
		1 	 0 	 0
		0 	 -0.492 	 0.8706
		0.0085 	 11.1568 	 -3.0512
	}
}
{volume "fuel"
	{box 4.91422 8.18293 4.4655}
	{bone "body"}
	{matrix34
		1 	 0 	 0
		0 	 0.9659 	 0.2588
		0 	 -0.2588 	 0.9659
		0 	 5.7513 	 1.9942
	}
}
{volume "steer"
	{box 1.8849 6.94826 15.3694}
	{bone "steer"}
	{matrix34
		-1 	 0 	 0
		0 	 1 	 0
		0 	 0 	 -1
		-0.2492 	 0.0084 	 2.2914
	}
}
{volume "wheel1"
	{cylinder 6.29921 4.87205}
	{bone "wheel1"}
	{matrix34
		-1 	 0 	 0
		0 	 -1 	 0
		0 	 0 	 1
		0 	 0 	 -0.0583
	}
}
{volume "wheel2"
	{cylinder 6.48282 4.92126}
	{bone "wheel2"}
	{matrix34
		-1 	 0 	 0
		0 	 -1 	 0
		0 	 0 	 1
		0 	 0 	 -0.088
	}
}
{volume "wheel3"
	{cylinder 6.48282 4.92126}
	{bone "wheel3"}
	{matrix34
		-1 	 0 	 0
		0 	 -1 	 0
		0 	 0 	 1
		0 	 0 	 -0.0342
	}
}
