;Exported by:	 tolokolnikova
;Date:			 10.06.2018 11:24:31
;File:			 D:\gem2\gem2-mdl-soldiers\models\building\b3\build_vil_003a_x_R1.max
{skeleton
	{bone "b_vil_piece_05_point"
		{orientation
			1 	 0 	 0
			0 	 -1 	 0
			0 	 0 	 1
		}
		{bone "piece03"
			{matrix34
				0 	 -1 	 0
				1 	 0 	 0
				0 	 0 	 1
				-22.1813 	 -14.5035 	 -5.9285
			}
			{poly "piece03"}
		}
		{bone "piece04"
			{matrix34
				-1 	 0 	 0
				0 	 -1 	 0
				0 	 0 	 1
				-3.643 	 30.8813 	 -4.9322
			}
			{poly "piece04"}
		}
		{bone "b_vil_piece_05"
			{Position -4.8535 	 33.9578 	 -24.5514}
			{poly "b_vil_piece_05"}
		}
		{bone "piece14"
			{Position -23.2243 	 2.991 	 28.5039}
			{poly "piece14"}
		}
		{bone "piece02"
			{Position -23.4275 	 31.2665 	 18.6286}
			{poly "piece02"}
		}
		{bone "piece13"
			{Position -5.6321 	 -5.8875 	 55.4256}
			{poly "piece13"}
		}
		{bone "piece12"
			{Position -22.0417 	 -15.7384 	 32.8885}
			{poly "piece12"}
		}
		{bone "piece05"
			{matrix34
				-1 	 0 	 0
				0 	 -1 	 0
				0 	 0 	 1
				-23.2243 	 -27.9559 	 28.5039
			}
			{poly "piece05"}
		}
		{bone "piece07"
			{matrix34
				0 	 -1 	 0
				1 	 0 	 0
				0 	 0 	 1
				-22.1813 	 -18.9919 	 -28.1706
			}
			{poly "piece07"}
		}
		{bone "piece06"
			{matrix34
				0 	 -1 	 0
				1 	 0 	 0
				0 	 0 	 1
				-22.1813 	 -15.7338 	 -17.0673
			}
			{poly "piece06"}
		}
		{bone "piece08"
			{matrix34
				0 	 -1 	 0
				1 	 0 	 0
				0 	 0 	 1
				-22.2638 	 1.4622 	 4.0978
			}
			{poly "piece08"}
		}
		{bone "piece09"
			{matrix34
				0 	 -1 	 0
				1 	 0 	 0
				0 	 0 	 1
				-22.2638 	 24.9714 	 -7.8048
			}
			{poly "piece09"}
		}
		{bone "piece10"
			{matrix34
				0.9955 	 0.0686 	 0.0656
				-0.0924 	 0.5403 	 0.8364
				-0.0219 	 0.8386 	 -0.5442
				-19.2369 	 9.5456 	 42.494
			}
			{poly "piece10"}
		}
		{bone "piece01"
			{matrix34
				0.9999 	 -0.0082 	 -0.0093
				0.0124 	 0.6642 	 0.7474
				0 	 0.7475 	 -0.6643
				-16.4451 	 27.4587 	 25.1674
			}
			{poly "piece01"}
		}
		{bone "piece11"
			{matrix34
				-1 	 0 	 0
				0 	 -1 	 0
				0 	 0 	 1
				-21.6834 	 -3.5253 	 47.1089
			}
			{poly "piece11"}
		}
		{bone revolute "attach1"
			{matrix34
				-1 	 0 	 0
				0 	 -1 	 0
				0 	 0 	 1
				-3.8969 	 9.4892 	 -49.4698
			}
		}
		{bone "fort_wall"
			{matrix34
				0 	 1 	 0
				-1 	 0 	 0
				0 	 0 	 1
				-32.2993 	 15.251 	 -46.642
			}
		}
		{bone revolute "attach2"
			{matrix34
				-1 	 0 	 0
				0 	 -1 	 0
				0 	 0 	 1
				-3.8969 	 -7.3854 	 -49.4698
			}
		}
		{bone "stones_001"
			{parameters "commonmesh;land;ground;"}
			{Position -36.2363 	 7.2428 	 -56.8459}
			{poly "stones_001" {ground}}
		}
		{bone "debris_land_001"
			{parameters "commonmesh;land;ground;"}
			{Position -36.2497 	 7.2428 	 -56.8459}
			{poly "debris_land_001" {ground}}
		}
	}
}
{volume "piece01"
	{box 25.2918 0.92346 10.4845}
	{bone "piece01"}
	{matrix34
		-0.9999 	 -0.0074 	 0.0119
		0.0072 	 -0.9998 	 -0.0182
		-0.012 	 0.0181 	 -0.9998
		-0.0358 	 -0.0914 	 0.1844
	}
}
{volume "piece02"
	{box 12.2084 1.34314 8.80952}
	{bone "piece02"}
	{matrix34
		0 	 -1 	 0
		1 	 0 	 0
		0 	 0 	 1
		-0.0437 	 -1.5227 	 -3.678
	}
}
{volume "piece03"
	{box 13.5527 5.45107 4.97994}
	{bone "piece03"}
	{Position -0.3675 	 0.157 	 0.0618}
}
{volume "piece04"
	{box 26.2923 5.45107 4.97994}
	{bone "piece04"}
	{Position 0.4199 	 0 	 -0.0704}
}
{volume "piece05"
	{box 3.52843 1.34314 30.3776}
	{bone "piece05"}
	{matrix34
		0 	 1 	 0
		-1 	 0 	 0
		0 	 0 	 1
		0.2469 	 -0.0022 	 -2.7692
	}
}
{volume "piece06"
	{box 13.5527 5.45107 4.97994}
	{bone "piece06"}
	{Position -0.6606 	 0.157 	 0.0618}
}
{volume "piece07"
	{box 13.5527 5.45107 4.97994}
	{bone "piece07"}
	{Position -0.7707 	 0.157 	 0.0618}
}
{volume "piece08"
	{box 26.2923 5.45107 4.97994}
	{bone "piece08"}
	{Position 0.4199 	 0 	 -0.0704}
}
{volume "piece09"
	{box 19.9822 5.45107 4.97994}
	{bone "piece09"}
	{Position -0.0119 	 0 	 -0.0704}
}
{volume "piece10"
	{box 17.2053 0.92346 10.4845}
	{bone "piece10"}
	{matrix34
		-0.9984 	 -0.0225 	 0.0526
		0.017 	 -0.9946 	 -0.1028
		-0.0547 	 0.1018 	 -0.9933
		0.0445 	 -0.0747 	 -0.0118
	}
}
{volume "piece11"
	{box 2.82981 3.30989 26.5431}
	{bone "piece11"}
	{matrix34
		1 	 0 	 0
		0 	 0.6847 	 -0.7288
		0 	 0.7288 	 0.6847
		0.1304 	 -1.4825 	 -1.7892
	}
}
{volume "piece12"
	{box 1.74446 1.34314 30.1225}
	{bone "piece12"}
	{matrix34
		0 	 -1 	 0
		1 	 0 	 0
		0 	 0 	 1
		-0.192 	 0.1421 	 -7.2814
	}
}
{volume "piece13"
	{box 3.87119 1.12536 47.1538}
	{bone "piece13"}
	{matrix34
		-0.3474 	 0.6824 	 -0.6431
		0.0328 	 -0.6766 	 -0.7356
		-0.9372 	 -0.2766 	 0.2127
		0.2172 	 0.3766 	 -0.1491
	}
}
{volume "piece14"
	{box 3.52843 1.34314 30.3776}
	{bone "piece14"}
	{matrix34
		0 	 -1 	 0
		1 	 0 	 0
		0 	 0 	 1
		-0.2469 	 0.1602 	 -2.7692
	}
}
{volume "target_vol_001"
	{box 9.84252 9.84252 15.6501}
	{bone "b_vil_piece_05_point"}
	{matrix34
		-1 	 0 	 0
		0 	 -1 	 0
		0 	 0 	 1
		-3.8969 	 9.4892 	 -31.2698
	}
}
{volume "target_vol_002"
	{box 9.84252 9.84252 15.6501}
	{bone "b_vil_piece_05_point"}
	{matrix34
		-1 	 0 	 0
		0 	 -1 	 0
		0 	 0 	 1
		-3.8969 	 -7.3854 	 -31.2698
	}
}
{volume "vol_01"
	{box 47.1415 5.90551 34.4368}
	{bone "b_vil_piece_05"}
	{matrix34
		-1 	 0 	 0
		0 	 -1 	 0
		0 	 0 	 1
		-1.0998 	 -3.7142 	 -15.4352
	}
}
{volume "vol_02"
	{box 12.7282 5.90551 10.2484}
	{bone "b_vil_piece_05"}
	{matrix34
		-1 	 0 	 0
		0 	 -1 	 0
		0 	 0 	 1
		-17.8246 	 -3.7142 	 6.932
	}
}
{volume "vol_03"
	{box 61.2934 5.90551 19.629}
	{bone "b_vil_piece_05"}
	{matrix34
		0 	 -1 	 0
		1 	 0 	 0
		0 	 0 	 1
		-17.8591 	 -27.516 	 -22.8391
	}
}
{volume "vol_04"
	{box 15.9363 5.90551 24.9288}
	{bone "b_vil_piece_05"}
	{matrix34
		0 	 -1 	 0
		1 	 0 	 0
		0 	 0 	 1
		-17.8591 	 -4.4743 	 -0.3347
	}
}
