;Exported by:	 stentsel
;Date:			 13.06.2017 15:25:36
;File:			 G:\_GIT_\gem2\gem2-mdl-soldiers\models\unit\vehicle\76_rk_27\76_rk_27_x_anim_finish.max
{skeleton
	{bone "basis"
		{orientation
			1 	 0 	 0
			0 	 -1 	 0
			0 	 0 	 1
		}
		{bone "body"
			{parameters "id=body;"}
			{animation
				{sequence "break" {file "body_b"}{speed 0.5}}
			}
			{Position -0.0045 	 0 	 10.1982}
			{LODView
				{poly "body"}
				{poly "body_lod1"}
				{poly "body_lod2"}
				{poly "body_lod3"}
			}
			{bone "pivot_front"
				{Position -0.0069 	 0 	 -0.0158}
				{bone revolute "wheell"
					{parameters "id=wheelleft;support=1;radius=0.51;"}
					{matrix34
						1 	 0 	 0
						0 	 0 	 -1
						0 	 1 	 0
						0.0475 	 12.9134 	 0.1325
					}
					{LODView
						{poly "wheell"}
						{poly "wheell_lod1"}
						{poly "wheell_lod2"}
						{poly "wheell_lod3"}
					}
				}
				{bone revolute "wheelr"
					{parameters "id=wheelright;support=1;radius=0.51;"}
					{matrix34
						1 	 0 	 0
						0 	 0 	 -1
						0 	 1 	 0
						0.0475 	 -12.9134 	 0.1321
					}
					{LODView
						{poly "wheelr"}
						{poly "wheelr_lod1"}
						{poly "wheelr_lod2"}
						{poly "wheelr_lod3"}
					}
				}
			}
			{bone "pivot_back"
				{Position -40.6837 	 0 	 -10.1982}
			}
			{bone "shield"
				{parameters "id=body;"}
				{matrix34
					0.7581 	 -0.6428 	 0.11
					0.6463 	 0.763 	 0.0047
					-0.0869 	 0.0675 	 0.9939
					0.9552 	 4.2257 	 7.4243
				}
				{LODView
					{poly "shield"}
					{poly "shield_lod1"}
					{poly "shield_lod2"}
					{poly "shield_lod3"}
				}
			}
			{bone revolute "gun_rot"
				{parameters "id=gun;ikspeed2=30;"}
				{limits -30 5}
				{speed 0.08}
				{matrix34
					0.9962 	 0 	 0.0872
					0.0872 	 0 	 -0.9962
					0 	 1 	 0
					0.5163 	 -0.0062 	 2.8136
				}
				{LODView
					{poly "gun_rot"}
					{poly "gun_rot_lod1"}
					{poly "gun_rot_lod2"}
					{poly "gun_rot_lod3"}
				}
				{bone "gun"
					{parameters "id=gun;"}
					{animation
						{sequence "break" {file "gun_b"}{speed 0.5}}
					}
					{matrix34
						1 	 0 	 0
						0 	 0 	 1
						0 	 -1 	 0
						0 	 0 	 0
					}
					{LODView
						{poly "gun"}
						{poly "gun_lod1"}
						{poly "gun_lod2"}
						{poly "gun_lod3"}
					}
					{bone "crank"
						{parameters "id=gun;"}
						{matrix34
							1 	 0 	 0
							0 	 1 	 0
							0 	 0 	 1
							-8.836 	 -2.0615 	 4.3959
						}
						{LODView
							{poly "crank"}
							{poly "crank_lod1"}
							{poly "crank_lod2"}
							{poly "crank_lod3"}
						}
					}
				}
			}
			{bone "obstacle"
				{Position 0.0781 	 -0.0114 	 -10.1982}
			}
			{bone "obstacle1"
				{Position -15.7827 	 -0.0127 	 -10.1982}
			}
			{bone "top_shield"
				{parameters "id=body;"}
				{matrix34
					0.9962 	 0 	 -0.0872
					0 	 1 	 0
					0.0872 	 0 	 0.9962
					1.3558 	 0.0027 	 9.7645
				}
				{LODView
					{poly "top_shield"}
					{poly "top_shield_lod1"}
					{poly "top_shield_lod2"}
					{poly "top_shield_lod3"}
				}
			}
			{bone "bottom_shield"
				{parameters "id=body;"}
				{Position 2.997 	 -0.0843 	 -0.3887}
				{LODView
					{poly "bottom_shield"}
					{poly "bottom_shield_lod1"}
					{poly "bottom_shield_lod2"}
					{poly "bottom_shield_lod3"}
				}
			}
			{bone "lever1"
				{parameters "id=body;"}
				{matrix34
					1 	 0 	 -0.003
					0 	 1 	 0
					0.003 	 0 	 1
					-39.7114 	 0.0022 	 -8.6865
				}
				{LODView
					{poly "lever1"}
					{poly "lever1_lod1"}
					{poly "lever1_lod2"}
					{poly "lever1_lod3"}
				}
			}
			{bone "lever"
				{parameters "id=body;"}
				{matrix34
					0.998 	 0 	 0.0634
					0 	 1 	 0
					-0.0634 	 0 	 0.998
					-40.7352 	 0.0153 	 -7.4689
				}
				{LODView
					{poly "lever"}
					{poly "lever_lod1"}
					{poly "lever_lod2"}
					{poly "lever_lod3"}
				}
			}
		}
	}
}
{volume "body01"
	{box 51.8207 7.9108 5.13997}
	{bone "body"}
	{matrix34
		0.9848 	 0 	 0.1736
		0 	 1 	 0
		-0.1736 	 0 	 0.9848
		-22.3839 	 0 	 -4.3362
	}
}
{volume "body02"
	{box 1.51137 20.5181 11.2223}
	{bone "body"}
	{matrix34
		0.9848 	 0 	 0.1736
		0 	 1 	 0
		-0.1736 	 0 	 0.9848
		2.6282 	 0.0555 	 5.1405
	}
}
{volume "top_shield"
	{box 0.971223 20.5181 4.26853}
	{bone "top_shield"}
	{matrix34
		0.9848 	 0 	 0.1736
		0 	 1 	 0
		-0.1736 	 0 	 0.9848
		-0.4896 	 0.0528 	 2.6589
	}
}
{volume "wheelleft"
	{polyhedron}
	{bone "wheell"}
	{matrix34
		0.9971 	 0.0767 	 0
		0.0767 	 -0.9971 	 0.001
		0.0001 	 -0.001 	 -1
		-0.0496 	 0.2353 	 -2.668
	}
}
{volume "wheelright"
	{cylinder 10.2218 5.35318}
	{bone "wheelr"}
	{matrix34
		0.9912 	 0.1323 	 0
		0.1323 	 -0.9912 	 0.0002
		0 	 -0.0002 	 -1
		-0.0565 	 0.2357 	 -0.0471
	}
}
{volume "bottom_shield"
	{box 0.971223 20.5181 3.98134}
	{bone "bottom_shield"}
	{matrix34
		0.9848 	 0 	 0.1736
		0 	 1 	 0
		-0.1736 	 0 	 0.9848
		0.8264 	 0.1398 	 -1.7438
	}
}
{volume "gun_rot"
	{box 23.5449 5.07178 2.33651}
	{bone "gun_rot"}
	{matrix34
		1 	 0 	 0
		0 	 0 	 1
		0 	 -1 	 0
		-1.239 	 -0.7735 	 0.0062
	}
}
{volume "gun"
	{box 29.8899 4.37222 3.86466}
	{bone "gun"}
	{Position -0.585 	 0.0062 	 3.5968}
}
