;Exported by	: joomb
;Date			: 11.09.2023 15:52:34
;File			: C:\Users\joomb\OneDrive\Desktop\chicken_idle_03.max
{skeleton
	{animation
		{sequence "passive"}
		{sequence "eat"}
		{sequence "idle_03"}
		{sequence "alarm"
			{event 5 "alarm"}
			{event 105 "alarm"}
			{event 205 "alarm"}
		}
		{sequence "alarm_02" {event 1 "alarm"}}
		{sequence "run"}
		{sequence "run_02"}
		{sequence "walk"}
	}
	{bone "basis"
		{orientation
			1 	 0 	 0
			0 	 -1 	 0
			0 	 0 	 1
		}
		{bone "feathers"
			{matrix34
				1 	 0 	 0
				0 	 0 	 1
				0 	 -1 	 0
				-1.8387 	 0 	 6.7773
			}
			{poly "feathers"}
		}
		{bone "skin"
			{Position 0.1034 	 0 	 5.5816}
			{poly "skin"}
		}
		{bone "spine"
			{matrix34
				0.9284 	 0 	 0.3717
				-0.3717 	 0 	 0.9284
				0 	 -1 	 0
				-0.5568 	 0 	 4.8003
			}
			{bone "neck_01"
				{matrix34
					0.2116 	 0.9773 	 0
					-0.9773 	 0.2116 	 0
					0 	 0 	 1
					2.5151 	 0 	 0
				}
				{bone "neck_02"
					{matrix34
						0.7753 	 -0.6316 	 0
						0.6316 	 0.7753 	 0
						0 	 0 	 1
						1.8954 	 0 	 0
					}
					{bone "neck_03"
						{matrix34
							0.992 	 -0.1261 	 0
							0.1261 	 0.992 	 0
							0 	 0 	 1
							0.7501 	 0 	 0
						}
						{bone "head"
							{matrix34
								0.4328 	 -0.9015 	 0
								0.9015 	 0.4328 	 0
								0 	 0 	 1
								0.8044 	 0 	 0
							}
						}
					}
				}
			}
			{bone "tail"
				{matrix34
					-0.5955 	 0.8034 	 0
					-0.8034 	 -0.5955 	 0
					0 	 0 	 1
					-0.7744 	 0.3784 	 0
				}
				{bone "tail_01"
					{Position 1.3487 	 0 	 0}
				}
			}
			{bone "clavicle_back_r"
				{matrix34
					0.1094 	 -0.9556 	 0.2735
					0.9935 	 0.1137 	 0
					-0.0311 	 0.2718 	 0.9619
					-0.2572 	 0.0514 	 0
				}
				{bone "hip_r"
					{matrix34
						-0.0778 	 -0.9904 	 0.1145
						0.9966 	 -0.0741 	 0.0357
						-0.0269 	 0.1169 	 0.9928
						2.5215 	 0 	 0
					}
					{bone "calf_r"
						{matrix34
							-0.1197 	 0.9636 	 -0.2388
							-0.9908 	 -0.1313 	 -0.0329
							-0.063 	 0.2327 	 0.9705
							2.0336 	 0 	 0
						}
						{bone "foot_r"
							{matrix34
								0.8091 	 0.5027 	 0.3045
								-0.5724 	 0.7915 	 0.2143
								-0.1333 	 -0.3477 	 0.9281
								1.6687 	 0 	 0
							}
							{bone "finger_m_r"
								{matrix34
									0.8727 	 0.4823 	 0.0753
									-0.4878 	 0.8674 	 0.0981
									-0.018 	 -0.1223 	 0.9923
									0.6006 	 0 	 0
								}
								{bone "finger_m_r_01"
									{matrix34
										0.9985 	 -0.0539 	 0.001
										0.0539 	 0.9984 	 -0.0189
										0 	 0.0189 	 0.9998
										0.4372 	 0 	 0
									}
								}
							}
							{bone "finger_r_r"
								{matrix34
									0.7286 	 0.3577 	 0.5841
									-0.4657 	 0.8841 	 0.0394
									-0.5023 	 -0.3007 	 0.8107
									0.5329 	 -0.054 	 0.2869
								}
								{bone "finger_r_r_01"
									{matrix34
										0.9959 	 -0.0657 	 0.0628
										0.0653 	 0.9978 	 0.0082
										-0.0632 	 -0.0041 	 0.998
										0.3202 	 0 	 0
									}
								}
							}
							{bone "finger_l_r"
								{matrix34
									0.7916 	 0.4347 	 -0.4294
									-0.4279 	 0.8961 	 0.1183
									0.4362 	 0.0901 	 0.8953
									0.5175 	 -0.0159 	 -0.2989
								}
								{bone "finger_l_r_01"
									{matrix34
										0.9959 	 -0.0036 	 -0.0909
										0.0038 	 1 	 0.0023
										0.0909 	 -0.0026 	 0.9959
										0.3856 	 0 	 0
									}
								}
							}
							{bone "finger_back_r"
								{matrix34
									-0.6088 	 -0.7776 	 0.1571
									0.7629 	 -0.6282 	 -0.1529
									0.2176 	 0.0268 	 0.9757
									0 	 0 	 0
								}
							}
						}
					}
				}
			}
			{bone "clavicle_back_l"
				{matrix34
					0.2132 	 -0.9379 	 -0.2735
					-0.9751 	 -0.2217 	 0
					-0.0606 	 0.2667 	 -0.9619
					-0.2572 	 0.0514 	 0
				}
				{bone "hip_l"
					{matrix34
						0.0702 	 0.994 	 0.0836
						-0.9969 	 0.0728 	 -0.0284
						-0.0343 	 -0.0814 	 0.9961
						2.5215 	 0 	 0
					}
					{bone "calf_l"
						{matrix34
							-0.1677 	 -0.9569 	 -0.2371
							0.983 	 -0.1804 	 0.0329
							-0.0743 	 -0.2276 	 0.9709
							2.0336 	 0.0006 	 0.0004
						}
						{bone "foot_l"
							{matrix34
								0.9341 	 -0.2309 	 0.2724
								0.2981 	 0.9243 	 -0.2385
								-0.1967 	 0.304 	 0.9322
								1.6687 	 0 	 0
							}
							{bone "finger_m_l"
								{matrix34
									0.8727 	 -0.4823 	 0.0753
									0.4878 	 0.8674 	 -0.0981
									-0.018 	 0.1223 	 0.9923
									0.6006 	 0 	 0
								}
								{bone "finger_m_l_01"
									{matrix34
										0.9989 	 0.0473 	 0.0008
										-0.0473 	 0.9987 	 0.0166
										0 	 -0.0166 	 0.9999
										0.4507 	 0 	 0
									}
								}
							}
							{bone "finger_r_l"
								{matrix34
									0.7916 	 -0.4347 	 -0.4294
									0.4279 	 0.8961 	 -0.1183
									0.4362 	 -0.0901 	 0.8953
									0.5157 	 0.0163 	 -0.3054
								}
								{bone "finger_r_l_01"
									{matrix34
										0.9956 	 0.055 	 -0.0752
										-0.0564 	 0.9983 	 -0.0166
										0.0742 	 0.0207 	 0.997
										0.3448 	 0 	 0
									}
								}
							}
							{bone "finger_l_l"
								{matrix34
									0.7525 	 -0.3204 	 0.5754
									0.4326 	 0.8992 	 -0.0651
									-0.4966 	 0.2979 	 0.8153
									0.5311 	 0.0543 	 0.2804
								}
								{bone "finger_l_l_01"
									{matrix34
										1 	 0 	 0
										0 	 1 	 0
										0 	 0 	 1
										0.4254 	 0 	 0
									}
								}
							}
							{bone "finger_back_l"
								{matrix34
									-0.6095 	 0.7774 	 0.1554
									0.7629 	 0.6285 	 -0.1518
									-0.2157 	 0.026 	 -0.9761
									0.0003 	 0.0002 	 0.0026
								}
							}
						}
					}
				}
			}
			{bone "clavicle_r"
				{matrix34
					-0.4959 	 -0.5258 	 0.6911
					0.3643 	 -0.8484 	 -0.3841
					0.7883 	 0.0613 	 0.6122
					2.1558 	 0.9031 	 0.8348
				}
				{bone "shoulder_r"
					{matrix34
						0.7575 	 0.5856 	 0.2886
						-0.6307 	 0.7706 	 0.0918
						-0.1686 	 -0.2515 	 0.953
						0.7398 	 0 	 0
					}
					{bone "forearm_r"
						{matrix34
							0.046 	 -0.7479 	 -0.6622
							0.6024 	 0.5496 	 -0.5788
							0.7969 	 -0.3723 	 0.4758
							1.3809 	 0 	 0
						}
						{bone "hand_r"
							{matrix34
								0.8206 	 -0.2836 	 -0.4962
								0.2745 	 0.9571 	 -0.0931
								0.5013 	 -0.0599 	 0.8632
								0.9937 	 0 	 0
							}
							{bone "finger_hand_r_base"
								{matrix34
									0.9953 	 0.0966 	 0.011
									-0.0956 	 0.9933 	 -0.0654
									-0.0173 	 0.0641 	 0.9978
									1.5801 	 0 	 0
								}
								{bone "finger_hand_r"
									{Position 0.4305 	 0 	 0}
								}
							}
							{bone "feather_04_r_base"
								{matrix34
									0.979 	 -0.0192 	 -0.2031
									0.1256 	 0.8411 	 0.526
									0.1607 	 -0.5405 	 0.8259
									0.6118 	 -0.2225 	 -0.2371
								}
								{bone "feather_04_r"
									{Position 0.3589 	 0 	 0}
								}
							}
						}
						{bone "feather_03_r_base"
							{matrix34
								0.8232 	 -0.3465 	 -0.4498
								0.5663 	 0.5574 	 0.6071
								0.0403 	 -0.7545 	 0.6551
								0.5661 	 -0.1783 	 -0.2661
							}
							{bone "feather_03_r"
								{Position 0.4449 	 0 	 0}
							}
						}
					}
					{bone "feather_02_r_base"
						{matrix34
							-0.3675 	 -0.7154 	 -0.5943
							0.9147 	 -0.3934 	 -0.0921
							-0.1679 	 -0.5775 	 0.7989
							1.0418 	 -0.3292 	 -0.3803
						}
						{bone "feather_02_r"
							{Position 0.4211 	 0 	 0}
						}
					}
					{bone "feather_01_r_base"
						{matrix34
							-0.5919 	 -0.541 	 -0.5975
							0.7983 	 -0.2916 	 -0.5269
							0.1108 	 -0.7889 	 0.6045
							0.2256 	 -0.3319 	 -0.297
						}
						{bone "feather_01_r"
							{Position 0.4503 	 0 	 0}
						}
					}
				}
			}
			{bone "clavicle_l"
				{matrix34
					-0.5566 	 -0.4823 	 -0.6765
					-0.2336 	 0.8722 	 -0.4297
					0.7973 	 -0.0811 	 -0.5982
					2.1558 	 0.9031 	 -0.8391
				}
				{bone "shoulder_l"
					{matrix34
						0.7642 	 -0.6163 	 0.19
						0.6373 	 0.7668 	 -0.076
						-0.0989 	 0.1792 	 0.9788
						0.7398 	 0 	 0
					}
					{bone "forearm_l"
						{matrix34
							0.1424 	 0.6426 	 -0.7528
							-0.7492 	 0.5671 	 0.3423
							0.6469 	 0.5152 	 0.5622
							1.3014 	 0 	 0
						}
						{bone "hand_l"
							{matrix34
								0.8074 	 0.534 	 -0.251
								-0.4995 	 0.845 	 0.1909
								0.314 	 -0.0287 	 0.949
								1.0636 	 0 	 0
							}
							{bone "finger_hand_l_base"
								{matrix34
									0.9947 	 -0.0796 	 -0.0647
									0.0827 	 0.9955 	 0.0468
									0.0607 	 -0.0519 	 0.9968
									1.5715 	 0 	 0
								}
								{bone "finger_hand_l"
									{Position 0.5268 	 0 	 0}
								}
							}
							{bone "feather_04_l_base"
								{matrix34
									0.9765 	 -0.0191 	 -0.2149
									-0.1011 	 0.8394 	 -0.534
									0.1906 	 0.5431 	 0.8177
									0.6005 	 0.2521 	 -0.1923
								}
								{bone "feather_04_l"
									{Position 0.4695 	 0 	 0}
								}
							}
						}
						{bone "feather_03_l_base"
							{matrix34
								0.8105 	 0.5096 	 -0.2887
								-0.5824 	 0.6494 	 -0.4889
								-0.0616 	 0.5645 	 0.8232
								0.6129 	 0.2231 	 -0.2548
							}
							{bone "feather_03_l"
								{Position 0.4137 	 0 	 0}
							}
						}
					}
					{bone "feather_02_l_base"
						{matrix34
							-0.1836 	 0.6128 	 -0.7686
							-0.9775 	 -0.1962 	 0.0771
							-0.1035 	 0.7655 	 0.6351
							1.0536 	 0.3751 	 -0.2959
						}
						{bone "feather_02_l"
							{Position 0.489 	 0 	 0}
						}
					}
					{bone "feather_01_l_base"
						{matrix34
							-0.4704 	 0.5416 	 -0.6967
							-0.8818 	 -0.2587 	 0.3943
							0.0333 	 0.7999 	 0.5993
							0.2341 	 0.3407 	 -0.2801
						}
						{bone "feather_01_l"
							{Position 0.4203 	 0 	 0}
						}
					}
				}
			}
			{bone "belly"
				{matrix34
					0.3877 	 -0.9218 	 0
					0.9218 	 0.3877 	 0
					0 	 0 	 1
					1.5822 	 -0.6193 	 0
				}
			}
			{bone "back"
				{matrix34
					-0.9912 	 -0.1322 	 0
					0.1322 	 -0.9912 	 0
					0 	 0 	 1
					-0.2453 	 -0.7569 	 0
				}
			}
		}
		{bone "handle"
			{matrix34
				1 	 0 	 0
				0 	 0 	 1
				0 	 -1 	 0
				-1.9746 	 0.6816 	 1.0165
			}
		}
	}
}
{obstacle "obstacle"
	{obb2
		{center 0 0}
		{extent 3.93699 2.17776}
		{axis -1 0}
	}
	{rotate}
}
{"volumes"
	{"body"
		{sphere 2.98568}
		{bone "basis"}
		{Position 0.1034 	 0 	 4.2333}
	}
	{"select"
		{sphere 3.61267}
		{bone "basis"}
		{Position 0.1034 	 0 	 4.2333}
	}
}
{"preview"
	{"stuff"
		{camera
			{origin 5.5577 	 11.0672 	 7.8664}
			{lookat -1.6789 	 -3.1406 	 4.2866}
			{fov 43.6033}
			{horizon -0.0884693}
		}
		{global
			{direction 0.3104 	 -0.3909 	 -0.0292}
		}
		{local
			{type spot}
			{position -20.5286 	 37.4656 	 7.1039}
			{direction 0.2342 	 -0.4405 	 -0.0328}
			{angle_end 42.5}
			{angle_falloff 45.5}
		}
		{local
			{type spot}
			{position 47.144 	 28.1535 	 -10.0268}
			{direction -0.406 	 -0.2365 	 0.171}
			{angle_end 42.5}
			{angle_falloff 45.5}
			{diffuse 0xff6f6f4d}
		}
	}
	{"stuff_primary"
		{camera
			{origin -0.6227 	 63.081 	 4.598}
			{lookat -0.6536 	 -3.0495 	 4.842}
			{fov 28.5758}
			{horizon 0.0862292}
		}
		{global
			{direction -0.4275 	 -0.2446 	 -0.0862}
		}
		{local
			{type spot}
			{position -29.894 	 29.9132 	 13.8307}
			{direction 0.3323 	 -0.3515 	 -0.1264}
			{angle_end 42.5}
			{angle_falloff 45.5}
		}
		{local
			{type spot}
			{position 43.5286 	 -2.6147 	 -10.0268}
			{direction -0.4666 	 0.0548 	 0.171}
			{angle_end 42.5}
			{angle_falloff 45.5}
			{diffuse 0xff6f6f4d}
		}
	}
}
