;Exported by:	 tolokolnikova
;Date:			 13.12.2017 19:51:19
;File:			 D:\gem2\gem2-mdl-soldiers\models\building\building_ua01\building_ua01_2v_x.max
{skeleton
	{bone "b_ua_01_piece07_point"
		{orientation
			1 	 0 	 0
			0 	 -1 	 0
			0 	 0 	 1
		}
		{bone revolute "attach1"
			{matrix34
				-1 	 0 	 0
				0 	 -1 	 0
				0 	 0 	 1
				0.9529 	 16.3083 	 -50.9712
			}
		}
		{bone "debris_land_001"
			{parameters "commonmesh;land;ground;"}
			{Position -25.2554 	 11.2263 	 -50.9586}
			{poly "debris_land_001" {ground}}
		}
		{bone "fort_wall"
			{matrix34
				0 	 1 	 0
				-1 	 0 	 0
				0 	 0 	 1
				-21.305 	 19.2345 	 -49.6024
			}
		}
		{bone "stones_001"
			{parameters "commonmesh;land;ground;"}
			{Position -25.242 	 11.2263 	 -50.9586}
			{poly "stones_001" {ground}}
		}
		{bone "piece01"
			{matrix34
				0 	 -0.9397 	 -0.342
				1 	 0 	 0
				0 	 -0.342 	 0.9397
				-12.0227 	 31.6449 	 -19.8946
			}
			{poly "piece01"}
		}
		{bone "piece02"
			{matrix34
				0 	 -1 	 0
				1 	 0 	 0
				0 	 0 	 1
				-12.0227 	 14.7215 	 -12.9778
			}
			{poly "piece02"}
		}
		{bone "piece03"
			{matrix34
				0 	 -1 	 0
				1 	 0 	 0
				0 	 0 	 1
				-12.0227 	 -6.0958 	 -12.1109
			}
			{poly "piece03"}
		}
		{bone "sub_piece03"
			{matrix34
				0 	 -0.866 	 -0.5
				1 	 0 	 0
				0 	 -0.5 	 0.866
				-12.0227 	 -28.5652 	 -14.9159
			}
			{poly "sub_piece03"}
		}
		{bone "sub_piece02"
			{matrix34
				0 	 -1 	 0
				1 	 0 	 0
				0 	 0 	 1
				-12.0227 	 10.4667 	 -27.0651
			}
			{poly "sub_piece02"}
		}
		{bone "piece04"
			{matrix34
				-1 	 0 	 0
				0 	 -1 	 0
				0 	 0 	 1
				-3.2227 	 39.6738 	 -11.7354
			}
			{poly "piece04"}
		}
		{bone "b_ua_01_piece07"
			{Position 142.163 	 -34.9321 	 -57.784}
			{poly "b_ua_01_piece07"}
		}
		{bone "sub_piece04"
			{matrix34
				1 	 0 	 0
				0 	 0.766 	 0.6428
				0 	 -0.6428 	 0.766
				13.8414 	 39.1007 	 9.588
			}
			{poly "sub_piece04"}
		}
		{bone "sub_piece01"
			{matrix34
				-0.825 	 -0.5646 	 -0.0228
				0.3846 	 -0.5315 	 -0.7547
				0.414 	 -0.6315 	 0.6556
				-6.4267 	 29.4054 	 15.1048
			}
			{poly "sub_piece01"}
		}
		{bone revolute "attach2"
			{parameters "lastpose=undefined;"}
			{matrix34
				-1 	 0 	 0
				0 	 -1 	 0
				0 	 0 	 1
				0.9529 	 -39.2005 	 -50.9712
			}
		}
	}
}
{volume "piece01"
	{box 9.43533 5.90551 12.1708}
	{bone "piece01"}
	{matrix34
		0.8192 	 0 	 0.5736
		0 	 1 	 0
		-0.5736 	 0 	 0.8192
		-0.2457 	 0 	 -0.705
	}
}
{volume "piece02"
	{box 20.0029 5.90551 14.4234}
	{bone "piece02"}
	{Position -0.4994 	 0 	 -0.5697}
}
{volume "piece03"
	{box 12.5804 5.90551 18.153}
	{bone "piece03"}
	{Position 0.7488 	 0 	 -0.5355}
}
{volume "piece04"
	{box 12.5804 5.90551 11.7207}
	{bone "piece04"}
	{Position 0.2325 	 0 	 -1.0291}
}
{volume "sub_piece01"
	{box 3.93701 3.93701 44.6564}
	{bone "sub_piece01"}
	{Position 0 	 0 	 -2.1154}
}
{volume "sub_piece02"
	{box 8.00116 5.90551 8.07709}
	{bone "sub_piece02"}
	{Position -0.0844 	 0 	 -0.7459}
}
{volume "sub_piece03"
	{box 12.5804 5.90551 10.9331}
	{bone "sub_piece03"}
	{matrix34
		0.9397 	 0 	 0.342
		0 	 1 	 0
		-0.342 	 0 	 0.9397
		-1.0849 	 0 	 0.6758
	}
}
{volume "sub_piece04"
	{box 12.5804 3.93701 26.8404}
	{bone "sub_piece04"}
	{Position 6.1368 	 -0.3634 	 -2.2705}
}
{volume "target_vol_001"
	{box 9.84252 9.84252 15.6501}
	{bone "b_ua_01_piece07_point"}
	{matrix34
		-1 	 0 	 0
		0 	 -1 	 0
		0 	 0 	 1
		0.9529 	 16.3083 	 -32.7712
	}
}
{volume "target_vol_003"
	{box 9.84252 9.84252 15.6501}
	{bone "b_ua_01_piece07_point"}
	{matrix34
		-1 	 0 	 0
		0 	 -1 	 0
		0 	 0 	 1
		0.953 	 -39.2005 	 -32.7712
	}
}
{volume "vol_00"
	{box 22.18 11.811 17.6382}
	{bone "b_ua_01_piece07"}
	{matrix34
		-1 	 0 	 0
		0 	 -1 	 0
		0 	 0 	 1
		-152.282 	 79.4665 	 -1.4975
	}
}
{volume "vol_01"
	{box 82.5142 11.811 17.6382}
	{bone "b_ua_01_piece07"}
	{matrix34
		0 	 -1 	 0
		1 	 0 	 0
		0 	 0 	 1
		-157.612 	 31.2377 	 -1.4975
	}
}
{volume "vol_02"
	{box 19.3326 5.90551 28.7812}
	{bone "b_ua_01_piece07"}
	{matrix34
		-1 	 0 	 0
		0 	 -1 	 0
		0 	 0 	 1
		-147.649 	 74.7812 	 21.084
	}
}
{volume "vol_03"
	{box 82.0635 5.90551 17.2687}
	{bone "b_ua_01_piece07"}
	{matrix34
		0 	 -1 	 0
		1 	 0 	 0
		0 	 0 	 1
		-154.232 	 30.559 	 14.0515
	}
}
{volume "vol_04"
	{polyhedron}
	{bone "b_ua_01_piece07"}
	{matrix34
		0 	 -1 	 0
		1 	 0 	 0
		0 	 0 	 1
		-154.232 	 63.0947 	 22.7101
	}
}
{volume "vol_05"
	{box 31.1841 5.90551 3.9718}
	{bone "b_ua_01_piece07"}
	{matrix34
		0 	 -1 	 0
		1 	 0 	 0
		0 	 0 	 1
		-154.232 	 30.4258 	 24.7331
	}
}
{volume "vol_06"
	{polyhedron}
	{bone "b_ua_01_piece07"}
	{matrix34
		0 	 -1 	 0
		1 	 0 	 0
		0 	 0 	 1
		-154.232 	 21.9712 	 26.7163
	}
}
{volume "vol_07"
	{polyhedron}
	{bone "b_ua_01_piece07"}
	{matrix34
		0 	 -0.766 	 -0.6428
		1 	 0 	 0
		0 	 -0.6428 	 0.766
		-154.232 	 -9.2685 	 19.6366
	}
}
