;Exported by	: KobaA
;Date			: 15.01.2024 17:28:58
;File			: d:\git\gem2-mdl-soldiers\models\building\house_70\house_70_fort_x.max
{skeleton
	{bone "h_70_piece02_x"
		{orientation
			1 	 0 	 0
			0 	 -1 	 0
			0 	 0 	 1
		}
		{bone "piece04"
			{Position 32.5621 	 -3.1951 	 15.5051}
			{poly "piece04"}
		}
		{bone "piece03"
			{matrix34
				0 	 1 	 0
				-1 	 0 	 0
				0 	 0 	 1
				12.1674 	 16.3221 	 2.6028
			}
			{poly "piece03"}
		}
		{bone "piece01"
			{matrix34
				0 	 1 	 0
				-1 	 0 	 0
				0 	 0 	 1
				-7.7348 	 16.3072 	 7.926
			}
			{poly "piece01"}
		}
		{bone "sub_piece01"
			{matrix34
				-1 	 0 	 0
				0 	 0.4099 	 0.9121
				0 	 0.9121 	 -0.4099
				4.0188 	 2.7887 	 16.7624
			}
			{poly "sub_piece01"}
		}
		{bone "piece02"
			{matrix34
				0 	 -1 	 0
				1 	 0 	 0
				0 	 0 	 1
				23.6273 	 4.1838 	 18.0033
			}
			{poly "piece02"}
		}
		{bone "h_70_piece02a"
			{Position 0 	 0 	 0}
			{poly "h_70_piece02a"}
		}
		{bone revolute "attach1"
			{matrix34
				0 	 1 	 0
				-1 	 0 	 0
				0 	 0 	 1
				7.8242 	 1.4855 	 -22.8956
			}
		}
		{bone "debris_land_001"
			{parameters "land;ground;"}
			{matrix34
				0 	 -1 	 0
				1 	 0 	 0
				0 	 0 	 1
				2.7423 	 27.6938 	 -19.3397
			}
			{poly "debris_land_001" {ground}}
		}
		{bone "fort_wall"
			{Position 10.7504 	 24.3183 	 -17.2678}
		}
		{bone "stones_001"
			{parameters "land;ground;"}
			{matrix34
				0 	 -1 	 0
				1 	 0 	 0
				0 	 0 	 1
				2.7423 	 27.6805 	 -19.3397
			}
			{poly "stones_001" {ground}}
		}
	}
}
{"volumes"
	{"piece01"
		{box 5.90551 11.8492 15.049}
		{bone "piece01"}
		{matrix34
			-1 	 0 	 0
			0 	 -0.9659 	 -0.2588
			0 	 -0.2588 	 0.9659
			0 	 -0.2103 	 -0.3737
		}
	}
	{"piece02"
		{box 1.1906 20.4338 36.6083}
		{bone "piece02"}
		{matrix34
			0.4226 	 0 	 -0.9063
			0 	 1 	 0
			0.9063 	 0 	 0.4226
			-0.6927 	 2.019 	 0.13
		}
	}
	{"piece03"
		{box 5.90551 19.425 9.6468}
		{bone "piece03"}
		{matrix34
			-1 	 0 	 0
			0 	 -1 	 0
			0 	 0 	 1
			0.159 	 -0.0604 	 0.5192
		}
	}
	{"piece04"
		{box 5.90551 9.40832 12.0069}
		{bone "piece04"}
		{matrix34
			-1 	 0 	 0
			0 	 -0.766 	 0.6428
			0 	 0.6428 	 0.766
			0 	 0.6683 	 -0.6583
		}
	}
	{"sub_piece01"
		{box 2.95276 2.75591 39.3614}
		{bone "sub_piece01"}
		{matrix34
			0 	 -0.9999 	 -0.014
			-1 	 0 	 0
			0 	 0.014 	 -0.9999
			-0.0025 	 0.0506 	 1.1794
		}
	}
	{"target_vol_001"
		{box 9.84252 11.811 15.6501}
		{bone "h_70_piece02_x"}
		{matrix34
			0 	 1 	 0
			-1 	 0 	 0
			0 	 0 	 1
			7.8242 	 14.5557 	 0.4931
		}
	}
	{"vol_01"
		{box 6.2744 19.0541 29.9699}
		{bone "h_70_piece02a"}
		{Position 32.6875 	 4.0113 	 -7.898}
	}
	{"vol_02"
		{box 6.2744 5.71623 13.7862}
		{bone "h_70_piece02a"}
		{Position 32.6875 	 -8.2165 	 -15.9899}
	}
	{"vol_03"
		{polyhedron}
		{bone "h_70_piece02a"}
		{Position 23.0142 	 16.3178 	 -4.8176}
	}
	{"vol_04"
		{box 25.2573 5.99148 11.1481}
		{bone "h_70_piece02a"}
		{matrix34
			0.9848 	 0 	 -0.1736
			0 	 1 	 0
			0.1736 	 0 	 0.9848
			-12.5272 	 16.3178 	 -4.7925
		}
	}
	{"vol_05"
		{box 61.6032 5.99148 18.2756}
		{bone "h_70_piece02a"}
		{Position 4.7949 	 16.3178 	 -13.7452}
	}
}
