;Exported by:	 vic
;Date:			 29.11.2016 10:39:12
;File:			 D:\-Project_vtv_online-\-3DWork-\building\house_vtv_221\house_001_g2_x2.max
{skeleton
	{bone "house_001_g2_piece_017_x"
		{parameters "lastpose=undefined;"}
		{orientation
			1 	 0 	 0
			0 	 -1 	 0
			0 	 0 	 1
		}
		{bone "piece00"
			{parameters "lastpose=undefined;"}
			{matrix34
				-1 	 0 	 0
				0 	 -1 	 0
				0 	 0 	 1
				-8.3162 	 11.8842 	 -0.4844
			}
			{poly "piece00"}
		}
		{bone "piece01"
			{parameters "lastpose=undefined;"}
			{matrix34
				-1 	 0 	 0
				0 	 -1 	 0
				0 	 0 	 1
				0.0954 	 -8.9278 	 -0.4844
			}
			{poly "piece01"}
		}
		{bone "piece02"
			{parameters "lastpose=undefined;"}
			{matrix34
				0 	 1 	 0
				0 	 0 	 1
				1 	 0 	 0
				24.2167 	 -13.3057 	 -14.8611
			}
			{poly "piece02"}
		}
		{bone "piece03"
			{parameters "lastpose=undefined;"}
			{matrix34
				0 	 1 	 0
				0 	 0 	 1
				1 	 0 	 0
				24.2167 	 16.2126 	 -12.2657
			}
			{poly "piece03"}
		}
		{bone "piece04"
			{parameters "lastpose=undefined;"}
			{matrix34
				0 	 1 	 0
				0 	 0 	 1
				1 	 0 	 0
				24.2167 	 6.2237 	 -31.3772
			}
			{poly "piece04"}
		}
		{bone "piece05"
			{parameters "lastpose=undefined;"}
			{matrix34
				-0.7071 	 0 	 -0.7071
				0 	 -1 	 0
				-0.7071 	 0 	 0.7071
				4.2082 	 -24.72 	 23.7912
			}
			{poly "piece05"}
		}
		{bone "piece06"
			{parameters "lastpose=undefined;"}
			{matrix34
				0 	 1 	 0
				0 	 0 	 1
				1 	 0 	 0
				24.2167 	 18.5569 	 5.1437
			}
			{poly "piece06"}
		}
		{bone "piece07"
			{parameters "lastpose=undefined;"}
			{matrix34
				0 	 0.3007 	 -0.9537
				0 	 0.9537 	 0.3007
				1 	 0 	 0
				24.2167 	 1.6877 	 23.1909
			}
			{poly "piece07"}
		}
		{bone "piece08"
			{parameters "lastpose=undefined;"}
			{matrix34
				-1 	 0 	 0
				0 	 -1 	 0
				0 	 0 	 1
				-16.6887 	 -24.4859 	 -0.4844
			}
			{poly "piece08"}
		}
		{bone "sub_piece11"
			{parameters "lastpose=undefined;"}
			{matrix34
				0 	 1 	 0
				0 	 0 	 1
				1 	 0 	 0
				24.2167 	 11.0371 	 0.9739
			}
			{poly "sub_piece11"}
		}
		{bone "sub_piece10"
			{parameters "lastpose=undefined;"}
			{matrix34
				0 	 1 	 0
				0 	 0 	 1
				1 	 0 	 0
				24.2167 	 25.8791 	 -7.1952
			}
			{poly "sub_piece10"}
		}
		{bone "sub_piece09"
			{parameters "lastpose=undefined;"}
			{matrix34
				0 	 1 	 0
				0 	 0 	 1
				1 	 0 	 0
				24.2167 	 21.0539 	 -24.953
			}
			{poly "sub_piece09"}
		}
		{bone "sub_piece08"
			{parameters "lastpose=undefined;"}
			{matrix34
				0 	 1 	 0
				0 	 0 	 1
				1 	 0 	 0
				24.2167 	 2.2909 	 -19.4687
			}
			{poly "sub_piece08"}
		}
		{bone "sub_piece07"
			{parameters "lastpose=undefined;"}
			{matrix34
				0 	 1 	 0
				0 	 0 	 1
				1 	 0 	 0
				24.2167 	 -7.8544 	 -27.5753
			}
			{poly "sub_piece07"}
		}
		{bone "sub_piece06"
			{parameters "lastpose=undefined;"}
			{matrix34
				0 	 1 	 0
				0 	 0 	 1
				1 	 0 	 0
				24.2167 	 -21.8399 	 -32.6402
			}
			{poly "sub_piece06"}
		}
		{bone "sub_piece05"
			{parameters "lastpose=undefined;"}
			{matrix34
				0 	 1 	 0
				0 	 0 	 1
				1 	 0 	 0
				24.2167 	 -24.1747 	 -23.595
			}
			{poly "sub_piece05"}
		}
		{bone "sub_piece04"
			{parameters "lastpose=undefined;"}
			{matrix34
				0 	 1 	 0
				0 	 0 	 1
				1 	 0 	 0
				24.2167 	 -26.9401 	 -10.5752
			}
			{poly "sub_piece04"}
		}
		{bone "sub_piece03"
			{parameters "lastpose=undefined;"}
			{matrix34
				0 	 -0.7373 	 0.6756
				0 	 -0.6756 	 -0.7373
				1 	 0 	 0
				24.2167 	 -20.5881 	 -0.2712
			}
			{poly "sub_piece03"}
		}
		{bone "sub_piece02"
			{parameters "lastpose=undefined;"}
			{matrix34
				0 	 1 	 0
				0 	 0 	 1
				1 	 0 	 0
				24.2167 	 -11.1405 	 0.7271
			}
			{poly "sub_piece02"}
		}
		{bone "sub_piece01"
			{parameters "lastpose=undefined;"}
			{matrix34
				0 	 1 	 0
				0 	 0 	 1
				1 	 0 	 0
				24.2167 	 -8.7616 	 12.6078
			}
			{poly "sub_piece01"}
		}
		{bone "sub_piece00"
			{parameters "lastpose=undefined;"}
			{matrix34
				0 	 -0.766 	 -0.6428
				0 	 0.6428 	 -0.766
				1 	 0 	 0
				24.2167 	 9.5789 	 12.7752
			}
			{poly "sub_piece00"}
		}
	}
}
{volume "piece00_volume008"
	{box 29.9394 2.95276 2.95276}
	{bone "piece00"}
	{Position -1.0401 	 -0.0039 	 -0.0115}
}
{volume "piece01_volume006"
	{box 37.898 2.95276 2.95276}
	{bone "piece01"}
	{Position -0.7728 	 -0.0021 	 -0.0115}
}
{volume "piece02_volume014"
	{box 5.90551 10.664 8.12962}
	{bone "piece02"}
	{matrix34
		0 	 0 	 -1
		-0.9239 	 -0.3827 	 0
		-0.3827 	 0.9239 	 0
		0.1279 	 0.0375 	 0.0078
	}
}
{volume "piece03_volume019"
	{box 5.90551 6.81481 9.49004}
	{bone "piece03"}
	{matrix34
		0 	 0 	 -1
		-0.9962 	 -0.0872 	 0
		-0.0872 	 0.9962 	 0
		-0.5865 	 -0.6934 	 0.0078
	}
}
{volume "piece04_volume016"
	{box 5.90551 9.44403 7.21503}
	{bone "piece04"}
	{matrix34
		0 	 0 	 -1
		-0.9962 	 0.0872 	 0
		0.0872 	 0.9962 	 0
		-0.0047 	 0.1603 	 0.0078
	}
}
{volume "piece05_volume009"
	{box 26.3467 1.9685 1.9685}
	{bone "piece05"}
	{matrix34
		0 	 0 	 1
		0 	 1 	 0
		-1 	 0 	 0
		0.0159 	 0.004 	 -0.6953
	}
}
{volume "piece06_volume022"
	{box 5.90551 5.47672 7.78311}
	{bone "piece06"}
	{matrix34
		0 	 0 	 -1
		-0.766 	 0.6428 	 0
		0.6428 	 0.766 	 0
		-0.016 	 -0.0395 	 0.0078
	}
}
{volume "piece07_volume006"
	{box 5.90551 11.2134 8.49687}
	{bone "piece07"}
	{matrix34
		0 	 0 	 -1
		-0.9914 	 0.1305 	 0
		0.1305 	 0.9914 	 0
		0.1109 	 -0.2239 	 0.0079
	}
}
{volume "piece08_volume006"
	{box 31.8471 2.95276 2.95276}
	{bone "piece08"}
	{Position -0.8136 	 0 	 -0.0115}
}
{volume "sub_piece00_volume023"
	{box 5.90551 6.24346 4.5142}
	{bone "sub_piece00"}
	{matrix34
		0 	 0 	 -1
		-0.766 	 0.6428 	 0
		0.6428 	 0.766 	 0
		-1.0853 	 -0.2134 	 0.0078
	}
}
{volume "sub_piece01_volume008"
	{box 5.90551 5.15816 8.49687}
	{bone "sub_piece01"}
	{matrix34
		0 	 0 	 -1
		-0.9763 	 0.2164 	 0
		0.2164 	 0.9763 	 0
		-0.0201 	 0.1824 	 0.0079
	}
}
{volume "sub_piece02_volume009"
	{box 5.90551 6.18979 7.30731}
	{bone "sub_piece02"}
	{matrix34
		0 	 0 	 -1
		-0.9763 	 0.2164 	 0
		0.2164 	 0.9763 	 0
		0.1307 	 -0.2882 	 0.0079
	}
}
{volume "sub_piece03_volume005"
	{box 5.90551 3.83767 7.89189}
	{bone "sub_piece03"}
	{matrix34
		0 	 0 	 -1
		-0.999 	 -0.0436 	 0
		-0.0436 	 0.999 	 0
		0.3341 	 -0.0514 	 0.0079
	}
}
{volume "sub_piece04_volume011"
	{box 5.90551 5.91001 7.4973}
	{bone "sub_piece04"}
	{matrix34
		0 	 0 	 -1
		-0.999 	 -0.0436 	 0
		-0.0436 	 0.999 	 0
		-0.1518 	 -0.3633 	 0.0079
	}
}
{volume "sub_piece05_volume012"
	{box 5.90551 7.74211 3.67368}
	{bone "sub_piece05"}
	{matrix34
		0 	 0 	 -1
		-0.866 	 -0.5 	 0
		-0.5 	 0.866 	 0
		-0.0596 	 0.1191 	 0.0079
	}
}
{volume "sub_piece06_volume013"
	{box 5.90551 5.4969 7.09019}
	{bone "sub_piece06"}
	{matrix34
		0 	 0 	 -1
		-0.6428 	 -0.766 	 0
		-0.766 	 0.6428 	 0
		-0.0464 	 -0.0583 	 0.0079
	}
}
{volume "sub_piece07_volume015"
	{box 5.90551 7.67807 5.77203}
	{bone "sub_piece07"}
	{matrix34
		0 	 0 	 -1
		-0.9962 	 0.0872 	 0
		0.0872 	 0.9962 	 0
		0.0465 	 -0.0391 	 0.0078
	}
}
{volume "sub_piece08_volume017"
	{box 5.90551 7.7441 5.26698}
	{bone "sub_piece08"}
	{matrix34
		0 	 0 	 -1
		-0.9239 	 0.3827 	 0
		0.3827 	 0.9239 	 0
		-0.3347 	 0.1909 	 0.0078
	}
}
{volume "sub_piece09_volume018"
	{box 5.90551 6.81481 6.63639}
	{bone "sub_piece09"}
	{matrix34
		0 	 0 	 -1
		-0.9239 	 0.3827 	 0
		0.3827 	 0.9239 	 0
		-0.1501 	 -0.4527 	 0.0078
	}
}
{volume "sub_piece10_volume020"
	{box 5.90551 5.2474 8.44613}
	{bone "sub_piece10"}
	{matrix34
		0 	 0 	 -1
		-0.887 	 0.4617 	 0
		0.4617 	 0.887 	 0
		0.1895 	 -0.0721 	 0.0078
	}
}
{volume "sub_piece11_volume021"
	{box 5.90551 3.72566 8.19275}
	{bone "sub_piece11"}
	{matrix34
		0 	 0 	 -1
		-1 	 0 	 0
		0 	 1 	 0
		-0.0099 	 0.0559 	 0.0078
	}
}
