;Exported by	: KobaA
;Date			: 26.01.2024 11:03:54
;File			: d:\git\gem2-mdl-soldiers\models\building\building_ua01\building_ua05_v2_x.max
{skeleton
	{bone "b_ua_05_piece01_point"
		{orientation
			1 	 0 	 0
			0 	 -1 	 0
			0 	 0 	 1
		}
		{bone "b_ua_05_piece01"
			{Position 92.3038 	 -39.8224 	 -13.5171}
			{poly "b_ua_05_piece01"}
		}
		{bone "sub_piece02"
			{matrix34
				0 	 0.6293 	 -0.7771
				-1 	 0 	 0
				0 	 0.7771 	 0.6293
				4.6295 	 -23.1337 	 30.3226
			}
			{poly "sub_piece02"}
		}
		{bone "debris_land_001"
			{parameters "land;ground;"}
			{matrix34
				0 	 1 	 0
				-1 	 0 	 0
				0 	 0 	 1
				6.0731 	 -38.6722 	 -31.7451
			}
			{poly "debris_land_001" {ground}}
		}
		{bone revolute "attach1"
			{matrix34
				0 	 -1 	 0
				1 	 0 	 0
				0 	 0 	 1
				11.9448 	 -10.6695 	 -28.005
			}
		}
		{bone "stones_001"
			{parameters "land;ground;"}
			{matrix34
				0 	 1 	 0
				-1 	 0 	 0
				0 	 0 	 1
				6.0731 	 -38.6588 	 -30.7609
			}
			{poly "stones_001" {ground}}
		}
		{bone "fort_wall"
			{matrix34
				-1 	 0 	 0
				0 	 -1 	 0
				0 	 0 	 1
				-1.935 	 -34.7218 	 -24.8554
			}
		}
		{bone "piece01"
			{Position -1.4612 	 -26.3191 	 4.188}
			{poly "piece01"}
		}
		{bone "piece02"
			{Position -16.525 	 -26.3191 	 13.2104}
			{poly "piece02"}
		}
		{bone "piece03"
			{matrix34
				0 	 -1 	 0
				1 	 0 	 0
				0 	 0 	 1
				-22.8588 	 -6.551 	 33.5254
			}
			{poly "piece03"}
		}
		{bone "piece04"
			{matrix34
				0 	 -1 	 0
				1 	 0 	 0
				0 	 0 	 1
				-22.8588 	 -21.7876 	 18.4324
			}
			{poly "piece04"}
		}
		{bone "piece05"
			{matrix34
				0 	 -1 	 0
				1 	 0 	 0
				0 	 0 	 1
				-22.8588 	 20.3966 	 5.7969
			}
			{poly "piece05"}
		}
		{bone "piece06"
			{matrix34
				0 	 -0.866 	 0.5
				1 	 0 	 0
				0 	 0.5 	 0.866
				-22.8588 	 15.8597 	 23.0843
			}
			{poly "piece06"}
		}
		{bone "piece07"
			{matrix34
				0 	 0.0872 	 0.9962
				1 	 0 	 0
				0 	 0.9962 	 -0.0872
				-22.8588 	 -2.2355 	 3.6626
			}
			{poly "piece07"}
		}
		{bone "sub_piece01"
			{matrix34
				0 	 -1 	 0
				1 	 0 	 0
				0 	 0 	 1
				-22.8588 	 5.2018 	 39.965
			}
			{poly "sub_piece01"}
		}
		{bone "sub_piece03"
			{matrix34
				0.7071 	 0 	 -0.7071
				0 	 1 	 0
				0.7071 	 0 	 0.7071
				-0.0905 	 -26.3191 	 17.502
			}
			{poly "sub_piece03"}
		}
		{bone "sub_piece04"
			{matrix34
				0 	 0.4226 	 -0.9063
				1 	 0 	 0
				0 	 -0.9063 	 -0.4226
				-22.8588 	 -3.1277 	 18.9037
			}
			{poly "sub_piece04"}
		}
	}
}
{"volumes"
	{"piece01"
		{box 8.81752 5.90551 15.6236}
		{bone "piece01"}
		{Position -0.0504 	 0 	 -0.5338}
	}
	{"piece02"
		{box 11.551 5.90551 9.99911}
		{bone "piece02"}
		{Position -0.0036 	 0 	 -0.2641}
	}
	{"piece03"
		{box 11.551 5.90551 9.99911}
		{bone "piece03"}
		{Position -0.0211 	 0 	 -0.3288}
	}
	{"piece04"
		{box 8.81752 5.90551 15.6236}
		{bone "piece04"}
		{Position -0.0559 	 0 	 -0.7947}
	}
	{"piece05"
		{box 11.551 5.90551 9.99911}
		{bone "piece05"}
		{Position 0.8764 	 0 	 -0.9367}
	}
	{"piece06"
		{box 11.551 5.90551 9.99911}
		{bone "piece06"}
		{matrix34
			0.866 	 0 	 -0.5
			0 	 1 	 0
			0.5 	 0 	 0.866
			-0.3436 	 0 	 -1.2124
		}
	}
	{"piece07"
		{box 11.2864 5.90551 15.6236}
		{bone "piece07"}
		{Position 0.2151 	 0 	 -0.766}
	}
	{"sub_piece01"
		{box 11.551 5.90551 6.59941}
		{bone "sub_piece01"}
		{matrix34
			0.766 	 0 	 0.6428
			0 	 1 	 0
			-0.6428 	 0 	 0.766
			-0.4497 	 0 	 0.8038
		}
	}
	{"sub_piece02"
		{box 4.33276 3.07087 24.0648}
		{bone "sub_piece02"}
		{matrix34
			0 	 -1 	 0
			0.9998 	 0 	 0.0175
			-0.0175 	 0 	 0.9998
			0.5219 	 -4.2059 	 -3.3421
		}
	}
	{"sub_piece03"
		{box 7.31854 5.90551 6.09321}
		{bone "sub_piece03"}
		{matrix34
			-0.4226 	 0 	 0.9063
			0 	 1 	 0
			-0.9063 	 0 	 -0.4226
			0.4514 	 0 	 -0.6132
		}
	}
	{"sub_piece04"
		{box 7.31854 5.90551 6.09321}
		{bone "sub_piece04"}
		{matrix34
			-0.4226 	 0 	 0.9063
			0 	 1 	 0
			-0.9063 	 0 	 -0.4226
			0.5369 	 0 	 -0.7217
		}
	}
	{"target_vol_001"
		{box 9.84252 9.84252 15.6501}
		{bone "b_ua_05_piece01_point"}
		{matrix34
			0 	 -1 	 0
			1 	 0 	 0
			0 	 0 	 1
			11.9448 	 -10.6695 	 -6.1325
		}
	}
	{"vol_01"
		{box 13.9913 5.90551 39.974}
		{bone "b_ua_05_piece01"}
		{Position -111.368 	 13.4186 	 -4.1465}
	}
	{"vol_02"
		{box 36.3774 5.90551 26.3828}
		{bone "b_ua_05_piece01"}
		{Position -86.2923 	 13.4186 	 -10.9421}
	}
	{"vol_03"
		{box 13.4719 5.90551 4.77218}
		{bone "b_ua_05_piece01"}
		{Position -98.0593 	 13.4186 	 4.5266}
	}
	{"vol_04"
		{box 57.2556 6.08446 22.0051}
		{bone "b_ua_05_piece01"}
		{matrix34
			0 	 -1 	 0
			1 	 0 	 0
			0 	 0 	 1
			-115.134 	 45.6209 	 -13.131
		}
	}
	{"vol_05"
		{polyhedron}
		{bone "b_ua_05_piece01"}
		{matrix34
			0 	 -1 	 0
			1 	 0 	 0
			0 	 0 	 1
			-115.134 	 45.6209 	 -2.0748
		}
	}
	{"vol_06"
		{polyhedron}
		{bone "b_ua_05_piece01"}
		{matrix34
			0 	 -1 	 0
			1 	 0 	 0
			0 	 0 	 1
			-115.134 	 26.7055 	 -2.2639
		}
	}
	{"vol_07"
		{box 14.3139 6.08446 4.84111}
		{bone "b_ua_05_piece01"}
		{matrix34
			0 	 -1 	 0
			1 	 0 	 0
			0 	 0 	 1
			-115.134 	 41.8124 	 0.4436
		}
	}
}
