;Exported by:	 Evhen
;Date:			 13.04.2020 09:41:12
;File:			 D:\gem2-mdl-soldiers\models\fence\fence_wire_01\fence_wire_01.max
{skeleton
	{bone "fence_wire_04_piece_004_x"
		{orientation
			1 	 0 	 0
			0 	 -1 	 0
			0 	 0 	 1
		}
		{bone "sub_piece02"
			{Position 25.7903 	 -0.3409 	 0}
			{poly "sub_piece02"}
		}
		{bone "sub_piece01"
			{Position 1.8865 	 -1.1951 	 8.5913}
			{poly "sub_piece01"}
		}
		{bone "piece01"
			{Position -9.5567 	 -0.0346 	 0}
			{poly "piece01"}
		}
	}
}
{volume "piece01"
	{box 16.7228 1.22653 33.5459}
	{bone "piece01"}
	{matrix34
		-0.9848 	 0.1736 	 0
		-0.1736 	 -0.9848 	 0
		0 	 0 	 1
		-17.7587 	 -0.4425 	 -0.0297
	}
}
{volume "sub_piece01"
	{box 24.829 1.22653 15.2768}
	{bone "sub_piece01"}
	{matrix34
		-0.9719 	 -0.2327 	 -0.0363
		0.2352 	 -0.9502 	 -0.2044
		0.0131 	 -0.2072 	 0.9782
		8.5834 	 1.3661 	 0.0251
	}
}
{volume "sub_piece02"
	{box 16.7228 1.22653 33.5459}
	{bone "sub_piece02"}
	{matrix34
		-0.9848 	 0.1736 	 0
		-0.1736 	 -0.9848 	 0
		0 	 0 	 1
		2.0681 	 -0.2167 	 -0.0297
	}
}
{volume "sub_piece03"
	{box 17.8769 1.22653 15.2768}
	{bone "sub_piece01"}
	{matrix34
		-0.994 	 0.1031 	 -0.0363
		-0.0936 	 -0.9744 	 -0.2044
		-0.0565 	 -0.1998 	 0.9782
		-11.4698 	 -0.7141 	 0.0251
	}
}
