;Exported by:	 Oleksandr Tsaprylov
;Date:			 19.07.2022 18:19:06
;File:			 E:\projects\gem2-mdl-soldiers\models\entourage\bridge_wood\bridge_wood_02.max
{skeleton
	{bone "bridge_wood_05_piece_006_x"
		{orientation
			1 	 0 	 0
			0 	 -1 	 0
			0 	 0 	 1
		}
		{bone "piece03"
			{matrix34
				-0.6024 	 -0.6908 	 0.3998
				0.7631 	 -0.3518 	 0.5421
				-0.2339 	 0.6317 	 0.7391
				-0.0626 	 32.5766 	 2.3951
			}
			{poly "piece03"}
		}
		{bone "piece01"
			{matrix34
				0.2624 	 0.9556 	 -0.1338
				0.5255 	 -0.2578 	 -0.8108
				-0.8093 	 0.1425 	 -0.5699
				-20.5477 	 -5.2971 	 10.3444
			}
			{poly "piece01"}
		}
		{bone "piece02"
			{matrix34
				0.8934 	 0.234 	 -0.3834
				-0.2028 	 -0.5515 	 -0.8092
				-0.4008 	 0.8007 	 -0.4452
				4.6161 	 12.79 	 -1.9037
			}
			{poly "piece02"}
		}
		{bone "piece04"
			{matrix34
				-0.3559 	 0.6049 	 0.7123
				-0.8633 	 0.079 	 -0.4985
				-0.3578 	 -0.7923 	 0.4941
				3.6047 	 -31.7331 	 1.3657
			}
			{poly "piece04"}
		}
	}
}
{volume "piece01"
	{box 2.84877 42.8177 2.0092}
	{bone "piece01"}
	{matrix34
		0.2624 	 0.5255 	 -0.8093
		0.9604 	 -0.2239 	 0.166
		-0.0939 	 -0.8208 	 -0.5635
		11.1132 	 10.887 	 -18.1554
	}
}
{volume "piece02"
	{box 1.87913 1.78195 19.7701}
	{bone "piece02"}
	{matrix34
		0.8934 	 -0.2028 	 -0.4008
		0.4435 	 0.5403 	 0.7151
		0.0715 	 -0.8167 	 0.5727
		-2.0721 	 -2.9888 	 1.7159
	}
}
{volume "piece03"
	{box 4.33737 4.26963 20.092}
	{bone "piece03"}
	{matrix34
		-0.6024 	 0.7631 	 -0.2339
		-0.6908 	 -0.3518 	 0.6317
		0.3998 	 0.5421 	 0.7391
		-2.7832 	 1.7227 	 -0.3289
	}
}
{volume "piece04"
	{box 4.33737 4.26963 20.092}
	{bone "piece04"}
	{matrix34
		-0.3559 	 -0.8633 	 -0.3578
		0.6049 	 0.079 	 -0.7923
		0.7123 	 -0.4985 	 0.4941
		1.0413 	 -0.7298 	 3.537
	}
}
