;Exported by	: KobaA
;Date			: 26.03.2024 15:20:24
;File			: d:\git\gem2-mdl-soldiers\models\entourage\sandbags\sack.max
{skeleton
	{bone "sack_3"
		{orientation
			1 	 0 	 0
			0 	 -1 	 0
			0 	 0 	 1
		}
		{poly "sack_3"}
	}
}
{"volumes"
	{"body01"
		{box 19.8144 12.3091 5.16743}
		{bone "sack_3"}
		{matrix34
			0.766 	 0.6428 	 0
			-0.6428 	 0.766 	 0
			0 	 0 	 1
			7.1051 	 6.3437 	 2.6276
		}
	}
	{"body02"
		{box 19.8144 12.3091 5.16743}
		{bone "sack_3"}
		{matrix34
			0.766 	 -0.6428 	 0
			0.6428 	 0.766 	 0
			0 	 0 	 1
			-4.6928 	 -12.8047 	 2.1219
		}
	}
	{"body03"
		{box 19.8144 12.3091 5.16743}
		{bone "sack_3"}
		{matrix34
			0.8138 	 -0.4698 	 0.342
			0.5 	 0.866 	 0
			-0.2962 	 0.171 	 0.9397
			-4.5657 	 14.2242 	 3.7241
		}
	}
}
