;Exported by	: KobaA
;Date			: 27.03.2024 10:09:14
;File			: d:\git\gem2-mdl-soldiers\models\entourage\sandbags\sandbag_woodbeam1_lod.max
{skeleton
	{bone "sandbag_woodbeam02_piece_001_x"
		{orientation
			1 	 0 	 0
			0 	 -1 	 0
			0 	 0 	 1
		}
		{bone "piece01"
			{matrix34
				-0.6623 	 -0.7485 	 0.0329
				-0.6678 	 0.5699 	 -0.4788
				0.3397 	 -0.3391 	 -0.8773
				-13.3941 	 4.9124 	 11.9705
			}
			{poly "piece01"}
		}
		{bone "piece02"
			{matrix34
				0.7525 	 0.6586 	 0
				0.6586 	 -0.7525 	 0
				0 	 0 	 -1
				-4.9572 	 8.5682 	 3.0649
			}
			{poly "piece01"}
		}
		{bone "piece03"
			{matrix34
				0.7634 	 -0.6419 	 0.0719
				-0.5322 	 -0.5621 	 0.6331
				-0.3659 	 -0.5216 	 -0.7707
				14.0328 	 4.0161 	 15.419
			}
			{poly "piece01"}
		}
		{bone "piece04"
			{matrix34
				-0.99 	 0.0606 	 -0.127
				0.068 	 0.9962 	 -0.0543
				0.1232 	 -0.0624 	 -0.9904
				-18.6057 	 4.9159 	 3.2545
			}
			{poly "piece04"}
		}
		{bone "piece05"
			{matrix34
				0.7996 	 -0.5993 	 -0.0369
				-0.5971 	 -0.7872 	 -0.1544
				0.0635 	 0.1455 	 -0.9873
				20.0412 	 5.153 	 4.1756
			}
			{poly "piece01"}
		}
		{bone "piece06"
			{matrix34
				0.2313 	 -0.9138 	 0.3338
				-0.9729 	 -0.2173 	 0.0793
				0 	 -0.3431 	 -0.9393
				7.5575 	 9.712 	 6.221
			}
			{poly "piece01"}
		}
		{bone "piece07"
			{matrix34
				-0.8606 	 0.435 	 -0.2648
				0.4174 	 0.9004 	 0.1226
				0.2918 	 -0.0051 	 -0.9565
				-0.6786 	 7.1488 	 10.8212
			}
			{poly "piece01"}
		}
		{bone "piece08"
			{matrix34
				0.9995 	 -0.0278 	 -0.0149
				-0.0242 	 -0.9782 	 0.2062
				-0.0203 	 -0.2057 	 -0.9784
				0.3015 	 5.9229 	 17.541
			}
			{poly "piece01"}
		}
		{bone "piece09"
			{matrix34
				0.5509 	 -0.7082 	 -0.4415
				-0.8155 	 -0.5693 	 -0.1044
				-0.1774 	 0.4175 	 -0.8912
				-22.8175 	 -4.2604 	 15.7953
			}
			{poly "piece09"}
		}
		{bone "piece10"
			{matrix34
				-0.0046 	 -1 	 0
				1 	 -0.0046 	 0
				0 	 0 	 1
				-3.5731 	 -2.2318 	 13.3225
			}
			{poly "piece10"}
		}
		{bone "piece11"
			{matrix34
				-0.4152 	 -0.9098 	 0
				0.9098 	 -0.4152 	 0
				0 	 0 	 1
				13.1172 	 -6.4691 	 13.0938
			}
			{poly "piece11"}
		}
	}
}
{"volumes"
	{"piece01"
		{box 11.4392 7.48082 3.35371}
		{bone "piece01"}
		{matrix34
			-1 	 0 	 0
			0 	 1 	 0
			0 	 0 	 -1
			0.3367 	 0.0306 	 0.3951
		}
	}
	{"piece02"
		{box 11.4392 7.48082 3.35371}
		{bone "piece02"}
		{matrix34
			-1 	 0 	 0
			0 	 1 	 0
			0 	 0 	 -1
			0.3367 	 0.0305 	 0.0606
		}
	}
	{"piece03"
		{box 11.4392 7.48082 3.35371}
		{bone "piece03"}
		{matrix34
			-1 	 0 	 0
			0 	 1 	 0
			0 	 0 	 -1
			0.3367 	 0.0306 	 0.393
		}
	}
	{"piece04"
		{box 11.4392 7.48082 3.35371}
		{bone "piece04"}
		{matrix34
			-1 	 0 	 0
			0 	 1 	 0
			0 	 0 	 -1
			0.3367 	 0.0306 	 0.393
		}
	}
	{"piece05"
		{box 11.4392 7.48082 3.35371}
		{bone "piece05"}
		{matrix34
			-1 	 0 	 0
			0 	 1 	 0
			0 	 0 	 -1
			0.0913 	 -0.3221 	 0.2011
		}
	}
	{"piece06"
		{box 11.4392 7.48082 3.35371}
		{bone "piece06"}
		{matrix34
			-1 	 0 	 0
			0 	 1 	 0
			0 	 0 	 -1
			0.3367 	 0.0306 	 0.393
		}
	}
	{"piece07"
		{box 11.4392 7.48082 3.35371}
		{bone "piece07"}
		{matrix34
			-1 	 0 	 0
			0 	 1 	 0
			0 	 0 	 -1
			0.3367 	 0.0306 	 0.4672
		}
	}
	{"piece08"
		{box 11.4392 7.48082 3.35371}
		{bone "piece08"}
		{matrix34
			-1 	 0 	 0
			0 	 1 	 0
			0 	 0 	 -1
			0.3367 	 0.0306 	 0.3623
		}
	}
	{"piece09"
		{cylinder 1.18942 17.7273}
		{bone "piece09"}
		{matrix34
			-0.7082 	 -0.5693 	 0.4175
			0.5509 	 -0.8155 	 -0.1774
			0.4415 	 0.1044 	 0.8912
			1.4111 	 -1.7175 	 -0.6088
		}
	}
	{"piece10"
		{box 1.39436 13.7839 12.0412}
		{bone "piece10"}
		{matrix34
			-1 	 0.0028 	 0
			-0.0028 	 -1 	 0
			0 	 0 	 1
			-2.5909 	 2.2804 	 -0.0151
		}
	}
	{"piece11"
		{box 1.39436 7.83935 12.4136}
		{bone "piece11"}
		{matrix34
			-1 	 -0.0083 	 0
			0.0083 	 -1 	 0
			0 	 0 	 1
			-4.1786 	 1.0039 	 0.0345
		}
	}
	{"piece12"
		{box 1.39436 13.3481 3.84822}
		{bone "piece11"}
		{matrix34
			-1 	 -0.0083 	 0
			0.0083 	 -1 	 0
			0 	 0 	 1
			-4.1545 	 -1.9106 	 -4.2482
		}
	}
}
