;Exported by	: KobaA
;Date			: 12.01.2024 14:23:26
;File			: d:\git\gem2-mdl-soldiers\models\building\house_90\house_90_fort.max
{skeleton
	{bone "h_90_piece10"
		{orientation
			1 	 0 	 0
			0 	 -1 	 0
			0 	 0 	 1
		}
		{poly "h_90_piece10"}
		{bone "fix06"
			{Position -10.3909 	 27.4295 	 12.1307}
		}
		{bone "fix07"
			{Position -10.3909 	 -4.4914 	 6.7055}
		}
		{bone "fix08"
			{Position 20.6673 	 -4.4914 	 6.7055}
		}
	}
}
{"volumes"
	{"roof01"
		{box 47.9055 1.9685 11.7885}
		{bone "h_90_piece10"}
		{matrix34
			-1 	 0 	 0
			0 	 -0.7071 	 -0.7071
			0 	 -0.7071 	 0.7071
			0.0433 	 18.2183 	 20.3755
		}
	}
	{"roof02"
		{box 40.7197 1.9685 18.6931}
		{bone "h_90_piece10"}
		{matrix34
			1 	 0 	 0
			0 	 0.7071 	 -0.7071
			0 	 0.7071 	 0.7071
			2.4345 	 5.9822 	 18.2385
		}
	}
	{"roof03"
		{box 17.5583 1.9685 7.29032}
		{bone "h_90_piece10"}
		{matrix34
			1 	 0 	 0
			0 	 0.7071 	 -0.7071
			0 	 0.7071 	 0.7071
			1.9431 	 -3.6094 	 8.6469
		}
	}
}
