;Exported by	: KobaA
;Date			: 05.09.2023 10:47:18
;File			: D:\git\gem2-mdl-soldiers\models\unit\vehicle\Landungsboot\Landungsboot.max
{skeleton
	{animation
		{sequence "open" {file "close"}{speed 0.5}{resume}}
		{sequence "fire" {speed 0.5}}
		{sequence "hit" {speed 0.5}}
		{sequence "flattern" {speed 0.65}}
		{sequence "move" {speed 0.5}}
		{sequence "drift" {speed 0.5}}
	}
	{bone "basis"
		{orientation
			1 	 0 	 0
			0 	 -1 	 0
			0 	 0 	 1
		}
		{bone "emit2"
			{matrix34
				-0.1219 	 0.9925 	 0
				-0.9925 	 -0.1219 	 0
				0 	 0 	 1
				113.818 	 -88.9512 	 10.1131
			}
		}
		{bone "emit1"
			{matrix34
				-0.1392 	 -0.9903 	 0
				0.9903 	 -0.1392 	 0
				0 	 0 	 1
				113.818 	 88.9511 	 10.1131
			}
		}
		{bone "emit4"
			{matrix34
				0.0349 	 0.9994 	 0
				-0.9994 	 0.0349 	 0
				0 	 0 	 1
				-145.953 	 -88.9512 	 14.1235
			}
		}
		{bone "emit3"
			{matrix34
				0.0349 	 -0.9994 	 0
				0.9994 	 0.0349 	 0
				0 	 0 	 1
				-145.599 	 88.9511 	 16.445
			}
		}
		{bone "body1"
			{parameters "id=body;"}
			{Position 0 	 0 	 4.9217}
			{poly "body1" {lod 0}}
			{poly "body1_lod1" {lod 1}}
			{poly "body1_lod2" {lod 2}}
			{poly "body1_lod3" {lod 3 {last}}}
			{bone "detail1"
				{parameters "id=body;"}
				{Position 139.335 	 -57.8396 	 24.8682}
				{poly "detail1" {lod 0}}
				{poly "detail1_lod1" {lod 1}}
				{poly "detail1_lod2" {lod 2}}
				{poly "detail1_lod3" {lod 3 {last}}}
			}
			{bone "detail2"
				{parameters "id=body;"}
				{matrix34
					0.9848 	 -0.1736 	 0
					0.1736 	 0.9848 	 0
					0 	 0 	 1
					139.335 	 58.9446 	 24.8682
				}
				{poly "detail1" {lod 0}}
				{poly "detail1_lod1" {lod 1}}
				{poly "detail1_lod2" {lod 2}}
				{poly "detail1_lod3" {lod 3 {last}}}
			}
			{bone "detail3"
				{parameters "id=body;"}
				{matrix34
					-0.9962 	 0.0872 	 0
					-0.0872 	 -0.9962 	 0
					0 	 0 	 1
					-167.197 	 -60.1209 	 22.1703
				}
				{poly "detail1" {lod 0}}
				{poly "detail1_lod1" {lod 1}}
				{poly "detail1_lod2" {lod 2}}
				{poly "detail1_lod3" {lod 3 {last}}}
			}
			{bone "detail4"
				{parameters "id=body;"}
				{matrix34
					0.9962 	 0.0872 	 0
					-0.0872 	 0.9962 	 0
					0 	 0 	 1
					-167.343 	 60.0873 	 22.1703
				}
				{poly "detail1" {lod 0}}
				{poly "detail1_lod1" {lod 1}}
				{poly "detail1_lod2" {lod 2}}
				{poly "detail1_lod3" {lod 3 {last}}}
			}
			{bone "detail5"
				{matrix34
					-1 	 0 	 0
					0 	 -0.1736 	 0.9848
					0 	 0.9848 	 0.1736
					35.251 	 70.6614 	 5.7926
				}
				{poly "detail5" {lod 0}}
				{poly "detail5_lod1" {lod 1}}
				{poly "detail5_lod2" {lod 2}}
				{poly "detail5_lod3" {lod 3 {last}}}
			}
			{bone "detail6"
				{matrix34
					-1 	 0 	 0
					0 	 -0.1736 	 0.9848
					0 	 0.9848 	 0.1736
					-72.153 	 70.6614 	 5.7926
				}
				{poly "detail5" {lod 0}}
				{poly "detail5_lod1" {lod 1}}
				{poly "detail5_lod2" {lod 2}}
				{poly "detail5_lod3" {lod 3 {last}}}
			}
			{bone "detail7"
				{matrix34
					1 	 0 	 0
					0 	 0.1736 	 0.9848
					0 	 -0.9848 	 0.1736
					-72.153 	 -70.6614 	 5.7926
				}
				{poly "detail5" {lod 0}}
				{poly "detail5_lod1" {lod 1}}
				{poly "detail5_lod2" {lod 2}}
				{poly "detail5_lod3" {lod 3 {last}}}
			}
			{bone "detail8"
				{matrix34
					1 	 0 	 0
					0 	 0.1736 	 0.9848
					0 	 -0.9848 	 0.1736
					35.251 	 -70.6614 	 5.7926
				}
				{poly "detail5" {lod 0}}
				{poly "detail5_lod1" {lod 1}}
				{poly "detail5_lod2" {lod 2}}
				{poly "detail5_lod3" {lod 3 {last}}}
			}
			{bone "door_cabin"
				{parameters "id=body;"}
				{Position -155.425 	 9.3569 	 41.6282}
				{poly "door_cabin" {lod 0}}
				{poly "door_cabin_lod1" {lod 1}}
				{poly "door_cabin_lod2" {lod 2}}
				{poly "door_cabin_lod3" {lod 3 {last}}}
			}
			{bone "door_front"
				{parameters "id=body;"}
				{matrix34
					1 	 0 	 0
					0 	 0 	 1
					0 	 -1 	 0
					173.787 	 0 	 -1.0347
				}
				{poly "door_front" {lod 0}}
				{poly "door_front_lod1" {lod 1}}
				{poly "door_front_lod2" {lod 2}}
				{poly "door_front_lod3" {lod 3 {last}}}
			}
			{bone "driver"
				{Position -177.57 	 23.0407 	 28.4581}
			}
			{bone "fx_bulb_norm_engine1"
				{matrix34
					-0.9703 	 0.2419 	 0
					-0.2419 	 -0.9703 	 0
					0 	 0 	 1
					-181.252 	 38.8053 	 -4.9217
				}
			}
			{bone "fx_bulb_norm_engine2"
				{matrix34
					-0.9563 	 -0.2924 	 0
					0.2924 	 -0.9563 	 0
					0 	 0 	 1
					-182.128 	 -40.525 	 -4.9217
				}
			}
			{bone "fx_bulb_norm_front1"
				{matrix34
					0.9848 	 0.1736 	 0
					-0.1736 	 0.9848 	 0
					0 	 0 	 1
					168.525 	 31.5645 	 -4.9217
				}
			}
			{bone "fx_bulb_norm_front2"
				{matrix34
					0.9816 	 -0.1908 	 0
					0.1908 	 0.9816 	 0
					0 	 0 	 1
					167.948 	 -31.5646 	 -4.9217
				}
			}
			{bone "fx_bulb_norm_front3"
				{matrix34
					0.5 	 0.866 	 0
					-0.866 	 0.5 	 0
					0 	 0 	 1
					115.151 	 49.7241 	 -4.9217
				}
			}
			{bone "fx_bulb_norm_front4"
				{matrix34
					0.4848 	 -0.8746 	 0
					0.8746 	 0.4848 	 0
					0 	 0 	 1
					115.151 	 -49.7242 	 -4.9217
				}
			}
			{bone "fx_bulb_small_center1"
				{matrix34
					0 	 1 	 0
					-1 	 0 	 0
					0 	 0 	 1
					44.087 	 55.7661 	 -4.9217
				}
			}
			{bone "fx_bulb_small_center2"
				{matrix34
					0 	 -1 	 0
					1 	 0 	 0
					0 	 0 	 1
					43.9575 	 -55.7662 	 -4.9217
				}
			}
			{bone "fx_bulb_small_center3"
				{matrix34
					0 	 1 	 0
					-1 	 0 	 0
					0 	 0 	 1
					-35.4779 	 55.7662 	 -4.9217
				}
			}
			{bone "fx_bulb_small_center4"
				{matrix34
					0 	 -1 	 0
					1 	 0 	 0
					0 	 0 	 1
					-35.6074 	 -55.7661 	 -4.9217
				}
			}
			{bone "fx_bulb_small_center5"
				{matrix34
					0 	 1 	 0
					-1 	 0 	 0
					0 	 0 	 1
					-130.678 	 55.7662 	 -4.9217
				}
			}
			{bone "fx_bulb_small_center6"
				{matrix34
					0 	 -1 	 0
					1 	 0 	 0
					0 	 0 	 1
					-130.807 	 -55.7661 	 -4.9217
				}
			}
			{bone "fx_fire1"
				{matrix34
					0 	 0 	 1
					0 	 1 	 0
					-1 	 0 	 0
					-169.39 	 16.8729 	 18.7617
				}
			}
			{bone "fxsmoke1"
				{Position -134.509 	 51.1091 	 40.0304}
			}
			{bone "pivot_back"
				{Position -156.434 	 0 	 -3.8518}
			}
			{bone "pivot_front"
				{Position 113.984 	 0 	 -3.8518}
			}
			{bone "place01"
				{Position -134.337 	 23.0407 	 6.1098}
			}
			{bone "place02"
				{Position -144.065 	 -23.321 	 6.1098}
			}
			{bone "place03"
				{Position -107.863 	 -53.9605 	 6.9612}
			}
			{bone "place04"
				{Position -104.937 	 49.2476 	 6.9612}
			}
			{bone "place05"
				{Position 2.3001 	 51.7132 	 6.7082}
			}
			{bone "place06"
				{Position 13.9838 	 -49.4314 	 6.7082}
			}
			{bone "place07"
				{Position 84.8738 	 49.8522 	 5.8511}
			}
			{bone "place08"
				{Position 129.628 	 -3.3049 	 5.1025}
			}
			{bone "place09"
				{Position 137.924 	 17.4179 	 4.4314}
			}
			{bone "place10"
				{Position 147.105 	 -18.1252 	 3.6064}
			}
			{bone "scissor"
				{Position 85.7664 	 0 	 13.1135}
				{poly "scissor"
					{layer waterscissor}}
			}
			{bone "stand"
				{parameters "id=body;"}
				{matrix34
					-1 	 0 	 -0.0003
					0 	 -1 	 -0.0002
					-0.0003 	 -0.0002 	 1
					60.19 	 0.0003 	 20.7675
				}
				{poly "stand" {lod 0}}
				{poly "stand_lod1" {lod 1}}
				{poly "stand_lod2" {lod 2}}
				{poly "stand_lod3" {lod 3 {last}}}
				{bone revolute "turret"
					{parameters "id=turret;"}
					{limits -140 140}
					{speed 0.01}
					{Position -0.0008 	 -0.0007 	 2.8835}
					{poly "turret" {lod 0}}
					{poly "turret_lod1" {lod 1}}
					{poly "turret_lod2" {lod 2}}
					{poly "turret_lod3" {lod 3 {last}}}
					{bone revolute "gun_rot"
						{parameters "id=gun;"}
						{limits -5 25}
						{speed 0.08}
						{matrix34
							1 	 0 	 0
							0 	 0 	 1
							0 	 -1 	 0
							-13.7413 	 -0.0039 	 17.2339
						}
						{poly "gun_rot" {lod 0}}
						{poly "gun_rot_lod1" {lod 1}}
						{poly "gun_rot_lod2" {lod 2}}
						{poly "gun_rot_lod3" {lod 3 {last}}}
						{bone "gun"
							{parameters "id=gun;"}
							{matrix34
								1 	 0 	 0
								0 	 0 	 -1
								0 	 1 	 0
								3.9248 	 0.0038 	 0.0009
							}
							{poly "gun" {lod 0}}
							{poly "gun_lod1" {lod 1}}
							{poly "gun_lod2" {lod 2}}
							{poly "gun_lod3" {lod 3 {last}}}
							{bone "shutter"
								{parameters "id=gun;"}
								{Position -8.0094 	 0.0339 	 0.0606}
								{poly "shutter" {lod 0}}
								{poly "shutter_lod1" {lod 1}}
								{poly "shutter_lod2" {lod 2}}
								{poly "shutter_lod3" {lod 3 {last}}}
							}
							{bone "visor2"
								{matrix34
									1 	 0 	 0.0003
									0 	 1 	 0.0002
									-0.0003 	 -0.0002 	 1
									15.3799 	 10.9922 	 14.7245
								}
							}
							{bone "fx_invers"
								{matrix34
									-1 	 0 	 -0.0003
									0 	 -1 	 -0.0002
									-0.0003 	 -0.0002 	 1
									-12.9653 	 0.1199 	 0.3073
								}
							}
							{bone "foresight1"
								{matrix34
									1 	 0 	 0.0003
									0 	 1 	 0.0002
									-0.0003 	 -0.0002 	 1
									88.5953 	 0.049 	 0.1187
								}
							}
						}
						{bone revolute "gun_rotator2"
							{parameters "id=gun;"}
							{Position -2.3069 	 -8.0241 	 0.0007}
							{poly "gun_rotator2" {lod 0}}
							{poly "gun_rotator2_lod1" {lod 1}}
							{poly "gun_rotator2_lod2" {lod 2}}
							{poly "gun_rotator2_lod3" {lod 3 {last}}}
						}
					}
					{bone "shield"
						{parameters "id=turret;"}
						{Position 0 	 0 	 0}
						{poly "shield" {lod 0}}
						{poly "shield_lod1" {lod 1}}
						{poly "shield_lod2" {lod 2}}
						{poly "shield_lod3" {lod 3 {last}}}
					}
					{bone revolute "gun_rotator1"
						{parameters "id=gun;"}
						{matrix34
							-1 	 0 	 0
							0 	 0 	 1
							0 	 1 	 0
							10.4368 	 -0.0021 	 9.0586
						}
						{poly "gun_rotator1" {lod 0}}
						{poly "gun_rotator1_lod1" {lod 1}}
						{poly "gun_rotator1_lod2" {lod 2}}
						{poly "gun_rotator1_lod3" {lod 3 {last}}}
					}
					{bone "charger"
						{matrix34
							0.9397 	 -0.342 	 0.0002
							0.342 	 0.9397 	 0.0003
							-0.0003 	 -0.0002 	 1
							-21.9151 	 -16.9553 	 -18.6862
						}
					}
					{bone "gunner"
						{matrix34
							0.9063 	 -0.4226 	 0.0002
							0.4226 	 0.9063 	 0.0003
							-0.0003 	 -0.0002 	 1
							-19.7088 	 16.8191 	 -18.6779
						}
					}
				}
			}
			{bone "stand2"
				{parameters "id=body;"}
				{matrix34
					0 	 1 	 0
					-1 	 0 	 0
					0 	 0 	 1
					-57.6068 	 20.2073 	 7.7484
				}
				{poly "stand2" {lod 0}}
				{poly "stand2_lod1" {lod 1}}
				{poly "stand2_lod2" {lod 2}}
				{poly "stand2_lod3" {lod 3 {last}}}
				{bone revolute "turret2"
					{parameters "id=turret;"}
					{limits -45 45}
					{speed 0.01}
					{Position 4.685 	 0.0211 	 15.0252}
					{poly "turret2" {lod 0}}
					{poly "turret2_lod1" {lod 1}}
					{poly "turret2_lod2" {lod 2}}
					{poly "turret2_lod3" {lod 3 {last}}}
					{bone revolute "gun_rot2"
						{parameters "id=gun;"}
						{limits -20 11}
						{speed 0.01}
						{matrix34
							1 	 0 	 0
							0 	 0 	 -1
							0 	 1 	 0
							-0.119 	 0.008 	 4.6166
						}
						{poly "gun_rot2" {lod 0}}
						{poly "gun_rot2_lod1" {lod 1}}
						{poly "gun_rot2_lod2" {lod 2}}
						{poly "gun_rot2_lod3" {lod 3 {last}}}
						{bone revolute "gun_rotator5"
							{parameters "id=gun;"}
							{matrix34
								-0.9077 	 -0.4195 	 0
								0.4195 	 -0.9077 	 0
								0 	 0 	 1
								8.9822 	 -4.0901 	 7.0032
							}
							{poly "gun_rotator5" {lod 0}}
							{poly "gun_rotator5_lod1" {lod 1}}
							{poly "gun_rotator5_lod2" {lod 2 {last}}}
							{bone "gun_rotator6"
								{matrix34
									0.3778 	 -0.9259 	 0
									0.9259 	 0.3778 	 0
									0 	 0 	 1
									26.7891 	 -0.046 	 0
								}
							}
						}
						{bone "gun04"
							{parameters "id=gun;"}
							{matrix34
								1 	 0 	 0
								0 	 0 	 1
								0 	 -1 	 0
								0 	 0 	 0
							}
							{poly "gun04" {lod 0}}
							{poly "gun04_lod1" {lod 1}}
							{poly "gun04_lod2" {lod 2}}
							{poly "gun04_lod3" {lod 3 {last}}}
							{bone "shooter03"
								{Position 35.1153 	 6.9546 	 -3.2626}
							}
						}
						{bone "gun01"
							{parameters "id=gun;"}
							{matrix34
								1 	 0 	 0
								0 	 0 	 1
								0 	 -1 	 0
								0 	 0 	 0
							}
							{poly "gun01" {lod 0}}
							{poly "gun01_lod1" {lod 1}}
							{poly "gun01_lod2" {lod 2}}
							{poly "gun01_lod3" {lod 3 {last}}}
							{bone "shooter00"
								{Position 35.1153 	 -6.9479 	 2.5986}
							}
						}
						{bone "gun02"
							{parameters "id=gun;"}
							{matrix34
								1 	 0 	 0
								0 	 0 	 1
								0 	 -1 	 0
								0 	 0 	 0
							}
							{poly "gun02" {lod 0}}
							{poly "gun02_lod1" {lod 1}}
							{poly "gun02_lod2" {lod 2}}
							{poly "gun02_lod3" {lod 3 {last}}}
							{bone "shooter01"
								{Position 35.1153 	 6.9546 	 2.603}
							}
						}
						{bone "gun03"
							{parameters "id=gun;"}
							{matrix34
								1 	 0 	 0
								0 	 0 	 1
								0 	 -1 	 0
								0 	 0 	 0
							}
							{poly "gun03" {lod 0}}
							{poly "gun03_lod1" {lod 1}}
							{poly "gun03_lod2" {lod 2}}
							{poly "gun03_lod3" {lod 3 {last}}}
							{bone "shooter02"
								{Position 35.1153 	 -6.9479 	 -3.2669}
							}
						}
						{bone "foresight20"
							{matrix34
								1 	 0 	 0
								0 	 0 	 1
								0 	 -1 	 0
								31.7644 	 0.332 	 0.0034
							}
						}
					}
					{bone revolute "gun_rotator3"
						{parameters "id=gun;"}
						{matrix34
							0.682 	 0 	 0.7314
							0.7314 	 0 	 -0.682
							0 	 1 	 0
							-21.3375 	 5.6048 	 14.3408
						}
						{poly "gun_rotator3" {lod 0}}
						{poly "gun_rotator3_lod1" {lod 1}}
						{poly "gun_rotator3_lod2" {lod 2}}
						{poly "gun_rotator3_lod3" {lod 3 {last}}}
						{bone revolute "gun_rotator4"
							{parameters "id=gun;"}
							{matrix34
								0.3156 	 0.9489 	 0
								-0.9489 	 0.3156 	 0
								0 	 0 	 1
								8.0675 	 0.4947 	 1.4064
							}
							{poly "gun_rotator4" {lod 0}}
							{poly "gun_rotator4_lod1" {lod 1}}
							{poly "gun_rotator4_lod2" {lod 2}}
							{poly "gun_rotator4_lod3" {lod 3 {last}}}
						}
					}
					{bone "gunner4"
						{matrix34
							0.9962 	 0 	 0.0872
							0 	 1 	 0
							-0.0872 	 0 	 0.9962
							-15.587 	 0.008 	 -15.534
						}
					}
					{bone "charger3"
						{matrix34
							0 	 -1 	 0
							1 	 0 	 0
							0 	 0 	 1
							-6.1907 	 14.1822 	 -16.0234
						}
					}
					{bone "charger2"
						{matrix34
							0 	 1 	 0
							-1 	 0 	 0
							0 	 0 	 1
							-7.3326 	 -14.9836 	 -16.0234
						}
					}
				}
			}
			{bone "stand3"
				{parameters "id=body;"}
				{matrix34
					0 	 -1 	 0
					1 	 0 	 0
					0 	 0 	 1
					-57.6068 	 -20.2073 	 7.7484
				}
				{poly "stand3" {lod 0}}
				{poly "stand3_lod1" {lod 1}}
				{poly "stand3_lod2" {lod 2}}
				{poly "stand3_lod3" {lod 3 {last}}}
				{bone revolute "turret3"
					{parameters "id=turret;"}
					{limits -45 45}
					{speed 0.01}
					{Position 4.685 	 0.0211 	 15.0252}
					{poly "turret3" {lod 0}}
					{poly "turret3_lod1" {lod 1}}
					{poly "turret3_lod2" {lod 2}}
					{poly "turret3_lod3" {lod 3 {last}}}
					{bone "charger5"
						{matrix34
							0 	 -1 	 0
							1 	 0 	 0
							0 	 0 	 1
							-6.1907 	 14.1822 	 -16.0234
						}
					}
					{bone "charger4"
						{matrix34
							0 	 1 	 0
							-1 	 0 	 0
							0 	 0 	 1
							-7.3326 	 -14.9836 	 -16.0234
						}
					}
					{bone revolute "gun_rot3"
						{parameters "id=gun;"}
						{limits -20 11}
						{speed 0.01}
						{matrix34
							1 	 0 	 0
							0 	 0 	 -1
							0 	 1 	 0
							-0.119 	 0.008 	 4.6166
						}
						{poly "gun_rot3" {lod 0}}
						{poly "gun_rot3_lod1" {lod 1}}
						{poly "gun_rot3_lod2" {lod 2}}
						{poly "gun_rot3_lod3" {lod 3 {last}}}
						{bone "foresight21"
							{matrix34
								1 	 0 	 0
								0 	 0 	 1
								0 	 -1 	 0
								31.7644 	 0.332 	 0.0034
							}
						}
						{bone "gun05"
							{parameters "id=gun;"}
							{matrix34
								1 	 0 	 0
								0 	 0 	 1
								0 	 -1 	 0
								0 	 0 	 0
							}
							{poly "gun05" {lod 0}}
							{poly "gun05_lod1" {lod 1}}
							{poly "gun05_lod2" {lod 2}}
							{poly "gun05_lod3" {lod 3 {last}}}
							{bone "shooter200"
								{Position 35.1153 	 -6.9479 	 2.5986}
							}
						}
						{bone "gun06"
							{parameters "id=gun;"}
							{matrix34
								1 	 0 	 0
								0 	 0 	 1
								0 	 -1 	 0
								0 	 0 	 0
							}
							{poly "gun06" {lod 0}}
							{poly "gun06_lod1" {lod 1}}
							{poly "gun06_lod2" {lod 2}}
							{poly "gun06_lod3" {lod 3 {last}}}
							{bone "shooter201"
								{Position 35.1153 	 6.9546 	 2.603}
							}
						}
						{bone "gun07"
							{parameters "id=gun;"}
							{matrix34
								1 	 0 	 0
								0 	 0 	 1
								0 	 -1 	 0
								0 	 0 	 0
							}
							{poly "gun07" {lod 0}}
							{poly "gun07_lod1" {lod 1}}
							{poly "gun07_lod2" {lod 2}}
							{poly "gun07_lod3" {lod 3 {last}}}
							{bone "shooter202"
								{Position 35.1153 	 -6.9479 	 -3.267}
							}
						}
						{bone "gun08"
							{parameters "id=gun;"}
							{matrix34
								1 	 0 	 0
								0 	 0 	 1
								0 	 -1 	 0
								0 	 0 	 0
							}
							{poly "gun08" {lod 0}}
							{poly "gun08_lod1" {lod 1}}
							{poly "gun08_lod2" {lod 2}}
							{poly "gun08_lod3" {lod 3 {last}}}
							{bone "shooter203"
								{Position 35.1153 	 6.9546 	 -3.2626}
							}
						}
						{bone revolute "gun_rotator9"
							{parameters "id=gun;"}
							{matrix34
								-0.9077 	 -0.4195 	 0
								0.4195 	 -0.9077 	 0
								0 	 0 	 1
								8.9822 	 -4.0901 	 7.0032
							}
							{poly "gun_rotator9" {lod 0}}
							{poly "gun_rotator9_lod1" {lod 1}}
							{poly "gun_rotator9_lod2" {lod 2}}
							{poly "gun_rotator9_lod3" {lod 3 {last}}}
							{bone "gun_rotator10"
								{matrix34
									0.3778 	 -0.9259 	 0
									0.9259 	 0.3778 	 0
									0 	 0 	 1
									26.7891 	 -0.046 	 0
								}
							}
						}
					}
					{bone revolute "gun_rotator7"
						{parameters "id=gun;"}
						{matrix34
							0.682 	 0 	 0.7314
							0.7314 	 0 	 -0.682
							0 	 1 	 0
							-21.3375 	 5.6048 	 14.3408
						}
						{poly "gun_rotator7" {lod 0}}
						{poly "gun_rotator7_lod1" {lod 1}}
						{poly "gun_rotator7_lod2" {lod 2}}
						{poly "gun_rotator7_lod3" {lod 3 {last}}}
						{bone revolute "gun_rotator8"
							{parameters "id=gun;"}
							{matrix34
								0.3156 	 0.9489 	 0
								-0.9489 	 0.3156 	 0
								0 	 0 	 1
								8.0675 	 0.4947 	 1.4064
							}
							{poly "gun_rotator8" {lod 0}}
							{poly "gun_rotator8_lod1" {lod 1}}
							{poly "gun_rotator8_lod2" {lod 2}}
							{poly "gun_rotator8_lod3" {lod 3 {last}}}
						}
					}
					{bone "gunner3"
						{matrix34
							0.9962 	 0 	 0.0872
							0 	 1 	 0
							-0.0872 	 0 	 0.9962
							-15.5871 	 0.008 	 -15.534
						}
					}
				}
			}
			{bone "stand4"
				{parameters "id=body;"}
				{matrix34
					0.1392 	 -0.9903 	 0
					0.9903 	 0.1392 	 0
					0 	 0 	 1
					135.85 	 -46.4524 	 28.8478
				}
				{poly "stand4" {lod 0}}
				{poly "stand4_lod1" {lod 1}}
				{poly "stand4_lod2" {lod 2}}
				{poly "stand4_lod3" {lod 3 {last}}}
				{bone revolute "turret4"
					{parameters "id=gun;"}
					{limits -20 20}
					{speed 0.01}
					{Position 2.0652 	 0 	 1.8665}
					{poly "turret4" {lod 0}}
					{poly "turret4_lod1" {lod 1}}
					{poly "turret4_lod2" {lod 2}}
					{poly "turret4_lod3" {lod 3 {last}}}
					{bone revolute "gun_rot4"
						{parameters "id=gun;"}
						{limits -15 15}
						{speed 0.08}
						{matrix34
							1 	 0 	 0
							0 	 0 	 1
							0 	 -1 	 0
							1.1812 	 0 	 0.319
						}
						{poly "gun_rot4" {lod 0}}
						{poly "gun_rot4_lod1" {lod 1}}
						{poly "gun_rot4_lod2" {lod 2}}
						{poly "gun_rot4_lod3" {lod 3 {last}}}
						{bone "mgun"
							{Position -5.3477 	 1.4854 	 0}
							{bone "fxshell"
								{matrix34
									0 	 0.4226 	 0.9063
									1 	 0 	 0
									0 	 0.9063 	 -0.4226
									1.6651 	 0.8339 	 1.1471
								}
							}
						}
					}
					{bone "gunner5"
						{Position -12.5373 	 0 	 -22.5679}
					}
				}
			}
			{bone "stand5"
				{parameters "id=body;"}
				{matrix34
					0.1392 	 0.9903 	 0
					-0.9903 	 0.1392 	 0
					0 	 0 	 1
					135.67 	 46.3922 	 28.8478
				}
				{poly "stand5" {lod 0}}
				{poly "stand5_lod1" {lod 1}}
				{poly "stand5_lod2" {lod 2}}
				{poly "stand5_lod3" {lod 3 {last}}}
				{bone revolute "turret5"
					{parameters "id=gun;"}
					{limits -20 20}
					{speed 0.01}
					{Position 2.0653 	 0 	 1.8665}
					{poly "turret5" {lod 0}}
					{poly "turret5_lod1" {lod 1}}
					{poly "turret5_lod2" {lod 2}}
					{poly "turret5_lod3" {lod 3 {last}}}
					{bone revolute "gun_rot5"
						{parameters "id=gun;"}
						{limits -15 15}
						{speed 0.08}
						{matrix34
							1 	 0 	 0
							0 	 0 	 1
							0 	 -1 	 0
							1.1812 	 0 	 0.319
						}
						{poly "gun_rot5" {lod 0}}
						{poly "gun_rot5_lod1" {lod 1}}
						{poly "gun_rot5_lod2" {lod 2}}
						{poly "gun_rot5_lod3" {lod 3 {last}}}
						{bone "mgun1"
							{Position -5.3477 	 1.4854 	 0}
							{bone "fxshell1"
								{matrix34
									0 	 0.4226 	 0.9063
									1 	 0 	 0
									0 	 0.9063 	 -0.4226
									1.6651 	 0.8339 	 1.1471
								}
							}
						}
					}
					{bone "gunner2"
						{Position -12.5373 	 0 	 -22.5679}
					}
				}
			}
			{bone revolute "steer"
				{parameters "id=body;"}
				{matrix34
					0 	 -1 	 0
					0 	 0 	 -1
					1 	 0 	 0
					-168.912 	 22.3229 	 41.0776
				}
				{poly "steer" {lod 0}}
				{poly "steer_lod1" {lod 1}}
				{poly "steer_lod2" {lod 2}}
				{poly "steer_lod3" {lod 3 {last}}}
			}
			{bone "visor"
				{Position -156.759 	 0 	 88.543}
			}
			{bone "body2"
				{parameters "id=body;"}
				{Position 85.7664 	 0 	 3.6867}
				{poly "body2" {lod 0}}
				{poly "body2_lod1" {lod 1}}
				{poly "body2_lod2" {lod 2}}
				{poly "body2_lod3" {lod 3 {last}}}
			}
			{bone "body3"
				{parameters "id=body;"}
				{Position 0 	 0 	 -3.8518}
				{poly "body3" {lod 0}}
				{poly "body3_lod1" {lod 1}}
				{poly "body3_lod2" {lod 2}}
				{poly "body3_lod3" {lod 3 {last}}}
			}
			{bone "rope"
				{parameters "id=body;"}
				{matrix34
					-0.1392 	 0 	 -0.9903
					0 	 1 	 0
					0.9903 	 0 	 -0.1392
					190.728 	 -43.0851 	 44.9973
				}
				{poly "rope"}
			}
			{bone "lift"
				{matrix34
					-0.9925 	 0 	 -0.1219
					0 	 -1 	 0
					-0.1219 	 0 	 0.9925
					-191.868 	 -12.0005 	 75.1744
				}
				{bone "flag_up_01"
					{matrix34
						-1 	 -0.0084 	 -0.0004
						-0.0003 	 -0.0146 	 0.9999
						-0.0084 	 0.9999 	 0.0146
						3.3667 	 0.0215 	 6.8386
					}
				}
				{bone "flag_center_01"
					{matrix34
						-0.9798 	 -0.0082 	 0.2
						0.1997 	 0.0257 	 0.9795
						-0.0132 	 0.9996 	 -0.0236
						4.0518 	 -0.1243 	 -1.3418
					}
				}
				{bone "flag_down_01"
					{matrix34
						-0.9591 	 0.002 	 0.2831
						0.283 	 -0.0076 	 0.9591
						0.0041 	 1 	 0.0067
						2.5876 	 0.0711 	 -9.4889
					}
				}
				{bone "flag_down_02"
					{matrix34
						-0.8029 	 -0.0077 	 0.5961
						0.5945 	 0.0634 	 0.8016
						-0.0439 	 0.998 	 -0.0463
						15.1463 	 -0.9695 	 -16.539
					}
				}
				{bone "flag_center_02"
					{matrix34
						-0.8238 	 -0.0392 	 0.5655
						0.5663 	 -0.0114 	 0.8241
						-0.0259 	 0.9992 	 0.0316
						15.5474 	 -1.3512 	 -7.747
					}
				}
				{bone "flag_center_04"
					{matrix34
						-0.8416 	 0.2728 	 0.4662
						0.4506 	 -0.1214 	 0.8844
						0.2979 	 0.9544 	 -0.0208
						33.9032 	 1.7722 	 -18.1001
					}
				}
				{bone "flag_center_03"
					{matrix34
						-0.9093 	 -0.4151 	 0.0278
						0.0358 	 -0.0116 	 0.9993
						-0.4145 	 0.9097 	 0.0254
						25.2483 	 2.9703 	 -12.661
					}
				}
				{bone "flag_down_04"
					{matrix34
						-0.9213 	 0.0761 	 0.3812
						0.3553 	 -0.2329 	 0.9053
						0.1577 	 0.9695 	 0.1875
						35.105 	 6.1009 	 -24.8686
					}
				}
				{bone "flag_down_03"
					{matrix34
						-0.9506 	 -0.1343 	 0.28
						0.2898 	 -0.0599 	 0.9552
						-0.1115 	 0.9891 	 0.0958
						25.3272 	 1.7799 	 -20.7585
					}
				}
				{bone "flag_up_03"
					{matrix34
						-0.9179 	 0.1378 	 0.3721
						0.3874 	 0.109 	 0.9154
						0.0856 	 0.9845 	 -0.1534
						25.4778 	 3.1913 	 -4.8568
					}
				}
				{bone "flag_up_02"
					{matrix34
						-0.8098 	 -0.0192 	 0.5864
						0.5859 	 0.0247 	 0.81
						-0.03 	 0.9995 	 -0.0088
						15.3869 	 0.4267 	 -0.5598
					}
				}
				{bone "flag_up_04"
					{matrix34
						-0.7911 	 -0.3969 	 0.4654
						0.4966 	 0.0273 	 0.8676
						-0.3571 	 0.9175 	 0.1755
						33.1899 	 -2.6124 	 -11.1098
					}
				}
			}
			{bone "flag1"
				{parameters "id=body;"}
				{matrix34
					0.1219 	 0 	 -0.9925
					0.9925 	 0 	 0.1219
					0 	 -1 	 0
					-214.283 	 -12.0005 	 77.3263
				}
				{poly "flag1"}
			}
			{bone "flag"
				{parameters "id=body;"}
				{matrix34
					0.1219 	 0 	 -0.9925
					0.9925 	 0 	 0.1219
					0 	 -1 	 0
					-214.283 	 -12.0005 	 77.3263
				}
				{poly "flag"}
			}
		}
		{bone "emit5"
			{matrix34
				-1 	 0 	 0
				0 	 -1 	 0
				0 	 0 	 1
				250.493 	 -3.713 	 0
			}
		}
	}
}
{obstacle "obstacle01"
	{obb2
		{center 60.1904 1.21398e-06}
		{extent 17.7165 22.6378}
		{axis 1 -3.94702e-08}
	}
	{rotate}
}
{obstacle "obstacle02"
	{obb2
		{center 60.2796 1.21607e-06}
		{extent 57.3615 5.56233}
		{axis 1 -3.94703e-08}
	}
	{rotate}
}
{obstacle "obstacle03"
	{obb2
		{center 60.2267 1.21491e-06}
		{extent 4.92126 53.1496}
		{axis 1 -3.94703e-08}
	}
	{rotate}
}
{obstacle "obstacle04"
	{obb2
		{center -57.6068 -20.2073}
		{extent 21.8882 23.2742}
		{axis 5.22844e-07 1}
	}
	{rotate}
}
{obstacle "obstacle05"
	{obb2
		{center -57.6068 20.2074}
		{extent 21.8882 23.2742}
		{axis -1.21997e-06 -1}
	}
	{rotate}
}
{"volumes"
	{"ballast"
		{polyhedron}
		{bone "body1"}
		{Position -0.6311 	 0 	 -17.2607}
	}
	{"body01"
		{box 191.032 1.87996 19.4211}
		{bone "body1"}
		{Position -18.6393 	 65.4404 	 9.3553}
	}
	{"body02"
		{polyhedron}
		{bone "body1"}
		{Position 0.3849 	 0 	 -15.8154}
	}
	{"body03"
		{box 191.032 1.87996 19.4211}
		{bone "body1"}
		{Position -18.6394 	 -65.4404 	 9.3553}
	}
	{"body04"
		{polyhedron}
		{bone "body1"}
		{matrix34
			0.9945 	 -0.1045 	 0
			0.1045 	 0.9945 	 0
			0 	 0 	 1
			131.091 	 59.8059 	 -0.3552
		}
	}
	{"body05"
		{polyhedron}
		{bone "body1"}
		{matrix34
			0.9945 	 -0.1045 	 0
			0.1045 	 0.9945 	 0
			0 	 0 	 1
			203.115 	 52.2358 	 -0.3552
		}
	}
	{"body06"
		{polyhedron}
		{bone "body1"}
		{matrix34
			0.9945 	 -0.1045 	 0
			0.1045 	 0.9945 	 0
			0 	 0 	 1
			180.171 	 54.6473 	 -0.3552
		}
	}
	{"body07"
		{polyhedron}
		{bone "body1"}
		{matrix34
			0.9945 	 0.1045 	 0
			-0.1045 	 0.9945 	 0
			0 	 0 	 1
			131.091 	 -59.8059 	 -0.3552
		}
	}
	{"body08"
		{polyhedron}
		{bone "body1"}
		{matrix34
			0.9945 	 0.1045 	 0
			-0.1045 	 0.9945 	 0
			0 	 0 	 1
			203.115 	 -52.2359 	 -0.3552
		}
	}
	{"body09"
		{polyhedron}
		{bone "body1"}
		{matrix34
			0.9945 	 0.1045 	 0
			-0.1045 	 0.9945 	 0
			0 	 0 	 1
			180.171 	 -54.6473 	 -0.3552
		}
	}
	{"body10"
		{box 2.98969 16.9251 57.0333}
		{bone "body1"}
		{matrix34
			0.9336 	 0 	 -0.3584
			0 	 1 	 0
			0.3584 	 0 	 0.9336
			183.486 	 46.513 	 24.6337
		}
	}
	{"body11"
		{box 2.98969 16.9251 57.0333}
		{bone "body1"}
		{matrix34
			0.9336 	 0 	 -0.3584
			0 	 1 	 0
			0.3584 	 0 	 0.9336
			183.486 	 -46.5133 	 24.6337
		}
	}
	{"body12"
		{cylinder 4.23174 36.1823}
		{bone "body1"}
		{matrix34
			0.9986 	 0 	 -0.0523
			0 	 1 	 0
			0.0523 	 0 	 0.9986
			-140.066 	 51.2594 	 24.5114
		}
	}
	{"body13"
		{box 3.8268 78.363 61.0256}
		{bone "door_front"}
		{matrix34
			0.9336 	 -0.3584 	 0
			0 	 0 	 -1
			0.3584 	 0.9336 	 0
			11.1858 	 27.5319 	 0
		}
	}
	{"body14"
		{polyhedron}
		{bone "body1"}
		{matrix34
			0.9945 	 -0.1045 	 0
			0.1045 	 0.9945 	 0
			0 	 0 	 1
			-153.885 	 -61.2177 	 -0.3552
		}
	}
	{"body15"
		{polyhedron}
		{bone "body1"}
		{matrix34
			0.9945 	 0.1045 	 0
			-0.1045 	 0.9945 	 0
			0 	 0 	 1
			-153.885 	 61.2178 	 -0.3552
		}
	}
	{"body16"
		{box 4.27568 114.57 41.2135}
		{bone "body1"}
		{Position -192.707 	 0 	 20.2347}
	}
	{"body17"
		{box 23.7715 9.36176 21.1108}
		{bone "body1"}
		{Position 85.503 	 -45.3512 	 16.647}
	}
	{"body18"
		{box 36.5727 49.3206 41.8124}
		{bone "body1"}
		{Position -173.391 	 16.4813 	 42.1269}
	}
	{"body19"
		{cylinder 6.64522 19.0829}
		{bone "body1"}
		{matrix34
			1 	 0 	 0
			0 	 0 	 1
			0 	 -1 	 0
			-171.53 	 -25.2261 	 28.1741
		}
	}
	{"engine"
		{polyhedron}
		{bone "body1"}
		{Position -173.447 	 0 	 5.0947}
	}
	{"gun"
		{polyhedron}
		{bone "gun"}
		{matrix34
			0.0007 	 0 	 -1
			0 	 1 	 0
			1 	 0 	 0.0007
			-11.3893 	 0 	 0.0811
		}
	}
	{"gun01"
		{cylinder 0.787402 31.8117}
		{bone "gun01"}
		{matrix34
			0 	 -1 	 0
			0 	 0 	 -1
			1 	 0 	 0
			18.846 	 -6.9479 	 2.5986
		}
	}
	{"gun02"
		{cylinder 0.787402 31.8117}
		{bone "gun02"}
		{matrix34
			0 	 -1 	 0
			0 	 0 	 -1
			1 	 0 	 0
			18.846 	 6.9546 	 2.5986
		}
	}
	{"gun03"
		{cylinder 0.787402 31.8117}
		{bone "gun03"}
		{matrix34
			0 	 -1 	 0
			0 	 0 	 -1
			1 	 0 	 0
			18.846 	 -6.9479 	 -3.267
		}
	}
	{"gun04"
		{cylinder 0.787402 31.8117}
		{bone "gun04"}
		{matrix34
			0 	 -1 	 0
			0 	 0 	 -1
			1 	 0 	 0
			18.846 	 6.9546 	 -3.267
		}
	}
	{"gun05"
		{cylinder 0.787402 31.8117}
		{bone "gun05"}
		{matrix34
			0 	 -1 	 0
			0 	 0 	 -1
			1 	 0 	 0
			18.846 	 -6.9479 	 2.5986
		}
	}
	{"gun06"
		{cylinder 0.787402 31.8117}
		{bone "gun06"}
		{matrix34
			0 	 -1 	 0
			0 	 0 	 -1
			1 	 0 	 0
			18.846 	 6.9546 	 2.5986
		}
	}
	{"gun07"
		{cylinder 0.787402 31.8117}
		{bone "gun07"}
		{matrix34
			0 	 -1 	 0
			0 	 0 	 -1
			1 	 0 	 0
			18.846 	 -6.9479 	 -3.267
		}
	}
	{"gun08"
		{cylinder 0.787402 31.8117}
		{bone "gun08"}
		{matrix34
			0 	 -1 	 0
			0 	 0 	 -1
			1 	 0 	 0
			18.846 	 6.9546 	 -3.267
		}
	}
	{"gun_rot01"
		{box 61.9121 4.08908 3.93701}
		{bone "gun_rot"}
		{matrix34
			1 	 0.0003 	 0
			0 	 0.0002 	 -1
			-0.0003 	 1 	 0.0002
			10.605 	 -5.1473 	 -0.0014
		}
	}
	{"gun_rot02"
		{cylinder 2.13558 32.4803}
		{bone "gun_rot"}
		{matrix34
			0.0003 	 -1 	 -0.0002
			0 	 0.0002 	 -1
			1 	 0.0003 	 0
			17.841 	 5.527 	 -0.0617
		}
	}
	{"gun_rot2_01"
		{polyhedron}
		{bone "gun_rot2"}
		{Position 1.1517 	 0.6376 	 4.6504}
	}
	{"gun_rot2_02"
		{polyhedron}
		{bone "gun_rot2"}
		{Position 1.1517 	 0.6376 	 -8.1143}
	}
	{"gun_rot3_01"
		{polyhedron}
		{bone "gun_rot3"}
		{Position 1.1517 	 0.6376 	 4.6503}
	}
	{"gun_rot3_02"
		{polyhedron}
		{bone "gun_rot3"}
		{Position 1.1517 	 0.6376 	 -8.1143}
	}
	{"stand01"
		{box 108.268 6.26832 5.31496}
		{bone "stand"}
		{matrix34
			1 	 0 	 0.0003
			0 	 1 	 0.0002
			-0.0003 	 -0.0002 	 1
			0.0635 	 0.0024 	 -9.4489
		}
	}
	{"stand02"
		{box 108.268 6.26832 5.31496}
		{bone "stand"}
		{matrix34
			0 	 -1 	 0.0003
			1 	 0 	 0.0002
			-0.0002 	 0.0003 	 1
			0.0636 	 0.0038 	 -9.4489
		}
	}
	{"stand03"
		{cylinder 6.88976 9.84252}
		{bone "stand"}
		{matrix34
			1 	 0 	 0.0003
			0 	 1 	 0.0002
			-0.0003 	 -0.0002 	 1
			0 	 0.0007 	 -1.7978
		}
	}
	{"stand04"
		{box 20.5963 24.9688 5.90551}
		{bone "stand"}
		{matrix34
			0.7071 	 -0.7071 	 0
			0.7071 	 0.7071 	 0.0004
			-0.0003 	 -0.0002 	 1
			-1.9497 	 -1.6369 	 -9.3453
		}
	}
	{"stand2"
		{polyhedron}
		{bone "stand2"}
		{Position -0.0323 	 0 	 -1.1205}
	}
	{"stand3"
		{polyhedron}
		{bone "stand3"}
		{Position -0.0323 	 0 	 -1.1205}
	}
	{"stand4_01"
		{box 11.1618 3.93701 5.90551}
		{bone "stand4"}
		{Position -0.7006 	 0 	 0.5382}
	}
	{"stand4_02"
		{cylinder 0.393701 22.9035}
		{bone "stand4"}
		{matrix34
			0.9272 	 0 	 0.3746
			0 	 1 	 0
			-0.3746 	 0 	 0.9272
			8.6933 	 0.0067 	 -12.3281
		}
	}
	{"stand4_03"
		{cylinder 0.393701 22.9035}
		{bone "stand4"}
		{matrix34
			-0.9556 	 0.1326 	 0.263
			-0.2166 	 -0.9215 	 -0.3224
			0.1996 	 -0.365 	 0.9093
			-7.4798 	 7.2994 	 -12.5324
		}
	}
	{"stand4_04"
		{cylinder 0.393701 22.9035}
		{bone "stand4"}
		{matrix34
			0.429 	 -0.8664 	 0.2556
			0.8793 	 0.3357 	 -0.3378
			0.2068 	 0.3696 	 0.9059
			-7.5577 	 -7.2572 	 -12.5722
		}
	}
	{"stand5_01"
		{box 11.1618 3.93701 5.90551}
		{bone "stand5"}
		{Position -0.7006 	 0 	 0.5382}
	}
	{"stand5_02"
		{cylinder 0.393701 22.9035}
		{bone "stand5"}
		{matrix34
			0.9272 	 0 	 0.3746
			0 	 1 	 0
			-0.3746 	 0 	 0.9272
			8.6933 	 0.0067 	 -12.3281
		}
	}
	{"stand5_03"
		{cylinder 0.393701 22.9035}
		{bone "stand5"}
		{matrix34
			-0.9556 	 0.1326 	 0.263
			-0.2166 	 -0.9215 	 -0.3224
			0.1996 	 -0.365 	 0.9093
			-7.4798 	 7.2994 	 -12.5324
		}
	}
	{"stand5_04"
		{cylinder 0.393701 22.9035}
		{bone "stand5"}
		{matrix34
			0.429 	 -0.8664 	 0.2556
			0.8793 	 0.3357 	 -0.3378
			0.2068 	 0.3696 	 0.9059
			-7.5577 	 -7.2572 	 -12.5722
		}
	}
	{"sticky"
		{polyhedron}
		{bone "body1"}
		{Position 9.4197 	 0 	 -3.8518}
	}
	{"turret01"
		{box 0.393701 39.3701 35.4331}
		{bone "shield"}
		{matrix34
			0.9659 	 0 	 0.2591
			0 	 1 	 0.0002
			-0.2591 	 -0.0002 	 0.9659
			11.8137 	 -0.793 	 10.0741
		}
	}
	{"turret02"
		{polyhedron}
		{bone "shield"}
		{matrix34
			0.302 	 -0.9497 	 0.0832
			0.9532 	 0.3022 	 -0.0102
			-0.0154 	 0.0823 	 0.9965
			11.033 	 18.7871 	 -7.0341
		}
	}
	{"turret03"
		{polyhedron}
		{bone "shield"}
		{matrix34
			0.302 	 -0.9497 	 0.0832
			0.9532 	 0.3022 	 -0.0102
			-0.0154 	 0.0823 	 0.9965
			11.033 	 -22.09 	 -7.0434
		}
	}
	{"turret04"
		{box 19.685 17.126 7.87402}
		{bone "turret"}
		{matrix34
			1 	 0 	 0.0003
			0 	 1 	 0.0002
			-0.0003 	 -0.0002 	 1
			3.7259 	 -1.3321 	 3.8471
		}
	}
	{"turret05"
		{box 10.8268 5.90551 16.7323}
		{bone "turret"}
		{matrix34
			1 	 0 	 0.0003
			0 	 1 	 0.0002
			-0.0003 	 -0.0002 	 1
			-1.5889 	 11.2835 	 3.0941
		}
	}
	{"turret06"
		{cylinder 2.16535 26.5748}
		{bone "gun_rotator1"}
		{matrix34
			0.0004 	 -1 	 0.0002
			0 	 0.0002 	 1
			-1 	 -0.0004 	 0
			-4.2462 	 0.188 	 -4.4139
		}
	}
	{"turret07"
		{cylinder 2.16535 26.5748}
		{bone "gun_rotator1"}
		{matrix34
			0.0004 	 -1 	 0.0002
			0 	 0.0002 	 1
			-1 	 -0.0004 	 0
			-4.2462 	 0.1939 	 4.4144
		}
	}
	{"turret08"
		{cylinder 2.3622 10.8268}
		{bone "turret"}
		{matrix34
			1 	 0 	 0.0003
			-0.0003 	 -0.0002 	 1
			0 	 -1 	 -0.0002
			7.3306 	 -11.7396 	 13.9932
		}
	}
	{"turret09"
		{polyhedron}
		{bone "turret"}
		{matrix34
			1 	 0 	 0.0003
			0 	 1 	 0.0002
			-0.0003 	 -0.0002 	 1
			-3.0778 	 -8.1924 	 7.9374
		}
	}
	{"turret2_01"
		{cylinder 2.6644 7.08387}
		{bone "turret2"}
		{matrix34
			0.766 	 0 	 0.6428
			0 	 1 	 0
			-0.6428 	 0 	 0.766
			-14.0285 	 1.948 	 6.3976
		}
	}
	{"turret2_02"
		{box 0.499269 15.7748 11.8461}
		{bone "turret2"}
		{matrix34
			0.8754 	 -0.4082 	 0.2588
			0.4226 	 0.9063 	 0
			-0.2346 	 0.1094 	 0.9659
			7.1089 	 -15.9592 	 10.3633
		}
	}
	{"turret2_03"
		{box 0.499269 15.7748 11.8461}
		{bone "turret2"}
		{matrix34
			0.8712 	 0.4062 	 0.2756
			-0.4226 	 0.9063 	 0
			-0.2498 	 -0.1165 	 0.9613
			7.1691 	 15.9348 	 10.3357
		}
	}
	{"turret2_04"
		{box 0.499269 15.7748 7.69225}
		{bone "turret2"}
		{matrix34
			0.9063 	 -0.4226 	 0
			0.4226 	 0.9063 	 0
			0 	 0 	 1
			8.4983 	 -16.6071 	 0.793
		}
	}
	{"turret2_05"
		{box 0.499269 15.7748 7.69225}
		{bone "turret2"}
		{matrix34
			0.9063 	 0.4226 	 0
			-0.4226 	 0.9063 	 0
			0 	 0 	 1
			8.6487 	 16.6248 	 0.793
		}
	}
	{"turret2_06"
		{box 0.499269 15.3109 8.25291}
		{bone "turret2"}
		{matrix34
			0.9063 	 -0.4226 	 0
			0.4226 	 0.9063 	 0
			0 	 0 	 1
			10.4706 	 -12.6272 	 -7.1568
		}
	}
	{"turret2_07"
		{box 0.499269 15.3109 8.25291}
		{bone "turret2"}
		{matrix34
			0.9063 	 0.4226 	 0
			-0.4226 	 0.9063 	 0
			0 	 0 	 1
			10.5959 	 12.6987 	 -7.1568
		}
	}
	{"turret2_08"
		{polyhedron}
		{bone "turret2"}
		{Position 2.5168 	 -0.0285 	 -11.7732}
	}
	{"turret3_01"
		{cylinder 2.6644 7.08387}
		{bone "turret3"}
		{matrix34
			0.766 	 0 	 0.6428
			0 	 1 	 0
			-0.6428 	 0 	 0.766
			-14.0285 	 1.948 	 6.3976
		}
	}
	{"turret3_02"
		{box 0.499269 15.7748 11.8461}
		{bone "turret3"}
		{matrix34
			0.8754 	 -0.4082 	 0.2588
			0.4226 	 0.9063 	 0
			-0.2346 	 0.1094 	 0.9659
			7.1089 	 -15.9592 	 10.3633
		}
	}
	{"turret3_03"
		{box 0.499269 15.7748 11.8461}
		{bone "turret3"}
		{matrix34
			0.8712 	 0.4062 	 0.2756
			-0.4226 	 0.9063 	 0
			-0.2498 	 -0.1165 	 0.9613
			7.1691 	 15.9348 	 10.3357
		}
	}
	{"turret3_04"
		{box 0.499269 15.7748 7.69225}
		{bone "turret3"}
		{matrix34
			0.9063 	 -0.4226 	 0
			0.4226 	 0.9063 	 0
			0 	 0 	 1
			8.4983 	 -16.6071 	 0.793
		}
	}
	{"turret3_05"
		{box 0.499269 15.7748 7.69225}
		{bone "turret3"}
		{matrix34
			0.9063 	 0.4226 	 0
			-0.4226 	 0.9063 	 0
			0 	 0 	 1
			8.6487 	 16.6248 	 0.793
		}
	}
	{"turret3_06"
		{box 0.499269 15.3109 8.25291}
		{bone "turret3"}
		{matrix34
			0.9063 	 -0.4226 	 0
			0.4226 	 0.9063 	 0
			0 	 0 	 1
			10.4706 	 -12.6272 	 -7.1568
		}
	}
	{"turret3_07"
		{box 0.499269 15.3109 8.25291}
		{bone "turret3"}
		{matrix34
			0.9063 	 0.4226 	 0
			-0.4226 	 0.9063 	 0
			0 	 0 	 1
			10.5959 	 12.6986 	 -7.1568
		}
	}
	{"turret3_08"
		{polyhedron}
		{bone "turret3"}
		{Position 2.5168 	 -0.0285 	 -11.7732}
	}
	{"window01"
		{box 1.8975 28.8319 10.935}
		{bone "body1"}
		{matrix34
			0 	 1 	 0
			-1 	 0 	 0
			0 	 0 	 1
			-174.182 	 -7.3774 	 52.3376
		}
	}
	{"window02"
		{box 1.8975 9.58261 10.935}
		{bone "body1"}
		{Position -155.983 	 1.9334 	 52.3376}
	}
	{"window03"
		{box 1.8975 28.8319 10.935}
		{bone "body1"}
		{Position -155.983 	 23.4183 	 52.3376}
	}
	{"window04"
		{box 1.8975 28.8319 10.935}
		{bone "body1"}
		{matrix34
			0 	 1 	 0
			-1 	 0 	 0
			0 	 0 	 1
			-174.182 	 40.3899 	 52.3376
		}
	}
}
