;Exported by:	 KobaA
;Date:			 31.08.2021 15:04:19
;File:			 G:\_GIT_\gem2\gem2-mdl-soldiers\models\unit\vehicle\M4A4_crab\M4A4_Crab_xx.max
{skeleton
	{bone "basis"
		{orientation
			1 	 0 	 0
			0 	 -1 	 0
			0 	 0 	 1
		}
		{bone "body"
			{parameters "id=body;"}
			{Position 0 	 0 	 23.2217}
			{LODView
				{poly "body"}
				{poly "body_lod1"}
				{poly "body_lod2"}
				{poly "body_lod3"}
			}
			{bone revolute "turret"
				{parameters "id=turret;"}
				{speed 0.005}
				{Position 0 	 0 	 11.9258}
				{LODView
					{poly "turret"}
					{poly "turret_lod1"}
					{poly "turret_lod2"}
					{poly "turret_lod3"}
				}
				{bone revolute "gun_rot"
					{parameters "id=gun;"}
					{limits -10 25}
					{matrix34
						1 	 0 	 0
						0 	 0 	 1
						0 	 -1 	 0
						13.3128 	 0 	 9.6169
					}
					{LODView
						{poly "gun_rot"}
						{poly "gun_rot_lod1"}
						{poly "gun_rot_lod2"}
						{poly "gun_rot_lod3"}
					}
					{bone "gun"
						{parameters "id=gun;"}
						{orientation
							1 	 0 	 0
							0 	 0 	 -1
							0 	 1 	 0
						}
						{LODView
							{poly "gun"}
							{poly "gun_lod1"}
							{poly "gun_lod2"}
							{poly "gun_lod3"}
						}
					}
				}
				{bone revolute "mgun_turret"
					{parameters "id=turret;"}
					{speed 0.07}
					{Position -6.5976 	 -9.2965 	 18.6253}
					{LODView
						{poly "mgun_turret"}
						{poly "mgun_turret_lod1"}
						{poly "mgun_turret_lod2"}
						{poly "mgun_turret_lod3"}
					}
					{bone "part1"
						{parameters "id=turret;"}
						{Position -0.0001 	 7.317 	 0.4601}
						{LODView
							{poly "part1"}
							{poly "part1_lod1"}
							{poly "part1_lod2"}
							{poly "part1_lod3"}
						}
					}
					{bone "part2"
						{parameters "id=turret;"}
						{Position -0.0001 	 -7.3119 	 0.5004}
						{LODView
							{poly "part2"}
							{poly "part2_lod1"}
							{poly "part2_lod2"}
							{poly "part2_lod3"}
						}
					}
				}
				{bone "fxfire2"
					{parameters "lastpose=undefined;"}
					{matrix34
						0 	 0 	 1
						0 	 1 	 0
						-1 	 0 	 0
						-6.6007 	 -9.8146 	 14.8962
					}
				}
			}
			{bone revolute "wheelr8"
				{parameters "id=trackright;radius=0.3;"}
				{matrix34
					1 	 0 	 0
					0 	 0 	 -1
					0 	 1 	 0
					-55.9826 	 -20.3697 	 -9.4332
				}
				{LODView
					{poly "wheelr8"}
					{poly "wheelr8_lod1"}
					{poly "wheelr8_lod2"}
					{poly "wheelr8_lod3"}
				}
			}
			{bone "part3"
				{parameters "id=body;"}
				{Position 22.354 	 14.7721 	 15.1923}
				{LODView
					{poly "part3"}
					{poly "part3_lod1"}
					{poly "part3_lod2"}
					{poly "part3_lod3"}
				}
			}
			{bone "part4"
				{parameters "id=body;"}
				{Position 22.3759 	 -14.6986 	 15.1996}
				{LODView
					{poly "part4"}
					{poly "part4_lod1"}
					{poly "part4_lod2"}
					{poly "part4_lod3"}
				}
			}
			{bone revolute "wheelr11"
				{parameters "id=trackright;radius=0.11;"}
				{matrix34
					1 	 0 	 0
					0 	 0 	 -1
					0 	 1 	 0
					-39.772 	 -20.3729 	 -5.0209
				}
				{LODView
					{poly "wheelr11"}
					{poly "wheelr11_lod1"}
					{poly "wheelr11_lod2"}
					{poly "wheelr11_lod3"}
				}
			}
			{bone revolute "wheelr10"
				{parameters "id=trackright;radius=0.11;"}
				{matrix34
					1 	 0 	 0
					0 	 0 	 -1
					0 	 1 	 0
					-8.6203 	 -20.3729 	 -5.0209
				}
				{LODView
					{poly "wheelr10"}
					{poly "wheelr10_lod1"}
					{poly "wheelr10_lod2"}
					{poly "wheelr10_lod3"}
				}
			}
			{bone revolute "wheelr9"
				{parameters "id=trackright;radius=0.11;"}
				{matrix34
					1 	 0 	 0
					0 	 0 	 -1
					0 	 1 	 0
					22.5019 	 -20.3729 	 -5.0209
				}
				{LODView
					{poly "wheelr9"}
					{poly "wheelr9_lod1"}
					{poly "wheelr9_lod2"}
					{poly "wheelr9_lod3"}
				}
			}
			{bone "engine"
				{parameters "id=engine;"}
				{Position -41.4273 	 0 	 6.4138}
				{LODView
					{poly "engine"}
					{poly "engine_lod1"}
					{poly "engine_lod2"}
					{poly "engine_lod3"}
				}
				{bone "fxfire1"
					{matrix34
						0 	 0 	 1
						0 	 1 	 0
						-1 	 0 	 0
						16.8589 	 -0.1597 	 6.6655
					}
				}
				{bone "crab_engine"
					{parameters "id=engine;"}
					{Position 137.538 	 0 	 -2.9035}
					{LODView
						{poly "crab_engine"}
						{poly "crab_engine_lod1"}
						{poly "crab_engine_lod2"}
						{poly "crab_engine_lod3"}
					}
				}
			}
			{bone revolute "wheell1"
				{parameters "id=trackleft;radius=0.18;"}
				{matrix34
					1 	 0 	 0
					0 	 0 	 -1
					0 	 1 	 0
					49.572 	 20.4944 	 -8.4947
				}
				{LODView
					{poly "wheell1"}
					{poly "wheell1_lod1"}
					{poly "wheell1_lod2"}
					{poly "wheell1_lod3"}
				}
			}
			{bone revolute "wheell9"
				{parameters "id=trackleft;radius=0.11;"}
				{matrix34
					1 	 0 	 0
					0 	 0 	 -1
					0 	 1 	 0
					22.5019 	 20.3729 	 -5.0209
				}
				{LODView
					{poly "wheell9"}
					{poly "wheell9_lod1"}
					{poly "wheell9_lod2"}
					{poly "wheell9_lod3"}
				}
			}
			{bone revolute "wheell10"
				{parameters "id=trackleft;radius=0.11;"}
				{matrix34
					1 	 0 	 0
					0 	 0 	 -1
					0 	 1 	 0
					-8.6203 	 20.3729 	 -5.0209
				}
				{LODView
					{poly "wheell10"}
					{poly "wheell10_lod1"}
					{poly "wheell10_lod2"}
					{poly "wheell10_lod3"}
				}
			}
			{bone revolute "part5"
				{parameters "id=trackleft;radius=0.3;"}
				{matrix34
					1 	 0 	 0
					0 	 0 	 -1
					0 	 1 	 0
					-55.9826 	 20.3697 	 -9.4332
				}
				{LODView
					{poly "part5"}
					{poly "part5_lod1"}
					{poly "part5_lod2"}
					{poly "part5_lod3"}
				}
			}
			{bone "fxfire3"
				{parameters "lastpose=undefined;"}
				{matrix34
					0 	 0 	 1
					0 	 1 	 0
					-1 	 0 	 0
					0.4591 	 -0.1597 	 11.8444
				}
			}
			{bone socket "mgun1"
				{parameters "id=body;ikspeed2=80;"}
				{limits 25}
				{matrix34
					0 	 0 	 -1
					0 	 1 	 0
					1 	 0 	 0
					38.9891 	 -10.0777 	 4.2957
				}
				{LODView
					{poly "mgun1"}
					{poly "mgun1_lod1"}
					{poly "mgun1_lod2"}
					{poly "mgun1_lod3"}
				}
			}
			{bone revolute "wheell11"
				{parameters "id=trackleft;radius=0.11;"}
				{matrix34
					1 	 0 	 0
					0 	 0 	 -1
					0 	 1 	 0
					-39.772 	 20.3729 	 -5.0209
				}
				{LODView
					{poly "wheell11"}
					{poly "wheell11_lod1"}
					{poly "wheell11_lod2"}
					{poly "wheell11_lod3"}
				}
			}
			{bone "enumerator"
				{parameters "id=body;"}
				{matrix34
					1 	 -0.002 	 0.0014
					0.002 	 1 	 0
					-0.0014 	 0 	 1
					-41.1085 	 25.1073 	 0.4233
				}
				{poly "enumerator"}
			}
			{bone "usa"
				{parameters "id=body;"}
				{matrix34
					1 	 0 	 0
					0 	 0 	 1
					0 	 -1 	 0
					29.9804 	 -25.7897 	 4.0777
				}
				{poly "usa"}
			}
			{bone revolute "roller_joint"
				{limits -10 25}
				{matrix34
					1 	 0 	 0
					0 	 0 	 1
					0 	 -1 	 0
					49.0942 	 0 	 9.8056
				}
				{bone "crab"
					{parameters "id=body;"}
					{matrix34
						1 	 0 	 0
						0 	 0 	 -1
						0 	 1 	 0
						47.228 	 -5.6536 	 0
					}
					{LODView
						{poly "crab"}
						{poly "crab_lod1"}
						{poly "crab_lod2"}
						{poly "crab_lod3"}
					}
					{bone "roller"
						{parameters "radius=1.4;"}
						{matrix34
							1 	 0 	 0
							0 	 0 	 1
							0 	 -1 	 0
							0 	 0 	 0
						}
					}
					{bone "part6"
						{parameters "id=body;commonmesh;"}
						{Position 0 	 0 	 0}
						{LODView
							{poly "part6"}
							{poly "part6_lod1"}
							{poly "part6_lod2"}
							{poly "part6_lod3"}
						}
					}
				}
			}
			{bone "crab_body"
				{parameters "id=body;"}
				{Position 96.3222 	 0 	 4.152}
				{LODView
					{poly "crab_body"}
					{poly "crab_body_lod1"}
					{poly "crab_body_lod2"}
					{poly "crab_body_lod3"}
				}
			}
		}
		{bone "wheelsl"
			{Position 0 	 20.9501 	 0}
			{bone revolute "rollerl7_joint"
				{limits -4 4}
				{matrix34
					1 	 0 	 0
					0 	 -0.0872 	 0.9962
					0 	 -0.9962 	 -0.0872
					-32.5332 	 -0.3877 	 8.8892
				}
				{bone revolute "suspensionl7"
					{parameters "id=trackleft;"}
					{orientation
						1 	 0 	 0
						0 	 0.9962 	 -0.0872
						0 	 0.0872 	 0.9962
					}
					{LODView
						{poly "suspensionl7"}
						{poly "suspensionl7_lod1"}
						{poly "suspensionl7_lod2"}
						{poly "suspensionl7_lod3"}
					}
				}
			}
			{bone revolute "rollerl3_joint"
				{limits -4 4}
				{matrix34
					1 	 0 	 0
					0 	 -0.0872 	 0.9962
					0 	 -0.9962 	 -0.0872
					29.7563 	 -0.3877 	 8.898
				}
				{bone revolute "suspensionl3"
					{parameters "id=trackleft;"}
					{matrix34
						1 	 0 	 0
						0 	 0.9962 	 -0.0872
						0 	 0.0872 	 0.9962
						0 	 0 	 0
					}
					{LODView
						{poly "suspensionl3"}
						{poly "suspensionl3_lod1"}
						{poly "suspensionl3_lod2"}
						{poly "suspensionl3_lod3"}
					}
				}
			}
			{bone revolute "rollerl4_joint"
				{limits -4 4}
				{matrix34
					1 	 0 	 0
					0 	 -0.0872 	 0.9962
					0 	 -0.9962 	 -0.0872
					1.3477 	 -0.3876 	 8.9457
				}
				{bone revolute "suspensionl4"
					{parameters "id=trackleft;"}
					{matrix34
						1 	 0 	 0
						0 	 0.9962 	 -0.0872
						0 	 0.0872 	 0.9962
						0 	 0 	 0
					}
					{LODView
						{poly "suspensionl4"}
						{poly "suspensionl4_lod1"}
						{poly "suspensionl4_lod2"}
						{poly "suspensionl4_lod3"}
					}
					{bone "rollerl4"
						{parameters "radius=0.34;"}
						{matrix34
							1 	 0 	 0
							0 	 0 	 -1
							0 	 1 	 0
							7.0954 	 -2.4057 	 0.1311
						}
						{bone revolute "wheell4"
							{parameters "id=trackleft;radius=0.27;"}
							{matrix34
								1 	 0 	 0
								0 	 0 	 -1
								0 	 1 	 0
								0 	 0 	 0
							}
							{LODView
								{poly "wheell4"}
								{poly "wheell4_lod1"}
								{poly "wheell4_lod2"}
								{poly "wheell4_lod3"}
							}
						}
					}
				}
			}
			{bone revolute "rollerl5_joint"
				{limits -4 4}
				{matrix34
					1 	 0 	 0
					0 	 -0.0872 	 0.9962
					0 	 -0.9962 	 -0.0872
					-1.3795 	 -0.3877 	 8.8982
				}
				{bone revolute "suspensionl5"
					{parameters "id=trackleft;"}
					{orientation
						1 	 0 	 0
						0 	 0.9962 	 -0.0872
						0 	 0.0872 	 0.9962
					}
					{LODView
						{poly "suspensionl5"}
						{poly "suspensionl5_lod1"}
						{poly "suspensionl5_lod2"}
						{poly "suspensionl5_lod3"}
					}
					{bone "rollerl5"
						{parameters "radius=0.34;"}
						{matrix34
							1 	 0 	 0
							0 	 0 	 -1
							0 	 1 	 0
							-7.0898 	 -2.3582 	 0.1311
						}
						{bone revolute "wheell5"
							{parameters "id=trackleft;radius=0.27;"}
							{matrix34
								1 	 0 	 0
								0 	 0 	 -1
								0 	 1 	 0
								0 	 0 	 0
							}
							{LODView
								{poly "wheell5"}
								{poly "wheell5_lod1"}
								{poly "wheell5_lod2"}
								{poly "wheell5_lod3"}
							}
						}
					}
				}
			}
			{bone revolute "rollerl6_joint"
				{limits -4 4}
				{matrix34
					1 	 0 	 0
					0 	 -0.0872 	 0.9962
					0 	 -0.9962 	 -0.0872
					-29.8144 	 -0.3877 	 8.9083
				}
				{bone revolute "suspensionl6"
					{parameters "id=trackleft;"}
					{matrix34
						1 	 0 	 0
						0 	 0.9962 	 -0.0872
						0 	 0.0872 	 0.9962
						0 	 0 	 0
					}
					{LODView
						{poly "suspensionl6"}
						{poly "suspensionl6_lod1"}
						{poly "suspensionl6_lod2"}
						{poly "suspensionl6_lod3"}
					}
					{bone "rollerl6"
						{parameters "radius=0.34;"}
						{matrix34
							1 	 0 	 0
							0 	 0 	 -1
							0 	 1 	 0
							7.1058 	 -2.3682 	 0.131
						}
						{bone revolute "wheell6"
							{parameters "id=trackleft;radius=0.27;"}
							{matrix34
								1 	 0 	 0
								0 	 0 	 -1
								0 	 1 	 0
								0 	 0 	 0
							}
							{LODView
								{poly "wheell6"}
								{poly "wheell6_lod1"}
								{poly "wheell6_lod2"}
								{poly "wheell6_lod3"}
							}
						}
					}
				}
			}
			{bone revolute "rollerl2_joint"
				{limits -4 4}
				{matrix34
					1 	 0 	 0
					0 	 -0.0872 	 0.9962
					0 	 -0.9962 	 -0.0872
					32.4498 	 -0.3876 	 8.8938
				}
				{bone revolute "suspensionl2"
					{parameters "id=trackleft;"}
					{matrix34
						1 	 0 	 0
						0 	 0.9962 	 -0.0872
						0 	 0.0872 	 0.9962
						0 	 0 	 0
					}
					{LODView
						{poly "suspensionl2"}
						{poly "suspensionl2_lod1"}
						{poly "suspensionl2_lod2"}
						{poly "suspensionl2_lod3"}
					}
					{bone "rollerl2"
						{parameters "radius=0.34;"}
						{matrix34
							1 	 0 	 0
							0 	 0 	 -1
							0 	 1 	 0
							7.1155 	 -2.3537 	 0.1311
						}
						{bone revolute "wheell2"
							{parameters "id=trackleft;radius=0.27;"}
							{matrix34
								1 	 0 	 0
								0 	 0 	 -1
								0 	 1 	 0
								0 	 0 	 0
							}
							{LODView
								{poly "wheell2"}
								{poly "wheell2_lod1"}
								{poly "wheell2_lod2"}
								{poly "wheell2_lod3"}
							}
						}
					}
				}
			}
			{bone "trackl"
				{parameters "id=trackleft;"}
				{matrix34
					1 	 0 	 0
					0 	 1 	 0
					0 	 0 	 1
					0.5204 	 -0.4764 	 11.0711
				}
				{poly "trackl"}
			}
		}
		{bone "wheelsr"
			{Position 0 	 -21.0058 	 0}
			{bone revolute "rollerr2_joint"
				{limits -4 4}
				{matrix34
					1 	 0 	 0
					0 	 -0.0872 	 0.9962
					0 	 -0.9962 	 -0.0872
					32.4497 	 0.4434 	 8.8938
				}
				{bone revolute "suspensionr2"
					{parameters "id=trackright;"}
					{matrix34
						1 	 0 	 0
						0 	 0.9962 	 -0.0872
						0 	 0.0872 	 0.9962
						0 	 0 	 0
					}
					{LODView
						{poly "suspensionr2"}
						{poly "suspensionr2_lod1"}
						{poly "suspensionr2_lod2"}
						{poly "suspensionr2_lod3"}
					}
				}
			}
			{bone revolute "rollerr3_joint"
				{limits -4 4}
				{matrix34
					1 	 0 	 0
					0 	 -0.0872 	 0.9962
					0 	 -0.9962 	 -0.0872
					29.7562 	 0.4434 	 8.898
				}
				{bone revolute "suspensionr3"
					{parameters "id=trackright;"}
					{matrix34
						1 	 0 	 0
						0 	 0.9962 	 -0.0872
						0 	 0.0872 	 0.9962
						0 	 0 	 0
					}
					{LODView
						{poly "suspensionr3"}
						{poly "suspensionr3_lod1"}
						{poly "suspensionr3_lod2"}
						{poly "suspensionr3_lod3"}
					}
					{bone "rollerr3"
						{parameters "radius=0.34;"}
						{matrix34
							1 	 0 	 0
							0 	 0 	 -1
							0 	 1 	 0
							-7.1034 	 -2.3579 	 -0.131
						}
						{bone revolute "wheelr3"
							{parameters "id=trackright;radius=0.27;"}
							{matrix34
								1 	 0 	 0
								0 	 0 	 -1
								0 	 1 	 0
								0 	 0 	 0
							}
							{LODView
								{poly "wheelr3"}
								{poly "wheelr3_lod1"}
								{poly "wheelr3_lod2"}
								{poly "wheelr3_lod3"}
							}
						}
					}
				}
			}
			{bone revolute "rollerr4_joint"
				{limits -4 4}
				{matrix34
					1 	 0 	 0
					0 	 -0.0872 	 0.9962
					0 	 -0.9962 	 -0.0872
					1.3476 	 0.4434 	 8.9457
				}
				{bone revolute "suspensionr4"
					{parameters "id=trackright;"}
					{matrix34
						1 	 0 	 0
						0 	 0.9962 	 -0.0872
						0 	 0.0872 	 0.9962
						0 	 0 	 0
					}
					{LODView
						{poly "suspensionr4"}
						{poly "suspensionr4_lod1"}
						{poly "suspensionr4_lod2"}
						{poly "suspensionr4_lod3"}
					}
					{bone "rollerr4"
						{parameters "radius=0.34;"}
						{matrix34
							1 	 0 	 0
							0 	 0 	 -1
							0 	 1 	 0
							7.0954 	 -2.4057 	 -0.1311
						}
						{bone revolute "wheelr4"
							{parameters "id=trackright;radius=0.27;"}
							{matrix34
								1 	 0 	 0
								0 	 0 	 -1
								0 	 1 	 0
								0 	 0 	 0
							}
							{LODView
								{poly "wheelr4"}
								{poly "wheelr4_lod1"}
								{poly "wheelr4_lod2"}
								{poly "wheelr4_lod3"}
							}
						}
					}
				}
			}
			{bone revolute "rollerr5_joint"
				{limits -4 4}
				{matrix34
					1 	 0 	 0
					0 	 -0.0872 	 0.9962
					0 	 -0.9962 	 -0.0872
					-1.3796 	 0.4434 	 8.8982
				}
				{bone revolute "suspensionr5"
					{parameters "id=trackright;"}
					{orientation
						1 	 0 	 0
						0 	 0.9962 	 -0.0872
						0 	 0.0872 	 0.9962
					}
					{LODView
						{poly "suspensionr5"}
						{poly "suspensionr5_lod1"}
						{poly "suspensionr5_lod2"}
						{poly "suspensionr5_lod3"}
					}
					{bone "rollerr5"
						{parameters "radius=0.34;"}
						{matrix34
							1 	 0 	 0
							0 	 0 	 -1
							0 	 1 	 0
							-7.0898 	 -2.3582 	 -0.131
						}
						{bone revolute "wheelr5"
							{parameters "id=trackright;radius=0.27;"}
							{matrix34
								1 	 0 	 0
								0 	 0 	 -1
								0 	 1 	 0
								0 	 0 	 0
							}
							{LODView
								{poly "wheelr5"}
								{poly "wheelr5_lod1"}
								{poly "wheelr5_lod2"}
								{poly "wheelr5_lod3"}
							}
						}
					}
				}
			}
			{bone revolute "rollerr6_joint"
				{limits -4 4}
				{matrix34
					1 	 0 	 0
					0 	 -0.0872 	 0.9962
					0 	 -0.9962 	 -0.0872
					-29.8144 	 0.4434 	 8.9083
				}
				{bone revolute "suspensionr6"
					{parameters "id=trackright;"}
					{matrix34
						1 	 0 	 0
						0 	 0.9962 	 -0.0872
						0 	 0.0872 	 0.9962
						0 	 0 	 0
					}
					{LODView
						{poly "suspensionr6"}
						{poly "suspensionr6_lod1"}
						{poly "suspensionr6_lod2"}
						{poly "suspensionr6_lod3"}
					}
					{bone "rollerr6"
						{parameters "radius=0.34;"}
						{matrix34
							1 	 0 	 0
							0 	 0 	 -1
							0 	 1 	 0
							7.1058 	 -2.3682 	 -0.1311
						}
						{bone revolute "wheelr6"
							{parameters "id=trackright;radius=0.27;"}
							{matrix34
								1 	 0 	 0
								0 	 0 	 -1
								0 	 1 	 0
								0 	 0 	 0
							}
							{LODView
								{poly "wheelr6"}
								{poly "wheelr6_lod1"}
								{poly "wheelr6_lod2"}
								{poly "wheelr6_lod3"}
							}
						}
					}
				}
			}
			{bone revolute "rollerr7_joint"
				{limits -4 4}
				{matrix34
					1 	 0 	 0
					0 	 -0.0872 	 0.9962
					0 	 -0.9962 	 -0.0872
					-32.5332 	 0.4434 	 8.8892
				}
				{bone revolute "suspensionr7"
					{parameters "id=trackright;"}
					{matrix34
						1 	 0 	 0
						0 	 0.9962 	 -0.0872
						0 	 0.0872 	 0.9962
						0 	 0 	 0
					}
					{LODView
						{poly "suspensionr7"}
						{poly "suspensionr7_lod1"}
						{poly "suspensionr7_lod2"}
						{poly "suspensionr7_lod3"}
					}
					{bone "rollerr7"
						{parameters "radius=0.34;"}
						{matrix34
							1 	 0 	 0
							0 	 0 	 -1
							0 	 1 	 0
							-7.0878 	 -2.3491 	 -0.1311
						}
						{bone revolute "wheelr7"
							{parameters "id=trackright;radius=0.27;"}
							{matrix34
								1 	 0 	 0
								0 	 0 	 -1
								0 	 1 	 0
								0 	 0 	 0
							}
							{LODView
								{poly "wheelr7"}
								{poly "wheelr7_lod1"}
								{poly "wheelr7_lod2"}
								{poly "wheelr7_lod3"}
							}
						}
					}
				}
			}
			{bone "trackr"
				{parameters "id=trackright;"}
				{matrix34
					1 	 0 	 0
					0 	 1 	 0
					0 	 0 	 1
					0.5204 	 0.5322 	 11.0711
				}
				{poly "trackr"}
			}
		}
	}
}
{volume "body01"
	{polyhedron}
	{bone "body"}
	{Position 17.8941 	 -0.0159 	 -14.1587}
}
{volume "body02"
	{polyhedron}
	{bone "body"}
	{Position -37.0843 	 20.9357 	 -14.0417}
}
{volume "body03"
	{polyhedron}
	{bone "body"}
	{Position -37.0843 	 -20.5691 	 -14.2198}
}
{volume "body04"
	{polyhedron}
	{bone "body"}
	{Position -3.6042 	 0 	 0.4386}
}
{volume "body05"
	{polyhedron}
	{bone "body"}
	{Position 29.0494 	 10.4173 	 7.9665}
}
{volume "body06"
	{polyhedron}
	{bone "body"}
	{Position 29.0494 	 -10.1736 	 7.9665}
}
{volume "body07"
	{cylinder 6.10236 4.47485}
	{bone "body"}
	{matrix34
		1 	 0 	 0
		0 	 0 	 -1
		0 	 1 	 0
		49.4696 	 13.4425 	 -8.8105
	}
}
{volume "body08"
	{cylinder 6.10236 4.47485}
	{bone "body"}
	{matrix34
		1 	 0 	 0
		0 	 0 	 1
		0 	 -1 	 0
		49.4696 	 -13.5118 	 -8.8105
	}
}
{volume "body09"
	{box 42.3602 3.91898 5.71954}
	{bone "crab"}
	{matrix34
		0.996 	 -0.0871 	 0.0175
		0.0872 	 0.9962 	 0
		-0.0174 	 0.0015 	 0.9998
		-27.2778 	 -34.967 	 5.1052
	}
}
{volume "body10"
	{box 56.6315 2.17504 5.71954}
	{bone "crab"}
	{matrix34
		0.996 	 -0.0871 	 0.0175
		0.0872 	 0.9962 	 0
		-0.0174 	 0.0015 	 0.9998
		-33.1462 	 -33.4758 	 -0.6023
	}
}
{volume "body13"
	{box 10.8707 8.13286 16.6023}
	{bone "crab"}
	{matrix34
		0.9513 	 -0.2588 	 -0.1677
		0.2549 	 0.9659 	 -0.0449
		0.1736 	 0 	 0.9848
		-2.443 	 -39.5531 	 -2.4435
	}
}
{volume "body14"
	{box 56.6315 2.17504 5.71954}
	{bone "crab"}
	{matrix34
		0.9992 	 -0.0349 	 0.0175
		0.0349 	 0.9994 	 0
		-0.0174 	 0.0006 	 0.9998
		-33.1464 	 31.1912 	 -0.6023
	}
}
{volume "engine01"
	{polyhedron}
	{bone "engine"}
	{Position -0.8232 	 -0.0158 	 -20.2716}
}
{volume "engine02"
	{box 7.52592 28.4231 8.41807}
	{bone "crab_engine"}
	{Position -159.639 	 0.0457 	 0.6388}
}
{volume "gun"
	{cylinder 1.49357 34.4116}
	{bone "gun"}
	{matrix34
		0.0872 	 0 	 0.9962
		0 	 1 	 0
		-0.9962 	 0 	 0.0872
		23.5514 	 0.4079 	 -0.671
	}
}
{volume "mantlet"
	{polyhedron}
	{bone "gun_rot"}
	{matrix34
		0.9659 	 0.2588 	 0
		-0.2588 	 0.9659 	 0
		0 	 0 	 1
		1.421 	 0.1906 	 -10.0965
	}
}
{volume "part1"
	{box 12.9145 6.13809 1.5085}
	{bone "part1"}
	{matrix34
		0.9962 	 -0.0819 	 -0.0298
		0.0872 	 0.9361 	 0.3407
		0 	 -0.342 	 0.9397
		0 	 3.8647 	 2.056
	}
}
{volume "part2"
	{box 12.9145 6.13809 1.5085}
	{bone "part2"}
	{matrix34
		1 	 0 	 0
		0 	 0.9063 	 -0.4226
		0 	 0.4226 	 0.9063
		0 	 -3.5746 	 2.7006
	}
}
{volume "part3"
	{box 10.8224 6.98982 1.24174}
	{bone "part3"}
	{matrix34
		0.9962 	 0.0298 	 0.0819
		-0.0755 	 0.7649 	 0.6397
		-0.0436 	 -0.6434 	 0.7643
		2.1203 	 2.9882 	 3.3394
	}
}
{volume "part4"
	{box 10.8224 6.98982 1.24174}
	{bone "part4"}
	{matrix34
		0.9962 	 0.0298 	 0.0819
		0 	 0.9397 	 -0.342
		-0.0872 	 0.3407 	 0.9361
		2.0713 	 -3.8695 	 2.3367
	}
}
{volume "part5"
	{cylinder 6.45877 5.17589}
	{bone "part5"}
	{Position 0 	 0 	 0.1145}
}
{volume "part6_01"
	{cylinder 5.22585 60.8527}
	{bone "part6"}
	{matrix34
		1 	 0 	 0
		0 	 -0.2588 	 0.9659
		0 	 -0.9659 	 -0.2588
		0 	 0.9563 	 -9.895
	}
}
{volume "part6_02"
	{cylinder 10.814 1.19104}
	{bone "part6"}
	{matrix34
		1 	 0 	 0
		0 	 0.2588 	 -0.9659
		0 	 0.9659 	 0.2588
		-0.1505 	 -29.0503 	 -17.3604
	}
}
{volume "part6_03"
	{cylinder 10.814 1.19104}
	{bone "part6"}
	{matrix34
		1 	 0 	 0
		0 	 0.2588 	 -0.9659
		0 	 0.9659 	 0.2588
		-0.1505 	 29.9416 	 -1.5536
	}
}
{volume "trackleft"
	{box 118.11 9.1123 20.5027}
	{bone "trackl"}
	{Position -4.218 	 -0.0124 	 -1.3838}
}
{volume "trackright"
	{box 118.11 9.1123 20.5027}
	{bone "trackr"}
	{Position -4.5957 	 -0.0203 	 -1.3838}
}
{volume "turret01"
	{polyhedron}
	{bone "turret"}
	{Position -2.3866 	 -0.0159 	 3.2011}
}
{volume "turret02"
	{polyhedron}
	{bone "turret"}
	{matrix34
		0.9205 	 0 	 0.3907
		-0.3907 	 0 	 0.9205
		0 	 -1 	 0
		12.2451 	 10.0965 	 9.3103
	}
}
