;Exported by:	 tolokolnikova
;Date:			 27.04.2016 10:40:38
;File:			 D:\gem2\gem2-mdl-soldiers\models\building\hangar_wood\HW2_x.max
{skeleton
	{bone "hangar_piece_01"
		{orientation
			1 	 0 	 0
			0 	 -1 	 0
			0 	 0 	 1
		}
		{bone "piece01"
			{matrix34
				-1 	 0 	 0
				0 	 -1 	 0
				0 	 0 	 1
				2.0008 	 -23.5154 	 15.1232
			}
			{poly "piece01"}
		}
		{bone "piece02"
			{matrix34
				0 	 0.6947 	 0.7193
				-1 	 0 	 0
				0 	 -0.7193 	 0.6947
				-31.8749 	 12.0349 	 -25.8959
			}
			{poly "piece02"}
		}
		{bone "piece03"
			{matrix34
				0 	 1 	 0
				-1 	 0 	 0
				0 	 0 	 1
				-31.955 	 10.2024 	 6.3535
			}
			{poly "piece03"}
		}
		{bone "piece04"
			{matrix34
				-0.766 	 0 	 -0.6428
				0 	 -1 	 0
				-0.6428 	 0 	 0.766
				-22.5808 	 -23.5702 	 -32.6089
			}
			{poly "piece04"}
		}
		{bone "piece05"
			{matrix34
				0 	 0.342 	 -0.9397
				-1 	 0 	 0
				0 	 0.9397 	 0.342
				-31.8884 	 -15.6246 	 -20.2769
			}
			{poly "piece05"}
		}
		{bone "piece06"
			{matrix34
				0.3907 	 0 	 -0.9205
				0 	 -1 	 0
				-0.9205 	 0 	 -0.3907
				-22.1338 	 -23.5634 	 26.7401
			}
			{poly "piece06"}
		}
		{bone "piece07"
			{matrix34
				0 	 0.9063 	 0.4226
				-1 	 0 	 0
				0 	 -0.4226 	 0.9063
				-31.9336 	 -13.5122 	 0.4353
			}
			{poly "piece07"}
		}
		{bone "piece08"
			{matrix34
				0 	 0.5 	 0.866
				-1 	 0 	 0
				0 	 -0.866 	 0.5
				-31.9336 	 -11.3169 	 25.2115
			}
			{poly "piece08"}
		}
		{bone "sub_piece01"
			{matrix34
				0 	 -0.2419 	 -0.9703
				-1 	 0 	 0
				0 	 0.9703 	 -0.2419
				-31.8906 	 10.6347 	 30.4267
			}
			{poly "sub_piece01"}
		}
		{bone "sub_piece02"
			{matrix34
				-1 	 0 	 0
				0 	 -1 	 0
				0 	 0 	 1
				0.215 	 -23.5916 	 28.562
			}
			{poly "sub_piece02"}
		}
		{bone "sub_piece03"
			{matrix34
				0 	 0.2588 	 0.9659
				-1 	 0 	 0
				0 	 -0.9659 	 0.2588
				-31.9809 	 2.7655 	 -10.6492
			}
			{poly "sub_piece03"}
		}
		{bone "sub_piece04"
			{matrix34
				-0.1736 	 0 	 0.9848
				0 	 -1 	 0
				0.9848 	 0 	 0.1736
				-27.5354 	 -23.5289 	 -10.6516
			}
			{poly "sub_piece04"}
		}
		{bone "sub_piece05"
			{matrix34
				-1 	 0 	 0
				0 	 -1 	 0
				0 	 0 	 1
				-20.1385 	 -23.5172 	 12.4861
			}
			{poly "sub_piece05"}
		}
		{bone "sub_piece07"
			{Position 3.4086 	 6.8546 	 42.297}
			{poly "sub_piece07"}
		}
		{bone "sub_piece06"
			{matrix34
				1 	 0 	 0
				0 	 -0.1392 	 0.9903
				0 	 -0.9903 	 -0.1392
				-24.5977 	 -21.2014 	 38.3105
			}
			{poly "sub_piece06"}
		}
		{bone "sub_piece08"
			{Position -1.2919 	 -31.2266 	 37.1846}
			{poly "sub_piece08"}
		}
	}
}
{volume "piece01"
	{box 26.0528 5.02991 15.5934}
	{bone "piece01"}
	{matrix34
		0.9903 	 0 	 -0.1392
		0 	 1 	 0
		0.1392 	 0 	 0.9903
		-1.5619 	 0 	 -0.4994
	}
}
{volume "piece02"
	{box 22.6546 5.02991 22.3721}
	{bone "piece02"}
	{matrix34
		0.7193 	 0 	 -0.6947
		0 	 1 	 0
		0.6947 	 0 	 0.7193
		0.5986 	 0 	 1.405
	}
}
{volume "piece03"
	{box 22.6546 5.02991 18.3451}
	{bone "piece03"}
	{Position 0.132 	 0 	 0.4039}
}
{volume "piece04"
	{box 22.6546 5.02991 15.9801}
	{bone "piece04"}
	{matrix34
		0.8829 	 0 	 -0.4695
		0 	 1 	 0
		0.4695 	 0 	 0.8829
		0.7889 	 0 	 -1.0419
	}
}
{volume "piece05"
	{box 17.2175 5.02991 12.3047}
	{bone "piece05"}
	{matrix34
		0.9994 	 0 	 0.0349
		0 	 1 	 0
		-0.0349 	 0 	 0.9994
		-0.0911 	 0 	 0.476
	}
}
{volume "piece06"
	{box 18.1817 5.02991 13.9511}
	{bone "piece06"}
	{matrix34
		-0.4226 	 0 	 0.9063
		0 	 1 	 0
		-0.9063 	 0 	 -0.4226
		-0.1335 	 0 	 -0.3404
	}
}
{volume "piece07"
	{box 23.2497 5.03493 19.3691}
	{bone "piece07"}
	{Position 0 	 0 	 -0.305}
}
{volume "piece08"
	{box 23.2497 5.03493 19.3691}
	{bone "piece08"}
	{Position -0.5087 	 0 	 0.5663}
}
{volume "sub_piece01"
	{box 9.46961 5.02991 9.72068}
	{bone "sub_piece01"}
	{matrix34
		0.1564 	 0 	 0.9877
		0 	 1 	 0
		-0.9877 	 0 	 0.1564
		0.0555 	 0 	 0.0322
	}
}
{volume "sub_piece02"
	{box 11.0908 5.02991 10.6029}
	{bone "sub_piece02"}
	{matrix34
		0.9994 	 0 	 0.0349
		0 	 1 	 0
		-0.0349 	 0 	 0.9994
		0.233 	 0 	 0.4825
	}
}
{volume "sub_piece03"
	{box 9.46961 5.02991 9.72068}
	{bone "sub_piece03"}
	{matrix34
		0.9994 	 0 	 0.0349
		0 	 1 	 0
		-0.0349 	 0 	 0.9994
		0.189 	 0 	 0.1695
	}
}
{volume "sub_piece04"
	{box 14.7255 5.02991 7.83024}
	{bone "sub_piece04"}
	{matrix34
		0.891 	 0 	 0.454
		0 	 1 	 0
		-0.454 	 0 	 0.891
		0.076 	 0 	 -0.6438
	}
}
{volume "sub_piece05"
	{box 11.0908 5.02991 10.6029}
	{bone "sub_piece05"}
	{matrix34
		0.9994 	 0 	 0.0349
		0 	 1 	 0
		-0.0349 	 0 	 0.9994
		0.1263 	 0 	 0.5407
	}
}
{volume "sub_piece06"
	{box 24.3151 1.19832 25.8059}
	{bone "sub_piece06"}
	{matrix34
		1 	 0 	 0
		0 	 -0.9994 	 -0.0349
		0 	 0.0349 	 -0.9994
		0 	 -0.2844 	 0.2674
	}
}
{volume "sub_piece07"
	{box 35.8394 1.19832 16.5215}
	{bone "sub_piece07"}
	{matrix34
		1 	 0 	 0
		0 	 0.1544 	 -0.988
		0 	 0.988 	 0.1544
		1.6443 	 1.7489 	 0.77
	}
}
{volume "sub_piece08"
	{box 23.4981 1.19832 24.7736}
	{bone "sub_piece08"}
	{matrix34
		1 	 0 	 0
		0 	 0.1544 	 -0.988
		0 	 0.988 	 0.1544
		0.2914 	 -0.8337 	 0.2175
	}
}
