;Exported by	: joomb
;Date			: 29.09.2023 15:39:07
;File			: H:\git\gem2-mdl-soldiers\models\entourage\watch_tower\watch_tower.max
{skeleton
	{bone "watch_tower_01_x"
		{orientation
			1 	 0 	 0
			0 	 -1 	 0
			0 	 0 	 1
		}
		{bone "piece01"
			{matrix34
				0.3875 	 0.9211 	 -0.0375
				-0.9113 	 0.3765 	 -0.1669
				-0.1396 	 0.0988 	 0.9853
				18.9481 	 18.1091 	 48.6999
			}
			{poly "piece01"}
		}
		{bone "sub_piece01"
			{matrix34
				0.6611 	 0.4135 	 -0.626
				-0.5872 	 0.8046 	 -0.0887
				0.467 	 0.4262 	 0.7747
				17.492 	 13.2066 	 117.121
			}
			{poly "sub_piece01"}
		}
		{bone "sub_piece05"
			{matrix34
				-0.2013 	 0.7051 	 -0.6799
				-0.9551 	 -0.2952 	 -0.0235
				-0.2173 	 0.6447 	 0.7329
				-12.3103 	 5.4437 	 134.305
			}
			{poly "sub_piece05"}
		}
		{bone "piece06"
			{matrix34
				0.2614 	 -0.5541 	 0.7903
				0.3849 	 0.8107 	 0.4411
				-0.8852 	 0.1889 	 0.4252
				11.3475 	 14.5966 	 131.954
			}
			{poly "piece06"}
		}
		{bone "piece07"
			{matrix34
				0.9512 	 -0.3016 	 -0.0648
				0.2919 	 0.8119 	 0.5057
				-0.0999 	 -0.4999 	 0.8603
				-1.7689 	 -14.7685 	 133.586
			}
			{poly "piece07"}
		}
		{bone "sub_piece06"
			{matrix34
				0.8456 	 -0.4055 	 -0.3472
				0.516 	 0.4543 	 0.7262
				-0.1367 	 -0.7932 	 0.5934
				9.1445 	 4.2486 	 134.94
			}
			{poly "sub_piece06"}
		}
		{bone "piece02"
			{matrix34
				-0.206 	 -0.7685 	 0.6058
				0.9427 	 -0.322 	 -0.0878
				0.2625 	 0.553 	 0.7907
				-29.1843 	 -21.4698 	 17.2236
			}
			{poly "piece02"}
		}
		{bone "piece05"
			{matrix34
				-0.8889 	 0.3477 	 0.2982
				-0.3997 	 -0.9067 	 -0.1344
				0.2236 	 -0.2386 	 0.945
				-23.6501 	 8.5235 	 37.5425
			}
			{poly "piece05"}
		}
		{bone "piece04"
			{matrix34
				0.7381 	 -0.3424 	 0.5813
				0.6359 	 0.0652 	 -0.769
				0.2254 	 0.9373 	 0.2659
				7.4834 	 -18.8863 	 61.5194
			}
			{poly "piece04"}
		}
		{bone "sub_piece02"
			{matrix34
				0.9809 	 0.1468 	 -0.1276
				-0.1943 	 0.7728 	 -0.6041
				0.0099 	 0.6174 	 0.7866
				-12.1054 	 -16.5315 	 103.257
			}
			{poly "sub_piece02"}
		}
		{bone "sub_piece03"
			{matrix34
				0.054 	 -0.7491 	 0.6602
				0.5349 	 0.58 	 0.6144
				-0.8432 	 0.32 	 0.432
				12.506 	 -12.5232 	 128.84
			}
			{poly "sub_piece03"}
		}
		{bone "piece03"
			{matrix34
				-0.4127 	 0.6635 	 -0.624
				-0.5579 	 -0.7257 	 -0.4027
				-0.72 	 0.1819 	 0.6697
				-3.6936 	 14.6804 	 101.056
			}
			{poly "piece03"}
		}
		{bone "piece08"
			{matrix34
				-0.5916 	 0.0809 	 0.8022
				-0.1319 	 -0.9913 	 0.0027
				0.7954 	 -0.1042 	 0.5971
				-0.2622 	 2.8003 	 94.2445
			}
			{poly "piece08"}
		}
		{bone "piece09"
			{matrix34
				0.638 	 0.7149 	 0.2861
				-0.2883 	 0.5662 	 -0.7722
				-0.714 	 0.4102 	 0.5673
				19.982 	 7.847 	 52.1239
			}
			{poly "piece09"}
		}
		{bone "piece12"
			{matrix34
				0.2145 	 0.9443 	 -0.2497
				-0.9313 	 0.2748 	 0.2391
				0.2944 	 0.1812 	 0.9383
				17.469 	 -6.8077 	 99.0398
			}
			{poly "piece12"}
		}
		{bone "piece10"
			{matrix34
				0.1694 	 0.5911 	 0.7886
				-0.964 	 0.2658 	 0.0079
				-0.2049 	 -0.7615 	 0.6149
				-19.9217 	 -2.4065 	 99.0398
			}
			{poly "piece10"}
		}
		{bone "sub_piece08"
			{matrix34
				-0.3575 	 0.5943 	 -0.7204
				-0.9221 	 -0.1024 	 0.3731
				0.148 	 0.7977 	 0.5846
				-18.4434 	 -4.738 	 99.2132
			}
			{poly "sub_piece08"}
		}
		{bone "piece11"
			{matrix34
				0.6021 	 0.6757 	 -0.4253
				-0.4395 	 0.7252 	 0.53
				0.6666 	 -0.1322 	 0.7336
				0.5031 	 -12.832 	 96.6522
			}
			{poly "piece11"}
		}
		{bone "sub_piece07"
			{matrix34
				0.3937 	 0.6424 	 -0.6575
				0.0727 	 0.6913 	 0.7189
				0.9164 	 -0.3308 	 0.2255
				13.8953 	 15.5162 	 99.2132
			}
			{poly "sub_piece07"}
		}
		{bone "sub_piece04"
			{matrix34
				-0.5528 	 -0.7806 	 -0.2918
				0.7169 	 -0.624 	 0.3111
				-0.4249 	 -0.0372 	 0.9045
				16.9205 	 6.0255 	 55.6258
			}
			{poly "sub_piece04"}
		}
		{bone "fx_wood2"
			{Position 0 	 0 	 93.3548}
		}
	}
}
{"volumes"
	{"piece01"
		{cylinder 2.42167 39.4115}
		{bone "piece01"}
		{matrix34
			0.8938 	 -0.407 	 0.1882
			0.3774 	 0.9095 	 0.1741
			-0.2421 	 -0.0846 	 0.9666
			6.4284 	 -2.817 	 -0.4213
		}
	}
	{"piece02"
		{cylinder 2.42167 39.4115}
		{bone "piece02"}
		{matrix34
			0.8048 	 -0.4489 	 -0.3884
			0.4013 	 0.8936 	 -0.2011
			0.4373 	 0.006 	 0.8993
			6.0105 	 2.7449 	 -1.3659
		}
	}
	{"piece03"
		{box 1.58597 18.3934 28.1787}
		{bone "piece03"}
		{matrix34
			-0.6635 	 0.7257 	 -0.1819
			-0.4127 	 -0.5579 	 -0.72
			-0.624 	 -0.4027 	 0.6697
			5.8258 	 -0.5282 	 1.8651
		}
	}
	{"piece04"
		{box 4.07598 1.11895 41.685}
		{bone "piece04"}
		{matrix34
			0.2916 	 0.9475 	 -0.1314
			-0.3844 	 0.2419 	 0.8909
			0.8759 	 -0.2092 	 0.4347
			3.3078 	 -2.283 	 -2.5416
		}
	}
	{"piece05"
		{box 4.07598 1.11895 41.685}
		{bone "piece05"}
		{matrix34
			-0.3733 	 0.8412 	 -0.3913
			-0.9217 	 -0.3841 	 0.0536
			-0.1052 	 0.3806 	 0.9187
			4.1407 	 0.7901 	 -6.3958
		}
	}
	{"piece06"
		{box 1.01502 17.2898 12.1507}
		{bone "piece06"}
		{matrix34
			-0.378 	 -0.803 	 -0.4608
			0.2614 	 0.3849 	 -0.8852
			0.8881 	 -0.455 	 0.0645
			-0.0923 	 4.8584 	 6.194
		}
	}
	{"piece07"
		{box 1.01502 12.6215 16.8894}
		{bone "piece07"}
		{matrix34
			-0.1045 	 0 	 -0.9945
			-0.9512 	 -0.2919 	 0.0999
			-0.2903 	 0.9565 	 0.0304
			1.767 	 0.4752 	 5.01
		}
	}
	{"piece08"
		{box 23.5516 24.5883 1.20561}
		{bone "piece08"}
		{matrix34
			0.0809 	 -0.9913 	 -0.1042
			0.5916 	 0.1319 	 -0.7954
			0.8022 	 0.0027 	 0.5971
			-4.5368 	 2.7677 	 -2.9777
		}
	}
	{"piece09"
		{box 2.08238 11.1985 26.7459}
		{bone "piece09"}
		{matrix34
			-0.6605 	 0.3545 	 0.6619
			-0.7149 	 -0.5662 	 -0.4102
			0.2294 	 -0.7441 	 0.6274
			3.085 	 2.8147 	 -5.7421
		}
	}
	{"piece10"
		{box 1.58597 14.483 28.1787}
		{bone "piece10"}
		{matrix34
			0.1694 	 -0.964 	 -0.2049
			0.5911 	 0.2658 	 -0.7615
			0.7886 	 0.0079 	 0.6149
			5.0779 	 4.7381 	 -6.5483
		}
	}
	{"piece11"
		{box 1.58597 18.0273 28.1787}
		{bone "piece11"}
		{matrix34
			0.6757 	 0.7252 	 -0.1322
			-0.6021 	 0.4395 	 -0.6666
			-0.4253 	 0.53 	 0.7336
			-2.6493 	 -5.4575 	 5.6822
		}
	}
	{"piece12"
		{box 1.58597 14.4678 28.1787}
		{bone "piece12"}
		{matrix34
			-0.2145 	 0.9313 	 -0.2944
			-0.9443 	 -0.2748 	 -0.1812
			-0.2497 	 0.2391 	 0.9383
			-1.4817 	 -6.2098 	 1.0201
		}
	}
	{"sub_piece01"
		{box 2.65571 2.87073 24.7854}
		{bone "sub_piece01"}
		{matrix34
			0.4135 	 0.8046 	 0.4262
			-0.6611 	 0.5872 	 -0.467
			-0.626 	 -0.0887 	 0.7747
			3.4168 	 1.1407 	 4.102
		}
	}
	{"sub_piece02"
		{box 2.65571 2.87073 24.7854}
		{bone "sub_piece02"}
		{matrix34
			0.1468 	 0.7728 	 0.6174
			-0.9809 	 0.1943 	 -0.0099
			-0.1276 	 -0.6041 	 0.7866
			-7.9998 	 -1.2621 	 2.0069
		}
	}
	{"sub_piece03"
		{box 2.65571 2.87073 24.7854}
		{bone "sub_piece03"}
		{matrix34
			-0.7491 	 0.58 	 0.32
			-0.6602 	 -0.6144 	 -0.432
			-0.054 	 -0.5349 	 0.8432
			5.3998 	 -3.0882 	 3.4233
		}
	}
	{"sub_piece04"
		{box 4.07598 1.11895 41.685}
		{bone "sub_piece04"}
		{matrix34
			0.7313 	 0.3989 	 -0.5532
			-0.6069 	 0.7508 	 -0.2609
			0.3113 	 0.5265 	 0.7911
			2.0833 	 6.2828 	 1.6979
		}
	}
	{"sub_piece05"
		{box 1.01502 4.29132 18.8571}
		{bone "sub_piece05"}
		{matrix34
			0.4708 	 -0.485 	 -0.737
			0.7051 	 -0.2952 	 0.6447
			-0.5302 	 -0.8232 	 0.203
			-1.3594 	 5.8222 	 3.4817
		}
	}
	{"sub_piece06"
		{box 1.01502 4.29132 24.4897}
		{bone "sub_piece06"}
		{matrix34
			-0.1523 	 -0.8892 	 -0.4314
			0.4055 	 -0.4543 	 0.7932
			-0.9013 	 -0.0541 	 0.4297
			5.9584 	 4.4401 	 5.1193
		}
	}
	{"sub_piece07"
		{box 1.58597 4.56891 28.1787}
		{bone "sub_piece07"}
		{matrix34
			-0.6424 	 -0.6913 	 0.3308
			0.3937 	 0.0727 	 0.9164
			-0.6575 	 0.7189 	 0.2255
			2.3398 	 2.5699 	 -2.8401
		}
	}
	{"sub_piece08"
		{box 1.58597 5.04764 28.1787}
		{bone "sub_piece08"}
		{matrix34
			-0.3575 	 -0.9221 	 0.148
			0.5943 	 -0.1024 	 0.7977
			-0.7204 	 0.3731 	 0.5846
			-0.8854 	 3.2194 	 -3.4169
		}
	}
}
