;Exported by:	 vic
;Date:			 15.12.2016 18:14:03
;File:			 D:\-Project_vtv_online-\-3DWork-\building\house_vtv_221\fort_win_x.max
{skeleton
	{bone "fort_window_00_x"
		{orientation
			1 	 0 	 0
			0 	 -1 	 0
			0 	 0 	 1
		}
		{bone "piece04"
			{matrix34
				0.999 	 -0.044 	 0
				0.044 	 0.999 	 0
				0 	 0 	 1
				1.5005 	 -7.7558 	 1.0575
			}
			{poly "piece04"}
			{bone "piece04_volume001"
				{parameters "volumelastpose=undefined;lastpose=undefined;"}
				{matrix34
					0.999 	 0.044 	 0
					-0.044 	 0.999 	 0
					0 	 0 	 1
					-0.0554 	 -0.0462 	 -12.8964
				}
				{visibility 0}
			}
		}
		{bone "piece03"
			{matrix34
				0.999 	 -0.044 	 0
				0.044 	 0.999 	 0
				0 	 0 	 1
				1.5005 	 8.0456 	 1.0575
			}
			{poly "piece03"}
			{bone "piece03_volume001"
				{parameters "volumelastpose=undefined;lastpose=undefined;"}
				{matrix34
					0.999 	 0.044 	 0
					-0.044 	 0.999 	 0
					0 	 0 	 1
					-0.0559 	 -0.0342 	 -12.8964
				}
				{visibility 0}
			}
		}
		{bone "piece02"
			{matrix34
				0.999 	 -0.044 	 0
				0.044 	 0.999 	 0
				0 	 0 	 1
				2.4637 	 0.2827 	 -9.6362
			}
			{poly "piece02"}
			{bone "piece02_volume001"
				{parameters "volumelastpose=undefined;"}
				{matrix34
					0.999 	 0.044 	 0
					-0.044 	 0.999 	 0
					0 	 0 	 1
					0.0099 	 0.0475 	 -2.0769
				}
				{visibility 0}
			}
		}
		{bone "piece01"
			{matrix34
				0.999 	 -0.044 	 0
				0.044 	 0.999 	 0
				0 	 0 	 1
				2.4637 	 0.2827 	 -0.2657
			}
			{poly "piece01"}
			{bone "piece01_volume001"
				{parameters "volumelastpose=undefined;lastpose=undefined;"}
				{matrix34
					0.999 	 0.044 	 0
					-0.0438 	 0.9954 	 -0.0849
					-0.0037 	 0.0848 	 0.9964
					0.0208 	 -0.198 	 -2.0249
				}
				{visibility 0}
			}
		}
		{bone "piece00"
			{matrix34
				0.999 	 -0.044 	 0
				0.044 	 0.999 	 0
				0 	 0 	 1
				2.4637 	 0.2827 	 11.7721
			}
			{poly "piece00"}
		}
	}
}
{volume "piece00_volume001"
	{box 1.12205 26.0386 4.06785}
	{bone "piece00"}
	{matrix34
		0.999 	 0.044 	 0
		-0.044 	 0.999 	 0
		0 	 0 	 1
		0.0099 	 0.0475 	 -0.1209
	}
}
