;Exported by:	 Oleksandr Tsaprylov
;Date:			 14.06.2022 11:03:14
;File:			 E:\projects\gem2-mdl-soldiers\models\entourage\pile_Planks\pile_Planks.max
{skeleton
	{bone "pile_planks_01_x"
		{orientation
			1 	 0 	 0
			0 	 -1 	 0
			0 	 0 	 1
		}
		{bone "fx_wood2"
			{Position 0 	 0 	 1.5589}
		}
		{bone "piece01"
			{matrix34
				0.3671 	 -0.6799 	 -0.6348
				0.9019 	 0.0931 	 0.4219
				-0.2277 	 -0.7274 	 0.6473
				-6.8364 	 -17.3042 	 -0.1002
			}
			{poly "piece01"}
		}
		{bone "piece05"
			{matrix34
				1 	 0 	 0
				0 	 0.9397 	 0.342
				0 	 -0.342 	 0.9397
				14.8965 	 -21.8844 	 -4.283
			}
			{poly "piece05"}
		}
		{bone "piece04"
			{matrix34
				0.9262 	 0.3743 	 0.0457
				-0.3315 	 0.7504 	 0.5718
				0.1798 	 -0.5447 	 0.8191
				36.5949 	 7.8831 	 -2.9944
			}
			{poly "piece04"}
		}
		{bone "piece03"
			{matrix34
				-0.1773 	 0.9015 	 -0.3948
				-0.4021 	 -0.4325 	 -0.807
				-0.8982 	 0.0156 	 0.4392
				-12.479 	 1.7546 	 -3.0801
			}
			{poly "piece03"}
		}
		{bone "piece02"
			{matrix34
				0.5083 	 0.619 	 0.5987
				-0.8525 	 0.2631 	 0.4518
				0.1222 	 -0.74 	 0.6614
				11.5714 	 13.8571 	 -2.7254
			}
			{poly "piece02"}
		}
		{bone "fx_dust1"
			{Position 0 	 0 	 1.5589}
		}
	}
}
{volume "piece01"
	{box 5.00121 15.417 5.77453}
	{bone "piece01"}
	{matrix34
		-0.9576 	 0.1686 	 -0.2338
		-0.1185 	 -0.9697 	 -0.2138
		-0.2627 	 -0.177 	 0.9485
		-0.8814 	 1.0591 	 0.1737
	}
}
{volume "piece02"
	{box 4.35105 25.6416 1.15491}
	{bone "piece02"}
	{matrix34
		0.213 	 -0.8737 	 0.4373
		0.7351 	 -0.1515 	 -0.6608
		0.6436 	 0.4622 	 0.61
		0.4254 	 0.3118 	 -0.2841
	}
}
{volume "piece03"
	{box 4.35105 25.6416 1.15491}
	{bone "piece03"}
	{matrix34
		0.7604 	 -0.5946 	 -0.2611
		0.4851 	 0.2528 	 0.8371
		-0.4318 	 -0.7632 	 0.4807
		0.0507 	 -0.3894 	 -1.6428
	}
}
{volume "piece04"
	{box 1.96406 22.3082 1.89405}
	{bone "piece04"}
	{matrix34
		0.7695 	 -0.4503 	 0.4529
		0.634 	 0.6245 	 -0.4562
		-0.0774 	 0.6381 	 0.766
		-0.0586 	 -0.0034 	 -0.0145
	}
}
{volume "piece05"
	{box 4.36863 12.3336 0.896367}
	{bone "piece05"}
	{matrix34
		0.9962 	 0.0819 	 -0.0298
		-0.0858 	 0.8625 	 -0.4987
		-0.0151 	 0.4994 	 0.8663
		0.4377 	 1.461 	 0.296
	}
}
