;Exported by	: joomb
;Date			: 13.04.2023 16:25:31
;File			: H:\git\gem2-mdl-soldiers\models\building\building_ua01\building_07_v2_BBB.max
{skeleton
	{bone "b_ua_07_piece05"
		{orientation
			1 	 0 	 0
			0 	 -1 	 0
			0 	 0 	 1
		}
		{poly "b_ua_07_piece05"}
		{bone "window"
			{matrix34
				1 	 0 	 0
				0 	 -1 	 0
				0 	 0 	 1
				5.5092 	 31.9343 	 -30.1397
			}
			{poly "window"}
		}
		{bone "window_x"
			{matrix34
				1 	 0 	 0
				0 	 -1 	 0
				0 	 0 	 1
				5.5092 	 31.9343 	 -30.1397
			}
			{poly "window_x"}
		}
		{bone "fort_wall"
			{Position 7.57 	 40.9128 	 -50.6458}
		}
		{bone revolute "attach1"
			{matrix34
				0 	 1 	 0
				-1 	 0 	 0
				0 	 0 	 1
				4.6438 	 15.0778 	 -52.3709
			}
		}
		{bone "fort_window"
			{matrix34
				0 	 -1 	 0
				1 	 0 	 0
				0 	 0 	 1
				5.802 	 37.9531 	 -28.8859
			}
		}
	}
}
{"volumes"
	{"body01"
		{box 76.3331 5.90551 60.5219}
		{bone "b_ua_07_piece05"}
		{matrix34
			-1 	 0 	 0
			0 	 -1 	 0
			0 	 0 	 1
			-6.0978 	 31.6978 	 -32.6051
		}
	}
	{"body02"
		{box 25.5226 5.90551 51.8021}
		{bone "b_ua_07_piece05"}
		{matrix34
			-1 	 0 	 0
			0 	 -1 	 0
			0 	 0 	 1
			43.737 	 31.6978 	 -36.965
		}
	}
	{"body03"
		{box 14.3884 5.90551 13.92}
		{bone "b_ua_07_piece05"}
		{matrix34
			-1 	 0 	 0
			0 	 -1 	 0
			0 	 0 	 1
			-47.1401 	 31.6978 	 -55.906
		}
	}
	{"floor01"
		{box 70.9447 61.9278 1.2229}
		{bone "b_ua_07_piece05"}
		{Position -4.106 	 2.122 	 -0.9071}
	}
	{"hole"
		{box 17.0671 14.6069 18.8601}
		{bone "b_ua_07_piece05"}
		{Position 5.4764 	 31.8456 	 -30.1676}
	}
	{"roof01"
		{box 73.4166 1.9685 9.70658}
		{bone "b_ua_07_piece05"}
		{matrix34
			-1 	 0 	 0
			0 	 -0.7573 	 -0.6531
			0 	 -0.6531 	 0.7573
			15.0162 	 14.5838 	 32.6279
		}
	}
	{"roof02"
		{box 89.5325 1.9685 20.222}
		{bone "b_ua_07_piece05"}
		{matrix34
			-1 	 0 	 0
			0 	 -0.7573 	 -0.6531
			0 	 -0.6531 	 0.7573
			5.331 	 24.8138 	 20.7652
		}
	}
	{"roof03"
		{box 72.7906 1.9685 20.222}
		{bone "b_ua_07_piece05"}
		{matrix34
			-1 	 0 	 0
			0 	 -0.7573 	 -0.6531
			0 	 -0.6531 	 0.7573
			-1.6668 	 37.5865 	 5.9538
		}
	}
	{"roof04"
		{box 24.6917 1.9685 9.70658}
		{bone "b_ua_07_piece05"}
		{matrix34
			-1 	 0 	 0
			0 	 -0.7573 	 -0.6531
			0 	 -0.6531 	 0.7573
			24.5737 	 8.3784 	 39.8238
		}
	}
	{"window"
		{box 17.0671 1.63571 18.8601}
		{bone "window"}
		{matrix34
			1 	 0 	 0
			0 	 -1 	 0
			0 	 0 	 -1
			0.1679 	 0.1889 	 0.028
		}
	}
}
