;Exported by	: joomb
;Date			: 03.07.2023 15:44:19
;File			: H:\git\gem2-mdl-soldiers\models\unit\vehicle\stereotelescope\stereotelescope_xx.max
{skeleton
	{bone revolute "basis"
		{speed 0.01}
		{orientation
			1 	 0 	 0
			0 	 -1 	 0
			0 	 0 	 1
		}
		{bone "part6"
			{parameters "id=body;"}
			{Position 0 	 0 	 22.4261}
			{poly "part6"}
			{bone "part4"
				{parameters "id=body;"}
				{matrix34
					0.5 	 0.866 	 0
					-0.866 	 0.5 	 0
					0 	 0 	 1
					0.4266 	 1.0705 	 -0.6993
				}
				{poly "part4" {lod 0}}
				{poly "part4_lod1" {lod 1 {last}}}
			}
			{bone "part5"
				{parameters "id=body;"}
				{Position -1.0907 	 -0.0079 	 -0.6993}
				{poly "part5" {lod 0}}
				{poly "part5_lod1" {lod 1 {last}}}
			}
			{bone "part3"
				{parameters "id=body;"}
				{matrix34
					0.5 	 -0.866 	 0
					0.866 	 0.5 	 0
					0 	 0 	 1
					0.6019 	 -0.985 	 -0.6993
				}
				{poly "part3" {lod 0}}
				{poly "part3_lod1" {lod 1 {last}}}
			}
			{bone revolute "turret"
				{parameters "id=turret;"}
				{limits -15 15}
				{speed 0.01}
				{Position 0 	 0 	 1.2689}
				{poly "turret" {lod 0}}
				{poly "turret_lod1" {lod 1 {last}}}
				{bone revolute "gun_rot"
					{parameters "id=turret;"}
					{limits -45 5}
					{speed 0.08}
					{Position 0 	 0 	 2.0863}
					{poly "gun_rot" {lod 0}}
					{poly "gun_rot_lod1" {lod 1 {last}}}
					{bone "part1"
						{parameters "id=turret;"}
						{Position 1.0791 	 0 	 1.1325}
						{poly "part1" {lod 0}}
						{poly "part1_lod1" {lod 1 {last}}}
					}
					{bone "part2"
						{parameters "id=turret;"}
						{Position 1.0791 	 0 	 1.1325}
						{poly "part2" {lod 0}}
						{poly "part2_lod1" {lod 1 {last}}}
					}
				}
			}
		}
	}
}
{"volumes"
	{"part1"
		{cylinder 0.703498 9.88786}
		{bone "part1"}
		{matrix34
			1 	 0 	 0
			0 	 0.9659 	 0.2588
			0 	 -0.2588 	 0.9659
			-1.0791 	 -2.1935 	 4.8184
		}
	}
	{"part2"
		{cylinder 0.703498 9.88786}
		{bone "part2"}
		{matrix34
			0.9962 	 0.0226 	 0.0842
			0.0298 	 0.8195 	 -0.5723
			-0.0819 	 0.5727 	 0.8157
			-1.4841 	 3.7451 	 4.0757
		}
	}
	{"part3"
		{box 1.02139 1.84495 22.828}
		{bone "part3"}
		{matrix34
			-0.9397 	 0 	 -0.342
			0 	 -1 	 0
			-0.342 	 0 	 0.9397
			3.9195 	 0 	 -10.8133
		}
	}
	{"part4"
		{box 1.02139 1.84495 22.828}
		{bone "part4"}
		{matrix34
			0.9397 	 0 	 0.342
			0 	 1 	 0
			-0.342 	 0 	 0.9397
			3.9195 	 -0.2022 	 -10.8132
		}
	}
	{"part5"
		{box 1.02139 1.84495 22.828}
		{bone "part5"}
		{matrix34
			0.9397 	 0 	 -0.342
			0 	 1 	 0
			0.342 	 0 	 0.9397
			-3.9195 	 0 	 -10.8133
		}
	}
	{"part6"
		{polyhedron}
		{bone "part6"}
		{Position -0.0641 	 0.1684 	 -1.1028}
	}
	{"turret"
		{cylinder 0.890504 4.64219}
		{bone "turret"}
		{Position -0.03 	 0 	 1.296}
	}
}
