;Exported by:	 tolokolnikova
;Date:			 13.04.2018 16:52:40
;File:			 D:\gem2\gem2-mdl-soldiers\models\building\building_ua01\building_ua02_v2_x.max
{skeleton
	{bone "b_ua_02_piece05_point"
		{orientation
			1 	 0 	 0
			0 	 -1 	 0
			0 	 0 	 1
		}
		{bone "piece02"
			{matrix34
				0 	 -1 	 0
				0.7071 	 0 	 0.7071
				-0.7071 	 0 	 0.7071
				7.2185 	 7.4312 	 -5.5042
			}
			{poly "piece02"}
		}
		{bone "piece01"
			{matrix34
				0 	 -1 	 0
				1 	 0 	 0
				0 	 0 	 1
				27.0406 	 7.4312 	 -2.9961
			}
			{poly "piece01"}
		}
		{bone "sub_piece02"
			{matrix34
				0.0066 	 0.7906 	 0.6122
				1 	 -0.0086 	 0.0003
				-0.0055 	 -0.6122 	 0.7907
				0.806 	 5.8831 	 19.8326
			}
			{poly "sub_piece02"}
		}
		{bone "sub_piece01"
			{Position -0.7042 	 -9.8361 	 7.4087}
			{poly "sub_piece01"}
		}
		{bone "b_ua_02_piece_005"
			{Position -117.365 	 -23.7002 	 -14.7928}
			{poly "b_ua_02_piece_005"}
		}
		{bone revolute "attach1"
			{matrix34
				0 	 1 	 0
				-1 	 0 	 0
				0 	 0 	 1
				9.4832 	 -6.1527 	 -34.1001
			}
		}
		{bone revolute "attach2"
			{matrix34
				0 	 1 	 0
				-1 	 0 	 0
				0 	 0 	 1
				-6.4716 	 -8.1642 	 -34.1001
			}
		}
		{bone "debris_land_001"
			{parameters "commonmesh;land;ground;"}
			{matrix34
				0 	 -1 	 0
				1 	 0 	 0
				0 	 0 	 1
				-2.2387 	 20.0556 	 -35.4931
			}
			{poly "debris_land_001" {ground}}
		}
		{bone "fort_wall"
			{Position 5.7695 	 16.1052 	 -29.8778}
		}
		{bone "stones_001"
			{parameters "commonmesh;land;ground;"}
			{matrix34
				0 	 -1 	 0
				1 	 0 	 0
				0 	 0 	 1
				-2.2387 	 20.0422 	 -35.4931
			}
			{poly "stones_001" {ground}}
		}
	}
}
{volume "piece01"
	{box 6.49606 12.2043 10.1968}
	{bone "piece01"}
	{Position 0 	 -0.3321 	 0.278}
}
{volume "piece02"
	{box 6.49606 18.4914 15.6874}
	{bone "piece02"}
	{matrix34
		1 	 0 	 0
		0 	 0.7071 	 -0.7071
		0 	 0.7071 	 0.7071
		0 	 1.1003 	 0.1122
	}
}
{volume "sub_piece01"
	{box 34.8423 16.8271 1.88249}
	{bone "sub_piece01"}
	{matrix34
		0 	 -1 	 0
		1 	 0 	 0
		0 	 0 	 1
		0.1363 	 -0.423 	 0.1225
	}
}
{volume "sub_piece02"
	{box 31.7553 4.24044 2.84256}
	{bone "sub_piece02"}
	{matrix34
		-0.0392 	 0.0057 	 0.9992
		0.0066 	 1 	 -0.0055
		0.9992 	 -0.0064 	 0.0393
		-0.1901 	 -3.6831 	 -1.0952
	}
}
{volume "target_vol_001"
	{box 9.84252 11.811 15.6501}
	{bone "b_ua_02_piece05_point"}
	{matrix34
		0 	 1 	 0
		-1 	 0 	 0
		0 	 0 	 1
		9.4832 	 -6.1527 	 -12.2119
	}
}
{volume "target_vol_002"
	{box 9.84252 11.811 15.6501}
	{bone "b_ua_02_piece05_point"}
	{matrix34
		0 	 1 	 0
		-1 	 0 	 0
		0 	 0 	 1
		-6.4716 	 -8.1642 	 -12.2119
	}
}
{volume "vol012"
	{box 6.44141 83.9725 25.1812}
	{bone "b_ua_02_piece_005"}
	{matrix34
		0 	 -1 	 0
		1 	 0 	 0
		0 	 0 	 1
		117.25 	 30.9474 	 -13.1931
	}
}
{volume "vol013"
	{box 6.44141 13.4356 11.3315}
	{bone "b_ua_02_piece_005"}
	{matrix34
		0 	 -1 	 0
		1 	 0 	 0
		0 	 0 	 1
		87.7146 	 30.9474 	 3.9495
	}
}
