;Exported by	: KobaA
;Date			: 07.05.2024 17:01:46
;File			: d:\git\gem2-mdl-soldiers\models\fence\hedgehog\hedgehog_details.max
{skeleton
	{bone "basis2"
		{orientation
			1 	 0 	 0
			0 	 -1 	 0
			0 	 0 	 1
		}
		{bone "body"
			{parameters "id=body;"}
			{poly "body" {lod 0}}
			{poly "body_lod1" {lod 1}}
			{poly "body_lod2" {lod 2}}
			{poly "body_lod3" {lod 3 {last}}}
		}
	}
}
{obstacle "body_01"
	{obb2
		{center -0.0150658 1.31198}
		{extent 19.219 1.76008}
		{axis 0.87462 0.48481}
	}
	{rotate}
}
{obstacle "body_03"
	{obb2
		{center -1.39005 -1.26956}
		{extent 1.5793 20.1614}
		{axis 0.438371 0.898794}
	}
	{rotate}
}
{obstacle "body_06"
	{obb2
		{center -1.7116 0.814247}
		{extent 20.6391 1.84868}
		{axis 0.0348995 0.999391}
	}
	{rotate}
}
{"volumes"
	{"body_01"
		{box 3.61447 47.0371 0.787402}
		{bone "body"}
		{matrix34
			0.0142 	 0.861 	 -0.5083
			0.6778 	 -0.3821 	 -0.6282
			-0.7351 	 -0.3356 	 -0.589
			-0.0151 	 -1.312 	 15.0696
		}
	}
	{"body_02"
		{box 3.3379 46.5854 0.819373}
		{bone "body"}
		{matrix34
			0.7373 	 0.4365 	 0.5157
			0.6697 	 -0.3713 	 -0.6431
			-0.0892 	 0.8195 	 -0.5661
			1.2499 	 0.7641 	 15.1616
		}
	}
	{"body_03"
		{box 3.72399 46.5854 0.787402}
		{bone "body"}
		{matrix34
			0.6693 	 -0.41 	 -0.6196
			0.7429 	 0.3599 	 0.5644
			-0.0084 	 -0.8381 	 0.5455
			-1.39 	 1.2696 	 14.9511
		}
	}
	{"body_04"
		{box 3.54183 46.5854 0.787402}
		{bone "body"}
		{matrix34
			-0.0366 	 0.8532 	 -0.5203
			0.7424 	 0.3718 	 0.5574
			0.669 	 -0.3659 	 -0.647
			-0.0184 	 2.1276 	 13.0498
		}
	}
	{"body_05"
		{box 3.72399 46.5854 0.787402}
		{bone "body"}
		{matrix34
			0.6474 	 -0.382 	 -0.6595
			-0.0311 	 0.8513 	 -0.5237
			0.7615 	 0.3596 	 0.5393
			0.8865 	 -0.5606 	 12.2209
		}
	}
	{"body_06"
		{box 3.54325 46.5854 0.787402}
		{bone "body"}
		{matrix34
			0.8147 	 0.325 	 0.4803
			-0.0369 	 0.8556 	 -0.5163
			-0.5787 	 0.4029 	 0.7091
			-1.7116 	 -0.8142 	 13.0582
		}
	}
	{"body_07"
		{box 11.5899 12.2666 0.533858}
		{bone "body"}
		{matrix34
			-0.4873 	 0.8698 	 0.0778
			0.4714 	 0.337 	 -0.815
			-0.7351 	 -0.3605 	 -0.5742
			1.3438 	 -2.6425 	 13.5955
		}
	}
	{"body_08"
		{box 11.5899 12.2666 0.533858}
		{bone "body"}
		{matrix34
			0.5606 	 -0.3284 	 0.7602
			0.4782 	 0.8778 	 0.0266
			-0.676 	 0.3487 	 0.6492
			-1.9851 	 1.2522 	 11.4298
		}
	}
	{"body_09"
		{box 11.5899 12.2666 0.533858}
		{bone "body"}
		{matrix34
			-0.0907 	 -0.6317 	 -0.7699
			0.9942 	 -0.1029 	 -0.0328
			-0.0585 	 -0.7684 	 0.6373
			0.0393 	 1.4082 	 16.6414
		}
	}
}
