;Exported by	: joomb
;Date			: 18.05.2023 17:10:40
;File			: H:\git\gem2-mdl-soldiers\models\building\house_D\D_004_cup2.max
{skeleton
	{bone "d004_piece16"
		{orientation
			1 	 0 	 0
			0 	 -1 	 0
			0 	 0 	 1
		}
		{poly "d004_piece16"}
		{bone "fix44"
			{Position 5.474 	 -13.8145 	 1.8982}
		}
		{bone "fix43"
			{Position -0.28 	 36.0176 	 -2.0156}
		}
	}
}
{"volumes"
	{"roof1"
		{box 37.665 1.1811 14.1365}
		{bone "d004_piece16"}
		{matrix34
			1 	 0 	 0
			0 	 -0.342 	 0.9397
			0 	 -0.9397 	 -0.342
			-5.3803 	 -1.2465 	 6.3062
		}
	}
	{"roof2"
		{box 37.665 1.1811 14.1365}
		{bone "d004_piece16"}
		{matrix34
			1 	 0 	 0
			0 	 -0.342 	 0.9397
			0 	 -0.9397 	 -0.342
			8.1228 	 -7.362 	 4.0803
		}
	}
	{"roof3"
		{box 33.052 1.1811 15.9276}
		{bone "d004_piece16"}
		{matrix34
			-1 	 0 	 0
			0 	 0.342 	 0.9397
			0 	 0.9397 	 -0.342
			-8.529 	 12.4308 	 6.3673
		}
	}
}
