;Exported by	: KobaA
;Date			: 04.03.2024 14:24:40
;File			: d:\git\gem2-mdl-soldiers\models\building\b2\vil_build_002_cut.max
{skeleton
	{bone "build_vil_002_piece07"
		{orientation
			1 	 0 	 0
			0 	 -1 	 0
			0 	 0 	 1
		}
		{poly "build_vil_002_piece07"}
		{bone "fix01"
			{Position -52.8653 	 -60.0205 	 -38.8624}
		}
		{bone "fix02"
			{Position 43.5026 	 -60.0205 	 -38.8624}
		}
		{bone "fix03"
			{matrix34
				1 	 0 	 0
				0 	 0 	 1
				0 	 -1 	 0
				-53.2163 	 48.5599 	 -38.8624
			}
		}
		{bone "fix04"
			{matrix34
				1 	 0 	 0
				0 	 0 	 1
				0 	 -1 	 0
				43.5026 	 48.5599 	 -38.8624
			}
		}
	}
}
{"volumes"
	{"roof01"
		{box 5.29511 105.881 3.28511}
		{bone "build_vil_002_piece07"}
		{matrix34
			-1 	 0 	 0
			0 	 -1 	 0
			0 	 0 	 1
			-4.5354 	 -2.7914 	 10.2751
		}
	}
	{"roof02"
		{box 1.96115 32.0479 20.7393}
		{bone "build_vil_002_piece07"}
		{matrix34
			-0.6428 	 0 	 -0.766
			0 	 -1 	 0
			-0.766 	 0 	 0.6428
			3.4689 	 -33.3938 	 8.3315
		}
	}
	{"roof03"
		{box 1.96115 16.0329 20.7393}
		{bone "build_vil_002_piece07"}
		{matrix34
			-0.6428 	 0 	 -0.766
			0 	 1 	 0
			0.766 	 0 	 -0.6428
			19.3562 	 -30.5438 	 -4.9995
		}
	}
	{"roof04"
		{box 1.98076 19.0868 30.6942}
		{bone "build_vil_002_piece07"}
		{matrix34
			-0.6428 	 0 	 -0.766
			0 	 -1 	 0
			-0.766 	 0 	 0.6428
			7.2625 	 44.7383 	 5.1483
		}
	}
}
