;Exported by	: KobaA
;Date			: 18.01.2024 15:43:05
;File			: d:\git\gem2-mdl-soldiers\models\building\house_d\d_002_cut_fort.max
{skeleton
	{bone "d002_piece05"
		{orientation
			1 	 0 	 0
			0 	 -1 	 0
			0 	 0 	 1
		}
		{poly "d002_piece05"}
		{bone "fix23"
			{Position -73.2375 	 84.0672 	 28.0118}
		}
		{bone "fix26"
			{Position -26.8247 	 84.0672 	 6.9501}
		}
		{bone "fix25"
			{Position 18.0573 	 84.0672 	 6.9501}
		}
		{bone "fix24"
			{Position 74.2688 	 84.0672 	 28.0118}
		}
	}
}
{"volumes"
	{"body03"
		{box 5.90551 123.944 13.8857}
		{bone "d002_piece05"}
		{matrix34
			0 	 1 	 0
			-1 	 0 	 0
			0 	 0 	 1
			1.1468 	 82.3796 	 30.1339
		}
	}
	{"roof1"
		{box 44.3136 0.974409 18.8922}
		{bone "d002_piece05"}
		{matrix34
			-1 	 0 	 0
			0 	 0.3256 	 0.9455
			0 	 0.9455 	 -0.3256
			-29.5305 	 56.0424 	 47.8369
		}
	}
	{"roof2"
		{box 120.944 0.974409 26.3033}
		{bone "d002_piece05"}
		{matrix34
			-1 	 0 	 0
			0 	 0.3256 	 0.9455
			0 	 0.9455 	 -0.3256
			-1.8938 	 76.2953 	 40.169
		}
	}
	{"roof3"
		{box 34.5792 0.974409 12.5125}
		{bone "d002_piece05"}
		{matrix34
			-1 	 0 	 0
			0 	 0.3256 	 0.9455
			0 	 0.9455 	 -0.3256
			15.7105 	 58.5965 	 46.1168
		}
	}
	{"roof4"
		{box 10.3738 0.974409 12.5125}
		{bone "d002_piece05"}
		{matrix34
			-1 	 0 	 0
			0 	 0.3256 	 0.9455
			0 	 0.9455 	 -0.3256
			8.4045 	 47.022 	 50.2487
		}
	}
}
