;Exported by:	 tolokolnikova
;Date:			 12.03.2018 11:16:18
;File:			 D:\gem2\gem2-mdl-soldiers\models\fence\Fence_wood_ua\fence_wood_ru_001.max
{skeleton
	{bone "fence01d_x"
		{orientation
			1 	 0 	 0
			0 	 -1 	 0
			0 	 0 	 1
		}
		{bone "piece01"
			{matrix34
				0.9781 	 -0.2079 	 0
				0.2079 	 0.9781 	 0
				0 	 0 	 1
				-8.8995 	 -1.9809 	 21.4826
			}
			{poly "piece01"}
		}
		{bone "piece02"
			{matrix34
				0.9877 	 -0.1564 	 0
				0.1564 	 0.9877 	 0
				0 	 0 	 1
				-2.2887 	 -1.511 	 6.183
			}
			{poly "piece02"}
		}
		{bone "piece03"
			{matrix34
				0 	 0 	 1
				0 	 1 	 0
				-1 	 0 	 0
				-40.1504 	 0.6786 	 21.7675
			}
			{poly "piece03"}
		}
		{bone "piece04"
			{matrix34
				0.8517 	 0.0456 	 0.5221
				-0.1614 	 0.9706 	 0.1786
				0.4986 	 0.2364 	 -0.834
				-52.2294 	 1.9652 	 5.4116
			}
			{poly "piece04"}
		}
		{bone "piece05"
			{matrix34
				0 	 0.1736 	 0.9848
				0 	 0.9848 	 -0.1736
				-1 	 0 	 0
				38.4611 	 -2.6588 	 21.3845
			}
			{poly "piece05"}
		}
		{bone "piece06"
			{matrix34
				0.9877 	 -0.1564 	 0
				0.1564 	 0.9877 	 0
				0 	 0 	 1
				30.6194 	 -1.7059 	 5.8805
			}
			{poly "piece06"}
		}
		{bone "fx_wood"
			{Position -1.8422 	 -2.1979 	 0}
		}
	}
}
{volume "piece01"
	{cylinder 1.72654 55.0608}
	{bone "piece01"}
	{matrix34
		-0.0678 	 -0.0144 	 -0.9976
		-0.2079 	 0.9781 	 0
		0.9758 	 0.2074 	 -0.0693
		-1.445 	 -0.399 	 -0.6974
	}
}
{volume "piece02"
	{cylinder 1.75658 25.3963}
	{bone "piece02"}
	{matrix34
		0 	 0 	 -1
		-0.1532 	 0.9882 	 0
		0.9882 	 0.1532 	 0
		0.2819 	 0.0029 	 0
	}
}
{volume "piece03"
	{cylinder 2.27176 18.6647}
	{bone "piece03"}
	{matrix34
		0 	 0 	 -1
		0 	 1 	 0
		1 	 0 	 0
		-0.2746 	 0 	 0.0626
	}
}
{volume "piece04"
	{cylinder 1.75658 25.3963}
	{bone "piece04"}
	{matrix34
		-0.2944 	 -0.2779 	 0.9144
		0.2674 	 0.8946 	 0.358
		0.9175 	 -0.3499 	 0.1891
		-1.1185 	 0.2691 	 -0.7334
	}
}
{volume "piece05"
	{cylinder 2.27176 18.6647}
	{bone "piece05"}
	{matrix34
		0 	 0 	 -1
		0.498 	 0.8672 	 0
		0.8672 	 -0.498 	 0
		-0.4117 	 0.2406 	 0.1021
	}
}
{volume "piece06"
	{cylinder 1.75658 25.3963}
	{bone "piece06"}
	{matrix34
		0 	 0 	 -1
		-0.1558 	 0.9878 	 0
		0.9878 	 0.1558 	 0
		-0.4444 	 0.1189 	 0.3026
	}
}
