;Exported by:	 tolokolnikova
;Date:			 05.05.2016 09:24:59
;File:			 D:\gem2\gem2-mdl-soldiers\models\building\church\ch05_x.max
{skeleton
	{bone "ch1_piece07_point"
		{orientation
			1 	 0 	 0
			0 	 -1 	 0
			0 	 0 	 1
		}
		{bone "sub_piece01"
			{matrix34
				-1 	 0 	 0
				0 	 -0.9397 	 -0.342
				0 	 -0.342 	 0.9397
				-35.7816 	 -21.893 	 46.7511
			}
			{poly "sub_piece01"}
		}
		{bone "sub_piece05"
			{Position -48.9508 	 20.2431 	 35.0192}
			{poly "sub_piece05"}
		}
		{bone "piece05"
			{Position -49.7793 	 -22.5862 	 -4.4387}
			{poly "piece05"}
		}
		{bone "piece03"
			{Position -48.9522 	 10.0215 	 19.8013}
			{poly "piece03"}
		}
		{bone "sub_piece04"
			{Position -48.952 	 -24.3442 	 37.8022}
			{poly "sub_piece04"}
		}
		{bone "piece01"
			{Position -48.9522 	 -2.2134 	 40.8323}
			{poly "piece01"}
		}
		{bone "piece02"
			{Position -48.9528 	 0.1588 	 -9.0248}
			{poly "piece02"}
		}
		{bone "piece04"
			{matrix34
				1 	 0 	 0
				0 	 0.9962 	 0.0872
				0 	 -0.0872 	 0.9962
				-48.95 	 -9.7132 	 18.6583
			}
			{poly "piece04"}
		}
		{bone "piece06"
			{Position -49.6346 	 -16.505 	 -30.1371}
			{poly "piece06"}
		}
		{bone "sub_piece06"
			{matrix34
				1 	 0 	 0
				0 	 0.766 	 0.6428
				0 	 -0.6428 	 0.766
				-48.9508 	 9.4596 	 -29.6544
			}
			{poly "sub_piece06"}
		}
		{bone "sub_piece03"
			{Position -49.644 	 7.3357 	 -41.3578}
			{poly "sub_piece03"}
		}
		{bone "sub_piece02"
			{matrix34
				1 	 0 	 0
				0 	 0.9397 	 -0.342
				0 	 0.342 	 0.9397
				-18.3464 	 9.3134 	 46.7511
			}
			{poly "sub_piece02"}
		}
	}
}
{volume "piece01"
	{box 9.84252 19.658 18.4473}
	{bone "piece01"}
	{matrix34
		1 	 0 	 0
		0 	 0.866 	 0.5
		0 	 -0.5 	 0.866
		-0.6824 	 0.1048 	 1.7876
	}
}
{volume "piece02"
	{box 9.84252 19.658 27.1283}
	{bone "piece02"}
	{Position -0.4377 	 0.0525 	 1.1269}
}
{volume "piece03"
	{box 9.84252 19.658 24.1442}
	{bone "piece03"}
	{matrix34
		1 	 0 	 0
		0 	 0.766 	 0.6428
		0 	 -0.6428 	 0.766
		-0.4275 	 -2.4396 	 2.2358
	}
}
{volume "piece04"
	{box 9.84252 14.3503 24.1442}
	{bone "piece04"}
	{matrix34
		1 	 0 	 0
		0 	 0.9063 	 0.4226
		0 	 -0.4226 	 0.9063
		-0.6846 	 -2.2434 	 1.6742
	}
}
{volume "piece05"
	{box 9.84252 13.3674 26.182}
	{bone "piece05"}
	{Position 1.3027 	 0.43 	 0.4153}
}
{volume "piece06"
	{box 9.84252 19.658 27.1283}
	{bone "piece06"}
	{Position 0.2361 	 0 	 -1.1356}
}
{volume "sub_piece01"
	{box 23.7901 3.30584 17.4315}
	{bone "sub_piece01"}
	{matrix34
		1 	 0 	 0
		0 	 0 	 1
		0 	 -1 	 0
		1.0442 	 0.2809 	 -0.6207
	}
}
{volume "sub_piece02"
	{box 23.7901 3.30584 17.4315}
	{bone "sub_piece02"}
	{matrix34
		1 	 0 	 0
		0 	 0 	 1
		0 	 -1 	 0
		0.9609 	 -0.3669 	 0.2926
	}
}
{volume "sub_piece03"
	{box 10.5266 23.6132 12.2078}
	{bone "sub_piece03"}
	{Position 0.0093 	 -0.2397 	 0.9437}
}
{volume "sub_piece04"
	{box 9.84252 9.90762 13.4774}
	{bone "sub_piece04"}
	{Position -0.6826 	 0.5657 	 -0.9315}
}
{volume "sub_piece05"
	{box 10.1408 12.1879 15.1919}
	{bone "sub_piece05"}
	{matrix34
		1 	 0 	 0
		0 	 0.5 	 0.866
		0 	 -0.866 	 0.5
		-0.6838 	 -1.3475 	 1.9019
	}
}
{volume "sub_piece06"
	{box 9.84252 16.5127 9.7662}
	{bone "sub_piece06"}
	{matrix34
		1 	 0 	 0
		0 	 0.766 	 -0.6428
		0 	 0.6428 	 0.766
		-0.6838 	 -1.0023 	 3.3157
	}
}
