;Exported by: kolesnikov
;Date:        Fri Oct 28 12:08:40 2005
;File:        D:\-Project-\-3DWork-\Constructions\trench_omaha_frame.max
{Skeleton
	{bone "woodframe_small_x"
		{Color 0xffe0e6}
		{Orientation
			1	0	0
			0	-1	0
			0	0	1
		}
		{bone "piece2"
			{Color 0xfffdc0}
			{Position 8.74158	-38.7919	28.4771}
			{VolumeView "piece2.ply"}
		}
		{bone "piece1"
			{Color 0xfffdc0}
			{Position 5.54053	-48.7434	27.5808}
			{VolumeView "piece1.ply"}
		}
		{bone "fx_wood1"
			{Color 0xffe0e6}
			{Position 5.63979	-30.1365	15.0565}
		}
		{bone "piece3"
			{Color 0xfffdc0}
			{Matrix34
				-0.943072	0.303942	-0.135037
				-0.328029	-0.917031	0.22683
				-0.0548899	0.258213	0.964527
				19.9968	-51.4714	35.3598
			}
			{VolumeView "piece3.ply"}
		}
	}
}
{Volume "body01"
	{Box 35.5497 3.42998 3.55364}
	{Bone "piece1"}
	{Matrix34
		-0.796325	0.546934	0.258321
		-0.527749	-0.836917	0.145088
		0.295547	-0.0207918	0.955102
		-1.82895	-6.03455	4.1938
	}
}
{Volume "body02"
	{Box 2.14835 2.45399 11.4427}
	{Bone "piece2"}
	{Matrix34
		0.0596368	0.743335	0.666256
		-0.998049	0.0320604	0.0535663
		0.0184572	-0.668151	0.743797
		-0.0341358	-0.226634	0.117336
	}
}
{Volume "body06"
	{Box 13.2172 2.57249 2.7363}
	{Bone "piece3"}
	{Matrix34
		0.285993	0.932203	0.221824
		-0.952654	0.301547	-0.0389986
		-0.103245	-0.200168	0.974307
		-1.73534	-0.164145	0.0829671
	}
}
