;Exported by:	 Oleksandr Tsaprylov
;Date:			 06.04.2021 20:49:57
;File:			 E:\projects\gem2-mdl-soldiers\models\entourage\piers\pier_001.max
{skeleton
	{bone "breakwater_01_x"
		{orientation
			1 	 0 	 0
			0 	 -1 	 0
			0 	 0 	 1
		}
		{bone "sub_piece01"
			{matrix34
				1 	 0 	 0
				0 	 0.9173 	 0.3983
				0 	 -0.3983 	 0.9173
				-20.8099 	 2.1557 	 15.8583
			}
			{poly "sub_piece01"}
		}
		{bone "piece02"
			{matrix34
				1 	 0 	 0
				0 	 0.9435 	 -0.3315
				0 	 0.3315 	 0.9435
				-11.9348 	 -3.1494 	 14.8103
			}
			{poly "piece02"}
		}
		{bone "sub_piece02"
			{matrix34
				0.9787 	 -0.0877 	 -0.1859
				0.0726 	 0.9936 	 -0.0866
				0.1923 	 0.0713 	 0.9787
				-1.0117 	 4.3351 	 15.5762
			}
			{poly "sub_piece02"}
		}
		{bone "piece01"
			{matrix34
				0.6963 	 0.619 	 0.3632
				-0.5011 	 0.7816 	 -0.3714
				-0.5138 	 0.0766 	 0.8545
				10.5063 	 -5.496 	 15.3095
			}
			{poly "piece01"}
		}
		{bone "sub_piece03"
			{matrix34
				0.9493 	 -0.2002 	 -0.2425
				0.2311 	 0.9671 	 0.1066
				0.2132 	 -0.1572 	 0.9643
				22.9359 	 -3.5677 	 11.9553
			}
			{poly "sub_piece03"}
		}
		{bone "fx_wood2"
			{Position 5.9881 	 0 	 14.53}
		}
		{bone "fx_wood1"
			{Position -13.7034 	 0 	 13.305}
		}
	}
}
{volume "piece01"
	{cylinder 1.90443 19.842}
	{bone "piece01"}
	{matrix34
		0.5592 	 -0.6492 	 -0.5155
		0.769 	 0.6385 	 0.0302
		0.3095 	 -0.4133 	 0.8564
		3.0033 	 3.6955 	 0.3561
	}
}
{volume "piece02"
	{cylinder 2.13296 15.8811}
	{bone "piece02"}
	{matrix34
		0.9881 	 -0.1475 	 0.044
		0.1311 	 0.956 	 0.2623
		-0.0808 	 -0.2534 	 0.964
		1.8615 	 3.7467 	 1.6314
	}
}
{volume "sub_piece01"
	{cylinder 1.90443 20.2821}
	{bone "sub_piece01"}
	{matrix34
		1 	 -0.0037 	 -0.0036
		0.0024 	 0.9477 	 -0.3193
		0.0046 	 0.3193 	 0.9477
		1.8588 	 -2.8625 	 0.9547
	}
}
{volume "sub_piece02"
	{cylinder 1.90443 18.6515}
	{bone "sub_piece02"}
	{matrix34
		0.9936 	 -0.0451 	 0.1036
		0.0449 	 0.999 	 0.0042
		-0.1037 	 0.0005 	 0.9946
		2.7661 	 -3.3004 	 0.5824
	}
}
{volume "sub_piece03"
	{cylinder 2.13296 14.6672}
	{bone "sub_piece03"}
	{matrix34
		0.9484 	 0.0434 	 0.3141
		0.0157 	 0.983 	 -0.1831
		-0.3167 	 0.1786 	 0.9316
		-3.7827 	 3.5355 	 -1.0414
	}
}
