;Exported by:	 tolokolnikova
;Date:			 27.06.2017 14:57:08
;File:			 D:\gem2\gem2-mdl-soldiers\models\building\house_D\D_005_cut_x_fort.max
{skeleton
	{bone "d005_piece04_point"
		{orientation
			1 	 0 	 0
			0 	 -1 	 0
			0 	 0 	 1
		}
		{bone "sub_piece03"
			{matrix34
				0 	 0.9455 	 0.3256
				0 	 0.3256 	 -0.9455
				-1 	 0 	 0
				0 	 -13.5142 	 16.8219
			}
			{poly "sub_piece03"}
		}
		{bone "sub_piece01"
			{Position 11.4203 	 13.2155 	 29.0421}
			{poly "sub_piece01"}
		}
		{bone "sub_piece02"
			{Position -4.5293 	 -9.7169 	 20.1691}
			{poly "sub_piece02"}
		}
		{bone "piece01"
			{matrix34
				1 	 0 	 0
				0 	 0.5 	 -0.866
				0 	 0.866 	 0.5
				-28.2092 	 -3.8853 	 2.6784
			}
			{poly "piece01"}
		}
		{bone "piece02"
			{Position -4.0811 	 -22.1723 	 5.9741}
			{poly "piece02"}
		}
		{bone "piece03"
			{Position -28.094 	 -4.1714 	 17.8811}
			{poly "piece03"}
		}
		{bone "d005_piece04"
			{Position 0 	 0 	 0}
			{poly "d005_piece04"}
		}
		{bone revolute "attach1"
			{matrix34
				0 	 -1 	 0
				1 	 0 	 0
				0 	 0 	 1
				-4.5873 	 -8.6294 	 -21.4448
			}
		}
		{bone "debris_land_001"
			{parameters "commonmesh;land;ground;"}
			{matrix34
				0 	 1 	 0
				-1 	 0 	 0
				0 	 0 	 1
				0.4947 	 -34.8377 	 -23.4133
			}
			{poly "debris_land_001" {ground}}
		}
		{bone "fort_wall"
			{matrix34
				-1 	 0 	 0
				0 	 -1 	 0
				0 	 0 	 1
				-7.5134 	 -30.8874 	 -17.7981
			}
		}
		{bone "stones_001"
			{parameters "commonmesh;land;ground;"}
			{matrix34
				0 	 1 	 0
				-1 	 0 	 0
				0 	 0 	 1
				0.4947 	 -34.8244 	 -23.4133
			}
			{poly "stones_001" {ground}}
		}
	}
}
{volume "piece01"
	{box 5.90551 12.432 6.90213}
	{bone "piece01"}
	{matrix34
		1 	 0 	 0
		0 	 0.7071 	 0.7071
		0 	 -0.7071 	 0.7071
		0.1324 	 -1.8515 	 0.7148
	}
}
{volume "piece02"
	{box 5.90551 12.432 10.9125}
	{bone "piece02"}
	{matrix34
		0 	 1 	 0
		-1 	 0 	 0
		0 	 0 	 1
		0.5695 	 0.0437 	 1.0733
	}
}
{volume "piece03"
	{box 5.90551 11.1391 10.2726}
	{bone "piece03"}
	{Position 0.0093 	 -0.5346 	 0.7626}
}
{volume "sub_piece01"
	{box 15.2132 19.6853 1.09166}
	{bone "sub_piece01"}
	{matrix34
		1 	 0 	 0
		0 	 0.9397 	 0.342
		0 	 -0.342 	 0.9397
		-0.542 	 -0.5903 	 -0.0018
	}
}
{volume "sub_piece02"
	{box 26.6898 19.6853 1.09166}
	{bone "sub_piece02"}
	{matrix34
		1 	 0 	 0
		0 	 0.9397 	 0.342
		0 	 -0.342 	 0.9397
		0 	 -0.1867 	 0.0642
	}
}
{volume "sub_piece03"
	{box 60.1893 3.68365 3.77422}
	{bone "sub_piece03"}
	{matrix34
		0 	 0 	 -1
		0.9455 	 0.3256 	 0
		0.3256 	 -0.9455 	 0
		-0.0009 	 0.0026 	 4.146
	}
}
{volume "target_vol_001"
	{box 9.84252 11.811 15.6501}
	{bone "d005_piece04_point"}
	{matrix34
		0 	 -1 	 0
		1 	 0 	 0
		0 	 0 	 1
		-4.5873 	 -21.8008 	 6.4984
	}
}
{volume "vol_01"
	{box 50.2129 6.17902 19.8909}
	{bone "d005_piece04"}
	{matrix34
		-1 	 0 	 0
		0 	 -1 	 0
		0 	 0 	 1
		-6.0928 	 -22.0927 	 -13.4679
	}
}
{volume "vol_02"
	{box 12.0511 6.17902 10.5422}
	{bone "d005_piece04"}
	{matrix34
		-1 	 0 	 0
		0 	 -1 	 0
		0 	 0 	 1
		-25.1776 	 -22.0927 	 1.788
	}
}
{volume "vol_03"
	{box 29.9053 6.17902 19.8909}
	{bone "d005_piece04"}
	{matrix34
		0 	 1 	 0
		-1 	 0 	 0
		0 	 0 	 1
		-28.1079 	 -10.2708 	 -13.4679
	}
}
{volume "vol_04"
	{box 8.07445 6.17902 11.1389}
	{bone "d005_piece04"}
	{matrix34
		0 	 1 	 0
		-1 	 0 	 0
		0 	 0 	 1
		-28.1079 	 -21.2984 	 1.6954
	}
}
