;Exported by	: KobaA
;Date			: 11.03.2024 15:08:06
;File			: d:\git\gem2-mdl-soldiers\models\building\ger_build_01\ger_build_06_cut_details.max
{skeleton
	{bone "ger06_piece01"
		{orientation
			1 	 0 	 0
			0 	 -1 	 0
			0 	 0 	 1
		}
		{poly "ger06_piece01"}
		{bone "window1"
			{matrix34
				-0.7071 	 -0.7071 	 0
				0.7071 	 -0.7071 	 0
				0 	 0 	 1
				-28.4151 	 13.217 	 1.1748
			}
			{poly "window1"}
		}
		{bone "window1_x"
			{matrix34
				-0.7071 	 -0.7071 	 0
				0.7071 	 -0.7071 	 0
				0 	 0 	 1
				-28.4151 	 13.217 	 1.1748
			}
			{poly "window1_x"}
		}
		{bone "fix021"
			{Position 15.5118 	 -36.345 	 -51.4271}
		}
		{bone "fix022"
			{Position -31.9296 	 -8.3625 	 -51.4271}
		}
		{bone "fix030"
			{Position 35.1307 	 -23.9765 	 -12.0866}
		}
		{bone "fix031"
			{Position -14.7436 	 46.2067 	 14.5204}
		}
	}
}
{"volumes"
	{"body01"
		{polyhedron}
		{bone "ger06_piece01"}
		{Position -31.0163 	 -6.2577 	 -23.108}
	}
	{"body02"
		{polyhedron}
		{bone "ger06_piece01"}
		{matrix34
			1 	 0 	 0
			0 	 0.7716 	 -0.6361
			0 	 0.6361 	 0.7716
			-2.4853 	 -40.5315 	 -31.6374
		}
	}
	{"body03"
		{polyhedron}
		{bone "ger06_piece01"}
		{matrix34
			1 	 0 	 0
			0 	 0.7604 	 0.6494
			0 	 -0.6494 	 0.7604
			-2.4853 	 44.2768 	 16.7135
		}
	}
	{"body04"
		{box 61.5104 8.17078 16.7772}
		{bone "ger06_piece01"}
		{Position -1.6676 	 -33.029 	 -37.1711}
	}
	{"body05"
		{box 61.6249 62.3513 1.81606}
		{bone "ger06_piece01"}
		{Position 5.8768 	 -5.1471 	 -27.2176}
	}
	{"body06"
		{polyhedron}
		{bone "ger06_piece01"}
		{matrix34
			-0.766 	 0 	 0.6428
			0 	 -1 	 0
			0.6428 	 0 	 0.766
			-36.3195 	 22.4767 	 14.3598
		}
	}
	{"window1"
		{box 9.06879 1.34567 24.8531}
		{bone "window1"}
		{matrix34
			1 	 0 	 0
			0 	 1 	 0
			0 	 0 	 1
			-4.4216 	 0.0022 	 0
		}
	}
}
