;Exported by	: KobaA
;Date			: 18.01.2024 15:43:02
;File			: d:\git\gem2-mdl-soldiers\models\building\house_d\d_002_cut_fort.max
{skeleton
	{bone "d002_piece15"
		{orientation
			1 	 0 	 0
			0 	 -1 	 0
			0 	 0 	 1
		}
		{poly "d002_piece15"}
		{bone "attach1"
			{Position 41.5636 	 10.6323 	 0.9426}
		}
		{bone "window1"
			{Position 55.0485 	 10.6323 	 21.1432}
			{poly "window1"}
		}
		{bone "window1_x"
			{Position 54.4585 	 10.6323 	 21.1432}
			{poly "window1_x"}
		}
		{bone "fix13"
			{Position 56.872 	 -17.2247 	 -28.9713}
		}
		{bone "fix14"
			{Position 56.872 	 -33.8131 	 25.6666}
		}
		{bone "fix15"
			{Position 56.872 	 48.6584 	 25.6666}
		}
		{bone "fort_window"
			{matrix34
				-1 	 0 	 0
				0 	 -1 	 0
				0 	 0 	 1
				60.2457 	 10.7951 	 18.5242
			}
		}
	}
}
{"volumes"
	{"body01"
		{box 5.90551 5.91142 15.2391}
		{bone "d002_piece15"}
		{Position 54.3754 	 41.8594 	 27.6577}
	}
	{"body02"
		{polyhedron}
		{bone "d002_piece15"}
		{matrix34
			0 	 -1 	 0
			1 	 0 	 0
			0 	 0 	 1
			54.3922 	 5.1897 	 -49.5227
		}
	}
	{"body03"
		{box 5.90551 5.91142 15.2391}
		{bone "d002_piece15"}
		{Position 54.3754 	 41.8594 	 0.4812}
	}
	{"body04"
		{polyhedron}
		{bone "d002_piece15"}
		{matrix34
			0 	 -1 	 0
			1 	 0 	 0
			0 	 0 	 1
			54.393 	 25.2395 	 -8.2211
		}
	}
	{"body05"
		{polyhedron}
		{bone "d002_piece15"}
		{matrix34
			0 	 -1 	 0
			1 	 0 	 0
			0 	 0 	 1
			54.393 	 -14.4296 	 -49.5227
		}
	}
	{"body06"
		{box 2.82355 17.3832 55.0907}
		{bone "d002_piece15"}
		{matrix34
			0.9659 	 0 	 -0.2588
			0 	 1 	 0
			0.2588 	 0 	 0.9659
			24.2583 	 -15.7118 	 -22.9159
		}
	}
	{"hole1"
		{box 13.3169 9.90984 15.512}
		{bone "d002_piece15"}
		{Position 54.8865 	 10.6323 	 21.1432}
	}
	{"roof1"
		{box 87.963 0.974409 18.6061}
		{bone "d002_piece15"}
		{matrix34
			1 	 0 	 0
			0 	 -0.3746 	 0.9272
			0 	 -0.9272 	 -0.3746
			18.0939 	 -15.2188 	 45.652
		}
	}
	{"roof2"
		{box 10.7898 0.974409 52.1652}
		{bone "d002_piece15"}
		{matrix34
			-1 	 0 	 0
			0 	 0.3256 	 0.9455
			0 	 0.9455 	 -0.3256
			56.7629 	 20.2665 	 41.0751
		}
	}
	{"roof3"
		{box 14.9978 0.974409 34.9507}
		{bone "d002_piece15"}
		{matrix34
			-1 	 0 	 0
			0 	 0.3256 	 0.9455
			0 	 0.9455 	 -0.3256
			44.7163 	 12.1282 	 43.8774
		}
	}
	{"roof4"
		{box 64.4666 0.974409 15.0847}
		{bone "d002_piece15"}
		{matrix34
			-1 	 0 	 0
			0 	 0.3256 	 0.9455
			0 	 0.9455 	 -0.3256
			3.4578 	 2.7364 	 47.1113
		}
	}
	{"window1"
		{box 2.92972 9.90984 15.512}
		{bone "window1"}
		{Position -0.162 	 0 	 0}
	}
}
