;Exported by	: KobaA
;Date			: 27.03.2024 10:09:15
;File			: d:\git\gem2-mdl-soldiers\models\entourage\sandbags\sandbag_woodbeam1_lod.max
{skeleton
	{bone "sandbag_woodbeam1_piece_001_x"
		{orientation
			1 	 0 	 0
			0 	 -1 	 0
			0 	 0 	 1
		}
		{bone "piece01"
			{matrix34
				-0.8145 	 0.5362 	 -0.2215
				0.5699 	 0.6678 	 -0.4788
				-0.1089 	 -0.5162 	 -0.8495
				-3.214 	 24.0398 	 11.9705
			}
			{poly "piece01"}
		}
		{bone "piece02"
			{matrix34
				0.4081 	 -0.9129 	 0
				-0.9129 	 -0.4081 	 0
				0 	 0 	 -1
				5.507 	 11.9376 	 4.3909
			}
			{poly "piece01"}
		}
		{bone "piece03"
			{matrix34
				0.1312 	 -0.9891 	 -0.0667
				-0.9713 	 -0.1417 	 0.1909
				-0.1982 	 0.0398 	 -0.9793
				6.889 	 2.9569 	 15.1874
			}
			{poly "piece01"}
		}
		{bone "piece04"
			{matrix34
				-0.4582 	 -0.8822 	 -0.1088
				-0.8748 	 0.4692 	 -0.1207
				0.1575 	 0.0399 	 -0.9867
				4.7561 	 -11.4331 	 14.7531
			}
			{poly "piece01"}
		}
		{bone "piece05"
			{matrix34
				0.7118 	 -0.6909 	 -0.127
				-0.7004 	 -0.7116 	 -0.0543
				-0.0528 	 0.1276 	 -0.9904
				-4.6766 	 28.0382 	 4.1887
			}
			{poly "piece05"}
		}
		{bone "piece06"
			{matrix34
				-0.467 	 -0.8828 	 0.0512
				-0.8452 	 0.4286 	 -0.3192
				0.2598 	 -0.1923 	 -0.9463
				1.3617 	 -19.9457 	 10.2094
			}
			{poly "piece01"}
		}
		{bone "piece07"
			{matrix34
				-0.6268 	 -0.7707 	 -0.1146
				-0.7728 	 0.596 	 0.2182
				-0.0999 	 0.2253 	 -0.9692
				2.7062 	 -22.2182 	 4.1756
			}
			{poly "piece01"}
		}
		{bone "piece08"
			{matrix34
				-0.9421 	 -0.3355 	 0
				-0.3355 	 0.9421 	 0
				0 	 0 	 -1
				8.1223 	 -7.1956 	 3.3351
			}
			{poly "piece01"}
		}
		{bone "piece09"
			{matrix34
				0.116 	 0.9508 	 -0.2871
				0.9374 	 -0.2004 	 -0.2849
				-0.3284 	 -0.2361 	 -0.9145
				7.6822 	 -0.937 	 8.8221
			}
			{poly "piece01"}
		}
		{bone "piece10"
			{matrix34
				0.4199 	 -0.9028 	 -0.0932
				-0.8879 	 -0.4299 	 0.164
				-0.1881 	 0.0139 	 -0.982
				5.7389 	 14.1554 	 12.1866
			}
			{poly "piece01"}
		}
		{bone "piece11"
			{matrix34
				-0.9848 	 -0.1736 	 0
				-0.1736 	 0.9848 	 0
				0 	 0 	 -1
				-3.5863 	 16.7531 	 9.9596
			}
			{poly "piece11"}
		}
		{bone "piece12"
			{matrix34
				-0.7026 	 0.5583 	 -0.4412
				-0.658 	 -0.7458 	 0.1039
				-0.2711 	 0.3633 	 0.8914
				-6.2638 	 6.0134 	 10.5465
			}
			{poly "piece12"}
		}
		{bone "piece13"
			{matrix34
				-0.9746 	 -0.1495 	 -0.1669
				0.1786 	 -0.9681 	 -0.1757
				-0.1353 	 -0.2011 	 0.9702
				-5.3172 	 -8.7457 	 10.7619
			}
			{poly "piece13"}
		}
	}
}
{"volumes"
	{"piece01"
		{box 11.4392 7.48082 3.35371}
		{bone "piece01"}
		{matrix34
			-1 	 0 	 0
			0 	 1 	 0
			0 	 0 	 -1
			0.3367 	 0.0306 	 0.3951
		}
	}
	{"piece02"
		{box 11.4392 7.48082 3.35371}
		{bone "piece02"}
		{matrix34
			-1 	 0 	 0
			0 	 1 	 0
			0 	 0 	 -1
			0.3367 	 0.0305 	 0.0606
		}
	}
	{"piece03"
		{box 11.4392 7.48082 3.35371}
		{bone "piece03"}
		{matrix34
			-1 	 0 	 0
			0 	 1 	 0
			0 	 0 	 -1
			0.3367 	 0.0306 	 0.086
		}
	}
	{"piece04"
		{box 11.4392 7.48082 3.35371}
		{bone "piece04"}
		{matrix34
			-1 	 0 	 0
			0 	 1 	 0
			0 	 0 	 -1
			0.3367 	 0.0306 	 0.393
		}
	}
	{"piece05"
		{box 11.4392 7.48082 3.35371}
		{bone "piece05"}
		{matrix34
			-1 	 0 	 0
			0 	 1 	 0
			0 	 0 	 -1
			0.3367 	 0.0306 	 0.393
		}
	}
	{"piece06"
		{box 11.4392 7.48082 3.35371}
		{bone "piece06"}
		{matrix34
			-1 	 0 	 0
			0 	 1 	 0
			0 	 0 	 -1
			0.3988 	 -0.0029 	 0.3407
		}
	}
	{"piece07"
		{box 11.4392 7.48082 3.35371}
		{bone "piece07"}
		{matrix34
			-1 	 0 	 0
			0 	 1 	 0
			0 	 0 	 -1
			0.0914 	 -0.3221 	 0.2011
		}
	}
	{"piece08"
		{box 11.4392 7.48082 3.35371}
		{bone "piece08"}
		{matrix34
			-1 	 0 	 0
			0 	 1 	 0
			0 	 0 	 -1
			0.3367 	 0.0306 	 0.393
		}
	}
	{"piece09"
		{box 11.4392 7.48082 3.35371}
		{bone "piece09"}
		{matrix34
			-1 	 0 	 0
			0 	 1 	 0
			0 	 0 	 -1
			0.3367 	 0.0306 	 0.4672
		}
	}
	{"piece10"
		{box 11.4392 7.48082 3.35371}
		{bone "piece10"}
		{matrix34
			-1 	 0 	 0
			0 	 1 	 0
			0 	 0 	 -1
			0.3367 	 0.0306 	 0.3623
		}
	}
	{"piece11"
		{cylinder 1.18942 17.7273}
		{bone "piece11"}
		{matrix34
			-0.9848 	 -0.1736 	 0
			0.1736 	 -0.9848 	 0
			0 	 0 	 1
			-0.0645 	 0.0593 	 -0.0988
		}
	}
	{"piece12"
		{box 1.39436 17.3737 12.0412}
		{bone "piece12"}
		{matrix34
			-0.5723 	 -0.7976 	 -0.1903
			0.6912 	 -0.5941 	 0.4114
			-0.4412 	 0.1039 	 0.8914
			-3.5818 	 -5.2407 	 -1.1792
		}
	}
	{"piece13"
		{box 1.39436 10.5937 12.4136}
		{bone "piece13"}
		{matrix34
			-0.829 	 0.5577 	 -0.0416
			-0.5337 	 -0.8112 	 -0.2387
			-0.1669 	 -0.1757 	 0.9702
			-0.7325 	 6.0414 	 1.0038
		}
	}
	{"piece14"
		{box 1.39436 13.3481 3.84822}
		{bone "piece13"}
		{matrix34
			-0.829 	 0.5577 	 -0.0416
			-0.5337 	 -0.8112 	 -0.2387
			-0.1669 	 -0.1757 	 0.9702
			-4.6928 	 -0.3117 	 -5.2425
		}
	}
}
