;Exported by	: Oleksandr Tsaprylov
;Date			: 03.02.2023 16:23:32
;File			: E:\projects\gem2-mdl-soldiers\models\entourage\shed_wood_destroyed\shed_wood_destroyed.max
{skeleton
	{bone "shed_wood_destroyed_piece_007_x"
		{orientation
			1 	 0 	 0
			0 	 -1 	 0
			0 	 0 	 1
		}
		{bone "piece02"
			{Position 24.8659 	 13.2965 	 69.4212}
			{poly "piece02"}
		}
		{bone "piece01"
			{matrix34
				0.9648 	 0.253 	 -0.0714
				-0.2304 	 0.9445 	 0.2341
				0.1267 	 -0.2094 	 0.9696
				24.0026 	 2.6746 	 35.5207
			}
			{poly "piece01"}
		}
		{bone "piece03"
			{matrix34
				0.1726 	 -0.9239 	 -0.3416
				0.677 	 0.3631 	 -0.6402
				0.7155 	 -0.1208 	 0.6881
				20.6361 	 10.6536 	 67.5819
			}
			{poly "piece03"}
		}
		{bone "piece06"
			{matrix34
				0.6067 	 -0.1175 	 -0.7862
				-0.1127 	 0.9663 	 -0.2313
				0.7869 	 0.229 	 0.573
				9.9738 	 32.3946 	 59.3119
			}
			{poly "piece06"}
		}
		{bone "piece05"
			{matrix34
				0.7412 	 0.0271 	 -0.6707
				0.2955 	 0.884 	 0.3622
				0.6027 	 -0.4666 	 0.6473
				-12.538 	 23.5135 	 30.2853
			}
			{poly "piece05"}
		}
		{bone "piece04"
			{matrix34
				0.3636 	 -0.8311 	 -0.4209
				0.5449 	 0.5562 	 -0.6275
				0.7556 	 -0.0012 	 0.655
				-20.0199 	 42.0137 	 18.1284
			}
			{poly "piece04"}
		}
	}
}
{"volumes"
	{"piece01"
		{cylinder 2.0525 50.1884}
		{bone "piece01"}
		{matrix34
			0.9648 	 -0.2304 	 0.1267
			0.253 	 0.9445 	 -0.2094
			-0.0714 	 0.2341 	 0.9696
			1.0985 	 0.9375 	 0.2796
		}
	}
	{"piece02"
		{box 2.3622 2.98768 51.7658}
		{bone "piece02"}
		{matrix34
			1 	 0 	 0
			0 	 0 	 1
			0 	 -1 	 0
			-0.1115 	 0.2991 	 0.0194
		}
	}
	{"piece03"
		{cylinder 2.0525 27.1017}
		{bone "piece03"}
		{matrix34
			0.9885 	 0.135 	 -0.0682
			-0.1218 	 0.9778 	 0.1707
			0.0897 	 -0.1604 	 0.983
			-0.3712 	 -1.3109 	 -0.1032
		}
	}
	{"piece04"
		{cylinder 2.0525 27.1017}
		{bone "piece04"}
		{matrix34
			0.9885 	 0.135 	 -0.0682
			-0.1218 	 0.9778 	 0.1707
			0.0897 	 -0.1604 	 0.983
			-0.3712 	 -1.3109 	 -0.1032
		}
	}
	{"piece05"
		{cylinder 2.0525 50.1884}
		{bone "piece05"}
		{matrix34
			0.9648 	 -0.2304 	 0.1267
			0.253 	 0.9445 	 -0.2094
			-0.0714 	 0.2341 	 0.9696
			1.0985 	 0.9375 	 0.2796
		}
	}
	{"piece06"
		{cylinder 2.0525 48.2108}
		{bone "piece06"}
		{matrix34
			0.9764 	 0.0719 	 0.2039
			-0.145 	 0.9174 	 0.3707
			-0.1604 	 -0.3915 	 0.9061
			1.1253 	 0.9166 	 0.3146
		}
	}
}
