;Exported by	: Oleksandr Tsaprylov
;Date			: 12.03.2023 19:12:56
;File			: E:\projects\gem2-mdl-soldiers\models\entourage\ruins_stone_wall\ruins_stone_wall.max
{skeleton
	{bone "ruins_stone_wall_09_x"
		{orientation
			1 	 0 	 0
			0 	 -1 	 0
			0 	 0 	 1
		}
		{bone "piece01"
			{matrix34
				-1 	 0 	 0
				0 	 -0.7071 	 0.7071
				0 	 0.7071 	 0.7071
				-0.6635 	 18.2966 	 34.1946
			}
			{poly "piece01"}
		}
		{bone "piece02"
			{matrix34
				0.9524 	 -0.3044 	 -0.0144
				0.2951 	 0.933 	 -0.206
				0.0761 	 0.1919 	 0.9785
				0.4285 	 -5.8415 	 20.4106
			}
			{poly "piece02"}
		}
		{bone "piece03"
			{matrix34
				0.6502 	 -0.4972 	 -0.5744
				0.465 	 0.8584 	 -0.2167
				0.6009 	 -0.1262 	 0.7893
				4.339 	 -11.2598 	 34.7653
			}
			{poly "piece03"}
		}
		{bone "piece04"
			{matrix34
				-0.8808 	 -0.2784 	 -0.383
				0.2572 	 0.3978 	 -0.8807
				0.3975 	 -0.8742 	 -0.2787
				4.743 	 5.9731 	 48.0101
			}
			{poly "piece04"}
		}
		{bone "piece05"
			{matrix34
				0.513 	 -0.8374 	 -0.1886
				0.6935 	 0.5338 	 -0.4839
				0.5059 	 0.1175 	 0.8546
				2.8457 	 28.9875 	 14.8429
			}
			{poly "piece05"}
		}
		{bone "piece06"
			{matrix34
				-0.9356 	 0.2647 	 -0.2337
				0.2659 	 0.9636 	 0.0268
				0.2323 	 -0.0371 	 -0.9719
				4.1208 	 -16.2739 	 11.1788
			}
			{poly "piece06"}
		}
		{bone "piece07"
			{matrix34
				-0.8432 	 0.3768 	 -0.3834
				0.2499 	 0.9063 	 0.3409
				0.4759 	 0.1916 	 -0.8584
				5.0789 	 29.7872 	 39.1338
			}
			{poly "piece07"}
		}
		{bone "body"
			{Position -0.2141 	 22.0378 	 0}
			{poly "body"}
		}
	}
}
{"volumes"
	{"piece01"
		{box 8.77527 6.34455 19.4876}
		{bone "piece01"}
		{matrix34
			1 	 0 	 0
			0 	 0.1033 	 -0.9946
			0 	 0.9946 	 0.1033
			0 	 -1.5199 	 0.4034
		}
	}
	{"piece02"
		{box 8.64476 4.96164 10.6118}
		{bone "piece02"}
		{matrix34
			0.9524 	 0.2951 	 0.0761
			-0.3044 	 0.933 	 0.1919
			-0.0144 	 -0.206 	 0.9785
			0.4813 	 -1.4728 	 -0.312
		}
	}
	{"piece03"
		{box 5.73201 14.721 15.5768}
		{bone "piece03"}
		{matrix34
			0.6502 	 0.465 	 0.6009
			-0.4972 	 0.8584 	 -0.1262
			-0.5744 	 -0.2167 	 0.7893
			-2.5901 	 -2.518 	 -1.5171
		}
	}
	{"piece04"
		{box 5.8608 9.67377 10.1249}
		{bone "piece04"}
		{matrix34
			0.8808 	 -0.2572 	 -0.3975
			-0.4576 	 -0.2465 	 -0.8543
			0.1218 	 0.9344 	 -0.3349
			3.7591 	 -1.3673 	 -1.6187
		}
	}
	{"piece05"
		{box 5.8608 9.67377 10.1249}
		{bone "piece05"}
		{matrix34
			0.513 	 0.6935 	 0.5059
			-0.8374 	 0.5338 	 0.1175
			-0.1886 	 -0.4839 	 0.8546
			-1.3491 	 -1.7601 	 -1.6196
		}
	}
	{"piece06"
		{box 5.8608 9.67377 10.1249}
		{bone "piece06"}
		{matrix34
			0.8808 	 -0.2572 	 -0.3975
			-0.4576 	 -0.2465 	 -0.8543
			0.1218 	 0.9344 	 -0.3349
			3.7591 	 -1.3673 	 -1.6187
		}
	}
	{"piece07"
		{box 5.8608 9.67377 10.1249}
		{bone "piece07"}
		{matrix34
			0.8808 	 -0.2572 	 -0.3975
			-0.4576 	 -0.2465 	 -0.8543
			0.1218 	 0.9344 	 -0.3349
			3.7591 	 -1.3673 	 -1.6187
		}
	}
}
