;Exported by	: joomb
;Date			: 10.04.2023 14:26:12
;File			: H:\git\gem2-mdl-soldiers\models\building\house_D\D_005_cut_fort2v_part.max
{skeleton
	{bone "d005_piece23"
		{orientation
			1 	 0 	 0
			0 	 -1 	 0
			0 	 0 	 1
		}
		{poly "d005_piece23"}
		{bone "fix30"
			{Position -53.1827 	 -52.4392 	 -28.1941}
		}
		{bone "fix31"
			{Position 12.3181 	 -52.4392 	 -28.1941}
		}
		{bone "fix29"
			{Position -53.1827 	 26.1235 	 -28.1941}
		}
	}
}
{"volumes"
	{"body01"
		{box 8.11766 5.90551 60.8941}
		{bone "d005_piece23"}
		{matrix34
			0 	 0.3942 	 -0.919
			-1 	 0 	 0
			0 	 0.919 	 0.3942
			-53.8088 	 -25.5708 	 3.4665
		}
	}
	{"body02"
		{box 27.1782 5.90551 28.7588}
		{bone "d005_piece23"}
		{matrix34
			0 	 1 	 -0.0016
			-1 	 0 	 0
			0 	 0.0016 	 1
			-53.8088 	 -5.4092 	 -3.1224
		}
	}
	{"body03"
		{box 10.7102 5.90551 19.4374}
		{bone "d005_piece23"}
		{matrix34
			0 	 0.3942 	 -0.919
			-1 	 0 	 0
			0 	 0.919 	 0.3942
			-53.8088 	 -25.8062 	 -6.9724
		}
	}
	{"body04"
		{box 16.073 5.90551 22.7418}
		{bone "d005_piece23"}
		{matrix34
			0 	 -0.3365 	 -0.9417
			-1 	 0 	 0
			0 	 0.9417 	 -0.3365
			-53.8088 	 9.2576 	 7.065
		}
	}
	{"body05"
		{box 50.3802 5.90551 13.6662}
		{bone "d005_piece23"}
		{matrix34
			-1 	 0 	 -0.0016
			0 	 -1 	 0
			-0.0016 	 0 	 1
			-25.0812 	 -51.9072 	 -10.3668
		}
	}
	{"roof1"
		{box 76.3701 0.984252 63.9764}
		{bone "d005_piece23"}
		{matrix34
			1 	 0 	 0
			0 	 -0.3746 	 0.9272
			0 	 -0.9272 	 -0.3746
			-22.5813 	 -29.1531 	 7.9718
		}
	}
	{"roof2"
		{box 67.4271 0.984252 27.0866}
		{bone "d005_piece23"}
		{matrix34
			-1 	 0 	 0
			0 	 0.342 	 0.9397
			0 	 0.9397 	 -0.342
			-27.0663 	 13.2323 	 16.187
		}
	}
}
