;Exported by	: KobaA
;Date			: 12.01.2024 16:52:23
;File			: d:\git\gem2-mdl-soldiers\models\building\house_90\house_90_fort_x.max
{skeleton
	{bone "h_90_piece07_x"
		{orientation
			1 	 0 	 0
			0 	 -1 	 0
			0 	 0 	 1
		}
		{bone "piece02"
			{Position -30.1862 	 20.0657 	 -11.8208}
			{poly "piece02"}
		}
		{bone "piece03"
			{matrix34
				1 	 0 	 0
				0 	 0.342 	 -0.9397
				0 	 0.9397 	 0.342
				-30.2799 	 -20.0386 	 -17.817
			}
			{poly "piece03"}
		}
		{bone "piece05"
			{matrix34
				1 	 0 	 0
				0 	 0.5736 	 0.8192
				0 	 -0.8192 	 0.5736
				-30.3018 	 -5.68 	 -1.3618
			}
			{poly "piece05"}
		}
		{bone "piece04"
			{Position -30.1862 	 32.0048 	 -15.7045}
			{poly "piece04"}
		}
		{bone "sub_piece02"
			{parameters "polylastpose=undefined;"}
			{Position 1.2226 	 -12.1124 	 0.4694}
		}
		{bone "sub_piece03"
			{Position -17.01 	 -1.601 	 11.1328}
			{poly "sub_piece03"}
		}
		{bone "sub_piece04"
			{Position -25.4386 	 -23.5112 	 -10.546}
			{poly "sub_piece04"}
		}
		{bone "sub_piece05"
			{Position -21.5166 	 28.034 	 -3.351}
			{poly "sub_piece05"}
		}
		{bone "sub_piece06"
			{Position -6.7618 	 20.7723 	 3.5195}
			{poly "sub_piece06"}
		}
		{bone "sub_piece07"
			{Position -11.3942 	 11.1921 	 13.1723}
			{poly "sub_piece07"}
		}
		{bone "piece01"
			{Position -28.8701 	 5.6674 	 -4.0899}
			{poly "piece01"}
		}
		{bone "sub_piece01"
			{Position -31.9393 	 5.6674 	 22.3141}
			{poly "sub_piece01"}
		}
	}
}
{"volumes"
	{"piece01"
		{box 6.22261 17.1432 9.05814}
		{bone "piece01"}
		{Position -3.3641 	 0.1577 	 0.4454}
	}
	{"piece02"
		{box 5.90551 9.98031 18.8711}
		{bone "piece02"}
		{Position 0.178 	 -0.5088 	 0.0379}
	}
	{"piece03"
		{box 5.96457 11.3976 16.1462}
		{bone "piece03"}
		{Position -0.1086 	 -0.5717 	 0.4079}
	}
	{"piece04"
		{box 5.90551 9.98031 9.05814}
		{bone "piece04"}
		{Position 0.178 	 0.5925 	 -0.9848}
	}
	{"piece05"
		{box 15.5176 5.90551 10.6463}
		{bone "piece05"}
		{matrix34
			0 	 0.9962 	 -0.0872
			-1 	 0 	 0
			0 	 0.0872 	 0.9962
			0.2086 	 -0.0964 	 0.8758
		}
	}
	{"sub_piece01"
		{box 3.93701 9.98031 9.05814}
		{bone "sub_piece01"}
		{Position -1.3521 	 0 	 -0.3001}
	}
	{"sub_piece02"
		{box 20.0437 1.13861 11.838}
		{bone "sub_piece02"}
		{matrix34
			1 	 0 	 0
			0 	 0.7071 	 -0.7071
			0 	 0.7071 	 0.7071
			0 	 0.0508 	 0.0508
		}
	}
	{"sub_piece03"
		{box 13.2289 1.13861 11.838}
		{bone "sub_piece03"}
		{matrix34
			1 	 0 	 0
			0 	 0.7071 	 -0.7071
			0 	 0.7071 	 0.7071
			5.148 	 -0.0687 	 -0.2207
		}
	}
	{"sub_piece04"
		{box 11.024 1.13861 15.1527}
		{bone "sub_piece04"}
		{matrix34
			1 	 0 	 0
			0 	 0.7071 	 -0.7071
			0 	 0.7071 	 0.7071
			0.9877 	 1.3346 	 1.1493
		}
	}
	{"sub_piece05"
		{box 9.80315 19.3405 1.06299}
		{bone "sub_piece05"}
		{matrix34
			1 	 0 	 0
			0 	 0.7071 	 -0.7071
			0 	 0.7071 	 0.7071
			-3.4554 	 0.0032 	 0.0569
		}
	}
	{"sub_piece06"
		{box 12.6398 1.04331 11.059}
		{bone "sub_piece06"}
		{matrix34
			1 	 0 	 0
			0 	 0.7071 	 0.7071
			0 	 -0.7071 	 0.7071
			2.1568 	 0.0622 	 -0.0714
		}
	}
	{"sub_piece07"
		{box 11.811 11.2432 1.06299}
		{bone "sub_piece07"}
		{matrix34
			1 	 0 	 0
			0 	 0.7071 	 -0.7071
			0 	 0.7071 	 0.7071
			-1.9979 	 -0.0541 	 0.0101
		}
	}
}
