;Exported by:	 KobaA
;Date:			 21.10.2021 16:06:02
;File:			 G:\_GIT_\gem2\gem2-mdl-soldiers\models\unit\vehicle\120mm_Howitzer_M5\M5_howitzer_xx.max
{skeleton
	{bone revolute "basis"
		{speed 0.01}
		{orientation
			1 	 0 	 0
			0 	 -1 	 0
			0 	 0 	 1
		}
		{bone "body"
			{parameters "id=body;"}
			{Position 0 	 0 	 9.9198}
			{LODView
				{poly "body"}
				{poly "body_lod1"}
				{poly "body_lod2"}
				{poly "body_lod3"}
			}
			{bone "part6"
				{parameters "id=body;"}
				{matrix34
					0.8595 	 -0.5075 	 0.0601
					0.5063 	 0.8616 	 0.0354
					-0.0698 	 0 	 0.9976
					-3.5539 	 7.7866 	 -10.4971
				}
				{LODView
					{poly "part6"}
					{poly "part6_lod1"}
					{poly "part6_lod2"}
					{poly "part6_lod3"}
				}
			}
			{bone revolute "turret"
				{parameters "id=turret;"}
				{limits -20 20}
				{speed 0.01}
				{Position -2.0615 	 0 	 0.7854}
				{LODView
					{poly "turret"}
					{poly "turret_lod1"}
					{poly "turret_lod2"}
					{poly "turret_lod3"}
				}
				{bone revolute "gun_rot"
					{parameters "id=gun;"}
					{limits -5 30}
					{speed 0.08}
					{matrix34
						1 	 0 	 0
						0 	 0 	 1
						0 	 -1 	 0
						-3.2867 	 -0.0118 	 8.1404
					}
					{LODView
						{poly "gun_rot"}
						{poly "gun_rot_lod1"}
						{poly "gun_rot_lod2"}
						{poly "gun_rot_lod3"}
					}
					{bone "gun"
						{parameters "id=gun;"}
						{matrix34
							1 	 0 	 0
							0 	 0 	 -1
							0 	 1 	 0
							25.3791 	 3.7772 	 -0.0118
						}
						{LODView
							{poly "gun"}
							{poly "gun_lod1"}
							{poly "gun_lod2"}
							{poly "gun_lod3"}
						}
					}
				}
				{bone revolute "part5"
					{parameters "id=gun;"}
					{matrix34
						-0.9925 	 0 	 0.1219
						-0.1219 	 0 	 -0.9925
						0 	 -1 	 0
						-2.8543 	 0.0195 	 2.356
					}
					{LODView
						{poly "part5"}
						{poly "part5_lod1"}
						{poly "part5_lod2"}
						{poly "part5_lod3"}
					}
				}
			}
			{bone "part4"
				{parameters "id=body;"}
				{Position 1.9865 	 -12.6522 	 -5.7084}
				{LODView
					{poly "part4"}
					{poly "part4_lod1"}
					{poly "part4_lod2"}
					{poly "part4_lod3"}
				}
			}
			{bone "standr"
				{parameters "id=body;"}
				{matrix34
					0.8551 	 0.515 	 0.0598
					-0.5138 	 0.8572 	 -0.0359
					-0.0698 	 0 	 0.9976
					-3.5556 	 -7.6138 	 -10.4972
				}
				{LODView
					{poly "standr"}
					{poly "standr_lod1"}
					{poly "standr_lod2"}
					{poly "standr_lod3"}
				}
				{bone "support2"
					{matrix34
						0.8551 	 -0.5138 	 -0.0698
						0.515 	 0.8572 	 0
						0.0598 	 -0.0359 	 0.9976
						-55.4942 	 17.6255 	 4.5399
					}
				}
			}
			{bone "pivot_back"
				{Position -57.7191 	 0 	 -3.4232}
			}
			{bone "pivot_front"
				{Position 0.2278 	 0 	 0}
				{bone revolute "part1"
					{parameters "id=wheelleft;support=1;radius=0.52;"}
					{matrix34
						1 	 0 	 0
						0 	 0 	 -1
						0 	 1 	 0
						-0.1302 	 19.2039 	 0.0072
					}
					{LODView
						{poly "part1"}
						{poly "part1_lod1"}
						{poly "part1_lod2"}
						{poly "part1_lod3"}
					}
				}
				{bone revolute "part2"
					{parameters "id=wheelright;support=1;radius=0.52;"}
					{matrix34
						1 	 0 	 0
						0 	 0 	 -1
						0 	 1 	 0
						-0.1302 	 -19.2666 	 0.0072
					}
					{LODView
						{poly "part2"}
						{poly "part2_lod1"}
						{poly "part2_lod2"}
						{poly "part2_lod3"}
					}
				}
			}
			{bone "part3"
				{parameters "id=body;"}
				{Position 0.6857 	 12.3419 	 -5.6747}
				{LODView
					{poly "part3"}
					{poly "part3_lod1"}
					{poly "part3_lod2"}
					{poly "part3_lod3"}
				}
			}
		}
	}
}
{obstacle "close"
	{obb2
		{center -36.0961 0}
		{extent 34.2553 10.5321}
		{axis -1 0}
	}
	{Tags "close"}
	{rotate}
}
{obstacle "obstacle"
	{obb2
		{center -0.0691051 -0.488167}
		{extent 11.1577 22.7847}
		{axis -1 0}
	}
	{rotate}
}
{obstacle "openl"
	{obb2
		{center -34.8951 -20.1747}
		{extent 31.4919 3.0762}
		{axis -0.934471 -0.350381}
	}
	{Tags "open"}
	{rotate}
}
{obstacle "openr"
	{obb2
		{center -36.6082 18.0287}
		{extent 31.4919 3.0762}
		{axis -0.961262 0.275637}
	}
	{Tags "open"}
	{rotate}
}
{volume "standr02"
	{box 29.5105 3.58222 4.31665}
	{bone "standr"}
	{matrix34
		0.8782 	 -0.4727 	 0.0725
		0.4683 	 0.8808 	 0.0699
		-0.0969 	 -0.0275 	 0.9949
		-41.2299 	 10.4586 	 8.5339
	}
}
{volume "standr"
	{box 29.5105 3.58222 4.31665}
	{bone "standr"}
	{matrix34
		0.9885 	 -0.1293 	 0.0782
		0.1217 	 0.988 	 0.0946
		-0.0895 	 -0.084 	 0.9924
		-13.7148 	 1.4327 	 11.2551
	}
}
{volume "body"
	{box 10.7226 31.1164 5.87929}
	{bone "body"}
	{Position -0.0308 	 0 	 1.6451}
}
{volume "gun_01"
	{cylinder 1.5748 79.1543}
	{bone "gun"}
	{matrix34
		-0.0174 	 -0.0003 	 -0.9998
		-0.0175 	 0.9998 	 0
		0.9997 	 0.0174 	 -0.0175
		0.5996 	 0.6782 	 0.6454
	}
}
{volume "gun_02"
	{cylinder 1.37795 30.0786}
	{bone "gun"}
	{matrix34
		0 	 0 	 -1
		0 	 1 	 0
		1 	 0 	 0
		-9.5537 	 -0.0034 	 4.5352
	}
}
{volume "gun_rot"
	{box 55.3794 6.14608 3.04365}
	{bone "gun_rot"}
	{matrix34
		1 	 0 	 0
		0 	 0 	 -1
		0 	 1 	 0
		4.6882 	 0.6063 	 -0.0118
	}
}
{volume "part1"
	{cylinder 10.2362 4.92126}
	{bone "part1"}
	{Position 0 	 0 	 -0.5966}
}
{volume "part2"
	{cylinder 10.2362 4.92126}
	{bone "part2"}
	{matrix34
		-1 	 0 	 0
		0 	 1 	 0
		0 	 0 	 -1
		0 	 0 	 0.6593
	}
}
{volume "part3"
	{box 6.93297 2.44145 8.64721}
	{bone "part3"}
	{Position 0.0986 	 -0.0268 	 0.0785}
}
{volume "part4"
	{box 6.93297 2.44145 8.64721}
	{bone "part4"}
	{matrix34
		0.9563 	 0 	 0.2924
		0 	 1 	 0
		-0.2924 	 0 	 0.9563
		-0.624 	 0.2875 	 -0.008
	}
}
{volume "part5"
	{cylinder 2.19033 10.4772}
	{bone "part5"}
	{matrix34
		-0.0175 	 0.9998 	 0
		0 	 0 	 -1
		-0.9998 	 -0.0175 	 0
		5.3643 	 0.1011 	 0.0451
	}
}
{volume "part6"
	{box 62.9271 3.58222 4.36025}
	{bone "part6"}
	{matrix34
		0.9807 	 0.1796 	 0.0767
		-0.1832 	 0.9822 	 0.0425
		-0.0677 	 -0.0557 	 0.9962
		-32.3735 	 -4.5861 	 9.5028
	}
}
{volume "turret01"
	{polyhedron}
	{bone "turret"}
	{matrix34
		0.807 	 0.5878 	 -0.0564
		-0.5864 	 0.809 	 0.041
		0.0698 	 0 	 0.9976
		8.5751 	 10.5211 	 5.3136
	}
}
{volume "turret02"
	{polyhedron}
	{bone "turret"}
	{matrix34
		0.6879 	 0.7234 	 0.0589
		-0.7123 	 0.6885 	 -0.1363
		-0.1392 	 0.0518 	 0.9889
		11.9727 	 -11.8955 	 6.3537
	}
}
{volume "turret03"
	{box 10.5114 8.72642 7.02774}
	{bone "turret"}
	{Position -0.5541 	 -0.4309 	 3.5417}
}
