;Exported by	: KobaA
;Date			: 10.05.2024 14:53:35
;File			: d:\git\gem2-mdl-soldiers\models\landscape\trench\constructor.max
{skeleton
	{bone "basis_wide"
		{orientation
			1 	 0 	 0
			0 	 -1 	 0
			0 	 0 	 1
		}
		{bone "trench"
			{parameters "land;ground;"}
			{poly "trench" {ground}{DecalTarget}{NoCastShadows}}
			{bone "grass"
				{parameters "align;"}
				{poly "grass"}
			}
			{bone "point"
				{Position 76.7808 	 -51.038 	 -23.6644}
			}
			{bone "point1"
				{Position -80.9912 	 -14.7239 	 -23.4789}
			}
			{bone "point2"
				{Position -65.1231 	 4.6155 	 -22.1115}
			}
			{bone "point3"
				{Position -50.0435 	 50.8572 	 -22.1115}
			}
			{bone "point4"
				{Position 12.8379 	 48.5524 	 -22.1115}
			}
			{bone "point5"
				{Position 66.3887 	 35.4889 	 -23.2074}
			}
			{bone "point6"
				{Position 79.8281 	 -14.4843 	 -23.2074}
			}
			{bone "point7"
				{Position -65.1231 	 35.3691 	 -22.1115}
			}
			{bone "point8"
				{Position -18.792 	 49.2947 	 -22.1115}
			}
			{bone "point9"
				{Position 49 	 51.2425 	 -23.2074}
			}
			{bone "point10"
				{Position 66.0439 	 6.3803 	 -23.2074}
			}
			{bone "point11"
				{Position 45.1929 	 -51.038 	 -23.6644}
			}
			{bone "point12"
				{Position 14.5464 	 -51.038 	 -23.6644}
			}
			{bone "point13"
				{Position -14.0679 	 -51.038 	 -23.6644}
			}
			{bone "point14"
				{Position -44.3298 	 -51.038 	 -23.6644}
			}
			{bone "point15"
				{Position -76.1663 	 -51.038 	 -23.6644}
			}
			{bone "wood"
				{parameters "align;"}
				{poly "wood"}
			}
			{bone "planks"
				{parameters "align;"}
				{matrix34
					-0.0785 	 0.9969 	 0
					-0.9969 	 -0.0785 	 0
					0 	 0 	 1
					-27.7474 	 23.4156 	 0
				}
				{poly "planks"}
			}
			{bone "detail1"
				{parameters "land;ground;"}
				{orientation
					-0.0785 	 0.9969 	 0
					-0.9969 	 -0.0785 	 0
					0 	 0 	 1
				}
				{poly "detail1" {ground}}
			}
		}
	}
}
{obstacle "body"
	{obb2
		{center 77.0447 52.7327}
		{extent 16.6555 3.73011}
		{axis 1 0}
	}
	{rotate}
}
{obstacle "body1"
	{obb2
		{center -80.1898 11.8136}
		{extent 3.73011 14.8958}
		{axis 0.0174522 0.999848}
	}
	{rotate}
}
{obstacle "body10"
	{obb2
		{center 68.2517 -3.96872}
		{extent 3.84958 13.7394}
		{axis 0.999391 0.0348995}
	}
	{rotate}
}
{obstacle "body11"
	{obb2
		{center 43.8528 52.7327}
		{extent 16.3241 3.73011}
		{axis 1 0}
	}
	{rotate}
}
{obstacle "body12"
	{obb2
		{center 13.9323 53.7172}
		{extent 13.3694 3.73011}
		{axis 1 0}
	}
	{rotate}
}
{obstacle "body13"
	{obb2
		{center -14.2313 52.8204}
		{extent 14.4772 3.73011}
		{axis 1 0}
	}
	{rotate}
}
{obstacle "body14"
	{obb2
		{center -44.2706 53.3204}
		{extent 15.4906 3.73011}
		{axis 1 0}
	}
	{rotate}
}
{obstacle "body15"
	{obb2
		{center -76.8156 52.8204}
		{extent 16.9081 3.73011}
		{axis 1 0}
	}
	{rotate}
}
{obstacle "body2"
	{obb2
		{center -66.7924 -3.56337}
		{extent 14.9306 3.85998}
		{axis 0.0348995 0.999391}
	}
	{rotate}
}
{obstacle "body3"
	{obb2
		{center -51.2641 -53.5887}
		{extent 15.4389 3.73011}
		{axis 0.997564 0.0697565}
	}
	{rotate}
}
{obstacle "body4"
	{obb2
		{center 13.6205 -51.0203}
		{extent 3.73011 14.2304}
		{axis 0.0697562 0.997564}
	}
	{rotate}
}
{obstacle "body5"
	{obb2
		{center 68.9589 -35.6368}
		{extent 3.87849 17.0523}
		{axis 0.999391 0.0348995}
	}
	{rotate}
}
{obstacle "body6"
	{obb2
		{center 80.9157 12.1431}
		{extent 14.6313 3.85737}
		{axis 1 0}
	}
	{rotate}
}
{obstacle "body7"
	{obb2
		{center -67.3896 -36.3989}
		{extent 16.5978 3.87453}
		{axis 0.0174522 0.999848}
	}
	{rotate}
}
{obstacle "body8"
	{obb2
		{center -17.9249 -51.5786}
		{extent 17.3241 3.73011}
		{axis 0.997564 0.0697565}
	}
	{rotate}
}
{obstacle "body9"
	{obb2
		{center 48.4952 -53.9305}
		{extent 3.73011 19.4956}
		{axis 0.0697562 0.997564}
	}
	{rotate}
}
{area "cut"
	{polygon2
		{radius 0}
		{vertex -94.6025 57.3034}
		{vertex -94.6025 6.42781}
		{vertex 95.1098 6.42781}
		{vertex 95.1098 57.3034}
	}
	{rotate}
}
{area "cut2"
	{polygon2
		{radius 0}
		{vertex -75.1204 6.75203}
		{vertex -75.1204 -59.3753}
		{vertex 73.5566 -59.3753}
		{vertex 73.5566 6.75203}
	}
	{rotate}
	{tag "cut"}
}
{"volumes"
	{"body"
		{box 33.3111 3.93701 25.5906}
		{bone "point"}
		{matrix34
			1 	 0 	 0
			0 	 0.9903 	 0.1392
			0 	 -0.1392 	 0.9903
			0.2639 	 -1.6946 	 12.3704
		}
	}
	{"body1"
		{box 29.7915 3.93701 25.5906}
		{bone "point1"}
		{matrix34
			0.9998 	 0.0175 	 0
			-0.0173 	 0.9901 	 -0.1392
			-0.0024 	 0.1392 	 0.9903
			0.8014 	 2.9103 	 12.1849
		}
	}
	{"body10"
		{box 27.4146 3.93701 25.5906}
		{bone "point10"}
		{matrix34
			-0.0262 	 -0.9997 	 0
			0.9899 	 -0.0259 	 -0.1392
			0.1391 	 -0.0036 	 0.9903
			2.2078 	 -2.4116 	 11.9134
		}
	}
	{"body11"
		{box 32.6482 3.93701 25.5906}
		{bone "point11"}
		{matrix34
			1 	 0 	 0
			0 	 0.9903 	 0.1392
			0 	 -0.1392 	 0.9903
			-1.3401 	 -1.6946 	 12.3704
		}
	}
	{"body12"
		{box 26.7388 3.93701 25.5906}
		{bone "point12"}
		{matrix34
			1 	 0 	 0
			0 	 0.9903 	 0.1392
			0 	 -0.1392 	 0.9903
			-0.6141 	 -2.6791 	 12.3704
		}
	}
	{"body13"
		{box 28.9543 3.93701 25.5906}
		{bone "point13"}
		{matrix34
			1 	 0 	 0
			0 	 0.9903 	 0.1392
			0 	 -0.1392 	 0.9903
			-0.1635 	 -1.7824 	 12.3704
		}
	}
	{"body14"
		{box 30.9811 3.93701 25.5906}
		{bone "point14"}
		{matrix34
			1 	 0 	 0
			0 	 0.9903 	 0.1392
			0 	 -0.1392 	 0.9903
			0.0592 	 -2.2824 	 12.3704
		}
	}
	{"body15"
		{box 33.8161 3.93701 25.5906}
		{bone "point15"}
		{matrix34
			1 	 0 	 0
			0 	 0.9903 	 0.1392
			0 	 -0.1392 	 0.9903
			-0.6493 	 -1.7824 	 12.3704
		}
	}
	{"body2"
		{box 29.7973 3.93701 25.5906}
		{bone "point2"}
		{matrix34
			-0.0262 	 0.9997 	 0
			-0.9899 	 -0.0259 	 -0.1392
			-0.1391 	 -0.0036 	 0.9903
			-1.6693 	 -1.0521 	 10.8175
		}
	}
	{"body3"
		{box 30.8777 3.93701 25.5906}
		{bone "point3"}
		{matrix34
			0.9976 	 -0.0698 	 0
			0.0691 	 0.9879 	 -0.1392
			0.0097 	 0.1388 	 0.9903
			-1.2206 	 2.7316 	 10.8175
		}
	}
	{"body4"
		{box 28.4607 3.93701 25.5906}
		{bone "point4"}
		{matrix34
			0.9976 	 0.0698 	 0
			-0.0691 	 0.9879 	 -0.1392
			-0.0097 	 0.1388 	 0.9903
			0.7826 	 2.4678 	 10.8175
		}
	}
	{"body5"
		{box 34.0407 3.93701 25.5906}
		{bone "point5"}
		{matrix34
			-0.0262 	 -0.9997 	 0
			0.9899 	 -0.0259 	 -0.1392
			0.1391 	 -0.0036 	 0.9903
			2.5702 	 0.1479 	 11.9134
		}
	}
	{"body6"
		{box 29.1986 3.93701 25.5906}
		{bone "point6"}
		{matrix34
			1 	 -0.0087 	 0
			0.0086 	 0.9902 	 -0.1392
			0.0012 	 0.1392 	 0.9903
			1.0876 	 2.3412 	 11.9134
		}
	}
	{"body7"
		{box 33.1318 3.93701 25.5906}
		{bone "point7"}
		{matrix34
			-0.0262 	 0.9997 	 0
			-0.9899 	 -0.0259 	 -0.1392
			-0.1391 	 -0.0036 	 0.9903
			-2.2666 	 1.0298 	 10.8175
		}
	}
	{"body8"
		{box 34.6482 3.93701 25.5906}
		{bone "point8"}
		{matrix34
			0.9976 	 -0.0698 	 0
			0.0691 	 0.9879 	 -0.1392
			0.0097 	 0.1388 	 0.9903
			0.8671 	 2.2839 	 10.8175
		}
	}
	{"body9"
		{box 38.9912 3.93701 25.5906}
		{bone "point9"}
		{matrix34
			0.9976 	 0.0698 	 0
			-0.0691 	 0.9879 	 -0.1392
			-0.0097 	 0.1388 	 0.9903
			-0.5048 	 2.6881 	 11.9134
		}
	}
}
