;Exported by:	 tolokolnikova
;Date:			 27.01.2016 11:13:18
;File:			 D:\gem2\gem2-mdl-soldiers\models\entourage\shelter_box\shelter-gr_cart001_Gem2.max
{skeleton
	{bone "basis003x"
		{orientation
			1 	 0 	 0
			0 	 -1 	 0
			0 	 0 	 1
		}
		{bone "piece01"
			{Position 10.0861 	 14.5752 	 24.5191}
			{poly "piece01"}
		}
		{bone "piece02"
			{Position -12.1305 	 -14.7902 	 24.6554}
			{poly "piece02"}
		}
		{bone "piece03"
			{Position 33.3438 	 0.0041 	 25.1076}
			{poly "piece03"}
		}
		{bone "piece04"
			{Position 12.7554 	 2.0684 	 21.4694}
			{poly "piece04"}
		}
		{bone "piece05"
			{Position -39.9847 	 -11.2774 	 8.6411}
			{poly "piece05"}
		}
		{bone "piece06"
			{Position -41.0825 	 12.0694 	 8.5066}
			{poly "piece06"}
		}
		{bone "piece08"
			{Position -16.3428 	 -18.5232 	 7.3839}
			{poly "piece08"}
		}
		{bone "piece09"
			{Position 19.2785 	 16.9436 	 20.8901}
			{poly "piece09"}
		}
		{bone "fx_wood1"
			{parameters "lastpose=undefined;"}
		}
		{bone "fx_dust1"
			{Position 0 	 0 	 0}
		}
		{bone "fx_wood2"
			{Position 0 	 0 	 0}
		}
		{bone "piece07"
			{Position 22.4725 	 -14.8787 	 1.1361}
			{poly "piece07"}
		}
	}
}
{volume "piece01"
	{box 32.7652 1.97859 10.5784}
	{bone "piece01"}
	{Position -0.5282 	 -0.959 	 0.6602}
}
{volume "piece02"
	{box 32.7652 1.97859 10.5784}
	{bone "piece02"}
	{Position -1.5584 	 -0.0247 	 0.524}
}
{volume "piece03"
	{box 0.565001 19.312 6.59644}
	{bone "piece03"}
	{Position 0.1672 	 0.319 	 -0.1487}
}
{volume "piece04"
	{box 37.2603 3.66173 0.969453}
	{bone "piece04"}
	{Position 0 	 0.0066 	 -0.149}
}
{volume "piece05"
	{box 1.86084 1.28465 27.0645}
	{bone "piece05"}
	{matrix34
		0.2389 	 0 	 -0.971
		0 	 1 	 0
		0.971 	 0 	 0.2389
		0.1616 	 -0.1083 	 -0.2991
	}
}
{volume "piece06"
	{box 1.86084 1.28465 27.0645}
	{bone "piece06"}
	{matrix34
		0.2328 	 0 	 -0.9725
		0 	 1 	 0
		0.9725 	 0 	 0.2328
		-0.3203 	 0.2253 	 -0.1036
	}
}
{volume "piece07"
	{cylinder 14.4896 1.43621}
	{bone "piece07"}
	{matrix34
		1 	 0 	 0
		0 	 0 	 1
		0 	 -1 	 0
		0.0674 	 -0.2359 	 15.2041
	}
}
{volume "piece08"
	{box 25.1322 1.50238 10.1099}
	{bone "piece08"}
	{matrix34
		0.9962 	 0 	 -0.0872
		0 	 1 	 0
		0.0872 	 0 	 0.9962
		-1.1527 	 0.8342 	 -1.767
	}
}
{volume "piece09"
	{box 21.6137 1.55857 11.4358}
	{bone "piece09"}
	{matrix34
		0.9848 	 0 	 0.1736
		0 	 1 	 0
		-0.1736 	 0 	 0.9848
		-0.2326 	 -0.2209 	 0.288
	}
}
