;Exported by	: KobaA
;Date			: 05.03.2024 10:29:08
;File			: d:\git\gem2-mdl-soldiers\models\building\house_40\house_40_new_cut_x.max
{skeleton
	{bone "house_40_g2_piece_012_x"
		{orientation
			1 	 0 	 0
			0 	 -1 	 0
			0 	 0 	 1
		}
		{bone "sub_piece13"
			{matrix34
				0 	 1 	 0
				-1 	 0 	 0
				0 	 0 	 1
				16.7144 	 -6.2067 	 -22.2049
			}
			{poly "sub_piece13"}
		}
		{bone "sub_piece09"
			{Position 16.7144 	 3.955 	 -22.6915}
			{poly "sub_piece09"}
		}
		{bone "sub_piece08"
			{matrix34
				1 	 0 	 0
				0 	 0.866 	 -0.5
				0 	 0.5 	 0.866
				16.7144 	 15.2109 	 -25.5851
			}
			{poly "sub_piece08"}
		}
		{bone "sub_piece07"
			{matrix34
				1 	 0 	 0
				0 	 -0.342 	 0.9397
				0 	 -0.9397 	 -0.342
				16.7144 	 12.814 	 -18.5552
			}
			{poly "sub_piece07"}
		}
		{bone "piece03"
			{matrix34
				0 	 1 	 0
				-1 	 0 	 0
				0 	 0 	 1
				16.7144 	 11.2093 	 -9.0541
			}
			{poly "piece03"}
		}
		{bone "piece01"
			{matrix34
				0 	 -1 	 0
				-0.866 	 0 	 0.5
				-0.5 	 0 	 -0.866
				11.6945 	 20.6694 	 -22.9984
			}
			{poly "piece01"}
		}
		{bone "sub_piece02"
			{matrix34
				0 	 -1 	 0
				1 	 0 	 0
				0 	 0 	 1
				12.4946 	 20.6694 	 -8.3658
			}
			{poly "sub_piece02"}
		}
		{bone "sub_piece01"
			{matrix34
				0 	 -1 	 0
				1 	 0 	 0
				0 	 0 	 1
				-0.603 	 20.6694 	 -26.6516
			}
			{poly "sub_piece01"}
		}
		{bone "sub_piece12"
			{Position 4.0605 	 20.6694 	 -0.0555}
			{poly "sub_piece12"}
		}
		{bone "sub_piece03"
			{matrix34
				0 	 -1 	 0
				-0.1736 	 0 	 -0.9848
				0.9848 	 0 	 -0.1736
				-2.1331 	 20.6694 	 -14.9292
			}
			{poly "sub_piece03"}
		}
		{bone "sub_piece05"
			{matrix34
				0 	 -1 	 0
				-0.8192 	 0 	 0.5736
				-0.5736 	 0 	 -0.8192
				-16.5199 	 20.6694 	 -17.0976
			}
			{poly "sub_piece05"}
		}
		{bone "sub_piece06"
			{matrix34
				0 	 -1 	 0
				0.8192 	 0 	 0.5736
				-0.5736 	 0 	 0.8192
				-10.0195 	 20.6694 	 -2.6723
			}
			{poly "sub_piece06"}
		}
		{bone "piece02"
			{matrix34
				0.8192 	 0 	 -0.5736
				0 	 1 	 0
				0.5736 	 0 	 0.8192
				-24.2829 	 20.6693 	 -7.3922
			}
			{poly "piece02"}
		}
		{bone "sub_piece04"
			{matrix34
				0 	 -1 	 0
				-0.866 	 0 	 -0.5
				0.5 	 0 	 -0.866
				-25.4038 	 20.6694 	 5.7519
			}
			{poly "sub_piece04"}
		}
		{bone "sub_piece11"
			{Position -10.9193 	 20.6694 	 7.7661}
			{poly "sub_piece11"}
		}
		{bone "piece04"
			{matrix34
				0 	 1 	 0
				-1 	 0 	 0
				0 	 0 	 1
				-7.4634 	 0 	 0
			}
			{poly "piece04"}
		}
		{bone "sub_piece10"
			{Position -24.0181 	 -38.5697 	 0}
			{poly "sub_piece10"}
		}
	}
}
{"volumes"
	{"piece01"
		{box 5.9055 7.19114 11.811}
		{bone "piece01"}
		{matrix34
			1 	 0 	 0
			0 	 0.9397 	 0.342
			0 	 -0.342 	 0.9397
			0 	 -0.5751 	 0.0973
		}
	}
	{"piece02"
		{box 5.9055 9.34848 10.8661}
		{bone "piece02"}
		{matrix34
			0 	 -1 	 0
			0.9397 	 0 	 0.342
			-0.342 	 0 	 0.9397
			-0.4803 	 0 	 -0.259
		}
	}
	{"piece03"
		{box 5.9055 9.34848 10.8661}
		{bone "piece03"}
		{matrix34
			0 	 -1 	 0
			0.9397 	 0 	 0.342
			-0.342 	 0 	 0.9397
			-0.4803 	 0 	 -0.259
		}
	}
	{"piece04"
		{box 2.18356 23.5004 1.98799}
		{bone "piece04"}
		{Position 9.8425 	 25.7348 	 -25.5808}
	}
	{"sub_piece01"
		{box 5.9055 4.38444 5.55118}
		{bone "sub_piece01"}
		{Position 0 	 0.0437 	 0.1881}
	}
	{"sub_piece02"
		{box 5.9055 4.02704 6.49158}
		{bone "sub_piece02"}
		{Position 0 	 -0.4081 	 -0.0536}
	}
	{"sub_piece03"
		{box 5.9055 4.02704 6.49158}
		{bone "sub_piece03"}
		{Position 0 	 -0.4081 	 -0.0536}
	}
	{"sub_piece04"
		{box 5.9055 4.38444 5.55118}
		{bone "sub_piece04"}
		{Position 0 	 0.0437 	 0.1881}
	}
	{"sub_piece05"
		{box 5.9055 4.38444 5.55118}
		{bone "sub_piece05"}
		{Position 0 	 0.0437 	 0.1881}
	}
	{"sub_piece06"
		{box 5.9055 4.02704 6.49158}
		{bone "sub_piece06"}
		{Position 0 	 -0.4081 	 -0.0536}
	}
	{"sub_piece07"
		{box 5.9055 4.38444 5.55118}
		{bone "sub_piece07"}
		{Position 0 	 0.0437 	 0.1881}
	}
	{"sub_piece08"
		{box 5.9055 4.38444 5.55118}
		{bone "sub_piece08"}
		{Position 0 	 0.0437 	 0.1881}
	}
	{"sub_piece09"
		{box 5.9055 4.02704 6.49158}
		{bone "sub_piece09"}
		{Position 0 	 -0.4081 	 -0.0536}
	}
	{"sub_piece10"
		{box 6.06543 29.0128 0.984253}
		{bone "sub_piece10"}
		{Position -0.1726 	 27.4908 	 -24.6063}
	}
	{"sub_piece11"
		{box 5.9055 7.19114 5.55118}
		{bone "sub_piece11"}
		{matrix34
			0 	 -1 	 0
			0.9397 	 0 	 0.342
			-0.342 	 0 	 0.9397
			0.4581 	 0 	 0.1528
		}
	}
	{"sub_piece12"
		{box 5.9055 7.19114 5.55118}
		{bone "sub_piece12"}
		{matrix34
			0 	 -1 	 0
			0.9397 	 0 	 0.342
			-0.342 	 0 	 0.9397
			0.4581 	 0 	 0.1528
		}
	}
	{"sub_piece13"
		{box 5.9055 7.19114 5.55118}
		{bone "sub_piece13"}
		{matrix34
			0 	 -1 	 0
			0.9397 	 0 	 0.342
			-0.342 	 0 	 0.9397
			0.4581 	 0 	 0.1528
		}
	}
}
