;Exported by	: KobaA
;Date			: 17.01.2024 12:28:19
;File			: d:\git\gem2-mdl-soldiers\models\building\water_mill\water_mill_01_x_fort.max
{skeleton
	{bone "h_80a_g2_piece08_point"
		{orientation
			1 	 0 	 0
			0 	 -1 	 0
			0 	 0 	 1
		}
		{bone "piece05"
			{matrix34
				0 	 -1 	 0
				1 	 0 	 0
				0 	 0 	 1
				54.1747 	 -0.7638 	 -40.0517
			}
			{poly "piece05"}
		}
		{bone "piece04"
			{matrix34
				0 	 -1 	 0
				1 	 0 	 0
				0 	 0 	 1
				54.0568 	 -7.4971 	 -25.266
			}
			{poly "piece04"}
		}
		{bone "piece06"
			{matrix34
				0.1736 	 0 	 -0.9848
				0 	 1 	 0
				0.9848 	 0 	 0.1736
				48.6937 	 46.1023 	 -39.1174
			}
			{poly "piece06"}
		}
		{bone "piece07"
			{matrix34
				0 	 1 	 0
				-1 	 0 	 0
				0 	 0 	 1
				-18.9055 	 6.7737 	 -7.504
			}
			{poly "piece07"}
		}
		{bone "piece08"
			{matrix34
				0 	 1 	 0
				-1 	 0 	 0
				0 	 0 	 1
				-18.9079 	 -12.4392 	 -11.0856
			}
			{poly "piece08"}
		}
		{bone "piece09"
			{matrix34
				0 	 0.9848 	 -0.1736
				-1 	 0 	 0
				0 	 0.1736 	 0.9848
				-18.788 	 2.2507 	 -27.2867
			}
			{poly "piece09"}
		}
		{bone "piece10"
			{matrix34
				0 	 0.342 	 -0.9397
				-1 	 0 	 0
				0 	 0.9397 	 0.342
				-18.829 	 -26.3656 	 -21.1458
			}
			{poly "piece10"}
		}
		{bone "piece11"
			{matrix34
				0 	 0.9848 	 -0.1736
				-1 	 0 	 0
				0 	 0.1736 	 0.9848
				-18.788 	 15.1298 	 -28.472
			}
			{poly "piece11"}
		}
		{bone "piece12"
			{matrix34
				0 	 0.9848 	 -0.1736
				-1 	 0 	 0
				0 	 0.1736 	 0.9848
				-31.3846 	 -0.4268 	 -23.5837
			}
			{poly "piece12"}
		}
		{bone "sub_piece01"
			{matrix34
				0 	 1 	 0
				-1 	 0 	 0
				0 	 0 	 1
				-19.3506 	 19.4498 	 -15.0333
			}
			{poly "sub_piece01"}
		}
		{bone "sub_piece05"
			{matrix34
				0 	 1 	 0
				-1 	 0 	 0
				0 	 0 	 1
				-18.841 	 -12.2871 	 -25.558
			}
			{poly "sub_piece05"}
		}
		{bone "sub_piece03"
			{matrix34
				0 	 1 	 0
				-1 	 0 	 0
				0 	 0 	 1
				-31.3711 	 2.0984 	 -3.7159
			}
			{poly "sub_piece03"}
		}
		{bone "piece03"
			{matrix34
				0 	 0 	 -1
				0 	 1 	 0
				1 	 0 	 0
				-27.9323 	 -0.3418 	 35.0834
			}
			{poly "piece03"}
		}
		{bone "sub_piece02"
			{Position -17.7101 	 -33.561 	 -15.1454}
			{poly "sub_piece02"}
		}
		{bone "sub_piece04"
			{Position 5.4028 	 16.8824 	 -1.7188}
			{poly "sub_piece04"}
		}
		{bone "sub_piece07"
			{Position -19.277 	 20.8213 	 -5.0238}
			{poly "sub_piece07"}
		}
		{bone "sub_piece06"
			{Position -0.8924 	 -18.0078 	 -2.0881}
			{poly "sub_piece06"}
		}
		{bone "piece01"
			{Position 20.2487 	 -21.814 	 -5.2897}
			{poly "piece01"}
		}
	}
}
{"volumes"
	{"piece01"
		{box 11.0879 1.9685 19.9068}
		{bone "piece01"}
		{matrix34
			-1 	 0 	 0
			0 	 -0.6428 	 0.766
			0 	 0.766 	 0.6428
			-1.3719 	 -0.3166 	 0.0174
		}
	}
	{"piece03"
		{box 20.2911 15.1181 9.3869}
		{bone "piece03"}
		{matrix34
			0 	 1 	 0
			0 	 0 	 -1
			-1 	 0 	 0
			-0.8301 	 0.0819 	 0.2014
		}
	}
	{"piece04"
		{box 15.21 5.90551 10.1453}
		{bone "piece04"}
		{matrix34
			0.8192 	 0 	 0.5736
			0 	 1 	 0
			-0.5736 	 0 	 0.8192
			-0.078 	 0 	 0.6021
		}
	}
	{"piece05"
		{box 17.2989 5.90551 10.8758}
		{bone "piece05"}
		{Position -0.027 	 0 	 0.4872}
	}
	{"piece06"
		{box 17.2989 5.90551 10.8758}
		{bone "piece06"}
		{Position -0.027 	 0 	 0.4872}
	}
	{"piece07"
		{box 13.9508 5.90551 16.2325}
		{bone "piece07"}
		{Position 0.1032 	 0 	 -0.0175}
	}
	{"piece08"
		{box 10.7351 5.90551 16.4273}
		{bone "piece08"}
		{Position -0.0186 	 0 	 0.6552}
	}
	{"piece09"
		{box 12.0265 5.90551 20.2906}
		{bone "piece09"}
		{Position 0.9092 	 0 	 0.1692}
	}
	{"piece10"
		{box 15.21 5.90551 10.1453}
		{bone "piece10"}
		{matrix34
			0.8192 	 0 	 0.5736
			0 	 1 	 0
			-0.5736 	 0 	 0.8192
			-0.0779 	 0 	 0.6021
		}
	}
	{"piece11"
		{box 12.0265 5.90551 16.4354}
		{bone "piece11"}
		{Position 0.5512 	 0 	 -0.7032}
	}
	{"piece12"
		{box 12.0265 5.90551 20.2906}
		{bone "piece12"}
		{Position 0.5512 	 0 	 0.4812}
	}
	{"sub_piece01"
		{box 7.95193 5.90551 6.49299}
		{bone "sub_piece01"}
		{Position 0.1045 	 0 	 0.1633}
	}
	{"sub_piece02"
		{box 13.8225 1.9685 15.3713}
		{bone "sub_piece02"}
		{matrix34
			-1 	 0 	 0
			0 	 -0.6428 	 0.766
			0 	 0.766 	 0.6428
			-0.1145 	 1.6414 	 1.4323
		}
	}
	{"sub_piece03"
		{box 7.95193 5.90551 6.49299}
		{bone "sub_piece03"}
		{Position 0.1045 	 0 	 0.1632}
	}
	{"sub_piece04"
		{box 13.7209 1.9685 12.8853}
		{bone "sub_piece04"}
		{matrix34
			1 	 0 	 0
			0 	 0.6428 	 0.766
			0 	 -0.766 	 0.6428
			-0.1015 	 -2.5019 	 2.2227
		}
	}
	{"sub_piece05"
		{box 5.8364 5.90551 9.19045}
		{bone "sub_piece05"}
		{Position 0.8565 	 0 	 -0.1658}
	}
	{"sub_piece06"
		{box 14.7469 1.9685 16.3235}
		{bone "sub_piece06"}
		{matrix34
			-1 	 0 	 0
			0 	 -0.6428 	 0.766
			0 	 0.766 	 0.6428
			-1.6676 	 1.5169 	 1.5481
		}
	}
	{"sub_piece07"
		{box 10.7023 1.9685 9.66397}
		{bone "sub_piece07"}
		{matrix34
			1 	 0 	 0
			0 	 0.6428 	 0.766
			0 	 -0.766 	 0.6428
			0.1051 	 -3.6447 	 3.1815
		}
	}
}
