;Exported by	: KobaA
;Date			: 22.05.2023 16:16:36
;File			: D:\git\gem2-mdl-soldiers\models\entourage\bridge_river\bridge_river_settings.max
{skeleton
	{bone "bridge_river_2_piece_006"
		{orientation
			1 	 0 	 0
			0 	 -1 	 0
			0 	 0 	 1
		}
		{bone "bridge_river_1_1r009"
			{Position 0 	 5.3543 	 0}
			{poly "bridge_river_1_1r009"}
		}
		{bone "group037"
			{matrix34
				-1 	 0 	 0
				0 	 -1 	 0
				0 	 0 	 1
				-27.4823 	 -0.021 	 51.1703
			}
			{poly "group037"}
			{bone "fix6"
				{matrix34
					-1 	 0 	 0
					0 	 -1 	 0
					0 	 0 	 1
					71.1758 	 -85.9658 	 -54.6093
				}
			}
		}
	}
}
{"volumes"
	{"body01"
		{box 69.5279 1.93489 1.18789}
		{bone "bridge_river_1_1r009"}
		{matrix34
			0.9976 	 0 	 -0.0688
			0 	 1 	 0
			0.0688 	 0 	 0.9976
			34.7942 	 0.0118 	 15.6153
		}
	}
	{"body02"
		{box 17.6137 1.66255 1.62709}
		{bone "bridge_river_1_1r009"}
		{matrix34
			0 	 0 	 -1
			0 	 1 	 0
			1 	 0 	 0
			-101.24 	 0.0118 	 8.7552
		}
	}
	{"body03"
		{box 110.362 1.93489 1.18789}
		{bone "bridge_river_1_1r009"}
		{Position -55.7756 	 0.0118 	 17.983}
	}
	{"body04"
		{box 118.087 1.23833 0.819643}
		{bone "bridge_river_1_1r009"}
		{Position -58.9135 	 0.0118 	 4.4085}
	}
	{"body05"
		{box 65.4186 1.21898 0.855279}
		{bone "bridge_river_1_1r009"}
		{matrix34
			0.9976 	 0 	 -0.0688
			0 	 1 	 0
			0.0688 	 0 	 0.9976
			34.4672 	 0.0118 	 2.1683
		}
	}
	{"body06"
		{box 17.6137 1.66255 1.62709}
		{bone "bridge_river_1_1r009"}
		{matrix34
			0 	 0 	 -1
			0 	 1 	 0
			1 	 0 	 0
			-33.7582 	 0.0118 	 8.7552
		}
	}
	{"body07"
		{box 17.6137 1.66255 1.62709}
		{bone "bridge_river_1_1r009"}
		{matrix34
			0 	 0 	 -1
			0 	 1 	 0
			1 	 0 	 0
			33.6691 	 0.0118 	 6.3484
		}
	}
	{"body08"
		{box 17.6137 1.66255 1.62709}
		{bone "bridge_river_1_1r009"}
		{matrix34
			0 	 0 	 -1
			0 	 1 	 0
			1 	 0 	 0
			67.4847 	 0.0118 	 4.0053
		}
	}
	{"body09"
		{box 3.83858 3.83858 20.3783}
		{bone "bridge_river_1_1r009"}
		{Position -67.4764 	 0.0118 	 10.2261}
	}
	{"body10"
		{box 17.6137 1.66255 1.62709}
		{bone "bridge_river_1_1r009"}
		{matrix34
			0 	 0 	 -1
			0 	 1 	 0
			1 	 0 	 0
			-0.0301 	 0.0118 	 8.7552
		}
	}
	{"body11"
		{box 24.0614 8.14764 6.09909}
		{bone "group037"}
		{matrix34
			0.6293 	 0 	 -0.7771
			0 	 -1 	 0
			-0.7771 	 0 	 -0.6293
			61.8596 	 0.0372 	 35.2948
		}
	}
	{"body12"
		{box 121.586 8.14764 6.09909}
		{bone "group037"}
		{matrix34
			-0.5446 	 0 	 -0.8387
			0 	 -1 	 0
			-0.8387 	 0 	 0.5446
			-58.6297 	 0.0373 	 2.8148
		}
	}
	{"body13"
		{box 125.32 8.14764 6.09909}
		{bone "group037"}
		{matrix34
			0.6293 	 0 	 -0.7771
			0 	 -1 	 0
			-0.7771 	 0 	 -0.6293
			11.9623 	 0.0372 	 0.4539
		}
	}
	{"body14"
		{box 105.311 8.14764 6.09909}
		{bone "group037"}
		{matrix34
			0 	 0 	 -1
			0 	 -1 	 0
			-1 	 0 	 0
			-27.751 	 0.0373 	 1.0132
		}
	}
	{"body15"
		{box 105.311 8.14764 6.09909}
		{bone "group037"}
		{matrix34
			0 	 0 	 -1
			0 	 -1 	 0
			-1 	 0 	 0
			51.2298 	 0.0372 	 1.0132
		}
	}
	{"body16"
		{box 136.378 8.14764 6.09909}
		{bone "group037"}
		{matrix34
			-1 	 0 	 0
			0 	 -1 	 0
			0 	 0 	 1
			32.2551 	 0.0372 	 53.9544
		}
	}
	{"body17"
		{box 36.4757 8.14764 6.09909}
		{bone "group037"}
		{matrix34
			-0.6293 	 0 	 -0.7771
			0 	 -1 	 0
			-0.7771 	 0 	 0.6293
			66.4863 	 0.0372 	 -28.4663
		}
	}
}
