;Exported by:	 tolokolnikova
;Date:			 05.02.2016 17:21:57
;File:			 D:\gem2\gem2-mdl-soldiers\models\entourage\ruin_stuff\Oblomki001_g2_x.max
{skeleton
	{bone "ruin_wall_long2_g2_x"
		{orientation
			1 	 0 	 0
			0 	 -1 	 0
			0 	 0 	 1
		}
		{poly "ruin_wall_long2_g2_x"}
		{bone "piece03"
			{Position 8.0145 	 -0.0361 	 19.7157}
			{poly "piece03"}
		}
		{bone "sub_piece02"
			{matrix34
				0.866 	 0 	 0.5
				0 	 1 	 0
				-0.5 	 0 	 0.866
				-13.6846 	 -0.0361 	 20.371
			}
			{poly "sub_piece02"}
		}
		{bone "piece01"
			{Position 38.6213 	 -0.0303 	 17.3936}
			{poly "piece01"}
		}
		{bone "piece02"
			{Position -30.0327 	 -0.0361 	 19.6532}
			{poly "piece02"}
		}
		{bone "sub_piece01"
			{matrix34
				0.766 	 0 	 0.6428
				0 	 1 	 0
				-0.6428 	 0 	 0.766
				23.9446 	 -0.0361 	 17.3358
			}
			{poly "sub_piece01"}
		}
	}
}
{volume "piece01"
	{box 15.0148 11.811 15.2876}
	{bone "piece01"}
	{Position 0.3021 	 -0.0058 	 -5.1284}
}
{volume "piece02"
	{box 16.2023 11.811 22.7689}
	{bone "piece02"}
	{matrix34
		0.9063 	 0 	 0.4226
		0 	 1 	 0
		-0.4226 	 0 	 0.9063
		-0.078 	 0 	 -6.3809
	}
}
{volume "piece03"
	{box 19.7589 11.811 22.6556}
	{bone "piece03"}
	{Position -0.2927 	 0 	 -3.6574}
}
{volume "sub_piece01"
	{box 6.71804 11.811 7.80961}
	{bone "sub_piece01"}
	{Position -0.235 	 0 	 -0.6792}
}
{volume "sub_piece02"
	{box 8.66627 11.811 12.8668}
	{bone "sub_piece02"}
	{matrix34
		0.866 	 0 	 -0.5
		0 	 1 	 0
		0.5 	 0 	 0.866
		0.735 	 0 	 -2.6253
	}
}
