;Exported by	: KobaA
;Date			: 29.12.2023 11:47:08
;File			: d:\git\gem2-mdl-soldiers\models\entourage\bower\bower.max
{skeleton
	{bone "bower1_basis_piece03_point"
		{orientation
			1 	 0 	 0
			0 	 -1 	 0
			0 	 0 	 1
		}
		{bone "bower1_basis_piece03"
			{Position 0 	 0 	 0}
			{poly "bower1_basis_piece03"}
		}
		{bone "piece01"
			{matrix34
				0.866 	 -0.5 	 0
				0.5 	 0.866 	 0
				0 	 0 	 1
				-21.5337 	 -14.1292 	 1.4572
			}
			{poly "piece01"}
		}
		{bone "piece02"
			{matrix34
				0.866 	 0.5 	 0
				-0.5 	 0.866 	 0
				0 	 0 	 1
				23.203 	 -14.1469 	 4.0623
			}
			{poly "piece02"}
		}
		{bone "piece03"
			{matrix34
				0.866 	 0.5 	 0
				-0.5 	 0.866 	 0
				0 	 0 	 1
				23.1961 	 -14.1509 	 -11.3742
			}
			{poly "piece03"}
		}
		{bone "piece04"
			{matrix34
				-0.5 	 -0.866 	 0
				0.866 	 -0.5 	 0
				0 	 0 	 1
				5.0517 	 -17.1998 	 17.6955
			}
			{poly "piece04"}
		}
		{bone "piece05"
			{matrix34
				-0.5 	 -0.866 	 0
				0.866 	 -0.5 	 0
				0 	 0 	 1
				0.7746 	 0.5986 	 28.7177
			}
			{poly "piece05"}
		}
		{bone "piece06"
			{matrix34
				-0.9063 	 0.4226 	 0
				-0.4226 	 -0.9063 	 0
				0 	 0 	 1
				-19.4801 	 -4.7362 	 21.3641
			}
			{poly "piece06"}
		}
		{bone "sub_piece01"
			{matrix34
				0.5 	 -0.866 	 0
				0.866 	 0.5 	 0
				0 	 0 	 1
				-30.5566 	 -0.5212 	 12.2555
			}
			{poly "sub_piece01"}
		}
		{bone "sub_piece02"
			{matrix34
				0.866 	 -0.5 	 0
				-0.2246 	 -0.3891 	 0.8934
				-0.4467 	 -0.7737 	 -0.4493
				-9.4285 	 6.8358 	 28.9953
			}
			{poly "sub_piece02"}
		}
		{bone "sub_piece03"
			{matrix34
				0.866 	 0.5 	 0
				0.2246 	 -0.3891 	 0.8934
				0.4467 	 -0.7737 	 -0.4493
				13.0968 	 3.5476 	 27.086
			}
			{poly "sub_piece03"}
		}
		{bone "sub_piece04"
			{matrix34
				0.5 	 0.866 	 0
				-0.866 	 0.5 	 0
				0 	 0 	 1
				28.195 	 -7.6773 	 12.2555
			}
			{poly "sub_piece04"}
		}
		{bone "debris_land_001"
			{parameters "land;ground;"}
			{matrix34
				0.0872 	 0.9962 	 0
				-0.9962 	 0.0872 	 0
				0 	 0 	 1
				0.6902 	 -23.6165 	 -46.0933
			}
			{poly "debris_land_001" {ground}}
		}
		{bone "stones_001"
			{parameters "land;ground;"}
			{matrix34
				0.0872 	 0.9962 	 0
				-0.9962 	 0.0872 	 0
				0 	 0 	 1
				0.6914 	 -25.4078 	 -40.9093
			}
			{poly "stones_001" {ground}}
		}
	}
}
{"volumes"
	{"body01"
		{box 10.1785 10.4293 37.1961}
		{bone "bower1_basis_piece03"}
		{matrix34
			0.866 	 -0.5 	 0
			0.5 	 0.866 	 0
			0 	 0 	 1
			-21.6658 	 -14.3067 	 -32.7903
		}
	}
	{"body02"
		{box 10.1785 10.4293 28.8333}
		{bone "bower1_basis_piece03"}
		{matrix34
			0.866 	 0.5 	 0
			-0.5 	 0.866 	 0
			0 	 0 	 1
			23.5302 	 -14.2437 	 -36.9717
		}
	}
	{"body03"
		{box 43.0482 7.23737 23.7598}
		{bone "bower1_basis_piece03"}
		{Position 0.8528 	 -16.4212 	 -39.5084}
	}
	{"piece01"
		{box 10.9611 10.7244 15.6608}
		{bone "piece01"}
		{Position 0 	 0 	 0.7622}
	}
	{"piece02"
		{box 10.9611 10.7244 12.6852}
		{bone "piece02"}
		{Position 0 	 0 	 -0.0304}
	}
	{"piece03"
		{box 10.1492 9.08848 11.3144}
		{bone "piece03"}
		{matrix34
			0 	 1 	 0
			-1 	 0 	 0
			0 	 0 	 1
			0 	 0 	 0.1637
		}
	}
	{"piece04"
		{box 33.0824 15.9843 0.895351}
		{bone "piece04"}
		{matrix34
			-0.5 	 0.866 	 0
			-0.75 	 -0.433 	 0.5
			0.433 	 0.25 	 0.866
			-0.6032 	 -0.3482 	 -0.3408
		}
	}
	{"piece05"
		{box 25.0103 22.5067 0.895351}
		{bone "piece05"}
		{matrix34
			-0.5 	 0.866 	 0
			-0.75 	 -0.433 	 0.5
			0.433 	 0.25 	 0.866
			-1.552 	 -2.3326 	 -0.0397
		}
	}
	{"piece06"
		{box 25.6605 23.2058 0.895351}
		{bone "piece06"}
		{matrix34
			-1 	 0 	 0
			0 	 -0.866 	 0.5
			0 	 0.5 	 0.866
			0.1031 	 -0.0542 	 0.2783
		}
	}
	{"sub_piece01"
		{box 4.6173 34.1663 4.17209}
		{bone "sub_piece01"}
		{matrix34
			0 	 -1 	 0
			1 	 0 	 0
			0 	 0 	 1
			0.8152 	 -0.1124 	 0.0338
		}
	}
	{"sub_piece02"
		{box 32.2028 1.64198 3.03333}
		{bone "sub_piece02"}
		{matrix34
			0 	 0.0053 	 -1
			-1 	 0 	 0
			0 	 1 	 0.0053
			-0.1237 	 0.1796 	 -0.1825
		}
	}
	{"sub_piece03"
		{box 33.813 1.64198 3.03333}
		{bone "sub_piece03"}
		{matrix34
			0 	 0.0053 	 -1
			-1 	 0 	 0
			0 	 1 	 0.0053
			0.0605 	 -0.0459 	 -0.4943
		}
	}
	{"sub_piece04"
		{box 4.6173 14.7532 4.17209}
		{bone "sub_piece04"}
		{matrix34
			0 	 -1 	 0
			1 	 0 	 0
			0 	 0 	 1
			-1.8188 	 -0.0038 	 0.0338
		}
	}
}
