;Exported by	: KobaA
;Date			: 18.12.2023 15:31:09
;File			: d:\git\gem2-mdl-soldiers\models\unit\vehicle\landungsboot\landungsboot_attach_xx.max
{skeleton
	{bone "basis"
		{orientation
			1 	 0 	 0
			0 	 -1 	 0
			0 	 0 	 1
		}
		{bone "body1"
			{parameters "id=body;"}
			{Position 0 	 0 	 4.9217}
			{poly "body1" {lod 0}}
			{poly "body1_lod1" {lod 1}}
			{poly "body1_lod2" {lod 2}}
			{poly "body1_lod3" {lod 3 {last}}}
			{bone "part1"
				{parameters "id=body;"}
				{Position -155.425 	 9.3568 	 41.6282}
				{poly "part1" {lod 0}}
				{poly "part1_lod1" {lod 1}}
				{poly "part1_lod2" {lod 2}}
				{poly "part1_lod3" {lod 3 {last}}}
			}
			{bone "door_front"
				{parameters "id=body;"}
				{matrix34
					1 	 0 	 0
					0 	 0 	 1
					0 	 -1 	 0
					173.787 	 0 	 -1.0347
				}
				{poly "door_front" {lod 0}}
				{poly "door_front_lod1" {lod 1}}
				{poly "door_front_lod2" {lod 2}}
				{poly "door_front_lod3" {lod 3 {last}}}
			}
			{bone "fx_fire1"
				{matrix34
					0 	 0 	 1
					0 	 1 	 0
					-1 	 0 	 0
					-169.39 	 16.8728 	 18.7617
				}
			}
			{bone "pivot_back"
				{Position -156.434 	 0 	 -3.8518}
			}
			{bone "pivot_front"
				{Position 113.984 	 0 	 -3.8518}
			}
			{bone "scissor"
				{Position 85.7664 	 0 	 13.1135}
				{poly "scissor"
					{layer waterscissor}}
			}
			{bone revolute "steer"
				{parameters "id=body;"}
				{matrix34
					0 	 -1 	 0
					0 	 0 	 -1
					1 	 0 	 0
					-168.912 	 22.3228 	 41.0776
				}
				{poly "steer" {lod 0}}
				{poly "steer_lod1" {lod 1}}
				{poly "steer_lod2" {lod 2}}
				{poly "steer_lod3" {lod 3 {last}}}
			}
			{bone "body2"
				{parameters "id=body;"}
				{Position 85.7664 	 0 	 3.6867}
				{poly "body2" {lod 0}}
				{poly "body2_lod1" {lod 1}}
				{poly "body2_lod2" {lod 2}}
				{poly "body2_lod3" {lod 3 {last}}}
			}
			{bone "body3"
				{parameters "id=body;"}
				{Position 0 	 0 	 -3.8518}
				{poly "body3" {lod 0}}
				{poly "body3_lod1" {lod 1}}
				{poly "body3_lod2" {lod 2}}
				{poly "body3_lod3" {lod 3 {last}}}
			}
			{bone revolute "part5"
				{parameters "id=gun;"}
				{limits -15 15}
				{speed 0.08}
				{matrix34
					0.1392 	 0.9903 	 0
					0 	 0 	 1
					0.9903 	 -0.1392 	 0
					136.121 	 49.6071 	 31.0334
				}
				{poly "part5" {lod 0}}
				{poly "part5_lod1" {lod 1}}
				{poly "part5_lod2" {lod 2}}
				{poly "part5_lod3" {lod 3 {last}}}
				{bone "mgun1"
					{Position -5.3477 	 1.4854 	 0}
				}
			}
			{bone revolute "part6"
				{parameters "id=gun;"}
				{limits -15 15}
				{speed 0.08}
				{matrix34
					0.1392 	 -0.9903 	 0
					0 	 0 	 1
					-0.9903 	 -0.1392 	 0
					136.302 	 -49.6672 	 31.0334
				}
				{poly "part6" {lod 0}}
				{poly "part6_lod1" {lod 1}}
				{poly "part6_lod2" {lod 2}}
				{poly "part6_lod3" {lod 3 {last}}}
				{bone "mgun"
					{Position -5.3476 	 1.4854 	 0}
				}
			}
		}
	}
}
{"volumes"
	{"ballast"
		{polyhedron}
		{bone "body1"}
		{Position -0.6311 	 0 	 -17.2607}
	}
	{"body01"
		{box 191.032 1.87996 19.4211}
		{bone "body1"}
		{Position -18.6394 	 65.4403 	 9.3553}
	}
	{"body02"
		{polyhedron}
		{bone "body1"}
		{Position 0.3849 	 0 	 -15.8154}
	}
	{"body03"
		{box 191.032 1.87996 19.4211}
		{bone "body1"}
		{Position -18.6394 	 -65.4404 	 9.3553}
	}
	{"body04"
		{polyhedron}
		{bone "body1"}
		{matrix34
			0.9945 	 -0.1045 	 0
			0.1045 	 0.9945 	 0
			0 	 0 	 1
			131.091 	 59.8059 	 -0.3552
		}
	}
	{"body05"
		{polyhedron}
		{bone "body1"}
		{matrix34
			0.9945 	 -0.1045 	 0
			0.1045 	 0.9945 	 0
			0 	 0 	 1
			203.115 	 52.2359 	 -0.3552
		}
	}
	{"body06"
		{polyhedron}
		{bone "body1"}
		{matrix34
			0.9945 	 -0.1045 	 0
			0.1045 	 0.9945 	 0
			0 	 0 	 1
			180.171 	 54.6473 	 -0.3552
		}
	}
	{"body07"
		{polyhedron}
		{bone "body1"}
		{matrix34
			0.9945 	 0.1045 	 0
			-0.1045 	 0.9945 	 0
			0 	 0 	 1
			131.091 	 -59.8059 	 -0.3552
		}
	}
	{"body08"
		{polyhedron}
		{bone "body1"}
		{matrix34
			0.9945 	 0.1045 	 0
			-0.1045 	 0.9945 	 0
			0 	 0 	 1
			203.115 	 -52.2358 	 -0.3552
		}
	}
	{"body09"
		{polyhedron}
		{bone "body1"}
		{matrix34
			0.9945 	 0.1045 	 0
			-0.1045 	 0.9945 	 0
			0 	 0 	 1
			180.171 	 -54.6473 	 -0.3552
		}
	}
	{"body10"
		{box 2.98969 16.9251 57.0333}
		{bone "body1"}
		{matrix34
			0.9336 	 0 	 -0.3584
			0 	 1 	 0
			0.3584 	 0 	 0.9336
			183.486 	 46.5131 	 24.6337
		}
	}
	{"body11"
		{box 2.98969 16.9251 57.0333}
		{bone "body1"}
		{matrix34
			0.9336 	 0 	 -0.3584
			0 	 1 	 0
			0.3584 	 0 	 0.9336
			183.486 	 -46.5132 	 24.6337
		}
	}
	{"body12"
		{cylinder 4.23174 36.1823}
		{bone "body1"}
		{matrix34
			0.9986 	 0 	 -0.0523
			0 	 1 	 0
			0.0523 	 0 	 0.9986
			-140.066 	 51.2594 	 24.5114
		}
	}
	{"body13"
		{box 3.8268 78.363 61.0256}
		{bone "body1"}
		{matrix34
			0.9336 	 0 	 -0.3584
			0 	 1 	 0
			0.3584 	 0 	 0.9336
			184.973 	 0 	 26.4973
		}
	}
	{"body14"
		{polyhedron}
		{bone "body1"}
		{matrix34
			0.9945 	 -0.1045 	 0
			0.1045 	 0.9945 	 0
			0 	 0 	 1
			-153.885 	 -61.2178 	 -0.3552
		}
	}
	{"body15"
		{polyhedron}
		{bone "body1"}
		{matrix34
			0.9945 	 0.1045 	 0
			-0.1045 	 0.9945 	 0
			0 	 0 	 1
			-153.885 	 61.2177 	 -0.3552
		}
	}
	{"body16"
		{box 4.27568 114.57 41.2135}
		{bone "body1"}
		{Position -192.707 	 0 	 20.2347}
	}
	{"body17"
		{box 23.7715 9.36176 21.1108}
		{bone "body1"}
		{Position 85.503 	 -45.3512 	 16.647}
	}
	{"body18"
		{box 36.5727 49.3206 41.8124}
		{bone "body1"}
		{Position -173.391 	 16.4812 	 42.1269}
	}
	{"body19"
		{cylinder 6.64522 19.0829}
		{bone "body1"}
		{matrix34
			1 	 0 	 0
			0 	 0 	 1
			0 	 -1 	 0
			-171.53 	 -25.2261 	 28.1741
		}
	}
	{"engine"
		{polyhedron}
		{bone "body1"}
		{Position -173.447 	 0 	 5.0947}
	}
	{"part1"
		{box 13.5624 1.24389 38.7993}
		{bone "part1"}
		{matrix34
			0.788 	 -0.6157 	 0
			0.6157 	 0.788 	 0
			0 	 0 	 1
			5.7007 	 -4.3679 	 -0.5101
		}
	}
	{"part5_01"
		{box 11.1618 3.93701 5.90551}
		{bone "part5"}
		{matrix34
			1 	 0 	 0
			0 	 0 	 -1
			0 	 1 	 0
			-3.9471 	 -0.4646 	 0
		}
	}
	{"part5_02"
		{cylinder 0.393701 12.826}
		{bone "part5"}
		{matrix34
			0.9272 	 0.3746 	 0
			0 	 0 	 -1
			-0.3746 	 0.9272 	 0
			1.445 	 -4.6088 	 -0.0067
		}
	}
	{"part5_03"
		{cylinder 0.393701 11.6808}
		{bone "part5"}
		{matrix34
			-0.9556 	 0.263 	 -0.1326
			-0.2166 	 -0.3224 	 0.9215
			0.1996 	 0.9093 	 0.365
			-9.3366 	 -8.3883 	 -4.7586
		}
	}
	{"part5_04"
		{cylinder 0.393701 22.9035}
		{bone "part5"}
		{matrix34
			0.429 	 0.2556 	 0.8664
			0.8793 	 -0.3378 	 -0.3357
			0.2068 	 0.9059 	 -0.3696
			-10.1083 	 -11.7099 	 6.0136
		}
	}
	{"part6_01"
		{box 11.1618 3.93701 5.90551}
		{bone "part6"}
		{matrix34
			1 	 0 	 0
			0 	 0 	 -1
			0 	 1 	 0
			-3.947 	 -0.5233 	 0
		}
	}
	{"part6_02"
		{cylinder 0.393701 21.0713}
		{bone "part6"}
		{matrix34
			0.9272 	 0.3746 	 0
			0 	 0 	 -1
			-0.3746 	 0.9272 	 0
			3.4741 	 -9.6309 	 -0.0066
		}
	}
	{"part6_04"
		{cylinder 0.393701 15.3454}
		{bone "part6"}
		{matrix34
			0.429 	 0.2556 	 0.8664
			0.8793 	 -0.3378 	 -0.3357
			0.2068 	 0.9059 	 -0.3696
			-9.0197 	 -6.9423 	 4.0684
		}
	}
	{"sticky"
		{polyhedron}
		{bone "body1"}
		{Position 9.4197 	 0 	 -3.8518}
	}
	{"window01"
		{box 1.8975 28.8319 10.935}
		{bone "body1"}
		{matrix34
			0 	 1 	 0
			-1 	 0 	 0
			0 	 0 	 1
			-174.182 	 -7.3774 	 52.3376
		}
	}
	{"window02"
		{box 1.8975 9.58261 10.935}
		{bone "body1"}
		{Position -155.983 	 1.9333 	 52.3376}
	}
	{"window03"
		{box 1.8975 28.8319 10.935}
		{bone "body1"}
		{Position -155.983 	 23.4182 	 52.3376}
	}
	{"window04"
		{box 1.8975 28.8319 10.935}
		{bone "body1"}
		{matrix34
			0 	 1 	 0
			-1 	 0 	 0
			0 	 0 	 1
			-174.182 	 40.3899 	 52.3376
		}
	}
}
