;Exported by	: KobaA
;Date			: 26.01.2024 11:04:11
;File			: d:\git\gem2-mdl-soldiers\models\building\building_ua01\building_ua05_v2_x.max
{skeleton
	{bone "b_ua_05_piece10_point"
		{orientation
			1 	 0 	 0
			0 	 -1 	 0
			0 	 0 	 1
		}
		{bone "sub_piece04"
			{matrix34
				0 	 -0.6293 	 -0.7771
				1 	 0 	 0
				0 	 -0.7771 	 0.6293
				-25.0937 	 28.2768 	 -2.6348
			}
			{poly "sub_piece04"}
		}
		{bone "sub_piece01"
			{Position 4.0448 	 -15.742 	 5.512}
			{poly "sub_piece01"}
		}
		{bone "sub_piece02"
			{matrix34
				0.0324 	 0.9762 	 -0.2142
				-0.0119 	 0.2147 	 0.9766
				0.9994 	 -0.0291 	 0.0185
				-16.843 	 1.0152 	 25.701
			}
			{poly "sub_piece02"}
		}
		{bone "sub_piece05"
			{matrix34
				1 	 0 	 0
				0 	 -0.6293 	 -0.7771
				0 	 -0.7771 	 0.6293
				-46.6 	 51.2812 	 -22.3309
			}
			{poly "sub_piece05"}
		}
		{bone "sub_piece07"
			{matrix34
				1 	 0 	 0
				0 	 0.6293 	 -0.7771
				0 	 0.7771 	 0.6293
				-8.9611 	 -34.5248 	 -10.8449
			}
			{poly "sub_piece07"}
		}
		{bone "sub_piece08"
			{matrix34
				1 	 0 	 0
				0 	 -0.6293 	 -0.7771
				0 	 -0.7771 	 0.6293
				-7.8448 	 45.7741 	 -18.9405
			}
			{poly "sub_piece08"}
		}
		{bone "piece01"
			{Position -6.5957 	 10.6268 	 -0.4087}
			{poly "piece01"}
		}
		{bone "sub_piece03"
			{Position 5.7522 	 11.5582 	 11.2933}
			{poly "sub_piece03"}
		}
		{bone "sub_piece06"
			{Position -5.4234 	 -6.3868 	 -9.0736}
			{poly "sub_piece06"}
		}
	}
}
{"volumes"
	{"piece01"
		{box 13.9766 3.93701 21.2765}
		{bone "piece01"}
		{matrix34
			0 	 1 	 0
			-1 	 0 	 0
			0 	 0 	 1
			0.5322 	 1.042 	 -0.4476
		}
	}
	{"sub_piece01"
		{box 1.32193 6.66496 41.1289}
		{bone "sub_piece01"}
		{matrix34
			1 	 0 	 0
			0 	 0.6428 	 -0.766
			0 	 0.766 	 0.6428
			0.2181 	 0.2407 	 -0.7244
		}
	}
	{"sub_piece02"
		{box 2.01264 33.2677 2.97871}
		{bone "sub_piece02"}
		{matrix34
			0.9762 	 0.2147 	 -0.0291
			-0.0324 	 0.0119 	 -0.9994
			-0.2142 	 0.9766 	 0.0186
			0.1904 	 -0.6879 	 1.4193
		}
	}
	{"sub_piece03"
		{box 1.32193 6.66496 39.4837}
		{bone "sub_piece03"}
		{matrix34
			1 	 0 	 0
			0 	 0.6428 	 0.766
			0 	 -0.766 	 0.6428
			-0.0053 	 -0.2426 	 -0.6704
		}
	}
	{"sub_piece04"
		{box 13.9766 3.93701 42.8962}
		{bone "sub_piece04"}
		{matrix34
			0 	 -1 	 0
			0.9998 	 0 	 0.0175
			-0.0175 	 0 	 0.9998
			0.6258 	 0 	 0.1104
		}
	}
	{"sub_piece05"
		{box 13.9766 3.93701 26.5956}
		{bone "sub_piece05"}
		{matrix34
			1 	 0 	 0
			0 	 -0.9998 	 -0.0175
			0 	 0.0175 	 -0.9998
			0.4104 	 -0.0969 	 0.4647
		}
	}
	{"sub_piece06"
		{box 13.9766 3.93701 15.9574}
		{bone "sub_piece06"}
		{matrix34
			0 	 1 	 0
			-1 	 0 	 0
			0 	 0 	 1
			-0.6401 	 -0.4581 	 2.2694
		}
	}
	{"sub_piece07"
		{box 8.38599 3.93701 21.877}
		{bone "sub_piece07"}
		{matrix34
			1 	 0 	 0
			0 	 0.9998 	 0.0175
			0 	 -0.0175 	 0.9998
			1.3191 	 0.0582 	 0.1759
		}
	}
	{"sub_piece08"
		{box 3.21463 2.6378 26.0637}
		{bone "sub_piece08"}
		{matrix34
			1 	 0 	 0
			0 	 -0.9998 	 -0.0175
			0 	 0.0175 	 -0.9998
			-0.1129 	 -0.1132 	 0.0219
		}
	}
}
