;Exported by	: joomb
;Date			: 13.04.2023 15:28:34
;File			: H:\git\gem2-mdl-soldiers\models\building\building_ua01\building_ua05_v2.max
{skeleton
	{bone "b_ua_05_piece10"
		{orientation
			1 	 0 	 0
			0 	 -1 	 0
			0 	 0 	 1
		}
		{poly "b_ua_05_piece10"}
		{bone "wood_win"
			{Position -6.3418 	 1.6677 	 -0.0674}
			{poly "wood_win"}
		}
		{bone "fix04"
			{Position -5.2651 	 41.2439 	 -26.1211}
		}
		{bone "fix03"
			{Position -5.2651 	 -23.7188 	 -26.1211}
		}
	}
}
{"volumes"
	{"roof01"
		{box 19.9102 3.93701 43.6342}
		{bone "b_ua_05_piece10"}
		{matrix34
			1 	 0 	 0
			0 	 0.6428 	 -0.766
			0 	 0.766 	 0.6428
			-6.5629 	 -18.0172 	 4.5334
		}
	}
	{"roof02"
		{box 48.2537 3.93701 43.544}
		{bone "b_ua_05_piece10"}
		{matrix34
			1 	 0 	 0
			0 	 0.6301 	 0.7765
			0 	 -0.7765 	 0.6301
			-20.9861 	 30.9911 	 -3.7129
		}
	}
	{"roof03"
		{box 48.2537 3.93701 30.176}
		{bone "b_ua_05_piece10"}
		{matrix34
			1 	 0 	 0
			0 	 0.6301 	 0.7765
			0 	 -0.7765 	 0.6301
			-20.9861 	 12.6598 	 18.0234
		}
	}
	{"roof04"
		{box 6.27298 3.93701 28.739}
		{bone "b_ua_05_piece10"}
		{matrix34
			1 	 0 	 0
			0 	 0.6301 	 0.7765
			0 	 -0.7765 	 0.6301
			-48.5928 	 36.7392 	 -8.3771
		}
	}
	{"roof05"
		{box 48.2537 3.93701 30.176}
		{bone "b_ua_05_piece10"}
		{matrix34
			-1 	 0 	 0
			0 	 -0.6301 	 0.7765
			0 	 0.7765 	 0.6301
			-20.9861 	 -9.9678 	 18.0234
		}
	}
}
