;Exported by	: KobaA
;Date			: 22.05.2023 13:28:13
;File			: D:\git\gem2-mdl-soldiers\models\entourage\bridge_river\bridge_river_settings.max
{skeleton
	{bone "bridge_river_1_piece_005"
		{orientation
			1 	 0 	 0
			0 	 -1 	 0
			0 	 0 	 1
		}
		{bone "group049"
			{Position -0.0062 	 -5.3036 	 9.0222}
			{poly "group049"}
		}
		{bone "group050"
			{Position -6.5433 	 0.021 	 53.7721}
			{poly "group050"}
			{bone "fix5"
				{Position 14.4215 	 -85.9658 	 -57.2171}
			}
		}
	}
}
{"volumes"
	{"body01"
		{box 17.6137 1.66255 1.62709}
		{bone "group049"}
		{matrix34
			0 	 0 	 -1
			0 	 -1 	 0
			-1 	 0 	 0
			101.208 	 -0.0807 	 -0.267
		}
	}
	{"body02"
		{box 250.521 1.93489 1.18789}
		{bone "group049"}
		{matrix34
			-1 	 0 	 0
			0 	 -1 	 0
			0 	 0 	 1
			0.0093 	 -0.0808 	 8.9607
		}
	}
	{"body03"
		{box 3.83858 3.83858 20.3783}
		{bone "group049"}
		{matrix34
			-1 	 0 	 0
			0 	 -1 	 0
			0 	 0 	 1
			67.4442 	 -0.0807 	 1.2039
		}
	}
	{"body04"
		{box 236.174 1.23833 0.819643}
		{bone "group049"}
		{matrix34
			-1 	 0 	 0
			0 	 -1 	 0
			0 	 0 	 1
			0.0093 	 -0.0808 	 -4.6137
		}
	}
	{"body05"
		{box 17.6137 1.66255 1.62709}
		{bone "group049"}
		{matrix34
			0 	 0 	 -1
			0 	 -1 	 0
			-1 	 0 	 0
			33.7261 	 -0.0808 	 -0.267
		}
	}
	{"body06"
		{box 17.6137 1.66255 1.62709}
		{bone "group049"}
		{matrix34
			0 	 0 	 -1
			0 	 -1 	 0
			-1 	 0 	 0
			-101.198 	 -0.0808 	 -0.267
		}
	}
	{"body07"
		{box 3.83858 3.83858 20.3783}
		{bone "group049"}
		{matrix34
			-1 	 0 	 0
			0 	 -1 	 0
			0 	 0 	 1
			-67.506 	 -0.0808 	 1.2039
		}
	}
	{"body08"
		{box 17.6137 1.66255 1.62709}
		{bone "group049"}
		{matrix34
			0 	 0 	 -1
			0 	 -1 	 0
			-1 	 0 	 0
			-0.0425 	 -0.0808 	 -0.267
		}
	}
	{"body09"
		{box 17.6137 1.66255 1.62709}
		{bone "group049"}
		{matrix34
			0 	 0 	 -1
			0 	 -1 	 0
			-1 	 0 	 0
			-33.7737 	 -0.0808 	 -0.267
		}
	}
	{"body10"
		{box 36.0496 8.14764 6.09909}
		{bone "group050"}
		{matrix34
			0.6293 	 0 	 -0.7771
			0 	 1 	 0
			0.7771 	 0 	 0.6293
			94.3273 	 -0.5993 	 36.5228
		}
	}
	{"body11"
		{box 86.3443 8.14764 6.09909}
		{bone "group050"}
		{matrix34
			0.6157 	 0 	 0.788
			0 	 1 	 0
			-0.788 	 0 	 0.6157
			-98.2079 	 -0.5994 	 14.239
		}
	}
	{"body12"
		{box 94.314 8.14764 6.09909}
		{bone "group050"}
		{matrix34
			0.6157 	 0 	 -0.788
			0 	 1 	 0
			0.788 	 0 	 0.6157
			-102.966 	 -0.5994 	 -12.3804
		}
	}
	{"body13"
		{box 44.7513 8.14764 6.09909}
		{bone "group050"}
		{matrix34
			0.6293 	 0 	 0.7771
			0 	 1 	 0
			-0.7771 	 0 	 0.6293
			99.5769 	 -0.5994 	 -32.9862
		}
	}
	{"body14"
		{box 125.32 8.14764 6.09909}
		{bone "group050"}
		{matrix34
			-0.6293 	 0 	 -0.7771
			0 	 1 	 0
			0.7771 	 0 	 -0.6293
			45.3771 	 -0.5993 	 -2.1479
		}
	}
	{"body15"
		{box 125.32 8.14764 6.09909}
		{bone "group050"}
		{matrix34
			0.6293 	 0 	 -0.7771
			0 	 1 	 0
			0.7771 	 0 	 0.6293
			-36.4023 	 -0.5994 	 1.6904
		}
	}
	{"body16"
		{box 105.311 8.14764 6.09909}
		{bone "group050"}
		{matrix34
			0 	 0 	 -1
			0 	 1 	 0
			1 	 0 	 0
			85.0904 	 -0.5994 	 -1.5887
		}
	}
	{"body17"
		{box 105.311 8.14764 6.09909}
		{bone "group050"}
		{matrix34
			0 	 0 	 -1
			0 	 1 	 0
			1 	 0 	 0
			6.6492 	 -0.5994 	 -1.5887
		}
	}
	{"body18"
		{box 105.311 8.14764 6.09909}
		{bone "group050"}
		{matrix34
			0 	 0 	 -1
			0 	 1 	 0
			1 	 0 	 0
			-72.8823 	 -0.5994 	 -1.5887
		}
	}
	{"body19"
		{box 236.892 8.14764 6.09909}
		{bone "group050"}
		{Position 15.4522 	 -0.5993 	 51.3525}
	}
}
