;Exported by	: KobaA
;Date			: 27.06.2023 13:23:44
;File			: D:\git\gem2-mdl-soldiers\models\entourage\operating_table\operating_table.max
{skeleton
	{bone "operating_table_004_x"
		{orientation
			1 	 0 	 0
			0 	 -1 	 0
			0 	 0 	 1
		}
		{bone "piece02"
			{matrix34
				1 	 0 	 0
				0 	 0.9848 	 0.1736
				0 	 -0.1736 	 0.9848
				0.2708 	 2.8475 	 0
			}
			{poly "piece02"}
		}
		{bone "piece03"
			{matrix34
				-0.5736 	 0 	 0.8192
				0 	 -1 	 0
				0.8192 	 0 	 0.5736
				8.3787 	 0 	 17.8389
			}
			{poly "piece03"}
		}
		{bone "piece04"
			{matrix34
				0.515 	 0 	 0.8572
				0 	 1 	 0
				-0.8572 	 0 	 0.515
				-8.2917 	 0 	 18.1583
			}
			{poly "piece04"}
		}
	}
}
{"volumes"
	{"piece02_01"
		{box 17.0669 11.1383 0.882154}
		{bone "piece02"}
		{Position -0.0658 	 0.0475 	 17.3176}
	}
	{"piece02_02"
		{box 17.0669 11.1383 0.882154}
		{bone "piece02"}
		{matrix34
			-0.225 	 0 	 -0.9744
			0 	 1 	 0
			0.9744 	 0 	 -0.225
			-9.7229 	 0.0475 	 8.8183
		}
	}
	{"piece02_03"
		{box 17.0669 11.1383 0.882154}
		{bone "piece02"}
		{matrix34
			0.2079 	 0 	 -0.9781
			0 	 1 	 0
			0.9781 	 0 	 0.2079
			9.9472 	 0.0475 	 8.9223
		}
	}
	{"piece03"
		{box 10.0987 11.1383 0.882154}
		{bone "piece03"}
		{matrix34
			-0.9976 	 0 	 -0.0698
			0 	 -1 	 0
			-0.0698 	 0 	 0.9976
			-5.4362 	 0 	 -0.1134
		}
	}
	{"piece04"
		{box 10.0987 11.1383 0.882154}
		{bone "piece04"}
		{Position -5.3943 	 0.0475 	 -0.1698}
	}
}
