;Exported by:	 tolokolnikova
;Date:			 27.06.2017 14:57:05
;File:			 D:\gem2\gem2-mdl-soldiers\models\building\house_D\D_005_cut_x_fort.max
{skeleton
	{bone "d005_piece21b_point"
		{orientation
			1 	 0 	 0
			0 	 -1 	 0
			0 	 0 	 1
		}
		{bone "piece01"
			{Position 33.0689 	 9.4628 	 18.2873}
			{poly "piece01"}
		}
		{bone "piece02"
			{matrix34
				1 	 0 	 0
				0 	 -0.4226 	 0.9063
				0 	 -0.9063 	 -0.4226
				33.0689 	 -13.8671 	 21.244
			}
			{poly "piece02"}
		}
		{bone "sub_piece02"
			{matrix34
				1 	 0 	 0
				0 	 0.8192 	 0.5736
				0 	 -0.5736 	 0.8192
				33.0689 	 11.678 	 0.8185
			}
			{poly "sub_piece02"}
		}
		{bone "piece04"
			{matrix34
				0 	 1 	 0
				-0.1736 	 0 	 0.9848
				0.9848 	 0 	 0.1736
				21.6979 	 -22.1355 	 8.9811
			}
			{poly "piece04"}
		}
		{bone "piece03"
			{matrix34
				0 	 1 	 0
				-1 	 0 	 0
				0 	 0 	 1
				-7.6959 	 -22.1355 	 14.1019
			}
			{poly "piece03"}
		}
		{bone "sub_piece03"
			{Position 33.0689 	 -11.8611 	 5.1234}
			{poly "sub_piece03"}
		}
		{bone "sub_piece05"
			{matrix34
				0 	 1 	 0
				-1 	 0 	 0
				0 	 0 	 1
				-26.4177 	 -22.0981 	 3.0748
			}
			{poly "sub_piece05"}
		}
		{bone "sub_piece04"
			{matrix34
				0 	 1 	 0
				-0.342 	 0 	 -0.9397
				-0.9397 	 0 	 0.342
				-4.1566 	 -22.0981 	 -7.44
			}
			{poly "sub_piece04"}
		}
		{bone "sub_piece01"
			{Position 18.7109 	 -11.2844 	 31.6331}
			{poly "sub_piece01"}
		}
		{bone "d005_piece21b"
			{Position -8.0533 	 13.8049 	 -35.9841}
			{poly "d005_piece21b"}
		}
		{bone revolute "attach1"
			{matrix34
				0 	 -1 	 0
				1 	 0 	 0
				0 	 0 	 1
				0.1261 	 -8.5636 	 -30.3542
			}
		}
		{bone "debris_land_001"
			{parameters "commonmesh;land;ground;"}
			{matrix34
				0 	 1 	 0
				-1 	 0 	 0
				0 	 0 	 1
				5.208 	 -34.7719 	 -35.9841
			}
			{poly "debris_land_001" {ground}}
		}
		{bone "fort_wall"
			{matrix34
				-1 	 0 	 0
				0 	 -1 	 0
				0 	 0 	 1
				-2.8001 	 -30.8215 	 -30.3689
			}
		}
		{bone "stones_001"
			{parameters "commonmesh;land;ground;"}
			{matrix34
				0 	 1 	 0
				-1 	 0 	 0
				0 	 0 	 1
				5.208 	 -34.7586 	 -35.9841
			}
			{poly "stones_001" {ground}}
		}
	}
}
{volume "piece01"
	{box 5.90551 23.4965 14.1492}
	{bone "piece01"}
	{matrix34
		1 	 0 	 0
		0 	 0.9511 	 -0.309
		0 	 0.309 	 0.9511
		0.1324 	 0.0219 	 0.1675
	}
}
{volume "piece02"
	{box 5.90551 10.1793 17.343}
	{bone "piece02"}
	{Position 0.1324 	 0.0116 	 -0.5696}
}
{volume "piece03"
	{box 5.90551 28.9007 15.8553}
	{bone "piece03"}
	{matrix34
		1 	 0 	 0
		0 	 0.9563 	 0.2924
		0 	 -0.2924 	 0.9563
		0.1324 	 0.5314 	 -0.1438
	}
}
{volume "piece04"
	{box 5.90551 17.6294 15.8553}
	{bone "piece04"}
	{matrix34
		1 	 0 	 0
		0 	 0.9563 	 0.2924
		0 	 -0.2924 	 0.9563
		0.1324 	 3.1658 	 -0.0872
	}
}
{volume "sub_piece01"
	{box 0.984252 19.7528 19.2478}
	{bone "sub_piece01"}
	{matrix34
		0 	 0.342 	 -0.9397
		-0.9986 	 -0.0492 	 -0.0179
		-0.0523 	 0.9384 	 0.3416
		0.0033 	 -0.238 	 0.3898
	}
}
{volume "sub_piece02"
	{box 5.90551 12.432 10.0531}
	{bone "sub_piece02"}
	{matrix34
		1 	 0 	 0
		0 	 0.9659 	 -0.2588
		0 	 0.2588 	 0.9659
		0.1324 	 -0.4913 	 0.1519
	}
}
{volume "sub_piece03"
	{box 5.90551 21.8844 11.5383}
	{bone "sub_piece03"}
	{matrix34
		1 	 0 	 0
		0 	 0.9563 	 0.2924
		0 	 -0.2924 	 0.9563
		0.1324 	 0.9743 	 -1.37
	}
}
{volume "sub_piece04"
	{box 5.90551 19.7528 9.576}
	{bone "sub_piece04"}
	{matrix34
		1 	 0 	 0
		0 	 0.3907 	 0.9205
		0 	 -0.9205 	 0.3907
		0.1324 	 -0.7674 	 -0.8005
	}
}
{volume "sub_piece05"
	{box 5.90551 15.2097 9.576}
	{bone "sub_piece05"}
	{matrix34
		1 	 0 	 0
		0 	 0.3907 	 0.9205
		0 	 -0.9205 	 0.3907
		0.1324 	 -0.7674 	 -0.8005
	}
}
{volume "target_vol_001"
	{box 9.84252 11.811 15.6501}
	{bone "d005_piece21b_point"}
	{matrix34
		0 	 -1 	 0
		1 	 0 	 0
		0 	 0 	 1
		0.1261 	 -22.0831 	 -7.0218
	}
}
{volume "vol_01"
	{box 52.0554 6.17902 20.1044}
	{bone "d005_piece21b"}
	{matrix34
		-1 	 0 	 0
		0 	 -1 	 0
		0 	 0 	 1
		18.1177 	 -35.9551 	 10.0522
	}
}
{volume "vol_02"
	{polyhedron}
	{bone "d005_piece21b"}
	{matrix34
		-1 	 0 	 0
		0 	 -1 	 0
		0 	 0 	 1
		24.0628 	 -35.9551 	 20.0529
	}
}
{volume "vol_03"
	{box 16.1372 6.17902 13.671}
	{bone "d005_piece21b"}
	{matrix34
		-1 	 0 	 0
		0 	 -1 	 0
		0 	 0 	 1
		-13.8901 	 -35.9551 	 20.0981
	}
}
{volume "vol_04"
	{box 45.2882 6.17902 20.1044}
	{bone "d005_piece21b"}
	{matrix34
		0 	 -1 	 0
		1 	 0 	 0
		0 	 0 	 1
		41.0568 	 -16.3966 	 10.0522
	}
}
{volume "vol_05"
	{box 8.60476 6.17902 14.2742}
	{bone "d005_piece21b"}
	{matrix34
		0 	 -1 	 0
		1 	 0 	 0
		0 	 0 	 1
		41.0568 	 -34.5555 	 27.7181
	}
}
