;Exported by:	 evhen
;Date:			 02.03.2020 15:31:44
;File:			 D:\gem2-mdl-soldiers\models\entourage\ru\cart_ru_001\cart_ru_004.max
{skeleton
	{bone "cart_ru_004"
		{orientation
			1 	 0 	 0
			0 	 -1 	 0
			0 	 0 	 1
		}
		{bone "body"
			{Position 0 	 -0.0076 	 0.981}
			{poly "body"}
		}
	}
}
{obstacle "rectangle001"
	{obb2
		{center 3.34239e-010 0.00764465}
		{extent 39.2901 15.9973}
		{axis 1.62921e-007 1}
	}
	{rotate}
}
{volume "body01"
	{box 64.873 22.9997 0.831828}
	{bone "body"}
	{matrix34
		0 	 1 	 0
		-1 	 0 	 0
		0 	 0 	 1
		0 	 0 	 0.0311
	}
}
{volume "body02"
	{box 64.873 0.689991 6.71743}
	{bone "body"}
	{matrix34
		0 	 1 	 0
		-0.866 	 0 	 -0.5
		-0.5 	 0 	 0.866
		-11.5854 	 0 	 3.9245
	}
}
{volume "body03"
	{box 64.873 0.689991 6.71743}
	{bone "body"}
	{matrix34
		0 	 1 	 0
		-0.866 	 0 	 0.5
		0.5 	 0 	 0.866
		11.7305 	 0 	 3.9245
	}
}
{volume "body04"
	{box 3.7302 25.9897 0.831828}
	{bone "body"}
	{matrix34
		0 	 1 	 0
		-1 	 0 	 0
		0 	 0 	 1
		0 	 23.2182 	 5.8569
	}
}
{volume "body05"
	{box 0.699083 21.0516 2.94467}
	{bone "body"}
	{matrix34
		0 	 1 	 0
		-1 	 0 	 0
		0 	 0 	 1
		0 	 20.0079 	 3.4446
	}
}
{volume "body06"
	{box 0.699083 25.4725 2.14961}
	{bone "body"}
	{matrix34
		0 	 1 	 0
		-1 	 0 	 0
		0 	 0 	 1
		0 	 33.9616 	 5.4125
	}
}
{volume "body07"
	{box 0.699083 25.4725 2.14961}
	{bone "body"}
	{matrix34
		0 	 1 	 0
		-1 	 0 	 0
		0 	 0 	 1
		0 	 -33.8851 	 5.4125
	}
}
{volume "body08"
	{box 12.1195 0.565793 1.30382}
	{bone "body"}
	{matrix34
		-0.1507 	 0.8877 	 0.435
		-0.8845 	 0.0755 	 -0.4604
		-0.4415 	 -0.4542 	 0.7738
		-13.0527 	 26.41 	 9.5174
	}
}
{volume "body09"
	{box 36.601 0.565793 1.30382}
	{bone "body"}
	{matrix34
		-0.1226 	 0.9836 	 0.1322
		-0.8751 	 -0.0443 	 -0.4819
		-0.4681 	 -0.1747 	 0.8662
		-12.9006 	 14.1887 	 11.3053
	}
}
{volume "body10"
	{box 3.7302 22.611 5.33202}
	{bone "body"}
	{matrix34
		0.3007 	 0.9524 	 -0.0499
		-0.8967 	 0.2646 	 -0.3549
		-0.3248 	 0.1515 	 0.9336
		2.1346 	 28.9297 	 5.9627
	}
}
{volume "body11"
	{cylinder 8.78269 1.24895}
	{bone "body"}
	{matrix34
		-0.7392 	 0.6734 	 -0.013
		-0.491 	 -0.5257 	 0.6947
		0.4609 	 0.5199 	 0.7192
		-5.9234 	 -28.2 	 6.8136
	}
}
