;Exported by	: KobaA
;Date			: 26.03.2024 16:06:34
;File			: d:\git\gem2-mdl-soldiers\models\entourage\sandbags\dot_sack_lod.max
{skeleton
	{bone "sandbag2_round_002_x"
		{orientation
			1 	 0 	 0
			0 	 -1 	 0
			0 	 0 	 1
		}
		{bone "piece01"
			{matrix34
				-0.7634 	 0.6346 	 -0.1209
				-0.6388 	 -0.7694 	 -0.0049
				-0.0961 	 0.0735 	 0.9927
				11.2712 	 -4.7541 	 11.1498
			}
			{poly "piece01"}
		}
		{bone "piece02"
			{matrix34
				-0.5691 	 0.7811 	 0.2569
				-0.7388 	 -0.6229 	 0.2573
				0.361 	 -0.0433 	 0.9316
				17.5402 	 -12.4425 	 5.6564
			}
			{poly "piece01"}
		}
		{bone "piece03"
			{matrix34
				0.8921 	 0.4474 	 0.0635
				-0.4508 	 0.8908 	 0.0565
				-0.0313 	 -0.0791 	 0.9964
				9.4843 	 -2.4044 	 2.6942
			}
			{poly "piece01"}
		}
		{bone "piece04"
			{matrix34
				0.9995 	 -0.028 	 0.0147
				0.0288 	 0.998 	 -0.056
				-0.0131 	 0.0564 	 0.9983
				-13.0666 	 3.8189 	 11.4401
			}
			{poly "piece01"}
		}
		{bone "piece05"
			{matrix34
				-0.0165 	 -0.9991 	 -0.04
				0.9958 	 -0.0128 	 -0.0908
				0.0902 	 -0.0413 	 0.9951
				-9.9729 	 4.2423 	 1.7264
			}
			{poly "piece01"}
		}
		{bone "piece06"
			{matrix34
				0.4582 	 0.8879 	 0.0397
				-0.8887 	 0.4586 	 0.0003
				-0.0179 	 -0.0354 	 0.9992
				-29.4498 	 3.5409 	 3.9693
			}
			{poly "piece01"}
		}
		{bone "piece07"
			{matrix34
				-0.9763 	 0.2128 	 0.0397
				-0.2129 	 -0.9771 	 0.0003
				0.0389 	 -0.0081 	 0.9992
				-16.4473 	 5.1277 	 6.6838
			}
			{poly "piece01"}
		}
		{bone "piece08"
			{matrix34
				-0.9519 	 -0.2923 	 0.0919
				0.3041 	 -0.9381 	 0.1657
				0.0377 	 0.1857 	 0.9819
				-0.4115 	 1.068 	 6.6709
			}
			{poly "piece01"}
		}
	}
}
{"volumes"
	{"piece01"
		{box 12.2247 7.47282 3.70425}
		{bone "piece01"}
		{Position 0.4724 	 0 	 -0.0577}
	}
	{"piece02"
		{box 12.2247 7.47282 3.70425}
		{bone "piece02"}
		{Position 0.4724 	 0 	 -0.0577}
	}
	{"piece03"
		{box 12.2247 7.47282 3.70425}
		{bone "piece03"}
		{Position 0.4723 	 0 	 -0.0577}
	}
	{"piece04"
		{box 12.2247 7.47282 3.70425}
		{bone "piece04"}
		{Position 0.4724 	 0 	 -0.0577}
	}
	{"piece05"
		{box 12.2247 7.47282 3.70425}
		{bone "piece05"}
		{Position 0.4723 	 0 	 -0.0577}
	}
	{"piece06"
		{box 12.2247 7.47282 3.70425}
		{bone "piece06"}
		{Position 0.4723 	 0 	 -0.0577}
	}
	{"piece07"
		{box 12.2247 7.47282 3.70425}
		{bone "piece07"}
		{Position 0.4724 	 0 	 -0.0577}
	}
	{"piece08"
		{box 12.2247 7.47282 3.70425}
		{bone "piece08"}
		{Position 0.4724 	 0 	 -0.0577}
	}
}
