;Exported by	: KobaA
;Date			: 27.03.2024 10:09:18
;File			: d:\git\gem2-mdl-soldiers\models\entourage\sandbags\sandbag_woodbeam1_lod.max
{skeleton
	{bone "sandbag_woodbeam1_piece_003_x"
		{orientation
			1 	 0 	 0
			0 	 -1 	 0
			0 	 0 	 1
		}
		{bone "piece06"
			{matrix34
				-0.6554 	 0.7466 	 -0.1146
				0.7427 	 0.6646 	 0.0818
				0.1372 	 -0.0315 	 -0.99
				-23.6802 	 3.0152 	 4.202
			}
			{poly "piece06"}
		}
		{bone "piece08"
			{matrix34
				0.9173 	 -0.2752 	 -0.2878
				-0.3562 	 -0.8902 	 -0.2842
				-0.178 	 0.3632 	 -0.9145
				-4.7839 	 -5.4481 	 9.5482
			}
			{poly "piece06"}
		}
		{bone "piece11"
			{matrix34
				-0.5 	 -0.866 	 0
				-0.866 	 0.5 	 0
				0 	 0 	 -1
				8.6067 	 -9.2558 	 3.6874
			}
			{poly "piece06"}
		}
		{bone "piece10"
			{matrix34
				0.7694 	 0.1893 	 -0.61
				0.0243 	 -0.9631 	 -0.2682
				-0.6382 	 0.1915 	 -0.7456
				19.9074 	 -6.0893 	 11.7432
			}
			{poly "piece06"}
		}
		{bone "piece12"
			{matrix34
				-0.9683 	 0.2173 	 0.1236
				0.2388 	 0.9501 	 0.2008
				-0.0738 	 0.224 	 -0.9718
				-4.4118 	 -5.6593 	 15.4769
			}
			{poly "piece06"}
		}
		{bone "piece05"
			{matrix34
				-0.6681 	 0.3451 	 -0.6592
				0.6661 	 0.6722 	 -0.3231
				0.3316 	 -0.655 	 -0.679
				-18.0822 	 1.1192 	 12.6024
			}
			{poly "piece06"}
		}
		{bone "piece07"
			{matrix34
				-0.8024 	 0.5969 	 0
				0.5969 	 0.8024 	 0
				0 	 0 	 -1
				-9.5952 	 -7.1804 	 3.3615
			}
			{poly "piece06"}
		}
		{bone "piece09"
			{matrix34
				-0.0717 	 0.9034 	 0.4228
				0.9641 	 0.1715 	 -0.2029
				-0.2558 	 0.3931 	 -0.8832
				8.8218 	 -8.3252 	 12.7936
			}
			{poly "piece06"}
		}
		{bone "piece04"
			{matrix34
				-0.6782 	 0.6999 	 0.224
				-0.6541 	 -0.436 	 -0.6181
				-0.335 	 -0.5657 	 0.7535
				-6.7007 	 1.9477 	 11.0771
			}
			{poly "piece04"}
		}
		{bone "piece01"
			{matrix34
				0.3611 	 0.9325 	 0
				-0.9325 	 0.3611 	 0
				0 	 0 	 1
				0.6148 	 0.6712 	 11.6976
			}
			{poly "piece01"}
		}
		{bone "piece02"
			{matrix34
				1 	 0 	 0
				0 	 1 	 0
				0 	 0 	 1
				-23.6923 	 14.1347 	 9.5851
			}
			{poly "piece02"}
		}
		{bone "piece03"
			{matrix34
				-0.4094 	 0.9035 	 0.1271
				-0.9082 	 -0.3903 	 -0.151
				-0.0869 	 -0.1773 	 0.9803
				10.0949 	 0.5137 	 9.1298
			}
			{poly "piece03"}
		}
		{bone "piece13"
			{matrix34
				-0.8094 	 -0.5867 	 -0.0258
				-0.5849 	 0.8093 	 -0.0543
				0.0528 	 -0.0289 	 -0.9982
				24.0193 	 -7.0644 	 3.3386
			}
			{poly "piece13"}
		}
		{bone "piece14"
			{matrix34
				1 	 0 	 0
				0 	 1 	 0
				0 	 0 	 1
				19.7064 	 0.4994 	 9.5851
			}
			{poly "piece14"}
		}
	}
}
{"volumes"
	{"piece01"
		{cylinder 1.18942 21.2727}
		{bone "piece01"}
		{matrix34
			0.3611 	 -0.9325 	 0
			0.9325 	 0.3611 	 0
			0 	 0 	 1
			0 	 0 	 0.0361
		}
	}
	{"piece02"
		{cylinder 1.18942 17.7273}
		{bone "piece02"}
		{matrix34
			1 	 0 	 0
			0 	 1 	 0
			0 	 0 	 1
			0 	 0 	 0.338
		}
	}
	{"piece03"
		{box 11.2148 1.27628 15.9488}
		{bone "piece03"}
		{matrix34
			-0.3524 	 -0.9307 	 -0.0977
			0.9272 	 -0.333 	 -0.1715
			0.1271 	 -0.151 	 0.9803
			-0.8236 	 1.7868 	 0.3539
		}
	}
	{"piece04"
		{box 14.378 1.27628 7.89545}
		{bone "piece04"}
		{matrix34
			-0.8871 	 -0.4495 	 -0.1051
			0.4037 	 -0.6449 	 -0.649
			0.224 	 -0.6181 	 0.7535
			-0.3436 	 0.2048 	 0.3083
		}
	}
	{"piece05"
		{box 11.4392 7.48082 3.35371}
		{bone "piece05"}
		{matrix34
			-1 	 0 	 0
			0 	 1 	 0
			0 	 0 	 -1
			0.3988 	 -0.0029 	 0.3407
		}
	}
	{"piece06"
		{box 11.4392 7.48082 3.35371}
		{bone "piece06"}
		{matrix34
			-1 	 0 	 0
			0 	 1 	 0
			0 	 0 	 -1
			0.0914 	 -0.3221 	 0.2011
		}
	}
	{"piece07"
		{box 11.4392 7.48082 3.35371}
		{bone "piece07"}
		{matrix34
			-1 	 0 	 0
			0 	 1 	 0
			0 	 0 	 -1
			0.3367 	 0.0306 	 0.393
		}
	}
	{"piece08"
		{box 11.4392 7.48082 3.35371}
		{bone "piece08"}
		{matrix34
			-1 	 0 	 0
			0 	 1 	 0
			0 	 0 	 -1
			0.3367 	 0.0306 	 0.4672
		}
	}
	{"piece09"
		{box 11.4392 7.48082 3.35371}
		{bone "piece09"}
		{matrix34
			-1 	 0 	 0
			0 	 1 	 0
			0 	 0 	 -1
			0.3367 	 0.0306 	 0.3623
		}
	}
	{"piece10"
		{box 11.4392 7.48082 3.35371}
		{bone "piece10"}
		{matrix34
			-1 	 0 	 0
			0 	 1 	 0
			0 	 0 	 -1
			0.3367 	 0.0306 	 0.3951
		}
	}
	{"piece11"
		{box 11.4392 7.48082 3.35371}
		{bone "piece11"}
		{matrix34
			-1 	 0 	 0
			0 	 1 	 0
			0 	 0 	 -1
			0.3367 	 0.0305 	 0.0606
		}
	}
	{"piece12"
		{box 11.4392 7.48082 3.35371}
		{bone "piece12"}
		{matrix34
			-1 	 0 	 0
			0 	 1 	 0
			0 	 0 	 -1
			0.3367 	 0.0306 	 0.086
		}
	}
	{"piece13"
		{box 11.4392 7.48082 3.35371}
		{bone "piece13"}
		{matrix34
			-1 	 0 	 0
			0 	 1 	 0
			0 	 0 	 -1
			0.3367 	 0.0306 	 0.393
		}
	}
	{"piece14"
		{cylinder 1.18942 17.7273}
		{bone "piece14"}
		{matrix34
			1 	 0 	 0
			0 	 1 	 0
			0 	 0 	 1
			0 	 0 	 0.338
		}
	}
}
