;Exported by	: joomb
;Date			: 13.04.2023 12:44:04
;File			: H:\git\gem2-mdl-soldiers\models\building\building_ua01\building_ua02_v2.max
{skeleton
	{bone "b_ua_02_piece13"
		{orientation
			1 	 0 	 0
			0 	 -1 	 0
			0 	 0 	 1
		}
		{poly "b_ua_02_piece13"}
		{bone "fix04"
			{Position -20.9561 	 61.1112 	 -52.4241}
		}
		{bone "fix02"
			{Position -51.9956 	 16.9332 	 -52.4241}
		}
		{bone "fix03"
			{Position -51.9956 	 -19.8441 	 -52.4241}
		}
		{bone "fix05"
			{Position 43.7433 	 -53.9665 	 -52.4241}
		}
	}
}
{"volumes"
	{"roof1"
		{polyhedron}
		{bone "b_ua_02_piece13"}
		{matrix34
			1 	 0 	 0
			0 	 0.7981 	 -0.6025
			0 	 0.6025 	 0.7981
			2.44 	 -47.2325 	 -26.617
		}
	}
	{"roof2"
		{polyhedron}
		{bone "b_ua_02_piece13"}
		{matrix34
			0.0111 	 0.9998 	 -0.0155
			-0.8896 	 0.0028 	 -0.4567
			-0.4566 	 0.0188 	 0.8895
			28.8456 	 -37.5349 	 -31.8821
		}
	}
	{"roof3"
		{polyhedron}
		{bone "b_ua_02_piece13"}
		{matrix34
			-1 	 0 	 0
			0 	 -0.7981 	 -0.6025
			0 	 -0.6025 	 0.7981
			35.1999 	 56.3334 	 -27.322
		}
	}
	{"roof4"
		{polyhedron}
		{bone "b_ua_02_piece13"}
		{matrix34
			0 	 -1 	 0
			0.8906 	 0 	 -0.4548
			0.4548 	 0 	 0.8906
			-49.3219 	 -6.056 	 -27.7675
		}
	}
	{"roof5"
		{polyhedron}
		{bone "b_ua_02_piece13"}
		{matrix34
			1 	 0 	 0
			0 	 0.7981 	 -0.6025
			0 	 0.6025 	 0.7981
			23.7255 	 -56.1528 	 -38.4322
		}
	}
}
