;Exported by:	 tolokolnikova
;Date:			 27.06.2017 14:57:06
;File:			 D:\gem2\gem2-mdl-soldiers\models\building\house_D\D_005_cut_x_fort.max
{skeleton
	{bone "d005_piece10_point"
		{orientation
			1 	 0 	 0
			0 	 -1 	 0
			0 	 0 	 1
		}
		{bone "piece02"
			{matrix34
				1 	 0 	 0
				0 	 0.9063 	 0.4226
				0 	 -0.4226 	 0.9063
				16.0721 	 22.9595 	 8.7225
			}
			{poly "piece02"}
		}
		{bone "piece01"
			{matrix34
				-0.9659 	 0 	 0.2588
				0 	 1 	 0
				-0.2588 	 0 	 -0.9659
				-0.9471 	 29.5827 	 -0.0657
			}
			{poly "piece01"}
		}
		{bone "sub_piece02"
			{Position -9.465 	 29.5876 	 14.2978}
			{poly "sub_piece02"}
		}
		{bone "sub_piece01"
			{Position 9.9157 	 29.5318 	 13.542}
			{poly "sub_piece01"}
		}
		{bone "d005_piece10"
			{Position 0 	 0 	 0}
			{poly "d005_piece10"}
		}
		{bone revolute "attach1"
			{matrix34
				0 	 1 	 0
				-1 	 0 	 0
				0 	 0 	 1
				2.4517 	 16.1446 	 -22.1984
			}
		}
	}
}
{volume "piece01"
	{box 5.90551 13.158 7.08905}
	{bone "piece01"}
	{matrix34
		0 	 1 	 0
		-0.9563 	 0 	 0.2924
		0.2924 	 0 	 0.9563
		1.006 	 0.1072 	 -0.1866
	}
}
{volume "piece02"
	{box 5.90551 17.3874 13.6328}
	{bone "piece02"}
	{matrix34
		-1 	 0 	 0
		0 	 0.2079 	 0.9781
		0 	 0.9781 	 -0.2079
		0.6606 	 1.843 	 3.4583
	}
}
{volume "sub_piece01"
	{box 5.90551 12.7925 10.4432}
	{bone "sub_piece01"}
	{matrix34
		0 	 1 	 0
		-1 	 0 	 0
		0 	 0 	 1
		0.3003 	 0.05 	 -0.409
	}
}
{volume "sub_piece02"
	{box 5.90551 9.21062 9.02121}
	{bone "sub_piece02"}
	{matrix34
		0 	 1 	 0
		-0.9962 	 0 	 -0.0872
		-0.0872 	 0 	 0.9962
		-0.494 	 0.05 	 -0.2349
	}
}
{volume "target_vol_001"
	{box 9.84252 11.811 15.6501}
	{bone "d005_piece10_point"}
	{matrix34
		0 	 1 	 0
		-1 	 0 	 0
		0 	 0 	 1
		2.4517 	 29.9549 	 2.0791
	}
}
{volume "vol_01"
	{box 36.3952 6.17902 12.734}
	{bone "d005_piece10"}
	{Position 0.8514 	 29.4183 	 -21.4657}
}
{volume "vol_02"
	{box 19.2895 6.17902 6.36699}
	{bone "d005_piece10"}
	{Position 9.5433 	 29.4183 	 -12.0944}
}
{volume "vol_03"
	{box 14.5581 6.17902 22.1571}
	{bone "d005_piece10"}
	{matrix34
		0 	 -1 	 0
		1 	 0 	 0
		0 	 0 	 1
		16.2004 	 25.4012 	 -16.7541
	}
}
