;Exported by	: KobaA
;Date			: 05.03.2024 10:29:16
;File			: d:\git\gem2-mdl-soldiers\models\building\house_40\house_40_new_cut_x.max
{skeleton
	{bone "house_40_g2_piece_014_x"
		{orientation
			1 	 0 	 0
			0 	 -1 	 0
			0 	 0 	 1
		}
		{bone "sub_piece01"
			{matrix34
				0.866 	 0 	 -0.5
				0 	 1 	 0
				0.5 	 0 	 0.866
				12.6835 	 -2.1311 	 10.6417
			}
			{poly "sub_piece01"}
		}
		{bone "sub_piece02"
			{matrix34
				0.866 	 0 	 -0.5
				0 	 1 	 0
				0.5 	 0 	 0.866
				26.8395 	 -9.0423 	 2.4687
			}
			{poly "sub_piece02"}
		}
		{bone "sub_piece03"
			{matrix34
				-0.866 	 0 	 -0.5
				0 	 -1 	 0
				-0.5 	 0 	 0.866
				-13.6046 	 -7.694 	 10.6417
			}
			{poly "sub_piece03"}
		}
		{bone "sub_piece04"
			{matrix34
				-0.866 	 0 	 -0.5
				0 	 -1 	 0
				-0.5 	 0 	 0.866
				-27.7607 	 -0.7828 	 2.4687
			}
			{poly "sub_piece04"}
		}
	}
}
{"volumes"
	{"sub_piece01"
		{box 6.06543 29.0128 0.984253}
		{bone "sub_piece01"}
		{Position -0.0054 	 1.6042 	 0}
	}
	{"sub_piece02"
		{box 6.06543 29.0128 0.984253}
		{bone "sub_piece02"}
		{Position -0.0794 	 1.0924 	 0}
	}
	{"sub_piece03"
		{box 6.06543 29.0128 0.984253}
		{bone "sub_piece03"}
		{Position -0.0054 	 1.6042 	 0}
	}
	{"sub_piece04"
		{box 6.06543 29.0128 0.984253}
		{bone "sub_piece04"}
		{Position -0.0794 	 1.0924 	 0}
	}
}
