;Exported by:	 tolokolnikova
;Date:			 05.02.2016 17:21:55
;File:			 D:\gem2\gem2-mdl-soldiers\models\entourage\ruin_stuff\Oblomki001_g2_x.max
{skeleton
	{bone "ruin_wall_c_g2_x"
		{orientation
			1 	 0 	 0
			0 	 -1 	 0
			0 	 0 	 1
		}
		{poly "ruin_wall_c_g2_x"}
		{bone "sub_piece01"
			{matrix34
				0.2588 	 0 	 -0.9659
				0 	 1 	 0
				0.9659 	 0 	 0.2588
				7.9869 	 0.0152 	 34.8121
			}
			{poly "sub_piece01"}
		}
		{bone "sub_piece02"
			{matrix34
				0.4226 	 0 	 0.9063
				0 	 1 	 0
				-0.9063 	 0 	 0.4226
				19.5812 	 0.0152 	 28.822
			}
			{poly "sub_piece02"}
		}
		{bone "sub_piece03"
			{matrix34
				0.4226 	 0 	 0.9063
				0 	 1 	 0
				-0.9063 	 0 	 0.4226
				-17.9579 	 0.0152 	 5.7077
			}
			{poly "sub_piece03"}
		}
		{bone "sub_piece04"
			{matrix34
				0.4226 	 0 	 0.9063
				0 	 1 	 0
				-0.9063 	 0 	 0.4226
				-41.8664 	 0.0152 	 35.401
			}
			{poly "sub_piece04"}
		}
		{bone "piece04"
			{Position -14.3854 	 0.0209 	 24.8686}
			{poly "piece04"}
		}
		{bone "piece03"
			{matrix34
				-0.4226 	 0 	 -0.9063
				0 	 1 	 0
				0.9063 	 0 	 -0.4226
				12.5052 	 0.0152 	 10.955
			}
			{poly "piece03"}
		}
		{bone "piece02"
			{matrix34
				-0.9659 	 0 	 -0.2588
				0 	 1 	 0
				0.2588 	 0 	 -0.9659
				-34.1932 	 0.0152 	 12.5651
			}
			{poly "piece02"}
		}
		{bone "piece01"
			{Position 33.9414 	 -0.0421 	 26.7144}
			{poly "piece01"}
		}
	}
}
{volume "piece01"
	{box 19.7589 11.811 16.3892}
	{bone "piece01"}
	{Position -0.5153 	 0 	 -3.8066}
}
{volume "piece02"
	{box 16.2023 11.811 22.7689}
	{bone "piece02"}
	{matrix34
		0.9063 	 0 	 0.4226
		0 	 1 	 0
		-0.4226 	 0 	 0.9063
		-0.0781 	 0 	 -6.3809
	}
}
{volume "piece03"
	{box 19.7589 11.811 22.6556}
	{bone "piece03"}
	{Position -0.2927 	 0 	 -3.6574}
}
{volume "piece04"
	{box 15.0148 11.811 15.2876}
	{bone "piece04"}
	{Position 0.3021 	 -0.0058 	 -5.1284}
}
{volume "sub_piece01"
	{box 8.66627 11.811 12.8668}
	{bone "sub_piece01"}
	{matrix34
		0.866 	 0 	 -0.5
		0 	 1 	 0
		0.5 	 0 	 0.866
		0.735 	 0 	 -2.6252
	}
}
{volume "sub_piece02"
	{box 6.71804 11.811 7.80961}
	{bone "sub_piece02"}
	{Position -0.235 	 0 	 -0.6792}
}
{volume "sub_piece03"
	{box 6.71804 11.811 7.80961}
	{bone "sub_piece03"}
	{Position -0.235 	 0 	 -0.6792}
}
{volume "sub_piece04"
	{box 6.71804 11.811 7.80961}
	{bone "sub_piece04"}
	{Position -0.235 	 0 	 -0.6792}
}
