;Exported by	: KobaA
;Date			: 17.01.2024 13:27:04
;File			: d:\git\gem2-mdl-soldiers\models\building\water_mill\water_mill_fort_cut.max
{skeleton
	{bone "h_80a_g2_piece08"
		{orientation
			1 	 0 	 0
			0 	 -1 	 0
			0 	 0 	 1
		}
		{poly "h_80a_g2_piece08"}
		{bone "fix04"
			{Position -18.7992 	 0.6126 	 -54.5187}
		}
		{bone "fix05"
			{Position -18.7992 	 -29.6462 	 -48.3559}
		}
		{bone "fix06"
			{Position -18.7992 	 25.8318 	 -34.8923}
		}
		{bone "exterior"
			{Position 5.6492 	 -0.4564 	 -8.6895}
			{poly "exterior"}
		}
	}
}
{"volumes"
	{"body1"
		{polyhedron}
		{bone "h_80a_g2_piece08"}
		{matrix34
			0 	 -0.6428 	 0.766
			1 	 0 	 0
			0 	 0.766 	 0.6428
			-18.7893 	 -28.6543 	 -32.2357
		}
	}
	{"body2"
		{polyhedron}
		{bone "h_80a_g2_piece08"}
		{matrix34
			0 	 0.6428 	 0.766
			1 	 0 	 0
			0 	 0.766 	 -0.6428
			-18.7893 	 -11.5069 	 0.3177
		}
	}
	{"body3"
		{polyhedron}
		{bone "h_80a_g2_piece08"}
		{matrix34
			0 	 -0.7694 	 0.6388
			1 	 0 	 0
			0 	 0.6388 	 0.7694
			-18.7893 	 13.8368 	 -40.08
		}
	}
	{"body4"
		{polyhedron}
		{bone "h_80a_g2_piece08"}
		{matrix34
			0 	 0.8192 	 -0.5736
			1 	 0 	 0
			0 	 -0.5736 	 -0.8192
			-18.7893 	 -14.7061 	 -33.1434
		}
	}
	{"body5"
		{polyhedron}
		{bone "h_80a_g2_piece08"}
		{matrix34
			0 	 -1 	 0
			1 	 0 	 0
			0 	 0 	 1
			-18.8218 	 -1.0809 	 -41.8826
		}
	}
	{"body6"
		{polyhedron}
		{bone "h_80a_g2_piece08"}
		{matrix34
			0 	 -1 	 0
			1 	 0 	 0
			0 	 0 	 1
			-27.2536 	 -0.3516 	 -39.1077
		}
	}
	{"floor1"
		{polyhedron}
		{bone "exterior"}
		{Position -2.5569 	 4.2914 	 -22.5286}
	}
	{"floor2"
		{polyhedron}
		{bone "h_80a_g2_piece08"}
		{Position -7.5365 	 -20.8185 	 -31.218}
	}
	{"roof1"
		{polyhedron}
		{bone "exterior"}
		{matrix34
			1 	 0 	 0
			0 	 0.766 	 -0.6428
			0 	 0.6428 	 0.766
			-11.7213 	 14.158 	 8.3796
		}
	}
	{"roof2"
		{polyhedron}
		{bone "exterior"}
		{matrix34
			1 	 0 	 0
			0 	 0.766 	 -0.6428
			0 	 0.6428 	 0.766
			-20.5882 	 34.0958 	 -8.3502
		}
	}
	{"roof3"
		{polyhedron}
		{bone "exterior"}
		{matrix34
			1 	 0 	 0
			0 	 0.766 	 -0.6428
			0 	 0.6428 	 0.766
			13.9048 	 2.5072 	 18.1557
		}
	}
	{"roof4"
		{polyhedron}
		{bone "exterior"}
		{matrix34
			-1 	 0 	 0
			0 	 -0.766 	 -0.6428
			0 	 -0.6428 	 0.766
			-2.5649 	 -17.5823 	 5.2724
		}
	}
}
