;Exported by	: joomb
;Date			: 13.04.2023 12:44:04
;File			: H:\git\gem2-mdl-soldiers\models\building\building_ua01\building_ua02_v2.max
{skeleton
	{bone "b_ua_02_piece12"
		{orientation
			1 	 0 	 0
			0 	 -1 	 0
			0 	 0 	 1
		}
		{poly "b_ua_02_piece12"}
		{bone "fix01"
			{Position 0.5348 	 -44.109 	 -56.2115}
		}
	}
}
{"volumes"
	{"roof1"
		{polyhedron}
		{bone "b_ua_02_piece12"}
		{matrix34
			0 	 -1 	 0
			0.8476 	 0 	 -0.5307
			0.5307 	 0 	 0.8476
			-38.8189 	 14.6781 	 -24.359
		}
	}
	{"roof2"
		{polyhedron}
		{bone "b_ua_02_piece12"}
		{matrix34
			1 	 0 	 0
			0 	 0.866 	 -0.5
			0 	 0.5 	 0.866
			13.1831 	 -40.8361 	 -25.5271
		}
	}
	{"roof3"
		{polyhedron}
		{bone "b_ua_02_piece12"}
		{matrix34
			1 	 0 	 0
			0 	 0.866 	 -0.5
			0 	 0.5 	 0.866
			-27.0706 	 -40.8361 	 -25.5271
		}
	}
	{"roof4"
		{polyhedron}
		{bone "b_ua_02_piece12"}
		{matrix34
			0.0124 	 0.9998 	 -0.0145
			-0.8464 	 0.0028 	 -0.5325
			-0.5324 	 0.0188 	 0.8463
			44.3793 	 8.5356 	 -29.2476
		}
	}
	{"roof5"
		{polyhedron}
		{bone "b_ua_02_piece12"}
		{matrix34
			0.0124 	 0.9998 	 -0.0145
			-0.8464 	 0.0028 	 -0.5325
			-0.5324 	 0.0188 	 0.8463
			47.7075 	 -39.5328 	 -34.7876
		}
	}
	{"roof6"
		{polyhedron}
		{bone "b_ua_02_piece12"}
		{matrix34
			0.0124 	 0.9998 	 -0.0145
			-0.8464 	 0.0028 	 -0.5325
			-0.5324 	 0.0188 	 0.8463
			47.9553 	 -19.4858 	 -35.0775
		}
	}
}
