;Exported by	: KobaA
;Date			: 12.03.2024 14:37:12
;File			: d:\git\gem2-mdl-soldiers\models\entourage\railway\trainstation\station004.max
{skeleton
	{bone "station004_piece_008"
		{orientation
			1 	 0 	 0
			0 	 -1 	 0
			0 	 0 	 1
		}
		{poly "station004_piece_008"}
		{bone "fix5"
			{Position 0.5676 	 -29.5585 	 -16.8458}
		}
		{bone "fix6"
			{Position 0.5676 	 30.0925 	 -16.8458}
		}
	}
}
{"volumes"
	{"body01"
		{polyhedron}
		{bone "station004_piece_008"}
		{matrix34
			0 	 1 	 0
			-1 	 0 	 0
			0 	 0 	 1
			0.5676 	 1.809 	 4.9434
		}
	}
	{"roof01"
		{polyhedron}
		{bone "station004_piece_008"}
		{matrix34
			1 	 0 	 0
			0 	 0.9703 	 -0.2419
			0 	 0.2419 	 0.9703
			6.6618 	 18.3677 	 16.5333
		}
	}
	{"roof02"
		{polyhedron}
		{bone "station004_piece_008"}
		{matrix34
			-1 	 0 	 0
			0 	 -0.9703 	 -0.2419
			0 	 -0.2419 	 0.9703
			7.0403 	 -18.6751 	 16.3703
		}
	}
	{"roof03"
		{polyhedron}
		{bone "station004_piece_008"}
		{matrix34
			1 	 0 	 0
			0 	 0.9703 	 -0.2419
			0 	 0.2419 	 0.9703
			30.982 	 7.4686 	 19.2508
		}
	}
	{"roof04"
		{polyhedron}
		{bone "station004_piece_008"}
		{matrix34
			-1 	 0 	 0
			0 	 -0.9703 	 -0.2419
			0 	 -0.2419 	 0.9703
			31.293 	 -8.1624 	 18.9914
		}
	}
}
