;Exported by: sk
;Date:        Fri Feb 24 15:17:34 2006
;File:        D:\-Projects1_5-\-3DWork-\City_Du\Bahnhof_house\BB_x.max
{Skeleton
	{bone "fdl_corner19_x"
		{Orientation
			1	0	0
			0	-1	0
			0	0	1
		}
		{bone "piece02"
			{Matrix34
				0	1	0
				0	0	1
				1	0	0
				-22.9364	5.26361	-2.01083
			}
			{poly "piece02"}
		}
		{bone "piece01"
			{Matrix34
				0	1	0
				0	0	1
				1	0	0
				-22.9364	-8.9938	44.6495
			}
			{poly "piece01"}
		}
		{bone "piece08"
			{Matrix34
				0	-1	0
				-0.573576	0	0.819152
				-0.819152	0	-0.573576
				-36.6186	-21.6761	-22.7493
			}
			{poly "piece08"}
		}
		{bone "piece07"
			{Matrix34
				0	-1	0
				0	0	1
				-1	0	0
				-6.85728	-21.6762	-39.1565
			}
			{poly "piece07"}
		}
		{bone "piece06"
			{Matrix34
				0.984808	0	-0.173648
				0.173648	0	0.984808
				0	-1	0
				22.9344	-21.6622	-36.6475
			}
			{poly "piece06"}
		}
		{bone "piece05"
			{Matrix34
				1	0	0
				0	0	1
				0	-1	0
				-7.6534	-21.6621	-9.58895
			}
			{poly "piece05"}
		}
		{bone "piece04"
			{Matrix34
				0.965926	0	-0.258819
				0.258819	0	0.965926
				0	-1	0
				-41.8443	-21.6621	8.88377
			}
			{poly "piece04"}
		}
		{bone "piece03"
			{Matrix34
				0	-1	0
				0	0	1
				-1	0	0
				-35.5549	-21.6761	43.8064
			}
			{poly "piece03"}
		}
	}
}
{Volume "piece01"
	{Box 19.7402 34.6904 9.84252}
	{Bone "piece01"}
	{Position -1.36278e-005	-1.87076e-005	-1.04129e-005}
}
{Volume "piece02"
	{Box 28.3039 29.4651 9.84252}
	{Bone "piece02"}
	{Position -1.22371e-005	0	-1.03562e-005}
}
{Volume "piece03"
	{Box 9.84253 27.3702 23.605}
	{Bone "piece03"}
	{Position 6.89639e-005	-1.10086e-005	0}
}
{Volume "piece04"
	{Box 19.7402 34.6904 9.8425}
	{Bone "piece04"}
	{Position 0	0	-1.41211e-005}
}
{Volume "piece05"
	{Box 28.3039 29.4651 9.8425}
	{Bone "piece05"}
	{Position 0	0	-4.1789e-005}
}
{Volume "piece06"
	{Box 34.2651 26.417 9.84253}
	{Bone "piece06"}
	{Position 0	0	-3.80667e-005}
}
{Volume "piece07"
	{Box 9.84253 22.012 24.1843}
	{Bone "piece07"}
	{Position 0	0	0}
}
{Volume "piece08"
	{Box 9.84253 22.0289 18.9694}
	{Bone "piece08"}
	{Position 3.40912e-005	0.505872	0.0597197}
}
