;Exported by	: KobaA
;Date			: 16.01.2024 17:41:39
;File			: d:\git\gem2-mdl-soldiers\models\building\house_d\d_001_x_fort.max
{skeleton
	{bone "d001_piece12_point"
		{orientation
			1 	 0 	 0
			0 	 -1 	 0
			0 	 0 	 1
		}
		{bone "piece01"
			{Position -38.4748 	 25.8814 	 -3.6077}
			{poly "piece01"}
		}
		{bone "piece02"
			{Position -38.4748 	 -19.2195 	 6.0079}
			{poly "piece02"}
		}
		{bone "piece03"
			{matrix34
				1 	 0 	 0
				0 	 0.9397 	 -0.342
				0 	 0.342 	 0.9397
				-38.4748 	 1.2178 	 -14.2415
			}
			{poly "piece03"}
		}
		{bone "sub_piece01"
			{Position -38.4748 	 9.2184 	 6.9881}
			{poly "sub_piece01"}
		}
		{bone "sub_piece02"
			{Position -38.4748 	 37.6446 	 -19.5731}
			{poly "sub_piece02"}
		}
		{bone "sub_piece03"
			{Position -38.4748 	 -14.5347 	 -32.5163}
			{poly "sub_piece03"}
		}
		{bone "sub_piece04"
			{matrix34
				0 	 1 	 0
				-0.919 	 0 	 -0.3942
				-0.3942 	 0 	 0.919
				-1.0047 	 -24.5655 	 38.231
			}
			{poly "sub_piece04"}
		}
		{bone "sub_piece05"
			{matrix34
				0.3907 	 0 	 -0.9205
				0 	 1 	 0
				-0.9205 	 0 	 -0.3907
				-0.9152 	 16.2758 	 38.0991
			}
			{poly "sub_piece05"}
		}
		{bone "sub_piece06"
			{matrix34
				0.3907 	 0 	 -0.9205
				0 	 1 	 0
				-0.9205 	 0 	 -0.3907
				-32.2699 	 -14.7879 	 24.7899
			}
			{poly "sub_piece06"}
		}
		{bone "sub_piece07"
			{matrix34
				0 	 1 	 0
				-0.919 	 0 	 -0.3942
				-0.3942 	 0 	 0.919
				-25.4672 	 14.4304 	 27.7382
			}
			{poly "sub_piece07"}
		}
		{bone "sub_piece08"
			{matrix34
				1 	 0 	 0
				0 	 0.0176 	 -0.9998
				0 	 0.9998 	 0.0176
				-38.4748 	 -23.7067 	 -17.5473
			}
			{poly "sub_piece08"}
		}
	}
}
{"volumes"
	{"piece01"
		{box 5.90551 23.0563 11.545}
		{bone "piece01"}
		{matrix34
			1 	 0 	 0
			0 	 0.7071 	 0.7071
			0 	 -0.7071 	 0.7071
			0 	 -0.3267 	 0.1134
		}
	}
	{"piece02"
		{box 5.90551 24.4651 14.1501}
		{bone "piece02"}
		{Position 0 	 -1.7284 	 -0.4174}
	}
	{"piece03"
		{box 5.90551 24.4651 14.1501}
		{bone "piece03"}
		{Position 0 	 -1.7284 	 -3.0265}
	}
	{"sub_piece01"
		{box 5.90551 13.2244 9.5609}
		{bone "sub_piece01"}
		{Position 0 	 0 	 0.9177}
	}
	{"sub_piece02"
		{box 5.90551 15.1684 12.3106}
		{bone "sub_piece02"}
		{Position 0 	 -0.1438 	 0.0479}
	}
	{"sub_piece03"
		{box 5.90551 15.1684 12.3106}
		{bone "sub_piece03"}
		{Position 0 	 -0.1438 	 -1.077}
	}
	{"sub_piece04"
		{box 11.6938 12.7576 0.734194}
		{bone "sub_piece04"}
		{matrix34
			0 	 -1 	 -0.005
			1 	 0 	 0
			0 	 -0.005 	 1
			-1.3226 	 -0.0607 	 0.1706
		}
	}
	{"sub_piece05"
		{box 16.2414 12.8865 0.734194}
		{bone "sub_piece05"}
		{matrix34
			-0.0012 	 0 	 1
			0 	 -1 	 0
			1 	 0 	 0.0012
			0.1316 	 1.8383 	 0.0057
		}
	}
	{"sub_piece06"
		{box 18.3528 12.8865 0.734194}
		{bone "sub_piece06"}
		{matrix34
			-0.0012 	 0 	 1
			0 	 -1 	 0
			1 	 0 	 0.0012
			0.1567 	 1.4573 	 -0.9012
		}
	}
	{"sub_piece07"
		{box 11.6938 12.7576 0.734194}
		{bone "sub_piece07"}
		{matrix34
			0 	 -1 	 -0.005
			1 	 0 	 0
			0 	 -0.005 	 1
			-1.3226 	 -0.0607 	 0.1707
		}
	}
	{"sub_piece08"
		{box 5.90551 8.06687 9.08286}
		{bone "sub_piece08"}
		{matrix34
			1 	 0 	 0
			0 	 0 	 1
			0 	 -1 	 0
			0 	 -0.8207 	 0.5306
		}
	}
}
