;Exported by: Ekaterina
;Date:        Mon May 05 12:03:59 2008
;File:        D:\-Project-\-3DWork-\africa\stone_c\stone_c_x.max
{Skeleton
	{bone "stone_c3small_x"
		{Orientation
			1	0	0
			0	-1	0
			0	0	1
		}
		{bone "piece01"
			{Position 4.11113	4.41901	10.1602}
			{VolumeView "piece01.ply"}
		}
		{bone "sub_piece02"
			{Position -11.783	-3.12794	4.58034}
			{VolumeView "sub_piece02.ply"}
		}
		{bone "sub_piece03"
			{Matrix34
				1	0	0
				0	-0.0574046	0.998351
				0	-0.998351	-0.0574046
				-5.88353	-13.7556	4.58034
			}
			{VolumeView "sub_piece03.ply"}
		}
	}
}
{Volume "piece01"
	{Box 6.23983 9.65319 6.03485}
	{Bone "piece01"}
	{Matrix34
		0.807265	0.59019	0
		-0.59019	0.807265	0
		0	0	1
		-1.07462	-0.536381	-0.388824
	}
}
{Volume "sub_piece02"
	{Box 10.0047 6.58527 6.76778}
	{Bone "sub_piece02"}
	{Matrix34
		0.928365	0.37167	0
		-0.37167	0.928365	0
		0	0	1
		1.88138	1.08393	0.389061
	}
}
{Volume "sub_piece03"
	{Box 9.05522 5.43285 8.0803}
	{Bone "sub_piece03"}
	{Matrix34
		0.64926	0.04366	0.759312
		-0.0436601	0.998844	-0.0201008
		-0.759312	-0.0201009	0.650416
		0.673871	1.13681	0.522617
	}
}
