;Exported by:	 tolokolnikova
;Date:			 27.06.2017 14:57:05
;File:			 D:\gem2\gem2-mdl-soldiers\models\building\house_D\D_005_cut_x_fort.max
{skeleton
	{bone "d005_piece22_point"
		{orientation
			1 	 0 	 0
			0 	 -1 	 0
			0 	 0 	 1
		}
		{bone "piece01"
			{Position 57.0425 	 36.3696 	 -5.6658}
			{poly "piece01"}
		}
		{bone "piece02"
			{matrix34
				1 	 0 	 0
				0 	 0.4226 	 -0.9063
				0 	 0.9063 	 0.4226
				57.0785 	 15.1074 	 7.8615
			}
			{poly "piece02"}
		}
		{bone "piece03"
			{Position 57.077 	 3.4678 	 -5.9358}
			{poly "piece03"}
		}
		{bone "piece04"
			{Position 57.0425 	 -10.5519 	 11.0881}
			{poly "piece04"}
		}
		{bone "piece05"
			{matrix34
				0 	 1 	 0
				-1 	 0 	 0
				0 	 0 	 1
				22.942 	 51.8847 	 -3.5676
			}
			{poly "piece05"}
		}
		{bone "sub_piece01"
			{matrix34
				0 	 1 	 0
				-1 	 0 	 0
				0 	 0 	 1
				51.7404 	 51.9913 	 -6.2323
			}
			{poly "sub_piece01"}
		}
		{bone "sub_piece07"
			{matrix34
				0 	 0.7071 	 0.7071
				0 	 0.7071 	 -0.7071
				1 	 0 	 0
				25.8855 	 0.2308 	 20.7371
			}
			{poly "sub_piece07"}
		}
		{bone "sub_piece06"
			{matrix34
				1 	 0 	 0
				0 	 -0.3746 	 0.9272
				0 	 0.9272 	 0.3746
				26.3013 	 -30.6483 	 8.8229
			}
			{poly "sub_piece06"}
		}
		{bone "sub_piece03"
			{Position 16.4386 	 21.0799 	 15.8692}
			{poly "sub_piece03"}
		}
		{bone "sub_piece02"
			{Position 37.3454 	 47.5183 	 6.7789}
			{poly "sub_piece02"}
		}
		{bone "sub_piece05"
			{Position 19.9368 	 -11.3669 	 19.0358}
			{poly "sub_piece05"}
		}
		{bone "sub_piece04"
			{Position 50.0854 	 -15.3232 	 17.2027}
			{poly "sub_piece04"}
		}
	}
}
{volume "piece01"
	{box 5.90551 28.9007 15.8553}
	{bone "piece01"}
	{matrix34
		1 	 0 	 0
		0 	 0.9563 	 0.2924
		0 	 -0.2924 	 0.9563
		0.1324 	 1.2726 	 -0.0872
	}
}
{volume "piece02"
	{box 5.90551 11.1391 16.7443}
	{bone "piece02"}
	{matrix34
		1 	 0 	 0
		0 	 0.766 	 -0.6428
		0 	 0.6428 	 0.766
		0.1324 	 -1.0417 	 0.265
	}
}
{volume "piece03"
	{box 5.90551 12.432 15.0046}
	{bone "piece03"}
	{matrix34
		1 	 0 	 0
		0 	 0.9659 	 -0.2588
		0 	 0.2588 	 0.9659
		0.1324 	 -0.3966 	 -0.4346
	}
}
{volume "piece04"
	{box 5.90551 21.6755 12.5257}
	{bone "piece04"}
	{matrix34
		1 	 0 	 0
		0 	 0.9563 	 0.2924
		0 	 -0.2924 	 0.9563
		0.1324 	 -0.8942 	 -0.1957
	}
}
{volume "piece05"
	{box 5.90551 18.4964 15.8553}
	{bone "piece05"}
	{matrix34
		1 	 0 	 0
		0 	 0.9563 	 0.2924
		0 	 -0.2924 	 0.9563
		0.2417 	 -1.2694 	 0.3194
	}
}
{volume "sub_piece01"
	{box 5.90551 10.1035 9.83291}
	{bone "sub_piece01"}
	{matrix34
		-1 	 0 	 0
		0 	 -1 	 0
		0 	 0 	 1
		-0.0283 	 0.0282 	 1.1537
	}
}
{volume "sub_piece02"
	{box 18.209 17.8255 1.09166}
	{bone "sub_piece02"}
	{matrix34
		-1 	 0 	 0
		0 	 -0.9397 	 0.342
		0 	 0.342 	 0.9397
		1.7532 	 2.4998 	 -0.4546
	}
}
{volume "sub_piece03"
	{box 13.9 18.1892 1.09166}
	{bone "sub_piece03"}
	{matrix34
		-1 	 0 	 0
		0 	 -0.9397 	 0.342
		0 	 0.342 	 0.9397
		0 	 0.1867 	 0.5129
	}
}
{volume "sub_piece04"
	{box 19.2166 14.5671 1.09166}
	{bone "sub_piece04"}
	{matrix34
		1 	 0 	 0
		0 	 0.9397 	 0.342
		0 	 -0.342 	 0.9397
		-1.8191 	 0.0893 	 0.3287
	}
}
{volume "sub_piece05"
	{box 0.984252 19.7528 19.2478}
	{bone "sub_piece05"}
	{matrix34
		0 	 0.342 	 -0.9397
		-0.9986 	 -0.0492 	 -0.0179
		-0.0523 	 0.9384 	 0.3416
		0.0033 	 -0.238 	 0.3898
	}
}
{volume "sub_piece06"
	{box 3.93701 3.93701 21.9424}
	{bone "sub_piece06"}
	{matrix34
		0 	 -0.9994 	 -0.0349
		-0.9986 	 0.0018 	 -0.0523
		-0.0523 	 -0.0349 	 0.998
		0.5156 	 0.3433 	 2.0818
	}
}
{volume "sub_piece07"
	{box 5.90551 37.3425 3.83483}
	{bone "sub_piece07"}
	{matrix34
		-0.7071 	 -0.7071 	 0
		0 	 0 	 1
		0.7071 	 -0.7071 	 0
		0.2949 	 -0.2949 	 5.5374
	}
}
