;Exported by	: joomb
;Date			: 07.04.2023 14:59:25
;File			: H:\git\gem2-mdl-soldiers\models\building\house_D\D_003_cut_fort_part.max
{skeleton
	{bone "d003_piece22"
		{orientation
			1 	 0 	 0
			0 	 -1 	 0
			0 	 0 	 1
		}
		{poly "d003_piece22"}
		{bone "fix39"
			{Position 26.7522 	 13.6008 	 -19.8588}
		}
		{bone "fix40"
			{Position 26.7522 	 -19.2317 	 -8.2434}
		}
		{bone "fix41"
			{Position -5.8932 	 44.1419 	 -18.3469}
		}
	}
}
{"volumes"
	{"body01"
		{polyhedron}
		{bone "d003_piece22"}
		{matrix34
			0 	 -1 	 0
			1 	 0 	 0
			0 	 0 	 1
			24.8054 	 -4.7946 	 23.4576
		}
	}
	{"body02"
		{box 20.8748 5.90551 24.3436}
		{bone "d003_piece22"}
		{Position 17.4021 	 44.7399 	 9.4107}
	}
	{"body03"
		{polyhedron}
		{bone "d003_piece22"}
		{matrix34
			0 	 -1 	 0
			1 	 0 	 0
			0 	 0 	 1
			24.7348 	 20.7839 	 -25.5828
		}
	}
	{"body07"
		{polyhedron}
		{bone "d003_piece22"}
		{matrix34
			0 	 -1 	 0
			1 	 0 	 0
			0 	 0 	 1
			24.8054 	 -17.1055 	 23.4576
		}
	}
	{"roof1"
		{box 23.6622 0.984252 72.161}
		{bone "d003_piece22"}
		{matrix34
			1 	 0 	 0
			0 	 -0.3256 	 -0.9455
			0 	 0.9455 	 -0.3256
			20.1999 	 28.518 	 29.1238
		}
	}
	{"roof2"
		{box 12.724 0.984252 42.892}
		{bone "d003_piece22"}
		{matrix34
			1 	 0 	 0
			0 	 -0.3256 	 -0.9455
			0 	 0.9455 	 -0.3256
			2.5012 	 14.675 	 34.1004
		}
	}
	{"roof3"
		{box 16.414 0.984252 23.5906}
		{bone "d003_piece22"}
		{matrix34
			1 	 0 	 0
			0 	 -0.3256 	 -0.9455
			0 	 0.9455 	 -0.3256
			-12.5486 	 17.6726 	 33.0683
		}
	}
	{"roof4"
		{box 41.3288 0.984252 23.5906}
		{bone "d003_piece22"}
		{matrix34
			-1 	 0 	 0
			0 	 0.3256 	 -0.9455
			0 	 -0.9455 	 -0.3256
			11.3301 	 -19.4029 	 37.0122
		}
	}
}
