;Exported by:	 stentsel
;Date:			 27.10.2016 10:02:07
;File:			 G:\_GIT_\gem2\gem2-mdl-soldiers\models\unit\vehicle\sGrW_34\sGrW_34_xx.max
{skeleton
	{bone "turret"
		{orientation
			1 	 0 	 0
			0 	 -1 	 0
			0 	 0 	 1
		}
		{bone "body"
			{parameters "commonmesh;id=body;"}
			{Position 0.0196 	 0 	 0.6222}
			{LODView
				{poly "body"}
				{poly "body_lod1"}
				{poly "body_lod2"}
			}
			{bone "gun"
				{parameters "commonmesh;id=gun;"}
				{matrix34
					0.8938 	 0 	 -0.4484
					0 	 1 	 0
					0.4484 	 0 	 0.8938
					-0.0236 	 0 	 0.0043
				}
				{LODView
					{poly "gun"}
					{poly "gun_lod1"}
					{poly "gun_lod2"}
				}
				{bone "stan"
					{parameters "commonmesh;id=body;"}
					{matrix34
						0.5286 	 0 	 0.8489
						-0.8489 	 0 	 0.5286
						0 	 -1 	 0
						2.3262 	 0 	 16.3902
					}
					{LODView
						{poly "stan"}
						{poly "stan_lod1"}
						{poly "stan_lod2"}
					}
					{bone "stan_l"
						{parameters "commonmesh;id=body;"}
						{matrix34
							0.9991 	 -0.0293 	 -0.0319
							-0.042 	 -0.4742 	 -0.8794
							0.0106 	 0.8799 	 -0.475
							-0.0051 	 -4.8239 	 1.3259
						}
						{LODView
							{poly "stan_l"}
							{poly "stan_l_lod1"}
							{poly "stan_l_lod2"}
						}
					}
				}
			}
		}
	}
}
{volume "body"
	{box 7.65591 10.4423 1.92237}
	{bone "body"}
	{matrix34
		-1 	 0 	 0
		0 	 1 	 0
		0 	 0 	 -1
		-0.0196 	 0 	 0.3022
	}
}
{volume "gun"
	{cylinder 1.03806 21.3766}
	{bone "gun"}
	{matrix34
		0.6704 	 0.0804 	 -0.7376
		-0.3577 	 0.9059 	 -0.2265
		0.65 	 0.4157 	 0.6361
		6.457 	 4.3723 	 7.3851
	}
}
