;Exported by:	 Oleksandr Tsaprylov
;Date:			 21.07.2022 10:55:46
;File:			 E:\projects\gem2-mdl-soldiers\models\entourage\bridge_wood\bridge_wood_01.max
{skeleton
	{bone "bridge_wood_04_x"
		{orientation
			1 	 0 	 0
			0 	 -1 	 0
			0 	 0 	 1
		}
		{bone "piece01"
			{matrix34
				0.8145 	 -0.5493 	 -0.187
				0.5585 	 0.6547 	 0.5094
				-0.1574 	 -0.5193 	 0.84
				-48.0297 	 3.1655 	 33.4144
			}
			{poly "piece01"}
		}
		{bone "piece03"
			{matrix34
				0.8456 	 -0.3887 	 -0.3659
				0.4661 	 0.8717 	 0.1511
				0.2602 	 -0.2983 	 0.9183
				-56.8252 	 0.872 	 34.9234
			}
			{poly "piece03"}
		}
		{bone "piece02"
			{matrix34
				0.4681 	 -0.8835 	 0.0139
				0.4678 	 0.2611 	 0.8444
				-0.7497 	 -0.3888 	 0.5355
				57.7984 	 -20.6415 	 36.1005
			}
			{poly "piece02"}
		}
		{bone "body"
			{poly "body"}
			{bone "ground"
				{parameters "land;ground;"}
				{matrix34
					1 	 0 	 0
					0 	 0.9962 	 -0.0872
					0 	 0.0872 	 0.9962
					0.0006 	 17.3535 	 30.1008
				}
				{visibility 0}
				{poly "ground" {ground}}
			}
		}
	}
}
{volume "body01"
	{box 143.125 24.007 101.516}
	{bone "body"}
	{Position 0.4816 	 -50.0049 	 -19.4762}
}
{volume "body02"
	{box 4.06877 3.66793 51.1233}
	{bone "body"}
	{matrix34
		1 	 0 	 0
		0 	 0.1098 	 0.994
		0 	 -0.994 	 0.1098
		-34.3214 	 -15.3866 	 29.6814
	}
}
{volume "body03"
	{box 4.06877 3.66793 28.6544}
	{bone "body"}
	{matrix34
		1 	 0 	 0
		0 	 0.0058 	 1
		0 	 -1 	 0.0058
		66.489 	 -4.4139 	 26.9578
	}
}
{volume "body04"
	{box 4.06877 3.66793 26.362}
	{bone "body"}
	{matrix34
		1 	 0 	 0
		0 	 0.2564 	 0.9666
		0 	 -0.9666 	 0.2564
		66.489 	 -31.4044 	 30.5845
	}
}
{volume "piece01"
	{box 1.73245 5.75705 45.887}
	{bone "piece01"}
	{matrix34
		0.2359 	 -0.5633 	 -0.7919
		0.5513 	 -0.5935 	 0.5864
		-0.8003 	 -0.5749 	 0.1705
		-0.4495 	 0.0728 	 -2.5906
	}
}
{volume "piece02"
	{box 1.73245 5.75705 27.7631}
	{bone "piece02"}
	{matrix34
		0.0632 	 -0.864 	 -0.4996
		0.8814 	 -0.1865 	 0.434
		-0.4681 	 -0.4678 	 0.7497
		-3.9304 	 -1.5127 	 -3.4156
	}
}
{volume "piece03"
	{box 1.73245 5.75705 28.5451}
	{bone "piece03"}
	{matrix34
		0.3983 	 -0.2265 	 -0.8888
		0.3554 	 -0.8552 	 0.3772
		-0.8456 	 -0.4661 	 -0.2602
		3.4772 	 -4.1556 	 -0.5883
	}
}
