;Exported by:	 Oleksandr Tsaprylov
;Date:			 02.06.2022 14:28:31
;File:			 E:\projects\gem2-mdl-soldiers\models\entourage\afisha\afisha.max
{skeleton
	{bone "afisha_01_x"
		{orientation
			1 	 0 	 0
			0 	 -1 	 0
			0 	 0 	 1
		}
		{bone "afisha_x"
			{poly "afisha_x"}
		}
		{bone "piece01"
			{matrix34
				0.8864 	 0.2457 	 -0.3923
				-0.2403 	 0.9686 	 0.0636
				0.3956 	 0.0379 	 0.9176
				0 	 0 	 54.4302
			}
			{poly "piece01"}
		}
		{bone "piece02"
			{matrix34
				0.8358 	 -0.5204 	 -0.1751
				0.5484 	 0.7764 	 0.3105
				-0.0256 	 -0.3556 	 0.9343
				3.7263 	 4.4408 	 33.6512
			}
			{poly "piece02"}
		}
		{bone "piece03"
			{matrix34
				0.8862 	 0.3428 	 -0.3116
				-0.3711 	 0.928 	 -0.0344
				0.2774 	 0.1461 	 0.9496
				5.2924 	 -2.8985 	 33.2163
			}
			{poly "piece03"}
		}
		{bone "piece04"
			{matrix34
				0.8584 	 -0.4775 	 -0.1876
				0.5129 	 0.8069 	 0.2929
				0.0115 	 -0.3476 	 0.9376
				-3.6085 	 -5.1087 	 17.9824
			}
			{poly "piece04"}
		}
		{bone "piece05"
			{matrix34
				0.9561 	 -0.2488 	 -0.155
				0.2751 	 0.9442 	 0.1811
				0.1013 	 -0.2157 	 0.9712
				-3.7263 	 2.8985 	 17.3182
			}
			{poly "piece05"}
		}
		{bone "piece06"
			{matrix34
				0.9305 	 -0.3599 	 -0.0681
				0.3659 	 0.9062 	 0.2119
				-0.0145 	 -0.2221 	 0.9749
				3.7263 	 -2.8985 	 16.558
			}
			{poly "piece06"}
		}
		{bone "piece07"
			{matrix34
				0.893 	 0.1527 	 0.4234
				-0.048 	 0.9676 	 -0.2477
				-0.4475 	 0.2009 	 0.8714
				3.4544 	 5.9831 	 16.9527
			}
			{poly "piece07"}
		}
		{bone "piece08"
			{matrix34
				0.6235 	 0.2497 	 -0.7409
				-0.0541 	 0.9591 	 0.2777
				0.78 	 -0.1331 	 0.6115
				-5.2924 	 2.8985 	 33.6752
			}
			{poly "piece08"}
		}
		{bone "piece09"
			{matrix34
				0.4936 	 -0.7885 	 -0.367
				0.8368 	 0.3155 	 0.4475
				-0.2371 	 -0.528 	 0.8155
				-3.7263 	 -4.4408 	 34.0578
			}
			{poly "piece09"}
		}
		{bone "fx_dust1"
			{Position 0 	 0 	 14.3167}
		}
		{bone "fx_metal1"
			{Position 0 	 0 	 14.3167}
		}
	}
}
{volume "piece01"
	{cylinder 11.6257 1.50849}
	{bone "piece01"}
	{matrix34
		0.8864 	 -0.2403 	 0.3956
		0.2457 	 0.9686 	 0.0379
		-0.3923 	 0.0636 	 0.9176
		2.306 	 -0.3737 	 -5.3944
	}
}
{volume "piece02"
	{cylinder 0.975581 11.5701}
	{bone "piece01"}
	{matrix34
		0.8864 	 -0.2403 	 0.3956
		0.2457 	 0.9686 	 0.0379
		-0.3923 	 0.0636 	 0.9176
		-0.299 	 0.0485 	 0.6994
	}
}
{volume "piece03"
	{box 2.51821 11.0781 18.693}
	{bone "piece02"}
	{matrix34
		-0.1386 	 -0.9473 	 0.2889
		0.9747 	 -0.0789 	 0.2089
		-0.1751 	 0.3105 	 0.9343
		0.3205 	 1.5853 	 0.0177
	}
}
{volume "piece04"
	{box 2.51821 11.0781 18.693}
	{bone "piece03"}
	{matrix34
		-0.4585 	 0.8808 	 -0.1185
		-0.8323 	 -0.4723 	 -0.2902
		-0.3116 	 -0.0344 	 0.9496
		-0.6471 	 -1.6487 	 0.6626
	}
}
{volume "piece05"
	{box 2.51821 11.0781 17.7276}
	{bone "piece04"}
	{matrix34
		0.2693 	 0.9333 	 -0.2377
		-0.9446 	 0.2079 	 -0.254
		-0.1876 	 0.2929 	 0.9376
		-0.5191 	 -1.8055 	 -1.8489
	}
}
{volume "piece06"
	{box 2.51821 11.0781 19.2691}
	{bone "piece05"}
	{matrix34
		0.852 	 -0.4731 	 0.2242
		0.5001 	 0.8622 	 -0.0809
		-0.155 	 0.1811 	 0.9712
		-1.8803 	 1.3021 	 -1.2944
	}
}
{volume "piece07"
	{box 2.51821 11.0781 17.7276}
	{bone "piece06"}
	{matrix34
		-0.9441 	 0.3022 	 -0.1316
		-0.3225 	 -0.9294 	 0.1795
		-0.0681 	 0.2119 	 0.9749
		2.3099 	 -1.0022 	 -0.3804
	}
}
{volume "piece08"
	{box 2.51821 11.0781 17.7276}
	{bone "piece07"}
	{matrix34
		-0.6909 	 -0.7104 	 0.1338
		0.5859 	 -0.6587 	 -0.472
		0.4234 	 -0.2477 	 0.8714
		0.7035 	 -0.2552 	 -1.717
	}
}
{volume "piece09"
	{box 2.51821 11.0781 17.1495}
	{bone "piece08"}
	{matrix34
		0.2643 	 -0.7164 	 0.6456
		0.6174 	 0.64 	 0.4574
		-0.7409 	 0.2777 	 0.6115
		-0.4477 	 2.2478 	 0.5079
	}
}
{volume "piece10"
	{box 2.51821 11.0781 18.693}
	{bone "piece09"}
	{matrix34
		-0.2086 	 0.8148 	 -0.541
		-0.9065 	 -0.3686 	 -0.2057
		-0.367 	 0.4475 	 0.8155
		0.3268 	 -1.4358 	 0.9915
	}
}
