;Exported by:	 tolokolnikova
;Date:			 07.06.2018 10:53:30
;File:			 D:\gem2\gem2-mdl-soldiers\models\building\building_ua01\building_08_v02_x.max
{skeleton
	{bone "b_ua_08_piece01_point"
		{orientation
			1 	 0 	 0
			0 	 -1 	 0
			0 	 0 	 1
		}
		{bone "piece01"
			{Position 51.5771 	 -23.8669 	 -21.9736}
			{poly "piece01"}
		}
		{bone "piece02"
			{Position 51.5771 	 -1.9678 	 -8.8203}
			{poly "piece02"}
		}
		{bone "piece03"
			{Position 51.5771 	 19.1253 	 -15.2593}
			{poly "piece03"}
		}
		{bone "b_ua_08_piece01"
			{Position -4.5153 	 59.5618 	 -64.6468}
			{poly "b_ua_08_piece01"}
		}
		{bone "piece04"
			{matrix34
				0 	 -1 	 0
				1 	 0 	 0
				0 	 0 	 1
				40.2192 	 -35.9593 	 -12.9106
			}
			{poly "piece04"}
		}
		{bone "piece08"
			{matrix34
				-0.7193 	 0 	 -0.6947
				0 	 1 	 0
				-0.6947 	 0 	 0.7193
				29.4011 	 -4.9976 	 17.8471
			}
			{poly "piece08"}
		}
		{bone "piece10"
			{matrix34
				-0.0175 	 0 	 0.9998
				0 	 1 	 0
				-0.9998 	 0 	 -0.0175
				-17.4075 	 7.4322 	 39.1438
			}
			{poly "piece10"}
		}
		{bone "piece13"
			{Position 40.1312 	 -44.9105 	 10.921}
			{poly "piece13"}
		}
		{bone "piece09"
			{matrix34
				0.7071 	 0 	 -0.7071
				-0.7071 	 0 	 -0.7071
				0 	 1 	 0
				-4.443 	 -17.3561 	 50.409
			}
			{poly "piece09"}
		}
		{bone "piece07"
			{matrix34
				0.1249 	 -0.9848 	 -0.1206
				0.7084 	 0.1736 	 -0.6841
				0.6947 	 0 	 0.7193
				-17.4954 	 -31.7469 	 41.3466
			}
			{poly "piece07"}
		}
		{bone "piece11"
			{Position 55.4887 	 -2.3011 	 -5.1532}
			{poly "piece11"}
		}
		{bone "piece12"
			{Position 33.6744 	 19.5782 	 13.0567}
			{poly "piece12"}
		}
		{bone "piece14"
			{Position 25.9087 	 -37.6381 	 10.0557}
			{poly "piece14"}
		}
		{bone "piece06"
			{Position 11.4028 	 -37.6381 	 17.2962}
			{poly "piece06"}
		}
		{bone "piece05"
			{Position 31.4666 	 -26.0478 	 -5.9745}
			{poly "piece05"}
		}
		{bone "piece15"
			{Position 1.6828 	 1.8965 	 -6.2261}
			{poly "piece15"}
		}
		{bone revolute "attach1"
			{Position 32.7608 	 -11.1701 	 -54.2481}
		}
		{bone "fort_wall"
			{matrix34
				0 	 -1 	 0
				1 	 0 	 0
				0 	 0 	 1
				61.0373 	 -14.0963 	 -52.0048
			}
		}
		{bone "debris_land_001"
			{parameters "commonmesh;land;ground;"}
			{matrix34
				-1 	 0 	 0
				0 	 -1 	 0
				0 	 0 	 1
				64.9743 	 -6.0881 	 -58.304
			}
			{poly "debris_land_001" {ground}}
		}
		{bone "stones_001"
			{parameters "commonmesh;land;ground;"}
			{matrix34
				-1 	 0 	 0
				0 	 -1 	 0
				0 	 0 	 1
				64.9743 	 -6.0881 	 -58.304
			}
			{poly "stones_001" {ground}}
		}
	}
}
{volume "piece01"
	{box 5.97262 11.2731 6.68862}
	{bone "piece01"}
	{Position 0 	 -0.6127 	 -0.1596}
}
{volume "piece02"
	{box 5.97262 41.7521 6.68862}
	{bone "piece02"}
	{Position 0 	 1.7866 	 0.0111}
}
{volume "piece03"
	{box 5.97262 23.3812 6.68862}
	{bone "piece03"}
	{Position 0 	 -0.1698 	 -0.2099}
}
{volume "piece04"
	{box 5.97262 23.3812 6.68862}
	{bone "piece04"}
	{Position 0 	 -0.1698 	 -0.2099}
}
{volume "piece05"
	{box 4.7781 28.7588 1.11031}
	{bone "piece05"}
	{matrix34
		0 	 -1 	 0
		1 	 0 	 0
		0 	 0 	 1
		0 	 -0.0911 	 0.0493
	}
}
{volume "piece06"
	{box 2.75756 10.2178 26.1859}
	{bone "piece06"}
	{matrix34
		0 	 -1 	 0
		1 	 0 	 0
		0 	 0 	 1
		-0.0599 	 0.131 	 1.266
	}
}
{volume "piece07"
	{box 2.92883 3.04853 22.5578}
	{bone "piece07"}
	{matrix34
		-0.1736 	 -0.9847 	 0.0175
		0.9848 	 -0.1736 	 0
		0.003 	 0.0172 	 0.9998
		3.4719 	 1.1104 	 2.6016
	}
}
{volume "piece08"
	{box 3.08864 2.75803 24.3042}
	{bone "piece08"}
	{matrix34
		-0.9998 	 0 	 0.0175
		0 	 1 	 0
		0.0175 	 0 	 0.9998
		0.3207 	 2.1111 	 0.0928
	}
}
{volume "piece09"
	{box 4.65864 36.4746 3.94629}
	{bone "piece09"}
	{matrix34
		1 	 0 	 0
		0 	 0 	 1
		0 	 -1 	 0
		-0.0524 	 -0.2796 	 0
	}
}
{volume "piece10"
	{box 1.67361 23.4502 14.5534}
	{bone "piece10"}
	{matrix34
		0.7193 	 0 	 0.6947
		0 	 -1 	 0
		0.6947 	 0 	 -0.7193
		0.5656 	 0.246 	 1.721
	}
}
{volume "piece11"
	{box 1.67361 23.4502 14.5534}
	{bone "piece11"}
	{matrix34
		0.7071 	 0 	 0.7071
		0 	 1 	 0
		-0.7071 	 0 	 0.7071
		-0.1503 	 -0.7648 	 0.3214
	}
}
{volume "piece12"
	{box 1.67361 23.4502 14.5534}
	{bone "piece12"}
	{matrix34
		0.7071 	 0 	 0.7071
		0 	 1 	 0
		-0.7071 	 0 	 0.7071
		0.7338 	 -0.1595 	 3.0418
	}
}
{volume "piece13"
	{box 1.49316 5.14386 50.1646}
	{bone "piece13"}
	{matrix34
		0 	 -1 	 0
		0.7071 	 0 	 0.7071
		-0.7071 	 0 	 0.7071
		0.4812 	 0.0956 	 -0.8681
	}
}
{volume "piece14"
	{box 2.75756 5.34961 26.1859}
	{bone "piece14"}
	{matrix34
		0 	 -1 	 0
		1 	 0 	 0
		0 	 0 	 1
		-0.1193 	 0.131 	 -2.3952
	}
}
{volume "piece15"
	{box 4.7781 28.7588 1.11031}
	{bone "piece15"}
	{matrix34
		0 	 -1 	 0
		1 	 0 	 0
		0 	 0 	 1
		-0.122 	 -0.1676 	 0.1504
	}
}
{volume "target_vol_001"
	{box 9.84252 9.84252 15.6501}
	{bone "b_ua_08_piece01_point"}
	{matrix34
		1 	 0 	 0
		0 	 1 	 0
		0 	 0 	 1
		32.7608 	 -11.1701 	 -40.1166
	}
}
{volume "vol_01"
	{box 6.29921 71.4504 25.9146}
	{bone "b_ua_08_piece01"}
	{Position 55.9328 	 -62.1807 	 12.9653}
}
{volume "vol_02"
	{box 6.29921 23.5786 13.7347}
	{bone "b_ua_08_piece01"}
	{Position 55.9328 	 -37.2611 	 32.8159}
}
{volume "vol_03"
	{box 6.29921 57.1603 29.5426}
	{bone "b_ua_08_piece01"}
	{matrix34
		0 	 -1 	 0
		1 	 0 	 0
		0 	 0 	 1
		34.2437 	 -95.3212 	 14.7793
	}
}
