;Exported by:	 KobaA
;Date:			 04.06.2021 12:53:50
;File:			 G:\_GIT_\gem2\gem2-mdl-soldiers\models\unit\vehicle\Pak_36r\Pak_36r_xx.max
{skeleton
	{bone revolute "basis"
		{speed 0.01}
		{orientation
			1 	 0 	 0
			0 	 -1 	 0
			0 	 0 	 1
		}
		{bone "body"
			{parameters "id=body;"}
			{Position -0.3948 	 0 	 10.2272}
			{LODView
				{poly "body"}
				{poly "body_lod1"}
				{poly "body_lod2"}
				{poly "body_lod3"}
			}
			{bone "standr"
				{parameters "id=body;"}
				{matrix34
					0.9063 	 0.4226 	 0
					-0.4226 	 0.9063 	 0
					0 	 0 	 1
					-3.8696 	 -4.7707 	 -2.2308
				}
				{LODView
					{poly "standr"}
					{poly "standr_lod1"}
					{poly "standr_lod2"}
					{poly "standr_lod3"}
				}
			}
			{bone "standl"
				{parameters "id=body;"}
				{matrix34
					0.9063 	 -0.4226 	 0
					0.4226 	 0.9063 	 0
					0 	 0 	 1
					-3.8696 	 4.7707 	 -2.2308
				}
				{LODView
					{poly "standl"}
					{poly "standl_lod1"}
					{poly "standl_lod2"}
					{poly "standl_lod3"}
				}
			}
			{bone "turret"
				{parameters "id=turret;"}
				{Position -2.2299 	 0 	 -0.0715}
				{LODView
					{poly "turret"}
					{poly "turret_lod1"}
					{poly "turret_lod2"}
					{poly "turret_lod3"}
				}
				{bone revolute "gun_rot"
					{parameters "id=gun;"}
					{limits -45 5}
					{speed 0.08}
					{matrix34
						1 	 0 	 0
						0 	 0 	 1
						0 	 -1 	 0
						-5.4324 	 0.0197 	 9.5214
					}
					{LODView
						{poly "gun_rot"}
						{poly "gun_rot_lod1"}
						{poly "gun_rot_lod2"}
						{poly "gun_rot_lod3"}
					}
					{bone "gun"
						{parameters "id=gun;"}
						{matrix34
							1 	 0 	 0
							0 	 0 	 -1
							0 	 1 	 0
							9.5965 	 0.0761 	 0.1291
						}
						{LODView
							{poly "gun"}
							{poly "gun_lod1"}
							{poly "gun_lod2"}
							{poly "gun_lod3"}
						}
					}
				}
			}
			{bone "pivot_front"
				{Position -0.02 	 0 	 0.014}
				{bone revolute "part1"
					{parameters "id=wheelleft;support=1;radius=0.51;"}
					{matrix34
						1 	 0 	 0
						0 	 0 	 -1
						0 	 1 	 0
						0 	 16.3047 	 0
					}
					{LODView
						{poly "part1"}
						{poly "part1_lod1"}
						{poly "part1_lod2"}
						{poly "part1_lod3"}
					}
				}
				{bone revolute "part2"
					{parameters "id=wheelright;support=1;radius=0.51;"}
					{matrix34
						1 	 0 	 0
						0 	 0 	 -1
						0 	 1 	 0
						0 	 -16.3047 	 0
					}
					{LODView
						{poly "part2"}
						{poly "part2_lod1"}
						{poly "part2_lod2"}
						{poly "part2_lod3"}
					}
				}
			}
			{bone "pivot_back"
				{Position -52.5402 	 0 	 -10.0691}
			}
		}
	}
}
{obstacle "close"
	{obb2
		{center -39.7426 0}
		{extent 30.6821 7.43173}
		{axis -1 0}
	}
	{Tags "close"}
	{rotate}
}
{obstacle "obstacle"
	{obb2
		{center -0.356424 0.147345}
		{extent 10.0938 17.1085}
		{axis -1 0}
	}
	{rotate}
}
{obstacle "obstacle1"
	{obb2
		{center 32.1394 0.582634}
		{extent 27.5559 2.75996}
		{axis -1 0}
	}
	{rotate}
}
{obstacle "openl"
	{obb2
		{center -33.976 -21.4968}
		{extent 33.5018 2.55866}
		{axis -0.927184 -0.374606}
	}
	{Tags "open"}
	{rotate}
}
{obstacle "openr"
	{obb2
		{center -33.8736 14.6413}
		{extent 33.5018 2.55866}
		{axis -0.978148 0.207912}
	}
	{Tags "open"}
	{rotate}
}
{volume "body"
	{polyhedron}
	{bone "body"}
	{Position -0.8785 	 0 	 -4.1851}
}
{volume "gun01"
	{polyhedron}
	{bone "gun"}
	{matrix34
		-0.0872 	 0 	 -0.9962
		0 	 1 	 0
		0.9962 	 0 	 -0.0872
		14.6455 	 0 	 -3.6279
	}
}
{volume "gun02"
	{polyhedron}
	{bone "gun"}
	{matrix34
		-0.0872 	 0 	 -0.9962
		0 	 1 	 0
		0.9962 	 0 	 -0.0872
		-8.0788 	 0 	 -0.2863
	}
}
{volume "gun03"
	{polyhedron}
	{bone "gun"}
	{Position -12.0577 	 0.1457 	 -3.0067}
}
{volume "gun_rot"
	{polyhedron}
	{bone "gun_rot"}
	{matrix34
		0.9877 	 -0.1564 	 0
		0 	 0 	 -1
		0.1564 	 0.9877 	 0
		5.4132 	 -6.2092 	 0
	}
}
{volume "part1"
	{polyhedron}
	{bone "part1"}
	{matrix34
		-1 	 0 	 0
		0 	 -1 	 0
		0 	 0 	 1
		0 	 0 	 -2.4422
	}
}
{volume "part2"
	{polyhedron}
	{bone "part2"}
	{matrix34
		1 	 0 	 0
		0 	 0 	 1
		0 	 -1 	 0
		0 	 0 	 2.483
	}
}
{volume "standl"
	{polyhedron}
	{bone "standl"}
	{matrix34
		0.9979 	 0.053 	 0.0374
		-0.0525 	 0.9985 	 -0.0131
		-0.0381 	 0.0111 	 0.9992
		-31.6205 	 -0.0519 	 -2.0647
	}
}
{volume "standr"
	{polyhedron}
	{bone "standr"}
	{matrix34
		0.9979 	 -0.053 	 0.0374
		0.0525 	 0.9985 	 0.0143
		-0.0381 	 -0.0123 	 0.9992
		-33.0699 	 0.3404 	 -2.1429
	}
}
{volume "turret01"
	{polyhedron}
	{bone "turret"}
	{matrix34
		0.8988 	 0 	 0.4384
		0 	 1 	 0
		-0.4384 	 0 	 0.8988
		5.8613 	 0 	 -0.3148
	}
}
{volume "turret02"
	{polyhedron}
	{bone "turret"}
	{matrix34
		0.8988 	 0 	 0.4384
		0 	 1 	 0
		-0.4384 	 0 	 0.8988
		0.9725 	 0 	 9.7087
	}
}
{volume "turret03"
	{polyhedron}
	{bone "turret"}
	{matrix34
		0.829 	 0 	 0.5592
		0 	 1 	 0
		-0.5592 	 0 	 0.829
		-0.3923 	 0 	 0.5234
	}
}
