;Exported by	: KobaA
;Date			: 26.03.2024 16:06:35
;File			: d:\git\gem2-mdl-soldiers\models\entourage\sandbags\dot_sack_lod.max
{skeleton
	{bone "dot_sack_piece_002_x"
		{orientation
			1 	 0 	 0
			0 	 -1 	 0
			0 	 0 	 1
		}
		{bone "piece01"
			{matrix34
				-0.7051 	 0.6987 	 -0.1209
				-0.7034 	 -0.7108 	 -0.0049
				-0.0893 	 0.0816 	 0.9927
				16.4436 	 5.9948 	 3.298
			}
			{poly "piece01"}
		}
		{bone "piece02"
			{matrix34
				-0.1023 	 0.961 	 0.2569
				-0.9512 	 -0.1701 	 0.2573
				0.2909 	 -0.218 	 0.9316
				22.6291 	 -14.7069 	 5.6564
			}
			{poly "piece01"}
		}
		{bone "piece03"
			{matrix34
				0.8921 	 0.4474 	 0.0635
				-0.4508 	 0.8908 	 0.0565
				-0.0313 	 -0.0791 	 0.9964
				23.6218 	 -4.8417 	 2.6942
			}
			{poly "piece01"}
		}
		{bone "piece04"
			{matrix34
				-0.5933 	 -0.7985 	 0.1018
				0.7983 	 -0.5999 	 -0.0533
				0.1036 	 0.0496 	 0.9934
				14.4173 	 -3.3592 	 9.294
			}
			{poly "piece01"}
		}
		{bone "piece05"
			{matrix34
				0.853 	 0.4734 	 0.2199
				-0.4668 	 0.8803 	 -0.0844
				-0.2336 	 -0.0307 	 0.9719
				1.9373 	 3.0938 	 9.0637
			}
			{poly "piece01"}
		}
		{bone "piece06"
			{matrix34
				0.9667 	 0.134 	 -0.2179
				-0.1294 	 0.991 	 0.035
				0.2206 	 -0.0056 	 0.9753
				-17.3556 	 17.217 	 3.5026
			}
			{poly "piece01"}
		}
		{bone "piece07"
			{matrix34
				-0.9935 	 -0.1132 	 -0.0099
				0.1121 	 -0.9909 	 0.075
				-0.0183 	 0.0734 	 0.9971
				-13.269 	 7.2416 	 11.7138
			}
			{poly "piece01"}
		}
		{bone "piece08"
			{matrix34
				-0.8252 	 -0.5639 	 -0.0332
				0.564 	 -0.8258 	 0.0073
				-0.0316 	 -0.0127 	 0.9994
				-14.0953 	 6.4033 	 2.8662
			}
			{poly "piece01"}
		}
		{bone "piece09"
			{matrix34
				0.9624 	 -0.2701 	 0.0269
				0.2696 	 0.9627 	 0.0208
				-0.0316 	 -0.0127 	 0.9994
				1.0252 	 1.7298 	 2.8662
			}
			{poly "piece01"}
		}
		{bone "piece10"
			{matrix34
				0.4899 	 -0.8718 	 0.0043
				0.8712 	 0.4898 	 0.0338
				-0.0316 	 -0.0127 	 0.9994
				-0.1563 	 15.2718 	 2.8662
			}
			{poly "piece01"}
		}
		{bone "piece11"
			{matrix34
				-0.0856 	 -0.9936 	 0.074
				0.9928 	 -0.0913 	 -0.0781
				0.0843 	 0.0668 	 0.9942
				-2.4223 	 6.6309 	 13.6
			}
			{poly "piece01"}
		}
		{bone "piece12"
			{matrix34
				-0.6335 	 0.7733 	 0.0269
				-0.7731 	 -0.634 	 0.0208
				0.0332 	 -0.0077 	 0.9994
				14.2564 	 -10.2264 	 2.8662
			}
			{poly "piece01"}
		}
	}
}
{"volumes"
	{"piece01"
		{box 12.2247 7.47282 3.70425}
		{bone "piece01"}
		{Position 0.4724 	 0 	 -0.0577}
	}
	{"piece02"
		{box 12.2247 7.47282 3.70425}
		{bone "piece02"}
		{Position 0.4724 	 0 	 -0.0578}
	}
	{"piece03"
		{box 12.2247 7.47282 3.70425}
		{bone "piece03"}
		{Position 0.4724 	 0 	 -0.0577}
	}
	{"piece04"
		{box 12.2247 7.47282 3.70425}
		{bone "piece04"}
		{Position 0.4723 	 0 	 -0.0577}
	}
	{"piece05"
		{box 12.2247 7.47282 3.70425}
		{bone "piece05"}
		{Position 0.4723 	 0 	 -0.0577}
	}
	{"piece06"
		{box 12.2247 7.47282 3.70425}
		{bone "piece06"}
		{Position 0.4723 	 0 	 -0.0578}
	}
	{"piece07"
		{box 12.2247 7.47282 3.70425}
		{bone "piece07"}
		{Position 0.4724 	 0 	 -0.0577}
	}
	{"piece08"
		{box 12.2247 7.47282 3.70425}
		{bone "piece08"}
		{Position 0.4723 	 0 	 -0.0577}
	}
	{"piece09"
		{box 12.2247 7.47282 3.70425}
		{bone "piece09"}
		{Position 0.4724 	 0 	 -0.0577}
	}
	{"piece10"
		{box 12.2247 7.47282 3.70425}
		{bone "piece10"}
		{Position 0.4724 	 0 	 -0.0577}
	}
	{"piece11"
		{box 12.2247 7.47282 3.70425}
		{bone "piece11"}
		{Position 0.4724 	 0 	 -0.0577}
	}
	{"piece12"
		{box 12.2247 7.47282 3.70425}
		{bone "piece12"}
		{Position 0.4724 	 0 	 -0.0577}
	}
}
