;Exported by:	 vic
;Date:			 23.01.2017 11:55:53
;File:			 E:\Git\gem2-mdl-soldiers\models\entourage\stack\stog02a.max
{skeleton
	{bone "basis007"
		{orientation
			1 	 0 	 0
			0 	 -1 	 0
			0 	 0 	 1
		}
		{bone "fx_hayfall3"
			{parameters "lastpose=undefined;"}
			{Position -6.7798 	 9.0139 	 34.0259}
		}
		{bone "piece03"
			{matrix34
				-0.8959 	 -0.321 	 0.3072
				0.3794 	 -0.9124 	 0.1533
				0.2311 	 0.2539 	 0.9392
				-9.2124 	 -9.1696 	 24.5725
			}
			{poly "piece03"}
		}
		{bone "fx_haulm1"
			{parameters "lastpose=undefined;"}
			{Position 0.1329 	 -0.173 	 24.4785}
		}
		{bone "piece02"
			{matrix34
				0.3467 	 0.903 	 0.2537
				-0.9324 	 0.3024 	 0.1978
				0.1019 	 -0.3051 	 0.9468
				-3.5596 	 16.9742 	 26.4107
			}
			{poly "piece02"}
		}
		{bone "piece01"
			{matrix34
				0.6965 	 -0.6485 	 0.3072
				0.6364 	 0.756 	 0.1533
				-0.3316 	 0.0887 	 0.9392
				13.8925 	 -1.2879 	 33.9028
			}
			{poly "piece01"}
		}
		{bone "fx_hayfall1"
			{parameters "lastpose=undefined;"}
			{Position 7.43 	 0.43 	 39.1475}
		}
		{bone "fx_dust1"
			{parameters "lastpose=undefined;"}
			{Position 0.2296 	 -0.173 	 0}
		}
		{bone "fx_hayfall2"
			{parameters "lastpose=undefined;"}
			{Position -3.9504 	 -5.9465 	 49.3774}
		}
		{bone "piece00"
			{matrix34
				0.9512 	 -0.3085 	 0
				0.3085 	 0.9512 	 0
				0 	 0 	 1
				2.3911 	 1.9894 	 74.3645
			}
			{poly "piece00"}
		}
	}
}
{volume "piece00_volume009"
	{cylinder 1.13528 30.8104}
	{bone "piece00"}
	{matrix34
		0 	 1 	 0
		-1 	 0 	 0
		0 	 0 	 1
		-0.5589 	 -0.3284 	 4.2652
	}
}
{volume "piece01_volume005"
	{cylinder 1.13528 42.5183}
	{bone "piece01"}
	{Position 0 	 0 	 0.1518}
}
{volume "piece02_volume005"
	{cylinder 1.13528 30.6132}
	{bone "piece02"}
	{Position 0 	 0 	 0.0992}
}
{volume "piece03_volume005"
	{cylinder 1.13528 30.8104}
	{bone "piece03"}
	{Position 0 	 0 	 0.0286}
}
