;Exported by:	 tolokolnikova
;Date:			 13.04.2018 16:52:41
;File:			 D:\gem2\gem2-mdl-soldiers\models\building\building_ua01\building_ua02_v2_x.max
{skeleton
	{bone "b_ua_02_piece06_point"
		{orientation
			1 	 0 	 0
			0 	 -1 	 0
			0 	 0 	 1
		}
		{bone "b_ua_02_piece_006"
			{Position -172.955 	 -5.3962 	 -11.3379}
			{poly "b_ua_02_piece_006"}
		}
		{bone "sub_piece04"
			{matrix34
				0 	 1 	 0
				-1 	 0 	 0
				0 	 0 	 1
				24.1102 	 0.815 	 10.2066
			}
			{poly "sub_piece04"}
		}
		{bone "sub_piece02"
			{matrix34
				-0.0083 	 -1 	 -0.0047
				-0.8578 	 0.0096 	 -0.5139
				-0.514 	 0.0003 	 0.8578
				21.2233 	 -29.7767 	 22.0792
			}
			{poly "sub_piece02"}
		}
		{bone "sub_piece03"
			{matrix34
				0.2753 	 -0.8357 	 -0.4751
				-0.8578 	 0.0096 	 -0.5139
				-0.4341 	 -0.549 	 0.7143
				12.3305 	 14.4379 	 36.6618
			}
			{poly "sub_piece03"}
		}
		{bone "sub_piece01"
			{matrix34
				0.0066 	 -0.7906 	 -0.6122
				1 	 0.0086 	 -0.0003
				0.0055 	 -0.6122 	 0.7907
				-21.4891 	 23.1329 	 26.9705
			}
			{poly "sub_piece01"}
		}
		{bone "sub_piece05"
			{Position -18.8018 	 -5.8988 	 10.8636}
			{poly "sub_piece05"}
		}
		{bone "piece02"
			{matrix34
				-1 	 0 	 0
				0 	 -0.9397 	 -0.342
				0 	 -0.342 	 0.9397
				-5.8867 	 19.4351 	 6.1186
			}
			{poly "piece02"}
		}
		{bone "piece03"
			{matrix34
				-1 	 0 	 0
				0 	 -0.7071 	 0.7071
				0 	 0.7071 	 0.7071
				-5.8867 	 4.6231 	 -5.3893
			}
			{poly "piece03"}
		}
		{bone "piece01"
			{matrix34
				-1 	 0 	 0
				0 	 0 	 1
				0 	 1 	 0
				-4.3816 	 -10.9343 	 0.5635
			}
			{poly "piece01"}
		}
		{bone "piece04"
			{matrix34
				-1 	 0 	 0
				0 	 -1 	 0
				0 	 0 	 1
				-5.8867 	 -25.4215 	 4.8592
			}
			{poly "piece04"}
		}
		{bone revolute "attach1"
			{Position -22.206 	 0.4292 	 -30.6452}
		}
		{bone revolute "attach2"
			{matrix34
				0 	 1 	 0
				-1 	 0 	 0
				0 	 0 	 1
				-24.0334 	 13.5605 	 -30.6452
			}
		}
		{bone "debris_land_001"
			{parameters "commonmesh;land;ground;"}
			{matrix34
				-1 	 0 	 0
				0 	 -1 	 0
				0 	 0 	 1
				4.0023 	 12.3629 	 -32.0382
			}
			{poly "debris_land_001" {ground}}
		}
		{bone "fort_wall"
			{matrix34
				0 	 -1 	 0
				1 	 0 	 0
				0 	 0 	 1
				0.0519 	 4.3547 	 -26.4229
			}
		}
		{bone "stones_001"
			{parameters "commonmesh;land;ground;"}
			{matrix34
				-1 	 0 	 0
				0 	 -1 	 0
				0 	 0 	 1
				3.9889 	 12.3629 	 -32.0382
			}
			{poly "stones_001" {ground}}
		}
	}
}
{volume "piece01"
	{box 6.49606 11.9553 8.76925}
	{bone "piece01"}
	{matrix34
		1 	 0 	 0
		0 	 0.9397 	 0.342
		0 	 -0.342 	 0.9397
		0.0024 	 -0.064 	 -0.0409
	}
}
{volume "piece02"
	{box 6.49606 11.3833 9.25556}
	{bone "piece02"}
	{Position 0 	 -0.9291 	 0.2284}
}
{volume "piece03"
	{box 6.49606 16.0875 14.2755}
	{bone "piece03"}
	{matrix34
		1 	 0 	 0
		0 	 0.7071 	 -0.7071
		0 	 0.7071 	 0.7071
		0 	 1.0139 	 0.4574
	}
}
{volume "piece04"
	{box 6.49606 12.2043 10.1968}
	{bone "piece04"}
	{Position 0 	 -0.3321 	 0.278}
}
{volume "sub_piece01"
	{box 2.98819 3.93178 30.4782}
	{bone "sub_piece01"}
	{Position 0.8967 	 3.0414 	 -2.8967}
}
{volume "sub_piece02"
	{box 2.98819 3.93178 19.8109}
	{bone "sub_piece02"}
	{matrix34
		1 	 0 	 0
		0 	 1 	 0
		0 	 0 	 -1
		0.1866 	 0.4536 	 -0.7518
	}
}
{volume "sub_piece03"
	{box 2.98819 3.93178 27.4304}
	{bone "sub_piece03"}
	{matrix34
		1 	 0 	 0
		0 	 1 	 0
		0 	 0 	 -1
		0 	 0 	 0.0226
	}
}
{volume "sub_piece04"
	{box 54.3071 6.46828 2.2433}
	{bone "sub_piece04"}
	{Position 0 	 0 	 0.0403}
}
{volume "sub_piece05"
	{box 54.3071 12.6131 2.2433}
	{bone "sub_piece05"}
	{matrix34
		0 	 1 	 0
		-1 	 0 	 0
		0 	 0 	 1
		1.7223 	 6.7138 	 -0.6167
	}
}
{volume "target_vol_001"
	{box 9.84252 11.811 15.6501}
	{bone "b_ua_02_piece06_point"}
	{matrix34
		1 	 0 	 0
		0 	 1 	 0
		0 	 0 	 1
		-22.206 	 0.4292 	 -8.757
	}
}
{volume "target_vol_002"
	{box 9.84252 9.84252 15.6501}
	{bone "b_ua_02_piece06_point"}
	{matrix34
		1 	 0 	 0
		0 	 1 	 0
		0 	 0 	 1
		-24.0334 	 13.5605 	 -8.757
	}
}
{volume "vol014"
	{box 6.44141 16.7945 37.0163}
	{bone "b_ua_02_piece_006"}
	{matrix34
		0 	 -1 	 0
		1 	 0 	 0
		0 	 0 	 1
		161.268 	 30.9474 	 -7.2755
	}
}
{volume "vol015"
	{box 6.44141 65.9066 20.5218}
	{bone "b_ua_02_piece_006"}
	{matrix34
		-1 	 0 	 0
		0 	 -1 	 0
		0 	 0 	 1
		163.465 	 0.7689 	 -15.5227
	}
}
{volume "vol016"
	{polyhedron}
	{bone "b_ua_02_piece_006"}
	{matrix34
		-1 	 0 	 0
		0 	 -1 	 0
		0 	 0 	 1
		163.465 	 -9.3199 	 -5.5677
	}
}
{volume "vol017"
	{polyhedron}
	{bone "b_ua_02_piece_006"}
	{matrix34
		-1 	 0 	 0
		0 	 -1 	 0
		0 	 0 	 1
		163.465 	 24.4888 	 -5.9123
	}
}
