;Exported by	: Oleksandr Tsaprylov
;Date			: 26.01.2023 21:18:31
;File			: E:\projects\gem2-mdl-soldiers\models\entourage\shed_wood_destroyed\shed_wood_destroyed.max
{skeleton
	{bone "shed_wood_destroyed_c_piece_002"
		{orientation
			1 	 0 	 0
			0 	 -1 	 0
			0 	 0 	 1
		}
		{poly "shed_wood_destroyed_c_piece_002"}
	}
}
{obstacle "obstacle01"
	{obb2
		{center 3.65218 16.5977}
		{extent 27.4962 2.8221}
		{axis -1 6.93677e-08}
	}
	{rotate}
}
{"volumes"
	{"body01"
		{box 3.93701 3.93701 68.9314}
		{bone "shed_wood_destroyed_c_piece_002"}
		{Position -10.2674 	 -16.1938 	 34.4657}
	}
	{"body02"
		{box 7.16952 2.91339 60.2148}
		{bone "shed_wood_destroyed_c_piece_002"}
		{matrix34
			0 	 0 	 1
			0 	 1 	 0
			-1 	 0 	 0
			-6.9861 	 -15.7154 	 67.0639
		}
	}
	{"body03"
		{box 5.36057 1.26645 37.2581}
		{bone "shed_wood_destroyed_c_piece_002"}
		{matrix34
			0 	 0 	 1
			0 	 1 	 0
			-1 	 0 	 0
			3.0582 	 -19.1522 	 20.2241
		}
	}
	{"body04"
		{box 5.36057 1.26645 53.6516}
		{bone "shed_wood_destroyed_c_piece_002"}
		{matrix34
			0.1994 	 0 	 0.9799
			0 	 1 	 0
			-0.9799 	 0 	 0.1994
			3.4642 	 -19.1522 	 36.3608
		}
	}
	{"body05"
		{box 2.3622 2.98768 99.2827}
		{bone "shed_wood_destroyed_c_piece_002"}
		{matrix34
			-1 	 0 	 0
			0 	 -0.5736 	 0.8192
			0 	 0.8192 	 0.5736
			-37.3631 	 -1.8693 	 78.9007
		}
	}
	{"body06"
		{box 2.3622 2.98768 90.3472}
		{bone "shed_wood_destroyed_c_piece_002"}
		{matrix34
			-1 	 0 	 0
			0 	 -0.5736 	 0.8192
			0 	 0.8192 	 0.5736
			4.401 	 -10.5972 	 72.7893
		}
	}
	{"body07"
		{box 2.3622 2.98768 53.9301}
		{bone "shed_wood_destroyed_c_piece_002"}
		{matrix34
			-1 	 0 	 0
			0 	 0 	 1
			0 	 1 	 0
			-37.3631 	 11.2107 	 69.3248
		}
	}
}
