;Exported by	: KobaA
;Date			: 11.04.2024 16:04:00
;File			: d:\git\gem2-mdl-soldiers\models\entourage\shelter_box\shelter_gr001_004_new2_gem2_x.max
{skeleton
	{bone "basis_gr_004"
		{orientation
			1 	 0 	 0
			0 	 -1 	 0
			0 	 0 	 1
		}
		{bone "piece07"
			{matrix34
				0 	 1 	 0
				-1 	 0 	 0
				0 	 0 	 1
				4.5968 	 -3.2622 	 0
			}
			{poly "piece07"}
		}
		{bone "piece08"
			{matrix34
				0.6428 	 -0.766 	 0
				0.766 	 0.6428 	 0
				0 	 0 	 1
				0.2721 	 -4.457 	 18.6901
			}
			{poly "piece08"}
		}
		{bone "piece04"
			{matrix34
				0.0858 	 0.1736 	 -0.9811
				-0.9962 	 0 	 -0.0872
				-0.0151 	 0.9848 	 0.173
				9.8837 	 -12.568 	 10.0501
			}
			{poly "piece04"}
		}
		{bone "piece01"
			{matrix34
				0.7727 	 0.168 	 0.6122
				-0.2175 	 0.976 	 0.0066
				-0.5964 	 -0.1382 	 0.7907
				5.0082 	 -0.8097 	 13.4393
			}
			{poly "piece01"}
		}
		{bone "piece05"
			{matrix34
				0.9924 	 -0.0872 	 -0.0868
				0.0868 	 0.9962 	 -0.0076
				0.0872 	 0 	 0.9962
				4.3051 	 -6.7778 	 8.8919
			}
			{poly "piece05"}
		}
		{bone "piece06"
			{matrix34
				0.9659 	 0.2588 	 0
				-0.2588 	 0.9659 	 0
				0 	 0 	 1
				4.6083 	 -2.2164 	 5.1475
			}
			{poly "piece06"}
		}
		{bone "fx_wood1"
			{Position -1.639 	 -0.408 	 0}
		}
		{bone "fx_dust1"
			{Position -1.639 	 -0.408 	 0}
		}
		{bone "fx_dust2"
			{Position -1.639 	 -0.408 	 0}
		}
		{bone "fx_wood2"
			{Position -1.639 	 -0.408 	 0}
		}
		{bone "fx_wood2a"
			{Position -1.639 	 -0.408 	 0}
		}
	}
}
{"volumes"
	{"piece01"
		{box 0.570727 5.36317 7.82714}
		{bone "piece01"}
		{matrix34
			-0.0111 	 0.0235 	 -0.9997
			0.0231 	 0.9995 	 0.0232
			0.9997 	 -0.0229 	 -0.0117
			0.0447 	 -4.0994 	 0.0336
		}
	}
	{"piece04"
		{box 11.6788 0.473744 7.42216}
		{bone "piece04"}
		{matrix34
			1 	 0 	 0.0022
			-0.0022 	 0 	 1
			0 	 -1 	 0
			0.2596 	 -0.7025 	 0.0945
		}
	}
	{"piece05"
		{box 1.09979 0.973195 12.0728}
		{bone "piece05"}
		{matrix34
			0.0079 	 -0.0091 	 0.9999
			-0.0095 	 0.9999 	 0.0092
			-0.9999 	 -0.0095 	 0.0079
			0.4806 	 -0.0432 	 -0.0918
		}
	}
	{"piece06"
		{box 0.848221 0.925499 12.4827}
		{bone "piece06"}
		{matrix34
			0.0184 	 0.0292 	 0.9994
			-0.0057 	 0.9996 	 -0.0291
			-0.9998 	 -0.0051 	 0.0186
			0.2794 	 -0.0396 	 -0.0138
		}
	}
	{"piece07"
		{box 14.2624 0.607379 15.748}
		{bone "piece07"}
		{Position 0 	 10.785 	 7.874}
	}
	{"piece08"
		{box 13.1185 6.98364 0.663242}
		{bone "piece08"}
		{matrix34
			0.2588 	 0.9659 	 0
			-0.9659 	 0.2588 	 0
			0 	 0 	 1
			-1.0879 	 0.0198 	 2.6042
		}
	}
}
