;Exported by: garry
;Date:        Mon Jun 23 11:23:08 2008
;File:        D:\-Projects-\-3DWork-\Model\Танки\Hetzer\pz38_xx.max
{Skeleton
	{bone revolute "basis"
		{parameters "Wheelradius=0.4;"}
		{Orientation
			1	0	0
			0	-1	0
			0	0	1
		}
		{bone "body"
			{parameters "ID=body;"}
			{Matrix34
				0.999761	-0.00146995	0.0218082
				0	0.997736	0.0672492
				-0.021859	-0.0672332	0.997498
				1.37007	0.498538	4.18399
			}
			{poly "body"}
			{bone "cover1"
				{parameters "ID=body;"}
				{Matrix34
					1	0	0
					0	0.615811	0.787894
					0	-0.787894	0.615811
					-8.46256	8.58171	30.0113
				}
				{poly "cover1"}
			}
			{bone revolute "wheell1"
				{parameters "ID=trackleft;Radius=0.33;"}
				{Matrix34
					-0.999984	-0.00557767	0.000724642
					-0.000724427	0.255097	0.966915
					-0.00557644	0.9669	-0.255097
					34.7431	20.028	6.26062
				}
				{poly "wheell1"}
			}
			{bone revolute "wheell6"
				{parameters "ID=trackleft;Radius=0.35;"}
				{Matrix34
					-1	0	0
					0	0	1
					0	1	0
					-44.5196	17.9621	5.34074
				}
				{poly "wheell6"}
			}
			{bone revolute "wheelr1"
				{parameters "ID=trackright;Radius=0.33;"}
				{Matrix34
					-1	0	0
					0	0	1
					0	1	0
					34.7431	-19.9085	6.26063
				}
				{poly "wheelr1"}
			}
			{bone revolute "wheelr6"
				{parameters "ID=trackright;Radius=0.35;"}
				{Matrix34
					-1	0	0
					0	0	1
					0	1	0
					-44.5196	-18.5769	5.34075
				}
				{poly "wheelr6"}
			}
			{bone "antenn"
				{parameters "ID=body;"}
				{Matrix34
					1	0	0
					0	1	0
					0	0	1
					-19.954	-17.7221	24.8537
				}
				{poly "antenn"}
			}
			{bone revolute "turret"
				{parameters "ID=turret;"}
				{limits -15 30}
				{speed 0.05}
				{Matrix34
					1	0	0
					0	1	0
					0	0	1
					0.575792	9.11758	29.8193
				}
				{poly "turret"}
				{bone revolute "mgun2"
					{parameters "ID=turret;"}
					{limits -10 15}
					{speed 0.02}
					{Matrix34
						0.999804	-0.0140745	-0.0139348
						0.0140316	0.00699114	0.999877
						-0.013976	-0.999877	0.00718721
						-0.219469	0.243045	3.26498
					}
				}
			}
			{bone "engine"
				{parameters "ID=engine;"}
				{Matrix34
					0.999962	0	0.00872064
					0	1	0
					-0.00872184	0	0.999962
					-40.4289	-0.498921	11.9248
				}
				{poly "engine"}
			}
			{bone "part1"
				{Matrix34
					-0.999761	0	0.021859
					0.0218083	0.0672493	0.997498
					-0.00147002	0.997736	-0.0672333
					26.935	20.5963	12.3529
				}
				{poly "part1"}
			}
			{bone "part2"
				{Matrix34
					1	0	0
					0	1	0
					0	0	1
					-0.0403835	25.5994	12.7146
				}
				{poly "part2"}
			}
			{bone "part3"
				{Matrix34
					1	0	0
					0	1	0
					0	0	1
					41.0092	19.1706	13.725
				}
				{poly "part3"}
			}
			{bone "part4"
				{Matrix34
					1	0	0
					0	1	0
					0	0	1
					-38.8292	-19.914	16.9077
				}
				{poly "part4"}
			}
			{bone revolute "gun_rot"
				{limits -10 10}
				{Matrix34
					1	-1.74063e-005	0
					1.78741e-005	1	0
					0	0	1
					32.6938	-7.35646	21.7274
				}
				{bone revolute "mantlet"
					{parameters "ID=gun;"}
					{Matrix34
						1	1.77884e-005	0
						0	0	-1
						-1.7006e-005	1	0
						0	0	0
					}
					{poly "mantlet"}
					{bone "gun"
						{parameters "ID=gun;"}
						{Matrix34
							0.99995	-0.00999455	0
							-0.00509209	-0.509385	-0.860523
							0.00860034	0.860481	-0.50941
							7.65777	0.809464	-0.114807
						}
						{poly "gun"}
					}
				}
			}
		}
		{bone "wheelsl"
			{parameters "ID=trackleft;"}
			{Matrix34
				-1	0	0
				0	-1	0
				0	0	1
				-0.722324	21.8302	0
			}
			{bone revolute "wheell2"
				{parameters "ID=trackleft;"}
				{Matrix34
					0.897623	-0.440764	0
					0.226388	0.461043	0.858014
					-0.378181	-0.770173	0.513627
					-22.6271	-0.479601	8.87828
				}
				{poly "wheell2"}
			}
			{bone revolute "wheell4"
				{parameters "ID=trackleft;"}
				{Matrix34
					1	0	0
					0	0	1
					0	-1	0
					13.0995	-0.479605	8.87828
				}
				{poly "wheell4"}
			}
			{bone revolute "wheell5"
				{parameters "ID=trackleft;"}
				{Matrix34
					1	0	0
					0	0	1
					0	-1	0
					29.5738	-0.479609	8.87828
				}
				{poly "wheell5"}
			}
		}
		{bone "wheelsr"
			{parameters "ID=trackright;"}
			{Matrix34
				-1	0	0
				0	-1	0
				0	0	1
				-0.722318	-20.0703	0
			}
			{bone revolute "wheelr2"
				{parameters "ID=trackright;"}
				{Matrix34
					1	0	0
					0	0	1
					0	-1	0
					-23.7931	0.67527	8.87828
				}
				{poly "wheelr2"}
			}
			{bone revolute "wheelr3"
				{parameters "ID=trackright;"}
				{Matrix34
					1	0	0
					0	-0.21195	0.977281
					0	-0.977281	-0.21195
					-6.80877	0.675268	8.87828
				}
				{poly "wheelr3"}
			}
			{bone revolute "wheelr5"
				{parameters "ID=trackright;"}
				{Matrix34
					0.961918	0.250453	-0.109481
					0.117078	-0.0155889	0.993
					0.246993	-0.968003	-0.0443177
					27.5395	0.48727	8.87828
				}
				{poly "wheelr5"}
			}
		}
	}
}
{Volume "body1"
	{polyhedron}
	{Bone "body"}
	{Matrix34
		-1	0	0
		0	-1	0
		0	0	1
		-3.72174	-0.128083	0.045639
	}
}
{Volume "body2"
	{polyhedron}
	{Bone "body"}
	{Matrix34
		-1	0	0
		0	-1	0
		0	0	1
		-3.72176	-0.128084	14.5428
	}
}
{Volume "gun"
	{Cylinder 1.87473 36.9174}
	{Bone "mantlet"}
	{Matrix34
		7.73872e-005	0	1
		-0.0154092	-0.999881	0
		0.999881	-0.0154088	-7.43309e-005
		22.5725	0.517278	0.0261901
	}
}
{Volume "part1"
	{Box 21.1976 9.44805 3.14935}
	{Bone "part1"}
	{Matrix34
		-0.989877	0.141153	0.0148358
		0	-0.104529	0.994522
		0.141931	0.984454	0.10347
		0.232227	0.490394	0.0003023
	}
}
{Volume "part2"
	{Box 66.7977 0.96903 6.3956}
	{Bone "part2"}
	{Matrix34
		0.99994	0.000734852	-0.0109638
		-0.00147003	0.997736	-0.0672332
		0.0108885	0.0672451	0.997677
		0.116297	0.143288	-0.255158
	}
}
{Volume "part3"
	{Box 8.96354 12.8397 2.78596}
	{Bone "part3"}
	{Matrix34
		0.933253	-0.0227821	-0.358499
		-0.00147018	0.997736	-0.0672337
		0.359217	0.0632727	0.931106
		-0.486517	0.316131	0.497517
	}
}
{Volume "part4"
	{Box 23.5426 2.96523 5.01473}
	{Bone "part4"}
	{Matrix34
		0.963746	-0.266803	-0.00308395
		0.265929	0.961402	-0.0706301
		0.0218084	0.0672494	0.997498
		0.047861	-0.1094	-0.0750957
	}
}
{Volume "trackleft"
	{Box 92.6749 8.07717 21.2557}
	{Bone "wheelsl"}
	{Matrix34
		-1	0	0
		0	-1	0
		0	0	1
		1.90339	-0.235176	10.6279
	}
}
{Volume "trackright"
	{Box 92.6749 8.07717 21.2557}
	{Bone "wheelsr"}
	{Matrix34
		-1	0	0
		0	-1	0
		0	0	1
		1.9034	0.0149574	10.6279
	}
}
