;Exported by:	 Цаприлов Олександр
;Date:			 01.09.2020 11:20:25
;File:			 E:\projects\gem2-mdl-soldiers\models\entourage\wine_furniture\wine_furniture.max
{skeleton
	{bone "wine_furniture_01"
		{orientation
			1 	 0 	 0
			0 	 -1 	 0
			0 	 0 	 1
		}
		{bone "body01"
			{matrix34
				0.342 	 -0.9397 	 0
				0.9397 	 0.342 	 0
				0 	 0 	 1
				6.3829 	 9.5372 	 28.3714
			}
			{poly "body01"}
		}
	}
}
{volume "body01"
	{box 13.477 21.0959 22.2769}
	{bone "body01"}
	{matrix34
		0.9962 	 -0.0872 	 0
		0.0872 	 0.9962 	 0
		0 	 0 	 1
		0.0874 	 0.1307 	 -17.2318
	}
}
{volume "body02"
	{box 13.477 21.0959 6.13687}
	{bone "body01"}
	{matrix34
		0.866 	 0.5 	 0
		-0.5 	 0.866 	 0
		0 	 0 	 1
		18.1566 	 -3.1793 	 -17.2297
	}
}
{volume "body03"
	{box 13.477 21.0959 6.13687}
	{bone "body01"}
	{matrix34
		-0.2268 	 -0.2051 	 -0.9521
		0.6452 	 -0.7639 	 0.0108
		-0.7295 	 -0.6119 	 0.3056
		-5.5066 	 -19.6091 	 -21.0068
	}
}
{volume "body04"
	{box 13.477 21.0959 6.13687}
	{bone "body01"}
	{matrix34
		0.9063 	 0.4226 	 0
		-0.4226 	 0.9063 	 0
		0 	 0 	 1
		18.6675 	 -3.4647 	 -25.3018
	}
}
{volume "body05"
	{box 13.477 21.0959 6.13687}
	{bone "body01"}
	{matrix34
		0.9962 	 -0.0872 	 0
		0.0868 	 0.9924 	 0.0872
		-0.0076 	 -0.0868 	 0.9962
		0.2588 	 1.7896 	 -2.081
	}
}
{volume "body06"
	{cylinder 7.68712 18.4794}
	{bone "body01"}
	{matrix34
		-0.8192 	 0.5736 	 0
		-0.5736 	 -0.8192 	 0
		0 	 0 	 1
		9.2876 	 -17.9599 	 -19.1288
	}
}
{volume "body07"
	{box 13.477 21.0959 6.13687}
	{bone "body01"}
	{matrix34
		0.8922 	 0.4318 	 0.1326
		-0.4472 	 0.8857 	 0.1248
		-0.0636 	 -0.1707 	 0.9833
		17.9694 	 -0.8574 	 -10.6825
	}
}
{volume "body08"
	{box 13.477 21.0959 1.9638}
	{bone "body01"}
	{matrix34
		0.6423 	 -0.761 	 -0.0906
		0.7638 	 0.6258 	 0.158
		-0.0636 	 -0.1707 	 0.9833
		18.7841 	 -0.2987 	 -6.2178
	}
}
