;Exported by:	 Evhen
;Date:			 13.04.2020 09:41:10
;File:			 D:\gem2-mdl-soldiers\models\fence\fence_wire_01\fence_wire_01.max
{skeleton
	{bone "fence_wire_06_piece_004_x"
		{orientation
			1 	 0 	 0
			0 	 -1 	 0
			0 	 0 	 1
		}
		{bone "piece01"
			{Position 24.9762 	 -11.9442 	 -0.6727}
			{poly "piece01"}
		}
		{bone "sub_piece01"
			{Position 8.547 	 -5.182 	 6.2196}
			{poly "sub_piece01"}
		}
		{bone "sub_piece02"
			{Position 6.3568 	 -4.5111 	 -11.9211}
			{poly "sub_piece02"}
		}
	}
}
{volume "piece01"
	{box 12.7274 1.29921 20.0216}
	{bone "piece01"}
	{matrix34
		0.8739 	 -0.4861 	 0
		0.4861 	 0.8739 	 0
		0 	 0 	 1
		2.5286 	 0.002 	 -6.1192
	}
}
{volume "piece02"
	{box 16.9275 1.29921 10.211}
	{bone "piece01"}
	{matrix34
		0.9045 	 -0.4264 	 0.0032
		0.418 	 0.8881 	 0.1915
		-0.0845 	 -0.1718 	 0.9815
		0.0367 	 -0.5037 	 10.6386
	}
}
{volume "sub_piece01"
	{box 12.7274 1.29921 16.379}
	{bone "sub_piece01"}
	{matrix34
		0.955 	 -0.2945 	 0.0346
		0.2842 	 0.9424 	 0.1765
		-0.0846 	 -0.1587 	 0.9837
		-0.9327 	 1.2085 	 1.8769
	}
}
{volume "sub_piece02"
	{box 12.7274 1.29921 8.18948}
	{bone "sub_piece02"}
	{matrix34
		0.9246 	 -0.381 	 0
		0.381 	 0.9246 	 0
		0 	 0 	 1
		0.0869 	 1.8506 	 -0.7869
	}
}
