;Exported by:	 seryoga
;Date:			 24.07.2017 15:49:28
;File:			 D:\git\gem2-mdl-soldiers\models\unit\vehicle\Bulldog_Lanz_38\x\v3.max
{skeleton
	{bone "basis"
		{orientation
			1 	 0 	 0
			0 	 -1 	 0
			0 	 0 	 1
		}
		{bone "body"
			{matrix34
				0.9986 	 0 	 -0.0523
				0 	 1 	 0
				0.0523 	 0 	 0.9986
				12.9356 	 0.8064 	 12.7868
			}
			{LODView
				{poly "body"}
				{poly "body_lod1"}
				{poly "body_lod2"}
				{poly "body_lod3"}
			}
		}
		{bone "body03"
			{matrix34
				1 	 0 	 0
				0 	 0 	 -1
				0 	 1 	 0
				17.7648 	 -9.8746 	 5.9942
			}
			{visibility 0}
		}
		{bone "body04"
			{matrix34
				1 	 0 	 0
				0 	 0 	 -1
				0 	 1 	 0
				-3.2006 	 -13.8621 	 3.7471
			}
			{visibility 0}
		}
	}
}
{obstacle "body01"
	{obb2
		{center -5.1317 -7.73984}
		{extent 12.5217 1.01433}
		{axis 1 0}
	}
	{rotate}
	{Tags "body"}
}
{obstacle "body02"
	{obb2
		{center 20.4766 -0.189838}
		{extent 14.3952 6.1763}
		{axis 1 0}
	}
	{rotate}
	{Tags "body"}
}
{obstacle "body05"
	{obb2
		{center 7.30314 13.3453}
		{extent 4.36729 3.89106}
		{axis 1 0}
	}
	{rotate}
	{Tags "body"}
}
{obstacle "body06"
	{obb2
		{center -11.3771 13.3453}
		{extent 4.86994 3.89106}
		{axis 1 0}
	}
	{rotate}
	{Tags "body"}
}
{obstacle "body07"
	{obb2
		{center -16.8878 13.3453}
		{extent 1.69581 3.89106}
		{axis 1 0}
	}
	{rotate}
	{Tags "body"}
}
{obstacle "body08"
	{obb2
		{center -1.64312 13.3453}
		{extent 5.86636 3.89106}
		{axis 1 0}
	}
	{rotate}
	{Tags "body"}
}
{volume "body01"
	{box 24.0914 2.02865 18.8217}
	{bone "basis"}
	{matrix34
		-0.9986 	 0 	 0.0523
		0 	 -1 	 0
		0.0523 	 0 	 0.9986
		-5.1317 	 7.7398 	 9.5573
	}
}
{volume "body02"
	{box 27.9088 12.3526 17.5761}
	{bone "basis"}
	{matrix34
		-0.9986 	 0 	 0.0523
		0 	 -1 	 0
		0.0523 	 0 	 0.9986
		20.4766 	 0.1898 	 10.9421
	}
}
{volume "body05"
	{box 10.5549 7.78212 1.48863}
	{bone "basis"}
	{matrix34
		-0.7314 	 0 	 0.682
		0 	 -1 	 0
		0.682 	 0 	 0.7314
		7.3031 	 -13.3453 	 14.8362
	}
}
{volume "body06"
	{box 10.5549 7.78212 1.48863}
	{bone "basis"}
	{matrix34
		-0.848 	 0 	 -0.5299
		0 	 -1 	 0
		-0.5299 	 0 	 0.848
		-11.3771 	 -13.3453 	 15.9993
	}
}
{volume "body07"
	{box 13.7776 7.78212 1.48863}
	{bone "basis"}
	{matrix34
		-0.1392 	 0 	 -0.9903
		0 	 -1 	 0
		-0.9903 	 0 	 0.1392
		-16.8878 	 -13.3453 	 6.3436
	}
}
{volume "body08"
	{box 11.6708 7.78212 1.48863}
	{bone "basis"}
	{matrix34
		-0.9986 	 0 	 0.0523
		0 	 -1 	 0
		0.0523 	 0 	 0.9986
		-1.6431 	 -13.3453 	 18.4645
	}
}
