;Exported by	: KobaA
;Date			: 15.01.2024 17:29:03
;File			: d:\git\gem2-mdl-soldiers\models\building\house_70\house_70_fort_x.max
{skeleton
	{bone "h_70_piece06_x"
		{orientation
			1 	 0 	 0
			0 	 -1 	 0
			0 	 0 	 1
		}
		{bone "piece04"
			{Position 34.6421 	 11.4364 	 -3.9088}
			{poly "piece04"}
		}
		{bone "piece05"
			{Position 34.6421 	 -18.1154 	 6.6247}
			{poly "piece05"}
		}
		{bone "piece06"
			{matrix34
				0 	 -1 	 0
				1 	 0 	 0
				0 	 0 	 1
				22.8953 	 -26.9594 	 14.919
			}
			{poly "piece06"}
		}
		{bone "piece02"
			{matrix34
				0 	 -1 	 0
				1 	 0 	 0
				0 	 0 	 1
				17.591 	 -26.9594 	 -4.6273
			}
			{poly "piece02"}
		}
		{bone "sub_piece01"
			{Position 34.6421 	 -7.9108 	 -5.71}
			{poly "sub_piece01"}
		}
		{bone "sub_piece03"
			{Position 34.6421 	 -0.0403 	 8.8371}
			{poly "sub_piece03"}
		}
		{bone "sub_piece06"
			{Position 34.6421 	 17.0595 	 9.6602}
			{poly "sub_piece06"}
		}
		{bone "sub_piece04"
			{matrix34
				0 	 -1 	 0
				1 	 0 	 0
				0 	 0 	 1
				10.1812 	 -26.9176 	 5.8939
			}
			{poly "sub_piece04"}
		}
		{bone "sub_piece05"
			{matrix34
				0 	 -1 	 0
				0.0872 	 0 	 0.9962
				-0.9962 	 0 	 0.0872
				33.2253 	 -27.9662 	 5.0518
			}
			{poly "sub_piece05"}
		}
		{bone "sub_piece07"
			{matrix34
				0 	 -1 	 0
				1 	 0 	 0
				0 	 0 	 1
				5.9506 	 -26.9594 	 -10.6303
			}
			{poly "sub_piece07"}
		}
		{bone "piece03"
			{matrix34
				0 	 -1 	 0
				1 	 0 	 0
				0 	 0 	 1
				-3.6945 	 -26.9594 	 0.8481
			}
			{poly "piece03"}
		}
		{bone "piece01"
			{matrix34
				0 	 -1 	 0
				1 	 0 	 0
				0 	 0 	 1
				18.1506 	 1.9712 	 31.2486
			}
			{poly "piece01"}
		}
		{bone "sub_piece08"
			{matrix34
				0 	 -1 	 0
				1 	 0 	 0
				0 	 0 	 1
				35.7498 	 -13.1293 	 19.0328
			}
			{poly "sub_piece08"}
		}
		{bone "sub_piece02"
			{matrix34
				0 	 -1 	 0
				0.57 	 0 	 0.8216
				-0.8216 	 0 	 0.57
				23.1443 	 12.4106 	 25.4956
			}
			{poly "sub_piece02"}
		}
		{bone "h_70_piece06a"
			{Position 0 	 0 	 0}
			{poly "h_70_piece06a"}
		}
		{bone revolute "attach1"
			{matrix34
				0 	 -1 	 0
				1 	 0 	 0
				0 	 0 	 1
				13.4626 	 -12.5396 	 -34.0062
			}
		}
		{bone "debris_land_001"
			{parameters "land;ground;"}
			{matrix34
				0 	 1 	 0
				-1 	 0 	 0
				0 	 0 	 1
				18.5446 	 -38.7479 	 -30.4503
			}
			{poly "debris_land_001" {ground}}
		}
		{bone "fort_wall"
			{matrix34
				-1 	 0 	 0
				0 	 -1 	 0
				0 	 0 	 1
				10.5365 	 -34.7975 	 -28.3784
			}
		}
		{bone "stones_001"
			{parameters "land;ground;"}
			{matrix34
				0 	 1 	 0
				-1 	 0 	 0
				0 	 0 	 1
				18.5446 	 -38.7345 	 -37.9306
			}
			{poly "stones_001" {ground}}
		}
		{bone "debris_land_002"
			{parameters "land;ground;"}
			{matrix34
				-0.9659 	 0.2588 	 0
				-0.2588 	 -0.9659 	 0
				0 	 0 	 1
				41.379 	 -9.688 	 -30.4503
			}
			{poly "debris_land_002" {ground}}
		}
		{bone "stones_002"
			{parameters "land;ground;"}
			{matrix34
				-0.9659 	 0.2588 	 0
				-0.2588 	 -0.9659 	 0
				0 	 0 	 1
				41.0745 	 -9.6846 	 -30.4503
			}
			{poly "stones_002" {ground}}
		}
	}
}
{"volumes"
	{"piece01"
		{box 1.58609 34.1093 14.1158}
		{bone "piece01"}
		{matrix34
			0 	 0.5736 	 0.8192
			-1 	 0 	 0
			0 	 -0.8192 	 0.5736
			0.4565 	 -1.1053 	 0.7429
		}
	}
	{"piece02"
		{box 5.90551 11.8492 11.2868}
		{bone "piece02"}
		{matrix34
			-1 	 0 	 0
			0 	 -0.9659 	 -0.2588
			0 	 -0.2588 	 0.9659
			0 	 0.2766 	 -0.3175
		}
	}
	{"piece03"
		{box 5.90551 11.8492 15.049}
		{bone "piece03"}
		{matrix34
			-1 	 0 	 0
			0 	 -0.9659 	 -0.2588
			0 	 -0.2588 	 0.9659
			0 	 -0.2103 	 -0.3737
		}
	}
	{"piece04"
		{box 5.90551 19.425 9.6468}
		{bone "piece04"}
		{matrix34
			-1 	 0 	 0
			0 	 -1 	 0
			0 	 0 	 1
			0 	 -0.0604 	 0.5193
		}
	}
	{"piece05"
		{box 5.90551 16.7055 11.4797}
		{bone "piece05"}
		{matrix34
			-1 	 0 	 0
			0 	 -0.7071 	 -0.7071
			0 	 -0.7071 	 0.7071
			0 	 0.7494 	 -0.8435
		}
	}
	{"piece06"
		{box 5.90551 16.7055 11.4797}
		{bone "piece06"}
		{matrix34
			-1 	 0 	 0
			0 	 -0.7071 	 -0.7071
			0 	 -0.7071 	 0.7071
			0 	 0.7494 	 -0.8435
		}
	}
	{"sub_piece01"
		{box 5.90551 6.31431 10.9153}
		{bone "sub_piece01"}
		{matrix34
			-1 	 0 	 0
			0 	 -0.766 	 0.6428
			0 	 0.6428 	 0.766
			0 	 0.039 	 0.1266
		}
	}
	{"sub_piece02"
		{box 2.95276 2.95276 41.924}
		{bone "sub_piece02"}
		{matrix34
			0 	 1 	 -0.0044
			-1 	 0 	 0
			0 	 0.0044 	 1
			0.0915 	 0.0551 	 -1.531
		}
	}
	{"sub_piece03"
		{box 5.90551 9.7125 7.41157}
		{bone "sub_piece03"}
		{matrix34
			-1 	 0 	 0
			0 	 -1 	 0
			0 	 0 	 1
			0 	 -0.3815 	 -0.619
		}
	}
	{"sub_piece04"
		{box 5.90551 6.60838 5.87984}
		{bone "sub_piece04"}
		{matrix34
			-1 	 0 	 0
			0 	 -1 	 0
			0 	 0 	 1
			0 	 0.0863 	 -0.5668
		}
	}
	{"sub_piece05"
		{box 5.90551 9.7125 7.41157}
		{bone "sub_piece05"}
		{matrix34
			-1 	 0 	 0
			0 	 -1 	 0
			0 	 0 	 1
			0 	 -0.3815 	 -0.619
		}
	}
	{"sub_piece06"
		{box 5.90551 8.06137 6.37395}
		{bone "sub_piece06"}
		{matrix34
			-1 	 0 	 0
			0 	 -1 	 0
			0 	 0 	 1
			0 	 0.0694 	 -0.1063
		}
	}
	{"sub_piece07"
		{box 5.90551 8.06137 6.37395}
		{bone "sub_piece07"}
		{matrix34
			-1 	 0 	 0
			0 	 -1 	 0
			0 	 0 	 1
			0 	 0.0694 	 -0.1063
		}
	}
	{"sub_piece08"
		{box 1.58609 23.8765 14.1158}
		{bone "sub_piece08"}
		{matrix34
			0 	 0.5736 	 0.8192
			-1 	 0 	 0
			0 	 -0.8192 	 0.5736
			1.2787 	 -0.6512 	 0.3177
		}
	}
	{"target_vol_001"
		{box 9.84252 11.811 15.6501}
		{bone "h_70_piece06_x"}
		{matrix34
			0 	 -1 	 0
			1 	 0 	 0
			0 	 0 	 1
			13.4626 	 -27.4066 	 -10.6175
		}
	}
	{"vol_01"
		{box 78.5857 6.17367 17.838}
		{bone "h_70_piece06a"}
		{Position -1.5613 	 -26.8582 	 -25.0746}
	}
	{"vol_02"
		{box 17.9647 6.17367 13.7353}
		{bone "h_70_piece06a"}
		{Position -29.2438 	 -26.8582 	 -9.5523}
	}
	{"vol_03"
		{box 13.8328 6.17367 5.90618}
		{bone "h_70_piece06a"}
		{Position -13.6114 	 -26.8582 	 -13.4668}
	}
	{"vol_04"
		{box 10.6513 6.17367 9.15457}
		{bone "h_70_piece06a"}
		{Position 32.6478 	 -26.8582 	 -11.8426}
	}
	{"vol_05"
		{polyhedron}
		{bone "h_70_piece06a"}
		{Position 34.6216 	 -11.8435 	 -33.9936}
	}
	{"vol_06"
		{box 6.21631 11.5266 10.1074}
		{bone "h_70_piece06a"}
		{matrix34
			1 	 0 	 0
			0 	 0.866 	 0.5
			0 	 -0.5 	 0.866
			34.6216 	 -18.4156 	 -9.6652
		}
	}
}
