;Exported by	: KobaA
;Date			: 12.04.2024 11:41:39
;File			: d:\git\gem2-mdl-soldiers\models\entourage\field_technical_buildings\field_technical_buildings.max
{skeleton
	{animation
		{sequence "crush" {speed 0.8}}
	}
	{bone "field_technical_buildings_ammo_x"
		{orientation
			1 	 0 	 0
			0 	 -1 	 0
			0 	 0 	 1
		}
		{bone "fx_bomb1"
			{Position 0.2908 	 0.4021 	 0}
		}
		{bone "piece12"
			{matrix34
				0.9671 	 0.2064 	 -0.149
				-0.181 	 0.9691 	 0.1674
				0.179 	 -0.1349 	 0.9746
				48.3217 	 34.8105 	 6.536
			}
			{poly "piece12"}
		}
		{bone "sub_piece06"
			{matrix34
				0.6173 	 0.782 	 0.0869
				-0.7346 	 0.6124 	 -0.2921
				-0.2816 	 0.1165 	 0.9524
				37.1093 	 28.2923 	 14.3718
			}
			{poly "sub_piece06"}
		}
		{bone "sub_piece07"
			{matrix34
				0.9773 	 -0.2118 	 0
				0.2118 	 0.9773 	 0
				0 	 0 	 1
				57.8873 	 11.8382 	 16.2841
			}
			{poly "sub_piece07"}
		}
		{bone "piece10"
			{matrix34
				0.9671 	 0.2064 	 -0.149
				-0.181 	 0.9691 	 0.1674
				0.179 	 -0.1349 	 0.9746
				54.3224 	 -27.3849 	 11.5953
			}
			{poly "piece10"}
		}
		{bone "sub_piece03"
			{matrix34
				0.928 	 -0.3301 	 0.1728
				0.3711 	 0.8607 	 -0.3485
				-0.0337 	 0.3875 	 0.9213
				50.5033 	 -37.8108 	 6.9004
			}
			{poly "sub_piece03"}
		}
		{bone "piece14"
			{matrix34
				0.928 	 -0.3301 	 0.1728
				0.3711 	 0.8607 	 -0.3485
				-0.0337 	 0.3875 	 0.9213
				57.6655 	 0.351 	 6.7002
			}
			{poly "piece14"}
		}
		{bone "piece15"
			{matrix34
				0.248 	 0.9532 	 0.1728
				-0.8898 	 0.2946 	 -0.3485
				-0.3831 	 -0.0673 	 0.9213
				64.2688 	 -6.0437 	 16.1274
			}
			{poly "piece15"}
		}
		{bone "fx_bomb2"
			{Position -0.8933 	 0.4021 	 0}
		}
		{bone "piece11"
			{matrix34
				-0.9671 	 -0.2064 	 -0.149
				0.181 	 -0.9691 	 0.1674
				-0.179 	 0.1349 	 0.9746
				-51.5779 	 -36.7835 	 7.2741
			}
			{poly "piece11"}
		}
		{bone "sub_piece02"
			{matrix34
				-0.3126 	 -0.9459 	 0.0869
				0.8998 	 -0.3242 	 -0.2921
				0.3045 	 -0.0131 	 0.9524
				-65.6498 	 -17.0745 	 8.0727
			}
			{poly "sub_piece02"}
		}
		{bone "piece04"
			{matrix34
				-0.2064 	 0.9671 	 -0.149
				-0.9691 	 -0.181 	 0.1674
				0.1349 	 0.179 	 0.9746
				-65.0316 	 21.1497 	 7.2741
			}
			{poly "piece04"}
		}
		{bone "sub_piece01"
			{matrix34
				-0.3126 	 -0.9459 	 0.0869
				0.8998 	 -0.3242 	 -0.2921
				0.3045 	 -0.0131 	 0.9524
				-66.2933 	 16.0175 	 24.7946
			}
			{poly "sub_piece01"}
		}
		{bone "piece07"
			{matrix34
				-0.9358 	 -0.33 	 -0.1243
				-0.3527 	 0.8761 	 0.3287
				0.0004 	 0.3514 	 -0.9362
				-46.2158 	 35.6841 	 24.7946
			}
			{poly "piece07"}
		}
		{bone "piece08"
			{matrix34
				0.9789 	 -0.0514 	 0.1979
				-0.2011 	 -0.0676 	 0.9772
				-0.0368 	 -0.9964 	 -0.0765
				-19.4159 	 33.4589 	 12.8724
			}
			{poly "piece08"}
		}
		{bone "sub_piece04"
			{matrix34
				0.479 	 0.8337 	 0.2747
				-0.8445 	 0.5231 	 -0.1151
				-0.2396 	 -0.1768 	 0.9546
				-6.2072 	 -5.109 	 26.5475
			}
			{poly "sub_piece04"}
		}
		{bone "sub_piece05"
			{matrix34
				0.3126 	 0.9459 	 0.0869
				-0.8998 	 0.3242 	 -0.2921
				-0.3045 	 0.0131 	 0.9524
				-39.8071 	 31.5635 	 14.8488
			}
			{poly "sub_piece05"}
		}
		{bone "piece06"
			{matrix34
				0.8337 	 -0.479 	 0.2747
				0.5231 	 0.8445 	 -0.1151
				-0.1768 	 0.2396 	 0.9546
				-11.099 	 -11.5776 	 18.0185
			}
			{poly "piece06"}
		}
		{bone "piece03"
			{matrix34
				0.9871 	 0.16 	 0
				-0.16 	 0.9871 	 0
				0 	 0 	 1
				-23.4569 	 -30.8315 	 19.8572
			}
			{poly "piece03"}
		}
		{bone "piece02"
			{matrix34
				0.3126 	 0.9459 	 0.0869
				-0.8998 	 0.3242 	 -0.2921
				-0.3045 	 0.0131 	 0.9524
				-4.5461 	 8.2918 	 18.37
			}
			{poly "piece02"}
		}
		{bone "tent_ammo_anim"
			{Position -1.5062 	 1.5531 	 0}
			{bone "tent"
				{parameters "commonmesh;"}
				{matrix34
					0 	 -1 	 0
					1 	 0 	 0
					0 	 0 	 1
					1.2164 	 -1.7795 	 0
				}
				{poly "tent"}
			}
		}
		{bone "piece01"
			{Position -21.6458 	 21.924 	 6.4482}
			{poly "piece01"}
		}
		{bone "piece09"
			{matrix34
				-0.9659 	 0.2588 	 0
				-0.2588 	 -0.9659 	 0
				0 	 0 	 1
				40.6322 	 25.2102 	 13.0986
			}
			{poly "piece09"}
		}
		{bone "piece13"
			{Position 49.4041 	 -22.4354 	 5.4562}
			{poly "piece13"}
		}
		{bone "piece05"
			{matrix34
				-0.9659 	 0.2588 	 0
				-0.2588 	 -0.9659 	 0
				0 	 0 	 1
				-47.9551 	 -23.1714 	 13.0986
			}
			{poly "piece05"}
		}
	}
}
{"volumes"
	{"piece01"
		{box 29.078 23.394 4.14579}
		{bone "piece01"}
		{Position -0.1727 	 1.537 	 -0.0356}
	}
	{"piece02"
		{box 9.85314 0.464159 4.53381}
		{bone "piece02"}
		{matrix34
			0.9459 	 0.3242 	 0.0131
			-0.3126 	 0.8998 	 0.3045
			0.0869 	 -0.2921 	 0.9524
			-0.1325 	 -0.2535 	 -0.0719
		}
	}
	{"piece03"
		{box 1.42494 1.18511 3.92916}
		{bone "piece03"}
		{Position -4.0434 	 -2.2878 	 -3.647}
	}
	{"piece03_02"
		{box 7.12468 3.95038 0.20916}
		{bone "piece03"}
		{Position 0.0008 	 -0.2205 	 0.1968}
	}
	{"piece04"
		{box 16.1592 0.464159 4.51844}
		{bone "piece04"}
		{matrix34
			0.9671 	 -0.181 	 0.179
			0.2064 	 0.9691 	 -0.1349
			-0.149 	 0.1674 	 0.9746
			-0.1756 	 0.2018 	 -0.0877
		}
	}
	{"piece05"
		{polyhedron}
		{bone "piece05"}
		{matrix34
			-1 	 0 	 0
			0 	 -1 	 0
			0 	 0 	 1
			-9.7381 	 -0.2289 	 -1.7796
		}
	}
	{"piece06"
		{box 9.85314 0.464159 4.53381}
		{bone "piece06"}
		{matrix34
			0.8337 	 0.5231 	 -0.1768
			-0.479 	 0.8445 	 0.2396
			0.2747 	 -0.1151 	 0.9546
			-0.0442 	 -0.3396 	 -0.0344
		}
	}
	{"piece07"
		{box 9.85314 0.464159 4.53381}
		{bone "piece07"}
		{matrix34
			0.961 	 0.275 	 -0.0311
			-0.2472 	 0.9035 	 0.3501
			0.1243 	 -0.3287 	 0.9362
			-0.1495 	 -0.2438 	 -0.0721
		}
	}
	{"piece08"
		{box 16.1592 0.464159 4.51844}
		{bone "piece08"}
		{matrix34
			0.9671 	 -0.181 	 0.179
			0.2064 	 0.9691 	 -0.1349
			-0.149 	 0.1674 	 0.9746
			-0.1756 	 0.2018 	 -0.0877
		}
	}
	{"piece09"
		{polyhedron}
		{bone "piece09"}
		{matrix34
			-1 	 0 	 0
			0 	 -1 	 0
			0 	 0 	 1
			-9.7381 	 -0.2289 	 -1.7796
		}
	}
	{"piece10"
		{box 16.1592 0.464159 4.51844}
		{bone "piece10"}
		{matrix34
			0.9671 	 -0.181 	 0.179
			0.2064 	 0.9691 	 -0.1349
			-0.149 	 0.1674 	 0.9746
			-0.1756 	 0.2018 	 -0.0877
		}
	}
	{"piece11"
		{box 16.1592 0.464159 4.51844}
		{bone "piece11"}
		{matrix34
			0.9671 	 -0.181 	 0.179
			0.2064 	 0.9691 	 -0.1349
			-0.149 	 0.1674 	 0.9746
			-0.1756 	 0.2018 	 -0.0877
		}
	}
	{"piece12"
		{box 16.1592 0.464159 4.51844}
		{bone "piece12"}
		{matrix34
			0.9671 	 -0.181 	 0.179
			0.2064 	 0.9691 	 -0.1349
			-0.149 	 0.1674 	 0.9746
			-0.1756 	 0.2018 	 -0.0877
		}
	}
	{"piece13"
		{box 29.078 13.8025 4.14579}
		{bone "piece13"}
		{matrix34
			1 	 0 	 0
			0 	 1 	 0
			0 	 0 	 1
			-0.1728 	 -0.6608 	 -0.0356
		}
	}
	{"piece14"
		{box 9.85314 0.464159 3.84221}
		{bone "piece14"}
		{matrix34
			0.928 	 0.3711 	 -0.0337
			-0.3301 	 0.8607 	 0.3875
			0.1728 	 -0.3485 	 0.9213
			-0.0051 	 -0.2594 	 -0.0588
		}
	}
	{"piece15"
		{box 9.85314 0.464159 3.84221}
		{bone "piece15"}
		{matrix34
			0.928 	 0.3711 	 -0.0337
			-0.3301 	 0.8607 	 0.3875
			0.1728 	 -0.3485 	 0.9213
			-0.0051 	 -0.2593 	 -0.0588
		}
	}
	{"sub_piece01"
		{box 9.85314 0.464159 4.53381}
		{bone "sub_piece01"}
		{matrix34
			0.9459 	 0.3242 	 0.0131
			-0.3126 	 0.8998 	 0.3045
			0.0869 	 -0.2921 	 0.9524
			-0.1325 	 -0.2535 	 -0.0719
		}
	}
	{"sub_piece02"
		{box 9.85314 0.464159 4.53381}
		{bone "sub_piece02"}
		{matrix34
			0.9459 	 0.3242 	 0.0131
			-0.3126 	 0.8998 	 0.3045
			0.0869 	 -0.2921 	 0.9524
			-0.0657 	 -0.4456 	 -0.1369
		}
	}
	{"sub_piece03"
		{box 9.85314 0.464159 3.84221}
		{bone "sub_piece03"}
		{matrix34
			0.928 	 0.3711 	 -0.0337
			-0.3301 	 0.8607 	 0.3875
			0.1728 	 -0.3485 	 0.9213
			-0.0051 	 -0.2594 	 -0.0588
		}
	}
	{"sub_piece04"
		{box 9.85314 0.464159 4.53381}
		{bone "sub_piece04"}
		{matrix34
			0.8337 	 0.5231 	 -0.1768
			-0.479 	 0.8445 	 0.2396
			0.2747 	 -0.1151 	 0.9546
			-0.0442 	 -0.3396 	 -0.0344
		}
	}
	{"sub_piece05"
		{box 9.85314 0.464159 4.53381}
		{bone "sub_piece05"}
		{matrix34
			0.9459 	 0.3242 	 0.0131
			-0.3126 	 0.8998 	 0.3045
			0.0869 	 -0.2921 	 0.9524
			-0.0719 	 -0.4279 	 -0.1309
		}
	}
	{"sub_piece06"
		{box 9.85314 0.464159 4.53381}
		{bone "sub_piece06"}
		{matrix34
			0.9459 	 0.3242 	 0.0131
			-0.3126 	 0.8998 	 0.3045
			0.0869 	 -0.2921 	 0.9524
			-0.1654 	 -0.2126 	 -0.295
		}
	}
	{"sub_piece07"
		{box 7.12468 3.95038 0.20916}
		{bone "sub_piece07"}
		{Position 0.0007 	 0.0917 	 0.2535}
	}
}
