;Exported by:	 vic
;Date:			 29.11.2016 10:39:15
;File:			 D:\-Project_vtv_online-\-3DWork-\building\house_vtv_221\house_001_g2_x2.max
{skeleton
	{bone "house_001_g2_piece_018_x"
		{parameters "lastpose=undefined;"}
		{orientation
			1 	 0 	 0
			0 	 -1 	 0
			0 	 0 	 1
		}
		{bone "piece00"
			{parameters "lastpose=undefined;"}
			{matrix34
				-1 	 0 	 0
				0 	 0 	 1
				0 	 1 	 0
				-16.2029 	 15.3606 	 -8.8648
			}
			{poly "piece00"}
		}
		{bone "sub_piece00"
			{parameters "lastpose=undefined;"}
			{matrix34
				0 	 -0.999 	 -0.0436
				0 	 0.0436 	 -0.999
				1 	 0 	 0
				28.8264 	 1.6073 	 -4.1657
			}
			{poly "sub_piece00"}
		}
		{bone "piece01"
			{parameters "lastpose=undefined;"}
			{matrix34
				-1 	 0 	 0
				0 	 0 	 1
				0 	 1 	 0
				-8.4188 	 15.3606 	 20.2684
			}
			{poly "piece01"}
		}
		{bone "piece02"
			{parameters "lastpose=undefined;"}
			{matrix34
				0 	 1 	 0
				0 	 0 	 1
				1 	 0 	 0
				28.815 	 10.7114 	 -9.0389
			}
			{poly "piece02"}
		}
		{bone "sub_piece01"
			{parameters "lastpose=undefined;"}
			{matrix34
				-1 	 0 	 0
				0 	 0 	 1
				0 	 1 	 0
				-1.7485 	 15.3606 	 12.6954
			}
			{poly "sub_piece01"}
		}
		{bone "sub_piece02"
			{parameters "lastpose=undefined;"}
			{matrix34
				-1 	 0 	 0
				0 	 0 	 1
				0 	 1 	 0
				17.8814 	 15.3606 	 -18.2224
			}
			{poly "sub_piece02"}
		}
		{bone "sub_piece03"
			{parameters "lastpose=undefined;"}
			{matrix34
				-1 	 0 	 0
				0 	 0 	 1
				0 	 1 	 0
				-17.325 	 15.3606 	 3.4978
			}
			{poly "sub_piece03"}
		}
		{bone "sub_piece04"
			{parameters "lastpose=undefined;"}
			{matrix34
				-1 	 0 	 0
				0 	 0 	 1
				0 	 1 	 0
				-22.0521 	 15.3606 	 16.4381
			}
			{poly "sub_piece04"}
		}
		{bone "sub_piece05"
			{parameters "lastpose=undefined;"}
			{matrix34
				-1 	 0 	 0
				0 	 0 	 1
				0 	 1 	 0
				-11.4752 	 15.3606 	 -22.8477
			}
			{poly "sub_piece05"}
		}
		{bone "sub_piece06"
			{parameters "lastpose=undefined;"}
			{matrix34
				-1 	 0 	 0
				0 	 0 	 1
				0 	 1 	 0
				-26.2473 	 15.3606 	 -20.2796
			}
			{poly "sub_piece06"}
		}
		{bone "sub_piece07"
			{parameters "lastpose=undefined;"}
			{matrix34
				-1 	 0 	 0
				0 	 0 	 1
				0 	 1 	 0
				-20.6844 	 15.3606 	 -31.4687
			}
			{poly "sub_piece07"}
		}
		{bone "sub_piece08"
			{parameters "lastpose=undefined;"}
			{matrix34
				-1 	 0 	 0
				0 	 0 	 1
				0 	 1 	 0
				-4.8294 	 15.3606 	 2.6504
			}
			{poly "sub_piece08"}
		}
		{bone "sub_piece09"
			{parameters "lastpose=undefined;"}
			{matrix34
				-1 	 0 	 0
				0 	 0 	 1
				0 	 1 	 0
				21.0057 	 15.3606 	 -4.7514
			}
			{poly "sub_piece09"}
		}
		{bone "sub_piece10"
			{parameters "lastpose=undefined;"}
			{matrix34
				-1 	 0 	 0
				0 	 0 	 1
				0 	 1 	 0
				7.8925 	 15.3606 	 18.9086
			}
			{poly "sub_piece10"}
		}
		{bone "sub_piece11"
			{parameters "lastpose=undefined;"}
			{matrix34
				0 	 0.9763 	 0.2164
				0 	 -0.2164 	 0.9763
				1 	 0 	 0
				28.8487 	 9.6701 	 -19.4309
			}
			{poly "sub_piece11"}
		}
		{bone "sub_piece12"
			{parameters "lastpose=undefined;"}
			{matrix34
				0 	 1 	 0
				0 	 0 	 1
				1 	 0 	 0
				28.8487 	 9.6688 	 4.4675
			}
			{poly "sub_piece12"}
		}
		{bone "piece03"
			{parameters "lastpose=undefined;"}
			{matrix34
				-1 	 0 	 0
				0 	 0 	 1
				0 	 1 	 0
				-0.0722 	 15.3606 	 -9.3434
			}
			{poly "piece03"}
		}
		{bone "piece04"
			{parameters "lastpose=undefined;"}
			{matrix34
				-1 	 0 	 0
				0 	 0 	 1
				0 	 1 	 0
				3.3256 	 15.3606 	 -21.581
			}
			{poly "piece04"}
		}
		{bone "piece05"
			{parameters "lastpose=undefined;"}
			{matrix34
				-1 	 0 	 0
				0 	 -1 	 0
				0 	 0 	 1
				6.537 	 6.172 	 8.3069
			}
			{poly "piece05"}
		}
		{bone "piece06"
			{parameters "lastpose=undefined;"}
			{matrix34
				-0.887 	 0 	 -0.4617
				-0.4617 	 0 	 0.887
				0 	 1 	 0
				18.9391 	 15.3606 	 11.9633
			}
			{poly "piece06"}
		}
		{bone "piece07"
			{parameters "lastpose=undefined;"}
			{matrix34
				-1 	 0 	 0
				0 	 0 	 1
				0 	 1 	 0
				4.0812 	 15.3606 	 31.0607
			}
			{poly "piece07"}
		}
		{bone "sub_piece13"
			{parameters "lastpose=undefined;"}
			{matrix34
				-1 	 0 	 0
				0 	 0 	 1
				0 	 1 	 0
				8.684 	 15.3606 	 3.0211
			}
			{poly "sub_piece13"}
		}
	}
}
{volume "piece00_volume017"
	{box 5.90551 10.664 8.12962}
	{bone "piece00"}
	{matrix34
		0 	 0 	 -1
		-0.9239 	 -0.3827 	 0
		-0.3827 	 0.9239 	 0
		0.1279 	 0.0375 	 0.0079
	}
}
{volume "piece01_volume014"
	{box 5.90551 11.2134 8.49687}
	{bone "piece01"}
	{matrix34
		0 	 0 	 -1
		-0.9914 	 0.1305 	 0
		0.1305 	 0.9914 	 0
		0.1109 	 -0.2239 	 0.0079
	}
}
{volume "piece02_volume020"
	{box 5.90551 9.44403 7.21503}
	{bone "piece02"}
	{matrix34
		0 	 0 	 -1
		-0.9962 	 0.0872 	 0
		0.0872 	 0.9962 	 0
		-0.0047 	 0.1603 	 0.0078
	}
}
{volume "piece03_volume022"
	{box 5.90551 6.81481 9.49004}
	{bone "piece03"}
	{matrix34
		0 	 0 	 -1
		-0.9962 	 -0.0872 	 0
		-0.0872 	 0.9962 	 0
		-0.5865 	 -0.6934 	 0.0078
	}
}
{volume "piece04_volume019"
	{box 5.90551 9.44403 7.21503}
	{bone "piece04"}
	{matrix34
		0 	 0 	 -1
		-0.9962 	 0.0872 	 0
		0.0872 	 0.9962 	 0
		-0.0047 	 0.1603 	 0.0078
	}
}
{volume "piece05_volume009"
	{box 37.898 2.95276 2.95276}
	{bone "piece05"}
	{Position -0.7728 	 -0.0021 	 -0.0115}
}
{volume "piece06_volume013"
	{box 5.90551 11.2134 8.49687}
	{bone "piece06"}
	{matrix34
		0 	 0 	 -1
		-0.9914 	 0.1305 	 0
		0.1305 	 0.9914 	 0
		0.1109 	 -0.2239 	 0.0079
	}
}
{volume "piece07_volume025"
	{box 5.90551 5.47672 7.78311}
	{bone "piece07"}
	{matrix34
		0 	 0 	 -1
		-0.766 	 0.6428 	 0
		0.6428 	 0.766 	 0
		-0.016 	 -0.0395 	 0.0078
	}
}
{volume "sub_piece00_volume027"
	{box 5.90551 3.72566 8.19275}
	{bone "sub_piece00"}
	{matrix34
		0 	 0 	 -1
		-1 	 0 	 0
		0 	 1 	 0
		-0.0098 	 0.0559 	 0.0078
	}
}
{volume "sub_piece01_volume029"
	{box 5.90551 6.24346 4.5142}
	{bone "sub_piece01"}
	{matrix34
		0 	 0 	 -1
		-0.766 	 0.6428 	 0
		0.6428 	 0.766 	 0
		-1.0853 	 -0.2134 	 0.0078
	}
}
{volume "sub_piece02_volume014"
	{box 5.90551 5.15816 8.49687}
	{bone "sub_piece02"}
	{matrix34
		0 	 0 	 -1
		-0.9763 	 0.2164 	 0
		0.2164 	 0.9763 	 0
		-0.0201 	 0.1824 	 0.0079
	}
}
{volume "sub_piece03_volume015"
	{box 5.90551 6.18979 7.30731}
	{bone "sub_piece03"}
	{matrix34
		0 	 0 	 -1
		-0.9763 	 0.2164 	 0
		0.2164 	 0.9763 	 0
		0.1307 	 -0.2882 	 0.0079
	}
}
{volume "sub_piece04_volume011"
	{box 5.90551 3.83767 7.89189}
	{bone "sub_piece04"}
	{matrix34
		0 	 0 	 -1
		-0.999 	 -0.0436 	 0
		-0.0436 	 0.999 	 0
		0.3341 	 -0.0514 	 0.0079
	}
}
{volume "sub_piece05_volume014"
	{box 5.90551 5.91001 7.4973}
	{bone "sub_piece05"}
	{matrix34
		0 	 0 	 -1
		-0.999 	 -0.0436 	 0
		-0.0436 	 0.999 	 0
		-0.1518 	 -0.3633 	 0.0079
	}
}
{volume "sub_piece06_volume015"
	{box 5.90551 7.74211 3.67368}
	{bone "sub_piece06"}
	{matrix34
		0 	 0 	 -1
		-0.866 	 -0.5 	 0
		-0.5 	 0.866 	 0
		-0.0596 	 0.1191 	 0.0079
	}
}
{volume "sub_piece07_volume018"
	{box 5.90551 7.67807 5.77203}
	{bone "sub_piece07"}
	{matrix34
		0 	 0 	 -1
		-0.9962 	 0.0872 	 0
		0.0872 	 0.9962 	 0
		0.0465 	 -0.0391 	 0.0078
	}
}
{volume "sub_piece08_volume023"
	{box 5.90551 7.7441 5.26698}
	{bone "sub_piece08"}
	{matrix34
		0 	 0 	 -1
		-0.9239 	 0.3827 	 0
		0.3827 	 0.9239 	 0
		-0.3347 	 0.1909 	 0.0078
	}
}
{volume "sub_piece09_volume021"
	{box 5.90551 6.81481 6.63639}
	{bone "sub_piece09"}
	{matrix34
		0 	 0 	 -1
		-0.9239 	 0.3827 	 0
		0.3827 	 0.9239 	 0
		-0.1501 	 -0.4527 	 0.0078
	}
}
{volume "sub_piece10_volume026"
	{box 5.90551 3.72566 8.19275}
	{bone "sub_piece10"}
	{matrix34
		0 	 0 	 -1
		-1 	 0 	 0
		0 	 1 	 0
		-0.0099 	 0.0559 	 0.0078
	}
}
{volume "sub_piece11_volume017"
	{box 5.90551 5.4969 7.09019}
	{bone "sub_piece11"}
	{matrix34
		0 	 0 	 -1
		-0.6428 	 -0.766 	 0
		-0.766 	 0.6428 	 0
		-0.0464 	 -0.0583 	 0.0079
	}
}
{volume "sub_piece12_volume015"
	{box 5.90551 5.91001 7.4973}
	{bone "sub_piece12"}
	{matrix34
		0 	 0 	 -1
		-0.999 	 -0.0436 	 0
		-0.0436 	 0.999 	 0
		-0.1518 	 -0.3633 	 0.0079
	}
}
{volume "sub_piece13_volume023"
	{box 5.90551 5.2474 8.44613}
	{bone "sub_piece13"}
	{matrix34
		0 	 0 	 -1
		-0.887 	 0.4617 	 0
		0.4617 	 0.887 	 0
		0.1895 	 -0.0721 	 0.0078
	}
}
