;Exported by:	 tolokolnikova
;Date:			 06.08.2015 13:41:38
;File:			 D:\git\solders_model\models\building\shed_village_001\villige_fix1_x.max
{skeleton
	{bone "shed_village_fence_002_x"
		{Orientation
			1 	 0 	 0
			0 	 -1 	 0
			0 	 0 	 1
		}
		{poly "shed_village_fence_002_x"}
		{bone "piece01"
			{Position 0 	 0.0021 	 0}
			{poly "piece01"}
		}
		{bone "piece02"
			{Position 0 	 15.1743 	 9.9505}
			{poly "piece02"}
		}
		{bone "piece03"
			{Position 0.0743 	 0.9056 	 3.4707}
			{poly "piece03"}
		}
		{bone "piece04"
			{Position 0.0747 	 -8.1422 	 6.2526}
			{poly "piece04"}
		}
		{bone "piece05"
			{Position 0.0742 	 -13.3409 	 7.5181}
			{poly "piece05"}
		}
		{bone "piece06"
			{Position 0 	 -17.6604 	 10.9843}
			{poly "piece06"}
		}
		{bone "fx_stone1"
			{parameters "lastpose=undefined;"}
			{Position 0.059 	 4.4679 	 0}
		}
	}
}
{Volume "piece01"
	{Box 7.36337 7.82179 9.60843}
	{Bone "piece01"}
	{Position -0.0755 	 29.087 	 16.145}
}
{Volume "piece02"
	{Box 5.44889 13.297 10.7614}
	{Bone "piece02"}
	{Position -0.0755 	 -1.0076 	 0.3938}
}
{Volume "piece03"
	{Box 4.33071 5.71773 5.48834}
	{Bone "piece03"}
	{Position -0.1498 	 0.3024 	 0.1934}
}
{Volume "piece04"
	{Box 4.33071 2.17274 4.66509}
	{Bone "piece04"}
	{Matrix34
		1 	 0 	 0
		0 	 0.8192 	 -0.5736
		0 	 0.5736 	 0.8192
		-0.1502 	 -0.4572 	 -0.0999
	}
}
{Volume "piece05"
	{Box 5.37008 3.4112 4.66509}
	{Bone "piece05"}
	{Matrix34
		1 	 0 	 0
		0 	 0.8192 	 -0.5736
		0 	 0.5736 	 0.8192
		-0.1497 	 0.0519 	 -0.088
	}
}
{Volume "piece06"
	{Box 5.44889 7.71229 9.57769}
	{Bone "piece06"}
	{Matrix34
		1 	 0 	 0
		0 	 0.866 	 -0.5
		0 	 0.5 	 0.866
		-0.0755 	 -1.1626 	 -0.0034
	}
}
