;Exported by	: KobaA
;Date			: 26.01.2024 11:03:55
;File			: d:\git\gem2-mdl-soldiers\models\building\building_ua01\building_ua05_v2_x.max
{skeleton
	{bone "b_ua_05_piece02_point"
		{orientation
			1 	 0 	 0
			0 	 -1 	 0
			0 	 0 	 1
		}
		{bone "b_ua_05_piece02"
			{Position 43.6874 	 -10.7288 	 0.1358}
			{poly "b_ua_05_piece02"}
		}
		{bone "piece01"
			{Position 26.3883 	 2.7745 	 28.7957}
			{poly "piece01"}
		}
		{bone "piece02"
			{Position 12.6298 	 2.7745 	 16.2661}
			{poly "piece02"}
		}
		{bone "sub_piece02"
			{matrix34
				0.7071 	 0 	 -0.7071
				0 	 1 	 0
				0.7071 	 0 	 0.7071
				-34.4855 	 2.7745 	 29.3216
			}
			{poly "sub_piece02"}
		}
		{bone "piece03"
			{matrix34
				-0.0872 	 0 	 0.9962
				0 	 1 	 0
				-0.9962 	 0 	 -0.0872
				-21.278 	 2.7749 	 25.9663
			}
			{poly "piece03"}
		}
		{bone "piece04"
			{Position -7.3457 	 2.7749 	 16.162}
			{poly "piece04"}
		}
		{bone "piece05"
			{matrix34
				0.866 	 0 	 0.5
				0 	 1 	 0
				-0.5 	 0 	 0.866
				1.1361 	 2.7749 	 28.1735
			}
			{poly "piece05"}
		}
		{bone "sub_piece01"
			{matrix34
				0 	 0.6293 	 -0.7771
				-1 	 0 	 0
				0 	 0.7771 	 0.6293
				15.4462 	 6.9112 	 44.7458
			}
			{poly "sub_piece01"}
		}
		{bone revolute "attach1"
			{matrix34
				0 	 -1 	 0
				1 	 0 	 0
				0 	 0 	 1
				-12.3926 	 18.4241 	 -14.3521
			}
		}
		{bone "debris_land_001"
			{parameters "land;ground;"}
			{matrix34
				0 	 1 	 0
				-1 	 0 	 0
				0 	 0 	 1
				20.4381 	 -9.5786 	 -18.0922
			}
			{poly "debris_land_001" {ground}}
		}
		{bone "fort_wall"
			{matrix34
				-1 	 0 	 0
				0 	 -1 	 0
				0 	 0 	 1
				12.4299 	 -5.6283 	 -11.2025
			}
		}
		{bone "stones_001"
			{parameters "land;ground;"}
			{matrix34
				0 	 1 	 0
				-1 	 0 	 0
				0 	 0 	 1
				20.4381 	 -9.5653 	 -17.108
			}
			{poly "stones_001" {ground}}
		}
	}
}
{"volumes"
	{"piece01"
		{box 11.551 5.90551 9.99911}
		{bone "piece01"}
		{Position -0.0036 	 0 	 -0.2641}
	}
	{"piece02"
		{box 8.81752 5.90551 15.6236}
		{bone "piece02"}
		{Position -0.0504 	 0 	 -0.5338}
	}
	{"piece03"
		{box 15.7834 5.90551 15.6236}
		{bone "piece03"}
		{matrix34
			-0.1736 	 0 	 -0.9848
			0 	 1 	 0
			0.9848 	 0 	 -0.1736
			0.5941 	 0 	 -0.1059
		}
	}
	{"piece04"
		{box 11.551 5.90551 9.99911}
		{bone "piece04"}
		{Position 0.8764 	 0 	 -0.9367}
	}
	{"piece05"
		{box 11.551 5.90551 9.99911}
		{bone "piece05"}
		{matrix34
			0.866 	 0 	 -0.5
			0 	 1 	 0
			0.5 	 0 	 0.866
			-1.2926 	 0 	 -0.688
		}
	}
	{"sub_piece01"
		{box 5.45089 3.93701 25.3087}
		{bone "sub_piece01"}
		{matrix34
			0 	 -1 	 0
			0.9998 	 0 	 0.0175
			-0.0175 	 0 	 0.9998
			0.6065 	 4.096 	 -1.2063
		}
	}
	{"sub_piece02"
		{box 7.31854 5.90551 6.09321}
		{bone "sub_piece02"}
		{matrix34
			-0.4226 	 0 	 0.9063
			0 	 1 	 0
			-0.9063 	 0 	 -0.4226
			0.4514 	 0 	 -0.6132
		}
	}
	{"target_vol_001"
		{box 9.84252 9.84252 15.6501}
		{bone "b_ua_05_piece02_point"}
		{matrix34
			0 	 -1 	 0
			1 	 0 	 0
			0 	 0 	 1
			-12.3926 	 18.4241 	 7.2803
		}
	}
	{"vol_01"
		{box 43.0352 5.90551 26.5121}
		{bone "b_ua_05_piece02"}
		{Position -45.7785 	 13.4186 	 -10.8774}
	}
	{"vol_02"
		{polyhedron}
		{bone "b_ua_05_piece02"}
		{Position -52.0814 	 13.4186 	 2.2626}
	}
}
