;Exported by	: Oleksandr Tsaprylov
;Date			: 26.06.2023 18:32:13
;File			: E:\projects\gem2-mdl-soldiers\models\entourage\field_technical_buildings\field_technical_buildings.max
{skeleton
	{animation
		{sequence "crush" {speed 0.7}}
	}
	{bone "field_technical_buildings_med_x"
		{orientation
			1 	 0 	 0
			0 	 -1 	 0
			0 	 0 	 1
		}
		{bone "tent006"
			{parameters "commonmesh;"}
			{orientation
				0 	 -1 	 0
				1 	 0 	 0
				0 	 0 	 1
			}
			{poly "tent006"}
		}
		{bone "sub_piece01"
			{matrix34
				0 	 -0.1736 	 -0.9848
				1 	 0 	 0
				0 	 -0.9848 	 0.1736
				-0.3353 	 -43.7371 	 23.2315
			}
			{poly "sub_piece01"}
		}
		{bone "sub_piece02"
			{matrix34
				1 	 0 	 0
				0 	 0 	 1
				0 	 -1 	 0
				19.3756 	 -27.964 	 5.1163
			}
			{poly "sub_piece02"}
		}
		{bone "piece04"
			{matrix34
				1 	 0 	 0
				0 	 0 	 1
				0 	 -1 	 0
				19.556 	 -36.6418 	 16.4795
			}
			{poly "piece04"}
		}
		{bone "piece06"
			{matrix34
				1 	 0 	 0
				0 	 0 	 1
				0 	 -1 	 0
				19.6741 	 -19.845 	 16.4472
			}
			{poly "piece06"}
		}
		{bone "piece07"
			{matrix34
				0 	 -1 	 0
				1 	 0 	 0
				0 	 0 	 1
				60.0945 	 -13.9111 	 17.6471
			}
			{poly "piece07"}
		}
		{bone "piece08"
			{Position 24.0531 	 3.1626 	 17.6471}
			{poly "piece08"}
		}
		{bone "sub_piece03"
			{matrix34
				0.1736 	 0 	 -0.9848
				0 	 1 	 0
				0.9848 	 0 	 0.1736
				23.3886 	 31.9305 	 12.6426
			}
			{poly "sub_piece03"}
		}
		{bone "piece10"
			{matrix34
				-0.2064 	 0.9671 	 -0.149
				-0.9691 	 -0.181 	 0.1674
				0.1349 	 0.179 	 0.9746
				64.9547 	 24.2589 	 2.8645
			}
			{poly "piece10"}
		}
		{bone "piece11"
			{matrix34
				-0.229 	 -0.9696 	 0.0869
				0.9246 	 -0.2445 	 -0.2921
				0.3044 	 0.0135 	 0.9524
				54.4304 	 31.1409 	 11.3081
			}
			{poly "piece11"}
		}
		{bone "piece13"
			{Position -43.6471 	 31.7809 	 1.2932}
			{poly "piece13"}
		}
		{bone "piece14"
			{matrix34
				0 	 1 	 0
				-1 	 0 	 0
				0 	 0 	 1
				-50.1564 	 -15.0281 	 1.2932
			}
			{poly "piece14"}
		}
		{bone "sub_piece04"
			{Position 10.0824 	 3.1627 	 17.6078}
			{poly "sub_piece04"}
		}
		{bone "piece15"
			{Position 13.0968 	 31.9304 	 17.6471}
			{poly "piece15"}
		}
		{bone "sub_piece05"
			{Position 37.9596 	 3.1627 	 19.122}
			{poly "sub_piece05"}
		}
		{bone "sub_piece06"
			{matrix34
				1 	 0 	 0
				0 	 0 	 1
				0 	 -1 	 0
				19.5798 	 -28.0466 	 16.6726
			}
			{poly "sub_piece06"}
		}
		{bone "sub_piece07"
			{matrix34
				1 	 0 	 0
				0 	 0 	 1
				0 	 -1 	 0
				60.0133 	 8.5667 	 3.0363
			}
			{poly "sub_piece07"}
		}
		{bone "sub_piece08"
			{Position -43.6471 	 7.0274 	 1.2932}
			{poly "sub_piece08"}
		}
		{bone "sub_piece09"
			{matrix34
				0 	 -1 	 0
				0 	 0 	 1
				-1 	 0 	 0
				-76.1316 	 21.1881 	 7.5292
			}
			{poly "sub_piece09"}
		}
		{bone "piece03"
			{matrix34
				0 	 -1 	 0
				0 	 0 	 1
				-1 	 0 	 0
				-71.9262 	 -21.1274 	 7.8287
			}
			{poly "piece03"}
		}
		{bone "piece05"
			{matrix34
				1 	 0 	 0
				0 	 0 	 1
				0 	 -1 	 0
				-55.5637 	 48.9346 	 7.8287
			}
			{poly "piece05"}
		}
		{bone "fx_wood1"
			{Position 55.2508 	 -46.4905 	 0}
		}
		{bone "piece01"
			{matrix34
				0 	 1 	 0
				-1 	 0 	 0
				0 	 0 	 1
				61.7655 	 -46.5995 	 0
			}
			{poly "piece01"}
		}
		{bone "piece02"
			{matrix34
				-0.9962 	 -0.0872 	 0
				0.0872 	 -0.9962 	 0
				0 	 0 	 1
				58.4452 	 -49.3229 	 6.3704
			}
			{poly "piece02"}
		}
		{bone "sub_piece10"
			{matrix34
				0.0866 	 -0.9953 	 -0.0439
				-0.9529 	 -0.0699 	 -0.2951
				0.2906 	 0.0674 	 -0.9545
				67.3978 	 -47.5626 	 13.187
			}
			{poly "sub_piece10"}
		}
		{bone "sub_piece11"
			{matrix34
				0.2588 	 -0.9659 	 0
				0.9659 	 0.2588 	 0
				0 	 0 	 1
				54.2108 	 -45.6465 	 8.7691
			}
			{poly "sub_piece11"}
		}
		{bone "piece09"
			{matrix34
				-0.9914 	 -0.1293 	 -0.0213
				-0.1241 	 0.9787 	 -0.1633
				0.042 	 -0.1592 	 -0.9864
				51.9059 	 -45.616 	 12.593
			}
			{poly "piece09"}
		}
		{bone "piece12"
			{matrix34
				-0.3818 	 -0.1293 	 0.9152
				-0.1973 	 0.9787 	 0.0559
				-0.9029 	 -0.1592 	 -0.3992
				68.3657 	 -46.3045 	 4.433
			}
			{poly "piece12"}
		}
	}
}
{"volumes"
	{"piece01"
		{box 0.341126 13.486 6.7265}
		{bone "piece01"}
		{Position -3.7509 	 0.0461 	 4.3046}
	}
	{"piece02"
		{box 9.36016 6.76974 0.322558}
		{bone "piece02"}
		{matrix34
			-0.0305 	 0.9995 	 0
			-0.9995 	 -0.0305 	 0
			0 	 0 	 1
			-0.1301 	 -1.6488 	 1.9743
		}
	}
	{"piece03"
		{box 41.3386 3.93701 0.984252}
		{bone "piece03"}
		{matrix34
			1 	 0 	 0
			0 	 0 	 -1
			0 	 1 	 0
			0.0753 	 -0.0596 	 -0.2937
		}
	}
	{"piece04"
		{box 41.3386 3.93701 0.984252}
		{bone "piece04"}
		{matrix34
			1 	 0 	 0
			0 	 0 	 -1
			0 	 1 	 0
			-0.0195 	 0.0252 	 -0.0316
		}
	}
	{"piece05"
		{box 41.3386 3.93701 0.984252}
		{bone "piece05"}
		{matrix34
			1 	 0 	 0
			0 	 0 	 -1
			0 	 1 	 0
			0.0753 	 -0.0596 	 -0.2937
		}
	}
	{"piece06"
		{box 41.3386 3.93701 0.984252}
		{bone "piece06"}
		{matrix34
			1 	 0 	 0
			0 	 0 	 -1
			0 	 1 	 0
			-0.1376 	 0.1726 	 0.0363
		}
	}
	{"piece07"
		{box 16.4746 10.6685 0.855772}
		{bone "piece07"}
		{Position -0.121 	 0 	 -0.0456}
	}
	{"piece08"
		{box 16.4746 10.6685 0.855772}
		{bone "piece08"}
		{Position -0.121 	 0 	 -0.0456}
	}
	{"piece09"
		{box 7.54153 0.473744 6.13401}
		{bone "piece09"}
		{matrix34
			1 	 0 	 0.0022
			-0.0022 	 0 	 1
			0 	 -1 	 0
			-0.142 	 -0.0941 	 0.1653
		}
	}
	{"piece10"
		{box 16.1592 0.464159 4.51844}
		{bone "piece10"}
		{matrix34
			0.9671 	 -0.181 	 0.179
			0.2064 	 0.9691 	 -0.1349
			-0.149 	 0.1674 	 0.9746
			-0.1755 	 0.2018 	 -0.0877
		}
	}
	{"piece11"
		{box 9.85314 0.464159 4.53381}
		{bone "piece11"}
		{matrix34
			0.9459 	 0.3242 	 0.0131
			-0.3126 	 0.8998 	 0.3045
			0.0869 	 -0.2921 	 0.9524
			-0.1325 	 -0.2535 	 -0.0719
		}
	}
	{"piece12"
		{box 7.54153 0.473744 6.13401}
		{bone "piece12"}
		{matrix34
			1 	 0 	 0.0022
			-0.0022 	 0 	 1
			0 	 -1 	 0
			-0.142 	 -0.0941 	 0.1653
		}
	}
	{"piece13"
		{cylinder 0.440391 25.3845}
		{bone "piece13"}
		{matrix34
			0 	 -1 	 0
			0 	 0 	 1
			-1 	 0 	 0
			-10.6494 	 5.0043 	 0.8348
		}
	}
	{"piece14"
		{cylinder 0.440391 22.8689}
		{bone "piece14"}
		{matrix34
			0 	 -1 	 0
			0 	 0 	 1
			-1 	 0 	 0
			11.8107 	 4.1249 	 0.8348
		}
	}
	{"piece15"
		{box 16.4746 10.6685 0.855772}
		{bone "piece15"}
		{Position -0.121 	 0 	 -0.0456}
	}
	{"sub_piece01"
		{cylinder 0.440391 25.3845}
		{bone "sub_piece01"}
		{matrix34
			0 	 -1 	 0
			0 	 0 	 1
			-1 	 0 	 0
			-10.6494 	 5.0043 	 0.8348
		}
	}
	{"sub_piece02"
		{box 34.311 0.984252 0.984252}
		{bone "sub_piece02"}
		{matrix34
			1 	 0 	 0
			0 	 0 	 -1
			0 	 1 	 0
			0.0274 	 0.1323 	 -0.1519
		}
	}
	{"sub_piece03"
		{box 10.0824 10.6685 0.855772}
		{bone "sub_piece03"}
		{matrix34
			0.9659 	 0 	 0.2588
			0 	 1 	 0
			-0.2588 	 0 	 0.9659
			-0.0753 	 0 	 0.1888
		}
	}
	{"sub_piece04"
		{box 9.92644 10.6685 0.855772}
		{bone "sub_piece04"}
		{Position 0 	 0 	 -0.0063}
	}
	{"sub_piece05"
		{box 10.0824 10.6685 0.855772}
		{bone "sub_piece05"}
		{matrix34
			0.9659 	 0 	 0.2588
			0 	 1 	 0
			-0.2588 	 0 	 0.9659
			-0.0753 	 0 	 0.1888
		}
	}
	{"sub_piece06"
		{box 41.3386 3.93701 0.984252}
		{bone "sub_piece06"}
		{matrix34
			1 	 0 	 0
			0 	 0 	 -1
			0 	 1 	 0
			-0.0433 	 -0.097 	 0.0371
		}
	}
	{"sub_piece07"
		{box 7.60127 2.31916 0.451844}
		{bone "sub_piece07"}
		{Position 0 	 0 	 0.0496}
	}
	{"sub_piece08"
		{cylinder 0.440391 22.8689}
		{bone "sub_piece08"}
		{matrix34
			0 	 -1 	 0
			0 	 0 	 1
			-1 	 0 	 0
			11.8107 	 4.1249 	 0.8348
		}
	}
	{"sub_piece09"
		{box 41.3386 3.93701 0.984252}
		{bone "sub_piece09"}
		{matrix34
			1 	 0 	 0
			0 	 0 	 -1
			0 	 1 	 0
			-0.0445 	 -0.0413 	 -0.0112
		}
	}
	{"sub_piece10"
		{box 6.67397 7.98261 0.914921}
		{bone "sub_piece10"}
		{matrix34
			0.9999 	 -0.0093 	 -0.0127
			0.0145 	 0.2174 	 0.976
			-0.0063 	 -0.976 	 0.2175
			0.0231 	 -0.0452 	 0.102
		}
	}
	{"sub_piece11"
		{box 0.848221 0.925499 12.4827}
		{bone "sub_piece11"}
		{matrix34
			0.0184 	 0.0292 	 0.9994
			-0.0057 	 0.9996 	 -0.0291
			-0.9998 	 -0.0051 	 0.0186
			0.2795 	 -0.0396 	 -0.0138
		}
	}
}
