;Exported by:	 KobaA
;Date:			 03.11.2020 12:09:47
;File:			 G:\_GIT_\gem2\gem2-mdl-soldiers\models\entourage\ladder\ladders_new.max
{skeleton
	{bone "ladder_construction_01_x"
		{orientation
			1 	 0 	 0
			0 	 -1 	 0
			0 	 0 	 1
		}
		{bone "piece01"
			{matrix34
				0 	 1 	 0
				-1 	 0 	 0
				0 	 0 	 1
				0.3093 	 11.2845 	 7.0001
			}
			{poly "piece01"}
		}
		{bone "piece03"
			{matrix34
				0 	 1 	 0
				-1 	 0 	 0
				0 	 0 	 1
				0.8298 	 -9.609 	 13.5666
			}
			{poly "piece03"}
		}
		{bone "piece02"
			{matrix34
				0 	 1 	 0
				-1 	 0 	 0
				0 	 0 	 1
				0.6996 	 8.9755 	 17.203
			}
			{poly "piece02"}
		}
	}
}
{volume "piece01_01"
	{box 16.0344 12.7953 1.9685}
	{bone "piece01"}
	{matrix34
		0 	 1 	 0
		0.0698 	 0 	 -0.9976
		-0.9976 	 0 	 -0.0698
		6.394 	 -0.2897 	 -0.9502
	}
}
{volume "piece01_02"
	{box 0.590551 7.87402 1.9685}
	{bone "piece01"}
	{matrix34
		-0.0522 	 0.9986 	 -0.0037
		0.9986 	 0.0522 	 0
		0 	 -0.0037 	 -1
		2.321 	 7.6368 	 -4.3758
	}
}
{volume "piece01_03"
	{box 0.590551 12.7953 1.9685}
	{bone "piece01"}
	{matrix34
		0.0348 	 0.9994 	 0.0024
		0.997 	 -0.0349 	 0.0697
		0.0698 	 0 	 -0.9976
		-0.8412 	 -7.9308 	 -4.3735
	}
}
{volume "piece02_01"
	{box 16.0344 7.87402 1.9685}
	{bone "piece02"}
	{matrix34
		0 	 1 	 0
		0.0698 	 0 	 -0.9976
		-0.9976 	 0 	 -0.0698
		7.915 	 0.1007 	 -0.4893
	}
}
{volume "piece02_02"
	{box 16.0344 17.6125 0.946911}
	{bone "piece02"}
	{matrix34
		0 	 1 	 0
		-1 	 0 	 0
		0 	 0 	 1
		1.7029 	 0.1007 	 3.8718
	}
}
{volume "piece03_01"
	{box 16.0344 15.4554 1.9685}
	{bone "piece03"}
	{matrix34
		0 	 1 	 0
		-0.0175 	 0 	 -0.9998
		-0.9998 	 0 	 0.0175
		-6.1962 	 0.2309 	 0.0815
	}
}
{volume "piece03_02"
	{box 16.0344 17.6125 0.946911}
	{bone "piece03"}
	{matrix34
		0 	 1 	 0
		-1 	 0 	 0
		0 	 0 	 1
		-0.4991 	 0.2309 	 7.5082
	}
}
