;Exported by	: Oleksandr Tsaprylov
;Date			: 01.02.2023 17:36:45
;File			: E:\projects\gem2-mdl-soldiers\models\entourage\shed_wood_destroyed\shed_wood_destroyed.max
{skeleton
	{bone "shed_wood_destroyed_b_piece_004_x"
		{orientation
			1 	 0 	 0
			0 	 -1 	 0
			0 	 0 	 1
		}
		{bone "piece05"
			{matrix34
				0.8486 	 -0.3205 	 -0.4209
				0.2567 	 0.9451 	 -0.2021
				0.4626 	 0.0635 	 0.8843
				-6.5293 	 29.8445 	 29.0019
			}
			{poly "piece05"}
		}
		{bone "piece04"
			{matrix34
				0.7975 	 -0.215 	 -0.5637
				0.3418 	 0.9309 	 0.1285
				0.4971 	 -0.2952 	 0.8159
				10.0731 	 11.2018 	 53.2838
			}
			{poly "piece04"}
		}
		{bone "piece06"
			{matrix34
				0.873 	 0.2423 	 0.4232
				-0.2549 	 0.9666 	 -0.0276
				-0.4157 	 -0.0837 	 0.9056
				32.359 	 32.5658 	 26.0534
			}
			{poly "piece06"}
		}
		{bone "piece10"
			{Position 15.1174 	 29.4056 	 62.7653}
			{poly "piece10"}
		}
		{bone "piece09"
			{Position 56.8395 	 15.5951 	 72.3016}
			{poly "piece09"}
		}
		{bone "piece07"
			{Position -0.96 	 19.8048 	 65.1425}
			{poly "piece07"}
		}
		{bone "body"
			{Position -1.7565 	 22.7085 	 6.7687}
			{poly "body"}
		}
		{bone "piece12"
			{Position 14.8313 	 -1.3605 	 86.6404}
			{poly "piece12"}
		}
		{bone "piece13"
			{Position 57.3912 	 -16.4517 	 69.2517}
			{poly "piece13"}
		}
		{bone "piece02"
			{matrix34
				0.9368 	 0.1872 	 0.2955
				-0.111 	 0.9601 	 -0.2566
				-0.3317 	 0.2076 	 0.9202
				-35.0788 	 35.4865 	 27.103
			}
			{poly "piece02"}
		}
		{bone "piece03"
			{matrix34
				0.9177 	 -0.1324 	 -0.3745
				0.2157 	 0.9578 	 0.1901
				0.3335 	 -0.2553 	 0.9075
				-22.0861 	 6.2911 	 49.3784
			}
			{poly "piece03"}
		}
		{bone "sub_piece01"
			{Position -31.5144 	 30.8081 	 63.7429}
			{poly "sub_piece01"}
		}
		{bone "piece01"
			{Position -33.3798 	 14.8819 	 72.7577}
			{poly "piece01"}
		}
		{bone "piece11"
			{Position -25.4058 	 13.1459 	 74.263}
			{poly "piece11"}
		}
		{bone "piece08"
			{Position 16.4721 	 -23.4433 	 101.798}
			{poly "piece08"}
		}
		{bone "piece14"
			{Position 57.2202 	 -29.5185 	 89.7519}
			{poly "piece14"}
		}
		{bone "land"
			{parameters "land;ground;"}
			{matrix34
				-1 	 0 	 0
				0 	 -1 	 0
				0 	 0 	 1
				47.998 	 22.6095 	 0
			}
			{visibility 0}
			{poly "land" {ground}}
		}
	}
}
{obstacle "obstacle01"
	{obb2
		{center 47.7047 -22.7216}
		{extent 9.11207 9.39359}
		{axis -1 0}
	}
	{rotate}
}
{obstacle "obstacle02"
	{obb2
		{center -25.7821 -22.7216}
		{extent 9.21446 9.39359}
		{axis -1 0}
	}
	{rotate}
}
{obstacle "obstacle03"
	{obb2
		{center -4.66652 -20.8154}
		{extent 55.0281 5.38493}
		{axis -1 0}
	}
	{rotate}
}
{"volumes"
	{"body01"
		{box 15.8326 17.8977 15.1624}
		{bone "body"}
		{Position 49.6163 	 -0.065 	 0.8125}
	}
	{"body02"
		{box 15.8326 17.8977 15.1624}
		{bone "body"}
		{Position -24.3939 	 -0.0127 	 0.8125}
	}
	{"body03"
		{box 96.2211 8.24907 12.1299}
		{bone "body"}
		{Position -5.4243 	 -2.1108 	 -0.7038}
	}
	{"piece01"
		{box 7.01439 1.25483 11.8386}
		{bone "piece01"}
		{matrix34
			-0.0962 	 0.8107 	 -0.5775
			-0.0055 	 0.5797 	 0.8148
			0.9954 	 0.0816 	 -0.0512
			0.6009 	 -0.1276 	 0.0813
		}
	}
	{"piece02"
		{box 16.1651 17.7847 17.7485}
		{bone "piece02"}
		{matrix34
			-0.9368 	 0.111 	 0.3317
			-0.1872 	 -0.9601 	 -0.2076
			0.2955 	 -0.2566 	 0.9202
			5.9473 	 -13.1155 	 -5.2513
		}
	}
	{"piece03"
		{box 16.1651 17.7847 18.2862}
		{bone "piece03"}
		{matrix34
			-0.9177 	 -0.2157 	 -0.3335
			0.1324 	 -0.9578 	 0.2553
			-0.3745 	 0.1901 	 0.9075
			-5.6945 	 14.5265 	 -6.0183
		}
	}
	{"piece04"
		{box 17.7639 7.86936 17.7485}
		{bone "piece04"}
		{matrix34
			-0.7975 	 -0.3418 	 -0.4971
			0.215 	 -0.9309 	 0.2952
			-0.5637 	 0.1285 	 0.8159
			-7.3093 	 6.723 	 -6.1462
		}
	}
	{"piece05"
		{box 14.607 7.86936 14.1988}
		{bone "piece05"}
		{matrix34
			0.7626 	 0.2177 	 0.6091
			0.3205 	 -0.9451 	 -0.0635
			0.5619 	 0.2437 	 -0.7905
			10.9079 	 -6.1551 	 3.2859
		}
	}
	{"piece06"
		{box 19.4272 7.86936 14.1988}
		{bone "piece06"}
		{matrix34
			-0.873 	 0.2549 	 0.4157
			-0.2423 	 -0.9666 	 0.0837
			0.4232 	 -0.0276 	 0.9056
			-5.9934 	 -10.5159 	 2.7223
		}
	}
	{"piece07"
		{box 2.3622 2.98768 62.6366}
		{bone "piece07"}
		{matrix34
			0 	 1 	 0
			0 	 0 	 1
			1 	 0 	 0
			0.6033 	 -0.0174 	 0.1016
		}
	}
	{"piece08"
		{box 2.0315 1.25483 29.6937}
		{bone "piece08"}
		{matrix34
			0 	 0.8192 	 -0.5736
			0 	 0.5736 	 0.8192
			1 	 0 	 0
			0.4754 	 -0.0247 	 0.1278
		}
	}
	{"piece09"
		{box 2.3622 2.98768 44.1188}
		{bone "piece09"}
		{matrix34
			1 	 0 	 0
			0 	 0.5736 	 0.8192
			0 	 -0.8192 	 0.5736
			0.0745 	 0.4887 	 -0.3433
		}
	}
	{"piece10"
		{box 2.3622 2.98768 24.8006}
		{bone "piece10"}
		{matrix34
			1 	 0 	 0
			0 	 0.5736 	 0.8192
			0 	 -0.8192 	 0.5736
			0.1072 	 -0.3585 	 0.0514
		}
	}
	{"piece11"
		{box 2.3622 2.98768 54.7073}
		{bone "piece11"}
		{matrix34
			1 	 0 	 0
			0 	 0.5736 	 0.8192
			0 	 -0.8192 	 0.5736
			0.1113 	 0.171 	 -0.1607
		}
	}
	{"piece12"
		{box 2.0315 1.25483 33.4087}
		{bone "piece12"}
		{matrix34
			0 	 0.8192 	 -0.5736
			0 	 0.5736 	 0.8192
			1 	 0 	 0
			0.1955 	 -0.0167 	 0.0134
		}
	}
	{"piece13"
		{box 2.3622 2.98768 31.3732}
		{bone "piece13"}
		{matrix34
			1 	 0 	 0
			0 	 0 	 1
			0 	 -1 	 0
			-0.115 	 0.6815 	 0.0732
		}
	}
	{"piece14"
		{box 2.3622 2.98768 34.8591}
		{bone "piece14"}
		{matrix34
			-1 	 0 	 0
			0 	 0 	 1
			0 	 1 	 0
			0.0042 	 0.1599 	 0.0913
		}
	}
	{"sub_piece01"
		{box 7.01439 1.25483 11.0421}
		{bone "sub_piece01"}
		{matrix34
			-0.0103 	 0.8146 	 -0.5799
			0.0247 	 0.5799 	 0.8143
			0.9996 	 -0.0059 	 -0.0261
			0.6538 	 -0.0295 	 0.1491
		}
	}
}
