;Exported by	: Inna
;Date			: 06.11.2023 20:37:44
;File			: F:\GIT\gem2-mdl-soldiers\models\entourage\d\table_1.max
{skeleton
	{bone "chair_link_x"
		{orientation
			1 	 0 	 0
			0 	 -1 	 0
			0 	 0 	 1
		}
		{bone "piece02"
			{matrix34
				0 	 1 	 0
				-1 	 0 	 0
				0 	 0 	 1
				-0.591 	 -1.0856 	 6.885
			}
			{poly "piece02"}
		}
		{bone "piece03"
			{matrix34
				0 	 1 	 0
				-1 	 0 	 0
				0 	 0 	 1
				-5.0451 	 1.4074 	 13.3131
			}
			{poly "piece03"}
		}
		{bone "piece04"
			{matrix34
				0 	 1 	 0
				-1 	 0 	 0
				0 	 0 	 1
				-4.9741 	 -2.1775 	 14.3047
			}
			{poly "piece04"}
		}
		{bone "fx_wood1"
			{matrix34
				0 	 1 	 0
				-1 	 0 	 0
				0 	 0 	 1
				-0.2625 	 -0.2202 	 7.9315
			}
		}
		{bone "piece01"
			{matrix34
				0 	 1 	 0
				-1 	 0 	 0
				0 	 0 	 1
				-0.552 	 2.2089 	 7.5261
			}
			{poly "piece01"}
		}
	}
}
{"volumes"
	{"piece01_vol1"
		{box 3.59847 7.5619 3.3075}
		{bone "piece01"}
		{matrix34
			0.9844 	 0.1674 	 0.0542
			-0.1673 	 0.9859 	 -0.006
			-0.0545 	 -0.0032 	 0.9985
			0.3049 	 -0.4585 	 -0.6626
		}
	}
	{"piece01_vol2"
		{box 0.813502 0.995021 8.21599}
		{bone "piece01"}
		{matrix34
			0.9964 	 -0.0638 	 -0.0558
			0.0606 	 0.9965 	 -0.0574
			0.0593 	 0.0538 	 0.9968
			0.7677 	 3.8098 	 0.7364
		}
	}
	{"piece02_vol1"
		{box 0.813502 0.995021 9.84605}
		{bone "piece02"}
		{matrix34
			0.9985 	 0.0346 	 -0.0423
			-0.0343 	 0.9994 	 0.0063
			0.0424 	 -0.0049 	 0.9991
			-2.1224 	 3.6786 	 -0.1107
		}
	}
	{"piece02_vol2"
		{box 7.09637 4.6658 3.4413}
		{bone "piece02"}
		{matrix34
			0.0872 	 0.9962 	 0
			0.9962 	 -0.0872 	 0.0055
			0.0055 	 -0.0005 	 -1
			-0.6352 	 -0.769 	 -0.2711
		}
	}
	{"piece03"
		{box 4.07154 5.92832 0.884804}
		{bone "piece03"}
		{matrix34
			1 	 0 	 0
			0 	 0.1563 	 0.9877
			0 	 -0.9877 	 0.1563
			0.3493 	 -0.0881 	 1.1322
		}
	}
	{"piece04"
		{box 2.66114 5.92832 0.884804}
		{bone "piece04"}
		{matrix34
			1 	 0 	 0
			0 	 0.1563 	 0.9877
			0 	 -0.9877 	 0.1563
			-0.1508 	 -0.0171 	 0.1407
		}
	}
}
