;Exported by	: KobaA
;Date			: 03.07.2023 16:02:21
;File			: D:\git\gem2-mdl-soldiers\models\entourage\repair_crane\repair_crane.max
{skeleton
	{bone "repair_crane_base_x"
		{parameters "land;ground;"}
		{orientation
			1 	 0 	 0
			0 	 -1 	 0
			0 	 0 	 1
		}
		{poly "repair_crane_base_x" {ground}}
		{bone "piece09"
			{matrix34
				0 	 0 	 -1
				1 	 0 	 0
				0 	 -1 	 0
				-33.9655 	 23.5967 	 33.4627
			}
			{poly "piece09"}
		}
		{bone "piece04"
			{matrix34
				-1 	 0 	 0
				0 	 -1 	 0
				0 	 0 	 1
				37.4767 	 -2.4035 	 100.177
			}
			{poly "piece04"}
		}
		{bone "piece03"
			{Position 2.5998 	 0 	 73.0029}
			{poly "piece03"}
		}
		{bone "piece02"
			{Position -1.0188 	 0 	 96.3389}
			{poly "piece02"}
		}
		{bone "piece07"
			{Position -35.8334 	 -26.2886 	 10.6914}
			{poly "piece07"}
		}
		{bone "piece08"
			{matrix34
				0 	 0 	 -1
				1 	 0 	 0
				0 	 -1 	 0
				35.1144 	 -23.5966 	 33.4627
			}
			{poly "piece08"}
		}
		{bone "piece05"
			{matrix34
				-1 	 0 	 0
				0 	 -1 	 0
				0 	 0 	 1
				-35.5739 	 3.5733 	 100.891
			}
			{poly "piece05"}
		}
		{bone "piece06"
			{Position 36.9823 	 -26.2886 	 10.6914}
			{poly "piece06"}
		}
		{bone "fx_metall1"
			{matrix34
				0 	 0 	 1
				0 	 1 	 0
				-1 	 0 	 0
				0.7392 	 1.3264 	 94.4873
			}
		}
		{bone "piece11"
			{Position -36.0376 	 26.297 	 10.7304}
			{poly "piece11"}
		}
		{bone "piece10"
			{Position 37.1866 	 26.297 	 10.7304}
			{poly "piece10"}
		}
		{bone "piece12"
			{matrix34
				-1 	 0 	 0
				0 	 -1 	 0
				0 	 0 	 1
				37.9326 	 16.5713 	 44.8892
			}
			{poly "piece12"}
		}
		{bone "piece01"
			{matrix34
				-1 	 0 	 0
				0 	 -1 	 0
				0 	 0 	 1
				38.2201 	 -16.416 	 45.3066
			}
			{poly "piece01"}
		}
		{bone "piece14"
			{matrix34
				-1 	 0 	 0
				0 	 -1 	 0
				0 	 0 	 1
				-36.7837 	 -15.756 	 50.6862
			}
			{poly "piece14"}
		}
		{bone "piece13"
			{matrix34
				-1 	 0 	 0
				0 	 -1 	 0
				0 	 0 	 1
				-37.0709 	 20.0774 	 36.8956
			}
			{poly "piece13"}
		}
	}
}
{"volumes"
	{"piece01"
		{cylinder 1.35752 49.7897}
		{bone "piece01"}
		{matrix34
			-1 	 0 	 0
			0 	 -0.9555 	 -0.2949
			0 	 -0.2949 	 0.9555
			1.3281 	 1.6419 	 0.2059
		}
	}
	{"piece02"
		{box 22.6501 4.37765 9.9224}
		{bone "piece02"}
		{matrix34
			0 	 0 	 1
			0 	 1 	 0
			-1 	 0 	 0
			1.284 	 0.1352 	 2.4268
		}
	}
	{"piece03"
		{box 8.46709 3.90861 16.3993}
		{bone "piece03"}
		{Position 0.0368 	 -0.3976 	 -0.8832}
	}
	{"piece04_01"
		{cylinder 1.35752 31.8654}
		{bone "piece04"}
		{matrix34
			-1 	 0 	 0
			0 	 -0.9555 	 -0.2949
			0 	 -0.2949 	 0.9555
			0.5848 	 3.4728 	 -15.1863
		}
	}
	{"piece04_02"
		{cylinder 1.35752 15.4148}
		{bone "piece04"}
		{matrix34
			-1 	 0 	 0
			0 	 -0.9652 	 0.2613
			0 	 0.2613 	 0.9652
			0.5848 	 -6.0954 	 -7.26
		}
	}
	{"piece04_03"
		{box 35.4654 3.48983 6.12267}
		{bone "piece04"}
		{matrix34
			-0.9998 	 0 	 0.0175
			0 	 -1 	 0
			0.0175 	 0 	 0.9998
			8.9786 	 -2.0059 	 2.4504
		}
	}
	{"piece05_01"
		{cylinder 1.35752 18.7289}
		{bone "piece05"}
		{matrix34
			-1 	 0 	 0
			0 	 -0.9653 	 -0.2613
			0 	 -0.2613 	 0.9653
			0.3826 	 7.1255 	 -7.6209
		}
	}
	{"piece05_02"
		{cylinder 1.35752 49.1346}
		{bone "piece05"}
		{matrix34
			-1 	 0 	 0
			0 	 -0.9652 	 0.2613
			0 	 0.2613 	 0.9652
			0.3826 	 -3.6325 	 -20.9529
		}
	}
	{"piece05_03"
		{box 35.4654 3.48983 6.12267}
		{bone "piece05"}
		{matrix34
			-0.9986 	 0 	 -0.0523
			0 	 -1 	 0
			-0.0523 	 0 	 0.9986
			-9.2105 	 3.9708 	 3.1655
		}
	}
	{"piece06"
		{cylinder 6.00239 6.20747}
		{bone "piece06"}
		{matrix34
			0 	 0 	 -1
			0 	 1 	 0
			1 	 0 	 0
			0.0658 	 -0.0386 	 -4.1184
		}
	}
	{"piece07"
		{cylinder 6.00239 6.20747}
		{bone "piece07"}
		{matrix34
			0 	 0 	 -1
			0 	 1 	 0
			1 	 0 	 0
			-0.1071 	 -0.0386 	 -4.1184
		}
	}
	{"piece08"
		{box 7.86526 7.15236 5.18911}
		{bone "piece08"}
		{matrix34
			0 	 1 	 0
			0.2588 	 0 	 -0.9659
			-0.9659 	 0 	 -0.2588
			-1.9223 	 1.7664 	 -0.4376
		}
	}
	{"piece09"
		{box 7.86526 7.15236 5.18911}
		{bone "piece09"}
		{matrix34
			0 	 1 	 0
			-0.2588 	 0 	 -0.9659
			-0.9659 	 0 	 0.2588
			-1.9603 	 -1.4353 	 0.4691
		}
	}
	{"piece10"
		{cylinder 6.00239 6.20747}
		{bone "piece10"}
		{matrix34
			0 	 0 	 -1
			0 	 1 	 0
			1 	 0 	 0
			-0.1385 	 -0.019 	 -4.1575
		}
	}
	{"piece11"
		{cylinder 6.00239 6.20747}
		{bone "piece11"}
		{matrix34
			0 	 0 	 -1
			0 	 1 	 0
			1 	 0 	 0
			0.0972 	 -0.019 	 -4.1575
		}
	}
	{"piece12"
		{cylinder 1.35752 61.6591}
		{bone "piece12"}
		{matrix34
			-1 	 0 	 0
			0 	 -0.9652 	 0.2613
			0 	 0.2613 	 0.9652
			1.0407 	 -1.9139 	 -6.6128
		}
	}
	{"piece13"
		{cylinder 1.35752 49.1346}
		{bone "piece13"}
		{matrix34
			-1 	 0 	 0
			0 	 -0.9652 	 0.2613
			0 	 0.2613 	 0.9652
			-1.1144 	 -0.0443 	 -4.6638
		}
	}
	{"piece14"
		{cylinder 1.35752 78.0373}
		{bone "piece14"}
		{matrix34
			-1 	 0 	 0
			0 	 -0.9653 	 -0.2613
			0 	 -0.2613 	 0.9653
			-0.8272 	 0.5446 	 -4.5051
		}
	}
}
