;Exported by: sana
;Date:        Thu Jul 06 15:44:21 2006
;File:        D:\ss\store_1\store_03n_x.max
{Skeleton
	{bone "store3_wall1"
		{Orientation
			1	0	0
			0	-1	0
			0	0	1
		}
		{bone "piece01"
			{Position -0.103516	15.4361	62.8518}
			{poly "piece01"}
			{bone "sub_piece01"
				{Position 0	-9.28491	1.67131}
				{poly "sub_piece01"}
			}
		}
		{bone "piece02"
			{Position -0.103516	-3.93842	47.8102}
			{poly "piece02"}
			{bone "sub_piece02"
				{Position 0	-5.13765	-6.00421}
				{poly "sub_piece02"}
			}
		}
		{bone "piece03"
			{Position -0.103516	-2.45284	28.8071}
			{poly "piece03"}
			{bone "sub_piece03"
				{Position 0	-1.85698	-8.97538}
				{poly "sub_piece03"}
			}
		}
		{bone "piece04"
			{Position -0.103516	-13.8423	11.4134}
			{poly "piece04"}
		}
	}
}
{Volume "piece01"
	{Box 5.90552 13.4941 10.8943}
	{Bone "piece01"}
	{Position 0	0	0}
}
{Volume "piece02"
	{Box 5.90552 12.1323 19.1888}
	{Bone "piece02"}
	{Position 0	0	0}
}
{Volume "piece03"
	{Box 5.90552 9.40871 13.6179}
	{Bone "piece03"}
	{Position 0	0	-1.32485e-005}
}
{Volume "piece04"
	{Box 5.90552 9.79497 11.7312}
	{Bone "piece04"}
	{Matrix34
		1	0	0
		0	0.863196	-0.50487
		0	0.50487	0.863196
		0	-0.982449	0.0557049
	}
}
{Volume "sub_piece01"
	{Box 5.90552 8.52602 6.78541}
	{Bone "sub_piece01"}
	{Matrix34
		1	0	0
		0	0.286355	0.958124
		0	-0.958124	0.286355
		0	0.33233	0.405149
	}
}
{Volume "sub_piece02"
	{Box 5.90552 8.07788 11.7312}
	{Bone "sub_piece02"}
	{Matrix34
		1	0	0
		0	0.816724	0.577028
		0	-0.577028	0.816724
		0	-0.901796	-0.588569
	}
}
{Volume "sub_piece03"
	{Box 5.90552 7.18033 6.66285}
	{Bone "sub_piece03"}
	{Matrix34
		1	0	0
		0	0.916444	-0.400163
		0	0.400163	0.916444
		0	-0.0616519	-0.12444
	}
}
