;Exported by:	 tolokolnikova
;Date:			 27.04.2016 18:17:52
;File:			 D:\gem2\gem2-mdl-soldiers\models\entourage\barricade_cobl_g2\Barricade_cob30.max
{skeleton
	{bone "04_x"
		{orientation
			1 	 0 	 0
			0 	 -1 	 0
			0 	 0 	 1
		}
		{bone "piece03"
			{matrix34
				-0.6396 	 0.082 	 0.7643
				-0.0406 	 -0.9965 	 0.073
				-0.7676 	 -0.0157 	 -0.6407
				19.992 	 -15.9543 	 18.6849
			}
			{poly "piece03"}
		}
		{bone "piece02"
			{matrix34
				0.5792 	 -0.4056 	 -0.7071
				0.5736 	 0.8192 	 0
				0.5792 	 -0.4056 	 0.7071
				28.8134 	 -12.4803 	 5.903
			}
			{poly "piece02"}
		}
		{bone "piece01"
			{matrix34
				0.8192 	 -0.5736 	 0
				0.5736 	 0.8192 	 0
				0 	 0 	 1
				23.3632 	 -22.8486 	 8.2738
			}
			{poly "piece01"}
		}
		{bone "fx_stone1"
			{matrix34
				0.8192 	 -0.5736 	 0
				0.5736 	 0.8192 	 0
				0 	 0 	 1
				27.6879 	 -7.2338 	 -2.5945
			}
		}
		{bone "fx_stone2"
			{matrix34
				0.8192 	 -0.5736 	 0
				0.5736 	 0.8192 	 0
				0 	 0 	 1
				21.861 	 -15.5556 	 -2.5945
			}
		}
		{bone "piece04"
			{matrix34
				0 	 -1 	 0
				1 	 0 	 0
				0 	 0 	 1
				3.4951 	 -9.744 	 8.9463
			}
			{poly "piece04"}
		}
		{bone "piece05"
			{matrix34
				0 	 -1 	 0
				1 	 0 	 0
				0 	 0 	 1
				3.5136 	 -19.9877 	 2.1237
			}
			{poly "piece05"}
		}
		{bone "piece06"
			{matrix34
				0 	 -1 	 0
				1 	 0 	 0
				0 	 0 	 1
				5.675 	 -30.2334 	 8.9463
			}
			{poly "piece06"}
		}
	}
}
{volume "piece01"
	{box 6.66016 6.26637 5.37953}
	{bone "piece01"}
	{Position 0 	 0 	 -0.9007}
}
{volume "piece02"
	{box 6.66016 6.26637 5.37953}
	{bone "piece02"}
	{matrix34
		0.7071 	 0 	 0.7071
		0 	 1 	 0
		-0.7071 	 0 	 0.7071
		0.6068 	 0.4016 	 0.2604
	}
}
{volume "piece03_"
	{box 2.24966 19.6465 12.5739}
	{bone "piece03"}
	{matrix34
		0.0013 	 0.0159 	 -0.9999
		0.082 	 -0.9965 	 -0.0157
		0.9966 	 0.082 	 0.0026
		3.9657 	 0.3292 	 -0.1705
	}
}
{volume "piece04"
	{box 0.859726 19.3609 17.8425}
	{bone "piece04"}
	{Position 1.1335 	 -1.0188 	 0.6999}
}
{volume "piece05"
	{box 0.859726 19.3609 17.8425}
	{bone "piece05"}
	{matrix34
		0 	 1 	 0
		-1 	 0 	 0
		0 	 0 	 1
		-0.2608 	 -15.0614 	 7.5225
	}
}
{volume "piece06"
	{box 0.859726 19.3609 17.8425}
	{bone "piece06"}
	{Position -0.3653 	 2.0526 	 0.6999}
}
