;Exported by	: KobaA
;Date			: 10.05.2023 13:39:16
;File			: D:\git\gem2-mdl-soldiers\models\unit\vehicle\opel_blitz\opel_blitz_bullet_MED_xx.max
{skeleton
	{bone "basis"
		{parameters "wheelradius=0.54;steermax=30;"}
		{orientation
			1 	 0 	 0
			0 	 -1 	 0
			0 	 0 	 1
		}
		{bone "body"
			{parameters "id=body;"}
			{Position 2.5185 	 0 	 17.522}
			{poly "body" {lod 0}}
			{poly "body_lod1" {lod 1}}
			{poly "body_lod2" {lod 2}}
			{poly "body_lod3" {lod 3 {last}}}
			{bone "bodyback"
				{parameters "id=bodyback;"}
				{matrix34
					1 	 0 	 -0.0084
					0 	 1 	 0
					0.0084 	 0 	 1
					41.973 	 14.0284 	 -7.8073
				}
				{poly "bodyback" {lod 0}}
				{poly "bodyback_lod1" {lod 1}}
				{poly "bodyback_lod2" {lod 2}}
				{poly "bodyback_lod3" {lod 3 {last}}}
			}
			{bone "cabin"
				{parameters "id=cabin;"}
				{Position 32.9161 	 0 	 11.8805}
				{poly "cabin" {lod 0}}
				{poly "cabin_lod1" {lod 1}}
				{poly "cabin_lod2" {lod 2}}
				{poly "cabin_lod3" {lod 3 {last}}}
				{bone "commander"
					{matrix34
						0.9659 	 0.2588 	 0
						-0.2588 	 0.9659 	 0
						0 	 0 	 1
						-16.7717 	 -6.6776 	 -14.1266
					}
				}
				{bone "driver"
					{matrix34
						0.9848 	 -0.1736 	 0
						0.1736 	 0.9848 	 0
						0 	 0 	 1
						-16.7717 	 7.9497 	 -14.1266
					}
				}
				{bone "part6"
					{parameters "id=cabin;"}
					{matrix34
						0.9903 	 -0.1392 	 -0.0027
						0.1392 	 0.9903 	 0
						0.0027 	 -0.0004 	 1
						-3.9752 	 14.7441 	 -11.7521
					}
					{poly "part6" {lod 0}}
					{poly "part6_lod1" {lod 1}}
					{poly "part6_lod2" {lod 2}}
					{poly "part6_lod3" {lod 3 {last}}}
				}
			}
			{bone "fxlight"
				{Position 56.3017 	 -0.2532 	 5.8685}
			}
			{bone "fxsmoke"
				{matrix34
					-0.8746 	 0.4848 	 0
					-0.4848 	 -0.8746 	 0
					0 	 0 	 1
					-50.0661 	 15.6683 	 -3.9124
				}
			}
			{bone "headlightl"
				{Position 54.05 	 13.6172 	 3.9029}
			}
			{bone "headlightr"
				{Position 54.05 	 -13.6616 	 3.9029}
			}
			{bone "visor1"
				{Position 29.4148 	 6.2763 	 19.1759}
			}
			{bone "link"
				{matrix34
					-1 	 0 	 0
					0 	 -1 	 0
					0 	 0 	 1
					-59.0758 	 0.0481 	 -1.7468
				}
			}
			{bone "part5"
				{Position 40.9871 	 0 	 -3.8517}
				{poly "part5" {lod 0}}
				{poly "part5_lod1" {lod 1}}
				{poly "part5_lod2" {lod 2}}
				{poly "part5_lod3" {lod 3 {last}}}
			}
			{bone "engine"
				{parameters "id=engine;"}
				{Position 42.7442 	 0 	 7.8374}
				{poly "engine" {lod 0}}
				{poly "engine_lod1" {lod 1}}
				{poly "engine_lod2" {lod 2}}
				{poly "engine_lod3" {lod 3 {last}}}
			}
		}
		{bone "pivot_back"
			{Position -31.776 	 0.3037 	 8.9375}
			{bone "fxtracel2"
				{matrix34
					-0.9659 	 0 	 0.2588
					0 	 -1 	 0
					0.2588 	 0 	 0.9659
					-5.0671 	 15.8784 	 -8.9375
				}
			}
			{bone "fxtracer2"
				{matrix34
					-0.9659 	 0 	 0.2588
					0 	 -1 	 0
					0.2588 	 0 	 0.9659
					-5.0671 	 -16.2578 	 -8.9375
				}
			}
			{bone revolute "part2"
				{parameters "id=wheelleft2;"}
				{matrix34
					-1 	 0 	 0
					0 	 0 	 1
					0 	 1 	 0
					0.0701 	 15.8221 	 0.265
				}
				{poly "part2" {lod 0}}
				{poly "part2_lod1" {lod 1}}
				{poly "part2_lod2" {lod 2}}
				{poly "part2_lod3" {lod 3 {last}}}
			}
			{bone revolute "part4"
				{parameters "id=wheelright2;"}
				{matrix34
					-1 	 0 	 0
					0 	 0 	 1
					0 	 1 	 0
					0.0701 	 -16.4339 	 0.265
				}
				{poly "part4" {lod 0}}
				{poly "part4_lod1" {lod 1}}
				{poly "part4_lod2" {lod 2}}
				{poly "part4_lod3" {lod 3 {last}}}
			}
		}
		{bone "pivot_front"
			{Position 44.8398 	 0.3037 	 8.9375}
			{bone revolute "steer_l1"
				{matrix34
					1 	 0 	 0
					0 	 -1 	 0
					0 	 0 	 -1
					-0.7419 	 12.9792 	 1.1636
				}
				{bone "fxtracel1"
					{matrix34
						-0.9659 	 0 	 -0.2588
						0 	 1 	 0
						0.2588 	 0 	 -0.9659
						-3.6699 	 -2.8991 	 10.1012
					}
				}
				{bone "capl1"
					{parameters "id=wheelleft1;"}
					{matrix34
						1 	 0 	 0
						0 	 -1 	 0
						0 	 0 	 -1
						0.2951 	 -2.0047 	 0.8986
					}
					{poly "capl1" {lod 0}}
					{poly "capl1_lod1" {lod 1}}
					{poly "capl1_lod2" {lod 2}}
					{poly "capl1_lod3" {lod 3 {last}}}
					{bone revolute "part1"
						{parameters "id=wheelleft1;"}
						{matrix34
							-1 	 0 	 0
							0 	 0 	 1
							0 	 1 	 0
							0 	 1.4875 	 0
						}
						{poly "part1" {lod 0}}
						{poly "part1_lod1" {lod 1}}
						{poly "part1_lod2" {lod 2}}
						{poly "part1_lod3" {lod 3 {last}}}
					}
				}
			}
			{bone revolute "steer_r1"
				{matrix34
					1 	 0 	 0
					0 	 -1 	 0
					0 	 0 	 -1
					-0.7419 	 -13.662 	 1.1636
				}
				{bone "fxtracer1"
					{matrix34
						-0.9659 	 0 	 -0.2588
						0 	 1 	 0
						0.2588 	 0 	 -0.9659
						-3.6699 	 2.5959 	 10.1012
					}
				}
				{bone "capr1"
					{parameters "id=wheelright1;"}
					{matrix34
						1 	 0 	 0
						0 	 -1 	 0
						0 	 0 	 -1
						0.2951 	 1.9293 	 0.8986
					}
					{poly "capr1" {lod 0}}
					{poly "capr1_lod1" {lod 1}}
					{poly "capr1_lod2" {lod 2}}
					{poly "capr1_lod3" {lod 3 {last}}}
					{bone revolute "part3"
						{parameters "id=wheelright1;"}
						{matrix34
							-1 	 0 	 0
							0 	 0 	 1
							0 	 1 	 0
							0 	 -1.4943 	 0
						}
						{poly "part3" {lod 0}}
						{poly "part3_lod1" {lod 1}}
						{poly "part3_lod2" {lod 2}}
						{poly "part3_lod3" {lod 3 {last}}}
					}
				}
			}
		}
		{bone "emit1"
			{matrix34
				0 	 -1 	 0
				1 	 0 	 0
				0 	 0 	 1
				12.0027 	 28.568 	 -3.9239
			}
		}
		{bone "emit2"
			{matrix34
				0 	 1 	 0
				-1 	 0 	 0
				0 	 0 	 1
				12.0027 	 -31.229 	 -3.9239
			}
		}
		{bone "emit3"
			{Position -70.7128 	 11.7241 	 0}
		}
		{bone "emit4"
			{Position -70.7128 	 -11.1784 	 0}
		}
	}
}
{"volumes"
	{"body01"
		{box 64.273 20.4874 5.09496}
		{bone "body"}
		{Position -23.0267 	 -0.5881 	 -3.3967}
	}
	{"body14"
		{box 9.3252 6.45551 0.506693}
		{bone "body"}
		{matrix34
			0.5299 	 0 	 -0.848
			0 	 1 	 0
			0.848 	 0 	 0.5299
			51.1078 	 -16.1653 	 -0.592
		}
	}
	{"body15"
		{box 8.83712 6.43534 0.506693}
		{bone "body"}
		{matrix34
			0.9703 	 0 	 -0.2419
			0 	 1 	 0
			0.2419 	 0 	 0.9703
			44.273 	 -16.196 	 4.3467
		}
	}
	{"body16"
		{box 7.0919 6.43534 0.506693}
		{bone "body"}
		{matrix34
			0.848 	 0 	 0.5299
			0 	 1 	 0
			-0.5299 	 0 	 0.848
			36.8862 	 -16.196 	 3.4759
		}
	}
	{"body17"
		{box 10.1988 6.43727 0.506693}
		{bone "body"}
		{matrix34
			0.6691 	 0 	 0.7431
			0 	 1 	 0
			-0.7431 	 0 	 0.6691
			30.5495 	 -16.196 	 -2.0036
		}
	}
	{"body20"
		{cylinder 4.72441 2.43101}
		{bone "body"}
		{matrix34
			1 	 0 	 0
			0 	 0 	 -1
			0 	 1 	 0
			41.8745 	 15.3703 	 -8.3195
		}
	}
	{"body21"
		{cylinder 4.72441 2.43101}
		{bone "body"}
		{matrix34
			1 	 0 	 0
			0 	 0 	 1
			0 	 -1 	 0
			41.8745 	 -15.4252 	 -8.3195
		}
	}
	{"body22"
		{cylinder 3.72441 3.93101}
		{bone "body"}
		{matrix34
			0 	 1 	 0
			-0.1045 	 0 	 0.9945
			0.9945 	 0 	 0.1045
			-33.9824 	 0 	 -8.3503
		}
	}
	{"cabin01"
		{box 0.679134 31.7577 26.3177}
		{bone "cabin"}
		{matrix34
			0.9998 	 0 	 -0.0199
			0 	 1 	 0
			0.0199 	 0 	 0.9998
			-22.6315 	 -0.0661 	 0.3306
		}
	}
	{"cabin02"
		{box 1.36226 27.8207 15.122}
		{bone "cabin"}
		{matrix34
			-0.0696 	 0.0078 	 -0.9975
			-0.0066 	 0.9999 	 0.0083
			0.9976 	 0.0072 	 -0.0695
			-14.391 	 0.0737 	 12.7529
		}
	}
	{"engine"
		{polyhedron}
		{bone "engine"}
		{Position 0.1229 	 0.1435 	 -12.1745}
	}
	{"part1"
		{cylinder 5.67264 5.55965}
		{bone "part1"}
		{matrix34
			-1 	 0 	 0
			0 	 -1 	 0
			0 	 0 	 1
			-0.0828 	 0 	 -0.5233
		}
	}
	{"part2"
		{cylinder 5.67264 9.89035}
		{bone "part2"}
		{matrix34
			-1 	 0 	 0
			0 	 -1 	 0
			0 	 0 	 1
			0 	 0 	 0.0591
		}
	}
	{"part3"
		{cylinder 5.52717 5.56516}
		{bone "part3"}
		{matrix34
			-1 	 0 	 0
			0 	 1 	 0
			0 	 0 	 -1
			-0.0828 	 0 	 0.5447
		}
	}
	{"part4"
		{cylinder 5.52717 9.50208}
		{bone "part4"}
		{matrix34
			-1 	 0 	 0
			0 	 1 	 0
			0 	 0 	 -1
			0 	 0 	 -0.1811
		}
	}
	{"part5"
		{box 3.82543 41.0917 2.20497}
		{bone "part5"}
		{matrix34
			1 	 0 	 0
			0 	 0.9945 	 -0.1045
			0 	 0.1045 	 0.9945
			14.0402 	 -0.0841 	 -2.6723
		}
	}
	{"part6"
		{box 16.0158 0.501772 15.7339}
		{bone "part6"}
		{matrix34
			0.9765 	 -0.2124 	 -0.0356
			0.2149 	 0.9501 	 0.226
			-0.0142 	 -0.2283 	 0.9735
			-8.3492 	 1.0886 	 7.0137
		}
	}
}
