;Exported by	: KobaA
;Date			: 04.03.2024 17:09:16
;File			: d:\git\gem2-mdl-soldiers\models\building\france_mill\france_mill_x.max
{skeleton
	{bone "france_mill_piece11_point"
		{orientation
			1 	 0 	 0
			0 	 -1 	 0
			0 	 0 	 1
		}
		{bone "sub_piece01"
			{matrix34
				-0.3975 	 0.9034 	 -0.1607
				-0.9168 	 -0.3982 	 0.0296
				-0.0372 	 0.1591 	 0.9866
				10.4502 	 -16.9433 	 23.9553
			}
			{poly "sub_piece01"}
		}
		{bone "sub_piece02"
			{matrix34
				0.0115 	 -0.1185 	 -0.9929
				-0.5387 	 -0.8373 	 0.0937
				-0.8424 	 0.5338 	 -0.0734
				-13.0291 	 7.4031 	 26.3105
			}
			{poly "sub_piece02"}
		}
		{bone "sub_piece03"
			{matrix34
				0.0499 	 -0.0018 	 -0.9988
				-0.9493 	 0.3106 	 -0.048
				0.3103 	 0.9505 	 0.0138
				9.4518 	 16.0114 	 26.3105
			}
			{poly "sub_piece03"}
		}
	}
}
{"volumes"
	{"sub_piece01"
		{box 3.16929 12.3036 4.06136}
		{bone "sub_piece01"}
		{matrix34
			-0.0035 	 -1 	 -0.0042
			0.6428 	 -0.0055 	 0.766
			-0.766 	 0 	 0.6428
			0.2514 	 0 	 -0.211
		}
	}
	{"sub_piece02"
		{box 3.16929 12.3036 4.06136}
		{bone "sub_piece02"}
		{matrix34
			-0.0035 	 -1 	 -0.0042
			0.6428 	 -0.0055 	 0.766
			-0.766 	 0 	 0.6428
			0.2514 	 0 	 -0.211
		}
	}
	{"sub_piece03"
		{box 3.16929 12.3036 4.06136}
		{bone "sub_piece03"}
		{matrix34
			-0.0035 	 -1 	 -0.0042
			0.6428 	 -0.0055 	 0.766
			-0.766 	 0 	 0.6428
			0.2514 	 0 	 -0.211
		}
	}
}
