;Exported by:	 Evhen
;Date:			 13.04.2020 09:41:16
;File:			 D:\gem2-mdl-soldiers\models\fence\fence_wire_01\fence_wire_01.max
{skeleton
	{bone "fence_wire_01_piece_004_x"
		{orientation
			1 	 0 	 0
			0 	 -1 	 0
			0 	 0 	 1
		}
		{bone "sub_piece02"
			{Position 25.7902 	 -0.3409 	 0}
			{poly "sub_piece02"}
		}
		{bone "sub_piece01"
			{Position 1.8865 	 -0.3082 	 8.5913}
			{poly "sub_piece01"}
		}
		{bone "piece01"
			{Position -9.5567 	 -0.0346 	 0}
			{poly "piece01"}
		}
	}
}
{volume "piece01"
	{box 16.7228 1.22653 33.5459}
	{bone "piece01"}
	{matrix34
		-0.9848 	 0.1736 	 0
		-0.1736 	 -0.9848 	 0
		0 	 0 	 1
		-17.7587 	 -0.4425 	 -0.0297
	}
}
{volume "sub_piece01"
	{box 38.1281 1.22653 15.2768}
	{bone "sub_piece01"}
	{matrix34
		-0.9962 	 -0.0868 	 -0.0076
		0.0872 	 -0.9924 	 -0.0868
		0 	 -0.0872 	 0.9962
		0 	 0.3146 	 0.0251
	}
}
{volume "sub_piece02"
	{box 16.7228 1.22653 33.5459}
	{bone "sub_piece02"}
	{matrix34
		-0.9848 	 0.1736 	 0
		-0.1736 	 -0.9848 	 0
		0 	 0 	 1
		2.0681 	 -0.2167 	 -0.0297
	}
}
