;Exported by	: KobaA
;Date			: 04.03.2024 17:12:32
;File			: d:\git\gem2-mdl-soldiers\models\building\france_mill\france_mill_x.max
{skeleton
	{bone "france_mill_piece01_point"
		{orientation
			1 	 0 	 0
			0 	 -1 	 0
			0 	 0 	 1
		}
		{bone "france_mill_piece01"
			{Position 0 	 0 	 0}
			{poly "france_mill_piece01"}
			{bone "fort_wall"
				{matrix34
					-0.5989 	 -0.8008 	 0
					0.8008 	 -0.5989 	 0
					0 	 0 	 1
					28.5509 	 -19.2557 	 -42.1108
				}
			}
			{bone "attach1"
				{matrix34
					0.9526 	 -0.3043 	 0
					0.3043 	 0.9526 	 0
					0 	 0 	 1
					10.2538 	 5.8484 	 -45.3104
				}
			}
			{bone "attach6"
				{matrix34
					0.7589 	 -0.6512 	 0
					0.6512 	 0.7589 	 0
					0 	 0 	 1
					-4.2624 	 -11.2432 	 -45.3104
				}
			}
		}
		{bone "piece01"
			{matrix34
				0.0698 	 0.9976 	 0
				-0.9976 	 0.0698 	 0
				0 	 0 	 1
				15.9333 	 -16.1934 	 -2.7261
			}
			{poly "piece01"}
		}
		{bone "piece02"
			{matrix34
				0.0698 	 0.9976 	 0
				-0.9976 	 0.0698 	 0
				0 	 0 	 1
				19.5581 	 -11.8251 	 24.7721
			}
			{poly "piece02"}
		}
		{bone "piece03"
			{matrix34
				0.1201 	 0.9928 	 0
				-0.9928 	 0.1201 	 0
				0 	 0 	 1
				24.5869 	 -1.8376 	 34.3188
			}
			{poly "piece03"}
		}
		{bone "piece04"
			{matrix34
				0.1201 	 0.9928 	 0
				-0.9928 	 0.1201 	 0
				0 	 0 	 1
				25.6993 	 0.9785 	 -10.5388
			}
			{poly "piece04"}
		}
		{bone "piece05"
			{matrix34
				0 	 0.6428 	 -0.766
				-1 	 0 	 0
				0 	 0.766 	 0.6428
				8.1723 	 15.7107 	 6.8242
			}
			{poly "piece05"}
		}
		{bone "piece06"
			{matrix34
				0 	 0.6428 	 -0.766
				-1 	 0 	 0
				0 	 0.766 	 0.6428
				-12.5799 	 7.3496 	 6.8242
			}
			{poly "piece06"}
		}
		{bone "piece07"
			{matrix34
				0.0698 	 0.9976 	 0
				-0.9976 	 0.0698 	 0
				0 	 0 	 1
				15.9333 	 -16.1934 	 39.4585
			}
			{poly "piece07"}
		}
		{bone "sub_piece07"
			{matrix34
				0.3861 	 0.9225 	 0
				-0.9225 	 0.3861 	 0
				0 	 0 	 1
				19.1748 	 -11.654 	 12.1897
			}
			{poly "sub_piece07"}
		}
		{bone "sub_piece06"
			{matrix34
				0.3426 	 0.9395 	 0
				-0.9395 	 0.3426 	 0
				0 	 0 	 1
				7.7823 	 -24.8919 	 -13.0362
			}
			{poly "sub_piece06"}
		}
		{bone "sub_piece05"
			{matrix34
				-0.6064 	 0.7952 	 0
				-0.7952 	 -0.6064 	 0
				0 	 0 	 1
				28.7514 	 14.7803 	 11.9352
			}
			{poly "sub_piece05"}
		}
		{bone "sub_piece04"
			{matrix34
				0.1823 	 0.9832 	 0
				-0.9832 	 0.1823 	 0
				0 	 0 	 1
				7.9094 	 -22.2076 	 22.1981
			}
			{poly "sub_piece04"}
		}
		{bone "sub_piece03"
			{matrix34
				0.4027 	 0.9153 	 0
				-0.9153 	 0.4027 	 0
				0 	 0 	 1
				7.3424 	 -25.5106 	 9.1441
			}
			{poly "sub_piece03"}
		}
		{bone "sub_piece02"
			{matrix34
				0.0698 	 0.9976 	 0
				-0.9976 	 0.0698 	 0
				0 	 0 	 1
				24.9012 	 -1.5553 	 8.4367
			}
			{poly "sub_piece02"}
		}
		{bone "sub_piece01"
			{matrix34
				0 	 0.6428 	 -0.766
				-1 	 0 	 0
				0 	 0.766 	 0.6428
				8.5817 	 -10.9966 	 7.0611
			}
			{poly "sub_piece01"}
		}
		{bone "debris_land_001"
			{parameters "land;ground;"}
			{matrix34
				-0.8344 	 0.5511 	 0
				-0.5511 	 -0.8344 	 0
				0 	 0 	 1
				28.5509 	 -19.2557 	 -55.0663
			}
			{poly "debris_land_001" {ground}}
		}
		{bone "stones_001"
			{parameters "land;ground;"}
			{matrix34
				-0.8344 	 0.5511 	 0
				-0.5511 	 -0.8344 	 0
				0 	 0 	 1
				28.5509 	 -19.2557 	 -55.0663
			}
			{poly "stones_001" {ground}}
		}
	}
}
{"volumes"
	{"body02"
		{box 5.90551 27.5591 29.6813}
		{bone "france_mill_piece01"}
		{matrix34
			0.9063 	 -0.4226 	 0
			0.4226 	 0.9063 	 0
			0 	 0 	 1
			23.5254 	 -3.1203 	 -43.1896
		}
	}
	{"body04"
		{box 5.90551 27.5591 29.6813}
		{bone "france_mill_piece01"}
		{matrix34
			0.6428 	 -0.766 	 0
			0.766 	 0.6428 	 0
			0 	 0 	 1
			8.443 	 -22.7761 	 -43.1896
		}
	}
	{"piece01"
		{box 6.88976 12.0503 12.2019}
		{bone "piece01"}
		{matrix34
			-0.4843 	 -0.8749 	 0
			0.8749 	 -0.4843 	 0
			0 	 0 	 1
			0.6042 	 -0.3344 	 0.74
		}
	}
	{"piece02"
		{box 6.88976 15.0629 10.429}
		{bone "piece02"}
		{matrix34
			-0.4843 	 -0.8749 	 0
			0.8749 	 -0.4843 	 0
			0 	 0 	 1
			0.3506 	 -0.0519 	 -0.4646
		}
	}
	{"piece03"
		{box 6.93383 8.38878 5.63728}
		{bone "piece03"}
		{matrix34
			-0.2252 	 -0.9743 	 0
			0.9743 	 -0.2252 	 0
			0 	 0 	 1
			-0.0589 	 -0.2547 	 0.1074
		}
	}
	{"piece04"
		{box 6.93383 8.38878 5.63728}
		{bone "piece04"}
		{matrix34
			-0.2252 	 -0.9743 	 0
			0.9743 	 -0.2252 	 0
			0 	 0 	 1
			-0.094 	 -0.2616 	 -0.0767
		}
	}
	{"piece05"
		{box 3.16929 20.4855 4.06136}
		{bone "piece05"}
		{matrix34
			-0.0035 	 -1 	 -0.0042
			0.6428 	 -0.0055 	 0.766
			-0.766 	 0 	 0.6428
			0.0731 	 0 	 -0.0613
		}
	}
	{"piece06"
		{box 3.16929 20.4855 4.06136}
		{bone "piece06"}
		{matrix34
			-0.0035 	 -1 	 -0.0042
			0.6428 	 -0.0055 	 0.766
			-0.766 	 0 	 0.6428
			0.0961 	 0 	 -0.0806
		}
	}
	{"piece07"
		{box 6.88976 12.0503 12.2019}
		{bone "piece07"}
		{matrix34
			-0.4843 	 -0.8749 	 0
			0.8749 	 -0.4843 	 0
			0 	 0 	 1
			0.6042 	 -0.3344 	 0.74
		}
	}
	{"sub_piece01"
		{box 3.16929 12.3036 4.06136}
		{bone "sub_piece01"}
		{matrix34
			-0.0035 	 -1 	 -0.0042
			0.6428 	 -0.0055 	 0.766
			-0.766 	 0 	 0.6428
			0.2514 	 0 	 -0.211
		}
	}
	{"sub_piece02"
		{box 6.93383 7.29824 5.63728}
		{bone "sub_piece02"}
		{matrix34
			-0.2741 	 -0.9617 	 0
			0.9617 	 -0.2741 	 0
			0 	 0 	 1
			0.4171 	 -0.1189 	 -0.0119
		}
	}
	{"sub_piece03"
		{box 6.93383 8.38543 3.45388}
		{bone "sub_piece03"}
		{matrix34
			-0.461 	 -0.8874 	 0
			0.8874 	 -0.461 	 0
			0 	 0 	 1
			0.0947 	 0.3336 	 0.0126
		}
	}
	{"sub_piece04"
		{box 6.93383 5.78305 4.93411}
		{bone "sub_piece04"}
		{matrix34
			-0.6495 	 -0.7604 	 0
			0.7604 	 -0.6495 	 0
			0 	 0 	 1
			-0.2138 	 0.0974 	 0.3678
		}
	}
	{"sub_piece05"
		{box 6.93383 5.62048 5.63728}
		{bone "sub_piece05"}
		{matrix34
			-0.657 	 -0.7539 	 0
			0.7539 	 -0.657 	 0
			0 	 0 	 1
			-0.1116 	 0.0417 	 -0.2326
		}
	}
	{"sub_piece06"
		{box 5.90551 3.93701 4.92126}
		{bone "sub_piece06"}
		{matrix34
			-0.4955 	 -0.8686 	 0
			0.8686 	 -0.4955 	 0
			0 	 0 	 1
			-0.2531 	 -0.4437 	 -0.2318
		}
	}
	{"sub_piece07"
		{box 6.93383 8.38878 5.63728}
		{bone "sub_piece07"}
		{matrix34
			-0.2252 	 -0.9743 	 0
			0.9743 	 -0.2252 	 0
			0 	 0 	 1
			-0.0589 	 -0.2547 	 0.1074
		}
	}
	{"target02"
		{box 9.84252 9.84252 9.84252}
		{bone "france_mill_piece01"}
		{Position 15.3708 	 3.5402 	 -25.4628}
	}
	{"target10"
		{box 9.84252 9.84252 9.84252}
		{bone "france_mill_piece01"}
		{Position 0.2808 	 -15.6481 	 -25.4628}
	}
}
