;Exported by:	 Цаприлов Олександр
;Date:			 02.11.2020 17:48:48
;File:			 E:\projects\gem2-mdl-soldiers\models\landscape\rock\s_stone\s_stone_02\s_stone_02_group.max
{skeleton
	{bone "stone_11"
		{orientation
			1 	 0 	 0
			0 	 -1 	 0
			0 	 0 	 1
		}
		{bone "stone04"
			{matrix34
				0.9673 	 -0.0326 	 0.2516
				0.1934 	 0.7368 	 -0.6479
				-0.1643 	 0.6754 	 0.719
				-1.6238 	 -68.0495 	 -14.2164
			}
			{VolumeView "stone04.ply"}
		}
		{bone "stone05"
			{matrix34
				0.5893 	 0.6572 	 0.4698
				-0.2453 	 0.6997 	 -0.671
				-0.7698 	 0.2802 	 0.5736
				80.6328 	 7.006 	 -14.5122
			}
			{VolumeView "stone05.ply"}
		}
		{bone "stone02"
			{matrix34
				-0.0703 	 -0.7224 	 0.6879
				0.9879 	 0.0452 	 0.1485
				-0.1383 	 0.69 	 0.7105
				22.2416 	 28.02 	 -5.8589
			}
			{VolumeView "stone02.ply"}
		}
		{bone "stone03"
			{matrix34
				-0.0818 	 -0.9658 	 0.246
				0.7068 	 -0.2302 	 -0.6689
				0.7026 	 0.1192 	 0.7015
				-32.226 	 -3.6455 	 -28.1452
			}
			{VolumeView "stone03.ply"}
		}
		{bone "stone01"
			{matrix34
				0.9397 	 -0.171 	 0.2962
				0 	 0.866 	 0.5
				-0.342 	 -0.4698 	 0.8138
				15.8197 	 -25.7672 	 -21.1412
			}
			{VolumeView "stone01.ply"}
		}
	}
}
{obstacle "line013"
	{polygon2
		{radius 0}
		{vertex -65.3129 -41.8273}
		{vertex 34.3271 -71.1072}
		{vertex 106.935 -14.2126}
		{vertex 1.81598 86.572}
		{vertex -77.7755 16.6928}
	}
	{rotate}
}
{volume "stone01"
	{polyhedron "stone01.vol"}
	{bone "stone01"}
	{Position 0 	 0 	 0}
}
{volume "stone02"
	{polyhedron "stone02.vol"}
	{bone "stone02"}
}
{volume "stone03"
	{polyhedron "stone03.vol"}
	{bone "stone03"}
	{Position 0 	 -0.0002 	 0}
}
{volume "stone04"
	{polyhedron "stone04.vol"}
	{bone "stone04"}
}
{volume "stone05"
	{polyhedron "stone05.vol"}
	{bone "stone05"}
	{Position 0 	 0 	 0}
}
