;Exported by	: KobaA
;Date			: 15.01.2024 12:34:54
;File			: d:\git\gem2-mdl-soldiers\models\building\house_60\house_60_cut_fort_edits.max
{skeleton
	{bone "house_60_piece_009"
		{orientation
			1 	 0 	 0
			0 	 -1 	 0
			0 	 0 	 1
		}
		{poly "house_60_piece_009"}
		{bone "fix03"
			{Position -20.1677 	 -47.301 	 -27.7166}
		}
		{bone "fix07"
			{Position -20.1677 	 19.3448 	 -34.2088}
		}
		{bone "fix10"
			{Position -20.9238 	 52.6517 	 -14.8272}
		}
		{bone "exterior"
			{Position 6.9686 	 2.4234 	 3.6839}
			{poly "exterior"}
		}
	}
}
{"volumes"
	{"body1"
		{polyhedron}
		{bone "house_60_piece_009"}
		{matrix34
			1 	 0 	 0
			0 	 0.766 	 0.6428
			0 	 -0.6428 	 0.766
			-16.5909 	 19.7169 	 -24.8769
		}
	}
	{"body2"
		{polyhedron}
		{bone "house_60_piece_009"}
		{Position -19.1933 	 10.5846 	 -27.3147}
	}
	{"roof1"
		{polyhedron}
		{bone "exterior"}
		{matrix34
			1 	 0 	 0
			0 	 0.6498 	 -0.7601
			0 	 0.7601 	 0.6498
			1.3303 	 -12.6637 	 5.1097
		}
	}
	{"roof2"
		{polyhedron}
		{bone "exterior"}
		{matrix34
			1 	 0 	 0
			0 	 0.656 	 0.7548
			0 	 -0.7548 	 0.656
			-7.162 	 41.1147 	 -5.3932
		}
	}
	{"roof3"
		{polyhedron}
		{bone "exterior"}
		{matrix34
			1 	 0 	 0
			0 	 0.6498 	 -0.7601
			0 	 0.7601 	 0.6498
			1.338 	 -32.632 	 -11.9594
		}
	}
	{"roof4"
		{polyhedron}
		{bone "exterior"}
		{matrix34
			1 	 0 	 0
			0 	 0.656 	 0.7548
			0 	 -0.7548 	 0.656
			7.7445 	 41.1147 	 -5.3932
		}
	}
	{"roof5"
		{polyhedron}
		{bone "exterior"}
		{matrix34
			1 	 0 	 0
			0 	 0.6498 	 -0.7601
			0 	 0.7601 	 0.6498
			-11.6967 	 -45.6915 	 -23.1229
		}
	}
}
