;Exported by	: KobaA
;Date			: 01.03.2024 13:04:31
;File			: d:\git\gem2-mdl-soldiers\models\building\dot\dot_wood_x.max
{skeleton
	{bone "dot_wood_roof_point"
		{orientation
			1 	 0 	 0
			0 	 -1 	 0
			0 	 0 	 1
		}
		{bone "dot_wood_roof"
			{parameters "align;"}
			{orientation
				0.9998 	 0.0175 	 0
				-0.0175 	 0.9998 	 0
				0 	 0 	 1
			}
			{poly "dot_wood_roof"}
			{bone "piece02"
				{matrix34
					0.9994 	 -0.021 	 -0.0274
					0.0188 	 0.9968 	 -0.0779
					0.029 	 0.0774 	 0.9966
					36.915 	 28.7849 	 1.9878
				}
				{poly "piece02"}
			}
			{bone "piece15"
				{matrix34
					0.9996 	 -0.0235 	 -0.0145
					0.0014 	 0.5668 	 -0.8238
					0.0276 	 0.8235 	 0.5666
					-23.7345 	 20.5552 	 1.7
				}
				{poly "piece15"}
			}
			{bone "piece01"
				{matrix34
					-0.9996 	 0.0156 	 -0.0245
					-0.0285 	 -0.7 	 0.7136
					-0.006 	 0.714 	 0.7002
					24.6218 	 38.1686 	 1.5992
				}
				{poly "piece01"}
			}
			{bone "piece08"
				{matrix34
					-0.9998 	 0.0175 	 -0.0038
					-0.0128 	 -0.8464 	 -0.5324
					-0.0125 	 -0.5323 	 0.8465
					23.022 	 20.3317 	 1.2065
				}
				{poly "piece08"}
			}
			{bone "piece13"
				{matrix34
					0.9994 	 -0.0216 	 0.0273
					-0.0157 	 -0.9797 	 -0.1999
					0.0311 	 0.1993 	 -0.9794
					-30.9773 	 2.9862 	 1.3622
				}
				{poly "piece13"}
			}
			{bone "piece12"
				{matrix34
					-0.9994 	 0.021 	 -0.0274
					-0.0188 	 -0.9968 	 -0.0779
					-0.029 	 -0.0774 	 0.9966
					-39.6789 	 -1.4377 	 1.9878
				}
				{poly "piece12"}
			}
			{bone "piece03"
				{matrix34
					0.9996 	 -0.0035 	 0.0274
					-0.0056 	 -0.9969 	 0.0779
					0.0271 	 -0.0781 	 -0.9966
					33.141 	 11.1826 	 2.135
				}
				{poly "piece03"}
			}
			{bone "piece14"
				{matrix34
					-0.9997 	 0.0179 	 -0.0169
					-0.0162 	 -0.9953 	 -0.0952
					-0.0185 	 -0.0949 	 0.9953
					-26.1729 	 11.4881 	 1.5992
				}
				{poly "piece14"}
			}
			{bone "piece07"
				{matrix34
					-0.9993 	 0.0095 	 -0.0363
					-0.0112 	 -0.9987 	 0.0494
					-0.0357 	 0.0498 	 0.9981
					21.5072 	 1.4612 	 1.465
				}
				{poly "piece07"}
			}
			{bone "piece11"
				{matrix34
					0.9994 	 -0.021 	 -0.0274
					0.0188 	 0.9968 	 -0.0779
					0.029 	 0.0774 	 0.9966
					35.9648 	 -25.6517 	 1.9878
				}
				{poly "piece11"}
			}
			{bone "piece10"
				{matrix34
					-0.9998 	 0.0174 	 -0.0137
					-0.0113 	 -0.9325 	 -0.3611
					-0.019 	 -0.3609 	 0.9324
					-35.2834 	 -18.9099 	 2.135
				}
				{poly "piece10"}
			}
			{bone "piece09"
				{matrix34
					-0.9996 	 0.0035 	 0.0274
					0.0056 	 0.9969 	 0.0779
					-0.0271 	 0.0781 	 -0.9966
					-36.8552 	 -38.272 	 2.135
				}
				{poly "piece09"}
			}
			{bone "piece06"
				{matrix34
					0.9993 	 -0.0095 	 -0.0363
					0.0112 	 0.9987 	 0.0494
					0.0357 	 -0.0498 	 0.9981
					-25.2213 	 -28.5506 	 1.465
				}
				{poly "piece06"}
			}
			{bone "piece05"
				{matrix34
					-0.9996 	 0.0156 	 -0.0245
					-0.0285 	 -0.7 	 0.7136
					-0.006 	 0.714 	 0.7002
					23.6717 	 -16.2681 	 1.5992
				}
				{poly "piece05"}
			}
			{bone "piece04"
				{matrix34
					-0.9998 	 0.0175 	 -0.0038
					-0.0128 	 -0.8464 	 -0.5324
					-0.0125 	 -0.5323 	 0.8465
					22.0718 	 -34.105 	 1.2065
				}
				{poly "piece04"}
			}
			{bone "fort_roof"
				{matrix34
					0.9998 	 -0.0175 	 0
					0.0175 	 0.9998 	 0
					0 	 0 	 1
					-1.062 	 -2.5298 	 0.7636
				}
			}
		}
	}
}
{"volumes"
	{"piece01"
		{cylinder 2.62683 63.1305}
		{bone "piece01"}
		{matrix34
			0.0245 	 -0.7136 	 -0.7002
			-0.0018 	 -0.7004 	 0.7138
			-0.9997 	 -0.0162 	 -0.0185
			-0.1464 	 0.5553 	 0.1942
		}
	}
	{"piece02"
		{cylinder 2.62683 63.1305}
		{bone "piece02"}
		{matrix34
			0.0274 	 0.0779 	 -0.9966
			-0.0035 	 0.997 	 0.0779
			0.9996 	 0.0014 	 0.0276
			-12.3211 	 0.1002 	 -0.1837
		}
	}
	{"piece03"
		{cylinder 2.62683 49.6963}
		{bone "piece03"}
		{matrix34
			-0.0274 	 -0.0779 	 0.9966
			0.0139 	 -0.9969 	 -0.0776
			0.9995 	 0.0118 	 0.0284
			-3.8057 	 -0.0764 	 -0.1107
		}
	}
	{"piece04"
		{cylinder 2.62683 63.1305}
		{bone "piece04"}
		{matrix34
			0.0038 	 0.5324 	 -0.8465
			0 	 -0.8465 	 -0.5324
			-1 	 0.002 	 -0.0032
			-1.4256 	 -0.4328 	 0.8182
		}
	}
	{"piece05"
		{cylinder 2.62683 63.1305}
		{bone "piece05"}
		{matrix34
			0.0245 	 -0.7136 	 -0.7002
			-0.0018 	 -0.7004 	 0.7138
			-0.9997 	 -0.0162 	 -0.0185
			-0.1479 	 -0.0289 	 0.7896
		}
	}
	{"piece06"
		{cylinder 2.62683 63.1305}
		{bone "piece06"}
		{matrix34
			0.0363 	 -0.0494 	 -0.9981
			0.008 	 0.9988 	 -0.0492
			0.9993 	 -0.0062 	 0.0366
			0.0839 	 -0.2438 	 0.6864
		}
	}
	{"piece07"
		{cylinder 2.62683 61.2554}
		{bone "piece07"}
		{matrix34
			0.0363 	 -0.0494 	 -0.9981
			-0.008 	 -0.9988 	 0.0492
			-0.9993 	 0.0062 	 -0.0366
			1.0743 	 -0.384 	 0.7294
		}
	}
	{"piece08"
		{cylinder 2.62683 63.1305}
		{bone "piece08"}
		{matrix34
			0.0038 	 0.5324 	 -0.8465
			0 	 -0.8465 	 -0.5324
			-1 	 0.002 	 -0.0032
			-1.4256 	 0.0255 	 1.1065
		}
	}
	{"piece09"
		{cylinder 2.62683 48.6105}
		{bone "piece09"}
		{matrix34
			-0.0274 	 -0.0779 	 0.9966
			-0.0139 	 0.9969 	 0.0776
			-0.9995 	 -0.0118 	 -0.0284
			-4.3193 	 -0.0501 	 0.1745
		}
	}
	{"piece10"
		{cylinder 2.62683 48.6105}
		{bone "piece10"}
		{matrix34
			0.0137 	 0.3611 	 -0.9324
			0 	 -0.9325 	 -0.3611
			-0.9999 	 0.0049 	 -0.0127
			-3.9053 	 0.8317 	 0.0477
		}
	}
	{"piece11"
		{cylinder 2.62683 48.6105}
		{bone "piece11"}
		{matrix34
			0.0274 	 0.0779 	 -0.9966
			-0.0035 	 0.997 	 0.0779
			0.9996 	 0.0014 	 0.0276
			-5.6679 	 0.2388 	 0.0103
		}
	}
	{"piece12"
		{cylinder 2.62683 48.6105}
		{bone "piece12"}
		{matrix34
			0.0274 	 0.0779 	 -0.9966
			0.0035 	 -0.997 	 -0.0779
			-0.9996 	 -0.0014 	 -0.0276
			-5.8292 	 0.0898 	 -0.1124
		}
	}
	{"piece13"
		{cylinder 2.62683 48.6105}
		{bone "piece13"}
		{matrix34
			-0.0273 	 0.1999 	 0.9794
			-0.0042 	 -0.9798 	 0.1998
			0.9996 	 0.0014 	 0.0276
			-0.8504 	 0.1903 	 0.2049
		}
	}
	{"piece14"
		{cylinder 2.62683 59.7909}
		{bone "piece14"}
		{matrix34
			0.0169 	 0.0952 	 -0.9953
			0.0005 	 -0.9955 	 -0.0952
			-0.9999 	 0.0011 	 -0.0168
			-0.0998 	 -0.2864 	 0.5093
		}
	}
	{"piece15"
		{cylinder 2.62683 48.6105}
		{bone "piece15"}
		{matrix34
			0.0145 	 0.8238 	 -0.5666
			-0.0061 	 0.5668 	 0.8239
			0.9999 	 -0.0085 	 0.0132
			-7.7819 	 -0.007 	 0.1322
		}
	}
}
