;Exported by:	 tolokolnikova
;Date:			 26.04.2016 11:58:57
;File:			 D:\gem2\gem2-mdl-soldiers\models\entourage\flowerbed\flowerbed_Ng2.max
{skeleton
	{bone "basis_004"
		{orientation
			1 	 0 	 0
			0 	 -1 	 0
			0 	 0 	 1
		}
		{bone "grass02b_g003"
			{matrix34
				0.3214 	 0.342 	 0.883
				-0.117 	 0.9397 	 -0.3214
				-0.9397 	 0 	 0.342
				-2.8217 	 0.372 	 9.5991
			}
			{poly "grass02b_g003"}
		}
		{bone "group009"
			{matrix34
				0.3214 	 0.342 	 0.883
				-0.117 	 0.9397 	 -0.3214
				-0.9397 	 0 	 0.342
				-4.0242 	 0.1764 	 10.1125
			}
			{poly "group009"}
		}
		{bone "group010"
			{matrix34
				0.3214 	 0.342 	 0.883
				-0.117 	 0.9397 	 -0.3214
				-0.9397 	 0 	 0.342
				-13.6523 	 0.1764 	 13.6169
			}
			{poly "group010"}
		}
		{bone "object059"
			{matrix34
				0 	 -1 	 0
				-0.9397 	 0 	 0.342
				0.342 	 0 	 0.9397
				1.843 	 0.1764 	 7.9771
			}
			{poly "object059"}
		}
		{bone "object084"
			{matrix34
				-0.768 	 -0.6403 	 -0.011
				-0.5666 	 0.6873 	 -0.4546
				-0.2986 	 0.3429 	 0.8906
				3.7088 	 12.5023 	 0.9476
			}
			{poly "object084"}
		}
		{bone "object085"
			{matrix34
				-0.3536 	 0.928 	 0.1174
				0.8173 	 0.3675 	 -0.4438
				0.455 	 0.061 	 0.8884
				-0.2923 	 14.886 	 2.2862
			}
			{poly "object085"}
		}
		{bone "vasa001"
			{matrix34
				0 	 -1 	 0
				-0.9397 	 0 	 0.342
				0.342 	 0 	 0.9397
				1.843 	 0.1764 	 7.9771
			}
			{poly "vasa001"}
		}
	}
}
{obstacle "body"
	{obb2
		{center 3.72629 -0.0636744}
		{extent 8.46143 12.6009}
		{axis 1 0}
	}
	{rotate}
	{Tags "body"}
}
{volume "body"
	{cylinder 12.7953 16.9229}
	{bone "basis_004"}
	{matrix34
		0 	 0 	 1
		0 	 1 	 0
		-1 	 0 	 0
		3.7263 	 0.0637 	 9.8151
	}
}
