;Exported by	: KobaA
;Date			: 26.01.2024 11:03:58
;File			: d:\git\gem2-mdl-soldiers\models\building\building_ua01\building_ua05_v2_x.max
{skeleton
	{bone "b_ua_05_piece04_point"
		{orientation
			1 	 0 	 0
			0 	 -1 	 0
			0 	 0 	 1
		}
		{bone "b_ua_05_piece04"
			{Position -95.5194 	 -50.4515 	 -15.0186}
			{poly "b_ua_05_piece04"}
		}
		{bone "sub_piece04"
			{Position 22.5882 	 -10.3293 	 17.077}
			{poly "sub_piece04"}
		}
		{bone "sub_piece01"
			{matrix34
				-0.1737 	 0.6198 	 -0.7653
				-0.9848 	 -0.1093 	 0.135
				0 	 0.7771 	 0.6293
				1.0755 	 -36.105 	 29.7654
			}
			{poly "sub_piece01"}
		}
		{bone "sub_piece02"
			{Position 21.4835 	 4.6086 	 36.3367}
			{poly "sub_piece02"}
		}
		{bone "piece01"
			{matrix34
				0.2588 	 0 	 -0.9659
				0 	 1 	 0
				0.9659 	 0 	 0.2588
				7.9191 	 -36.9483 	 12.2628
			}
			{poly "piece01"}
		}
		{bone "piece06"
			{matrix34
				0 	 0.8192 	 0.5736
				-1 	 0 	 0
				0 	 -0.5736 	 0.8192
				19.6527 	 -9.8977 	 9.056
			}
			{poly "piece06"}
		}
		{bone "piece05"
			{matrix34
				0 	 1 	 0
				-1 	 0 	 0
				0 	 0 	 1
				19.6527 	 -30.5678 	 11.315
			}
			{poly "piece05"}
		}
		{bone "piece02"
			{matrix34
				0 	 -0.0872 	 0.9962
				-1 	 0 	 0
				0 	 -0.9962 	 -0.0872
				19.6527 	 -22.4729 	 -0.9972
			}
			{poly "piece02"}
		}
		{bone "sub_piece03"
			{matrix34
				0 	 0.7071 	 -0.7071
				-1 	 0 	 0
				0 	 0.7071 	 0.7071
				19.6527 	 -2.104 	 -0.5117
			}
			{poly "sub_piece03"}
		}
		{bone "piece03"
			{matrix34
				0 	 -0.1736 	 -0.9848
				-1 	 0 	 0
				0 	 0.9848 	 -0.1736
				19.6527 	 10.0774 	 12.0196
			}
			{poly "piece03"}
		}
		{bone "piece04"
			{matrix34
				0 	 1 	 0
				-1 	 0 	 0
				0 	 0 	 1
				19.6527 	 26.9641 	 8.4616
			}
			{poly "piece04"}
		}
		{bone revolute "attach1"
			{Position 4.4054 	 5.2766 	 -29.5065}
		}
		{bone "debris_land_001"
			{parameters "land;ground;"}
			{matrix34
				-1 	 0 	 0
				0 	 -1 	 0
				0 	 0 	 1
				32.2163 	 -8.1151 	 -33.2466
			}
			{poly "debris_land_001" {ground}}
		}
		{bone "fort_wall"
			{matrix34
				0 	 -1 	 0
				1 	 0 	 0
				0 	 0 	 1
				28.2659 	 -16.1233 	 -26.3569
			}
		}
		{bone "stones_001"
			{parameters "land;ground;"}
			{matrix34
				-1 	 0 	 0
				0 	 -1 	 0
				0 	 0 	 1
				32.2029 	 -8.1151 	 -32.2624
			}
			{poly "stones_001" {ground}}
		}
		{bone "sub_piece05"
			{Position 21.4835 	 59.6666 	 30.3527}
			{poly "sub_piece05"}
		}
		{bone revolute "attach2"
			{matrix34
				0 	 -1 	 0
				1 	 0 	 0
				0 	 0 	 1
				-8.9705 	 -17.5887 	 -29.5065
			}
		}
	}
}
{"volumes"
	{"piece01"
		{box 8.81752 5.90551 15.6236}
		{bone "piece01"}
		{Position -0.0504 	 0 	 -0.5338}
	}
	{"piece02"
		{box 7.31854 5.90551 11.2818}
		{bone "piece02"}
		{Position 0.0821 	 0 	 0.3787}
	}
	{"piece03"
		{box 8.81752 5.90551 15.6236}
		{bone "piece03"}
		{Position -0.0504 	 0 	 -0.5338}
	}
	{"piece04"
		{box 11.551 5.90551 9.99911}
		{bone "piece04"}
		{Position -0.1031 	 0 	 -1.9626}
	}
	{"piece05"
		{box 11.551 5.90551 9.99911}
		{bone "piece05"}
		{Position 0.8764 	 0 	 -0.9367}
	}
	{"piece06"
		{box 11.551 5.90551 9.99911}
		{bone "piece06"}
		{Position -0.1031 	 0 	 -0.1523}
	}
	{"sub_piece01"
		{box 9.18532 3.93701 25.3977}
		{bone "sub_piece01"}
		{matrix34
			-0.1737 	 -0.9848 	 0
			0.9847 	 -0.1736 	 0.0175
			-0.0172 	 0.003 	 0.9998
			1.9067 	 1.7913 	 -4.3817
		}
	}
	{"sub_piece02"
		{box 11.551 2.75591 30.4173}
		{bone "sub_piece02"}
		{matrix34
			0 	 1 	 0
			-1 	 0 	 0
			0 	 0 	 1
			-0.0888 	 0.1235 	 -1.7507
		}
	}
	{"sub_piece03"
		{box 7.31854 5.90551 6.09321}
		{bone "sub_piece03"}
		{matrix34
			-0.4226 	 0 	 0.9063
			0 	 1 	 0
			-0.9063 	 0 	 -0.4226
			0.4514 	 0 	 -0.6132
		}
	}
	{"sub_piece04"
		{box 35.0005 4.1063 6.6918}
		{bone "sub_piece04"}
		{matrix34
			0 	 1 	 0
			-1 	 0 	 0
			0 	 0 	 1
			0.0865 	 -1.248 	 0.5822
		}
	}
	{"sub_piece05"
		{box 11.551 2.75591 20.6162}
		{bone "sub_piece05"}
		{matrix34
			0 	 1 	 0
			-1 	 0 	 0
			0 	 0 	 1
			-0.0888 	 -1.191 	 -0.6674
		}
	}
	{"target_vol_001"
		{box 9.84252 9.84252 15.6501}
		{bone "b_ua_05_piece04_point"}
		{matrix34
			1 	 0 	 0
			0 	 1 	 0
			0 	 0 	 1
			4.4054 	 5.2694 	 -7.8741
		}
	}
	{"target_vol_002"
		{box 9.84252 9.84252 15.6501}
		{bone "b_ua_05_piece04_point"}
		{matrix34
			0 	 -1 	 0
			1 	 0 	 0
			0 	 0 	 1
			-8.9705 	 -17.5887 	 -7.8741
		}
	}
	{"vol_01"
		{box 51.0621 5.90551 26.5121}
		{bone "b_ua_05_piece04"}
		{Position 92.5805 	 13.4186 	 -10.8774}
	}
	{"vol_02"
		{polyhedron}
		{bone "b_ua_05_piece04"}
		{Position 109.797 	 13.4186 	 2.2536}
	}
	{"vol_03"
		{box 76.0492 6.1453 26.5121}
		{bone "b_ua_05_piece04"}
		{matrix34
			0 	 1 	 0
			-1 	 0 	 0
			0 	 0 	 1
			115.179 	 49.1232 	 -10.8774
		}
	}
	{"vol_04"
		{box 13.6889 5.90551 11.1351}
		{bone "b_ua_05_piece04"}
		{matrix34
			0 	 1 	 0
			-1 	 0 	 0
			0 	 0 	 1
			115.165 	 75.626 	 7.7606
		}
	}
	{"vol_05"
		{box 11.4986 5.90551 4.00863}
		{bone "b_ua_05_piece04"}
		{matrix34
			0 	 1 	 0
			-1 	 0 	 0
			0 	 0 	 1
			115.343 	 46.4739 	 4.1974
		}
	}
	{"vol_06"
		{polyhedron}
		{bone "b_ua_05_piece04"}
		{matrix34
			0 	 1 	 0
			-1 	 0 	 0
			0 	 0 	 1
			115.262 	 16.7197 	 2.193
		}
	}
	{"vol_07"
		{box 11.4986 5.90551 4.00863}
		{bone "b_ua_05_piece04"}
		{matrix34
			0 	 1 	 0
			-1 	 0 	 0
			0 	 0 	 1
			115.343 	 26.9756 	 3.9088
		}
	}
}
