;Exported by	: Oleksandr Tsaprylov
;Date			: 26.08.2023 18:44:09
;File			: E:\projects\gem2-mdl-soldiers\models\entourage\river_wall\river_wall.max
{skeleton
	{bone "river-wall14e_part1"
		{orientation
			1 	 0 	 0
			0 	 -1 	 0
			0 	 0 	 1
		}
		{poly "river-wall14e_part1"}
		{bone "land"
			{parameters "land;ground;"}
			{Position -11.1093 	 -55.2338 	 0.1569}
			{visibility 0}
			{poly "land" {ground}}
		}
	}
}
{obstacle "obstacle01"
	{obb2
		{center -1.05518 1.41035}
		{extent 51.4679 6.71328}
		{axis -1 0}
	}
	{rotate}
}
{obstacle "obstacle02"
	{obb2
		{center -58.3881 1.32202}
		{extent 7.41994 10.1582}
		{axis -1 0}
	}
	{rotate}
}
{obstacle "obstacle03"
	{obb2
		{center -58.3881 103.026}
		{extent 7.41994 10.1582}
		{axis 0 1}
	}
	{rotate}
}
{obstacle "obstacle04"
	{obb2
		{center -57.6047 52.1638}
		{extent 51.4679 6.71328}
		{axis 7.4118e-08 1}
	}
	{rotate}
}
{"volumes"
	{"body01"
		{box 103.433 12.31 55.4287}
		{bone "river-wall14e_part1"}
		{Position -1.4317 	 -1.2656 	 -11.6624}
	}
	{"body02"
		{box 103.433 12.31 55.4287}
		{bone "river-wall14e_part1"}
		{matrix34
			0 	 1 	 0
			-1 	 0 	 0
			0 	 0 	 1
			-58.8889 	 -57.4913 	 -11.6624
		}
	}
	{"body03"
		{box 17.9956 17.6033 58.7545}
		{bone "river-wall14e_part1"}
		{Position -58.7063 	 -1.2656 	 -9.9995}
	}
	{"body04"
		{box 14.3906 17.6033 58.7545}
		{bone "river-wall14e_part1"}
		{matrix34
			0 	 1 	 0
			-1 	 0 	 0
			0 	 0 	 1
			-58.517 	 -103.953 	 -9.9995
		}
	}
	{"body05"
		{box 118.432 8.49391 93.6746}
		{bone "river-wall14e_part1"}
		{matrix34
			1 	 0 	 0
			0 	 0.6771 	 0.7359
			0 	 -0.7359 	 0.6771
			-9.6414 	 35.7272 	 -69.4625
		}
	}
	{"body06"
		{box 118.432 8.49391 93.6746}
		{bone "river-wall14e_part1"}
		{matrix34
			0 	 1 	 0
			-0.6771 	 0 	 0.7359
			0.7359 	 0 	 0.6771
			-95.7219 	 -50.7649 	 -69.4625
		}
	}
	{"body07"
		{polyhedron}
		{bone "river-wall14e_part1"}
		{matrix34
			0.7071 	 0.7071 	 0
			-0.5619 	 0.5619 	 0.6071
			0.4293 	 -0.4293 	 0.7946
			-98.6592 	 38.5748 	 -101.178
		}
	}
}
