;Exported by	: KobaA
;Date			: 12.03.2024 14:18:58
;File			: d:\git\gem2-mdl-soldiers\models\entourage\railway\trainstation\station003_x.max
{skeleton
	{bone "station003_piece_008_x"
		{orientation
			1 	 0 	 0
			0 	 -1 	 0
			0 	 0 	 1
		}
		{bone "piece01"
			{matrix34
				-0.9238 	 -0.3828 	 0
				0.3828 	 -0.9238 	 0
				0 	 0 	 1
				-1.0864 	 -0.0531 	 12.2261
			}
			{poly "piece01"}
		}
		{bone "piece02"
			{matrix34
				1 	 0 	 0
				0 	 0.9613 	 0.2756
				0 	 -0.2756 	 0.9613
				-14.3664 	 23.7125 	 15.6545
			}
			{poly "piece02"}
		}
		{bone "piece03"
			{matrix34
				0 	 -0.9522 	 0.3053
				1 	 0 	 0
				0 	 0.3053 	 0.9522
				16.6779 	 -17.4445 	 17.171
			}
			{poly "piece03"}
		}
		{bone "sub_piece01"
			{matrix34
				-0.9238 	 -0.3828 	 0
				0.3828 	 -0.9238 	 0
				0 	 0 	 1
				2.9588 	 -14.9605 	 -8.3684
			}
			{poly "sub_piece01"}
		}
		{bone "sub_piece02"
			{matrix34
				-0.3828 	 0.9238 	 0
				-0.9238 	 -0.3828 	 0
				0 	 0 	 1
				3.52 	 5.7201 	 -6.977
			}
			{poly "sub_piece02"}
		}
		{bone "sub_piece03"
			{Position 46.1088 	 -12.2001 	 16.6903}
			{poly "sub_piece03"}
		}
		{bone "sub_piece04"
			{Position 0 	 0 	 0}
			{poly "sub_piece04"}
		}
		{bone "sub_piece05"
			{matrix34
				0 	 -0.9522 	 0.3053
				1 	 0 	 0
				0 	 0.3053 	 0.9522
				-1.0178 	 -17.9748 	 17.148
			}
			{poly "sub_piece05"}
		}
	}
}
{"volumes"
	{"piece01"
		{box 16.8554 5.90551 12.8104}
		{bone "piece01"}
		{matrix34
			0.3828 	 0.9238 	 0
			-0.9238 	 0.3828 	 0
			0 	 0 	 1
			0 	 0 	 0.0261
		}
	}
	{"piece02"
		{box 19.9461 25.5955 0.966698}
		{bone "piece02"}
		{matrix34
			1 	 0 	 0
			0 	 0.866 	 -0.5
			0 	 0.5 	 0.866
			14.9539 	 -0.6855 	 0.4438
		}
	}
	{"piece03"
		{box 9.8222 21.874 0.843178}
		{bone "piece03"}
		{matrix34
			0 	 -1 	 0
			0.8501 	 0 	 -0.5266
			0.5266 	 0 	 0.8501
			-0.2824 	 -0.0286 	 0.0659
		}
	}
	{"sub_piece01"
		{box 9.27048 5.90551 9.59499}
		{bone "sub_piece01"}
		{matrix34
			0.3828 	 0.9238 	 0
			-0.9238 	 0.3828 	 0
			0 	 0 	 1
			0 	 0 	 0.3423
		}
	}
	{"sub_piece02"
		{box 11.0764 5.90551 10.9079}
		{bone "sub_piece02"}
		{matrix34
			-0.9238 	 0.3828 	 0
			-0.3828 	 -0.9238 	 0
			0 	 0 	 1
			0 	 0 	 -0.2511
		}
	}
	{"sub_piece03"
		{box 0.984253 22.9389 2.95441}
		{bone "sub_piece03"}
		{matrix34
			1 	 0 	 0
			0 	 0.9711 	 0.2385
			0 	 -0.2385 	 0.9711
			0 	 1.0262 	 0.1569
		}
	}
	{"sub_piece04"
		{box 38.7955 0.984252 2.95276}
		{bone "sub_piece04"}
		{Position 21.2076 	 0.2282 	 19.58}
	}
	{"sub_piece05"
		{box 9.8222 21.874 0.843178}
		{bone "sub_piece05"}
		{matrix34
			0 	 -1 	 0
			0.8501 	 0 	 -0.5266
			0.5266 	 0 	 0.8501
			-0.2824 	 -0.0286 	 0.0659
		}
	}
}
