;Exported by	: KobaA
;Date			: 18.01.2024 15:19:43
;File			: d:\git\gem2-mdl-soldiers\models\building\house_d\d_002_x_fort.max
{skeleton
	{bone "d002_piece07_point"
		{orientation
			1 	 0 	 0
			0 	 -1 	 0
			0 	 0 	 1
		}
		{bone "sub_piece06"
			{matrix34
				0 	 0.7071 	 0.7071
				0 	 0.7071 	 -0.7071
				-1 	 0 	 0
				3.0214 	 29.2795 	 28.8634
			}
			{poly "sub_piece06"}
		}
		{bone "sub_piece05"
			{Position -43.5403 	 57.5138 	 -9.0253}
			{poly "sub_piece05"}
		}
		{bone "piece01"
			{Position -43.5507 	 27.4503 	 19.317}
			{poly "piece01"}
		}
		{bone "piece02"
			{Position -43.3846 	 0.906 	 10.1064}
			{poly "piece02"}
		}
		{bone "piece03"
			{Position -43.5337 	 14.6887 	 -16.9522}
			{poly "piece03"}
		}
		{bone "piece04"
			{Position -43.4985 	 41.3723 	 2.2264}
			{poly "piece04"}
		}
		{bone "sub_piece01"
			{Position -43.577 	 24.157 	 1.1003}
			{poly "sub_piece01"}
		}
		{bone "sub_piece02"
			{Position -43.4494 	 62.8874 	 9.9806}
			{poly "sub_piece02"}
		}
		{bone "sub_piece04"
			{matrix34
				-1 	 0 	 0
				0 	 -0.9976 	 -0.0698
				0 	 -0.0698 	 0.9976
				-9.9902 	 55.8254 	 24.4067
			}
			{poly "sub_piece04"}
		}
		{bone "sub_piece03"
			{Position -12.1755 	 -4.4692 	 18.8179}
			{poly "sub_piece03"}
		}
	}
}
{"volumes"
	{"piece01"
		{box 26.3745 5.90551 15.756}
		{bone "piece01"}
		{matrix34
			0 	 0.9576 	 0.2882
			-1 	 0 	 0
			0 	 -0.2882 	 0.9576
			-0.0485 	 -0.0328 	 2.5333
		}
	}
	{"piece02"
		{box 21.4744 5.90551 17.6467}
		{bone "piece02"}
		{matrix34
			0 	 1 	 0
			-1 	 0 	 0
			0 	 0 	 1
			0.4136 	 0 	 0.7135
		}
	}
	{"piece03"
		{box 5.90551 17.1368 24.3707}
		{bone "piece03"}
		{matrix34
			-1 	 0 	 0
			0 	 -1 	 0
			0 	 0 	 1
			0 	 0 	 -0.126
		}
	}
	{"piece04"
		{box 5.90551 17.1368 24.3707}
		{bone "piece04"}
		{matrix34
			-1 	 0 	 0
			0 	 -1 	 0
			0 	 0 	 1
			0 	 -0.1871 	 0.3819
		}
	}
	{"sub_piece01"
		{box 12.632 5.90551 12.8641}
		{bone "sub_piece01"}
		{matrix34
			0 	 1 	 0
			-1 	 0 	 0
			0 	 0 	 1
			-0.0572 	 0 	 -0.5683
		}
	}
	{"sub_piece02"
		{box 5.90551 14.5663 17.7906}
		{bone "sub_piece02"}
		{matrix34
			-1 	 0 	 0
			0 	 -1 	 0
			0 	 0 	 1
			0 	 -0.7056 	 0.4533
		}
	}
	{"sub_piece03"
		{box 34.7082 28.9974 1.59897}
		{bone "sub_piece03"}
		{matrix34
			1 	 0 	 0
			0 	 0.9218 	 0.3877
			0 	 -0.3877 	 0.9218
			-1.3641 	 0.98 	 0.4327
		}
	}
	{"sub_piece04"
		{box 27.7665 26.3613 1.59897}
		{bone "sub_piece04"}
		{matrix34
			-1 	 0 	 0
			0 	 -0.9256 	 -0.3785
			0 	 -0.3785 	 0.9256
			-1.1671 	 -0.2338 	 -0.2452
		}
	}
	{"sub_piece05"
		{box 7.5792 5.90551 14.7864}
		{bone "sub_piece05"}
		{matrix34
			0 	 -0.1182 	 -0.993
			-1 	 0 	 0
			0 	 0.993 	 -0.1182
			-0.1053 	 0.2999 	 -0.4344
		}
	}
	{"sub_piece06"
		{box 106.15 3.52553 3.3148}
		{bone "sub_piece06"}
		{matrix34
			0 	 0 	 -1
			0.7071 	 0.7071 	 0
			0.7071 	 -0.7071 	 0
			0.4586 	 -0.4586 	 0
		}
	}
}
