;Exported by	: KobaA
;Date			: 17.04.2024 16:46:38
;File			: d:\git\gem2-mdl-soldiers\models\entourage\feeding_rack\animal_feeder.max
{skeleton
	{bone "feeder_03_x"
		{orientation
			1 	 0 	 0
			0 	 -1 	 0
			0 	 0 	 1
		}
		{bone "piece03"
			{matrix34
				0 	 0 	 1
				0 	 1 	 0
				-1 	 0 	 0
				0.203 	 6.4084 	 8.7704
			}
			{poly "piece03"}
		}
		{bone "piece04"
			{matrix34
				0 	 0 	 1
				0 	 1 	 0
				-1 	 0 	 0
				0.203 	 -9.593 	 8.7704
			}
			{poly "piece04"}
		}
		{bone "piece05"
			{matrix34
				0 	 0 	 1
				0 	 1 	 0
				-1 	 0 	 0
				-0.0305 	 -22.3952 	 17.8495
			}
			{poly "piece05"}
		}
		{bone "piece06"
			{matrix34
				0 	 0 	 1
				0 	 1 	 0
				-1 	 0 	 0
				-0.0305 	 21.7258 	 17.8492
			}
			{poly "piece06"}
		}
		{bone "piece02"
			{matrix34
				0 	 0 	 1
				0 	 1 	 0
				-1 	 0 	 0
				-0.2224 	 -10.0642 	 29.9992
			}
			{poly "piece02"}
		}
		{bone "piece01"
			{matrix34
				0 	 0 	 1
				0 	 1 	 0
				-1 	 0 	 0
				-0.2696 	 7.4972 	 29.9715
			}
			{poly "piece01"}
		}
	}
}
{"volumes"
	{"piece01_01"
		{box 16.5324 24.1868 0.984252}
		{bone "piece01"}
		{matrix34
			-0.8387 	 0 	 0.5446
			0 	 -1 	 0
			0.5446 	 0 	 0.8387
			0.0692 	 1.1448 	 -5.3107
		}
	}
	{"piece01_02"
		{box 16.6977 19.5847 0.984252}
		{bone "piece01"}
		{matrix34
			0.8192 	 0 	 0.5736
			0 	 -1 	 0
			0.5736 	 0 	 -0.8192
			-0.3376 	 3.6108 	 5.2426
		}
	}
	{"piece02_01"
		{box 16.6977 19.5847 0.984252}
		{bone "piece02"}
		{matrix34
			0.8192 	 0 	 -0.5736
			0 	 1 	 0
			0.5736 	 0 	 0.8192
			-0.3653 	 -3.6642 	 -5.2635
		}
	}
	{"piece02_02"
		{box 16.5324 24.1868 0.984252}
		{bone "piece02"}
		{matrix34
			-0.8387 	 0 	 -0.5446
			0 	 1 	 0
			0.5446 	 0 	 -0.8387
			0.0415 	 -1.1983 	 5.2898
		}
	}
	{"piece03"
		{box 7.77363 21.6089 4.26787}
		{bone "piece03"}
		{matrix34
			0 	 0 	 -1
			0 	 1 	 0
			1 	 0 	 0
			-0.0757 	 2.8266 	 0.0103
		}
	}
	{"piece04"
		{box 7.77363 18.799 4.26787}
		{bone "piece04"}
		{matrix34
			0 	 0 	 -1
			0 	 1 	 0
			1 	 0 	 0
			-0.0757 	 -1.9838 	 0.0103
		}
	}
	{"piece05"
		{cylinder 1.1811 42.5526}
		{bone "piece05"}
		{matrix34
			0 	 0 	 -1
			-0.0175 	 0.9998 	 0
			0.9998 	 0.0175 	 0
			4.0575 	 0.1992 	 -0.0263
		}
	}
	{"piece06"
		{cylinder 1.1811 42.5526}
		{bone "piece06"}
		{matrix34
			0 	 0 	 -1
			0.0175 	 0.9998 	 0
			0.9998 	 -0.0175 	 0
			4.0578 	 -0.1879 	 -0.0263
		}
	}
}
