;Exported by	: KobaA
;Date			: 11.09.2023 16:38:27
;File			: D:\git\gem2-mdl-soldiers\models\inventory\-weapon\Flammenwerfer_35\Flammenwerfer_35.max
{skeleton
	{bone "flame_baloon"
		{orientation
			1 	 0 	 0
			0 	 -1 	 0
			0 	 0 	 1
		}
		{poly "flame_baloon" {lod 0}}
		{poly "flame_baloon_lod1" {lod 1}}
		{poly "flame_baloon_lod2" {lod 2 {last}}}
		{bone "handle"
			{matrix34
				1 	 0 	 0
				0 	 0.9962 	 -0.0872
				0 	 0.0872 	 0.9962
				-0.3908 	 2.4576 	 -0.0199
			}
		}
		{bone "hose"
			{matrix34
				0.4067 	 0.9101 	 -0.0796
				-0.9085 	 0.4121 	 0.0689
				0.0955 	 0.0443 	 0.9944
				-1.1344 	 -1.6462 	 0.3024
			}
			{poly "hose" {lod 0}}
			{poly "hose_lod1" {lod 1}}
			{poly "hose_lod2" {lod 2 {last}}}
		}
	}
}
{"volumes"
	{"body"
		{cylinder 3.30586 12.536}
		{bone "flame_baloon"}
		{matrix34
			0 	 -0.9962 	 0.0872
			0 	 -0.0872 	 -0.9962
			1 	 0 	 0
			5.0351 	 3.3839 	 1.5798
		}
	}
	{"select"
		{box 10.1293 18.7819 7.06702}
		{bone "flame_baloon"}
		{matrix34
			0 	 -0.9962 	 0.0872
			1 	 0 	 0
			0 	 0.0872 	 0.9962
			3.9546 	 2.3939 	 1.5853
		}
	}
}
{"preview"
	{"stuff"
		{camera
			{origin 8.1124 	 1.6308 	 15.9007}
			{lookat 2.4319 	 -3.4501 	 -5.2693}
			{fov 43.6033}
			{horizon 136.716}
		}
		{global
			{direction -0.27 	 -0.0845 	 -0.4123}
			{diffuse 0xffbcbcbc}
		}
		{local
			{type point}
			{position 3.072 	 -7.9392 	 9.1859}
		}
		{local
			{type point}
			{position 8.4723 	 0.7617 	 6.9627}
			{diffuse 0xffaeaeae}
		}
		{local
			{type point}
			{position 12.2297 	 -2.7664 	 7.6395}
			{diffuse 0xffa8a8a8}
		}
	}
}
