;Exported by:	 Oleksandr Tsaprylov
;Date:			 05.07.2022 13:28:04
;File:			 E:\projects\gem2-mdl-soldiers\models\entourage\watch_tower\watch_tower_02.max
{skeleton
	{bone "watch_tower_02"
		{orientation
			1 	 0 	 0
			0 	 -1 	 0
			0 	 0 	 1
		}
		{bone "attach2"
			{matrix34
				-1 	 0 	 0
				0 	 -1 	 0
				0 	 0 	 1
				-13.4026 	 -8.2353 	 89.7324
			}
		}
		{bone "attach1"
			{matrix34
				-1 	 0 	 0
				0 	 -1 	 0
				0 	 0 	 1
				-13.4026 	 7.2591 	 89.7324
			}
		}
		{bone "emit"
			{matrix34
				-1 	 0 	 0
				0 	 -1 	 0
				0 	 0 	 1
				42.8709 	 9.8011 	 0
			}
		}
		{bone "mgun"
			{matrix34
				-1 	 0 	 0
				0 	 -1 	 0
				0 	 0 	 1
				-18.641 	 9.9067 	 116.916
			}
		}
		{bone "searchlight"
			{matrix34
				-1 	 0 	 0
				0 	 -1 	 0
				0 	 0 	 1
				-18.641 	 -9.612 	 116.916
			}
		}
		{bone "body"
			{Position -0.028 	 0.131 	 73.6772}
			{poly "body"}
		}
		{bone "node_ladder_bottom"
			{matrix34
				-1 	 0 	 0
				0 	 -1 	 0
				0 	 0 	 1
				31.3842 	 9.8011 	 0
			}
		}
		{bone "node_ladder_top"
			{matrix34
				-1 	 0 	 0
				0 	 -1 	 0
				0 	 0 	 1
				26.4394 	 9.8011 	 73.7215
			}
		}
		{bone "attach3"
			{Position 13.9408 	 -7.9889 	 89.7324}
		}
		{bone "attach5"
			{Position 13.9164 	 24.9744 	 89.7324}
		}
		{bone "attach4"
			{matrix34
				0 	 1 	 0
				-1 	 0 	 0
				0 	 0 	 1
				-13.3598 	 25.1046 	 89.7324
			}
		}
		{bone "attach6"
			{matrix34
				0 	 1 	 0
				-1 	 0 	 0
				0 	 0 	 1
				1.4421 	 24.9744 	 89.7324
			}
		}
		{bone "attach7"
			{matrix34
				0 	 -1 	 0
				1 	 0 	 0
				0 	 0 	 1
				1.4056 	 -7.9889 	 89.7324
			}
		}
		{bone "attach_mgun"
			{matrix34
				-1 	 0 	 0
				0 	 -1 	 0
				0 	 0 	 1
				-0.3638 	 0.9659 	 89.3932
			}
		}
		{bone "attach_mgun_backward"
			{matrix34
				-1 	 0 	 0
				0 	 -1 	 0
				0 	 0 	 1
				9.6287 	 0.9659 	 89.3932
			}
		}
		{bone "attach_mgun_forward"
			{matrix34
				-1 	 0 	 0
				0 	 -1 	 0
				0 	 0 	 1
				-10.2985 	 0.9659 	 89.3932
			}
		}
		{bone "node01"
			{matrix34
				-1 	 0 	 0
				0 	 -1 	 0
				0 	 0 	 1
				22.9563 	 9.8011 	 89.2427
			}
		}
	}
}
{obstacle "obstacle01"
	{obb2
		{center 27.1663 -28.0486}
		{extent 11.1604 10.2212}
		{axis -1 0}
	}
	{rotate}
}
{obstacle "obstacle02"
	{obb2
		{center -26.3953 -28.0486}
		{extent 11.1604 10.2212}
		{axis -1 0}
	}
	{rotate}
}
{obstacle "obstacle03"
	{obb2
		{center -26.3953 28.2756}
		{extent 11.1604 10.2212}
		{axis -1 0}
	}
	{rotate}
}
{obstacle "obstacle04"
	{obb2
		{center 27.1663 28.2756}
		{extent 11.1604 10.2212}
		{axis -1 0}
	}
	{rotate}
}
{obstacle "obstacle05"
	{obb2
		{center 27.9475 -9.54192}
		{extent 7.29446 7.35926}
		{axis -1 0}
	}
	{rotate}
}
{volume "body01"
	{box 57.5321 46.0791 4.63695}
	{bone "watch_tower_02"}
	{matrix34
		0 	 1 	 0
		-1 	 0 	 0
		0 	 0 	 1
		0 	 8.784 	 87.1739
	}
}
{volume "body02"
	{box 1.58597 46.0791 23.8803}
	{bone "watch_tower_02"}
	{matrix34
		0 	 1 	 0
		-1 	 0 	 0
		0 	 0 	 1
		0.1874 	 36.7788 	 101.362
	}
}
{volume "body03"
	{box 1.58597 46.0791 23.8803}
	{bone "watch_tower_02"}
	{matrix34
		0 	 1 	 0
		-1 	 0 	 0
		0 	 0 	 1
		0 	 -19.3315 	 101.362
	}
}
{volume "body04"
	{box 1.58597 57.3679 23.8803}
	{bone "watch_tower_02"}
	{Position -22.4423 	 8.8927 	 101.362}
}
{volume "body05"
	{box 1.58597 21.8292 23.8803}
	{bone "watch_tower_02"}
	{matrix34
		-1 	 0 	 0
		0 	 -1 	 0
		0 	 0 	 1
		23.0845 	 -9.5494 	 101.362
	}
}
{volume "body06"
	{cylinder 2.72098 87.4168}
	{bone "watch_tower_02"}
	{matrix34
		0.6909 	 0.6887 	 0.2199
		-0.7069 	 0.7073 	 0.0056
		-0.1516 	 -0.1593 	 0.9755
		24.1817 	 23.9619 	 42.6383
	}
}
{volume "body07"
	{cylinder 2.72098 87.4168}
	{bone "watch_tower_02"}
	{matrix34
		-0.6887 	 0.6909 	 0.2199
		-0.7073 	 -0.7069 	 0.0056
		0.1593 	 -0.1516 	 0.9755
		-23.9619 	 23.6962 	 42.6383
	}
}
{volume "body08"
	{cylinder 2.72098 87.4168}
	{bone "watch_tower_02"}
	{matrix34
		-0.6909 	 -0.6887 	 0.2199
		0.7069 	 -0.7073 	 0.0056
		0.1516 	 0.1593 	 0.9755
		-24.1817 	 -23.9619 	 42.6383
	}
}
{volume "body09"
	{cylinder 2.72098 87.4168}
	{bone "watch_tower_02"}
	{matrix34
		0.6887 	 -0.6909 	 0.2199
		0.7073 	 0.7069 	 0.0056
		-0.1593 	 0.1516 	 0.9755
		24.4572 	 -23.9631 	 42.6383
	}
}
{volume "body10"
	{polyhedron}
	{bone "watch_tower_02"}
	{Position 0 	 0 	 132.853}
}
{volume "body11"
	{box 1.58597 1.92097 93.8237}
	{bone "watch_tower_02"}
	{matrix34
		-0.9986 	 -0.0011 	 -0.0534
		0.0001 	 -0.9998 	 0.0182
		-0.0534 	 0.0181 	 0.9984
		25.651 	 5.2802 	 43.6758
	}
}
{volume "body12"
	{box 1.58597 1.92097 93.8237}
	{bone "watch_tower_02"}
	{matrix34
		-0.9986 	 0.0008 	 -0.0534
		0.0001 	 -0.9999 	 -0.0167
		-0.0534 	 -0.0167 	 0.9984
		25.651 	 13.5226 	 43.677
	}
}
{volume "body13"
	{box 1.58597 44.0859 23.8803}
	{bone "watch_tower_02"}
	{matrix34
		0 	 -0.5 	 -0.866
		1 	 0 	 0
		0 	 -0.866 	 0.5
		0.4691 	 31.0608 	 128.766
	}
}
{volume "body14"
	{box 1.58597 21.8292 23.8803}
	{bone "watch_tower_02"}
	{matrix34
		-1 	 0 	 0
		0 	 -1 	 0
		0 	 0 	 1
		23.0845 	 26.491 	 101.362
	}
}
{volume "place1"
	{box 19.685 19.685 9.84252}
	{bone "watch_tower_02"}
	{Position -13.4026 	 7.2591 	 92.9486}
}
{volume "place2"
	{box 19.685 19.685 9.84252}
	{bone "watch_tower_02"}
	{Position -13.4026 	 -8.2353 	 92.9486}
}
{volume "place3"
	{box 19.685 19.685 9.84252}
	{bone "watch_tower_02"}
	{matrix34
		-1 	 0 	 0
		0 	 -1 	 0
		0 	 0 	 1
		13.9408 	 -7.9889 	 92.9486
	}
}
{volume "place4"
	{box 19.685 19.685 9.84252}
	{bone "watch_tower_02"}
	{matrix34
		0 	 -1 	 0
		1 	 0 	 0
		0 	 0 	 1
		-13.3598 	 25.1046 	 92.9486
	}
}
{volume "place5"
	{box 19.685 19.685 9.84252}
	{bone "watch_tower_02"}
	{matrix34
		-1 	 0 	 0
		0 	 -1 	 0
		0 	 0 	 1
		13.9164 	 24.9744 	 92.9486
	}
}
{volume "place6"
	{box 19.685 19.685 9.84252}
	{bone "watch_tower_02"}
	{matrix34
		0 	 -1 	 0
		1 	 0 	 0
		0 	 0 	 1
		1.4421 	 24.9744 	 92.9486
	}
}
{volume "place7"
	{box 19.685 19.685 9.84252}
	{bone "watch_tower_02"}
	{matrix34
		0 	 1 	 0
		-1 	 0 	 0
		0 	 0 	 1
		1.4056 	 -7.9889 	 92.9486
	}
}
