;Exported by	: KobaA
;Date			: 26.01.2024 11:04:01
;File			: d:\git\gem2-mdl-soldiers\models\building\building_ua01\building_ua05_v2_x.max
{skeleton
	{bone "b_ua_05_piece06_point"
		{orientation
			1 	 0 	 0
			0 	 -1 	 0
			0 	 0 	 1
		}
		{bone "piece01"
			{matrix34
				0.1736 	 0 	 -0.9848
				0 	 -1 	 0
				-0.9848 	 0 	 -0.1736
				-5.2305 	 -2.5816 	 27.174
			}
			{poly "piece01"}
		}
		{bone "piece02"
			{matrix34
				0.0872 	 0 	 0.9962
				0 	 -1 	 0
				0.9962 	 0 	 -0.0872
				35.0522 	 -2.5816 	 22.6398
			}
			{poly "piece02"}
		}
		{bone "b_ua_05_piece06"
			{Position -41.8288 	 -147.955 	 0.1358}
			{poly "b_ua_05_piece06"}
		}
		{bone "sub_piece04"
			{matrix34
				0 	 0.6293 	 0.7771
				1 	 0 	 0
				0 	 -0.7771 	 0.6293
				-20.9732 	 -4.3328 	 42.3272
			}
			{poly "sub_piece04"}
		}
		{bone "sub_piece01"
			{matrix34
				0.1737 	 -0.6198 	 -0.7653
				0.9848 	 0.1093 	 0.135
				0 	 -0.7771 	 0.6293
				11.5924 	 -9.3248 	 44.9197
			}
			{poly "sub_piece01"}
		}
		{bone revolute "attach1"
			{matrix34
				0 	 1 	 0
				-1 	 0 	 0
				0 	 0 	 1
				-31.575 	 -17.9014 	 -14.3521
			}
		}
		{bone "debris_land_001"
			{parameters "land;ground;"}
			{matrix34
				0 	 -1 	 0
				1 	 0 	 0
				0 	 0 	 1
				4.3445 	 10.1969 	 -18.0922
			}
			{poly "debris_land_001" {ground}}
		}
		{bone "fort_wall"
			{Position 12.3526 	 6.2465 	 -11.2025}
		}
		{bone "stones_001"
			{parameters "land;ground;"}
			{matrix34
				0 	 -1 	 0
				1 	 0 	 0
				0 	 0 	 1
				4.3445 	 10.1835 	 -17.108
			}
			{poly "stones_001" {ground}}
		}
		{bone "piece03"
			{matrix34
				0.1736 	 0 	 -0.9848
				0 	 -1 	 0
				-0.9848 	 0 	 -0.1736
				5.4529 	 -2.5816 	 13.9442
			}
			{poly "piece03"}
		}
		{bone "sub_piece02"
			{matrix34
				0.1736 	 0 	 -0.9848
				0 	 -1 	 0
				-0.9848 	 0 	 -0.1736
				22.6944 	 -2.5816 	 12.4303
			}
			{poly "sub_piece02"}
		}
		{bone "sub_piece03"
			{matrix34
				0.1736 	 0 	 -0.9848
				0 	 -1 	 0
				-0.9848 	 0 	 -0.1736
				18.741 	 -2.6043 	 26.694
			}
			{poly "sub_piece03"}
		}
	}
}
{"volumes"
	{"piece01"
		{box 8.81752 5.90551 15.6236}
		{bone "piece01"}
		{Position -0.0504 	 0 	 -0.5338}
	}
	{"piece02"
		{box 7.31854 5.90551 11.2818}
		{bone "piece02"}
		{Position 0.0821 	 0 	 0.3787}
	}
	{"piece03"
		{box 8.81752 5.90551 15.6236}
		{bone "piece03"}
		{Position -0.4858 	 0 	 -0.5338}
	}
	{"sub_piece01"
		{box 9.18532 1.7126 25.3977}
		{bone "sub_piece01"}
		{matrix34
			-0.1737 	 -0.9848 	 0
			0.9847 	 -0.1736 	 0.0175
			-0.0172 	 0.003 	 0.9998
			1.9066 	 1.7913 	 -4.3817
		}
	}
	{"sub_piece02"
		{box 6.26044 5.90551 9.99911}
		{bone "sub_piece02"}
		{Position 0.2258 	 0 	 -1.2355}
	}
	{"sub_piece03"
		{box 10.2045 5.90551 8.59923}
		{bone "sub_piece03"}
		{matrix34
			0 	 0 	 1
			0 	 1 	 0
			-1 	 0 	 0
			-0.2748 	 -0.0227 	 0.4844
		}
	}
	{"sub_piece04"
		{box 3.67413 1.7126 25.3977}
		{bone "sub_piece04"}
		{matrix34
			0 	 1 	 0
			0.9998 	 0 	 -0.0175
			-0.0175 	 0 	 -0.9998
			-0.0516 	 0.0043 	 2.9381
		}
	}
	{"target_vol_001"
		{box 9.84252 9.84252 15.6501}
		{bone "b_ua_05_piece06_point"}
		{matrix34
			0 	 1 	 0
			-1 	 0 	 0
			0 	 0 	 1
			-31.575 	 -17.9014 	 7.2803
		}
	}
	{"vol_01"
		{box 27.5976 6.1453 29.6936}
		{bone "b_ua_05_piece06"}
		{matrix34
			-1 	 0 	 0
			0 	 -1 	 0
			0 	 0 	 1
			76.8345 	 145.441 	 -9.2867
		}
	}
	{"vol_02"
		{box 10.1338 6.1453 5.1548}
		{bone "b_ua_05_piece06"}
		{matrix34
			-1 	 0 	 0
			0 	 -1 	 0
			0 	 0 	 1
			84.0142 	 145.441 	 8.03
		}
	}
	{"vol_03"
		{polyhedron}
		{bone "b_ua_05_piece06"}
		{matrix34
			-1 	 0 	 0
			0 	 -1 	 0
			0 	 0 	 1
			31.9314 	 145.441 	 -24.1335
		}
	}
	{"vol_04"
		{box 14.0831 6.1453 7.6831}
		{bone "b_ua_05_piece06"}
		{matrix34
			-1 	 0 	 0
			0 	 -1 	 0
			0 	 0 	 1
			27.4001 	 145.441 	 6.0852
		}
	}
}
