;Exported by: sana
;Date:        Tue Feb 28 19:46:17 2006
;File:        D:\-Project-\-3DWork-\Entourage\e-house3a\e_farm112a_new_x.max
{Skeleton
	{bone "e_farm_c7"
		{Orientation
			1	0	0
			0	-1	0
			0	0	1
		}
		{bone "exterior"
			{Position 2.44098	-0.984253	94.0551}
		}
		{bone "piece1"
			{Position 26.8715	17.4413	94.203}
			{poly "piece1"}
		}
		{bone "piece2"
			{Position -2.59003	-29.9854	109.794}
			{poly "piece2"}
		}
		{bone "piece3"
			{Position -2.59003	17.4413	109.44}
			{poly "piece3"}
		}
		{bone "piece4"
			{Position -31.096	-29.9854	94.0001}
			{poly "piece4"}
		}
		{bone "piece5"
			{Position -30.8488	17.4413	94.0149}
			{poly "piece5"}
		}
		{bone "piece0"
			{Position 30.32	-29.9854	89.5963}
			{poly "piece0"}
		}
		{bone "piece6"
			{Position -38.7109	10.4706	82.8165}
			{poly "piece6"}
		}
		{bone "piece7"
			{Position -33.5811	32.1369	82.5222}
			{poly "piece7"}
			{bone "sub_piece7"
				{Position 9.08459	0	-6.09677}
				{poly "sub_piece7"}
			}
		}
		{bone "piece8"
			{Position 13.6586	32.1369	98.6726}
			{poly "piece8"}
			{bone "sub_piece8"
				{Position -0.242249	0	-8.84233}
				{poly "sub_piece8"}
			}
		}
		{bone "piece9"
			{Position 18.0596	32.1369	76.0217}
			{poly "piece9"}
			{bone "sub_piece9"
				{Position -12.4761	0	-4.11833}
				{poly "sub_piece9"}
			}
		}
		{bone "piece10"
			{Position -16.2195	32.2035	100.207}
			{poly "piece10"}
		}
		{bone "piece11"
			{Position 11.3465	17.7132	107.102}
			{poly "piece11"}
		}
		{bone "piece12"
			{Position 11.3465	-31.4608	107.102}
			{poly "piece12"}
		}
		{bone "piece13"
			{Position -16.6974	-30.4997	107.102}
			{poly "piece13"}
		}
		{bone "piece14"
			{Position -16.6974	18.0335	107.102}
			{poly "piece14"}
		}
	}
}
{Volume "piece0"
	{Box 4.05168 46.1625 44.9778}
	{Bone "piece0"}
	{Matrix34
		0.742536	0	0.669806
		0	1	0
		-0.669806	0	0.742536
		-3.21109	2.66251	3.84891
	}
}
{Volume "piece10"
	{Box 16.1399 7.75 13.5219}
	{Bone "piece10"}
	{Matrix34
		0.691286	0	0.722581
		0	1	0
		-0.722581	0	0.691286
		0.388653	0	-0.358
	}
}
{Volume "piece11"
	{Box 3.40955 49.1739 2.95277}
	{Bone "piece11"}
	{Position 0	0	0}
}
{Volume "piece12"
	{Box 3.40955 49.174 2.95277}
	{Bone "piece12"}
	{Position 0	0	0}
}
{Volume "piece13"
	{Box 3.40958 48.5332 2.95277}
	{Bone "piece13"}
	{Position 0	0	0}
}
{Volume "piece14"
	{Box 3.40958 48.5332 2.95276}
	{Bone "piece14"}
	{Position 0	0	0}
}
{Volume "piece1"
	{Box 4.12198 45.2164 32.8218}
	{Bone "piece1"}
	{Matrix34
		0.736925	0	0.675975
		0	1	0
		-0.675975	0	0.736925
		-4.06973	0	3.60902
	}
}
{Volume "piece2"
	{Box 30.0773 49.6371 3.25919}
	{Bone "piece2"}
	{Position 0	0	0.820093}
}
{Volume "piece3"
	{Box 30.0773 45.2164 3.50281}
	{Bone "piece3"}
	{Position 0	0	0.955309}
}
{Volume "piece4"
	{Box 4.32073 40.7024 32.11}
	{Bone "piece4"}
	{Matrix34
		0.734058	0	-0.679087
		0	1	0
		0.679087	0	0.734058
		2.42618	5.13058	4.22997
	}
}
{Volume "piece5"
	{Box 4.46649 45.2164 33.198}
	{Bone "piece5"}
	{Matrix34
		0.734535	0	-0.678571
		0	1	0
		0.678571	0	0.734535
		1.67721	0	3.85035
	}
}
{Volume "piece6"
	{Box 3.40955 63.6589 2.95277}
	{Bone "piece6"}
	{Position 0	6.10352e-005	0}
}
{Volume "piece7"
	{Box 12.3793 7.75 18.6012}
	{Bone "piece7"}
	{Matrix34
		0.71969	0	-0.694296
		0	1	0
		0.694296	0	0.71969
		1.06655	0	-0.12353
	}
}
{Volume "piece8"
	{Box 12.3941 7.75 17.4311}
	{Bone "piece8"}
	{Matrix34
		0.750058	0	0.661372
		0	1	0
		-0.661372	0	0.750058
		-0.611404	0	0.542098
	}
}
{Volume "piece9"
	{Box 13.0673 7.75 16.2635}
	{Bone "piece9"}
	{Matrix34
		0.95523	0	-0.295863
		0	1	0
		0.295863	0	0.95523
		-0.46603	0	0.498532
	}
}
{Volume "sub_piece7"
	{Box 15.7499 7.75 11.2342}
	{Bone "sub_piece7"}
	{Matrix34
		0.562791	0	0.826599
		0	1	0
		-0.826599	0	0.562791
		0.213565	0	-0.836812
	}
}
{Volume "sub_piece8"
	{Box 13.9701 7.75 8.10104}
	{Bone "sub_piece8"}
	{Matrix34
		0.89969	0	-0.43653
		0	1	0
		0.43653	0	0.89969
		-1.70095	0	-0.746069
	}
}
{Volume "sub_piece9"
	{Box 9.22994 7.75 9.35172}
	{Bone "sub_piece9"}
	{Matrix34
		0.939686	0	0.342039
		0	1	0
		-0.342039	0	0.939686
		1.12757	0	-0.873308
	}
}
