;Exported by	: KobaA
;Date			: 12.03.2024 14:51:35
;File			: d:\git\gem2-mdl-soldiers\models\entourage\railway\trainstation\station004_x.max
{skeleton
	{bone "station004_piece_009_x"
		{orientation
			1 	 0 	 0
			0 	 -1 	 0
			0 	 0 	 1
		}
		{bone "piece01"
			{matrix34
				-1 	 0.0017 	 0
				-0.0017 	 -0.972 	 0.2351
				0.0004 	 0.2351 	 0.972
				16.1573 	 9.3495 	 19.3555
			}
			{poly "piece01"}
		}
		{bone "sub_piece02"
			{matrix34
				-1 	 0.0017 	 0
				-0.0017 	 -0.972 	 0.2351
				0.0004 	 0.2351 	 0.972
				-46.1124 	 13.9241 	 17.9533
			}
			{poly "sub_piece02"}
		}
		{bone "sub_piece01"
			{matrix34
				1 	 -0.0017 	 0
				0.0017 	 0.972 	 0.2351
				-0.0004 	 -0.2351 	 0.972
				53.6381 	 -17.6514 	 18.1514
			}
			{poly "sub_piece01"}
		}
		{bone "piece02"
			{matrix34
				1 	 -0.0017 	 0
				0.0017 	 0.972 	 0.2351
				-0.0004 	 -0.2351 	 0.972
				-10.9185 	 -17.5389 	 18.1514
			}
			{poly "piece02"}
		}
	}
}
{"volumes"
	{"piece03_vol002"
		{box 19.8865 27.5481 0.914963}
		{bone "piece02"}
		{matrix34
			-1 	 -0.0017 	 0
			0.0017 	 -1 	 -0.007
			0 	 -0.007 	 1
			-0.0226 	 1.2808 	 0.0056
		}
	}
	{"piece04_vol001"
		{box 19.8865 27.5481 0.914963}
		{bone "piece01"}
		{matrix34
			-1 	 -0.0017 	 0
			0.0017 	 -1 	 -0.007
			0 	 -0.007 	 1
			-0.0226 	 1.2808 	 0.0056
		}
	}
	{"sub_piece01"
		{box 19.8865 27.5481 0.914963}
		{bone "sub_piece01"}
		{matrix34
			-1 	 -0.0017 	 0
			0.0017 	 -1 	 -0.007
			0 	 -0.007 	 1
			-0.0226 	 1.2808 	 0.0056
		}
	}
	{"sub_piece02"
		{box 19.8865 27.5481 0.914963}
		{bone "sub_piece02"}
		{matrix34
			-1 	 -0.0017 	 0
			0.0017 	 -1 	 -0.007
			0 	 -0.007 	 1
			-0.0226 	 1.2808 	 0.0056
		}
	}
}
