;Exported by:	 Glit
;Date:			 17.12.2015 13:05:33
;File:			 C:\Users\Glit\Desktop\horse (2)_double1_1.max
{skeleton
	{animation
		{sequence "eat" {speed 0.6}}
		{sequence "death" {speed 0.6}}
		{sequence "passive" {speed 0.6}}
		{sequence "passive1" {speed 0.6}}
		{sequence "passive2" {speed 0.6}}
		{sequence "walk" {speed 0.6}}
		{sequence "run" {speed 0.6}}
		{sequence "run1" {speed 0.6}}
		{sequence "gallop" {speed 0.6}}
		{sequence "run_left" {speed 0.6}}
		{sequence "run_right" {speed 0.6}}
		{sequence "run1_left" {speed 0.6}}
		{sequence "run1_right" {speed 0.6}}
		{sequence "walk_left" {speed 0.6}}
		{sequence "walk_right" {speed 0.6}}
		{sequence "demage_left" {speed 0.6}}
		{sequence "demage_right" {speed 0.6}}
		{sequence "demage_front" {speed 0.6}}
		{sequence "demage_back" {speed 0.6}}
	}
	{bone "basis"
		{orientation
			1 	 0 	 0
			0 	 -1 	 0
			0 	 0 	 1
		}
		{bone "link2"
			{matrix34
				-1 	 0 	 0
				0 	 0 	 1
				0 	 1 	 0
				-36.6676 	 -0.12 	 19.491
			}
		}
		{bone "visor1"
			{Position 19.1431 	 10.0015 	 34.9929}
		}
		{bone "visor2"
			{Position 19.1431 	 10.0015 	 34.9929}
		}
		{bone "bind_pelvis01"
			{matrix34
				0.0069 	 1 	 -0.0001
				-0.0007 	 0.0001 	 1
				1 	 -0.0069 	 0.0007
				-14.1347 	 11.6419 	 29.1707
			}
			{bone "bind_l_femur01"
				{matrix34
					0.0002 	 -0.9785 	 0.2065
					0.0002 	 0.2065 	 0.9785
					-1 	 -0.0001 	 0.0002
					3.9739 	 0 	 0
				}
				{bone "bind_l_tibia01"
					{matrix34
						0.5738 	 -0.819 	 -0.0002
						-0.8178 	 -0.573 	 -0.0542
						0.0443 	 0.0312 	 -0.9985
						9.1979 	 0.2318 	 0
					}
					{bone "bind_l_metatarsus01"
						{matrix34
							0.8317 	 -0.5544 	 0.0301
							0.5551 	 0.8315 	 -0.0232
							-0.0121 	 0.036 	 0.9993
							9.8417 	 -0.4577 	 0.0248
						}
						{bone "bind_l_toe01"
							{matrix34
								0.6571 	 -0.7537 	 0.0162
								-0.7538 	 -0.6569 	 0.0142
								0 	 -0.0215 	 -0.9998
								8.5518 	 -0.4613 	 0.0101
							}
							{bone "joint2"
								{matrix34
									0 	 0 	 -1
									-0.7708 	 0.637 	 0
									0.637 	 0.7708 	 0
									5.279 	 0.0845 	 -0.0694
								}
							}
						}
					}
				}
			}
			{bone "bind_r_femur01"
				{matrix34
					-0.0046 	 0.9264 	 -0.3764
					-0.0218 	 -0.3764 	 -0.9262
					-0.9998 	 0.0039 	 0.0219
					-3.974 	 0 	 0
				}
				{bone "bind_r_tibia01"
					{matrix34
						0.5195 	 -0.8545 	 0.0023
						0.8534 	 0.5187 	 -0.0523
						0.0435 	 0.0292 	 0.9986
						-9.1977 	 -0.2352 	 0.0446
					}
					{bone "bind_r_metatarsus01"
						{matrix34
							0.7624 	 0.6448 	 0.0544
							-0.6459 	 0.7634 	 0.0043
							-0.0388 	 -0.0384 	 0.9985
							-9.8476 	 -0.1308 	 -0.2771
						}
						{bone "bind_r_toe01"
							{matrix34
								0.8044 	 0.5941 	 0.0012
								-0.5941 	 0.8042 	 0.0177
								0.0096 	 -0.015 	 0.9998
								-8.564 	 -0.0228 	 0.0622
							}
							{bone "joint3"
								{matrix34
									0 	 0 	 -1
									0.7648 	 -0.6443 	 0
									-0.6443 	 -0.7648 	 0
									-5.2795 	 -0.0343 	 0.0689
								}
							}
						}
					}
				}
			}
			{bone "bind_tail_mainnoskin1"
				{matrix34
					1 	 0 	 0
					0 	 1 	 0
					0 	 0 	 1
					0.0008 	 0.9596 	 -4.1748
				}
				{bone "bind_tail_01"
					{matrix34
						0.0048 	 -0.9528 	 -0.3035
						0.0015 	 0.3035 	 -0.9528
						1 	 0.0041 	 0.0029
						0 	 -0.1155 	 -1.2535
					}
					{bone "bind_tail_02"
						{matrix34
							0.9748 	 -0.2229 	 0.0049
							0.2229 	 0.9748 	 0.0012
							-0.005 	 0 	 1
							3.2909 	 0 	 0
						}
						{bone "bind_tail_03"
							{matrix34
								0.9999 	 -0.0135 	 0.0043
								0.0135 	 0.9999 	 0.0019
								-0.0043 	 -0.0019 	 1
								4.3479 	 0 	 0
							}
							{bone "bind_tail_04"
								{matrix34
									-0.0042 	 -0.001 	 1
									-0.252 	 0.9677 	 -0.0001
									-0.9677 	 -0.252 	 -0.0043
									4.4709 	 0 	 0
								}
							}
						}
					}
				}
			}
			{bone "vertebrae_bind_a01"
				{matrix34
					0.994 	 0 	 0.1091
					0 	 1 	 0.0007
					-0.1091 	 -0.0007 	 0.994
					-0.0014 	 -0.0002 	 2.6372
				}
				{bone "vertebrae_bind_b01"
					{matrix34
						0.994 	 0 	 -0.1089
						0 	 1 	 -0.0003
						0.1089 	 0.0003 	 0.994
						0.5735 	 0.0056 	 5.2394
					}
					{bone "vertebrae_bind_c01"
						{matrix34
							1 	 0 	 0
							0 	 1 	 0
							0 	 0 	 1
							-0.0012 	 -0.0225 	 5.2708
						}
						{bone "vertebrae_bind_d01"
							{Position -0.0008 	 -0.069 	 5.2707}
							{bone "vertebrae_bind_e01"
								{matrix34
									1 	 0 	 0
									0 	 1 	 0
									0 	 0 	 1
									-0.0002 	 -0.07 	 5.2706
								}
								{bone "bind_thorax01"
									{matrix34
										1 	 0 	 0.0005
										0 	 1 	 0.0098
										-0.0005 	 -0.0098 	 1
										0 	 -0.0259 	 2.6346
									}
									{bone "bind_l_humerus01"
										{matrix34
											0 	 -0.8008 	 -0.5989
											-0.015 	 0.5988 	 -0.8007
											0.9999 	 0.009 	 -0.012
											4.0463 	 -4.0677 	 1.1366
										}
										{bone "bind_l_raduis01"
											{matrix34
												0.6656 	 -0.7462 	 -0.011
												-0.7463 	 -0.6656 	 -0.0093
												-0.0003 	 0.0144 	 -0.9999
												8.1484 	 0.1318 	 0.0019
											}
											{bone "bind_l_finger01"
												{matrix34
													0.9991 	 0.0421 	 0
													-0.0421 	 0.9991 	 0
													0 	 0 	 1
													7.3295 	 0.2158 	 0
												}
												{bone "bind_l_finger01a"
													{matrix34
														0.8404 	 0.5419 	 0.0002
														-0.5419 	 0.8404 	 0.0002
														0 	 -0.0003 	 1
														8.1942 	 -0.059 	 0
													}
													{bone "joint1"
														{matrix34
															0.0057 	 0.0074 	 -1
															-0.6929 	 0.721 	 0.0014
															0.721 	 0.6929 	 0.0092
															4.4005 	 -0.2928 	 0.0262
														}
													}
												}
											}
										}
									}
									{bone "bind_r_humerus01"
										{matrix34
											-0.0152 	 0.8519 	 0.5235
											0.0012 	 0.5235 	 -0.852
											-0.9999 	 -0.0123 	 -0.009
											-4.0454 	 -4.0682 	 1.1078
										}
										{bone "bind_r_raduis01"
											{matrix34
												0.8959 	 0.4438 	 -0.0191
												-0.4442 	 0.8955 	 -0.0269
												0.0052 	 0.0326 	 0.9995
												-8.0075 	 1.5144 	 0
											}
											{bone "bind_r_finger01"
												{matrix34
													0.5194 	 0.8545 	 0.0005
													-0.8545 	 0.5194 	 -0.0007
													-0.0009 	 0 	 1
													-7.3217 	 -0.4012 	 0
												}
												{bone "bind_r_finger01a"
													{matrix34
														0.9842 	 0.1738 	 0.0346
														-0.1742 	 0.9847 	 0.008
														-0.0327 	 -0.0139 	 0.9994
														-4.6017 	 6.7134 	 0.0074
													}
													{bone "joint4"
														{matrix34
															0.002 	 -0.0057 	 -1
															0.4502 	 -0.8929 	 0.006
															-0.8929 	 -0.4502 	 0.0008
															-4.1451 	 1.562 	 -0.1111
														}
													}
												}
											}
										}
									}
									{bone "neck_bind_a01"
										{matrix34
											-0.8721 	 0.0155 	 0.4891
											0.2696 	 0.8494 	 0.4536
											-0.4085 	 0.5274 	 -0.745
											0.0402 	 -0.3416 	 2.6981
										}
										{bone "neck_bind_b01"
											{matrix34
												-0.8733 	 0.2684 	 -0.4066
												0.3512 	 0.9252 	 -0.1435
												0.3377 	 -0.2681 	 -0.9023
												-0.187 	 2.1601 	 1.9229
											}
											{bone "neck_bind_c01"
												{matrix34
													1 	 0.0017 	 0.002
													0 	 0.7294 	 -0.6841
													-0.0026 	 0.6841 	 0.7294
													-0.0058 	 2.2941 	 0.8998
												}
												{bone "neck_bind_d01"
													{matrix34
														1 	 0 	 0
														0 	 1 	 0.001
														0 	 -0.001 	 1
														0 	 0.5333 	 2.632
													}
													{bone "neck_bind_e01"
														{matrix34
															0.9999 	 -0.003 	 -0.0097
															0.0028 	 0.9999 	 -0.0163
															0.0097 	 0.0163 	 0.9998
															0 	 0.6931 	 2.9155
														}
														{bone "bind_head01"
															{matrix34
																0.9999 	 0.0029 	 0.0097
																-0.0029 	 1 	 -0.0007
																-0.0097 	 0.0007 	 1
																-0.0146 	 0.4429 	 1.449
															}
															{bone "be_head01"
																{matrix34
																	1 	 -0.0002 	 0.0008
																	0.0004 	 0.9872 	 -0.1598
																	-0.0007 	 0.1598 	 0.9872
																	0 	 -4.9729 	 0.8367
																}
																{bone "copy_bind_bridle02"
																	{matrix34
																		1 	 0.0006 	 -0.0006
																		-0.0006 	 1 	 0.0003
																		0.0006 	 -0.0003 	 1
																		0.0033 	 -3.0393 	 1.8671
																	}
																}
															}
														}
														{bone "copy_bind_reins05"
															{matrix34
																0.9999 	 0.0028 	 0.0097
																-0.0051 	 0.9709 	 0.2394
																-0.0087 	 -0.2394 	 0.9709
																0.0334 	 -8.7221 	 -0.8664
															}
														}
													}
													{bone "copy_bind_reins06"
														{matrix34
															1 	 0 	 0
															0 	 0.9999 	 -0.0119
															0 	 0.0119 	 0.9999
															0.0006 	 -8.6632 	 0.6547
														}
													}
												}
												{bone "copy_bind_reins07"
													{matrix34
														1 	 0 	 0
														0 	 0.9943 	 0.1067
														0 	 -0.1067 	 0.9943
														0.0004 	 -6.387 	 0.876
													}
												}
											}
										}
									}
									{bone "bind_reins01"
										{matrix34
											1 	 0 	 0
											0 	 1 	 -0.004
											0 	 0.004 	 1
											0.0004 	 6.8303 	 -4.1686
										}
									}
								}
							}
						}
					}
				}
			}
		}
		{bone "horse_body"
			{Position 0.0197 	 6.8082 	 14.1487}
			{VolumeView "horse_body.ply"}
		}
		{bone "horse_bridle"
			{Position 18.8991 	 11.4198 	 28.9263}
			{VolumeView "horse_bridle.ply"}
		}
		{bone "horse_mane"
			{Position 19.33 	 11.4843 	 32.4561}
			{VolumeView "horse_mane.ply"}
		}
		{bone "bind_pelvis002"
			{matrix34
				0.0069 	 1 	 -0.0001
				-0.0007 	 0.0001 	 1
				1 	 -0.0069 	 0.0007
				-14.1347 	 -12.7265 	 29.1707
			}
			{bone "bind_l_femur002"
				{matrix34
					0.0002 	 -0.9785 	 0.2065
					0.0002 	 0.2065 	 0.9785
					-1 	 -0.0001 	 0.0002
					3.9739 	 0 	 0
				}
				{bone "bind_l_tibia002"
					{matrix34
						0.5738 	 -0.819 	 -0.0002
						-0.8178 	 -0.573 	 -0.0542
						0.0443 	 0.0312 	 -0.9985
						9.1978 	 0.2318 	 0
					}
					{bone "bind_l_metatarsus002"
						{matrix34
							0.8317 	 -0.5544 	 0.0301
							0.5551 	 0.8315 	 -0.0232
							-0.0121 	 0.036 	 0.9993
							9.8417 	 -0.4577 	 0.0248
						}
						{bone "bind_l_toe002"
							{matrix34
								0.6571 	 -0.7537 	 0.0162
								-0.7538 	 -0.6569 	 0.0142
								0 	 -0.0215 	 -0.9998
								8.5518 	 -0.4613 	 0.0101
							}
							{bone "joint005"
								{matrix34
									0 	 0 	 -1
									-0.7708 	 0.637 	 0
									0.637 	 0.7708 	 0
									5.279 	 0.0845 	 -0.0694
								}
							}
						}
					}
				}
			}
			{bone "bind_r_femur002"
				{matrix34
					-0.0046 	 0.9264 	 -0.3764
					-0.0218 	 -0.3764 	 -0.9262
					-0.9998 	 0.0039 	 0.0219
					-3.974 	 0 	 0
				}
				{bone "bind_r_tibia002"
					{matrix34
						0.5195 	 -0.8545 	 0.0023
						0.8534 	 0.5187 	 -0.0523
						0.0435 	 0.0292 	 0.9986
						-9.1977 	 -0.2352 	 0.0446
					}
					{bone "bind_r_metatarsus002"
						{matrix34
							0.7624 	 0.6448 	 0.0544
							-0.6459 	 0.7634 	 0.0043
							-0.0388 	 -0.0384 	 0.9985
							-9.8476 	 -0.1308 	 -0.2771
						}
						{bone "bind_r_toe002"
							{matrix34
								0.8044 	 0.5941 	 0.0012
								-0.5941 	 0.8042 	 0.0177
								0.0096 	 -0.015 	 0.9998
								-8.564 	 -0.0228 	 0.0622
							}
							{bone "joint006"
								{matrix34
									0 	 0 	 -1
									0.7648 	 -0.6443 	 0
									-0.6443 	 -0.7648 	 0
									-5.2795 	 -0.0343 	 0.0689
								}
							}
						}
					}
				}
			}
			{bone "bind_tail_mainnoskin002"
				{matrix34
					1 	 0 	 0
					0 	 1 	 0
					0 	 0 	 1
					0.0008 	 0.9596 	 -4.1748
				}
				{bone "bind_tail_005"
					{matrix34
						0.0048 	 -0.9528 	 -0.3035
						0.0015 	 0.3035 	 -0.9528
						1 	 0.0041 	 0.0029
						0 	 -0.1155 	 -1.2535
					}
					{bone "bind_tail_006"
						{matrix34
							0.9748 	 -0.2229 	 0.0049
							0.2229 	 0.9748 	 0.0012
							-0.005 	 0 	 1
							3.2909 	 0 	 0
						}
						{bone "bind_tail_007"
							{matrix34
								0.9999 	 -0.0135 	 0.0043
								0.0135 	 0.9999 	 0.0019
								-0.0043 	 -0.0019 	 1
								4.3479 	 0 	 0
							}
							{bone "bind_tail_008"
								{matrix34
									-0.0042 	 -0.001 	 1
									-0.252 	 0.9677 	 -0.0001
									-0.9677 	 -0.252 	 -0.0043
									4.4709 	 0 	 0
								}
							}
						}
					}
				}
			}
			{bone "vertebrae_bind_a002"
				{matrix34
					0.994 	 0 	 0.1091
					0 	 1 	 0.0007
					-0.1091 	 -0.0007 	 0.994
					-0.0014 	 -0.0002 	 2.6372
				}
				{bone "vertebrae_bind_b002"
					{matrix34
						0.994 	 0 	 -0.1089
						0 	 1 	 -0.0003
						0.1089 	 0.0003 	 0.994
						0.5735 	 0.0056 	 5.2394
					}
					{bone "vertebrae_bind_c002"
						{matrix34
							1 	 0 	 0
							0 	 1 	 0
							0 	 0 	 1
							-0.0012 	 -0.0225 	 5.2708
						}
						{bone "vertebrae_bind_d002"
							{Position -0.0008 	 -0.069 	 5.2707}
							{bone "vertebrae_bind_e002"
								{matrix34
									1 	 0 	 0
									0 	 1 	 0
									0 	 0 	 1
									-0.0002 	 -0.07 	 5.2706
								}
								{bone "bind_thorax002"
									{matrix34
										1 	 0 	 0.0005
										0 	 1 	 0.0098
										-0.0005 	 -0.0098 	 1
										0 	 -0.0259 	 2.6346
									}
									{bone "bind_l_humerus002"
										{matrix34
											0 	 -0.8008 	 -0.5989
											-0.015 	 0.5988 	 -0.8007
											0.9999 	 0.009 	 -0.012
											4.0463 	 -4.0677 	 1.1366
										}
										{bone "bind_l_raduis002"
											{matrix34
												0.6656 	 -0.7462 	 -0.011
												-0.7463 	 -0.6656 	 -0.0093
												-0.0003 	 0.0144 	 -0.9999
												8.1484 	 0.1318 	 0.0019
											}
											{bone "bind_l_finger002"
												{matrix34
													0.9991 	 0.0421 	 0
													-0.0421 	 0.9991 	 0
													0 	 0 	 1
													7.3295 	 0.2158 	 0
												}
												{bone "bind_l_finger01a001"
													{matrix34
														0.8404 	 0.5419 	 0.0002
														-0.5419 	 0.8404 	 0.0002
														0 	 -0.0003 	 1
														8.1942 	 -0.059 	 0
													}
													{bone "joint007"
														{matrix34
															0.0057 	 0.0074 	 -1
															-0.6929 	 0.721 	 0.0014
															0.721 	 0.6929 	 0.0092
															4.4005 	 -0.2928 	 0.0262
														}
													}
												}
											}
										}
									}
									{bone "bind_r_humerus002"
										{matrix34
											-0.0152 	 0.8519 	 0.5235
											0.0012 	 0.5235 	 -0.852
											-0.9999 	 -0.0123 	 -0.009
											-4.0454 	 -4.0682 	 1.1078
										}
										{bone "bind_r_raduis002"
											{matrix34
												0.8959 	 0.4438 	 -0.0191
												-0.4442 	 0.8955 	 -0.0269
												0.0052 	 0.0326 	 0.9995
												-8.0075 	 1.5144 	 0
											}
											{bone "bind_r_finger002"
												{matrix34
													0.5194 	 0.8545 	 0.0005
													-0.8545 	 0.5194 	 -0.0007
													-0.0009 	 0 	 1
													-7.3217 	 -0.4012 	 0
												}
												{bone "bind_r_finger01a001"
													{matrix34
														0.9842 	 0.1738 	 0.0346
														-0.1742 	 0.9847 	 0.008
														-0.0327 	 -0.0139 	 0.9994
														-4.6017 	 6.7134 	 0.0074
													}
													{bone "joint008"
														{matrix34
															0.002 	 -0.0057 	 -1
															0.4502 	 -0.8929 	 0.006
															-0.8929 	 -0.4502 	 0.0008
															-4.1451 	 1.562 	 -0.1111
														}
													}
												}
											}
										}
									}
									{bone "neck_bind_a002"
										{matrix34
											-0.8721 	 0.0155 	 0.4891
											0.2696 	 0.8494 	 0.4536
											-0.4085 	 0.5274 	 -0.745
											0.0402 	 -0.3416 	 2.6981
										}
										{bone "neck_bind_b002"
											{matrix34
												-0.8733 	 0.2684 	 -0.4066
												0.3512 	 0.9252 	 -0.1435
												0.3377 	 -0.2681 	 -0.9023
												-0.187 	 2.1601 	 1.9229
											}
											{bone "neck_bind_c002"
												{matrix34
													1 	 0.0017 	 0.002
													0 	 0.7294 	 -0.6841
													-0.0026 	 0.6841 	 0.7294
													-0.0058 	 2.2941 	 0.8998
												}
												{bone "neck_bind_d002"
													{matrix34
														1 	 0 	 0
														0 	 1 	 0.001
														0 	 -0.001 	 1
														0 	 0.5333 	 2.632
													}
													{bone "neck_bind_e002"
														{matrix34
															0.9999 	 -0.003 	 -0.0097
															0.0028 	 0.9999 	 -0.0163
															0.0097 	 0.0163 	 0.9998
															0 	 0.6931 	 2.9155
														}
														{bone "bind_head002"
															{matrix34
																0.9999 	 0.0029 	 0.0097
																-0.0029 	 1 	 -0.0007
																-0.0097 	 0.0007 	 1
																-0.0146 	 0.4429 	 1.449
															}
															{bone "be_head002"
																{matrix34
																	1 	 -0.0002 	 0.0008
																	0.0004 	 0.9872 	 -0.1598
																	-0.0007 	 0.1598 	 0.9872
																	0 	 -4.9729 	 0.8367
																}
																{bone "copy_bind_bridle003"
																	{matrix34
																		1 	 0.0006 	 -0.0006
																		-0.0006 	 1 	 0.0003
																		0.0006 	 -0.0003 	 1
																		0.0033 	 -3.0393 	 1.8671
																	}
																}
															}
														}
														{bone "copy_bind_reins008"
															{matrix34
																0.9999 	 0.0028 	 0.0097
																-0.0051 	 0.9709 	 0.2394
																-0.0087 	 -0.2394 	 0.9709
																0.0334 	 -8.7221 	 -0.8664
															}
														}
													}
													{bone "copy_bind_reins009"
														{matrix34
															1 	 0 	 0
															0 	 0.9999 	 -0.0119
															0 	 0.0119 	 0.9999
															0.0006 	 -8.6632 	 0.6547
														}
													}
												}
												{bone "copy_bind_reins010"
													{matrix34
														1 	 0 	 0
														0 	 0.9943 	 0.1067
														0 	 -0.1067 	 0.9943
														0.0004 	 -6.387 	 0.876
													}
												}
											}
										}
									}
									{bone "bind_reins002"
										{matrix34
											1 	 0 	 0
											0 	 1 	 -0.004
											0 	 0.004 	 1
											0.0004 	 6.8303 	 -4.1686
										}
									}
								}
							}
						}
					}
				}
			}
		}
		{bone "horse_body001"
			{Position 0.0197 	 -17.5602 	 14.1487}
			{VolumeView "horse_body001.ply"}
		}
		{bone "horse_bridle001"
			{Position 18.8991 	 -12.9486 	 28.9263}
			{VolumeView "horse_bridle001.ply"}
		}
		{bone "horse_mane001"
			{Position 19.33 	 -12.8841 	 32.4561}
			{VolumeView "horse_mane001.ply"}
		}
		{bone "object001"
			{Position -5.2201 	 -11.3361 	 -0.3168}
			{VolumeView "object001.ply"}
		}
	}
}
{Volume "body1"
	{Polyhedron "body1.vol"}
	{Bone "copy_bind_bridle02"}
	{matrix34
		0.0077 	 -0.0003 	 1
		1 	 0.0002 	 -0.0077
		-0.0002 	 1 	 0.0003
		0.7602 	 2.9236 	 0.1695
	}
}
{Volume "body1_vol001"
	{Polyhedron "body1_vol001.vol"}
	{Bone "copy_bind_bridle003"}
	{matrix34
		0.0077 	 -0.0003 	 1
		1 	 0.0002 	 -0.0077
		-0.0002 	 1 	 0.0003
		0.7602 	 2.9236 	 0.1695
	}
}
{Volume "body2"
	{Polyhedron "body2.vol"}
	{Bone "bind_r_finger01"}
	{matrix34
		-0.9013 	 -0.4311 	 -0.0419
		0.0408 	 0.0118 	 -0.9991
		0.4312 	 -0.9022 	 0.007
		-5.3147 	 9.9419 	 -0.0611
	}
}
{Volume "body2_vol001"
	{Polyhedron "body2_vol001.vol"}
	{Bone "bind_r_finger002"}
	{matrix34
		-0.9013 	 -0.4311 	 -0.0419
		0.0408 	 0.0118 	 -0.9991
		0.4312 	 -0.9022 	 0.007
		-5.3147 	 9.9419 	 -0.0611
	}
}
{Volume "body3"
	{Polyhedron "body3.vol"}
	{Bone "bind_l_finger01"}
	{matrix34
		0.1634 	 0.9865 	 -0.007
		-0.0013 	 -0.0069 	 -1
		-0.9866 	 0.1634 	 0.0001
		11.2335 	 -1.4101 	 0.2371
	}
}
{Volume "body3_vol001"
	{Polyhedron "body3_vol001.vol"}
	{Bone "bind_l_finger002"}
	{matrix34
		0.1634 	 0.9865 	 -0.007
		-0.0013 	 -0.0069 	 -1
		-0.9866 	 0.1634 	 0.0001
		11.2335 	 -1.4101 	 0.2371
	}
}
{Volume "body4"
	{Polyhedron "body4.vol"}
	{Bone "bind_l_metatarsus01"}
	{matrix34
		-0.1109 	 -0.9934 	 0.0288
		0.0008 	 0.0289 	 0.9996
		-0.9938 	 0.1109 	 -0.0024
		12.3327 	 -2.8983 	 -0.6377
	}
}
{Volume "body4_vol001"
	{Polyhedron "body4_vol001.vol"}
	{Bone "bind_l_metatarsus002"}
	{matrix34
		-0.1109 	 -0.9934 	 0.0288
		0.0008 	 0.0289 	 0.9996
		-0.9938 	 0.1109 	 -0.0024
		12.3327 	 -2.8983 	 -0.6377
	}
}
{Volume "body5"
	{Polyhedron "body5.vol"}
	{Bone "bind_r_metatarsus01"}
	{matrix34
		0.0597 	 -0.9981 	 -0.0164
		-0.0077 	 0.016 	 -0.9998
		0.9982 	 0.0598 	 -0.0067
		-12.4662 	 -2.2886 	 -0.5843
	}
}
{Volume "body5_vol001"
	{Polyhedron "body5_vol001.vol"}
	{Bone "bind_r_metatarsus002"}
	{matrix34
		0.0597 	 -0.9981 	 -0.0164
		-0.0077 	 0.016 	 -0.9998
		0.9982 	 0.0598 	 -0.0067
		-12.4662 	 -2.2886 	 -0.5843
	}
}
{Volume "body"
	{Polyhedron "body.vol"}
	{Bone "vertebrae_bind_d01"}
	{matrix34
		0.0072 	 -0.0003 	 1
		1 	 0.0001 	 -0.0072
		-0.0001 	 1 	 0.0003
		0.0156 	 -7.8616 	 -2.611
	}
}
{Volume "body_vol001"
	{Polyhedron "body_vol001.vol"}
	{Bone "vertebrae_bind_d002"}
	{matrix34
		0.0072 	 -0.0003 	 1
		1 	 0.0001 	 -0.0072
		-0.0001 	 1 	 0.0003
		0.0156 	 -7.8616 	 -2.611
	}
}
