;Exported by	: KobaA
;Date			: 27.03.2024 10:09:13
;File			: d:\git\gem2-mdl-soldiers\models\entourage\sandbags\sandbag_woodbeam1_lod.max
{skeleton
	{bone "s3_x"
		{orientation
			1 	 0 	 0
			0 	 -1 	 0
			0 	 0 	 1
		}
		{bone "piece01"
			{matrix34
				0.3611 	 0.9325 	 0
				-0.9325 	 0.3611 	 0
				0 	 0 	 1
				0.6148 	 0.6712 	 14.576
			}
			{poly "piece01"}
		}
		{bone "piece02"
			{matrix34
				1 	 0 	 0
				0 	 1 	 0
				0 	 0 	 1
				-23.6923 	 14.1347 	 15.9445
			}
			{poly "piece02"}
		}
		{bone "piece03"
			{matrix34
				-0.4094 	 0.9035 	 0.1271
				-0.9082 	 -0.3903 	 -0.151
				-0.0869 	 -0.1773 	 0.9803
				10.0949 	 0.5137 	 15.5964
			}
			{poly "piece03"}
		}
		{bone "piece04"
			{matrix34
				-0.6782 	 0.6999 	 0.224
				-0.6541 	 -0.436 	 -0.6181
				-0.335 	 -0.5657 	 0.7535
				-6.7007 	 1.9477 	 15.3358
			}
			{poly "piece04"}
		}
		{bone "piece05"
			{matrix34
				-0.9291 	 -0.2362 	 0.2846
				-0.2873 	 0.9455 	 -0.1532
				-0.2329 	 -0.2241 	 -0.9463
				-16.5558 	 -0.8083 	 10.2358
			}
			{poly "piece05"}
		}
		{bone "piece06"
			{matrix34
				-0.6554 	 0.7466 	 -0.1146
				0.7073 	 0.5535 	 -0.4397
				-0.2648 	 -0.3692 	 -0.8908
				-23.6802 	 3.0152 	 4.202
			}
			{poly "piece05"}
		}
		{bone "piece07"
			{matrix34
				-0.1736 	 0.9848 	 0
				0.9848 	 0.1736 	 0
				0 	 0 	 -1
				-10.3659 	 -8.6202 	 3.3615
			}
			{poly "piece05"}
		}
		{bone "piece08"
			{matrix34
				0.5184 	 -0.7553 	 -0.4009
				-0.8364 	 -0.5455 	 -0.0538
				-0.178 	 0.3632 	 -0.9145
				-4.0824 	 -6.2839 	 10.8476
			}
			{poly "piece05"}
		}
		{bone "piece09"
			{matrix34
				-0.0717 	 0.9034 	 0.4228
				0.9641 	 0.1715 	 -0.2029
				-0.2558 	 0.3931 	 -0.8832
				8.8218 	 -8.3252 	 15.0264
			}
			{poly "piece05"}
		}
		{bone "piece10"
			{matrix34
				0.7779 	 0.6276 	 0.0329
				0.5634 	 -0.6733 	 -0.4788
				-0.2784 	 0.391 	 -0.8773
				20.6265 	 -6.9974 	 11.9969
			}
			{poly "piece05"}
		}
		{bone "piece11"
			{matrix34
				-0.5 	 -0.866 	 0
				-0.866 	 0.5 	 0
				0 	 0 	 -1
				6.692 	 -8.947 	 5.9745
			}
			{poly "piece05"}
		}
		{bone "piece12"
			{matrix34
				-0.9683 	 0.2173 	 0.1236
				0.2388 	 0.9501 	 0.2008
				-0.0738 	 0.224 	 -0.9718
				-5.024 	 -5.4467 	 18.54
			}
			{poly "piece05"}
		}
		{bone "piece13"
			{matrix34
				-0.6541 	 0.7482 	 0.1112
				0.7564 	 0.6478 	 0.0901
				-0.0046 	 0.1431 	 -0.9897
				-17.6866 	 1.9793 	 16.3923
			}
			{poly "piece05"}
		}
		{bone "piece14"
			{matrix34
				-0.7999 	 -0.5866 	 -0.127
				-0.5849 	 0.8093 	 -0.0543
				0.1346 	 0.0308 	 -0.9904
				26.6032 	 -5.3995 	 2.4089
			}
			{poly "piece14"}
		}
		{bone "piece15"
			{matrix34
				1 	 0 	 0
				0 	 1 	 0
				0 	 0 	 1
				19.7064 	 0.4994 	 15.9445
			}
			{poly "piece15"}
		}
	}
}
{"volumes"
	{"piece01"
		{cylinder 1.18942 21.2727}
		{bone "piece01"}
		{matrix34
			0.3611 	 -0.9325 	 0
			0.9325 	 0.3611 	 0
			0 	 0 	 1
			0 	 0 	 0.0361
		}
	}
	{"piece02"
		{cylinder 1.18942 17.7273}
		{bone "piece02"}
		{matrix34
			1 	 0 	 0
			0 	 1 	 0
			0 	 0 	 1
			0 	 0 	 0.338
		}
	}
	{"piece03"
		{box 11.2148 1.27628 15.9488}
		{bone "piece03"}
		{matrix34
			-0.3524 	 -0.9307 	 -0.0977
			0.9272 	 -0.333 	 -0.1715
			0.1271 	 -0.151 	 0.9803
			-0.8236 	 1.7868 	 0.3539
		}
	}
	{"piece04"
		{box 14.378 1.27628 7.89545}
		{bone "piece04"}
		{matrix34
			-0.8871 	 -0.4495 	 -0.1051
			0.4037 	 -0.6449 	 -0.649
			0.224 	 -0.6181 	 0.7535
			-0.3436 	 0.2048 	 0.3083
		}
	}
	{"piece05"
		{box 11.4392 7.48082 3.35371}
		{bone "piece05"}
		{matrix34
			-1 	 0 	 0
			0 	 1 	 0
			0 	 0 	 -1
			0.3988 	 -0.0029 	 0.3407
		}
	}
	{"piece06"
		{box 11.4392 7.48082 3.35371}
		{bone "piece06"}
		{matrix34
			-1 	 0 	 0
			0 	 1 	 0
			0 	 0 	 -1
			0.0914 	 -0.3221 	 0.2011
		}
	}
	{"piece07"
		{box 11.4392 7.48082 3.35371}
		{bone "piece07"}
		{matrix34
			-1 	 0 	 0
			0 	 1 	 0
			0 	 0 	 -1
			0.3367 	 0.0306 	 0.393
		}
	}
	{"piece08"
		{box 11.4392 7.48082 3.35371}
		{bone "piece08"}
		{matrix34
			-1 	 0 	 0
			0 	 1 	 0
			0 	 0 	 -1
			0.3367 	 0.0306 	 0.4672
		}
	}
	{"piece09"
		{box 11.4392 7.48082 3.35371}
		{bone "piece09"}
		{matrix34
			-1 	 0 	 0
			0 	 1 	 0
			0 	 0 	 -1
			0.3367 	 0.0306 	 0.3623
		}
	}
	{"piece10"
		{box 11.4392 7.48082 3.35371}
		{bone "piece10"}
		{matrix34
			-1 	 0 	 0
			0 	 1 	 0
			0 	 0 	 -1
			0.3367 	 0.0306 	 0.3951
		}
	}
	{"piece11"
		{box 11.4392 7.48082 3.35371}
		{bone "piece11"}
		{matrix34
			-1 	 0 	 0
			0 	 1 	 0
			0 	 0 	 -1
			0.3367 	 0.0305 	 0.0606
		}
	}
	{"piece12"
		{box 11.4392 7.48082 3.35371}
		{bone "piece12"}
		{matrix34
			-1 	 0 	 0
			0 	 1 	 0
			0 	 0 	 -1
			0.3367 	 0.0306 	 0.086
		}
	}
	{"piece13"
		{box 11.4392 7.48082 3.35371}
		{bone "piece13"}
		{matrix34
			-1 	 0 	 0
			0 	 1 	 0
			0 	 0 	 -1
			0.3367 	 0.0306 	 0.393
		}
	}
	{"piece14"
		{box 11.4392 7.48082 3.35371}
		{bone "piece14"}
		{matrix34
			-1 	 0 	 0
			0 	 1 	 0
			0 	 0 	 -1
			0.3367 	 0.0306 	 0.393
		}
	}
	{"piece15"
		{cylinder 1.18942 17.7273}
		{bone "piece15"}
		{matrix34
			1 	 0 	 0
			0 	 1 	 0
			0 	 0 	 1
			0 	 0 	 0.338
		}
	}
}
