;Exported by: sana
;Date:        Mon Jan 16 09:44:47 2006
;File:        D:\-Project-\-3DWork-\Entourage\house_euro_105c\house_euro_105c_x.max
{Skeleton
	{bone "105c_corn5"
		{Orientation
			1	0	0
			0	-1	0
			0	0	1
		}
		{bone "piece0"
			{Position -12.8755	19.3014	49.5096}
			{poly "piece0"}
			{bone "sub_piece0"
				{Position -4.54403	0	-14.2133}
				{poly "sub_piece0"}
			}
		}
		{bone "piece1"
			{Position 16.0794	19.3014	44.0146}
			{poly "piece1"}
			{bone "sub_piece1"
				{Position -0.792557	0	-11.6771}
				{poly "sub_piece1"}
			}
		}
		{bone "piece2"
			{Position 20.6235	19.3014	16.5919}
			{poly "piece2"}
		}
		{bone "piece3"
			{Position -27.9915	-11.9358	33.9554}
			{poly "piece3"}
		}
		{bone "piece4"
			{Position -27.9915	7.84082	34.9963}
			{poly "piece4"}
			{bone "sub_piece4"
				{Position 0	-8.27496	-4.52781}
				{poly "sub_piece4"}
			}
		}
		{bone "piece5"
			{Position -27.9915	-12.8206	17.4055}
			{poly "piece5"}
		}
	}
}
{Volume "piece0"
	{Box 13.3943 9.5 17.1616}
	{Bone "piece0"}
	{Matrix34
		0.840754	0	-0.541417
		0	1	0
		0.541417	0	0.840754
		-0.927831	0	1.42229
	}
}
{Volume "piece1"
	{Box 23.1428 9.5 17.336}
	{Bone "piece1"}
	{Matrix34
		0.925039	0	-0.379873
		0	1	0
		0.379873	0	0.925039
		-0.832285	0	1.51836
	}
}
{Volume "piece2"
	{Box 18.7045 9.5 14.879}
	{Bone "piece2"}
	{Matrix34
		0.722062	0	0.691828
		0	1	0
		-0.691828	0	0.722062
		0.193392	0	0.647917
	}
}
{Volume "piece3"
	{Box 9.50001 13.1931 21.1298}
	{Bone "piece3"}
	{Matrix34
		1	0	0
		0	0.869404	-0.494101
		0	0.494101	0.869404
		0	0.630511	1.23929
	}
}
{Volume "piece4"
	{Box 9.50001 14.0518 23.0033}
	{Bone "piece4"}
	{Position 0	0	0}
}
{Volume "piece5"
	{Box 9.50001 18.5276 13.8436}
	{Bone "piece5"}
	{Position 0	0	0}
}
{Volume "sub_piece0"
	{Box 10.8845 9.5 16.908}
	{Bone "sub_piece0"}
	{Position 0	0	0}
}
{Volume "sub_piece1"
	{Box 14.3718 9.5 15.6399}
	{Bone "sub_piece1"}
	{Position 0	0	0}
}
{Volume "sub_piece4"
	{Box 9.5 8.74335 16.654}
	{Bone "sub_piece4"}
	{Matrix34
		1	0	0
		0	0.965359	0.260925
		0	-0.260925	0.965359
		0	-1.14794	-0.492177
	}
}
