;Exported by	: KobaA
;Date			: 14.09.2023 14:49:02
;File			: D:\git\gem2-mdl-soldiers\models\flora\tree10\tree_10d_g2.max
{skeleton
	{bone "basis_tree_10d_g2_01"
		{orientation
			1 	 0 	 0
			0 	 -1 	 0
			0 	 0 	 1
		}
		{bone "rootx"
			{matrix34
				-0.9848 	 0.1736 	 0
				0 	 0 	 -1
				-0.1736 	 -0.9848 	 0
				3.303 	 2.9543 	 -2.2556
			}
			{poly "rootx"}
		}
		{bone "tree_10d_g2_01"
			{poly "tree_10d_g2_01"}
		}
	}
}
{obstacle "bole"
	{obb2
		{center -1.1347 -2.61253}
		{extent 12.4905 5.72977}
		{axis 0.374606 0.927184}
	}
}
{"volumes"
	{"bole"
		{cylinder 6.17851 164.088}
		{bone "basis_tree_10d_g2_01"}
		{matrix34
			0.9994 	 -0.0148 	 0.0298
			0.0169 	 0.9973 	 -0.0718
			-0.0287 	 0.0723 	 0.997
			-1.1347 	 2.6125 	 76.614
		}
	}
	{"crown"
		{polyhedron}
		{bone "basis_tree_10d_g2_01"}
		{matrix34
			0.866 	 -0.171 	 -0.4698
			-0.0436 	 0.9103 	 -0.4116
			0.4981 	 0.377 	 0.7809
			-40.5785 	 -44.8658 	 91.919
		}
	}
}
