;Exported by	: Oleksandr Tsaprylov
;Date			: 01.02.2023 17:33:58
;File			: E:\projects\gem2-mdl-soldiers\models\entourage\shed_wood_destroyed\shed_wood_destroyed.max
{skeleton
	{bone "shed_wood_destroyed_b_piece_006_x"
		{orientation
			1 	 0 	 0
			0 	 -1 	 0
			0 	 0 	 1
		}
		{bone "piece09"
			{Position -3.6673 	 -23.1042 	 126.447}
			{poly "piece09"}
		}
		{bone "piece10"
			{Position -33.2384 	 -21.84 	 123.4}
			{poly "piece10"}
		}
		{bone "piece07"
			{matrix34
				0.9605 	 0.2557 	 0.1101
				-0.2744 	 0.9364 	 0.2188
				-0.0472 	 -0.2404 	 0.9695
				-34.7449 	 -5.017 	 38.0642
			}
			{poly "piece07"}
		}
		{bone "piece14"
			{matrix34
				0.95 	 -0.3123 	 0.007
				0.3011 	 0.9095 	 -0.2868
				0.0832 	 0.2745 	 0.958
				-31.7968 	 -3.2433 	 107.802
			}
			{poly "piece14"}
		}
		{bone "piece11"
			{Position -15.7969 	 -4.9523 	 135.487}
			{poly "piece11"}
		}
		{bone "piece12"
			{Position -33.1611 	 -23.8674 	 108.775}
			{poly "piece12"}
		}
		{bone "piece05"
			{Position -4.9211 	 7.3886 	 129.751}
			{poly "piece05"}
		}
		{bone "piece06"
			{Position -32.892 	 22.2614 	 115.302}
			{poly "piece06"}
		}
		{bone "piece02"
			{Position -33.231 	 0.0033 	 89.44}
			{poly "piece02"}
		}
		{bone "piece08"
			{Position -17.2376 	 -43.9663 	 110.389}
			{poly "piece08"}
		}
		{bone "piece03"
			{Position -33.2675 	 -62.6645 	 69.2335}
			{poly "piece03"}
		}
		{bone "piece13"
			{Position -33.1611 	 -47.0669 	 89.4908}
			{poly "piece13"}
		}
		{bone "sub_piece01"
			{Position -11.2536 	 25.0075 	 117.296}
			{poly "sub_piece01"}
		}
		{bone "piece01"
			{Position 15.286 	 46.9412 	 101.913}
			{poly "piece01"}
		}
		{bone "piece04"
			{Position -4.4888 	 38.3316 	 103.208}
			{poly "piece04"}
		}
	}
}
{"volumes"
	{"piece01"
		{box 2.0315 1.25483 33.4087}
		{bone "piece01"}
		{matrix34
			0 	 0.8192 	 -0.5736
			0 	 0.5736 	 0.8192
			1 	 0 	 0
			0.1955 	 -0.0167 	 0.0134
		}
	}
	{"piece02"
		{box 2.3622 2.98768 51.7658}
		{bone "piece02"}
		{matrix34
			1 	 0 	 0
			0 	 0 	 1
			0 	 -1 	 0
			-0.1115 	 0.2991 	 0.0194
		}
	}
	{"piece03"
		{box 2.3622 2.98768 34.8591}
		{bone "piece03"}
		{matrix34
			-1 	 0 	 0
			0 	 0 	 1
			0 	 1 	 0
			0.0042 	 0.2306 	 0.0913
		}
	}
	{"piece04"
		{box 1.58472 13.351 34.0002}
		{bone "piece04"}
		{matrix34
			0 	 -0.5 	 -0.866
			0 	 0.866 	 -0.5
			1 	 0 	 0
			-0.7486 	 0.1954 	 0.2432
		}
	}
	{"piece05"
		{box 2.3622 2.98768 47.4084}
		{bone "piece05"}
		{matrix34
			0 	 1 	 0
			0 	 0 	 1
			1 	 0 	 0
			-0.324 	 0.06 	 -0.027
		}
	}
	{"piece06"
		{box 1.58472 7.20607 23.5632}
		{bone "piece06"}
		{matrix34
			0.042 	 -0.5736 	 -0.8181
			0.0577 	 -0.816 	 0.5751
			-0.9974 	 -0.0714 	 -0.0012
			-0.8309 	 -0.1917 	 -0.1507
		}
	}
	{"piece07"
		{cylinder 2.0525 50.1884}
		{bone "piece07"}
		{matrix34
			0.9605 	 -0.2744 	 -0.0472
			0.2557 	 0.9364 	 -0.2404
			0.1101 	 0.2188 	 0.9695
			1.6976 	 0.2979 	 0.165
		}
	}
	{"piece08"
		{box 1.41732 2.09138 30.4212}
		{bone "piece08"}
		{matrix34
			0 	 -0.5736 	 0.8192
			0 	 -0.8192 	 -0.5736
			1 	 0 	 0
			-0.4174 	 -0.0932 	 0.0216
		}
	}
	{"piece09"
		{box 1.58472 7.20607 23.5609}
		{bone "piece09"}
		{matrix34
			-0.0328 	 0.6873 	 -0.7257
			0.1926 	 -0.7081 	 -0.6794
			-0.9807 	 -0.162 	 -0.1091
			0.6096 	 -0.0167 	 0.2101
		}
	}
	{"piece10"
		{box 2.3622 2.98768 34.8591}
		{bone "piece10"}
		{matrix34
			-1 	 0 	 0
			0 	 -0.5736 	 0.8192
			0 	 0.8192 	 0.5736
			0.0042 	 0.0786 	 0.1665
		}
	}
	{"piece11"
		{box 2.3622 2.98768 31.3732}
		{bone "piece11"}
		{matrix34
			0 	 1 	 0
			0 	 0 	 1
			1 	 0 	 0
			-0.6814 	 -0.115 	 0.0731
		}
	}
	{"piece12"
		{box 2.3622 2.98768 31.3732}
		{bone "piece12"}
		{matrix34
			-1 	 0 	 0
			0 	 0 	 1
			0 	 1 	 0
			0.115 	 -0.6815 	 0.0732
		}
	}
	{"piece13"
		{box 2.3622 2.98768 31.3732}
		{bone "piece13"}
		{matrix34
			-1 	 0 	 0
			0 	 0 	 1
			0 	 1 	 0
			0.115 	 -0.6815 	 0.0731
		}
	}
	{"piece14"
		{cylinder 2.0525 27.1017}
		{bone "piece14"}
		{matrix34
			0.95 	 0.3011 	 0.0832
			-0.3123 	 0.9095 	 0.2745
			0.007 	 -0.2868 	 0.958
			-1.0408 	 -1.5172 	 -0.3677
		}
	}
	{"sub_piece01"
		{box 2.0315 1.25483 41.2453}
		{bone "sub_piece01"}
		{matrix34
			0 	 0.8192 	 -0.5736
			0 	 0.5736 	 0.8192
			1 	 0 	 0
			0 	 -0.066 	 0.0226
		}
	}
}
