;Exported by	: KobaA
;Date			: 21.11.2023 12:24:20
;File			: D:\git\gem2-mdl-soldiers\models\fence\gate_wood\gate_wood.max
{skeleton
	{bone "gate_wood4_open_basis_x"
		{orientation
			1 	 0 	 0
			0 	 -1 	 0
			0 	 0 	 1
		}
		{bone "piece01"
			{matrix34
				0 	 1 	 0
				-1 	 0 	 0
				0 	 0 	 1
				-34.5014 	 0.0635 	 23.3673
			}
			{poly "piece01"}
		}
		{bone "piece02"
			{matrix34
				0 	 1 	 0
				-1 	 0 	 0
				0 	 0 	 1
				34.2999 	 0.0635 	 23.4065
			}
			{poly "piece02"}
		}
		{bone "piece03"
			{matrix34
				0 	 1 	 0
				-1 	 0 	 0
				0 	 0 	 1
				-22.9652 	 -6.3135 	 45.7065
			}
			{poly "piece03"}
		}
		{bone "piece04"
			{matrix34
				0 	 1 	 0
				-1 	 0 	 0
				0 	 0 	 1
				-3.0228 	 -6.2448 	 45.7284
			}
			{poly "piece04"}
		}
		{bone "piece05"
			{matrix34
				0 	 1 	 0
				-1 	 0 	 0
				0 	 0 	 1
				25.8604 	 -6.1947 	 45.7547
			}
			{poly "piece05"}
		}
		{bone "piece06"
			{matrix34
				0 	 1 	 0
				-1 	 0 	 0
				0 	 0 	 1
				-15.2151 	 6.4796 	 45.6138
			}
			{poly "piece06"}
		}
		{bone "piece07"
			{matrix34
				0 	 1 	 0
				-1 	 0 	 0
				0 	 0 	 1
				12.0821 	 6.4651 	 45.6123
			}
			{poly "piece07"}
		}
		{bone "piece08"
			{matrix34
				-0.9336 	 0.3584 	 0
				-0.3584 	 -0.9336 	 0
				0 	 0 	 1
				-30.2283 	 5.954 	 11.7052
			}
			{poly "piece08"}
		}
		{bone "piece09"
			{matrix34
				-0.9336 	 0.3584 	 0
				-0.3584 	 -0.9336 	 0
				0 	 0 	 1
				-28.5369 	 10.3603 	 27.2898
			}
			{poly "piece09"}
		}
		{bone "piece10"
			{matrix34
				-0.9336 	 0.3584 	 0
				-0.3584 	 -0.9336 	 0
				0 	 0 	 1
				-25.3955 	 18.5439 	 25.5382
			}
			{poly "piece10"}
		}
		{bone "piece11"
			{matrix34
				-0.9336 	 0.3584 	 0
				-0.3584 	 -0.9336 	 0
				0 	 0 	 1
				-22.0724 	 28.4199 	 27.2154
			}
			{poly "piece11"}
		}
		{bone "piece12"
			{matrix34
				0.9613 	 0.2756 	 0
				-0.2756 	 0.9613 	 0
				0 	 0 	 1
				24.544 	 29.0121 	 11.6127
			}
			{poly "piece12"}
		}
		{bone "piece13"
			{matrix34
				0.9613 	 0.2756 	 0
				-0.2756 	 0.9613 	 0
				0 	 0 	 1
				27.2291 	 19.4233 	 10.0795
			}
			{poly "piece13"}
		}
		{bone "piece14"
			{matrix34
				0.9613 	 0.2756 	 0
				-0.2756 	 0.9613 	 0
				0 	 0 	 1
				29.214 	 10.3209 	 10.3569
			}
			{poly "piece14"}
		}
		{bone "piece15"
			{matrix34
				0.9613 	 0.2756 	 0
				-0.2756 	 0.9613 	 0
				0 	 0 	 1
				30.7628 	 4.0952 	 27.7603
			}
			{poly "piece15"}
		}
		{bone "sub_piece01"
			{matrix34
				0.2745 	 0.7152 	 -0.6428
				0.9336 	 -0.3584 	 0
				-0.2304 	 -0.6001 	 -0.766
				-26.9943 	 15.8638 	 18.3246
			}
			{poly "sub_piece01"}
		}
		{bone "sub_piece02"
			{matrix34
				-0.0561 	 0.4211 	 -0.9053
				-0.97 	 -0.2378 	 -0.0506
				-0.2366 	 0.8753 	 0.4218
				28.4116 	 15.9751 	 18.5087
			}
			{poly "sub_piece02"}
		}
		{bone "sub_piece03"
			{matrix34
				0.0874 	 -0.1923 	 -0.9774
				-0.9637 	 -0.2648 	 -0.034
				-0.2523 	 0.9449 	 -0.2085
				29.3257 	 12.0752 	 28.0811
			}
			{poly "sub_piece03"}
		}
		{bone "sub_piece04"
			{matrix34
				0.0459 	 0.2062 	 -0.9774
				0.929 	 -0.3685 	 -0.034
				-0.3672 	 -0.9065 	 -0.2085
				-29.142 	 11.0551 	 7.3156
			}
			{poly "sub_piece04"}
		}
		{bone "sub_piece05"
			{matrix34
				-0.9336 	 0.3584 	 0
				-0.3584 	 -0.9336 	 0
				0 	 0 	 1
				-26.9754 	 14.4281 	 12.2678
			}
			{poly "sub_piece05"}
		}
		{bone "sub_piece06"
			{matrix34
				-0.9336 	 0.3584 	 0
				-0.3584 	 -0.9336 	 0
				0 	 0 	 1
				-31.7892 	 1.8877 	 27.597
			}
			{poly "sub_piece06"}
		}
		{bone "sub_piece07"
			{matrix34
				0.9613 	 0.2756 	 0
				-0.2756 	 0.9613 	 0
				0 	 0 	 1
				25.9079 	 24.1472 	 28.8527
			}
			{poly "sub_piece07"}
		}
		{bone "sub_piece08"
			{matrix34
				0.9613 	 0.2756 	 0
				-0.2756 	 0.9613 	 0
				0 	 0 	 1
				28.1206 	 14.5678 	 28.7194
			}
			{poly "sub_piece08"}
		}
	}
}
{"volumes"
	{"piece01"
		{box 3.22849 3.17378 51.42}
		{bone "piece01"}
		{matrix34
			0 	 -1 	 0
			1 	 0 	 0
			0 	 0 	 1
			-0.0177 	 0.0119 	 0.026
		}
	}
	{"piece02"
		{box 3.22849 3.17378 51.42}
		{bone "piece02"}
		{matrix34
			0 	 -1 	 0
			1 	 0 	 0
			0 	 0 	 1
			-0.0177 	 0.0044 	 -0.0132
		}
	}
	{"piece03"
		{box 14.0887 11.8244 1.06816}
		{bone "piece03"}
		{matrix34
			0 	 -1 	 0
			0.7193 	 0 	 0.6947
			-0.6947 	 0 	 0.7193
			-0.0103 	 -0.104 	 -0.041
		}
	}
	{"piece04"
		{box 16.202 11.8244 1.06816}
		{bone "piece04"}
		{matrix34
			0 	 -1 	 0
			0.7193 	 0 	 0.6947
			-0.6947 	 0 	 0.7193
			-0.079 	 0.0099 	 -0.0629
		}
	}
	{"piece05"
		{box 19.9284 11.8244 1.06816}
		{bone "piece05"}
		{matrix34
			0 	 -1 	 0
			0.7193 	 0 	 0.6947
			-0.6947 	 0 	 0.7193
			-0.1291 	 -0.0172 	 -0.0891
		}
	}
	{"piece06"
		{box 19.9284 11.8244 1.06816}
		{bone "piece06"}
		{matrix34
			0 	 1 	 0
			-0.7193 	 0 	 0.6947
			0.6947 	 0 	 0.7193
			-0.1155 	 0.1575 	 0.0517
		}
	}
	{"piece07"
		{box 19.9284 11.8244 1.06816}
		{bone "piece07"}
		{matrix34
			0 	 1 	 0
			-0.7193 	 0 	 0.6947
			0.6947 	 0 	 0.7193
			-0.101 	 0.1658 	 0.0532
		}
	}
	{"piece08"
		{box 3.37007 0.918961 21.5247}
		{bone "piece08"}
		{matrix34
			0 	 -1 	 0
			1 	 0 	 0
			0 	 0 	 1
			-0.0362 	 0.091 	 -0.1859
		}
	}
	{"piece09"
		{box 4.7399 0.918961 17.4883}
		{bone "piece09"}
		{matrix34
			0 	 -1 	 0
			1 	 0 	 0
			0 	 0 	 1
			-0.0085 	 -0.1143 	 0.4917
		}
	}
	{"piece10"
		{box 4.7399 0.918961 20.9859}
		{bone "piece10"}
		{matrix34
			0 	 -1 	 0
			1 	 0 	 0
			0 	 0 	 1
			-0.0085 	 -0.0066 	 0.3682
		}
	}
	{"piece11"
		{box 4.7399 0.918961 17.4883}
		{bone "piece11"}
		{matrix34
			0 	 -1 	 0
			1 	 0 	 0
			0 	 0 	 1
			-0.0297 	 -0.1172 	 -0.0494
		}
	}
	{"piece12"
		{box 4.7399 0.918961 20.9859}
		{bone "piece12"}
		{matrix34
			0 	 -1 	 0
			1 	 0 	 0
			0 	 0 	 1
			-0.0484 	 -0.0897 	 -0.0759
		}
	}
	{"piece13"
		{box 4.7399 0.918961 17.4883}
		{bone "piece13"}
		{matrix34
			0 	 -1 	 0
			1 	 0 	 0
			0 	 0 	 1
			0.005 	 -0.0936 	 0.0108
		}
	}
	{"piece14"
		{box 4.7399 0.918961 17.4883}
		{bone "piece14"}
		{matrix34
			0 	 -1 	 0
			1 	 0 	 0
			0 	 0 	 1
			0.036 	 -0.0012 	 -0.247
		}
	}
	{"piece15"
		{box 4.7399 0.918961 15.5976}
		{bone "piece15"}
		{matrix34
			0 	 -1 	 0
			1 	 0 	 0
			0 	 0 	 1
			-0.0654 	 -0.0851 	 0.3416
		}
	}
	{"sub_piece01"
		{box 22.6365 0.606613 2.01142}
		{bone "sub_piece01"}
		{matrix34
			0.225 	 0 	 -0.9744
			0 	 -1 	 0
			-0.9744 	 0 	 -0.225
			0.037 	 0.1045 	 -0.1011
		}
	}
	{"sub_piece02"
		{box 22.6365 0.606613 2.01142}
		{bone "sub_piece02"}
		{matrix34
			0.2092 	 -0.0005 	 -0.9779
			0.0622 	 -0.998 	 0.0138
			-0.9759 	 -0.0637 	 -0.2088
			0.0428 	 0.3186 	 0.0122
		}
	}
	{"sub_piece03"
		{box 22.6365 0.606613 2.01142}
		{bone "sub_piece03"}
		{matrix34
			0.2089 	 -0.011 	 -0.9779
			0.031 	 -0.9994 	 0.0179
			-0.9774 	 -0.034 	 -0.2085
			0.0135 	 -0.1037 	 0.1797
		}
	}
	{"sub_piece04"
		{box 22.6365 0.606613 2.01142}
		{bone "sub_piece04"}
		{matrix34
			0.2089 	 -0.011 	 -0.9779
			0.031 	 -0.9994 	 0.0179
			-0.9774 	 -0.034 	 -0.2085
			0.1361 	 -0.0933 	 0.2199
		}
	}
	{"sub_piece05"
		{box 3.37007 0.918961 21.5247}
		{bone "sub_piece05"}
		{matrix34
			0 	 -1 	 0
			1 	 0 	 0
			0 	 0 	 1
			-0.0769 	 -0.173 	 -0.6056
		}
	}
	{"sub_piece06"
		{box 4.7399 0.918961 17.4883}
		{bone "sub_piece06"}
		{matrix34
			0 	 -1 	 0
			1 	 0 	 0
			0 	 0 	 1
			-0.0084 	 0.0321 	 0.1845
		}
	}
	{"sub_piece07"
		{box 3.37007 0.918961 14.2063}
		{bone "sub_piece07"}
		{matrix34
			0 	 -1 	 0
			1 	 0 	 0
			0 	 0 	 1
			-0.2036 	 -0.0498 	 0.1737
		}
	}
	{"sub_piece08"
		{box 3.74452 0.918961 15.5976}
		{bone "sub_piece08"}
		{matrix34
			0 	 -1 	 0
			1 	 0 	 0
			0 	 0 	 1
			-0.0621 	 0.0148 	 0.2148
		}
	}
}
