;Exported by	: joomb
;Date			: 14.05.2024 14:12:55
;File			: h:\git\gem2-mdl-soldiers\models\building\mill\mill_x.max
{skeleton
	{bone "mill_ua_piece01_point"
		{orientation
			1 	 0 	 0
			0 	 -1 	 0
			0 	 0 	 1
		}
		{bone "piece01"
			{matrix34
				0.4924 	 0.1152 	 0.8627
				0.766 	 0.4132 	 -0.4924
				-0.4132 	 0.9033 	 0.1152
				-8.0152 	 38.4954 	 27.6072
			}
			{poly "piece01"}
		}
		{bone "piece02"
			{matrix34
				0.2739 	 0.4924 	 0.8262
				-0.7544 	 0.6428 	 -0.133
				-0.5965 	 -0.5868 	 0.5475
				4.4929 	 36.7904 	 18.2836
			}
			{poly "piece02"}
		}
		{bone "piece03"
			{matrix34
				-0.8679 	 -0.4696 	 -0.1621
				-0.3321 	 0.7911 	 -0.5136
				0.3695 	 -0.3919 	 -0.8426
				31.9735 	 13.3879 	 21.4254
			}
			{poly "piece03"}
		}
		{bone "piece04"
			{matrix34
				0.6645 	 0.6645 	 -0.342
				-0.7071 	 0.7071 	 0
				0.2418 	 0.2418 	 0.9397
				31.8125 	 -11.4835 	 13.4576
			}
			{poly "piece04"}
		}
		{bone "piece05"
			{parameters "polylastpose=undefined;"}
			{matrix34
				0.4924 	 0.1152 	 0.8627
				0.766 	 0.4132 	 -0.4924
				-0.4132 	 0.9033 	 0.1152
				12.8534 	 -32.1206 	 25.7884
			}
		}
		{bone "piece06"
			{parameters "polylastpose=undefined;"}
			{matrix34
				-0.1152 	 0.4924 	 0.8627
				-0.4132 	 0.766 	 -0.4924
				-0.9033 	 -0.4132 	 0.1152
				-32.8611 	 9.3957 	 27.6072
			}
		}
		{bone "sub_piece01"
			{matrix34
				0.9063 	 0 	 0.4226
				0.3971 	 0.342 	 -0.8517
				-0.1445 	 0.9397 	 0.31
				16.7916 	 10.4244 	 21.5639
			}
			{poly "sub_piece01"}
		}
		{bone "sub_piece02"
			{matrix34
				-0.2083 	 0.3971 	 -0.8938
				0.2424 	 0.9063 	 0.3462
				0.9475 	 -0.1445 	 -0.2851
				-16.9253 	 -6.4899 	 27.2813
			}
			{poly "sub_piece02"}
		}
		{bone "sub_piece03"
			{parameters "polylastpose=undefined;"}
			{matrix34
				-0.079 	 0.9029 	 0.4226
				-0.3753 	 0.3658 	 -0.8517
				-0.9235 	 -0.2259 	 0.31
				-9.9612 	 18.0245 	 21.5639
			}
		}
		{bone "sub_piece04"
			{parameters "polylastpose=undefined;"}
			{matrix34
				-0.3775 	 -0.2421 	 -0.8938
				-0.924 	 0.1625 	 0.3462
				0.0614 	 0.9565 	 -0.2851
				9.8274 	 -14.0899 	 27.2813
			}
		}
		{bone "sub_piece05"
			{parameters "polylastpose=undefined;"}
			{matrix34
				-0.7565 	 -0.4285 	 -0.494
				-0.1321 	 0.84 	 -0.5263
				0.6405 	 -0.3329 	 -0.6921
				31.9735 	 25.0446 	 10.3896
			}
		}
		{bone "sub_piece06"
			{parameters "polylastpose=undefined;"}
			{matrix34
				0.604 	 -0.7247 	 0.3316
				0.766 	 0.4132 	 -0.4924
				0.2198 	 0.5514 	 0.8047
				-14.3406 	 -31.2269 	 17.8699
			}
		}
		{bone "well"
			{Position -0.5438 	 -0.8608 	 16.1315}
			{poly "well"}
		}
	}
}
{"volumes"
	{"piece01"
		{box 37.473 4.43605 5.6971}
		{bone "piece01"}
		{matrix34
			0.4924 	 0.766 	 -0.4132
			0.1152 	 0.4132 	 0.9033
			0.8627 	 -0.4924 	 0.1152
			0.1106 	 -0.8485 	 -0.1465
		}
	}
	{"piece02"
		{box 35.9898 5.25833 4.50855}
		{bone "piece02"}
		{matrix34
			0.2739 	 -0.7544 	 -0.5965
			0.7453 	 0.5585 	 -0.3642
			0.6079 	 -0.3448 	 0.7152
			-0.3362 	 0.2367 	 -0.3285
		}
	}
	{"piece03"
		{box 5.52258 31.0884 5.02065}
		{bone "piece03"}
		{matrix34
			-0.8679 	 -0.3321 	 0.3695
			-0.4696 	 0.7911 	 -0.3919
			-0.1621 	 -0.5136 	 -0.8426
			-0.7536 	 0.2043 	 -0.3507
		}
	}
	{"piece04"
		{box 4.25153 23.4741 3.71963}
		{bone "piece04"}
		{matrix34
			0.6645 	 -0.7071 	 0.2418
			0.6645 	 0.7071 	 0.2418
			-0.342 	 0 	 0.9397
			0.2626 	 -0.3723 	 0.3765
		}
	}
	{"piece05"
		{box 35.837 3.55969 5.1917}
		{bone "piece05"}
		{matrix34
			0.4924 	 0.766 	 -0.4132
			0.1152 	 0.4132 	 0.9033
			0.8627 	 -0.4924 	 0.1152
			-0.0482 	 -0.5308 	 -0.3198
		}
	}
	{"piece06"
		{box 4.67847 37.8456 6.09344}
		{bone "piece06"}
		{matrix34
			-0.1152 	 -0.4132 	 -0.9033
			0.4924 	 0.766 	 -0.4132
			0.8627 	 -0.4924 	 0.1152
			0.1599 	 -0.3353 	 0.0442
		}
	}
	{"sub_piece01"
		{polyhedron}
		{bone "sub_piece01"}
		{matrix34
			0.9825 	 0.0772 	 -0.1697
			0.1625 	 0.0914 	 0.9825
			0.0914 	 -0.9928 	 0.0773
			-2.3693 	 25.2083 	 -1.9255
		}
	}
	{"sub_piece02"
		{polyhedron}
		{bone "sub_piece02"}
		{matrix34
			-0.1431 	 -0.2247 	 0.9639
			0.6309 	 0.7296 	 0.2638
			-0.7625 	 0.6459 	 0.0374
			19.6285 	 -16.576 	 -0.9009
		}
	}
	{"sub_piece03"
		{polyhedron}
		{bone "sub_piece03"}
		{matrix34
			-0.6475 	 -0.1273 	 -0.7514
			0.7564 	 0.0133 	 -0.654
			0.0932 	 -0.9918 	 0.0877
			-2.3054 	 25.2154 	 -2.1038
		}
	}
	{"sub_piece04"
		{polyhedron}
		{bone "sub_piece04"}
		{matrix34
			-0.6253 	 -0.7578 	 -0.1864
			-0.0883 	 -0.1686 	 0.9817
			-0.7753 	 0.6304 	 0.0385
			19.9071 	 -16.1262 	 -1.228
		}
	}
	{"sub_piece05"
		{polyhedron}
		{bone "sub_piece05"}
		{matrix34
			-0.7565 	 -0.1321 	 0.6405
			-0.4285 	 0.84 	 -0.3329
			-0.494 	 -0.5263 	 -0.6921
			-2.9735 	 7.6195 	 -0.7544
		}
	}
	{"sub_piece06"
		{box 24.5385 4.04647 6.65927}
		{bone "sub_piece06"}
		{matrix34
			0.604 	 0.766 	 0.2198
			-0.342 	 0 	 0.9397
			0.7198 	 -0.6428 	 0.262
			-0.0101 	 -0.098 	 0.4446
		}
	}
	{"well01"
		{polyhedron}
		{bone "well"}
		{Position -0.376 	 -29.4751 	 -17.4412}
	}
	{"well02"
		{polyhedron}
		{bone "well"}
		{matrix34
			0 	 -1 	 0
			1 	 0 	 0
			0 	 0 	 1
			-31.0742 	 -1.4159 	 -14.0846
		}
	}
}
