;Exported by	: KobaA
;Date			: 11.04.2024 16:04:04
;File			: d:\git\gem2-mdl-soldiers\models\entourage\shelter_box\shelter_gr001_004_new2_gem2_x.max
{skeleton
	{bone "basis_gr_009"
		{orientation
			1 	 0 	 0
			0 	 -1 	 0
			0 	 0 	 1
		}
		{bone "piece01"
			{matrix34
				-1 	 0 	 0
				0 	 -1 	 0
				0 	 0 	 1
				-0.5467 	 2.8685 	 0
			}
			{poly "piece01"}
		}
		{bone "piece02"
			{matrix34
				0.0872 	 -0.9962 	 0
				0.9962 	 0.0872 	 0
				0 	 0 	 1
				2.1768 	 -0.4518 	 6.3704
			}
			{poly "piece02"}
		}
		{bone "piece03"
			{matrix34
				0.9953 	 0.0866 	 -0.0439
				0.0699 	 -0.9529 	 -0.2951
				-0.0674 	 0.2906 	 -0.9545
				0.4164 	 8.5009 	 13.187
			}
			{poly "piece03"}
		}
		{bone "piece04"
			{matrix34
				0.9659 	 0.2588 	 0
				-0.2588 	 0.9659 	 0
				0 	 0 	 1
				-1.4997 	 -4.6862 	 8.7691
			}
			{poly "piece04"}
		}
		{bone "piece05"
			{matrix34
				0.0371 	 0.9862 	 -0.1613
				0.0549 	 0.1592 	 0.9857
				0.9978 	 -0.0455 	 -0.0483
				-4.1954 	 -5.3555 	 17.5737
			}
			{poly "piece05"}
		}
		{bone "piece06"
			{matrix34
				0.1293 	 -0.9914 	 -0.0213
				-0.9787 	 -0.1241 	 -0.1633
				0.1592 	 0.042 	 -0.9864
				0.1128 	 -10.6196 	 12.593
			}
			{poly "piece06"}
		}
		{bone "piece07"
			{matrix34
				0.9924 	 -0.0872 	 -0.0868
				0.0868 	 0.9962 	 -0.0076
				0.0872 	 0 	 0.9962
				-5.9592 	 3.2758 	 8.2488
			}
			{poly "piece07"}
		}
		{bone "piece08"
			{matrix34
				0.1293 	 -0.3818 	 0.9152
				-0.9787 	 -0.1973 	 0.0559
				0.1592 	 -0.9029 	 -0.3992
				-0.8417 	 9.4688 	 4.433
			}
			{poly "piece08"}
		}
		{bone "fx_wood1"
			{Position -0.4356 	 -0.6913 	 0}
		}
		{bone "fx_dust1"
			{Position -0.4356 	 -0.6913 	 0}
		}
		{bone "fx_dust2"
			{Position -0.4356 	 -0.6913 	 0}
		}
		{bone "fx_wood2"
			{Position -0.4356 	 -0.6913 	 0}
		}
		{bone "fx_wood2a"
			{Position -0.4356 	 -0.6913 	 0}
		}
	}
}
{"volumes"
	{"piece01"
		{box 0.341126 13.486 6.7265}
		{bone "piece01"}
		{Position -3.7509 	 0.0461 	 4.3046}
	}
	{"piece02"
		{box 9.36016 6.76974 0.322558}
		{bone "piece02"}
		{matrix34
			-0.0305 	 0.9995 	 0
			-0.9995 	 -0.0305 	 0
			0 	 0 	 1
			-0.13 	 -1.6488 	 1.9743
		}
	}
	{"piece03"
		{box 6.67397 7.98261 0.914921}
		{bone "piece03"}
		{matrix34
			0.9999 	 -0.0093 	 -0.0127
			0.0145 	 0.2174 	 0.976
			-0.0063 	 -0.976 	 0.2175
			0.0231 	 -0.0452 	 0.102
		}
	}
	{"piece04"
		{box 0.848221 0.925499 12.4827}
		{bone "piece04"}
		{matrix34
			0.0184 	 0.0292 	 0.9994
			-0.0057 	 0.9996 	 -0.0291
			-0.9998 	 -0.0051 	 0.0186
			0.2795 	 -0.0396 	 -0.0138
		}
	}
	{"piece05"
		{box 0.466136 4.83843 6.91756}
		{bone "piece05"}
		{matrix34
			-0.0737 	 0.0121 	 0.9972
			-0.0073 	 -0.9999 	 0.0116
			0.9972 	 -0.0065 	 0.0738
			-0.5365 	 -6.1709 	 -1.2994
		}
	}
	{"piece06"
		{box 7.54153 0.473744 6.13401}
		{bone "piece06"}
		{matrix34
			1 	 0 	 0.0022
			-0.0022 	 0 	 1
			0 	 -1 	 0
			-0.142 	 -0.0941 	 0.1653
		}
	}
	{"piece07"
		{box 1.09979 0.973195 12.0728}
		{bone "piece07"}
		{matrix34
			0.0079 	 -0.0091 	 0.9999
			-0.0095 	 0.9999 	 0.0092
			-0.9999 	 -0.0095 	 0.0079
			0.4806 	 -0.0432 	 -0.0918
		}
	}
	{"piece08"
		{box 7.54153 0.473744 6.13401}
		{bone "piece08"}
		{matrix34
			1 	 0 	 0.0022
			-0.0022 	 0 	 1
			0 	 -1 	 0
			-0.142 	 -0.0942 	 0.1653
		}
	}
}
