;Exported by	: KobaA
;Date			: 02.05.2024 11:06:48
;File			: d:\git\gem2-mdl-soldiers\models\unit\vehicle\bulldog_lanz_38\x\v1.max
{skeleton
	{bone "basis"
		{orientation
			1 	 0 	 0
			0 	 -1 	 0
			0 	 0 	 1
		}
		{bone "body"
			{matrix34
				-0.9962 	 0 	 0.0872
				0 	 -1 	 0
				0.0872 	 0 	 0.9962
				11.0539 	 -0.5297 	 19.3187
			}
			{poly "body" {lod 0}}
			{poly "body_lod1" {lod 1}}
			{poly "body_lod2" {lod 2}}
			{poly "body_lod3" {lod 3 {last}}}
		}
	}
}
{obstacle "body01"
	{obb2
		{center 18.2915 -0.22489}
		{extent 6.68592 9.90422}
		{axis 1 0}
	}
	{rotate}
}
{obstacle "body02"
	{obb2
		{center 21.0795 0.270533}
		{extent 14.7912 5.72265}
		{axis 1 0}
	}
	{rotate}
}
{obstacle "body03"
	{obb2
		{center 35.5275 -0.596574}
		{extent 6.22651 6.22651}
		{axis 0.981627 0.190809}
	}
	{rotate}
}
{obstacle "body04"
	{obb2
		{center -2.89103 -14.11}
		{extent 12.7774 4.92895}
		{axis 1 0}
	}
	{rotate}
}
{obstacle "body05"
	{obb2
		{center -2.89103 14.4881}
		{extent 12.7774 4.92895}
		{axis 1 0}
	}
	{rotate}
}
{obstacle "body07"
	{obb2
		{center -3.66797 0.480761}
		{extent 13.7296 16.7913}
		{axis 1 0}
	}
	{rotate}
}
{"volumes"
	{"body01"
		{cylinder 6.68592 19.8084}
		{bone "body"}
		{matrix34
			-0.9962 	 0 	 0.0872
			0.0872 	 0 	 0.9962
			0 	 1 	 0
			-7.7047 	 -0.7546 	 -5.0236
		}
	}
	{"body02"
		{box 28.1631 11.4453 17.5139}
		{bone "body"}
		{Position -10.0772 	 -0.2592 	 -0.1525}
	}
	{"body03"
		{cylinder 6.34305 4.82078}
		{bone "body"}
		{matrix34
			-0.9962 	 0 	 0.0872
			0 	 1 	 0
			-0.0872 	 0 	 -0.9962
			-25.8967 	 -1.1263 	 -15.1982
		}
	}
	{"body04"
		{cylinder 12.7774 9.85791}
		{bone "body"}
		{matrix34
			-0.9962 	 0 	 0.0872
			0.0872 	 0 	 0.9962
			0 	 1 	 0
			13.2965 	 -14.6397 	 -8.0214
		}
	}
	{"body05"
		{cylinder 12.7774 9.85791}
		{bone "body"}
		{matrix34
			-0.9962 	 0 	 0.0872
			0.0872 	 0 	 0.9962
			0 	 1 	 0
			13.2965 	 13.9583 	 -8.0214
		}
	}
	{"body07"
		{box 26.7828 33.5826 8.93008}
		{bone "body"}
		{Position 14.2035 	 -0.049 	 -6.5688}
	}
}
