;Exported by	: joomb
;Date			: 13.04.2023 16:25:31
;File			: H:\git\gem2-mdl-soldiers\models\building\building_ua01\building_07_v2_BBB.max
{skeleton
	{bone "b_ua_07_piece09"
		{orientation
			1 	 0 	 0
			0 	 -1 	 0
			0 	 0 	 1
		}
		{poly "b_ua_07_piece09"}
		{bone "fix05"
			{Position -36.9541 	 -70.5377 	 -48.2486}
		}
		{bone "fix06"
			{Position 39.9905 	 -70.5377 	 -48.2486}
		}
		{bone "fix08"
			{Position 42.8857 	 71.2494 	 -48.2486}
		}
		{bone "fix07"
			{Position -30.1714 	 71.2494 	 -48.2486}
		}
	}
}
{obstacle "roof06"
	{obb2
		{center -56.3203 0.8508}
		{extent 10.3727 9.56693}
		{axis 1 0}
	}
}
{"volumes"
	{"roof01"
		{polyhedron}
		{bone "b_ua_07_piece09"}
		{matrix34
			0 	 1 	 0
			-0.7573 	 0 	 -0.6531
			-0.6531 	 0 	 0.7573
			43.8992 	 15.283 	 0.2681
		}
	}
	{"roof02"
		{box 89.865 1.9685 21.5128}
		{bone "b_ua_07_piece09"}
		{matrix34
			-1 	 0 	 0
			0 	 -0.7573 	 -0.6531
			0 	 -0.6531 	 0.7573
			-19.8766 	 28.925 	 -0.6669
		}
	}
	{"roof03"
		{box 117.723 1.9685 33.7751}
		{bone "b_ua_07_piece09"}
		{matrix34
			-1 	 0 	 0
			0 	 -0.7573 	 -0.6531
			0 	 -0.6531 	 0.7573
			-19.8766 	 11.1378 	 19.9594
		}
	}
	{"roof04"
		{box 117.723 1.9685 45.5964}
		{bone "b_ua_07_piece09"}
		{matrix34
			1 	 0 	 0
			0 	 0.7573 	 -0.6531
			0 	 0.6531 	 0.7573
			-19.8766 	 -14.3217 	 15.6463
		}
	}
	{"roof05"
		{box 30.608 1.9685 29.6377}
		{bone "b_ua_07_piece09"}
		{matrix34
			0 	 1 	 0
			-0.7573 	 0 	 -0.6531
			-0.6531 	 0 	 0.7573
			45.9099 	 -6.3206 	 -2.0636
		}
	}
	{"roof06"
		{box 20.7453 19.1339 18.6186}
		{bone "b_ua_07_piece09"}
		{Position -56.3203 	 -0.8508 	 32.2692}
	}
}
