;Exported by	: KobaA
;Date			: 17.01.2024 13:27:03
;File			: d:\git\gem2-mdl-soldiers\models\building\water_mill\water_mill_fort_cut.max
{skeleton
	{bone "h_80a_g2_piece05"
		{orientation
			1 	 0 	 0
			0 	 -1 	 0
			0 	 0 	 1
		}
		{poly "h_80a_g2_piece05"}
		{bone "fix12"
			{Position 5.3265 	 13.386 	 -25.5518}
		}
		{bone "fix11"
			{Position 31.0905 	 13.386 	 -13.8902}
		}
		{bone "fix10"
			{Position -28.3701 	 13.386 	 -13.8902}
		}
		{bone "object319"
			{Position -1.1352 	 -32.8738 	 -3.1542}
			{poly "object319"}
		}
	}
}
{"volumes"
	{"body"
		{polyhedron}
		{bone "h_80a_g2_piece05"}
		{matrix34
			-1 	 0 	 0
			0 	 -1 	 0
			0 	 0 	 1
			1.6226 	 13.386 	 -19.3831
		}
	}
	{"floor"
		{polyhedron}
		{bone "h_80a_g2_piece05"}
		{Position 1.8709 	 1.9756 	 -3.4668}
	}
	{"roof1"
		{polyhedron}
		{bone "h_80a_g2_piece05"}
		{matrix34
			1 	 0 	 0
			0 	 0.766 	 -0.6428
			0 	 0.6428 	 0.766
			17.8996 	 11.0841 	 2.6029
		}
	}
	{"roof2"
		{polyhedron}
		{bone "h_80a_g2_piece05"}
		{matrix34
			1 	 0 	 0
			0 	 0.766 	 -0.6428
			0 	 0.6428 	 0.766
			-7.4631 	 7.189 	 5.8712
		}
	}
	{"roof3"
		{polyhedron}
		{bone "h_80a_g2_piece05"}
		{matrix34
			1 	 0 	 0
			0 	 0.9301 	 -0.3673
			0 	 0.3673 	 0.9301
			-13.5804 	 25.0686 	 -11.2766
		}
	}
}
