;Exported by	: Oleksandr Tsaprylov
;Date			: 03.02.2023 16:23:38
;File			: E:\projects\gem2-mdl-soldiers\models\entourage\shed_wood_destroyed\shed_wood_destroyed.max
{skeleton
	{bone "shed_wood_destroyed_piece_005_x"
		{orientation
			1 	 0 	 0
			0 	 -1 	 0
			0 	 0 	 1
		}
		{bone "piece03"
			{matrix34
				1 	 0 	 0
				0 	 0.8192 	 0.5736
				0 	 -0.5736 	 0.8192
				-20.621 	 -17.831 	 127.7
			}
			{poly "piece03"}
		}
		{bone "piece05"
			{matrix34
				-1 	 0 	 0
				0 	 -0.8192 	 0.5736
				0 	 0.5736 	 0.8192
				20.229 	 10.0093 	 129.894
			}
			{poly "piece05"}
		}
		{bone "piece07"
			{matrix34
				-1 	 0 	 0
				0 	 -0.8192 	 0.5736
				0 	 0.5736 	 0.8192
				-27.2186 	 9.1683 	 130.51
			}
			{poly "piece07"}
		}
		{bone "piece09"
			{matrix34
				0 	 0.8192 	 -0.5736
				-1 	 0 	 0
				0 	 0.5736 	 0.8192
				-42.1653 	 18.0152 	 121.983
			}
			{poly "piece09"}
		}
		{bone "piece13"
			{Position -41.8619 	 -19.8534 	 123.4}
			{poly "piece13"}
		}
		{bone "piece14"
			{Position 6.5385 	 -2.9657 	 135.487}
			{poly "piece14"}
		}
		{bone "piece02"
			{matrix34
				-0.1736 	 0.8067 	 0.5649
				-0.9848 	 -0.1422 	 -0.0996
				0 	 -0.5736 	 0.8192
				20.009 	 -16.3435 	 128.672
			}
			{poly "piece02"}
		}
		{bone "piece04"
			{matrix34
				0.1736 	 0.8067 	 0.5649
				-0.9848 	 0.1422 	 0.0996
				0 	 -0.5736 	 0.8192
				-23.7537 	 -48.8585 	 105.629
			}
			{poly "piece04"}
		}
		{bone "piece11"
			{Position 2.5802 	 -41.9798 	 110.389}
			{poly "piece11"}
		}
		{bone "piece01"
			{matrix34
				-0.7071 	 0.5792 	 0.4056
				-0.7071 	 -0.5792 	 -0.4056
				0 	 -0.5736 	 0.8192
				22.7142 	 -50.0867 	 105.018
			}
			{poly "piece01"}
		}
		{bone "piece10"
			{Position -40.757 	 24.6442 	 114.513}
			{poly "piece10"}
		}
		{bone "piece06"
			{matrix34
				-1 	 0 	 0
				0 	 -0.8192 	 0.5736
				0 	 0.5736 	 0.8192
				-21.7653 	 31.4473 	 114.979
			}
			{poly "piece06"}
		}
		{bone "piece08"
			{matrix34
				-0.1736 	 -0.8067 	 0.5649
				0.9848 	 -0.1422 	 0.0996
				0 	 0.5736 	 0.8192
				17.2989 	 30.9428 	 114.987
			}
			{poly "piece08"}
		}
		{bone "piece12"
			{Position 11.0818 	 15.13 	 125.804}
			{poly "piece12"}
		}
		{bone "piece15"
			{Position 40.7671 	 -28.3738 	 117.454}
			{poly "piece15"}
		}
	}
}
{"volumes"
	{"piece01"
		{box 16.3421 16.8737 1.08692}
		{bone "piece01"}
		{Position 0 	 1.4913 	 0.0076}
	}
	{"piece02"
		{box 18.4665 18.3923 1.08692}
		{bone "piece02"}
		{Position -0.7459 	 0.1771 	 -0.0308}
	}
	{"piece03"
		{box 19.3068 18.9441 1.08692}
		{bone "piece03"}
		{Position -1.0031 	 0.1054 	 0.1013}
	}
	{"piece04"
		{box 15.6966 18.3923 1.08692}
		{bone "piece04"}
		{Position 0 	 0.2846 	 0.0165}
	}
	{"piece05"
		{box 16.3421 16.8737 1.08692}
		{bone "piece05"}
		{Position 0 	 1.4913 	 0.0076}
	}
	{"piece06"
		{box 19.3068 18.9441 1.08692}
		{bone "piece06"}
		{Position -1.0031 	 0.1054 	 0.1013}
	}
	{"piece07"
		{box 18.4665 18.3923 1.08692}
		{bone "piece07"}
		{Position -0.7459 	 0.1771 	 -0.0308}
	}
	{"piece08"
		{box 15.6966 18.3923 1.08692}
		{bone "piece08"}
		{Position 0 	 0.2846 	 0.0165}
	}
	{"piece09"
		{box 2.3622 2.98768 47.4084}
		{bone "piece09"}
		{matrix34
			0 	 1 	 0
			0 	 0 	 1
			1 	 0 	 0
			-0.324 	 0.0599 	 -0.0269
		}
	}
	{"piece10"
		{box 1.58472 7.20607 23.5632}
		{bone "piece10"}
		{matrix34
			0 	 -0.5736 	 -0.8192
			0.0872 	 -0.816 	 0.5714
			-0.9962 	 -0.0714 	 0.05
			-0.8375 	 -0.1917 	 -0.1078
		}
	}
	{"piece11"
		{box 1.41732 2.09138 30.4212}
		{bone "piece11"}
		{matrix34
			0 	 -0.5736 	 0.8192
			0 	 -0.8192 	 -0.5736
			1 	 0 	 0
			-0.4174 	 -0.0932 	 0.0216
		}
	}
	{"piece12"
		{box 2.0315 1.25483 41.2453}
		{bone "piece12"}
		{matrix34
			0 	 0.8192 	 -0.5736
			0 	 0.5736 	 0.8192
			1 	 0 	 0
			0 	 -0.066 	 0.0226
		}
	}
	{"piece13"
		{box 2.3622 2.98768 34.8591}
		{bone "piece13"}
		{matrix34
			-1 	 0 	 0
			0 	 -0.5736 	 0.8192
			0 	 0.8192 	 0.5736
			0.0042 	 0.0786 	 0.1665
		}
	}
	{"piece14"
		{box 2.3622 2.98768 31.3732}
		{bone "piece14"}
		{matrix34
			0 	 1 	 0
			0 	 0 	 1
			1 	 0 	 0
			-0.6814 	 -0.115 	 0.0731
		}
	}
	{"piece15"
		{box 2.3622 2.98768 34.8591}
		{bone "piece15"}
		{matrix34
			-1 	 0 	 0
			0 	 -0.5736 	 0.8192
			0 	 0.8192 	 0.5736
			0.0042 	 0.0786 	 0.1665
		}
	}
}
