;Exported by:	 tolokolnikova
;Date:			 27.06.2017 14:31:37
;File:			 D:\gem2\gem2-mdl-soldiers\models\building\house_D\D_003_x_fort.max
{skeleton
	{bone "d003_piece01_point"
		{orientation
			1 	 0 	 0
			0 	 -1 	 0
			0 	 0 	 1
		}
		{bone "sub_piece05"
			{Position 13.1353 	 17.4281 	 40.8774}
			{poly "sub_piece05"}
		}
		{bone "piece01"
			{Position 25.7518 	 -24.6345 	 2.0351}
			{poly "piece01"}
		}
		{bone "piece02"
			{matrix34
				1 	 0 	 0
				0 	 0.8192 	 -0.5736
				0 	 0.5736 	 0.8192
				25.7935 	 2.3842 	 35.2188
			}
			{poly "piece02"}
		}
		{bone "piece03"
			{matrix34
				1 	 0 	 0
				0 	 0.2588 	 -0.9659
				0 	 0.9659 	 0.2588
				25.6518 	 -4.9528 	 16.7447
			}
			{poly "piece03"}
		}
		{bone "piece04"
			{Position 25.77 	 -13.208 	 -15.3952}
			{poly "piece04"}
		}
		{bone "piece05"
			{Position 25.7684 	 34.1332 	 21.0309}
			{poly "piece05"}
		}
		{bone "piece06"
			{Position 25.77 	 15.8703 	 0.8479}
			{poly "piece06"}
		}
		{bone "piece07"
			{Position 25.7935 	 32.0654 	 -16.8162}
			{poly "piece07"}
		}
		{bone "sub_piece06"
			{matrix34
				0 	 1 	 0
				-0.766 	 0 	 0.6428
				0.6428 	 0 	 0.766
				14.0738 	 43.7216 	 -15.1471
			}
			{poly "sub_piece06"}
		}
		{bone "piece08"
			{Position 18.9008 	 43.6331 	 14.9531}
			{poly "piece08"}
		}
		{bone "sub_piece01"
			{Position 25.7051 	 39.1082 	 0.8263}
			{poly "sub_piece01"}
		}
		{bone "sub_piece02"
			{matrix34
				0 	 -1 	 0
				1 	 0 	 0
				0 	 0 	 1
				25.7564 	 -4.3187 	 0.1849
			}
			{poly "sub_piece02"}
		}
		{bone "sub_piece03"
			{matrix34
				0 	 -1 	 0
				1 	 0 	 0
				0 	 0 	 1
				25.7892 	 13.6605 	 21.688
			}
			{poly "sub_piece03"}
		}
		{bone "sub_piece04"
			{Position 25.642 	 8.7961 	 -21.2371}
			{poly "sub_piece04"}
		}
		{bone "sub_piece07"
			{Position 18.8302 	 43.7841 	 -1.9837}
			{poly "sub_piece07"}
		}
	}
}
{volume "piece01"
	{box 5.90551 12.432 19.4865}
	{bone "piece01"}
	{Position 0.1324 	 1.2563 	 0.4458}
}
{volume "piece02"
	{box 5.90551 23.4965 10.3279}
	{bone "piece02"}
	{matrix34
		1 	 0 	 0
		0 	 0.9563 	 0.2924
		0 	 -0.2924 	 0.9563
		0.1324 	 0.3764 	 0.3558
	}
}
{volume "piece03"
	{box 5.90551 12.432 19.4865}
	{bone "piece03"}
	{matrix34
		1 	 0 	 0
		0 	 0.9659 	 -0.2588
		0 	 0.2588 	 0.9659
		0.1324 	 -0.2187 	 0.075
	}
}
{volume "piece04"
	{box 5.90551 23.4965 10.3279}
	{bone "piece04"}
	{matrix34
		1 	 0 	 0
		0 	 0.9563 	 0.2924
		0 	 -0.2924 	 0.9563
		0.1324 	 0.2998 	 0.255
	}
}
{volume "piece05"
	{box 5.90551 12.432 19.4865}
	{bone "piece05"}
	{Position 0.1324 	 -2.0349 	 -0.0706}
}
{volume "piece06"
	{box 5.90551 15.0377 17.9705}
	{bone "piece06"}
	{matrix34
		1 	 0 	 0
		0 	 0.788 	 -0.6157
		0 	 0.6157 	 0.788
		0.1324 	 0.9236 	 -0.7791
	}
}
{volume "piece07"
	{box 5.90551 23.4965 10.3279}
	{bone "piece07"}
	{matrix34
		1 	 0 	 0
		0 	 0.9563 	 0.2924
		0 	 -0.2924 	 0.9563
		0.1324 	 0.3764 	 0.3558
	}
}
{volume "piece08"
	{box 15.2362 5.90551 22.6044}
	{bone "piece08"}
	{Position 0.1324 	 -0.3641 	 2.0047}
}
{volume "sub_piece01"
	{box 5.90551 8.7024 11.3022}
	{bone "sub_piece01"}
	{Position 0.1324 	 -0.7574 	 0.1242}
}
{volume "sub_piece02"
	{box 5.90551 11.2261 9.83291}
	{bone "sub_piece02"}
	{matrix34
		0 	 1 	 0
		-1 	 0 	 0
		0 	 0 	 1
		-0.2401 	 0.6656 	 0.8333
	}
}
{volume "sub_piece03"
	{box 5.90551 12.7925 8.70269}
	{bone "sub_piece03"}
	{matrix34
		0 	 1 	 0
		-1 	 0 	 0
		0 	 0 	 1
		0.6519 	 0.7339 	 0.4247
	}
}
{volume "sub_piece04"
	{box 5.90551 8.7024 6.89434}
	{bone "sub_piece04"}
	{Position 0.1324 	 -0.2551 	 0.6881}
}
{volume "sub_piece05"
	{box 17.3087 1.68112 22.1465}
	{bone "sub_piece05"}
	{matrix34
		1 	 0 	 0
		0 	 0.342 	 0.9397
		0 	 -0.9397 	 0.342
		1.3364 	 -0.1058 	 0.0385
	}
}
{volume "sub_piece06"
	{box 5.90551 23.4965 10.3279}
	{bone "sub_piece06"}
	{matrix34
		1 	 0 	 0
		0 	 0.9563 	 0.2924
		0 	 -0.2924 	 0.9563
		0.0711 	 0.3764 	 0.3558
	}
}
{volume "sub_piece07"
	{box 5.90551 12.7925 8.70269}
	{bone "sub_piece07"}
	{matrix34
		0 	 1 	 0
		-1 	 0 	 0
		0 	 0 	 1
		0.6519 	 0.7339 	 0.4247
	}
}
