;Exported by	: joomb
;Date			: 13.04.2023 15:01:33
;File			: H:\git\gem2-mdl-soldiers\models\building\building_ua01\building_ua04_2v.max
{skeleton
	{bone "b_ua_04_piece12"
		{orientation
			1 	 0 	 0
			0 	 -1 	 0
			0 	 0 	 1
		}
		{poly "b_ua_04_piece12"}
		{bone "fix01"
			{Position 38.2048 	 61.5043 	 -66.544}
		}
		{bone "fix02"
			{Position -32.2522 	 61.0824 	 -66.544}
		}
		{bone "fix03"
			{Position -1.6537 	 -61.7631 	 -62.5328}
		}
		{bone "fix04"
			{Position -43.4812 	 -61.8751 	 -62.5328}
		}
	}
}
{"volumes"
	{"roof01"
		{box 15.5986 1.9685 30.8393}
		{bone "b_ua_04_piece12"}
		{matrix34
			1 	 0 	 0
			0 	 0.7071 	 -0.7071
			0 	 0.7071 	 0.7071
			-74.8511 	 -51.0575 	 -27.2887
		}
	}
	{"roof02"
		{box 136.352 1.9685 59.9055}
		{bone "b_ua_04_piece12"}
		{matrix34
			1 	 0 	 0
			0 	 0.7071 	 -0.7071
			0 	 0.7071 	 0.7071
			0.1984 	 -36.1777 	 -12.4089
		}
	}
	{"roof03"
		{box 72.7112 1.9685 69.1166}
		{bone "b_ua_04_piece12"}
		{matrix34
			-1 	 0 	 0
			0 	 -0.766 	 -0.6428
			0 	 -0.6428 	 0.766
			40.1283 	 48.3315 	 -20.4529
		}
	}
	{"roof04"
		{box 72.7112 1.9685 56.3142}
		{bone "b_ua_04_piece12"}
		{matrix34
			-1 	 0 	 0
			0 	 -0.766 	 -0.6428
			0 	 -0.6428 	 0.766
			-30.3434 	 45.1777 	 -14.9762
		}
	}
	{"roof05"
		{box 59.9947 1.9685 19.7688}
		{bone "b_ua_04_piece12"}
		{matrix34
			1 	 0 	 0
			0 	 0.7071 	 -0.7071
			0 	 0.7071 	 0.7071
			-37.1186 	 -64.3577 	 -40.5889
		}
	}
	{"roof06"
		{box 19.0869 1.9685 30.8393}
		{bone "b_ua_04_piece12"}
		{matrix34
			0.7071 	 0.5 	 0.5
			0 	 0.7071 	 -0.7071
			-0.7071 	 0.5 	 0.5
			72.2129 	 -60.2494 	 -36.4806
		}
	}
}
