;Exported by:	 tolokolnikova
;Date:			 27.06.2017 14:38:47
;File:			 D:\gem2\gem2-mdl-soldiers\models\building\house_D\D_004_x_fort.max
{skeleton
	{bone "d004_piece22_point"
		{orientation
			1 	 0 	 0
			0 	 -1 	 0
			0 	 0 	 1
		}
		{bone "sub_piece06"
			{Position 36.5606 	 3.7229 	 6.9596}
			{poly "sub_piece06"}
		}
		{bone "sub_piece07"
			{Position 36.5882 	 -15.5963 	 0.7959}
			{poly "sub_piece07"}
		}
		{bone "sub_piece08"
			{Position 29.0601 	 -22.9814 	 -0.0626}
			{poly "sub_piece08"}
		}
		{bone "piece01"
			{Position -27.8266 	 -23.0036 	 -2.6983}
			{poly "piece01"}
		}
		{bone "piece02"
			{Position -10.7097 	 -22.9942 	 -9.9253}
			{poly "piece02"}
		}
		{bone "piece03"
			{Position 11.1029 	 -22.9647 	 -3.5428}
			{poly "piece03"}
		}
		{bone "sub_piece01"
			{matrix34
				1 	 0 	 0
				0 	 0.3499 	 -0.9368
				0 	 -0.9368 	 -0.3499
				32.6225 	 11.4151 	 18.5549
			}
			{poly "sub_piece01"}
		}
		{bone "sub_piece05"
			{Position -19.0887 	 -0.6659 	 16.0545}
			{poly "sub_piece05"}
		}
		{bone "sub_piece04"
			{Position 10.9778 	 9.1521 	 19.4032}
			{poly "sub_piece04"}
		}
		{bone "sub_piece02"
			{Position -25.0277 	 -24.6996 	 6.7936}
			{poly "sub_piece02"}
		}
		{bone "sub_piece03"
			{Position 15.5089 	 -13.9698 	 11.5145}
			{poly "sub_piece03"}
		}
	}
}
{volume "piece01"
	{box 5.90551 20.855 16.0112}
	{bone "piece01"}
	{matrix34
		0 	 -1 	 0
		1 	 0 	 0
		0 	 0 	 1
		0 	 0.1967 	 0.3945
	}
}
{volume "piece02"
	{box 5.90551 18.844 22.8271}
	{bone "piece02"}
	{matrix34
		0 	 -1 	 0
		1 	 0 	 0
		0 	 0 	 1
		0 	 0 	 0.2546
	}
}
{volume "piece03"
	{box 5.90551 20.855 16.0112}
	{bone "piece03"}
	{matrix34
		0 	 -1 	 0
		1 	 0 	 0
		0 	 0 	 1
		0 	 0.0392 	 0.3945
	}
}
{volume "sub_piece01"
	{box 1.85528 2.64662 25.3376}
	{bone "sub_piece01"}
	{matrix34
		0 	 -1 	 -0.0084
		1 	 0 	 0
		0 	 0.0084 	 -1
		0 	 -0.0014 	 0.1616
	}
}
{volume "sub_piece02"
	{box 0.927638 13.1853 9.28783}
	{bone "sub_piece02"}
	{matrix34
		0 	 -0.342 	 0.9397
		1 	 0 	 0
		0 	 0.9397 	 0.342
		0.8206 	 0.105 	 0.0355
	}
}
{volume "sub_piece03"
	{box 1.36417 16.2115 13.6586}
	{bone "sub_piece03"}
	{matrix34
		0 	 -0.342 	 0.9397
		1 	 0 	 0
		0 	 0.9397 	 0.342
		0.6873 	 -0.1377 	 -0.0501
	}
}
{volume "sub_piece04"
	{box 1.36417 13.8237 15.4401}
	{bone "sub_piece04"}
	{matrix34
		0 	 -0.342 	 0.9397
		1 	 0 	 0
		0 	 0.9397 	 0.342
		-0.3024 	 -3.3487 	 -1.1274
	}
}
{volume "sub_piece05"
	{box 1.36417 21.6153 13.6586}
	{bone "sub_piece05"}
	{matrix34
		0 	 -0.342 	 0.9397
		1 	 0 	 0
		0 	 0.9397 	 0.342
		-0.2723 	 -1.7752 	 -0.3439
	}
}
{volume "sub_piece06"
	{box 5.90551 14.9468 9.60522}
	{bone "sub_piece06"}
	{Position 0 	 -0.5005 	 -1.7789}
}
{volume "sub_piece07"
	{box 5.90551 14.9468 12.0065}
	{bone "sub_piece07"}
	{Position 0 	 2.9362 	 -0.5782}
}
{volume "sub_piece08"
	{box 5.90551 14.9468 12.0065}
	{bone "sub_piece08"}
	{matrix34
		0.1277 	 -0.9916 	 -0.019
		0.9911 	 0.1283 	 -0.0343
		0.0365 	 -0.0145 	 0.9992
		2.1444 	 0.0642 	 -0.6487
	}
}
