;Exported by:	 tolokolnikova
;Date:			 27.04.2016 10:40:08
;File:			 D:\gem2\gem2-mdl-soldiers\models\building\hangar_wood\HW2_x.max
{skeleton
	{bone "hangar_piece_12"
		{orientation
			1 	 0 	 0
			0 	 -1 	 0
			0 	 0 	 1
		}
		{bone "sub_piece04"
			{matrix34
				1 	 -0.0058 	 0
				0.0058 	 1 	 0
				0 	 0 	 1
				103.733 	 -18.7294 	 2.9036
			}
			{poly "sub_piece04"}
		}
		{bone "piece01"
			{matrix34
				-1 	 0.0058 	 0
				-0.0058 	 -1 	 0
				0 	 0 	 1
				97.8312 	 8.4923 	 4.7385
			}
			{poly "piece01"}
		}
		{bone "sub_piece05"
			{matrix34
				1 	 -0.0058 	 0
				-0.0008 	 -0.1392 	 0.9903
				-0.0057 	 -0.9903 	 -0.1392
				45.9946 	 -34.845 	 0.7585
			}
			{poly "sub_piece05"}
		}
		{bone "piece03"
			{matrix34
				-1 	 0.0058 	 0
				0.0008 	 0.1392 	 0.9903
				0.0057 	 0.9903 	 -0.1392
				36.3189 	 15.2283 	 3.6126
			}
			{poly "piece03"}
		}
		{bone "sub_piece03"
			{matrix34
				1 	 -0.0058 	 0
				-0.0008 	 -0.1392 	 0.9903
				-0.0057 	 -0.9903 	 -0.1392
				-8.0515 	 -20.6215 	 2.8324
			}
			{poly "sub_piece03"}
		}
		{bone "piece02"
			{matrix34
				-1 	 0.0058 	 0
				-0.0058 	 -1 	 0
				0 	 0 	 1
				-20.854 	 13.3362 	 3.6837
			}
			{poly "piece02"}
		}
		{bone "piece04"
			{matrix34
				-1 	 0.0058 	 0
				0.0008 	 0.1392 	 0.9903
				0.0057 	 0.9903 	 -0.1392
				-55.4324 	 36.0097 	 0.585
			}
			{poly "piece04"}
		}
		{bone "sub_piece02"
			{matrix34
				1 	 -0.0058 	 0
				0.0058 	 1 	 0
				0 	 0 	 1
				-69.5639 	 -13.8856 	 3.9583
			}
			{poly "sub_piece02"}
		}
		{bone "sub_piece01"
			{matrix34
				-1 	 0.0058 	 0
				0.0008 	 0.1392 	 0.9903
				0.0057 	 0.9903 	 -0.1392
				-105.004 	 25.3368 	 2.2985
			}
			{poly "sub_piece01"}
		}
	}
}
{volume "piece01"
	{box 19.2685 1.19832 14.121}
	{bone "piece01"}
	{matrix34
		1 	 0 	 0
		0 	 0.1544 	 -0.988
		0 	 0.988 	 0.1544
		0.64 	 0.0229 	 0.5507
	}
}
{volume "piece02"
	{box 35.8394 1.19832 16.5215}
	{bone "piece02"}
	{matrix34
		1 	 0 	 0
		0 	 0.1544 	 -0.988
		0 	 0.988 	 0.1544
		1.6443 	 1.7489 	 0.77
	}
}
{volume "piece03"
	{box 24.3151 1.19832 25.8059}
	{bone "piece03"}
	{matrix34
		1 	 0 	 0
		0 	 -0.9994 	 -0.0349
		0 	 0.0349 	 -0.9994
		0 	 -0.2844 	 0.2674
	}
}
{volume "piece04"
	{box 32.6771 1.19832 25.8059}
	{bone "piece04"}
	{matrix34
		1 	 0 	 0
		0 	 -0.9999 	 -0.0154
		0 	 0.0154 	 -0.9999
		0.3657 	 0.29 	 0.145
	}
}
{volume "sub_piece01"
	{box 24.3151 1.19832 25.8059}
	{bone "sub_piece01"}
	{matrix34
		1 	 0 	 0
		0 	 -0.9994 	 -0.0349
		0 	 0.0349 	 -0.9994
		0 	 -0.2844 	 0.2674
	}
}
{volume "sub_piece02"
	{box 19.2685 1.19832 14.121}
	{bone "sub_piece02"}
	{matrix34
		1 	 0 	 0
		0 	 0.1544 	 -0.988
		0 	 0.988 	 0.1544
		0.64 	 0.0229 	 0.5507
	}
}
{volume "sub_piece03"
	{box 24.3151 1.19832 25.8059}
	{bone "sub_piece03"}
	{matrix34
		1 	 0 	 0
		0 	 -0.9994 	 -0.0349
		0 	 0.0349 	 -0.9994
		0 	 -0.2844 	 0.2674
	}
}
{volume "sub_piece04"
	{box 35.8394 1.19832 16.5215}
	{bone "sub_piece04"}
	{matrix34
		1 	 0 	 0
		0 	 0.1544 	 -0.988
		0 	 0.988 	 0.1544
		1.6443 	 1.7489 	 0.77
	}
}
{volume "sub_piece05"
	{box 32.6771 1.19832 25.8059}
	{bone "sub_piece05"}
	{matrix34
		1 	 0 	 0
		0 	 -0.9999 	 -0.0154
		0 	 0.0154 	 -0.9999
		0.3657 	 0.29 	 0.145
	}
}
