;Exported by: sasha
;Date:        Tue Apr 01 14:07:46 2008
;File:        D:\-Project-\-3D-\algiers\algere_storage1_x_v2.max
{Skeleton
	{bone "tb1b_f2w2_x"
		{Orientation
			1	0	0
			0	-1	0
			0	0	1
		}
		{bone "sub_piece0"
			{Position 20.7245	1.32027	29.0624}
			{poly "sub_piece0"}
		}
		{bone "sub_piece1"
			{Position -27.6929	12.6651	8.06361}
			{poly "sub_piece1"}
		}
		{bone "sub_piece2"
			{Position -22.7881	3.05176e-005	29.449}
			{poly "sub_piece2"}
		}
		{bone "piece3"
			{Position 25.0255	1.21132	25.4622}
			{poly "piece3"}
		}
		{bone "piece4"
			{Position 28.0493	12.6651	10.75}
			{poly "piece4"}
			{bone "sub_piece4"
				{Position -20.9722	0	1.12816}
				{poly "sub_piece4"}
			}
		}
		{bone "piece5"
			{Position -1.7775	12.6651	-11.554}
			{poly "piece5"}
		}
		{bone "piece6"
			{Position -26.2495	-2.22006	26.0815}
			{poly "piece6"}
		}
		{bone "fx_wood1"
			{Matrix34
				0.0484104	0	0.998828
				0	1	0
				-0.998828	0	0.0484104
				0	0	27.283
			}
		}
	}
}
{Volume "piece3"
	{Cylinder 1.53189 26.1404}
	{Bone "piece3"}
	{Matrix34
		1	0	0
		0	0.182172	0.983267
		0	-0.983267	0.182172
		0	0.570965	-0.178474
	}
}
{Volume "piece4"
	{Box 29.8514 6.88977 20.9874}
	{Bone "piece4"}
	{Position 0	0	0}
}
{Volume "piece5"
	{Box 34.8392 6.88977 24.6473}
	{Bone "piece5"}
}
{Volume "piece6"
	{Cylinder 1.78285 31.9314}
	{Bone "piece6"}
	{Matrix34
		1	0	0
		0	0.182172	0.983267
		0	-0.983267	0.182172
		0	0.539864	0.2619
	}
}
{Volume "sub_piece0"
	{Box 35.3777 2.49017 39.2384}
	{Bone "sub_piece0"}
	{Matrix34
		0	-0.945074	0.326856
		0	0.326856	0.945074
		-1	0	0
		-2.61395	-0.474518	0.253448
	}
}
{Volume "sub_piece1"
	{Box 27.2339 6.88977 25.0169}
	{Bone "sub_piece1"}
	{Position 0	0	0}
}
{Volume "sub_piece2"
	{Box 35.3777 2.49017 35.3145}
	{Bone "sub_piece2"}
	{Matrix34
		0	-0.945074	0.326856
		0	0.326856	0.945074
		-1	0	0
		0.15489	0.845748	-0.133092
	}
}
{Volume "sub_piece4"
	{Box 16.6211 6.88977 16.5024}
	{Bone "sub_piece4"}
}
