;Exported by:	 PriadkoR
;Date:			 28.11.2019 15:38:36
;File:			 E:\Git\gem2-mdl-soldiers\models\fence\Fence_wood_ua\gate_wood_ua02.max
{skeleton
	{bone "ua_gate_wood_03_piece03_point"
		{orientation
			1 	 0 	 0
			0 	 -1 	 0
			0 	 0 	 1
		}
		{bone "piece01"
			{Position -10.4796 	 -28.2961 	 24.3767}
			{poly "piece01"}
		}
		{bone "body"
			{Position -9.8372 	 -28.406 	 1.2702}
			{poly "body"}
		}
		{bone "piece02"
			{matrix34
				-0.4226 	 -0.9063 	 0
				-0.9063 	 0.4226 	 0
				0 	 0 	 1
				9.5221 	 7.3371 	 24.833
			}
			{poly "piece02"}
		}
		{bone "piece05"
			{matrix34
				0.4166 	 0.9091 	 0
				-0.9091 	 0.4166 	 0
				0 	 0 	 1
				0.1661 	 -12.455 	 2.018
			}
			{poly "piece05"}
		}
		{bone "piece04"
			{matrix34
				0.4118 	 0.9063 	 -0.095
				-0.9092 	 0.4156 	 0.0245
				0.0617 	 0.0763 	 0.9952
				2.5162 	 -7.7141 	 22.91
			}
			{poly "piece04"}
		}
		{bone "piece03"
			{matrix34
				0.4084 	 0.9061 	 -0.1108
				-0.9115 	 0.4112 	 0.0031
				0.0483 	 0.0997 	 0.9938
				1.9975 	 -8.7093 	 14.9198
			}
			{poly "piece03"}
		}
		{bone "fx_wood1c"
			{parameters "lastpose=undefined;"}
			{Position 97.8679 	 -21.0175 	 -1.4137}
		}
	}
}
{volume "piece01"
	{box 4.10168 3.87935 19.8978}
	{bone "piece01"}
	{Position 0.8172 	 -0.086 	 5.734}
}
{volume "piece02"
	{box 2.18813 1.2455 15.2272}
	{bone "piece02"}
	{matrix34
		-1 	 -0.01 	 0
		-0.01 	 1 	 0
		0 	 0 	 1
		-0.0504 	 -0.0439 	 -4.1396
	}
}
{volume "piece03"
	{box 21.8297 0.696747 2.90337}
	{bone "piece03"}
	{matrix34
		1 	 0.0027 	 0
		-0.0027 	 1 	 0
		0 	 0 	 1
		-5.9047 	 -0.0652 	 0.0334
	}
}
{volume "piece04"
	{box 0.93764 16.8262 3.26425}
	{bone "piece04"}
	{matrix34
		0.0271 	 -0.9972 	 0.07
		0.9994 	 0.0257 	 -0.0212
		0.0194 	 0.0705 	 0.9973
		-8.3119 	 -0.129 	 0.1321
	}
}
{volume "piece05"
	{box 17.508 1.14896 3.32354}
	{bone "piece05"}
	{matrix34
		1 	 -0.0059 	 0
		0.0059 	 1 	 0
		0 	 0 	 1
		5.4953 	 0.0999 	 0.4366
	}
}
