;Exported by:	 tolokolnikova
;Date:			 27.06.2017 14:38:47
;File:			 D:\gem2\gem2-mdl-soldiers\models\building\house_D\D_004_x_fort.max
{skeleton
	{bone "d004_piece20_point"
		{orientation
			1 	 0 	 0
			0 	 -1 	 0
			0 	 0 	 1
		}
		{bone "piece03"
			{matrix34
				1 	 0 	 0
				0 	 0.8192 	 0.5736
				0 	 -0.5736 	 0.8192
				-55.4126 	 -0.2347 	 13.7041
			}
			{poly "piece03"}
		}
		{bone "sub_piece01"
			{Position -55.402 	 0.5704 	 -2.7033}
			{poly "sub_piece01"}
		}
		{bone "piece01"
			{Position -55.4002 	 -20.1639 	 -5.5138}
			{poly "piece01"}
		}
		{bone "piece02"
			{Position -55.4014 	 -45.4642 	 -4.6128}
			{poly "piece02"}
		}
		{bone "sub_piece02"
			{Position -39.7204 	 -3.5736 	 17.3893}
			{poly "sub_piece02"}
		}
		{bone "sub_piece03"
			{Position -33.9285 	 -38.1528 	 5.2932}
			{poly "sub_piece03"}
		}
		{bone "sub_piece04"
			{Position -44.5704 	 10.8469 	 18.4612}
			{poly "sub_piece04"}
		}
	}
}
{volume "piece01"
	{box 5.90551 20.855 16.0112}
	{bone "piece01"}
	{Position 0 	 -0.801 	 0.3945}
}
{volume "piece02"
	{box 5.90551 14.9468 12.0065}
	{bone "piece02"}
	{Position 0 	 3.0253 	 -0.5782}
}
{volume "piece03"
	{box 5.90551 14.9468 9.60522}
	{bone "piece03"}
	{Position 0 	 -0.5005 	 -1.7788}
}
{volume "sub_piece01"
	{box 5.90551 13.9966 9.0555}
	{bone "sub_piece01"}
	{Position 0 	 -0.6763 	 1.2184}
}
{volume "sub_piece02"
	{box 1.36417 13.8237 15.4401}
	{bone "sub_piece02"}
	{matrix34
		0 	 -0.342 	 0.9397
		1 	 0 	 0
		0 	 0.9397 	 0.342
		-0.3024 	 -3.3487 	 -1.1274
	}
}
{volume "sub_piece03"
	{box 1.36417 16.2115 13.6586}
	{bone "sub_piece03"}
	{matrix34
		0 	 -0.342 	 0.9397
		1 	 0 	 0
		0 	 0.9397 	 0.342
		0.6873 	 -0.1377 	 -0.0501
	}
}
{volume "sub_piece04"
	{box 1.36417 13.6598 10.7582}
	{bone "sub_piece04"}
	{matrix34
		0 	 0.342 	 0.9397
		-1 	 0 	 0
		0 	 -0.9397 	 0.342
		0.3098 	 -0.1423 	 0.2217
	}
}
