;Exported by:	 evhen
;Date:			 02.03.2020 15:46:42
;File:			 D:\gem2-mdl-soldiers\models\entourage\ru\cart_ru_001\cart_ru_003.max
{skeleton
	{bone "cart_ru_003"
		{orientation
			1 	 0 	 0
			0 	 -1 	 0
			0 	 0 	 1
		}
		{bone "body"
			{matrix34
				1 	 0 	 0
				0 	 0.9833 	 -0.1822
				0 	 0.1822 	 0.9833
				-0.9225 	 0.9301 	 10.1495
			}
			{poly "body"}
		}
	}
}
{obstacle "obstacle01"
	{obb2
		{center 0 -2.11618}
		{extent 35.6661 17.0945}
		{axis 1.62921e-007 1}
	}
	{rotate}
}
{volume "body01"
	{box 64.4888 22.8236 0.842935}
	{bone "body"}
	{matrix34
		0 	 1 	 0.0016
		-1 	 0 	 0
		0 	 -0.0016 	 1
		0.9225 	 0.0259 	 1.1354
	}
}
{volume "body02"
	{box 64.4888 0.912947 6.77631}
	{bone "body"}
	{matrix34
		0 	 1 	 0.0016
		-0.866 	 -0.0008 	 0.5
		0.5 	 -0.0014 	 0.866
		12.6047 	 0.0203 	 4.7003
	}
}
{volume "body03"
	{box 64.4888 0.613135 3.77013}
	{bone "body"}
	{matrix34
		0 	 1 	 0.0016
		-0.866 	 -0.0008 	 0.5
		0.5 	 -0.0014 	 0.866
		15.3364 	 0.0075 	 12.8595
	}
}
{volume "body04"
	{box 64.4888 0.912947 6.77631}
	{bone "body"}
	{matrix34
		0 	 1 	 0.0016
		-0.866 	 0.0008 	 -0.5
		-0.5 	 -0.0014 	 0.866
		-10.5763 	 0.0203 	 4.7003
	}
}
{volume "body05"
	{box 0.902846 25.7907 2.12799}
	{bone "body"}
	{matrix34
		0 	 1 	 0.0016
		-1 	 0 	 0
		0 	 -0.0016 	 1
		0.9225 	 33.9291 	 6.5895
	}
}
{volume "body06"
	{box 0.902846 25.7907 2.12799}
	{bone "body"}
	{matrix34
		-0.0173 	 0.9998 	 0.004
		-0.9901 	 -0.0177 	 0.1391
		0.1392 	 -0.0016 	 0.9903
		0.6447 	 -33.8672 	 4.9406
	}
}
{volume "body07"
	{box 3.67586 26.019 0.842935}
	{bone "body"}
	{matrix34
		0 	 1 	 0.0016
		-1 	 0 	 0
		0 	 -0.0016 	 1
		0.9225 	 23.3026 	 6.7801
	}
}
{volume "body08"
	{box 0.698051 20.9947 3.14415}
	{bone "body"}
	{matrix34
		0 	 1 	 0.0016
		-1 	 0 	 0
		0 	 -0.0016 	 1
		0.9225 	 20.1155 	 4.4005
	}
}
{volume "body09"
	{box 3.24314 18.8952 4.30748}
	{bone "body"}
	{matrix34
		0 	 1 	 0.0016
		-1 	 0 	 0
		0 	 -0.0016 	 1
		0.9225 	 -22.9734 	 -3.5759
	}
}
{volume "body10"
	{box 5.81593 18.8952 3.14446}
	{bone "body"}
	{matrix34
		0.1219 	 0.9925 	 0.0016
		-0.9925 	 0.1219 	 0.0002
		0 	 -0.0016 	 1
		1.0755 	 26.8236 	 -2.7405
	}
}
{volume "body11"
	{cylinder 8.82949 1.22681}
	{bone "body"}
	{matrix34
		0 	 0.9833 	 0.1822
		0 	 -0.1822 	 0.9833
		1 	 0 	 0
		-12.343 	 -23.023 	 -5.7649
	}
}
{volume "body12"
	{cylinder 8.82949 1.22681}
	{bone "body"}
	{matrix34
		0 	 0.9833 	 0.1822
		0 	 -0.1822 	 0.9833
		1 	 0 	 0
		14.313 	 -23.023 	 -5.7649
	}
}
{volume "body13"
	{box 1.23277 0.631674 25.0245}
	{bone "body"}
	{matrix34
		-0.036 	 0.9905 	 -0.1329
		-0.9659 	 -0.0004 	 0.2588
		0.2563 	 0.1377 	 0.9567
		-16.8298 	 -19.5415 	 -3.2949
	}
}
