;Exported by	: KobaA
;Date			: 14.05.2024 09:54:59
;File			: d:\git\gem2-mdl-soldiers\models\inventory\-weapon\mg42\mg42_stan.max
{skeleton
	{animation
		{sequence "close" {speed 0.5}}
	}
	{bone revolute "basis"
		{speed 0.01}
		{orientation
			1 	 0 	 0
			0 	 -1 	 0
			0 	 0 	 1
		}
		{bone "body"
			{parameters "id=body;"}
			{Position 0 	 0 	 22.5641}
			{poly "body" {lod 0}}
			{poly "body_lod1" {lod 1}}
			{poly "body_lod2" {lod 2}}
			{poly "body_lod3" {lod 3 {last}}}
			{bone "stand_front_high"
				{parameters "id=body;"}
				{Position 3.4268 	 0.0047 	 0.79}
				{poly "stand_front_high" {lod 0}}
				{poly "stand_front_high_lod1" {lod 1}}
				{poly "stand_front_high_lod2" {lod 2}}
				{poly "stand_front_high_lod3" {lod 3 {last}}}
				{bone "stand_front_low"
					{parameters "id=body;"}
					{matrix34
						-0.9302 	 0 	 -0.367
						0 	 -1 	 0
						-0.367 	 0 	 0.9302
						3.1805 	 -0.0047 	 -7.7889
					}
					{poly "stand_front_low" {lod 0}}
					{poly "stand_front_low_lod1" {lod 1}}
					{poly "stand_front_low_lod2" {lod 2}}
					{poly "stand_front_low_lod3" {lod 3 {last}}}
				}
			}
			{bone "stand_left_high"
				{parameters "id=body;"}
				{matrix34
					-0.9397 	 0.342 	 0
					-0.342 	 -0.9397 	 0
					0 	 0 	 1
					-4.9264 	 3.1847 	 -1.9128
				}
				{poly "stand_left_high" {lod 0}}
				{poly "stand_left_high_lod1" {lod 1}}
				{poly "stand_left_high_lod2" {lod 2}}
				{poly "stand_left_high_lod3" {lod 3 {last}}}
				{bone "stand_left_low"
					{parameters "id=body;"}
					{matrix34
						0.9192 	 0.3346 	 0.2076
						-0.2457 	 0.8994 	 -0.3616
						-0.3077 	 0.2813 	 0.9089
						7.0931 	 -5.8681 	 -20.2527
					}
					{poly "stand_left_low" {lod 0}}
					{poly "stand_left_low_lod1" {lod 1}}
					{poly "stand_left_low_lod2" {lod 2}}
					{poly "stand_left_low_lod3" {lod 3 {last}}}
				}
			}
			{bone "stand_mid"
				{parameters "id=body;"}
				{matrix34
					-1 	 0 	 -0.0012
					0 	 -1 	 0
					-0.0012 	 0 	 1
					-5.5762 	 0.033 	 -2.5077
				}
				{poly "stand_mid" {lod 0}}
				{poly "stand_mid_lod1" {lod 1}}
				{poly "stand_mid_lod2" {lod 2}}
				{poly "stand_mid_lod3" {lod 3 {last}}}
			}
			{bone "stand_right_high"
				{parameters "id=body;"}
				{matrix34
					-0.9397 	 -0.342 	 0
					0.342 	 -0.9397 	 0
					0 	 0 	 1
					-4.9264 	 -3.1847 	 -1.9128
				}
				{poly "stand_right_high" {lod 0}}
				{poly "stand_right_high_lod1" {lod 1}}
				{poly "stand_right_high_lod2" {lod 2}}
				{poly "stand_right_high_lod3" {lod 3 {last}}}
				{bone "stand_right_low"
					{parameters "id=body;"}
					{matrix34
						0.9444 	 0.0024 	 0.3287
						-0.0956 	 0.9587 	 0.2677
						-0.3145 	 -0.2842 	 0.9057
						7.1131 	 6.0227 	 -20.247
					}
					{poly "stand_right_low" {lod 0}}
					{poly "stand_right_low_lod1" {lod 1}}
					{poly "stand_right_low_lod2" {lod 2}}
					{poly "stand_right_low_lod3" {lod 3 {last}}}
				}
			}
			{bone revolute "turret"
				{parameters "id=gun;"}
				{speed 0.01}
				{Position 2.0653 	 0 	 1.8665}
				{poly "turret" {lod 0}}
				{poly "turret_lod1" {lod 1}}
				{poly "turret_lod2" {lod 2}}
				{poly "turret_lod3" {lod 3 {last}}}
				{bone revolute "gun_rot_vert"
					{parameters "id=gun;"}
					{limits -15 13}
					{speed 0.08}
					{matrix34
						1 	 0 	 0
						0 	 0 	 1
						0 	 -1 	 0
						1.1812 	 0 	 0.319
					}
					{poly "gun_rot_vert" {lod 0}}
					{poly "gun_rot_vert_lod1" {lod 1}}
					{poly "gun_rot_vert_lod2" {lod 2}}
					{poly "gun_rot_vert_lod3" {lod 3 {last}}}
					{bone "mgun"
						{Position -5.3477 	 0.3224 	 0}
						{bone "visor"
							{matrix34
								1 	 0 	 0
								0 	 0 	 -1
								0 	 1 	 0
								2.9705 	 4.3078 	 0
							}
						}
						{bone "fxshell"
							{matrix34
								0 	 0.4226 	 0.9063
								1 	 0 	 0
								0 	 0.9063 	 -0.4226
								1.6651 	 0.8339 	 1.1471
							}
						}
					}
					{bone "rotate_helper"
						{orientation
							1 	 0 	 0
							0 	 0 	 -1
							0 	 1 	 0
						}
						{bone "rack_rot"
							{parameters "id=body;"}
							{poly "rack_rot" {lod 0}}
							{poly "rack_rot_lod1" {lod 1}}
							{poly "rack_rot_lod2" {lod 2}}
							{poly "rack_rot_lod3" {lod 3 {last}}}
							{bone "rack"
								{parameters "id=body;"}
								{matrix34
									0 	 0 	 1
									-1 	 0 	 0
									0 	 -1 	 0
									-8.8016 	 0.1631 	 -3.0985
								}
								{poly "rack" {lod 0}}
								{poly "rack_lod1" {lod 1}}
								{poly "rack_lod2" {lod 2}}
								{poly "rack_lod3" {lod 3 {last}}}
							}
						}
					}
				}
				{bone "commander"
					{matrix34
						0.9397 	 -0.342 	 0
						0.342 	 0.9397 	 0
						0 	 0 	 1
						-14.8479 	 12.6414 	 -24.8126
					}
				}
				{bone "gunner"
					{Position -16.2739 	 0 	 -24.8126}
				}
			}
		}
		{bone "driver1"
			{Position 0.228 	 6.4309 	 0}
		}
		{bone "driver2"
			{Position 0.228 	 -6.4309 	 0}
		}
		{bone "emit1"
			{matrix34
				0 	 -1 	 0
				1 	 0 	 0
				0 	 0 	 1
				-14.2457 	 17.4628 	 0
			}
		}
		{bone "emit2"
			{matrix34
				0 	 1 	 0
				-1 	 0 	 0
				0 	 0 	 1
				-14.2457 	 -17.4628 	 0
			}
		}
	}
}
{"volumes"
	{"body"
		{box 11.1618 3.93701 5.90551}
		{bone "body"}
		{Position -0.7006 	 0 	 0.5382}
	}
	{"stand_front_high"
		{cylinder 0.393701 9.84252}
		{bone "stand_front_high"}
		{matrix34
			0.9272 	 0 	 0.3746
			0 	 1 	 0
			-0.3746 	 0 	 0.9272
			1.8276 	 0.002 	 -4.6066
		}
	}
	{"stand_front_low"
		{cylinder 0.393701 15.748}
		{bone "stand_front_low"}
		{matrix34
			-1 	 0 	 0.0082
			0 	 -1 	 0
			0.0082 	 0 	 1
			-0.0142 	 -0.0067 	 -9.3006
		}
	}
	{"stand_left_high"
		{cylinder 0.393701 9.84252}
		{bone "stand_left_high"}
		{matrix34
			0.9434 	 0.2022 	 0.263
			-0.1116 	 0.94 	 -0.3224
			-0.3124 	 0.2747 	 0.9093
			1.8873 	 -1.3054 	 -5.0332
		}
	}
	{"stand_left_low"
		{cylinder 0.393701 12.7953}
		{bone "stand_left_low"}
		{matrix34
			0.9894 	 -0.145 	 0.0057
			0.1449 	 0.9894 	 0.0058
			-0.0065 	 -0.0049 	 1
			-0.0263 	 -0.0649 	 5.522
		}
	}
	{"stand_right_high"
		{cylinder 0.393701 9.84252}
		{bone "stand_right_high"}
		{matrix34
			-0.1068 	 0.9609 	 0.2556
			-0.9411 	 -0.0147 	 -0.3378
			-0.3208 	 -0.2766 	 0.9059
			1.8542 	 1.1926 	 -4.9792
		}
	}
	{"stand_right_low"
		{cylinder 0.393701 12.7953}
		{bone "stand_right_low"}
		{matrix34
			-0.0145 	 0.9999 	 -0.0081
			-0.9999 	 -0.0146 	 -0.0057
			-0.0058 	 0.008 	 1
			0.1067 	 -0.1314 	 5.531
		}
	}
}
