;Exported by	: KobaA
;Date			: 23.06.2023 14:28:29
;File			: D:\git\gem2-mdl-soldiers\models\unit\vehicle\Sturm_Boot_42\Sturm_Boot_42.max
{skeleton
	{animation
		{sequence "move" {speed 0.5}}
		{sequence "drift" {speed 0.5}}
	}
	{bone "basis"
		{orientation
			1 	 0 	 0
			0 	 -1 	 0
			0 	 0 	 1
		}
		{bone "emit5"
			{matrix34
				0 	 1 	 0
				-1 	 0 	 0
				0 	 0 	 1
				47.5955 	 -41.1928 	 8.2035
			}
		}
		{bone "emit7"
			{matrix34
				0 	 1 	 0
				-1 	 0 	 0
				0 	 0 	 1
				23.9876 	 -41.1928 	 8.2035
			}
		}
		{bone "emit9"
			{matrix34
				0 	 1 	 0
				-1 	 0 	 0
				0 	 0 	 1
				-10.5794 	 -41.1928 	 8.2035
			}
		}
		{bone "emit2"
			{matrix34
				0 	 1 	 0
				-1 	 0 	 0
				0 	 0 	 1
				-54.6814 	 -41.1928 	 8.2035
			}
		}
		{bone "emit3"
			{matrix34
				0 	 1 	 0
				-1 	 0 	 0
				0 	 0 	 1
				-105.39 	 -41.1928 	 8.2035
			}
		}
		{bone "emit4"
			{matrix34
				0 	 -1 	 0
				1 	 0 	 0
				0 	 0 	 1
				43.7091 	 41.1928 	 8.2035
			}
		}
		{bone "emit6"
			{matrix34
				0 	 -1 	 0
				1 	 0 	 0
				0 	 0 	 1
				18.4852 	 41.1928 	 8.2035
			}
		}
		{bone "emit8"
			{matrix34
				0 	 -1 	 0
				1 	 0 	 0
				0 	 0 	 1
				-5.9665 	 41.1928 	 8.2035
			}
		}
		{bone "emit1"
			{matrix34
				0 	 -1 	 0
				1 	 0 	 0
				0 	 0 	 1
				73.9218 	 41.1928 	 8.2035
			}
		}
		{bone "body"
			{parameters "id=body;"}
			{orientation
				-0.0523 	 0 	 0.9986
				0 	 1 	 0
				-0.9986 	 0 	 -0.0523
			}
			{poly "body" {lod 0}}
			{poly "body_lod1" {lod 1}}
			{poly "body_lod2" {lod 2}}
			{poly "body_lod3" {lod 3 {last}}}
			{bone "commander"
				{matrix34
					-0.0175 	 0 	 -0.9998
					0 	 1 	 0
					0.9998 	 0 	 -0.0175
					16.5829 	 0 	 123.77
				}
			}
			{bone "detail1"
				{parameters "id=body;"}
				{matrix34
					1 	 0 	 0
					0 	 1 	 0
					0 	 0 	 1
					21.2501 	 -19.4819 	 -35.1178
				}
				{poly "detail1" {lod 0}}
				{poly "detail1_lod1" {lod 1}}
				{poly "detail1_lod2" {lod 2}}
				{poly "detail1_lod3" {lod 3 {last}}}
			}
			{bone "driver"
				{matrix34
					-0.0175 	 0 	 -0.9998
					0 	 1 	 0
					0.9998 	 0 	 -0.0175
					11.0861 	 0 	 50.5315
				}
			}
			{bone "fx_bulb_norm_engine1"
				{matrix34
					0.0523 	 0.0175 	 0.9985
					0.0009 	 -0.9998 	 0.0174
					0.9986 	 0 	 -0.0523
					1.718 	 0 	 138.255
				}
			}
			{bone "fx_bulb_norm_front1"
				{matrix34
					-0.0188 	 0.9336 	 -0.3579
					0.0489 	 0.3584 	 0.9323
					0.9986 	 0 	 -0.0523
					-5.9482 	 13.4818 	 -113.499
				}
			}
			{bone "fx_bulb_norm_front2"
				{matrix34
					-0.0229 	 -0.8988 	 -0.4378
					-0.047 	 0.4384 	 -0.8976
					0.9986 	 0 	 -0.0523
					-5.9573 	 -14.2949 	 -113.672
				}
			}
			{bone "fx_bulb_small_center3"
				{matrix34
					0 	 1 	 0
					0.0523 	 0 	 0.9986
					0.9986 	 0 	 -0.0523
					1.5193 	 21.7547 	 28.9893
				}
			}
			{bone "fx_bulb_small_center4"
				{matrix34
					0 	 -1 	 0
					-0.0523 	 0 	 -0.9986
					0.9986 	 0 	 -0.0523
					1.5193 	 -22.0736 	 28.9893
				}
			}
			{bone "fx_bulb_small_center1"
				{matrix34
					0 	 1 	 0
					0.0523 	 0 	 0.9986
					0.9986 	 0 	 -0.0523
					-2.2121 	 22.4103 	 -42.209
				}
			}
			{bone "fx_bulb_small_center2"
				{matrix34
					0 	 -1 	 0
					-0.0523 	 0 	 -0.9986
					0.9986 	 0 	 -0.0523
					-2.2121 	 -23.3067 	 -42.209
				}
			}
			{bone "fx_bulb1"
				{matrix34
					0.0262 	 0.866 	 0.4993
					0.0453 	 -0.5 	 0.8648
					0.9986 	 0 	 -0.0523
					7.2744 	 26.9414 	 138.803
				}
			}
			{bone "fx_bulb2"
				{matrix34
					0.0262 	 -0.866 	 0.4993
					-0.0453 	 -0.5 	 -0.8648
					0.9986 	 0 	 -0.0523
					7.2744 	 -26.9414 	 138.803
				}
			}
			{bone "fx_exp2"
				{matrix34
					-0.9998 	 0 	 0.0175
					0 	 1 	 0
					-0.0175 	 0 	 -0.9998
					-1.2129 	 0 	 -23.1431
				}
			}
			{bone "fx_exp3"
				{matrix34
					-0.9998 	 0 	 0.0175
					0 	 1 	 0
					-0.0175 	 0 	 -0.9998
					3.5319 	 0 	 67.3922
				}
			}
			{bone "fx_fire1"
				{matrix34
					0.9998 	 0 	 -0.0175
					0 	 1 	 0
					0.0175 	 0 	 0.9998
					21.2886 	 0 	 8.114
				}
			}
			{bone "glass"
				{parameters "id=body;"}
				{matrix34
					1 	 0 	 0
					0 	 1 	 0
					0 	 0 	 1
					21.2501 	 -19.4819 	 -35.1178
				}
				{poly "glass" {lod 0}}
				{poly "glass_lod1" {lod 1}}
				{poly "glass_lod2" {lod 2}}
				{poly "glass_lod3" {lod 3 {last}}}
			}
			{bone "pivot_back"
				{matrix34
					-0.0175 	 0 	 -0.9998
					0 	 1 	 0
					0.9998 	 0 	 -0.0175
					1.9139 	 0 	 109.648
				}
			}
			{bone "pivot_front"
				{matrix34
					-0.0175 	 0 	 -0.9998
					0 	 1 	 0
					0.9998 	 0 	 -0.0175
					-1.0133 	 0 	 -58.0528
				}
			}
			{bone "place01"
				{matrix34
					0.0349 	 0.9994 	 -0.0018
					0.0523 	 0 	 0.9986
					0.998 	 -0.0349 	 -0.0523
					11.5441 	 -18.4463 	 -48.3059
				}
			}
			{bone "place02"
				{matrix34
					0.0349 	 -0.9994 	 -0.0018
					-0.0523 	 0 	 -0.9986
					0.998 	 0.0349 	 -0.0523
					10.321 	 17.8232 	 -44.3501
				}
			}
			{bone "place03"
				{matrix34
					-0.0175 	 0 	 -0.9998
					0 	 1 	 0
					0.9998 	 0 	 -0.0175
					11.6517 	 -21.4901 	 -25.7883
				}
			}
			{bone "place04"
				{matrix34
					-0.0175 	 0 	 -0.9998
					0 	 1 	 0
					0.9998 	 0 	 -0.0175
					12.0755 	 17.6949 	 -17.7021
				}
			}
			{bone "place05"
				{matrix34
					-0.0157 	 -0.2587 	 -0.9658
					-0.0135 	 0.9659 	 -0.2585
					0.9998 	 0.009 	 -0.0186
					23.5827 	 -13.657 	 14.9716
				}
			}
			{bone "place06"
				{matrix34
					-0.0159 	 0.2418 	 -0.9702
					0.0127 	 0.9703 	 0.2416
					0.9998 	 -0.0084 	 -0.0185
					24.42 	 12.5835 	 5.0667
				}
			}
			{bone revolute "propellerl"
				{parameters "id=body;"}
				{matrix34
					0.9925 	 0 	 0.1219
					0 	 1 	 0
					-0.1219 	 0 	 0.9925
					-9.0775 	 7.4324 	 118.368
				}
				{poly "propellerl" {lod 0}}
				{poly "propellerl_lod1" {lod 1}}
				{poly "propellerl_lod2" {lod 2}}
				{poly "propellerl_lod3" {lod 3 {last}}}
			}
			{bone revolute "propellerr"
				{parameters "id=body;"}
				{matrix34
					0.9925 	 0 	 0.1219
					0 	 1 	 0
					-0.1219 	 0 	 0.9925
					-9.0775 	 -7.4326 	 118.368
				}
				{poly "propellerr" {lod 0}}
				{poly "propellerr_lod1" {lod 1}}
				{poly "propellerr_lod2" {lod 2}}
				{poly "propellerr_lod3" {lod 3 {last}}}
			}
			{bone revolute "steer"
				{parameters "id=body;"}
				{matrix34
					-1 	 0 	 0
					0 	 1 	 0
					0 	 0 	 -1
					23.5018 	 0 	 40.4795
				}
				{poly "steer" {lod 0}}
				{poly "steer_lod1" {lod 1}}
				{poly "steer_lod2" {lod 2}}
				{poly "steer_lod3" {lod 3 {last}}}
			}
			{bone revolute "turret_mgun"
				{parameters "id=body;"}
				{limits -40 40}
				{speed 0.03}
				{matrix34
					0 	 0 	 -1
					0 	 1 	 0
					1 	 0 	 0
					30.5445 	 0 	 -86.1525
				}
				{poly "turret_mgun" {lod 0}}
				{poly "turret_mgun_lod1" {lod 1}}
				{poly "turret_mgun_lod2" {lod 2}}
				{poly "turret_mgun_lod3" {lod 3 {last}}}
				{bone "gunner"
					{matrix34
						0.9998 	 0 	 -0.0175
						0 	 1 	 0
						0.0175 	 0 	 0.9998
						-11.7153 	 0 	 -22.8909
					}
				}
				{bone revolute "turret_mgun_rot"
					{limits -5 40}
					{speed 0.03}
					{matrix34
						0.9986 	 0 	 -0.0523
						0.0523 	 0 	 0.9986
						0 	 -1 	 0
						5.5511 	 0 	 2.2899
					}
					{bone revolute "mgun_aa"
						{limits -20 40}
						{speed 0.03}
						{Position -4.9014 	 -0.8253 	 0}
					}
					{bone "visor2"
						{matrix34
							0.9994 	 0.0349 	 0
							0 	 0 	 -1
							-0.0349 	 0.9994 	 0
							-3.5848 	 6.4641 	 0
						}
					}
				}
			}
			{bone "visor1"
				{matrix34
					-0.0175 	 0 	 -0.9998
					0 	 1 	 0
					0.9998 	 0 	 -0.0175
					43.9677 	 0 	 25.1149
				}
			}
			{bone "fx_bulb_small_center5"
				{matrix34
					0 	 1 	 0
					0.0523 	 0 	 0.9986
					0.9986 	 0 	 -0.0523
					4.9408 	 17.7646 	 94.2766
				}
			}
			{bone "fx_bulb_small_center6"
				{matrix34
					0 	 -1 	 0
					-0.0523 	 0 	 -0.9986
					0.9986 	 0 	 -0.0523
					4.9102 	 -18.6935 	 93.692
				}
			}
			{bone "scissor"
				{Position 5.3219 	 0 	 -0.2789}
				{poly "scissor"
					{layer waterscissor}}
			}
		}
	}
}
{"volumes"
	{"ballast"
		{polyhedron}
		{bone "body"}
		{orientation
			0.9998 	 0 	 -0.0175
			0 	 1 	 0
			0.0175 	 0 	 0.9998
		}
	}
	{"body01"
		{polyhedron}
		{bone "body"}
		{orientation
			0.9998 	 0 	 -0.0175
			0 	 1 	 0
			0.0175 	 0 	 0.9998
		}
	}
	{"body02"
		{polyhedron}
		{bone "body"}
		{matrix34
			-0.0175 	 0 	 -0.9998
			0 	 1 	 0
			0.9998 	 0 	 -0.0175
			15.4438 	 12.7091 	 36.8583
		}
	}
	{"body03"
		{polyhedron}
		{bone "body"}
		{matrix34
			-0.0175 	 0 	 -0.9998
			0 	 1 	 0
			0.9998 	 0 	 -0.0175
			15.4438 	 -12.7091 	 36.8583
		}
	}
	{"body04"
		{cylinder 6.18511 15.9542}
		{bone "body"}
		{matrix34
			-0.0523 	 0 	 -0.9986
			0.9986 	 0 	 -0.0523
			0 	 -1 	 0
			24.1701 	 0.0175 	 82.9883
		}
	}
	{"engine"
		{polyhedron}
		{bone "body"}
		{matrix34
			-0.0523 	 0 	 -0.9986
			0 	 1 	 0
			0.9986 	 0 	 -0.0523
			0.6254 	 0 	 11.9334
		}
	}
	{"sticky01"
		{box 71.0773 52.4606 19.7249}
		{bone "body"}
		{matrix34
			-0.0175 	 0 	 -0.9998
			0 	 1 	 0
			0.9998 	 0 	 -0.0175
			12.0584 	 0 	 -45.4372
		}
	}
	{"sticky02"
		{polyhedron}
		{bone "body"}
		{matrix34
			-0.0175 	 0 	 -0.9998
			0 	 1 	 0
			0.9998 	 0 	 -0.0175
			8.6729 	 0 	 78.2928
		}
	}
	{"window01"
		{box 0.352615 10.4444 15.0028}
		{bone "body"}
		{matrix34
			0.2419 	 0 	 -0.9703
			0 	 1 	 0
			0.9703 	 0 	 0.2419
			30.5156 	 0.1364 	 27.3826
		}
	}
	{"window02"
		{box 0.352615 6.4755 15.0028}
		{bone "body"}
		{matrix34
			0.2277 	 -0.1504 	 -0.962
			0.0119 	 0.9884 	 -0.1517
			0.9737 	 0.0231 	 0.2268
			31.3086 	 -9.725 	 28.1684
		}
	}
	{"window03"
		{box 0.352615 6.4755 15.0028}
		{bone "body"}
		{matrix34
			0.2322 	 0.2139 	 -0.9489
			-0.0402 	 0.9768 	 0.2103
			0.9718 	 -0.0107 	 0.2354
			30.7355 	 9.8222 	 28.1004
		}
	}
}
