;Exported by:	 Oleksandr Tsaprylov
;Date:			 06.04.2021 20:49:58
;File:			 E:\projects\gem2-mdl-soldiers\models\entourage\piers\pier_001.max
{skeleton
	{bone "pier_03"
		{orientation
			1 	 0 	 0
			0 	 -1 	 0
			0 	 0 	 1
		}
		{bone "body01"
			{matrix34
				-1 	 0 	 0
				0 	 -1 	 0
				0 	 0 	 1
				4.6847 	 25.1985 	 16.691
			}
			{poly "body01"}
		}
		{bone "land"
			{parameters "land;ground;"}
			{Position 1.4928 	 2.0331 	 27.1946}
			{visibility 0}
			{poly "land" {ground}}
		}
	}
}
{obstacle "obstacle01"
	{obb2
		{center 1.38485 -28.6685}
		{extent 57.22 3.27255}
		{axis -1 0}
	}
	{rotate}
}
{obstacle "obstacle02"
	{obb2
		{center 1.38485 28.6745}
		{extent 57.22 3.27255}
		{axis -1 0}
	}
	{rotate}
}
{volume "body01"
	{cylinder 1.90443 59.5115}
	{bone "body01"}
	{matrix34
		-0.9997 	 0.0011 	 0.0229
		-0.0014 	 -0.9999 	 -0.0169
		0.0228 	 -0.0169 	 0.9996
		55.8167 	 -3.2911 	 -10.6539
	}
}
{volume "body02"
	{cylinder 1.90443 59.5115}
	{bone "body01"}
	{matrix34
		-0.9997 	 0.0002 	 0.0229
		-0.0014 	 -0.9985 	 -0.0548
		0.0228 	 -0.0548 	 0.9982
		57.5093 	 54.5551 	 -10.6944
	}
}
{volume "body03"
	{cylinder 1.90443 58.3273}
	{bone "body01"}
	{matrix34
		-0.9999 	 0.0023 	 -0.0136
		-0.0023 	 -1 	 0.0032
		-0.0136 	 0.0033 	 0.9999
		18.6966 	 53.8229 	 -11.2369
	}
}
{volume "body04"
	{cylinder 1.90443 57.1489}
	{bone "body01"}
	{matrix34
		-0.9907 	 0.0019 	 0.1358
		-0.0045 	 -0.9998 	 -0.0193
		0.1357 	 -0.0198 	 0.9905
		-18.6293 	 54.3844 	 -12.0933
	}
}
{volume "body05"
	{cylinder 1.90443 58.9164}
	{bone "body01"}
	{matrix34
		-0.9997 	 0.001 	 0.0229
		-0.0014 	 -0.9998 	 -0.0199
		0.0228 	 -0.0199 	 0.9995
		-50.8385 	 54.2321 	 -13.3897
	}
}
{volume "body06"
	{cylinder 1.90443 57.1608}
	{bone "body01"}
	{matrix34
		-0.9997 	 0.0009 	 0.0229
		-0.0014 	 -0.9998 	 -0.0217
		0.0228 	 -0.0217 	 0.9995
		-50.8764 	 -3.4412 	 -11.8314
	}
}
{volume "body07"
	{cylinder 1.90443 59.5115}
	{bone "body01"}
	{matrix34
		-0.9997 	 0 	 -0.0264
		0.0022 	 -0.9963 	 -0.0856
		-0.0263 	 -0.0856 	 0.996
		-18.694 	 -1.9838 	 -11.4595
	}
}
{volume "body08"
	{cylinder 1.90443 59.5115}
	{bone "body01"}
	{matrix34
		-0.9997 	 -0.0002 	 0.0229
		-0.0014 	 -0.9976 	 -0.0695
		0.0228 	 -0.0695 	 0.9973
		14.834 	 -2.8151 	 -10.7216
	}
}
{volume "body09"
	{box 113.2 65.1376 7.74936}
	{bone "body01"}
	{matrix34
		-1 	 0 	 0
		0 	 -1 	 0
		0 	 0 	 1
		3.1918 	 25.5546 	 6.7033
	}
}
