;Exported by: vic
;Date:        Wed Mar 01 18:29:21 2006
;File:        D:\-Projects-\-3DWork-\Constructions\NEW\S2\Dot\barricade_cobble_vic_x.max
{Skeleton
	{bone "cobble1"
		{Orientation
			1	0	0
			0	-1	0
			0	0	1
		}
		{bone "piece00"
			{Position 13.1882	11.2626	3.20248}
			{VolumeView "piece00.ply"}
		}
		{bone "piece01"
			{Position -0.857788	23.2868	3.56973}
			{VolumeView "piece01.ply"}
		}
		{bone "piece02"
			{Position -9.65778	21.9655	3.37558}
			{VolumeView "piece02.ply"}
		}
		{bone "piece03"
			{Position -22.4497	15.337	0.213812}
			{VolumeView "piece03.ply"}
		}
		{bone "piece04"
			{Position -16.7565	9.14124	1.88906}
			{VolumeView "piece04.ply"}
		}
		{bone "piece05"
			{Position -2.36774	3.52887	2.15779}
			{VolumeView "piece05.ply"}
		}
		{bone "piece06"
			{Position -11.6656	-8.67169	-0.0956688}
			{VolumeView "piece06.ply"}
		}
		{bone "piece07"
			{Position 3.7392	-4.47974	1.33925}
			{VolumeView "piece07.ply"}
		}
		{bone "piece08"
			{Position 0.928406	-15.0448	-0.357542}
			{VolumeView "piece08.ply"}
		}
		{bone "piece09"
			{Position -4.89423	-21.5206	-1.00901}
			{VolumeView "piece09.ply"}
		}
		{bone "piece10"
			{Position -12.6961	-25.8229	-4.38981}
			{VolumeView "piece10.ply"}
		}
		{bone "piece11"
			{Position 0.574768	-33.0068	-6.32304}
			{VolumeView "piece11.ply"}
		}
		{bone "piece12"
			{Position 9.43591	-23.1539	-2.39594}
			{VolumeView "piece12.ply"}
		}
		{bone "piece13"
			{Position 17.6483	-11.1233	1.11821}
			{VolumeView "piece13.ply"}
		}
		{bone "piece14"
			{Position 18.7579	-0.452942	1.87303}
			{VolumeView "piece14.ply"}
		}
	}
}
{Volume "piece00"
	{Box 7.37584 4.85073 4.29862}
	{Bone "piece00"}
	{Matrix34
		0.79167	-0.117664	-0.599511
		0.0756494	0.992606	-0.0949188
		0.606247	0.0297916	0.794718
		-0.680233	-0.0908139	0.0627919
	}
}
{Volume "piece01"
	{Box 3.98489 4.08309 4.27013}
	{Bone "piece01"}
	{Matrix34
		0.872088	0.0775553	-0.483164
		0.16917	0.878702	0.44639
		0.459177	-0.471028	0.753186
		0.593139	0.19231	-0.122624
	}
}
{Volume "piece02"
	{Box 4.4765 4.60439 3.66051}
	{Bone "piece02"}
	{Matrix34
		0.831787	-0.34427	-0.435441
		0.305004	0.938871	-0.15967
		0.463792	0	0.885944
		-0.0910865	-0.186915	0.0591321
	}
}
{Volume "piece03"
	{Box 8.47307 4.84995 4.15822}
	{Bone "piece03"}
	{Matrix34
		0.988369	0.115543	-0.0988716
		-0.124788	0.987809	-0.0930727
		0.0869122	0.104328	0.990738
		-0.0679421	-0.0815407	0.348849
	}
}
{Volume "piece04"
	{Box 4.74551 4.55187 4.17736}
	{Bone "piece04"}
	{Matrix34
		0.59369	-0.247421	0.765712
		0.542636	0.825747	-0.153909
		-0.594204	0.506877	0.624498
		0.204967	-0.174887	-0.215448
	}
}
{Volume "piece05"
	{Box 4.14752 3.92881 4.657}
	{Bone "piece05"}
	{Matrix34
		0.885729	0.205986	0.415997
		0.0218331	0.876677	-0.480585
		-0.463688	0.43475	0.772001
		0.13261	0.487616	-0.141779
	}
}
{Volume "piece06"
	{Box 4.42394 3.85174 4.44268}
	{Bone "piece06"}
	{Matrix34
		0.906037	0.423198	0
		-0.423198	0.906037	0
		0	0	1
		-2.75003e-005	0	0.222144
	}
}
{Volume "piece07"
	{Box 4.35034 4.57396 4.5371}
	{Bone "piece07"}
	{Matrix34
		0.68617	-0.391689	-0.612985
		0.161899	0.903753	-0.396258
		0.709196	0.172658	0.683542
		-0.489827	-0.457699	0.318279
	}
}
{Volume "piece08"
	{Box 7.70683 5.45836 4.19972}
	{Bone "piece08"}
	{Matrix34
		0.951344	0.104793	-0.289763
		-0.100246	0.994494	0.0305332
		0.291367	0	0.956611
		-0.350317	-0.0381965	0.0943379
	}
}
{Volume "piece09"
	{Box 4.61681 3.85721 3.67443}
	{Bone "piece09"}
	{Matrix34
		0.559949	-0.497954	0.662193
		0.670011	0.742304	-0.00836447
		-0.487383	0.44836	0.749287
		0.229171	0.26135	0.00272858
	}
}
{Volume "piece10"
	{Box 4.52187 4.47219 4.52657}
	{Bone "piece10"}
	{Matrix34
		0.704295	-0.457846	-0.542537
		0.573083	0.817725	0.0538705
		0.418981	-0.348859	0.838303
		-0.156001	0.129899	-0.312091
	}
}
{Volume "piece11"
	{Box 3.71402 4.53385 4.24385}
	{Bone "piece11"}
	{Matrix34
		0.865547	-0.210414	-0.454482
		0.186294	0.977612	-0.0978196
		0.464889	0	0.885369
		-0.0540163	-1.1742e-005	-0.0852018
	}
}
{Volume "piece12"
	{Box 4.64537 4.55522 4.59992}
	{Bone "piece12"}
	{Matrix34
		0.713708	-0.700244	0.016719
		0.535021	0.560403	0.632219
		-0.452076	-0.442274	0.77461
		0.147056	0.115371	-0.314976
	}
}
{Volume "piece13"
	{Box 4.62695 4.23151 3.66572}
	{Bone "piece13"}
	{Matrix34
		0.887845	-0.460144	0
		0.460144	0.887845	0
		0	0	1
		-0.509762	-0.287266	0.00492465
	}
}
{Volume "piece14"
	{Box 5.44144 5.20375 4.2572}
	{Bone "piece14"}
	{Matrix34
		0.921789	-0.250943	-0.295522
		0.387612	0.612109	0.68926
		0.00792606	-0.7499	0.661504
		-0.0196882	-0.156055	0.258837
	}
}
