;Exported by:	 tolokolnikova
;Date:			 05.04.2016 15:06:11
;File:			 D:\gem2\gem2-mdl-soldiers\models\entourage\packing_box\packing_box.max
{skeleton
	{bone "basis001_x"
		{orientation
			1 	 0 	 0
			0 	 -1 	 0
			0 	 0 	 1
		}
		{bone "piece01"
			{Position 29.7625 	 -7.3164 	 16.8663}
			{poly "piece01"}
		}
		{bone "piece02"
			{Position 34.2692 	 -8.4148 	 5.7892}
			{poly "piece02"}
		}
		{bone "piece03"
			{Position 24.2851 	 -14.1368 	 5.8025}
			{poly "piece03"}
		}
		{bone "piece04"
			{matrix34
				0.9659 	 -0.25 	 0.067
				0 	 0.2588 	 0.9659
				-0.2588 	 -0.933 	 0.25
				-4.9847 	 -5.6553 	 31.501
			}
			{poly "piece04"}
		}
		{bone "piece05"
			{matrix34
				0.8913 	 -0.108 	 0.4403
				0.2062 	 0.9615 	 -0.1817
				-0.4037 	 0.2527 	 0.8793
				7.2446 	 4.0575 	 12.9467
			}
			{poly "piece05"}
		}
		{bone "piece06"
			{Position 3.1884 	 3.493 	 25.6117}
			{poly "piece06"}
		}
		{bone "piece07"
			{matrix34
				1 	 0 	 0
				0 	 0.866 	 0.5
				0 	 -0.5 	 0.866
				18.5033 	 -10.4981 	 21.187
			}
			{poly "piece07"}
		}
		{bone "piece08"
			{Position 30.4269 	 4.3245 	 4.5596}
			{poly "piece08"}
		}
		{bone "piece09"
			{matrix34
				1 	 0 	 0
				0 	 0.9063 	 0.4226
				0 	 -0.4226 	 0.9063
				-13.2402 	 -7.3182 	 21.187
			}
			{poly "piece09"}
		}
		{bone "piece10"
			{matrix34
				0.866 	 0 	 -0.5
				0 	 1 	 0
				0.5 	 0 	 0.866
				-23.9726 	 4.0575 	 12.9467
			}
			{poly "piece10"}
		}
		{bone "piece11"
			{Position -3.4742 	 -8.4148 	 14.135}
			{poly "piece11"}
		}
		{bone "piece12"
			{matrix34
				1 	 0 	 0
				0 	 0.9962 	 -0.0872
				0 	 0.0872 	 0.9962
				-13.78 	 9.8309 	 13.0853
			}
			{poly "piece12"}
		}
		{bone "piece13"
			{Position -4.0069 	 11.078 	 17.4735}
			{poly "piece13"}
		}
		{bone "piece14"
			{Position 0.7021 	 2.6411 	 19.9904}
			{poly "piece14"}
		}
	}
}
{volume "piece01"
	{box 12.2104 0.511023 9.31185}
	{bone "piece01"}
	{matrix34
		0 	 -1 	 0
		1 	 0 	 0
		0 	 0 	 1
		-0.0037 	 0.05 	 -0.0275
	}
}
{volume "piece02"
	{box 12.7534 1.32586 11.1677}
	{bone "piece02"}
	{matrix34
		0 	 1 	 0
		-1 	 0 	 0
		0 	 0 	 1
		-0.4342 	 0.0044 	 0.0877
	}
}
{volume "piece03"
	{box 15.1826 1.59487 11.5131}
	{bone "piece03"}
	{Position -0.0435 	 0.1156 	 0.2471}
}
{volume "piece04"
	{box 9.15759 18.7728 0.615351}
	{bone "piece04"}
	{matrix34
		0 	 0 	 1
		1 	 0 	 0
		0 	 1 	 0
		0.0473 	 -0.0348 	 0
	}
}
{volume "piece05"
	{box 18.7402 0.954552 9.12746}
	{bone "piece05"}
	{matrix34
		0 	 -1 	 0
		1 	 0 	 0
		0 	 0 	 1
		-0.0376 	 0.0406 	 0.0348
	}
}
{volume "piece06"
	{box 14.4328 0.617084 7.31856}
	{bone "piece06"}
	{matrix34
		0 	 -1 	 0
		1 	 0 	 0
		0 	 0 	 1
		0.0395 	 0.0069 	 -0.0469
	}
}
{volume "piece07"
	{box 5.65043 18.7728 0.615351}
	{bone "piece07"}
	{matrix34
		0 	 -1 	 0
		1 	 0 	 0
		0 	 0 	 1
		0 	 0 	 -0.0021
	}
}
{volume "piece08"
	{box 12.1224 0.5978 9.31185}
	{bone "piece08"}
	{matrix34
		0 	 -1 	 0
		1 	 0 	 0
		0 	 0 	 1
		0 	 0 	 0.1462
	}
}
{volume "piece09"
	{box 12.1796 18.7728 0.615351}
	{bone "piece09"}
	{matrix34
		0 	 -1 	 0
		1 	 0 	 0
		0 	 0 	 1
		0.0188 	 0 	 0.0191
	}
}
{volume "piece10"
	{box 15.1826 0.520144 10.0164}
	{bone "piece10"}
	{matrix34
		0 	 -1 	 0
		1 	 0 	 0
		0 	 0 	 1
		-0.1265 	 -1.864 	 -0.434
	}
}
{volume "piece11"
	{box 12.7534 1.92154 11.1677}
	{bone "piece11"}
	{matrix34
		0 	 1 	 0
		-1 	 0 	 0
		0 	 0 	 1
		-0.5556 	 0.0044 	 -0.202
	}
}
{volume "piece12"
	{box 15.1826 0.672537 11.5131}
	{bone "piece12"}
	{Position 0.1176 	 0.1156 	 0.2282}
}
{volume "piece13"
	{box 11.8193 0.964193 4.51763}
	{bone "piece13"}
	{matrix34
		0 	 -1 	 0
		1 	 0 	 0
		0 	 0 	 1
		0 	 0.0687 	 -0.0483
	}
}
{volume "piece14"
	{box 6.23883 18.5851 0.59134}
	{bone "piece14"}
	{matrix34
		0 	 -1 	 0
		1 	 0 	 0
		0 	 0 	 1
		-0.0079 	 0.043 	 0.001
	}
}
