;Exported by:	 joomb
;Date:			 16.03.2022 17:21:26
;File:			 D:\git\gem2-mdl-soldiers\models\unit\vehicle\ba20\BA_20_xx.max
{skeleton
	{bone "basis"
		{parameters "wheelradius=0.38;steermax=30;"}
		{orientation
			1 	 0 	 0
			0 	 -1 	 0
			0 	 0 	 1
		}
		{bone "body"
			{parameters "id=body;"}
			{matrix34
				0.999 	 -0.0028 	 0.0437
				0.0024 	 1 	 0.0089
				-0.0437 	 -0.0088 	 0.999
				0.4744 	 0.2535 	 -5.4009
			}
			{LODView
				{poly "body"}
				{poly "body_lod1"}
			}
			{bone "cover5"
				{parameters "id=body;"}
				{Position 2.8481 	 -4.009 	 27.4194}
				{LODView
					{poly "cover5"}
					{poly "cover5_lod1"}
				}
			}
			{bone "cover11"
				{parameters "id=body;"}
				{matrix34
					0.9702 	 0 	 0.2424
					0.2424 	 0 	 -0.9702
					0 	 1 	 0
					-37.828 	 8.2702 	 11.8708
				}
				{LODView
					{poly "cover11"}
					{poly "cover11_lod1"}
				}
			}
			{bone "cover12"
				{parameters "id=body;"}
				{matrix34
					0.0892 	 -0.996 	 0.0091
					0.9445 	 0.0817 	 -0.3181
					0.3161 	 0.0369 	 0.948
					-29.2106 	 -1.8971 	 26.4479
				}
				{LODView
					{poly "cover12"}
					{poly "cover12_lod1"}
				}
			}
			{bone "doorr"
				{parameters "id=body;"}
				{matrix34
					0.9992 	 0.037 	 0.0123
					-0.0349 	 0.989 	 -0.1438
					-0.0174 	 0.1432 	 0.9895
					0.6965 	 -9.1384 	 25.3838
				}
				{LODView
					{poly "doorr"}
					{poly "doorr_lod1"}
					{poly "doorr_lod2"}
					{poly "doorr_lod3"}
				}
			}
			{bone "part3"
				{parameters "id=body;"}
				{matrix34
					-0.9904 	 0.1384 	 -0.0052
					-0.1371 	 -0.985 	 -0.1047
					-0.0196 	 -0.103 	 0.9945
					0.8051 	 9.1384 	 25.3838
				}
				{LODView
					{poly "part3"}
					{poly "part3_lod1"}
					{poly "part3_lod2"}
					{poly "part3_lod3"}
				}
			}
			{bone "engine"
				{parameters "id=engine;"}
				{Position 0 	 0 	 0}
				{LODView
					{poly "engine"}
					{poly "engine_lod1"}
				}
				{bone "cover6"
					{parameters "id=engine;"}
					{matrix34
						0.9986 	 0 	 -0.0531
						-0.0531 	 0 	 -0.9986
						0 	 1 	 0
						16.0348 	 0 	 23.4129
					}
					{LODView
						{poly "cover6"}
						{poly "cover6_lod1"}
						{poly "cover6_lod2"}
						{poly "cover6_lod3"}
					}
				}
			}
			{bone revolute "turret"
				{parameters "id=turret;"}
				{limits -15 15}
				{speed 0.05}
				{Position -19.4598 	 0 	 29.9433}
				{LODView
					{poly "turret"}
					{poly "turret_lod1"}
				}
				{bone "part1"
					{parameters "id=turret;"}
					{Position -4.7465 	 0 	 8.1897}
					{LODView
						{poly "part1"}
						{poly "part1_lod1"}
						{poly "part1_lod2"}
						{poly "part1_lod3"}
					}
				}
				{bone revolute "mgun"
					{parameters "id=turret;"}
					{limits -5 15}
					{speed 0.05}
					{matrix34
						0.9703 	 -0.0127 	 -0.2416
						0.0126 	 0.9999 	 -0.0017
						0.2416 	 -0.0014 	 0.9704
						9.5697 	 -1.3963 	 3.8589
					}
					{LODView
						{poly "mgun"}
						{poly "mgun_lod1"}
					}
				}
				{bone "enumerator"
					{parameters "id=turret;"}
					{Position 6.532 	 5.8519 	 4.0736}
					{poly "enumerator"}
				}
			}
			{bone "part2"
				{parameters "id=body;"}
				{matrix34
					1 	 0.0049 	 0.0086
					-0.0049 	 1 	 0.0002
					-0.0086 	 -0.0003 	 1
					-11.4498 	 13.8446 	 9.9467
				}
				{LODView
					{poly "part2"}
					{poly "part2_lod1"}
					{poly "part2_lod2"}
					{poly "part2_lod3"}
				}
			}
		}
		{bone "pivot_back"
			{Position -27.766 	 0 	 7.1107}
		}
		{bone "pivot_front"
			{Position 28.4786 	 0 	 7.1107}
		}
	}
}
{volume "body01"
	{polyhedron}
	{bone "body"}
	{Position -14.2505 	 0 	 7.2745}
}
{volume "body03"
	{polyhedron}
	{bone "body"}
	{matrix34
		1 	 0 	 0
		0 	 0 	 -1
		0 	 1 	 0
		27.8381 	 11.1855 	 12.247
	}
}
{volume "body04"
	{polyhedron}
	{bone "body"}
	{matrix34
		-1 	 0 	 0
		0 	 0 	 -1
		0 	 -1 	 0
		27.8381 	 -10.9937 	 12.247
	}
}
{volume "body05"
	{polyhedron}
	{bone "body"}
	{matrix34
		-1 	 0 	 0
		0 	 0 	 -1
		0 	 -1 	 0
		-29.8179 	 13.7795 	 12.2192
	}
}
{volume "body06"
	{polyhedron}
	{bone "body"}
	{matrix34
		-1 	 0 	 0
		0 	 0 	 -1
		0 	 -1 	 0
		-29.8179 	 -13.7795 	 12.2192
	}
}
{volume "body07"
	{polyhedron}
	{bone "body"}
	{Position -14.2505 	 0 	 7.2745}
}
{volume "body08"
	{polyhedron}
	{bone "body"}
	{Position -1.208 	 0 	 6.1013}
}
{volume "body13"
	{polyhedron}
	{bone "body"}
	{Position -36.1846 	 0 	 6.8804}
}
{volume "engine01"
	{polyhedron}
	{bone "engine"}
	{Position 18.8785 	 0 	 8.5821}
}
{volume "engine02"
	{polyhedron}
	{bone "engine"}
	{Position 18.8785 	 0 	 8.5821}
}
{volume "part1"
	{polyhedron}
	{bone "part1"}
	{Position 4.6475 	 0 	 -0.0715}
}
{volume "part2"
	{polyhedron}
	{bone "part2"}
	{matrix34
		1 	 -0.0049 	 -0.0086
		0.0049 	 1 	 -0.0003
		0.0086 	 0.0002 	 1
		0.099 	 0.4 	 -2.5906
	}
}
{volume "part3"
	{polyhedron}
	{bone "part3"}
	{matrix34
		-0.9996 	 0.0264 	 -0.0048
		-0.0265 	 -0.9996 	 0.0067
		-0.0046 	 0.0068 	 1
		5.6544 	 0.2138 	 -11.8565
	}
}
{volume "turret01"
	{polyhedron}
	{bone "turret"}
	{Position -1.9168 	 0.0624 	 5.1871}
}
{volume "turret03"
	{polyhedron}
	{bone "turret"}
	{matrix34
		0 	 0 	 -1
		0 	 1 	 0
		1 	 0 	 0
		10.4974 	 -1.3962 	 3.8552
	}
}
{volume "turret04"
	{polyhedron}
	{bone "turret"}
	{Position 1.6232 	 0 	 0.0546}
}
