;Exported by	: KobaA
;Date			: 11.09.2023 16:50:05
;File			: D:\git\gem2-mdl-soldiers\models\inventory\-weapon\Flamer_M2\Tank_M2_Flamer.max
{skeleton
	{bone "balloon"
		{orientation
			1 	 0 	 0
			0 	 -1 	 0
			0 	 0 	 1
		}
		{poly "balloon" {lod 0}}
		{poly "balloon_lod1" {lod 1}}
		{poly "balloon_lod2" {lod 2 {last}}}
		{bone "handle"
			{matrix34
				-1 	 0 	 0
				0 	 -0.9848 	 0.1736
				0 	 0.1736 	 0.9848
				10.6383 	 3.514 	 0.6314
			}
		}
		{bone "hose"
			{matrix34
				0.2425 	 0.8377 	 0.4894
				-0.9663 	 0.1637 	 0.1987
				0.0863 	 -0.521 	 0.8491
				2.9733 	 -1.2257 	 0.4109
			}
			{poly "hose" {lod 0}}
			{poly "hose_lod1" {lod 1}}
			{poly "hose_lod2" {lod 2 {last}}}
		}
	}
}
{"volumes"
	{"body"
		{box 11.5125 15.2175 6.49032}
		{bone "balloon"}
		{matrix34
			0 	 -0.9848 	 0.1736
			1 	 0 	 0
			0 	 0.1736 	 0.9848
			5.2756 	 3.4795 	 1.0285
		}
	}
	{"select"
		{box 16.4965 19.3696 9.24159}
		{bone "balloon"}
		{matrix34
			0 	 -0.9848 	 0.1736
			1 	 0 	 0
			0 	 0.1736 	 0.9848
			5.2756 	 3.9134 	 1.0284
		}
	}
}
{"preview"
	{"stuff"
		{camera
			{origin 9.497 	 -0.5465 	 15.1564}
			{lookat 3.8165 	 -3.7629 	 -6.376}
			{fov 43.6033}
			{horizon 149.654}
		}
		{global
			{direction -0.27 	 -0.0483 	 -0.4181}
			{diffuse 0xffbcbcbc}
		}
		{local
			{type point}
			{position 4.4567 	 -9.4948 	 7.633}
		}
		{local
			{type point}
			{position 9.8569 	 -0.6332 	 6.1766}
			{diffuse 0xffaeaeae}
		}
		{local
			{type point}
			{position 13.6143 	 -4.2069 	 6.5433}
			{diffuse 0xffa8a8a8}
		}
	}
}
