;Exported by	: KobaA
;Date			: 07.05.2024 17:01:46
;File			: d:\git\gem2-mdl-soldiers\models\fence\hedgehog\hedgehog_details.max
{skeleton
	{bone "basis3"
		{orientation
			1 	 0 	 0
			0 	 -1 	 0
			0 	 0 	 1
		}
		{bone "body"
			{parameters "id=body;"}
			{poly "body" {lod 0}}
			{poly "body_lod1" {lod 1}}
			{poly "body_lod2" {lod 2}}
			{poly "body_lod3" {lod 3 {last}}}
		}
	}
}
{obstacle "body_02"
	{obb2
		{center -0.152585 2.00343}
		{extent 1.62596 19.9271}
		{axis 0.121869 0.992546}
	}
	{rotate}
}
{obstacle "body_04"
	{obb2
		{center -0.719077 -1.29176}
		{extent 1.58607 19.7481}
		{axis 0.913545 0.406737}
	}
	{rotate}
}
{obstacle "body_06"
	{obb2
		{center 1.10915 -0.99904}
		{extent 19.8812 1.93197}
		{axis 0.573576 0.819152}
	}
	{rotate}
}
{"volumes"
	{"body_01"
		{box 3.43904 46.5854 0.787402}
		{bone "body"}
		{matrix34
			0.4824 	 -0.6702 	 -0.564
			0.8186 	 0.1159 	 0.5625
			-0.3116 	 -0.7331 	 0.6046
			1.1807 	 -1.8696 	 12.7654
		}
	}
	{"body_02"
		{box 3.50816 46.5854 0.787402}
		{bone "body"}
		{matrix34
			0.2921 	 0.7798 	 -0.5537
			0.8129 	 0.1026 	 0.5733
			0.5039 	 -0.6175 	 -0.6039
			-0.1526 	 -2.0034 	 14.647
		}
	}
	{"body_03"
		{box 3.61447 46.5854 0.787402}
		{bone "body"}
		{matrix34
			-0.7758 	 -0.1493 	 -0.6131
			-0.3153 	 -0.7499 	 0.5815
			-0.5466 	 0.6444 	 0.5347
			-1.2517 	 0.3359 	 12.5748
		}
	}
	{"body_04"
		{box 3.40499 46.5854 0.787402}
		{bone "body"}
		{matrix34
			0.4731 	 -0.6641 	 -0.5789
			-0.3254 	 -0.7424 	 0.5857
			-0.8187 	 -0.0887 	 -0.5673
			-0.7191 	 1.2918 	 14.7244
		}
	}
	{"body_05"
		{box 3.65061 46.5854 0.787402}
		{bone "body"}
		{matrix34
			-0.7786 	 -0.0365 	 -0.6265
			-0.4905 	 0.6581 	 0.5712
			0.3914 	 0.752 	 -0.5304
			1.8871 	 0.0638 	 14.628
		}
	}
	{"body_06"
		{box 3.99262 46.5854 0.787402}
		{bone "body"}
		{matrix34
			0.5074 	 0.7383 	 -0.4443
			-0.471 	 0.6694 	 0.5745
			0.7216 	 -0.0822 	 0.6874
			1.1092 	 0.999 	 12.8448
		}
	}
	{"body_07"
		{box 11.5899 12.2666 0.533858}
		{bone "body"}
		{matrix34
			0.9146 	 -0.4032 	 0.0304
			0.2105 	 0.5391 	 0.8155
			-0.3452 	 -0.7395 	 0.578
			2.995 	 -1.2893 	 13.7513
		}
	}
	{"body_08"
		{box 11.5899 12.2666 0.533858}
		{bone "body"}
		{matrix34
			-0.108 	 0.994 	 -0.0161
			-0.568 	 -0.0484 	 0.8216
			0.8159 	 0.0979 	 0.5698
			-0.1592 	 2.9397 	 13.6546
		}
	}
	{"body_09"
		{box 11.5899 12.2666 0.533858}
		{bone "body"}
		{matrix34
			-0.8102 	 -0.5859 	 0.0176
			0.3361 	 -0.4398 	 0.8328
			-0.4802 	 0.6807 	 0.5533
			-2.1343 	 -1.8321 	 13.7002
		}
	}
}
