;Exported by	: Oleksandr Tsaprylov
;Date			: 01.02.2023 14:33:57
;File			: E:\projects\gem2-mdl-soldiers\models\entourage\shed_wood_destroyed\shed_wood_destroyed.max
{skeleton
	{bone "shed_wood_destroyed_b_piece_003"
		{orientation
			1 	 0 	 0
			0 	 -1 	 0
			0 	 0 	 1
		}
		{poly "shed_wood_destroyed_b_piece_003"}
	}
}
{obstacle "obstacle01"
	{obb2
		{center 27.8043 20.7328}
		{extent 9.11207 9.50281}
		{axis -1 0}
	}
	{rotate}
}
{obstacle "obstacle02"
	{obb2
		{center -19.9843 7.12497}
		{extent 5.39027 8.40049}
		{axis -1 0}
	}
	{rotate}
}
{obstacle "obstacle03"
	{obb2
		{center 6.09856 18.3426}
		{extent 29.3789 5.38493}
		{axis -1 0}
	}
	{rotate}
}
{"volumes"
	{"body01"
		{box 39.524 8.15262 63.3473}
		{bone "shed_wood_destroyed_b_piece_003"}
		{Position 0.9492 	 -18.5096 	 31.6736}
	}
	{"body02"
		{polyhedron}
		{bone "shed_wood_destroyed_b_piece_003"}
		{Position -15.8712 	 -18.5096 	 36.4339}
	}
	{"body03"
		{box 5.18722 8.15262 21.971}
		{bone "shed_wood_destroyed_b_piece_003"}
		{matrix34
			0.9814 	 0 	 0.1918
			0 	 1 	 0
			-0.1918 	 0 	 0.9814
			-19.351 	 -18.5096 	 26.3728
		}
	}
	{"body04"
		{box 16.0576 17.6097 44.9766}
		{bone "shed_wood_destroyed_b_piece_003"}
		{Position 28.071 	 -20.6761 	 22.4883}
	}
	{"body05"
		{box 7.16952 2.91339 81.0666}
		{bone "shed_wood_destroyed_b_piece_003"}
		{matrix34
			0 	 0 	 1
			0 	 1 	 0
			-1 	 0 	 0
			4.7643 	 -19.183 	 67.0639
		}
	}
	{"body06"
		{box 2.3622 2.98768 89.4717}
		{bone "shed_wood_destroyed_b_piece_003"}
		{matrix34
			-1 	 0 	 0
			0 	 -0.5736 	 0.8192
			0 	 0.8192 	 0.5736
			2.9918 	 -14.3427 	 72.7759
		}
	}
	{"body07"
		{box 2.3622 2.98768 40.108}
		{bone "shed_wood_destroyed_b_piece_003"}
		{matrix34
			-1 	 0 	 0
			0 	 -0.5736 	 0.8192
			0 	 0.8192 	 0.5736
			-18.9646 	 -34.5609 	 58.619
		}
	}
	{"body08"
		{box 2.3622 2.98768 106.44}
		{bone "shed_wood_destroyed_b_piece_003"}
		{matrix34
			-1 	 0 	 0
			0 	 -0.5736 	 0.8192
			0 	 0.8192 	 0.5736
			37.1961 	 -7.3927 	 77.6423
		}
	}
	{"body09"
		{box 2.3622 2.98768 56.9225}
		{bone "shed_wood_destroyed_b_piece_003"}
		{matrix34
			-1 	 0 	 0
			0 	 0 	 1
			0 	 1 	 0
			37.1119 	 9.6324 	 69.3248
		}
	}
	{"body10"
		{box 2.3622 2.98768 41.6445}
		{bone "shed_wood_destroyed_b_piece_003"}
		{matrix34
			-1 	 0 	 0
			0 	 0 	 1
			0 	 1 	 0
			37.1119 	 30.5804 	 89.4719
		}
	}
	{"body11"
		{box 1.58472 7.22272 36.8581}
		{bone "shed_wood_destroyed_b_piece_003"}
		{matrix34
			-0.0046 	 0.5965 	 -0.8026
			0.0933 	 -0.7988 	 -0.5943
			-0.9956 	 -0.0776 	 -0.052
			-16.2157 	 -12.6989 	 73.9891
		}
	}
	{"body12"
		{box 1.58472 7.22272 48.0225}
		{bone "shed_wood_destroyed_b_piece_003"}
		{matrix34
			-0.0043 	 0.561 	 -0.8278
			0.0005 	 -0.8278 	 -0.561
			-1 	 -0.0028 	 0.0033
			-21.1428 	 -30.2736 	 63.7132
		}
	}
	{"body13"
		{box 1.58472 7.22272 48.0225}
		{bone "shed_wood_destroyed_b_piece_003"}
		{matrix34
			0.0031 	 -0.9683 	 -0.2498
			-0.9985 	 0.0108 	 -0.0541
			0.0551 	 0.2495 	 -0.9668
			-21.4629 	 -8.1536 	 19.5569
		}
	}
	{"body14"
		{box 1.58472 8.45058 60.0281}
		{bone "shed_wood_destroyed_b_piece_003"}
		{matrix34
			0.0064 	 -0.9723 	 -0.2338
			-0.9736 	 -0.0594 	 0.2203
			-0.2281 	 0.2262 	 -0.947
			-33.2805 	 -7.517 	 26.9846
		}
	}
}
