;Exported by	: KobaA
;Date			: 12.10.2023 12:53:28
;File			: D:\git\gem2-mdl-soldiers\models\flora\palm_leaf_LP_test\palm_leaf_bark.max
{skeleton
	{animation
		{sequence "stir" {speed 0.7}}
	}
	{bone "palm_bush_004_basis"
		{orientation
			1 	 0 	 0
			0 	 -1 	 0
			0 	 0 	 1
		}
		{bone "object720"
			{matrix34
				-0.9547 	 0.2588 	 -0.1469
				-0.2755 	 -0.5816 	 0.7654
				0.1126 	 0.7712 	 0.6266
				0.3686 	 -0.8243 	 -0.3766
			}
			{poly "object720"}
		}
		{bone "object721"
			{matrix34
				-0.9433 	 0.3163 	 0.1011
				-0.2553 	 -0.8855 	 0.3882
				0.2123 	 0.3404 	 0.916
				-0.2667 	 -0.3672 	 -0.3766
			}
			{poly "object721"}
		}
		{bone "object722"
			{matrix34
				-0.6501 	 -0.7594 	 -0.0259
				0.3726 	 -0.3484 	 0.8601
				-0.6622 	 0.5495 	 0.5094
				0.956 	 -1.1349 	 -3.2177
			}
			{poly "object722"}
		}
		{bone "object723"
			{matrix34
				0.6909 	 -0.7163 	 0.0979
				0.3454 	 0.4461 	 0.8257
				-0.6351 	 -0.5367 	 0.5556
				0.2571 	 -0.884 	 -3.2177
			}
			{poly "object723"}
		}
		{bone "object724"
			{matrix34
				0.7675 	 -0.5354 	 -0.3525
				0.6399 	 0.6066 	 0.4718
				-0.0388 	 -0.5877 	 0.8082
				-0.2667 	 -0.3672 	 -0.3766
			}
			{poly "object724"}
		}
		{bone "object725"
			{matrix34
				-0.0419 	 -0.9991 	 0
				0.8653 	 -0.0363 	 0.5
				-0.4996 	 0.0209 	 0.866
				-0.7477 	 -0.1314 	 -0.3766
			}
			{poly "object725"}
		}
		{bone "object728"
			{matrix34
				0.4861 	 -0.864 	 0.1308
				0.6285 	 0.2417 	 -0.7393
				0.6072 	 0.4416 	 0.6606
				-0.0867 	 -0.0833 	 0.2694
			}
			{poly "object728"}
		}
		{bone "object729"
			{matrix34
				0.6962 	 0.7085 	 -0.1155
				-0.6751 	 0.5917 	 -0.4406
				-0.2438 	 0.3847 	 0.8903
				-0.0867 	 -0.0833 	 -0.3528
			}
			{poly "object729"}
		}
		{bone "object730"
			{matrix34
				0.9084 	 0.4176 	 0.0192
				-0.3362 	 0.7025 	 0.6273
				0.2485 	 -0.5763 	 0.7786
				-0.2667 	 -0.3672 	 -0.3766
			}
			{poly "object730"}
		}
		{bone "object731"
			{matrix34
				-0.0858 	 -0.9925 	 -0.0868
				0.3385 	 0.0529 	 -0.9395
				0.9371 	 -0.11 	 0.3314
				-1.5809 	 -0.5682 	 -0.4333
			}
			{poly "object731"}
		}
		{bone "stir1"
			{bone "stir2"
				{Position -3.4123 	 -10.6534 	 8.6909}
			}
			{bone "stir3"
				{Position 6.5833 	 -8.498 	 7.6646}
			}
			{bone "stir4"
				{Position 8.8198 	 -0.3913 	 12.7995}
			}
			{bone "stir5"
				{Position 6.9232 	 3.9985 	 10.2092}
			}
			{bone "stir6"
				{Position 3.3934 	 2.6894 	 11.9999}
			}
			{bone "stir7"
				{Position -2.6065 	 5.9979 	 10.9306}
			}
			{bone "stir8"
				{Position -3.5421 	 0.8659 	 13.7665}
			}
			{bone "stir9"
				{Position -6.5423 	 -1.9024 	 10.7743}
			}
			{bone "stir10"
				{Position -3.5986 	 -5.1556 	 14.039}
			}
			{bone "stir11"
				{Position 4.2393 	 -5.4176 	 13.0221}
			}
		}
		{bone "object719"
			{matrix34
				0.9994 	 0.0262 	 0.0231
				-0.0336 	 0.902 	 0.4303
				-0.0096 	 -0.4308 	 0.9024
				-0.0918 	 0.5333 	 2.2581
			}
			{poly "object719"}
		}
		{bone "object726"
			{matrix34
				-0.5554 	 -0.8308 	 0.0361
				0.8162 	 -0.5363 	 0.2149
				-0.1592 	 0.1488 	 0.976
				-1.3481 	 -0.3672 	 1.6324
			}
			{poly "object726"}
		}
		{bone "object727"
			{matrix34
				-0.9263 	 0.3324 	 0.1777
				-0.2952 	 -0.9329 	 0.2064
				0.2343 	 0.1387 	 0.9622
				-0.2667 	 0.7446 	 1.6738
			}
			{poly "object727"}
		}
	}
}
{"volumes"
	{"crown"
		{sphere 24.0474}
		{bone "palm_bush_004_basis"}
		{Position 1.7366 	 -1.7455 	 5.3966}
	}
}
