;Exported by	: joomb
;Date			: 02.02.2023 08:56:29
;File			: D:\git\gem2-anm-soldiers\fauna\dog\dog_idle_0_new.max
{skeleton
	{extension "dog_anm.ext"}
	{bone "basis"
		{orientation
			1 	 0 	 0
			0 	 -1 	 0
			0 	 0 	 1
		}
		{bone "spine01"
			{matrix34
				0.9871 	 0 	 0.1604
				-0.1604 	 0 	 0.9871
				0 	 -1 	 0
				-6.4623 	 0 	 12.6745
			}
			{bone "spine02"
				{matrix34
					0.9936 	 -0.1127 	 0
					0.1127 	 0.9936 	 0
					0 	 0 	 1
					3.9284 	 0 	 0
				}
				{bone "spine03"
					{matrix34
						0.9955 	 0.0944 	 0
						-0.0944 	 0.9955 	 0
						0 	 0 	 1
						5.0295 	 0 	 0
					}
					{bone "neck01"
						{matrix34
							0.9983 	 0.0581 	 0
							-0.0581 	 0.9983 	 0
							0 	 0 	 1
							2.8757 	 0 	 0
						}
						{bone "neck02"
							{matrix34
								0.99 	 0.1412 	 0
								-0.1412 	 0.99 	 0
								0 	 0 	 1
								1.9273 	 0 	 0
							}
							{bone "head"
								{matrix34
									0.9609 	 0.2768 	 0
									-0.2768 	 0.9609 	 0
									0 	 0 	 1
									1.6722 	 0 	 0
								}
								{bone "head_end"
									{Position 3.4356 	 0 	 0}
								}
								{bone "ear_l"
									{matrix34
										0.7493 	 0.6495 	 -0.1288
										0.0703 	 0.1154 	 0.9908
										0.6585 	 -0.7515 	 0.0408
										1.755 	 1.018 	 -1.2604
									}
									{bone "ear_l_end"
										{matrix34
											0.998 	 -0.0031 	 -0.0637
											0.0031 	 1 	 0
											0.0637 	 -0.0001 	 0.998
											2.8376 	 0 	 0
										}
									}
								}
								{bone "ear_r"
									{matrix34
										0.7493 	 0.6495 	 0.1288
										-0.0703 	 -0.1154 	 0.9908
										0.6585 	 -0.7515 	 -0.0408
										1.755 	 1.0179 	 1.2604
									}
									{bone "ear_r_end"
										{matrix34
											0.998 	 0.0031 	 -0.0637
											-0.0031 	 1 	 0.0001
											0.0637 	 0 	 0.998
											2.8376 	 0 	 0
										}
									}
								}
								{bone "jaw"
									{matrix34
										0.6027 	 -0.798 	 0
										0.798 	 0.6027 	 0
										0 	 0 	 1
										0.8444 	 -1.1637 	 0
									}
									{bone "jaw_end"
										{matrix34
											1 	 -0.0003 	 0
											0.0003 	 1 	 0
											0 	 0 	 1
											2.9084 	 0 	 0
										}
									}
								}
							}
						}
					}
					{bone "clavicle_r"
						{matrix34
							0.5966 	 -0.6225 	 0.5065
							0.722 	 0.6919 	 0
							-0.3504 	 0.3657 	 0.8623
							-0.2125 	 -0.4058 	 0.1824
						}
						{bone "shoulder_r"
							{matrix34
								0.1769 	 -0.9748 	 -0.1358
								0.9429 	 0.2075 	 -0.2606
								0.2822 	 -0.082 	 0.9558
								4.0353 	 0 	 0
							}
							{bone "forearm_r"
								{matrix34
									0.8867 	 0.4396 	 -0.1433
									-0.462 	 0.8549 	 -0.2359
									0.0188 	 0.2754 	 0.9612
									3.98 	 0 	 0
								}
								{bone "wrist_r"
									{matrix34
										0.9718 	 0.2353 	 0.0154
										-0.2331 	 0.9683 	 -0.0904
										-0.0362 	 0.0842 	 0.9958
										4.5284 	 0 	 0
									}
									{bone "paw_r"
										{matrix34
											0.6005 	 0.7996 	 0.0069
											-0.7996 	 0.6006 	 -0.0061
											-0.0091 	 -0.0018 	 1
											2.2596 	 0 	 0
										}
										{bone "paw_r_end"
											{matrix34
												0.9982 	 -0.0607 	 0.0001
												0.0607 	 0.9982 	 0
												-0.0001 	 0 	 1
												2.1617 	 0 	 0
											}
										}
									}
								}
							}
						}
					}
					{bone "clavicle_l"
						{matrix34
							0.6366 	 -0.5816 	 -0.5065
							-0.6744 	 -0.7383 	 0
							-0.3739 	 0.3416 	 -0.8623
							-0.2125 	 -0.4058 	 -0.1823
						}
						{bone "shoulder_l"
							{matrix34
								0.2308 	 0.9551 	 -0.1858
								-0.9228 	 0.2754 	 0.2693
								0.3084 	 0.1093 	 0.9449
								4.0353 	 0 	 0
							}
							{bone "forearm_l"
								{matrix34
									0.9304 	 -0.3486 	 -0.1137
									0.3663 	 0.8964 	 0.2494
									0.015 	 -0.2737 	 0.9617
									3.98 	 0 	 0
								}
								{bone "wrist_l"
									{matrix34
										0.9791 	 -0.2001 	 0.0357
										0.197 	 0.9775 	 0.076
										-0.0501 	 -0.0673 	 0.9965
										4.5284 	 0 	 0
									}
									{bone "paw_l"
										{matrix34
											0.6005 	 -0.7996 	 0.0069
											0.7996 	 0.6006 	 0.0062
											-0.0091 	 0.0018 	 1
											2.2596 	 0 	 0
										}
										{bone "paw_l_end"
											{matrix34
												0.9982 	 0.0607 	 0.0001
												-0.0607 	 0.9982 	 0
												-0.0001 	 0 	 1
												2.1617 	 0 	 0
											}
										}
									}
								}
							}
						}
					}
				}
				{bone "thorax01_r"
					{matrix34
						-0.0566 	 -0.9119 	 0.4064
						0.9937 	 -0.0907 	 -0.0651
						0.0963 	 0.4001 	 0.9114
						4.0825 	 -0.1892 	 0.3937
					}
					{bone "thorax02_r"
						{matrix34
							0.6883 	 0.1295 	 -0.7137
							-0.3905 	 0.8954 	 -0.2141
							0.6113 	 0.426 	 0.6669
							3.2428 	 0 	 0
						}
						{bone "thorax_r_end"
							{matrix34
								0.8518 	 0.0352 	 0.5227
								-0.2597 	 0.8949 	 0.3629
								-0.455 	 -0.4449 	 0.7714
								3.3986 	 0 	 0
							}
						}
					}
				}
				{bone "thorax01_l"
					{matrix34
						-0.0557 	 -0.8974 	 -0.4376
						-0.9936 	 0.093 	 -0.0641
						0.0982 	 0.4313 	 -0.8969
						4.0825 	 -0.1892 	 -0.3937
					}
					{bone "thorax02_l"
						{matrix34
							0.6505 	 -0.1314 	 -0.748
							0.4004 	 0.8963 	 0.1907
							0.6454 	 -0.4236 	 0.6357
							3.2953 	 0 	 0
						}
						{bone "thorax_l_end"
							{matrix34
								0.8853 	 -0.0693 	 0.4599
								0.2648 	 0.888 	 -0.3759
								-0.3823 	 0.4545 	 0.8045
								3.4226 	 0 	 0
							}
						}
					}
				}
			}
			{bone "belly_back"
				{matrix34
					0.0968 	 -0.9953 	 0
					0.9953 	 0.0968 	 0
					0 	 0 	 1
					2.6976 	 -0.5881 	 0
				}
				{bone "belly_back_end"
					{matrix34
						0.9934 	 -0.1143 	 0
						0.1143 	 0.9934 	 0
						0 	 0 	 1
						4.5167 	 0 	 0
					}
				}
			}
			{bone "tailset"
				{matrix34
					-0.9766 	 -0.2153 	 0
					0.2153 	 -0.9766 	 0
					0 	 0 	 1
					-0.053 	 -0.0245 	 0
				}
				{bone "tail01"
					{matrix34
						0.6744 	 0.7384 	 0
						-0.7384 	 0.6744 	 0
						0 	 0 	 1
						2.5066 	 0 	 0
					}
					{bone "tail02"
						{matrix34
							0.9208 	 -0.3901 	 0
							0.3901 	 0.9208 	 0
							0 	 0 	 1
							3.7956 	 0 	 0
						}
						{bone "tail03"
							{matrix34
								0.8335 	 -0.5525 	 0
								0.5525 	 0.8335 	 0
								0 	 0 	 1
								2.5041 	 0 	 0
							}
							{bone "tailend"
								{matrix34
									1 	 0.0078 	 0
									-0.0078 	 1 	 0
									0 	 0 	 1
									3.0561 	 0 	 0
								}
							}
						}
					}
				}
			}
			{bone "pelvis_r"
				{matrix34
					0.0686 	 -0.6627 	 0.7457
					0.9916 	 0.1275 	 0.022
					-0.1097 	 0.738 	 0.6659
					-0.0162 	 0.0267 	 0.2459
				}
				{bone "hip_r"
					{matrix34
						0.7028 	 -0.1985 	 -0.6832
						0.1214 	 0.9797 	 -0.1597
						0.701 	 0.0292 	 0.7126
						2.2457 	 0 	 0
					}
					{bone "calf_r"
						{matrix34
							0.7114 	 -0.6949 	 -0.1046
							0.698 	 0.716 	 -0.0097
							0.0816 	 -0.0661 	 0.9945
							2.825 	 0 	 0
						}
						{bone "hock_r"
							{matrix34
								0.7885 	 0.6147 	 0.0194
								-0.615 	 0.7882 	 0.0215
								-0.0021 	 -0.0288 	 0.9996
								5.5168 	 0 	 0
							}
							{bone "paw_back_r"
								{matrix34
									0.1434 	 0.965 	 0.2194
									-0.9844 	 0.1164 	 0.1317
									0.1016 	 -0.2348 	 0.9667
									3.5527 	 0 	 0
								}
								{bone "paw_back_r_end"
									{matrix34
										0.9547 	 -0.0251 	 -0.2966
										-0.0242 	 0.9866 	 -0.1612
										0.2966 	 0.1611 	 0.9413
										1.8869 	 0 	 0
									}
								}
							}
						}
					}
				}
			}
			{bone "pelvis_l"
				{matrix34
					0.0686 	 -0.6627 	 -0.7457
					-0.9916 	 -0.1275 	 0.022
					-0.1097 	 0.738 	 -0.6659
					-0.0162 	 0.0267 	 -0.2459
				}
				{bone "hip_l"
					{matrix34
						0.6428 	 0.4526 	 -0.618
						-0.2759 	 0.8894 	 0.3644
						0.7146 	 -0.0637 	 0.6966
						2.2457 	 0 	 0
					}
					{bone "calf_l"
						{matrix34
							0.8796 	 0.4704 	 -0.0708
							-0.4725 	 0.8812 	 -0.0152
							0.0553 	 0.0468 	 0.9974
							2.825 	 0 	 0
						}
						{bone "hock_l"
							{matrix34
								0.7945 	 -0.6071 	 -0.0128
								0.6053 	 0.7935 	 -0.0624
								0.048 	 0.0419 	 0.998
								5.5168 	 0 	 0
							}
							{bone "paw_back_l"
								{matrix34
									0.1434 	 -0.965 	 0.2194
									0.9844 	 0.1164 	 -0.1317
									0.1016 	 0.2348 	 0.9667
									3.5527 	 0 	 0
								}
								{bone "paw_back_l_end"
									{matrix34
										0.9547 	 0.0251 	 -0.2966
										0.0242 	 0.9866 	 0.1612
										0.2966 	 -0.1611 	 0.9413
										1.8869 	 0 	 0
									}
								}
							}
						}
					}
				}
			}
		}
		{bone "skin"
			{Position 0 	 0 	 -0.0321}
			{poly "skin"}
		}
	}
}
{obstacle "obstacle"
	{obb2
		{center 0 0}
		{extent 13.7795 3.93701}
		{axis -1 0}
	}
	{rotate}
}
{"volumes"
	{"body01"
		{box 18.41 6.56186 7.22554}
		{bone "spine02"}
		{matrix34
			0.9988 	 -0.0481 	 0
			0 	 0 	 -1
			0.0481 	 0.9988 	 0
			2.4714 	 -2.4154 	 0
		}
	}
	{"body02"
		{box 5.89121 3.73895 3.2515}
		{bone "head"}
		{matrix34
			0.5627 	 -0.8267 	 0
			0 	 0 	 -1
			0.8267 	 0.5627 	 0
			2.024 	 -0.5222 	 0
		}
	}
	{"body03"
		{box 6.7637 1.49408 1.9509}
		{bone "forearm_r"}
		{matrix34
			0.9983 	 -0.0268 	 0.0519
			0.0519 	 -0.0007 	 -0.9987
			0.0268 	 0.9996 	 0.0007
			3.3495 	 0.2292 	 -0.094
		}
	}
	{"body04"
		{box 6.7637 1.49408 1.9509}
		{bone "forearm_l"}
		{matrix34
			0.9957 	 0.0634 	 0.0677
			-0.0688 	 0.0155 	 0.9975
			0.0622 	 -0.9979 	 0.0198
			3.3583 	 -0.2497 	 -0.1075
		}
	}
	{"body05"
		{box 6.76369 1.49408 1.9509}
		{bone "calf_r"}
		{matrix34
			0.9632 	 0.2641 	 0.0497
			0.0624 	 -0.0398 	 -0.9973
			-0.2614 	 0.9637 	 -0.0548
			5.084 	 0.4693 	 0.0441
		}
	}
	{"body06"
		{box 6.7637 1.49408 1.9509}
		{bone "calf_l"}
		{matrix34
			0.9671 	 -0.2545 	 0.0043
			-0.0116 	 -0.0273 	 0.9996
			-0.2543 	 -0.9667 	 -0.0294
			5.063 	 -0.8818 	 0.1483
		}
	}
}
