;Exported by:	 Oleksandr Tsaprylov
;Date:			 19.07.2022 21:43:02
;File:			 E:\projects\gem2-mdl-soldiers\models\entourage\bridge_wood\bridge_wood_01.max
{skeleton
	{bone "bridge_wood_02_x"
		{orientation
			1 	 0 	 0
			0 	 -1 	 0
			0 	 0 	 1
		}
		{bone "piece01"
			{matrix34
				0.5549 	 0.81 	 0.1897
				-0.626 	 0.5568 	 -0.546
				-0.5478 	 0.1842 	 0.8161
				-65.9381 	 0.8049 	 3.3809
			}
			{poly "piece01"}
		}
		{bone "piece02"
			{matrix34
				0.8773 	 -0.4758 	 -0.0624
				0.4728 	 0.8347 	 0.2823
				-0.0822 	 -0.2772 	 0.9573
				66.2175 	 0.7769 	 5.2311
			}
			{poly "piece02"}
		}
		{bone "piece03"
			{matrix34
				0.4432 	 -0.2129 	 -0.8708
				0.5436 	 -0.7086 	 0.4499
				-0.7128 	 -0.6727 	 -0.1983
				1.5982 	 0.9842 	 29.7502
			}
			{poly "piece03"}
		}
		{bone "sub_piece01"
			{matrix34
				0.8773 	 -0.4758 	 -0.0624
				0.4728 	 0.8347 	 0.2823
				-0.0822 	 -0.2772 	 0.9573
				35.7229 	 13.3419 	 36.8502
			}
			{poly "sub_piece01"}
		}
		{bone "piece04"
			{matrix34
				0.7063 	 -0.6292 	 -0.3243
				-0.0449 	 0.4174 	 -0.9076
				0.7064 	 0.6557 	 0.2665
				66.2175 	 7.7835 	 39.1818
			}
			{poly "piece04"}
		}
		{bone "piece05"
			{matrix34
				0.8773 	 -0.4758 	 -0.0624
				0.4728 	 0.8347 	 0.2823
				-0.0822 	 -0.2772 	 0.9573
				-27.5339 	 -9.5539 	 36.8502
			}
			{poly "piece05"}
		}
		{bone "piece06"
			{matrix34
				0.8479 	 0.5164 	 0.1198
				-0.437 	 0.8088 	 -0.3935
				-0.3001 	 0.2813 	 0.9115
				32.973 	 25.1595 	 37.3062
			}
			{poly "piece06"}
		}
		{bone "sub_piece02"
			{matrix34
				0.8773 	 -0.4758 	 -0.0624
				0.4728 	 0.8347 	 0.2823
				-0.0822 	 -0.2772 	 0.9573
				42.8364 	 -11.473 	 36.5173
			}
			{poly "sub_piece02"}
		}
		{bone "piece07"
			{matrix34
				0.8773 	 -0.4758 	 -0.0624
				0.4728 	 0.8347 	 0.2823
				-0.0822 	 -0.2772 	 0.9573
				-36.1007 	 -24.4072 	 37.4403
			}
			{poly "piece07"}
		}
		{bone "piece08"
			{matrix34
				0.8773 	 -0.4758 	 -0.0624
				0.4728 	 0.8347 	 0.2823
				-0.0822 	 -0.2772 	 0.9573
				34.5297 	 -26.9616 	 36.7075
			}
			{poly "piece08"}
		}
		{bone "piece09"
			{matrix34
				0.6693 	 -0.6731 	 -0.3146
				0.7421 	 0.6267 	 0.2379
				0.037 	 -0.3926 	 0.9189
				-37.9966 	 27.3247 	 36.5398
			}
			{poly "piece09"}
		}
		{bone "sub_piece03"
			{matrix34
				0.8773 	 -0.4758 	 -0.0624
				0.4728 	 0.8347 	 0.2823
				-0.0822 	 -0.2772 	 0.9573
				-16.0233 	 14.5579 	 36.5173
			}
			{poly "sub_piece03"}
		}
		{bone "piece10"
			{matrix34
				-0.8807 	 0.4369 	 0.1832
				-0.0296 	 0.3353 	 -0.9417
				-0.4728 	 -0.8347 	 -0.2823
				-35.4344 	 -3.6976 	 12.6552
			}
			{poly "piece10"}
		}
		{bone "sub_piece04"
			{matrix34
				0.6708 	 0.0825 	 0.7371
				0.7416 	 -0.0607 	 -0.6681
				-0.0103 	 0.9947 	 -0.1019
				34.5297 	 5.3191 	 15.8924
			}
			{poly "sub_piece04"}
		}
		{bone "piece11"
			{matrix34
				0.8773 	 -0.4758 	 -0.0624
				0.0822 	 0.2772 	 -0.9573
				0.4728 	 0.8347 	 0.2823
				-66.252 	 0.8658 	 39.4094
			}
			{poly "piece11"}
		}
		{bone "bridge_wood_02_piece_001_point"
			{Position 70.3139 	 0 	 37.5922}
		}
		{bone "bridge_wood_02_piece_002_point"
			{Position -70.2122 	 0 	 37.5922}
		}
	}
}
{volume "piece01"
	{cylinder 4.38503 41.1923}
	{bone "piece01"}
	{matrix34
		0.5549 	 -0.626 	 -0.5478
		0.81 	 0.5568 	 0.1842
		0.1897 	 -0.546 	 0.8161
		-0.039 	 0.002 	 -0.0895
	}
}
{volume "piece02"
	{cylinder 4.38503 41.2031}
	{bone "piece02"}
	{matrix34
		0.8773 	 0.4728 	 -0.0822
		-0.4758 	 0.8347 	 -0.2772
		-0.0624 	 0.2823 	 0.9573
		-0.0119 	 0.0292 	 0.0899
	}
}
{volume "piece03"
	{box 5.95266 6.42329 70.8243}
	{bone "piece03"}
	{matrix34
		0.8708 	 -0.4499 	 0.1983
		-0.2129 	 -0.7086 	 -0.6727
		0.4432 	 0.5436 	 -0.7128
		0.4437 	 0.5442 	 -0.7136
	}
}
{volume "piece04"
	{cylinder 2.14866 32.13}
	{bone "piece04"}
	{matrix34
		0.7063 	 -0.0449 	 0.7064
		-0.3243 	 -0.9076 	 0.2665
		0.6292 	 -0.4174 	 -0.6557
		0.0922 	 -0.0612 	 -0.0961
	}
}
{volume "piece05"
	{box 1.73245 5.75705 47.7502}
	{bone "piece05"}
	{matrix34
		0.0624 	 -0.2823 	 -0.9573
		0.4758 	 -0.8347 	 0.2772
		-0.8773 	 -0.4728 	 0.0822
		1.0482 	 0.5649 	 -0.0982
	}
}
{volume "piece06"
	{box 1.73245 5.75705 52.4723}
	{bone "piece06"}
	{matrix34
		-0.1198 	 0.3935 	 -0.9115
		-0.5164 	 -0.8088 	 -0.2813
		-0.8479 	 0.437 	 0.3001
		-0.1634 	 0.0842 	 0.0578
	}
}
{volume "piece07"
	{box 1.73245 5.75705 58.2552}
	{bone "piece07"}
	{matrix34
		0.0624 	 -0.2823 	 -0.9573
		0.4758 	 -0.8347 	 0.2772
		-0.8773 	 -0.4728 	 0.0822
		-0.1677 	 -0.0904 	 0.0157
	}
}
{volume "piece08"
	{box 1.73245 5.75705 49.577}
	{bone "piece08"}
	{matrix34
		0.0624 	 -0.2823 	 -0.9573
		0.4758 	 -0.8347 	 0.2772
		-0.8773 	 -0.4728 	 0.0822
		0.2365 	 0.1274 	 -0.0221
	}
}
{volume "piece09"
	{box 1.73245 5.75705 45.887}
	{bone "piece09"}
	{matrix34
		0.3146 	 -0.2379 	 -0.9189
		0.6731 	 -0.6267 	 0.3926
		-0.6693 	 -0.7421 	 -0.037
		0.0551 	 0.061 	 0.0031
	}
}
{volume "piece10"
	{box 1.73245 5.75705 47.6703}
	{bone "piece10"}
	{matrix34
		0.4369 	 0.3353 	 -0.8347
		0.0665 	 -0.9374 	 -0.3417
		-0.8971 	 0.0938 	 -0.4319
		0.8995 	 -0.1122 	 0.4257
	}
}
{volume "piece11"
	{cylinder 2.14866 32.13}
	{bone "piece11"}
	{matrix34
		0.8773 	 0.0822 	 0.4728
		-0.0624 	 -0.9573 	 0.2823
		0.4758 	 -0.2772 	 -0.8347
		-0.072 	 0.042 	 0.1263
	}
}
{volume "sub_piece01"
	{box 1.73245 5.75705 27.7631}
	{bone "sub_piece01"}
	{matrix34
		0.0624 	 -0.2823 	 -0.9573
		0.4758 	 -0.8347 	 0.2772
		-0.8773 	 -0.4728 	 0.0822
		0.0115 	 0.0062 	 -0.0011
	}
}
{volume "sub_piece02"
	{box 1.73245 5.75705 28.5451}
	{bone "sub_piece02"}
	{matrix34
		0.0624 	 -0.2823 	 -0.9573
		0.4758 	 -0.8347 	 0.2772
		-0.8773 	 -0.4728 	 0.0822
		0.7459 	 0.402 	 -0.0699
	}
}
{volume "sub_piece03"
	{box 1.73245 5.75705 27.8103}
	{bone "sub_piece03"}
	{matrix34
		0.0624 	 -0.2823 	 -0.9573
		0.4758 	 -0.8347 	 0.2772
		-0.8773 	 -0.4728 	 0.0822
		0.8975 	 0.4837 	 -0.0841
	}
}
{volume "sub_piece04"
	{box 1.73245 5.75705 49.5771}
	{bone "sub_piece04"}
	{matrix34
		0.0825 	 -0.0607 	 0.9947
		-0.6008 	 0.7933 	 0.0982
		-0.7951 	 -0.6058 	 0.0289
		-0.0338 	 -0.0757 	 -0.0018
	}
}
