;Exported by	: Oleksandr Tsaprylov
;Date			: 27.01.2023 12:44:54
;File			: E:\projects\gem2-mdl-soldiers\models\entourage\shed_wood_destroyed\shed_wood_destroyed.max
{skeleton
	{bone "shed_wood_destroyed_c_piece_003_x"
		{orientation
			1 	 0 	 0
			0 	 -1 	 0
			0 	 0 	 1
		}
		{bone "piece02"
			{Position 1.532 	 20.0092 	 60.1125}
			{poly "piece02"}
		}
		{bone "piece03"
			{Position -39.0952 	 -1.1121 	 76.3582}
			{poly "piece03"}
		}
		{bone "piece07"
			{Position 9.0061 	 -12.285 	 82.2258}
			{poly "piece07"}
		}
		{bone "piece09"
			{matrix34
				0.8843 	 -0.1969 	 0.4233
				0.181 	 0.9804 	 0.078
				-0.4304 	 0.0077 	 0.9026
				-14.0631 	 6.8199 	 33.9783
			}
			{poly "piece09"}
		}
		{bone "piece06"
			{Position -19.785 	 16.504 	 62.7653}
			{poly "piece06"}
		}
		{bone "piece08"
			{Position 30.6867 	 17.7451 	 63.7902}
			{poly "piece08"}
		}
		{bone "piece05"
			{Position -2.9305 	 6.9971 	 64.9297}
			{poly "piece05"}
		}
		{bone "piece04"
			{Position 30.3225 	 -28.3234 	 93.8945}
			{poly "piece04"}
		}
		{bone "piece10"
			{Position -1.7581 	 9.5895 	 32.6833}
			{poly "piece10"}
		}
		{bone "piece11"
			{Position 9.5654 	 -2.1146 	 78.55}
			{poly "piece11"}
		}
		{bone "piece12"
			{matrix34
				0.9194 	 0.1565 	 -0.3608
				-0.1961 	 0.9777 	 -0.0756
				0.3409 	 0.1402 	 0.9296
				28.9419 	 5.887 	 36.4148
			}
			{poly "piece12"}
		}
		{bone "piece13"
			{Position -38.972 	 -22.8473 	 69.4212}
			{poly "piece13"}
		}
		{bone "piece01"
			{Position 9.5654 	 -36.3529 	 101.913}
			{poly "piece01"}
		}
	}
}
{"volumes"
	{"piece01"
		{box 2.0315 1.25483 33.4087}
		{bone "piece01"}
		{matrix34
			0 	 0.8192 	 -0.5736
			0 	 0.5736 	 0.8192
			1 	 0 	 0
			0.1955 	 -0.0166 	 0.0134
		}
	}
	{"piece02"
		{box 2.3622 2.98768 44.1188}
		{bone "piece02"}
		{matrix34
			1 	 0 	 0
			0 	 0.5736 	 0.8192
			0 	 -0.8192 	 0.5736
			0.0745 	 0.4887 	 -0.3433
		}
	}
	{"piece03"
		{box 2.3622 2.98768 54.7073}
		{bone "piece03"}
		{matrix34
			1 	 0 	 0
			0 	 0.5736 	 0.8192
			0 	 -0.8192 	 0.5736
			0.1113 	 0.171 	 -0.1606
		}
	}
	{"piece04"
		{box 1.58472 7.20607 23.5609}
		{bone "piece04"}
		{matrix34
			-0.034 	 -0.5726 	 -0.8192
			0.0386 	 -0.8198 	 0.5714
			-0.9987 	 -0.0122 	 0.05
			0.623 	 0.1238 	 0.1121
		}
	}
	{"piece05"
		{box 2.3622 2.98768 51.7658}
		{bone "piece05"}
		{matrix34
			0 	 1 	 0
			0 	 0 	 1
			1 	 0 	 0
			-0.2991 	 -0.1114 	 0.0194
		}
	}
	{"piece06"
		{box 2.3622 2.98768 24.8006}
		{bone "piece06"}
		{matrix34
			1 	 0 	 0
			0 	 0.5736 	 0.8192
			0 	 -0.8192 	 0.5736
			0.1072 	 -0.3584 	 0.0514
		}
	}
	{"piece07"
		{box 1.58472 7.20607 23.5632}
		{bone "piece07"}
		{matrix34
			-0.0665 	 -0.5947 	 -0.8012
			-0.1943 	 -0.7799 	 0.595
			-0.9787 	 0.1952 	 -0.0637
			-0.8421 	 0.0297 	 -0.1996
		}
	}
	{"piece08"
		{box 1.58472 7.20607 23.5609}
		{bone "piece08"}
		{matrix34
			-0.034 	 -0.5726 	 -0.8192
			0.0386 	 -0.8198 	 0.5714
			-0.9987 	 -0.0122 	 0.05
			0.623 	 0.1239 	 0.1121
		}
	}
	{"piece09"
		{cylinder 2.0525 50.1884}
		{bone "piece09"}
		{matrix34
			0.8843 	 0.181 	 -0.4304
			-0.1969 	 0.9804 	 0.0077
			0.4233 	 0.078 	 0.9026
			1.9375 	 0.6105 	 -0.5049
		}
	}
	{"piece10"
		{box 5.40378 1.25483 52.3753}
		{bone "piece10"}
		{matrix34
			-0.0974 	 0 	 -0.9952
			0 	 1 	 0
			0.9952 	 0 	 -0.0974
			-0.6824 	 0.0803 	 -0.4018
		}
	}
	{"piece11"
		{box 2.0315 1.25483 33.4087}
		{bone "piece11"}
		{matrix34
			0 	 0.8192 	 -0.5736
			0 	 0.5736 	 0.8192
			1 	 0 	 0
			0.1955 	 -0.0166 	 0.0134
		}
	}
	{"piece12"
		{cylinder 2.0525 27.1017}
		{bone "piece12"}
		{matrix34
			0.9194 	 -0.1961 	 0.3409
			0.1565 	 0.9777 	 0.1402
			-0.3608 	 -0.0756 	 0.9296
			-1.0205 	 1.3649 	 -0.2039
		}
	}
	{"piece13"
		{box 2.3622 2.98768 51.7658}
		{bone "piece13"}
		{matrix34
			1 	 0 	 0
			0 	 0 	 1
			0 	 -1 	 0
			-0.1115 	 0.2991 	 0.0194
		}
	}
}
