;Exported by	: KobaA
;Date			: 04.03.2024 17:09:12
;File			: d:\git\gem2-mdl-soldiers\models\building\france_mill\france_mill_x.max
{skeleton
	{bone "france_mill_piece18_point"
		{orientation
			1 	 0 	 0
			0 	 -1 	 0
			0 	 0 	 1
		}
		{bone "piece01"
			{matrix34
				0 	 -0.5185 	 0.8551
				1 	 0 	 0
				0 	 0.8551 	 0.5185
				0.0023 	 18.7185 	 -34.5804
			}
			{poly "piece01"}
		}
		{bone "piece03"
			{matrix34
				0 	 -0.5319 	 0.8468
				1 	 0 	 0
				0 	 0.8468 	 0.5319
				0.0174 	 1.3624 	 -6.0113
			}
			{poly "piece03"}
		}
		{bone "piece02"
			{matrix34
				0 	 -0.4658 	 0.8849
				1 	 0 	 0
				0 	 0.8849 	 0.4658
				-0.0377 	 -26.404 	 43.9396
			}
			{poly "piece02"}
		}
	}
}
{"volumes"
	{"piece01"
		{box 35.6033 3.93701 3.937}
		{bone "piece01"}
		{Position -1.2013 	 0 	 0}
	}
	{"piece02"
		{box 30.9749 3.93701 3.937}
		{bone "piece02"}
		{Position -0.0529 	 -0.0542 	 0}
	}
	{"piece03"
		{box 19.5142 3.93701 3.937}
		{bone "piece03"}
		{Position 0.3252 	 0.0713 	 0}
	}
}
