;Exported by: kolesnikov
;Date:        Mon Dec 05 09:36:51 2005
;File:        D:\-Project-\-3DWork-\Constructions\trench_omaha_frame.max
{Skeleton
	{bone "woodframe_small"
		{Color 0xfffdc0}
		{Orientation
			1	0	0
			0	-1	0
			0	0	1
		}
		{VolumeView "woodframe_small.ply"}
	}
}
{Obstacle "body04"
	{Obb2
		{Center 0.0358716 71.6732}
		{Extent 2.2354 2.99091}
		{Axis 1 0}
	}
	{Rotate}
	{Tags  "body"}
}
{Obstacle "body05"
	{Obb2
		{Center -0.602046 35.5733}
		{Extent 2.7695 3.62235}
		{Axis 1 0}
	}
	{Rotate}
	{Tags  "body"}
}
{Volume "body03"
	{Box 45.5765 3.42998 3.55364}
	{Bone "woodframe_small"}
	{Matrix34
		0.0421759	0.998351	0.0389415
		-0.99911	0.0421836	0.00062423
		-0.00101949	-0.0389332	0.999241
		0.0297211	-53.1086	32.8265
	}
}
{Volume "body04"
	{Box 45.5765 3.42998 3.55364}
	{Bone "woodframe_small"}
	{Matrix34
		-0.0226659	-0.0532953	0.998321
		-0.99974	-0.00123103	-0.0227639
		0.00244219	-0.998578	-0.0532536
		0.0358725	-71.6732	8.64514
	}
}
{Volume "body05"
	{Box 44.665 3.42998 3.55364}
	{Bone "woodframe_small"}
	{Matrix34
		0.046654	0.0825809	0.995492
		-0.998877	-0.00430515	0.0471699
		0.00818108	-0.996575	0.0822872
		-0.602046	-35.5733	12.0035
	}
}
