;Exported by: sana
;Date:        Tue Dec 27 15:47:03 2005
;File:        D:\-Project-\-3DWork-\Entourage\house_euro_115c\house_euro_115s_n_x.max
{Skeleton
	{bone "115s_corner6"
		{Orientation
			1	0	0
			0	-1	0
			0	0	1
		}
		{bone "piece0"
			{Position -4.55766	-8.0106	61.0553}
			{poly "piece0"}
			{bone "sub_piece0"
				{Position 27.8875	4.50222	0}
				{poly "sub_piece0"}
			}
		}
		{bone "piece1"
			{Position -18.711	-28.3733	57.3745}
			{poly "piece1"}
		}
		{bone "piece2"
			{Position 11.6955	-28.3733	55.8886}
			{poly "piece2"}
			{bone "sub_piece2"
				{Position -12.3643	0	-6.52705}
				{poly "sub_piece2"}
			}
		}
		{bone "piece3"
			{Position -4.22411	-28.3733	17.4163}
			{poly "piece3"}
			{bone "sub_piece3"
				{Position -14.1154	0	6.10252}
				{poly "sub_piece3"}
			}
		}
		{bone "piece4"
			{Position -30.0406	-5.52336	59.8183}
			{poly "piece4"}
			{bone "sub_piece4"
				{Position -1.04983e-005	-6.23625	-11.6864}
				{poly "sub_piece4"}
			}
		}
		{bone "piece5"
			{Position -30.0406	-23.6032	32.5151}
			{poly "piece5"}
			{bone "sub_piece5"
				{Position 0	0.366821	-11.0052}
				{poly "sub_piece5"}
			}
		}
		{bone "piece6"
			{Position -30.0406	26.182	40.2712}
			{poly "piece6"}
		}
		{bone "piece7"
			{Position -30.0406	17.011	13.3294}
			{poly "piece7"}
		}
	}
}
{Volume "piece0"
	{Box 40.1857 23.8381 5.90551}
	{Bone "piece0"}
	{Position 2.30279	-2.94095	0}
}
{Volume "piece1"
	{Box 19.1036 8.25 20.3771}
	{Bone "piece1"}
}
{Volume "piece2"
	{Box 20.6955 8.25 23.7733}
	{Bone "piece2"}
	{Position 0	0	0}
}
{Volume "piece3"
	{Box 16.0937 8.25 19.6342}
	{Bone "piece3"}
	{Matrix34
		0.736714	0	0.676204
		0	1	0
		-0.676204	0	0.736714
		-1.0529	0	-0.731851
	}
}
{Volume "piece4"
	{Box 8.25001 26.5172 16.2457}
	{Bone "piece4"}
	{Position 0	0	0}
}
{Volume "piece5"
	{Box 8.25001 20.3333 20.3333}
	{Bone "piece5"}
	{Position 0	0	0}
}
{Volume "piece6"
	{Box 8.25001 14.0447 20.5429}
	{Bone "piece6"}
	{Position 0	0	0}
}
{Volume "piece7"
	{Box 8.25001 20.8574 15.7109}
	{Bone "piece7"}
	{Position 0	0	0}
}
{Volume "sub_piece0"
	{Box 25.8509 33.271 5.90551}
	{Bone "sub_piece0"}
	{Matrix34
		0.957511	0.288397	0
		-0.288397	0.957511	0
		0	0	1
		-0.468187	2.9512	0
	}
}
{Volume "sub_piece2"
	{Box 11.0801 8.25 21.3291}
	{Bone "sub_piece2"}
	{Matrix34
		0.967818	0	0.251652
		0	1	0
		-0.251652	0	0.967818
		-0.125875	0	-0.286846
	}
}
{Volume "sub_piece3"
	{Box 12.8418 8.25 16.4376}
	{Bone "sub_piece3"}
	{Matrix34
		0.99582	0	-0.0913369
		0	1	0
		0.0913369	0	0.99582
		-0.0806527	0	0.160582
	}
}
{Volume "sub_piece4"
	{Box 8.25 14.4639 19.0756}
	{Bone "sub_piece4"}
	{Position 0	0	0}
}
{Volume "sub_piece5"
	{Box 8.25001 20.0189 11.0366}
	{Bone "sub_piece5"}
	{Matrix34
		1	0	0
		0	0.951318	0.308212
		0	-0.308212	0.951318
		-1.74367e-005	0.398955	-1.23139
	}
}
