;Exported by	: KobaA
;Date			: 04.03.2024 15:55:38
;File			: d:\git\gem2-mdl-soldiers\models\building\b3\build_vil_003a.max
{skeleton
	{bone "b_vil_piece_01"
		{orientation
			1 	 0 	 0
			0 	 -1 	 0
			0 	 0 	 1
		}
		{poly "b_vil_piece_01"}
		{bone "roof01"
			{matrix34
				1 	 0 	 0
				0 	 0.6781 	 -0.735
				0 	 0.735 	 0.6781
				-58.2352 	 -22.3129 	 7.2257
			}
			{visibility 0}
		}
		{bone "roof02"
			{matrix34
				1 	 0 	 0
				0 	 0.6781 	 -0.735
				0 	 0.735 	 0.6781
				-33.4162 	 7.2947 	 36.0776
			}
			{visibility 0}
		}
		{bone "fort_wall"
			{matrix34
				-1 	 0 	 0
				0 	 -1 	 0
				0 	 0 	 1
				-47.9447 	 -19.1821 	 -47.4565
			}
		}
		{bone revolute "attach1"
			{matrix34
				0 	 -1 	 0
				1 	 0 	 0
				0 	 0 	 1
				0.3822 	 7.2941 	 -50.2772
			}
		}
		{bone revolute "attach2"
			{matrix34
				-1 	 0 	 0
				0 	 -1 	 0
				0 	 0 	 1
				-45.6119 	 13.661 	 -50.2772
			}
		}
	}
}
{"volumes"
	{"body01"
		{box 110.072 5.9458 63.4182}
		{bone "b_vil_piece_01"}
		{Position -15.7286 	 -10.5696 	 -25.9442}
	}
	{"body02"
		{box 43.9645 5.9458 53.9055}
		{bone "b_vil_piece_01"}
		{matrix34
			0 	 -1 	 0
			1 	 0 	 0
			0 	 0 	 1
			-64.5556 	 4.6582 	 -30.7006
		}
	}
	{"body03"
		{box 21.9822 6.00526 9.70299}
		{bone "b_vil_piece_01"}
		{matrix34
			0 	 -1 	 0
			1 	 0 	 0
			0 	 0 	 1
			-64.5556 	 -6.0736 	 1.2875
		}
	}
	{"body04"
		{box 43.9645 3.80531 14.1212}
		{bone "b_vil_piece_01"}
		{matrix34
			0 	 -1 	 0
			1 	 0 	 0
			0 	 0 	 1
			-19.0601 	 4.6582 	 13.6178
		}
	}
	{"body05"
		{box 43.9645 3.80531 7.76665}
		{bone "b_vil_piece_01"}
		{matrix34
			0 	 -1 	 0
			1 	 0 	 0
			0 	 0 	 1
			24.1705 	 4.6582 	 6.5272
		}
	}
	{"body06"
		{box 2.5977 2.59843 69.76}
		{bone "b_vil_piece_01"}
		{matrix34
			0.9999 	 -0.0171 	 0.0003
			0.0114 	 0.6533 	 -0.757
			0.0128 	 0.7569 	 0.6534
			24.3698 	 9.6088 	 34.8904
		}
	}
	{"body07"
		{box 2.5977 2.59843 69.76}
		{bone "b_vil_piece_01"}
		{matrix34
			0.9999 	 -0.0171 	 0
			0.0114 	 0.6705 	 -0.7418
			0.0128 	 0.7417 	 0.6706
			-18.1701 	 9.8048 	 35.4968
		}
	}
	{"hole01"
		{box 16.4499 11.811 29.1898}
		{bone "b_vil_piece_01"}
		{Position -1.0482 	 -13.7506 	 -19.3322}
	}
	{"hole02"
		{box 16.4499 16.5293 29.1898}
		{bone "b_vil_piece_01"}
		{matrix34
			0 	 -1 	 0
			1 	 0 	 0
			0 	 0 	 1
			-64.5556 	 17.5189 	 -19.3322
		}
	}
	{"target01"
		{box 11.811 11.811 13.7795}
		{bone "b_vil_piece_01"}
		{Position -1.7524 	 -7.3631 	 -27.1491}
	}
	{"target08"
		{box 11.811 11.811 13.7795}
		{bone "b_vil_piece_01"}
		{Position -57.0565 	 16.9788 	 -27.1491}
	}
}
