;Exported by:	 joomb
;Date:			 16.03.2022 14:23:41
;File:			 D:\git\gem2-mdl-soldiers\models\unit\vehicle\ba20\BA_20_x.max
{skeleton
	{bone "basis"
		{parameters "wheelradius=0.38;steermax=30;"}
		{orientation
			1 	 0 	 0
			0 	 -1 	 0
			0 	 0 	 1
		}
		{bone "pivot_back"
			{Position -27.766 	 0 	 7.1107}
			{bone "fxtracel2"
				{matrix34
					-0.9659 	 0 	 0.2588
					0 	 -1 	 0
					0.2588 	 0 	 0.9659
					-1.8269 	 13.8807 	 -7.1107
				}
			}
			{bone revolute "align_back"
				{limits -3 3}
				{speed 0.001}
				{matrix34
					0 	 0 	 1
					0 	 -1 	 0
					1 	 0 	 0
					0.2045 	 0 	 0
				}
				{LODView
					{poly "align_back"}
					{poly "align_back_lod1"}
					{poly "align_back_lod2"}
					{poly "align_back_lod3"}
				}
				{bone revolute "wheell2"
					{parameters "id=wheelleft2;"}
					{matrix34
						0 	 0 	 1
						-1 	 0 	 0
						0 	 -1 	 0
						0 	 -13.8808 	 0.1798
					}
					{LODView
						{poly "wheell2"}
						{poly "wheell2_lod1"}
						{poly "wheell2_lod2"}
						{poly "wheell2_lod3"}
					}
				}
				{bone "fxtracer2"
					{matrix34
						0.2588 	 0 	 -0.9659
						0 	 1 	 0
						0.9659 	 0 	 0.2588
						-7.1107 	 13.8808 	 -2.0315
					}
				}
				{bone revolute "wheelr2"
					{parameters "id=wheelright2;"}
					{matrix34
						0 	 0 	 1
						-1 	 0 	 0
						0 	 -1 	 0
						0 	 13.8808 	 0.1798
					}
					{LODView
						{poly "wheelr2"}
						{poly "wheelr2_lod1"}
						{poly "wheelr2_lod2"}
						{poly "wheelr2_lod3"}
					}
				}
			}
		}
		{bone "pivot_front"
			{Position 28.4786 	 0 	 7.1107}
			{bone revolute "align_front"
				{limits -3 3}
				{speed 0.001}
				{orientation
					0 	 0 	 1
					0 	 -1 	 0
					1 	 0 	 0
				}
				{LODView
					{poly "align_front"}
					{poly "align_front_lod1"}
					{poly "align_front_lod2"}
					{poly "align_front_lod3"}
				}
				{bone revolute "steer_r1"
					{limits -15 15}
					{speed 0.001}
					{matrix34
						0 	 0 	 1
						0 	 1 	 0
						-1 	 0 	 0
						0 	 10.9413 	 0
					}
					{LODView
						{poly "steer_r1"}
						{poly "steer_r1_lod1"}
						{poly "steer_r1_lod2"}
						{poly "steer_r1_lod3"}
					}
					{bone revolute "wheelr1"
						{parameters "id=wheelright1;"}
						{matrix34
							1 	 0 	 0
							0 	 0 	 1
							0 	 -1 	 0
							0 	 2.9394 	 0
						}
						{LODView
							{poly "wheelr2"}
							{poly "wheelr2_lod1"}
							{poly "wheelr2_lod2"}
							{poly "wheelr2_lod3"}
						}
					}
				}
				{bone revolute "steer_l1"
					{limits -15 15}
					{speed 0.001}
					{matrix34
						0 	 0 	 1
						0 	 1 	 0
						-1 	 0 	 0
						0 	 -10.9413 	 0
					}
					{LODView
						{poly "steer_l1"}
						{poly "steer_l1_lod1"}
						{poly "steer_l1_lod2"}
						{poly "steer_l1_lod3"}
					}
					{bone revolute "wheell1"
						{parameters "id=wheelleft1;"}
						{matrix34
							1 	 0 	 0
							0 	 0 	 1
							0 	 -1 	 0
							0 	 -2.9394 	 0
						}
						{LODView
							{poly "wheell2"}
							{poly "wheell2_lod1"}
							{poly "wheell2_lod2"}
							{poly "wheell2_lod3"}
						}
					}
				}
			}
			{bone "fxtracel1"
				{matrix34
					-0.9659 	 0 	 0.2588
					0 	 -1 	 0
					0.2588 	 0 	 0.9659
					-1.9037 	 13.8807 	 -7.1107
				}
			}
			{bone "fxtracer1"
				{matrix34
					-0.9659 	 0 	 0.2588
					0 	 -1 	 0
					0.2588 	 0 	 0.9659
					-1.9037 	 -13.8808 	 -7.1107
				}
			}
		}
		{bone "emit1"
			{parameters "group=crew;"}
			{matrix34
				0 	 -1 	 0
				1 	 0 	 0
				0 	 0 	 1
				-4.7136 	 29.5276 	 0
			}
			{visibility 0}
		}
		{bone "emit2"
			{parameters "group=crew;"}
			{matrix34
				0 	 1 	 0
				-1 	 0 	 0
				0 	 0 	 1
				-4.7136 	 -29.5276 	 0
			}
			{visibility 0}
		}
		{bone "body"
			{parameters "id=body;"}
			{animation
				{sequence "break" {file "body_b"}{speed 0.5}}
			}
			{matrix34
				0.9998 	 0 	 -0.0175
				0 	 1 	 0
				0.0175 	 0 	 0.9998
				-0.0984 	 0 	 0
			}
			{LODView
				{poly "body"}
				{poly "body_lod1"}
				{poly "body_lod2"}
				{poly "body_lod3"}
			}
			{bone "bucket"
				{parameters "id=body;"}
				{matrix34
					0.6725 	 -0.0221 	 -0.7397
					-0.0729 	 0.9927 	 -0.096
					0.7365 	 0.1185 	 0.666
					-35.1878 	 9.6504 	 15.0223
				}
				{LODView
					{poly "bucket"}
					{poly "bucket_lod1"}
					{poly "bucket_lod2"}
					{poly "bucket_lod3"}
				}
			}
			{bone "canister"
				{parameters "id=body;"}
				{LODView
					{poly "canister"}
					{poly "canister_lod1"}
					{poly "canister_lod2"}
					{poly "canister_lod3"}
				}
			}
			{bone "cover4"
				{parameters "id=body;"}
				{Position 2.8481 	 4.009 	 27.4194}
				{LODView
					{poly "cover4"}
					{poly "cover4_lod1"}
					{poly "cover4_lod2"}
					{poly "cover4_lod3"}
				}
			}
			{bone "cover5"
				{parameters "id=body;"}
				{Position 2.8481 	 -4.009 	 27.4194}
				{LODView
					{poly "cover5"}
					{poly "cover5_lod1"}
					{poly "cover5_lod2"}
					{poly "cover5_lod3"}
				}
			}
			{bone "cover11"
				{parameters "id=body;"}
				{matrix34
					0.9702 	 0 	 0.2424
					0.2424 	 0 	 -0.9702
					0 	 1 	 0
					-37.828 	 8.2702 	 11.8707
				}
				{LODView
					{poly "cover11"}
					{poly "cover11_lod1"}
					{poly "cover11_lod2"}
					{poly "cover11_lod3"}
				}
			}
			{bone "cover12"
				{parameters "id=body;"}
				{matrix34
					0.0892 	 -0.996 	 0.0091
					0.9445 	 0.0817 	 -0.3181
					0.3161 	 0.0369 	 0.948
					-29.2105 	 -1.8971 	 26.4478
				}
				{LODView
					{poly "cover12"}
					{poly "cover12_lod1"}
					{poly "cover12_lod2"}
					{poly "cover12_lod3"}
				}
			}
			{bone "doorl"
				{parameters "id=body;"}
				{matrix34
					-1 	 0 	 0
					0 	 -0.9896 	 -0.1438
					0 	 -0.1438 	 0.9896
					0.8051 	 9.1384 	 25.3838
				}
				{LODView
					{poly "doorl"}
					{poly "doorl_lod1"}
					{poly "doorl_lod2"}
					{poly "doorl_lod3"}
				}
				{bone "cover3"
					{parameters "id=body;"}
					{matrix34
						1 	 0 	 0
						0 	 1 	 0.0047
						0 	 -0.0047 	 1
						5.2358 	 0.5316 	 0.8168
					}
					{LODView
						{poly "cover3"}
						{poly "cover3_lod1"}
						{poly "cover3_lod2"}
						{poly "cover3_lod3"}
					}
				}
			}
			{bone "doorr"
				{parameters "id=body;"}
				{matrix34
					1 	 0 	 0
					0 	 0.9896 	 -0.1438
					0 	 0.1438 	 0.9896
					0.8051 	 -9.1384 	 25.3838
				}
				{LODView
					{poly "doorr"}
					{poly "doorr_lod1"}
					{poly "doorr_lod2"}
					{poly "doorr_lod3"}
				}
				{bone "cover2"
					{parameters "id=body;"}
					{Position -5.2358 	 0.5316 	 0.8168}
					{LODView
						{poly "cover2"}
						{poly "cover2_lod1"}
						{poly "cover2_lod2"}
						{poly "cover2_lod3"}
					}
				}
			}
			{bone "engine"
				{parameters "id=engine;"}
				{animation
					{sequence "break" {file "engine_b"}{speed 0.5}}
				}
				{LODView
					{poly "engine"}
					{poly "engine_lod1"}
					{poly "engine_lod2"}
					{poly "engine_lod3"}
				}
				{bone "cover6"
					{parameters "id=engine;"}
					{matrix34
						0.9986 	 0 	 -0.0531
						-0.0531 	 0 	 -0.9986
						0 	 1 	 0
						16.0348 	 0 	 23.4129
					}
					{LODView
						{poly "cover6"}
						{poly "cover6_lod1"}
						{poly "cover6_lod2"}
						{poly "cover6_lod3"}
					}
				}
				{bone "cover7"
					{parameters "id=engine;"}
					{matrix34
						0.907 	 -0.3056 	 0.2899
						0.2908 	 0.9522 	 0.0939
						-0.3047 	 -0.0009 	 0.9524
						31.3931 	 -4.5252 	 19.5924
					}
					{LODView
						{poly "cover7"}
						{poly "cover7_lod1"}
						{poly "cover7_lod2"}
						{poly "cover7_lod3"}
					}
				}
				{bone "cover8"
					{parameters "id=engine;"}
					{matrix34
						-0.2908 	 0.9522 	 -0.0939
						-0.907 	 -0.3056 	 -0.2899
						-0.3047 	 0.0009 	 0.9524
						31.3931 	 4.5252 	 19.5924
					}
					{LODView
						{poly "cover8"}
						{poly "cover8_lod1"}
						{poly "cover8_lod2"}
						{poly "cover8_lod3"}
					}
				}
				{bone "cover9"
					{parameters "id=engine;"}
					{matrix34
						-0.0202 	 -0.1222 	 0.9923
						-0.1621 	 -0.979 	 -0.1239
						0.9866 	 -0.1634 	 0
						26.1126 	 6.1731 	 21.3337
					}
					{LODView
						{poly "cover9"}
						{poly "cover9_lod1"}
						{poly "cover9_lod2"}
						{poly "cover9_lod3"}
					}
				}
				{bone "cover10"
					{parameters "id=engine;"}
					{matrix34
						0.9866 	 0.1634 	 0
						-0.1621 	 0.979 	 -0.1239
						-0.0202 	 0.1222 	 0.9923
						26.1126 	 -6.1731 	 21.3337
					}
					{LODView
						{poly "cover10"}
						{poly "cover10_lod1"}
						{poly "cover10_lod2"}
						{poly "cover10_lod3"}
					}
				}
			}
			{bone "fxsmoke1"
				{parameters "lastpose=undefined;"}
				{matrix34
					-0.9877 	 0 	 0.1564
					0 	 -1 	 0
					0.1564 	 0 	 0.9877
					-44.5012 	 -5.5486 	 5.548
				}
			}
			{bone "fxstop1"
				{matrix34
					-1 	 0 	 0
					0 	 -1 	 0
					0 	 0 	 1
					-39.7328 	 12.4805 	 12.0428
				}
			}
			{bone "link2"
				{matrix34
					-1 	 0 	 0
					0 	 -1 	 0
					0 	 0 	 1
					-36.1537 	 -1.5024 	 -0.6663
				}
			}
			{bone "visor1"
				{Position 6.8256 	 3.9974 	 26.043}
			}
			{bone revolute "turret"
				{parameters "id=turret;"}
				{limits -12 15}
				{speed 0.01}
				{Position -19.4597 	 0 	 29.9433}
				{LODView
					{poly "turret"}
					{poly "turret_lod1"}
					{poly "turret_lod2"}
					{poly "turret_lod3"}
				}
				{bone "cover1"
					{parameters "id=turret;"}
					{Position -4.7465 	 0 	 8.1897}
					{LODView
						{poly "cover1"}
						{poly "cover1_lod1"}
						{poly "cover1_lod2"}
						{poly "cover1_lod3"}
					}
				}
				{bone "enumerator"
					{parameters "id=turret;"}
					{Position 6.5317 	 5.9559 	 4.0727}
					{poly "enumerator"}
				}
				{bone socket "mgun1"
					{parameters "id=turret;ikspeed2=80;"}
					{limits 25}
					{matrix34
						0 	 0 	 -1
						0 	 1 	 0
						1 	 0 	 0
						9.5697 	 -1.3963 	 3.8589
					}
					{LODView
						{poly "mgun1"}
						{poly "mgun1_lod1"}
						{poly "mgun1_lod2"}
						{poly "mgun1_lod3"}
					}
					{bone "foresight4"
						{matrix34
							0 	 0 	 1
							0 	 1 	 0
							-1 	 0 	 0
							0.3175 	 0 	 8.5041
						}
					}
				}
				{bone "visor_gunner"
					{parameters "lastpose=undefined;"}
					{Position 12.6043 	 2.4322 	 4.0596}
				}
			}
		}
	}
}
{volume "body01"
	{polyhedron}
	{bone "body"}
	{Position -14.2505 	 0 	 7.2745}
}
{volume "body03"
	{polyhedron}
	{bone "body"}
	{matrix34
		1 	 0 	 0
		0 	 0 	 -1
		0 	 1 	 0
		27.8381 	 11.1855 	 12.247
	}
}
{volume "body04"
	{polyhedron}
	{bone "body"}
	{matrix34
		-1 	 0 	 0
		0 	 0 	 -1
		0 	 -1 	 0
		27.8381 	 -10.9937 	 12.247
	}
}
{volume "body05"
	{polyhedron}
	{bone "body"}
	{matrix34
		-1 	 0 	 0
		0 	 0 	 -1
		0 	 -1 	 0
		-29.8178 	 13.7795 	 12.2192
	}
}
{volume "body06"
	{polyhedron}
	{bone "body"}
	{matrix34
		-1 	 0 	 0
		0 	 0 	 -1
		0 	 -1 	 0
		-29.8178 	 -13.7795 	 12.2192
	}
}
{volume "body07"
	{polyhedron}
	{bone "body"}
	{Position -14.2505 	 0 	 7.2745}
}
{volume "body08"
	{polyhedron}
	{bone "body"}
	{Position -1.208 	 0 	 6.1013}
}
{volume "body09"
	{polyhedron}
	{bone "body"}
	{Position -11.3305 	 14.2458 	 7.3571}
}
{volume "body10"
	{polyhedron}
	{bone "body"}
	{Position -11.3305 	 -14.3564 	 7.3571}
}
{volume "body11"
	{polyhedron}
	{bone "body"}
	{matrix34
		1 	 0 	 0
		0 	 0.9903 	 0.1392
		0 	 -0.1392 	 0.9903
		-17.1018 	 11.7942 	 15.2422
	}
}
{volume "body12"
	{polyhedron}
	{bone "body"}
	{matrix34
		0.6725 	 -0.0221 	 -0.7397
		-0.0729 	 0.9927 	 -0.096
		0.7365 	 0.1185 	 0.666
		-35.1878 	 9.6504 	 15.0223
	}
}
{volume "body13"
	{polyhedron}
	{bone "body"}
	{Position -36.1846 	 0 	 6.8804}
}
{volume "body14"
	{polyhedron}
	{bone "body"}
	{Position 40.1142 	 0 	 8.1247}
}
{volume "engine01"
	{polyhedron}
	{bone "engine"}
	{Position 18.8785 	 0 	 8.5821}
}
{volume "engine02"
	{polyhedron}
	{bone "engine"}
	{Position 18.8785 	 0 	 8.5821}
}
{volume "ram"
	{polyhedron}
	{bone "body"}
	{Position -0.3396 	 0 	 0}
}
{volume "turret01"
	{polyhedron}
	{bone "turret"}
	{Position -1.9168 	 0.0624 	 5.1871}
}
{volume "turret02"
	{polyhedron}
	{bone "turret"}
	{Position -0.099 	 0 	 8.1183}
}
{volume "turret03"
	{polyhedron}
	{bone "turret"}
	{matrix34
		0 	 0 	 -1
		0 	 1 	 0
		1 	 0 	 0
		10.4974 	 -1.3962 	 3.8552
	}
}
{volume "turret04"
	{polyhedron}
	{bone "turret"}
	{Position 1.6232 	 0 	 0.0546}
}
{volume "wheelleft1"
	{polyhedron}
	{bone "wheell1"}
	{Position 0 	 0 	 -1.2424}
}
{volume "wheelleft2"
	{polyhedron}
	{bone "wheell2"}
	{Position 0 	 0 	 -1.4}
}
{volume "wheelright1"
	{polyhedron}
	{bone "wheelr1"}
	{matrix34
		-1 	 0 	 0
		0 	 1 	 0
		0 	 0 	 -1
		0 	 0 	 1.2424
	}
}
{volume "wheelright2"
	{polyhedron}
	{bone "wheelr2"}
	{matrix34
		-1 	 0 	 0
		0 	 1 	 0
		0 	 0 	 -1
		0 	 0 	 1.4
	}
}
