;Exported by:	 tolokolnikova
;Date:			 27.06.2017 14:31:40
;File:			 D:\gem2\gem2-mdl-soldiers\models\building\house_D\D_003_x_fort.max
{skeleton
	{bone "d003_piece13_point"
		{orientation
			1 	 0 	 0
			0 	 -1 	 0
			0 	 0 	 1
		}
		{bone "piece04"
			{Position -4.8865 	 15.3555 	 -0.6464}
			{poly "piece04"}
		}
		{bone "piece05"
			{Position 33.1686 	 15.2983 	 4.3615}
			{poly "piece05"}
		}
		{bone "piece06"
			{Position -51.5472 	 27.2241 	 -8.8691}
			{poly "piece06"}
		}
		{bone "piece03"
			{Position 2.4096 	 15.363 	 14.8017}
			{poly "piece03"}
		}
		{bone "piece02"
			{matrix34
				0 	 1 	 0
				-0.9397 	 0 	 -0.342
				-0.342 	 0 	 0.9397
				41.1194 	 15.2983 	 18.2831
			}
			{poly "piece02"}
		}
		{bone "piece01"
			{Position -38.4381 	 27.1197 	 12.365}
			{poly "piece01"}
		}
		{bone "sub_piece02"
			{Position 49.9717 	 15.326 	 -1.4584}
			{poly "sub_piece02"}
		}
		{bone "sub_piece03"
			{Position -20.9566 	 15.3587 	 -7.8433}
			{poly "sub_piece03"}
		}
		{bone "sub_piece04"
			{Position 14.2161 	 15.3458 	 -1.2568}
			{poly "sub_piece04"}
		}
		{bone "sub_piece05"
			{Position -36.1761 	 27.1632 	 -2.0613}
			{poly "sub_piece05"}
		}
		{bone "sub_piece06"
			{matrix34
				0 	 1 	 0
				-1 	 0 	 0
				0 	 0 	 1
				-19.8998 	 15.3741 	 14.5886
			}
			{poly "sub_piece06"}
		}
		{bone "sub_piece07"
			{Position 20.2869 	 15.3741 	 14.5886}
			{poly "sub_piece07"}
		}
		{bone "sub_piece08"
			{Position 48.1846 	 11.2287 	 26.9455}
			{poly "sub_piece08"}
		}
		{bone "sub_piece09"
			{Position 12.1473 	 -10.3744 	 34.3625}
			{poly "sub_piece09"}
		}
		{bone "sub_piece10"
			{Position -3.3546 	 0.6978 	 30.1845}
			{poly "sub_piece10"}
		}
		{bone "sub_piece01"
			{Position 0.6808 	 29.2409 	 20.517}
			{poly "sub_piece01"}
		}
	}
}
{volume "piece01"
	{box 5.90551 23.4965 10.3279}
	{bone "piece01"}
	{matrix34
		0 	 -1 	 0
		0.9563 	 0 	 0.2924
		-0.2924 	 0 	 0.9563
		-1.3774 	 0.3138 	 0.3558
	}
}
{volume "piece02"
	{box 5.90551 23.4965 10.3279}
	{bone "piece02"}
	{matrix34
		1 	 0 	 0
		0 	 0.9563 	 0.2924
		0 	 -0.2924 	 0.9563
		0.1324 	 0.3764 	 0.3558
	}
}
{volume "piece03"
	{box 5.90551 12.432 19.4865}
	{bone "piece03"}
	{matrix34
		0 	 1 	 0
		-0.7071 	 0 	 -0.7071
		-0.7071 	 0 	 0.7071
		1.1435 	 0.1522 	 0.9059
	}
}
{volume "piece04"
	{box 5.90551 23.4965 10.3279}
	{bone "piece04"}
	{matrix34
		0 	 1 	 0
		-0.9563 	 0 	 0.2924
		0.2924 	 0 	 0.9563
		1.6189 	 1.8863 	 0.3558
	}
}
{volume "piece05"
	{box 5.90551 23.4965 10.3279}
	{bone "piece05"}
	{matrix34
		0.044 	 -0.9918 	 0.1199
		0.9923 	 0.0574 	 0.1101
		-0.1161 	 0.1142 	 0.9867
		-0.4671 	 -0.1188 	 0.8232
	}
}
{volume "piece06"
	{box 5.90551 19.5182 14.2252}
	{bone "piece06"}
	{matrix34
		0 	 1 	 0
		-0.9659 	 0 	 -0.2588
		-0.2588 	 0 	 0.9659
		-0.0322 	 0.0603 	 0.0786
	}
}
{volume "sub_piece01"
	{box 0.738189 16.4316 8.94795}
	{bone "sub_piece01"}
	{matrix34
		0 	 0.342 	 0.9397
		-1 	 0 	 0
		0 	 -0.9397 	 0.342
		0.377 	 0.2277 	 0.4458
	}
}
{volume "sub_piece02"
	{box 5.90551 11.2261 9.83291}
	{bone "sub_piece02"}
	{matrix34
		0 	 1 	 0
		-1 	 0 	 0
		0 	 0 	 1
		-0.2401 	 0.6656 	 0.8333
	}
}
{volume "sub_piece03"
	{box 5.90551 12.7925 8.70269}
	{bone "sub_piece03"}
	{matrix34
		0 	 1 	 0
		-1 	 0 	 0
		0 	 0 	 1
		0.6519 	 0.7339 	 0.4247
	}
}
{volume "sub_piece04"
	{box 8.79921 5.90551 7.7906}
	{bone "sub_piece04"}
	{Position 0.1324 	 -0.2551 	 1.0599}
}
{volume "sub_piece05"
	{box 5.90551 8.7024 11.3022}
	{bone "sub_piece05"}
	{matrix34
		0 	 1 	 0
		-1 	 0 	 0
		0 	 0 	 1
		0.1324 	 -0.7574 	 0.1242
	}
}
{volume "sub_piece06"
	{box 5.90551 8.7024 11.3022}
	{bone "sub_piece06"}
	{Position 0.1324 	 -0.7574 	 0.1242}
}
{volume "sub_piece07"
	{box 10.0394 5.90551 11.3022}
	{bone "sub_piece07"}
	{Position 0.1324 	 0.1604 	 0.1242}
}
{volume "sub_piece08"
	{box 0.984252 13.359 17.8959}
	{bone "sub_piece08"}
	{matrix34
		0 	 0.342 	 0.9397
		-1 	 0 	 0
		0 	 -0.9397 	 0.342
		0.1922 	 1.8811 	 -0.9057
	}
}
{volume "sub_piece09"
	{box 1.26969 17.6339 13.0819}
	{bone "sub_piece09"}
	{matrix34
		0 	 0.342 	 0.9397
		-1 	 0 	 0
		0 	 -0.9397 	 0.342
		-0.4832 	 0.1614 	 -0.0512
	}
}
{volume "sub_piece10"
	{box 0.984252 13.359 13.064}
	{bone "sub_piece10"}
	{matrix34
		0 	 0.342 	 0.9397
		-1 	 0 	 0
		0 	 -0.9397 	 0.342
		0.2515 	 0.9831 	 0.0152
	}
}
