;Exported by	: joomb
;Date			: 13.04.2023 16:09:47
;File			: H:\git\gem2-mdl-soldiers\models\building\building_ua01\building_06_v2a.max
{skeleton
	{bone "b_ua_06_piece05"
		{orientation
			1 	 0 	 0
			0 	 -1 	 0
			0 	 0 	 1
		}
		{poly "b_ua_06_piece05"}
		{bone "window"
			{matrix34
				0 	 1 	 0
				-1 	 0 	 0
				0 	 0 	 1
				-46.3555 	 -16.1513 	 7.5003
			}
			{poly "window"}
		}
		{bone "fort_wall"
			{Position -6.4543 	 -7.1932 	 -15.0046}
		}
		{bone "window_x"
			{matrix34
				0 	 1 	 0
				-1 	 0 	 0
				0 	 0 	 1
				-46.3555 	 -16.1513 	 7.5003
			}
			{poly "window_x"}
		}
		{bone revolute "attach1"
			{matrix34
				0 	 1 	 0
				-1 	 0 	 0
				0 	 0 	 1
				-47.3605 	 -34.8248 	 -18.1778
			}
		}
		{bone revolute "attach2"
			{matrix34
				0 	 1 	 0
				-1 	 0 	 0
				0 	 0 	 1
				-9.3805 	 -34.8248 	 -18.1778
			}
		}
		{bone "fort_window"
			{matrix34
				0 	 -1 	 0
				1 	 0 	 0
				0 	 0 	 1
				-48.143 	 -10.9325 	 7.1596
			}
		}
	}
}
{"volumes"
	{"body01"
		{box 125.071 6.88976 16.3919}
		{bone "b_ua_06_piece05"}
		{Position -0.3816 	 -17.7673 	 -10.006}
	}
	{"body02"
		{polyhedron}
		{bone "b_ua_06_piece05"}
		{Position 11.7905 	 -17.7673 	 -1.8418}
	}
	{"body04"
		{box 31.5592 8.19882 13.9331}
		{bone "b_ua_06_piece05"}
		{Position 49.1112 	 -10.5406 	 -24.7568}
	}
	{"body05"
		{box 62.0416 8.19882 13.9331}
		{bone "b_ua_06_piece05"}
		{Position -34.0561 	 -10.5406 	 -24.7568}
	}
	{"floor01"
		{box 45.5177 54.6577 1.25005}
		{bone "b_ua_06_piece05"}
		{Position 16.7751 	 -32.563 	 25.3054}
	}
	{"floor02"
		{box 38.9193 30.5475 1.25005}
		{bone "b_ua_06_piece05"}
		{matrix34
			1 	 0 	 0
			0 	 0.9774 	 -0.2114
			0 	 0.2114 	 0.9774
			14.6509 	 5.4436 	 19.1914
		}
	}
	{"floor03"
		{box 51.6437 62.111 1.25005}
		{bone "b_ua_06_piece05"}
		{Position -31.1171 	 -38.2353 	 25.3054}
	}
	{"hole"
		{box 13.7945 10.4921 17.1029}
		{bone "b_ua_06_piece05"}
		{Position -47.1137 	 -16.1513 	 7.5235}
	}
	{"roof01"
		{box 99.5229 1.9685 12.9812}
		{bone "b_ua_06_piece05"}
		{matrix34
			-1 	 0 	 0
			0 	 -0.8192 	 -0.5736
			0 	 -0.5736 	 0.8192
			-3.2361 	 -6.8046 	 32.6476
		}
	}
	{"roof02"
		{polyhedron}
		{bone "b_ua_06_piece05"}
		{matrix34
			-1 	 0 	 0
			0 	 -0.8192 	 -0.5736
			0 	 -0.5736 	 0.8192
			-3.2361 	 -10.5505 	 37.9972
		}
	}
	{"roof03"
		{box 104.368 1.9685 8.04965}
		{bone "b_ua_06_piece05"}
		{matrix34
			-1 	 0 	 0
			0 	 -0.6428 	 0.766
			0 	 0.766 	 0.6428
			-4.4362 	 -6.54 	 24.9334
		}
	}
	{"window"
		{box 14.2125 0.984252 17.1029}
		{bone "window"}
		{matrix34
			0 	 -1 	 0
			1 	 0 	 0
			0 	 0 	 1
			0 	 0 	 -0.0874
		}
	}
}
