;Exported by:	 tolokolnikova
;Date:			 14.12.2017 10:04:38
;File:			 D:\gem2\gem2-mdl-soldiers\models\building\building_ua01\building_ua03_v2_x.max
{skeleton
	{bone "b_ua_03_piece10_point"
		{orientation
			1 	 0 	 0
			0 	 -1 	 0
			0 	 0 	 1
		}
		{bone "sub_piece01"
			{Position -5.6691 	 11.1048 	 13.6928}
			{poly "sub_piece01"}
		}
		{bone "sub_piece02"
			{matrix34
				1 	 0 	 0
				0 	 -1 	 0
				0 	 0 	 1
				-48.731 	 14.117 	 4.6866
			}
			{poly "sub_piece02"}
		}
		{bone "sub_piece03"
			{matrix34
				-1 	 0 	 0
				0 	 0.7808 	 0.6247
				0 	 -0.6247 	 0.7808
				10.946 	 41.1426 	 -15.446
			}
			{poly "sub_piece03"}
		}
		{bone "sub_piece04"
			{Position 49.1557 	 31.4214 	 -12.1349}
			{poly "sub_piece04"}
		}
		{bone "sub_piece05"
			{matrix34
				-1 	 0 	 0
				0 	 -1 	 0
				0 	 0 	 1
				-21.0042 	 -16.1588 	 21.4124
			}
			{poly "sub_piece05"}
		}
		{bone "piece01"
			{Position -42.304 	 -41.933 	 -11.9665}
			{poly "piece01"}
		}
		{bone "piece02"
			{Position 16.7109 	 -18.3054 	 18.5269}
			{poly "piece02"}
		}
	}
}
{volume "piece01"
	{box 3.93701 26.8273 24.1194}
	{bone "piece01"}
	{matrix34
		0 	 0.8192 	 -0.5736
		-1 	 0 	 0
		0 	 0.5736 	 0.8192
		-1.405 	 -6.5536 	 -4.1391
	}
}
{volume "piece02"
	{box 3.93701 26.8273 24.1194}
	{bone "piece02"}
	{matrix34
		0 	 0.8192 	 -0.5736
		-1 	 0 	 0
		0 	 0.5736 	 0.8192
		-1.191 	 2.4787 	 8.1545
	}
}
{volume "sub_piece01"
	{box 3.93701 26.8273 18.5719}
	{bone "sub_piece01"}
	{matrix34
		0 	 -0.8192 	 -0.5736
		1 	 0 	 0
		0 	 -0.5736 	 0.8192
		-1.5322 	 0.9946 	 1.4085
	}
}
{volume "sub_piece02"
	{box 3.93701 26.8273 24.1194}
	{bone "sub_piece02"}
	{matrix34
		0.866 	 0 	 -0.5
		0 	 -1 	 0
		0.5 	 0 	 0.866
		-6.6816 	 3.9271 	 -5.0596
	}
}
{volume "sub_piece03"
	{box 3.93701 26.8273 34.2495}
	{bone "sub_piece03"}
	{matrix34
		0 	 0.9997 	 0.0233
		1 	 0 	 0
		0 	 -0.0233 	 0.9997
		3.5939 	 -3.5494 	 0.2349
	}
}
{volume "sub_piece04"
	{box 3.93701 26.8273 24.1194}
	{bone "sub_piece04"}
	{matrix34
		0 	 -0.8192 	 -0.5736
		1 	 0 	 0
		0 	 -0.5736 	 0.8192
		-3.8231 	 3.9868 	 -0.8991
	}
}
{volume "sub_piece05"
	{box 3.93701 26.8273 24.1194}
	{bone "sub_piece05"}
	{matrix34
		0 	 -0.8192 	 -0.5736
		1 	 0 	 0
		0 	 -0.5736 	 0.8192
		-1.3221 	 3.9868 	 -0.8991
	}
}
