;Exported by	: KobaA
;Date			: 04.03.2024 17:09:22
;File			: d:\git\gem2-mdl-soldiers\models\building\france_mill\france_mill_x.max
{skeleton
	{bone "france_mill_piece06_point"
		{orientation
			1 	 0 	 0
			0 	 -1 	 0
			0 	 0 	 1
		}
		{bone "piece01"
			{matrix34
				-0.1227 	 0.9924 	 0
				-0.9924 	 -0.1227 	 0
				0 	 0 	 1
				16.5339 	 -10.4861 	 -7.5747
			}
			{poly "piece01"}
		}
		{bone "piece02"
			{matrix34
				-0.7641 	 0.6451 	 0
				-0.6451 	 -0.7641 	 0
				0 	 0 	 1
				18.2055 	 23.2444 	 -4.8291
			}
			{poly "piece02"}
		}
		{bone "sub_piece01"
			{matrix34
				-0.6427 	 0.0084 	 -0.766
				-0.0131 	 -0.9999 	 0
				-0.766 	 0.01 	 0.6428
				-8.3461 	 16.0627 	 7.2523
			}
			{poly "sub_piece01"}
		}
		{bone "sub_piece02"
			{matrix34
				-0.6428 	 -0.001 	 -0.766
				0.0016 	 -1 	 0
				-0.766 	 -0.0012 	 0.6428
				-0.7197 	 -4.7388 	 7.5377
			}
			{poly "sub_piece02"}
		}
		{bone "sub_piece03"
			{matrix34
				-0.4929 	 0.8701 	 0
				-0.8701 	 -0.4929 	 0
				0 	 0 	 1
				19.0341 	 20.9409 	 -19.4642
			}
			{poly "sub_piece03"}
		}
		{bone "sub_piece04"
			{matrix34
				-0.1496 	 0.9887 	 0
				-0.9887 	 -0.1496 	 0
				0 	 0 	 1
				17.5638 	 -8.7045 	 -24.4833
			}
			{poly "sub_piece04"}
		}
		{bone "sub_piece05"
			{matrix34
				-0.2333 	 0.9724 	 0
				-0.9724 	 -0.2333 	 0
				0 	 0 	 1
				17.0115 	 -7.7089 	 -35.2146
			}
			{poly "sub_piece05"}
		}
		{bone "sub_piece06"
			{matrix34
				-0.659 	 0.7522 	 0
				-0.7522 	 -0.659 	 0
				0 	 0 	 1
				20.2164 	 8.0751 	 -21.5182
			}
			{poly "sub_piece06"}
		}
		{bone "sub_piece07"
			{matrix34
				0.4033 	 0.915 	 0
				-0.915 	 0.4033 	 0
				0 	 0 	 1
				6.1214 	 -27.3022 	 -4.4104
			}
			{poly "sub_piece07"}
		}
	}
}
{"volumes"
	{"piece01"
		{box 6.88976 15.0629 10.429}
		{bone "piece01"}
		{matrix34
			-0.4843 	 -0.8749 	 0
			0.8749 	 -0.4843 	 0
			0 	 0 	 1
			0.3506 	 -0.0519 	 -0.4646
		}
	}
	{"piece02"
		{box 6.88976 12.0503 12.2019}
		{bone "piece02"}
		{matrix34
			-0.4843 	 -0.8749 	 0
			0.8749 	 -0.4843 	 0
			0 	 0 	 1
			0.6042 	 -0.3345 	 0.74
		}
	}
	{"sub_piece01"
		{box 3.16929 12.3036 4.06136}
		{bone "sub_piece01"}
		{matrix34
			-0.0035 	 -1 	 -0.0042
			0.6428 	 -0.0055 	 0.766
			-0.766 	 0 	 0.6428
			0.2514 	 0 	 -0.211
		}
	}
	{"sub_piece02"
		{box 3.16929 12.3036 4.06136}
		{bone "sub_piece02"}
		{matrix34
			-0.0035 	 -1 	 -0.0042
			0.6428 	 -0.0055 	 0.766
			-0.766 	 0 	 0.6428
			0.2514 	 0 	 -0.211
		}
	}
	{"sub_piece03"
		{box 6.93383 7.29824 5.63728}
		{bone "sub_piece03"}
		{matrix34
			-0.2741 	 -0.9617 	 0
			0.9617 	 -0.2741 	 0
			0 	 0 	 1
			0.4171 	 -0.1189 	 -0.0119
		}
	}
	{"sub_piece04"
		{box 6.93383 8.38543 3.45388}
		{bone "sub_piece04"}
		{matrix34
			-0.461 	 -0.8874 	 0
			0.8874 	 -0.461 	 0
			0 	 0 	 1
			0.0947 	 0.3336 	 0.0126
		}
	}
	{"sub_piece05"
		{box 6.93383 5.11511 5.63728}
		{bone "sub_piece05"}
		{matrix34
			-0.4955 	 -0.8686 	 0
			0.8686 	 -0.4955 	 0
			0 	 0 	 1
			-0.2531 	 -0.4437 	 0.1263
		}
	}
	{"sub_piece06"
		{box 6.93383 5.11511 5.63728}
		{bone "sub_piece06"}
		{matrix34
			-0.641 	 -0.7675 	 0
			0.7675 	 -0.641 	 0
			0 	 0 	 1
			0.0233 	 -0.1283 	 0.1263
		}
	}
	{"sub_piece07"
		{box 6.93383 7.29824 5.63728}
		{bone "sub_piece07"}
		{matrix34
			-0.2741 	 -0.9617 	 0
			0.9617 	 -0.2741 	 0
			0 	 0 	 1
			0.4171 	 -0.1189 	 -0.0119
		}
	}
}
