;Exported by: ubrashaev
;Date:        Mon Dec 18 12:30:24 2006
;File:        D:\-Projects1_5-\-work-\3d\-entourage\wood\wood_x.max
{Skeleton
	{animation
		{sequence "crush2" {speed 0.5}}
	}
	{bone "shaft_r1"
		{Orientation
			1	0	0
			0	-1	0
			0	0	1
		}
		{bone "piece00"
			{Matrix34
				0.999611	0.0250378	-0.0122938
				-0.0244589	0.99868	0.0451703
				0.0134086	-0.044852	0.998904
				-7.09601	0.00213623	42.3361
			}
			{poly "piece00"}
		}
		{bone "piece01"
			{Matrix34
				0.981605	-0.179538	0.0649491
				0.189869	0.953682	-0.233325
				-0.0200502	0.241365	0.970227
				-22.4949	1.56133	25.9968
			}
			{poly "piece01"}
		}
		{bone "piece02"
			{Matrix34
				0.489181	0.811664	0.319224
				-0.592146	0.577796	-0.561707
				-0.640364	0.0857487	0.76327
				-17.9691	-4.39343	29.5834
			}
			{poly "piece02"}
		}
		{bone "piece03"
			{Matrix34
				1	0	0.000255585
				0	1	0.000135468
				-0.000255585	-0.000135468	1
				-18.9909	-0.296097	20.5343
			}
			{poly "piece03"}
		}
		{bone "piece04"
			{Matrix34
				0.853935	-0.154132	0.497029
				0.143973	0.987823	0.0589722
				-0.500066	0.0212005	0.865728
				62.304	-1.12721	58.8892
			}
			{poly "piece04"}
		}
		{bone "fx_wood1"
			{Matrix34
				-1	0	0
				0	-1	0
				0	0	1
				-17.0835	-2.06223	31.7862
			}
		}
	}
}
