;Exported by:	 tolokolnikova
;Date:			 12.03.2018 11:16:19
;File:			 D:\gem2\gem2-mdl-soldiers\models\fence\Fence_wood_ua\fence_wood_ru_001.max
{skeleton
	{bone "fence01b_x"
		{orientation
			1 	 0 	 0
			0 	 -1 	 0
			0 	 0 	 1
		}
		{bone "piece01"
			{parameters "polylastpose=undefined;"}
			{matrix34
				0.9848 	 0.1736 	 0
				-0.1736 	 0.9848 	 0
				0 	 0 	 1
				-41.3202 	 3.2169 	 15.587
			}
		}
		{bone "piece02"
			{parameters "polylastpose=undefined;"}
			{matrix34
				0.3754 	 -0.2599 	 -0.8897
				0.2499 	 0.9527 	 -0.1729
				0.8925 	 -0.1574 	 0.4226
				27.5132 	 2.8588 	 16.5216
			}
		}
		{bone "piece03"
			{parameters "polylastpose=undefined;"}
			{matrix34
				0.9659 	 0.2588 	 0
				-0.2588 	 0.9659 	 0
				0 	 0 	 1
				36.0112 	 3.237 	 21.2164
			}
		}
		{bone "piece04"
			{parameters "polylastpose=undefined;"}
			{matrix34
				-0.644 	 -0.1908 	 -0.7408
				-0.1252 	 0.9816 	 -0.144
				0.7547 	 0 	 -0.6561
				-35.9913 	 0.2492 	 15.6676
			}
		}
		{bone "fx_wood"
			{Position 17.2268 	 0.2236 	 0}
		}
	}
}
{volume "piece01"
	{cylinder 2.27176 23.6262}
	{bone "piece01"}
	{matrix34
		0.9848 	 -0.1736 	 0
		0.1736 	 0.9848 	 0
		0 	 0 	 1
		0.4145 	 -0.1215 	 -0.3993
	}
}
{volume "piece02"
	{cylinder 1.61295 22.3976}
	{bone "piece02"}
	{matrix34
		-0.9779 	 -0.1963 	 -0.072
		-0.1999 	 0.9787 	 0.0471
		0.0612 	 0.0605 	 -0.9963
		-0.0827 	 -0.3856 	 -1.0069
	}
}
{volume "piece03"
	{cylinder 2.27176 18.6647}
	{bone "piece03"}
	{matrix34
		0.9659 	 -0.2588 	 0
		0.2588 	 0.9659 	 0
		0 	 0 	 1
		-0.0101 	 -0.0675 	 -0.1754
	}
}
{volume "piece04"
	{box 16.4212 2.81466 3.04724}
	{bone "piece04"}
	{matrix34
		0.0328 	 0.0064 	 0.9994
		-0.1908 	 0.9816 	 0
		-0.9811 	 -0.1907 	 0.0334
		0.0611 	 -0.1862 	 -0.0793
	}
}
