;Exported by	: joomb
;Date			: 13.04.2023 15:01:33
;File			: H:\git\gem2-mdl-soldiers\models\building\building_ua01\building_ua04_2v.max
{skeleton
	{bone "b_ua_04_piece13"
		{orientation
			1 	 0 	 0
			0 	 -1 	 0
			0 	 0 	 1
		}
		{poly "b_ua_04_piece13"}
		{bone "fix01"
			{Position 20.2569 	 35.3097 	 -54.8432}
		}
		{bone "fix02"
			{Position 20.441 	 -35.6499 	 -57.4504}
		}
	}
}
{"volumes"
	{"roof01"
		{box 18.3232 1.9685 67.7343}
		{bone "b_ua_04_piece13"}
		{matrix34
			-0.9397 	 0.2198 	 -0.262
			0.0209 	 -0.7277 	 -0.6856
			-0.3414 	 -0.6497 	 0.6792
			-7.0606 	 43.7719 	 -10.8944
		}
	}
	{"roof02"
		{box 18.7548 1.9685 64.2181}
		{bone "b_ua_04_piece13"}
		{matrix34
			0.933 	 0.2546 	 0.2546
			0 	 0.7071 	 -0.7071
			-0.36 	 0.6597 	 0.6597
			-3.7541 	 -45.4197 	 -7.3934
		}
	}
	{"roof03"
		{polyhedron}
		{bone "b_ua_04_piece13"}
		{matrix34
			0.933 	 0.2546 	 0.2546
			0 	 0.7071 	 -0.7071
			-0.36 	 0.6597 	 0.6597
			-11.0017 	 -58.5235 	 -20.4972
		}
	}
	{"roof04"
		{polyhedron}
		{bone "b_ua_04_piece13"}
		{matrix34
			0.1251 	 0.9814 	 -0.1458
			-0.8166 	 0.0184 	 -0.577
			-0.5635 	 0.1913 	 0.8036
			27.0348 	 -21.1794 	 -26.9288
		}
	}
	{"roof05"
		{polyhedron}
		{bone "b_ua_04_piece13"}
		{matrix34
			0.0719 	 0.9931 	 -0.0926
			-0.8226 	 0.0065 	 -0.5686
			-0.5641 	 0.1171 	 0.8174
			29.9073 	 13.5134 	 -31.1055
		}
	}
}
