;Exported by	: KobaA
;Date			: 28.03.2024 13:53:18
;File			: d:\git\gem2-mdl-soldiers\models\entourage\shelter_box\shelter_gr001_004_new2_gem2_x.max
{skeleton
	{bone "basis_gr_008"
		{orientation
			1 	 0 	 0
			0 	 -1 	 0
			0 	 0 	 1
		}
		{bone "piece01"
			{matrix34
				1 	 0 	 0
				0 	 0.6428 	 0.766
				0 	 -0.766 	 0.6428
				-12.7596 	 -9.0867 	 3.9247
			}
			{poly "piece01"}
		}
		{bone "piece02"
			{matrix34
				0.3618 	 -0.9323 	 0
				0.9323 	 0.3618 	 0
				0 	 0 	 1
				-1.1906 	 -8.9667 	 4.2365
			}
			{poly "piece02"}
		}
		{bone "piece03"
			{matrix34
				0.3618 	 -0.9323 	 0
				0.9323 	 0.3618 	 0
				0 	 0 	 1
				-0.5115 	 -3.5764 	 6.1175
			}
			{poly "piece03"}
		}
		{bone "piece04"
			{matrix34
				-0.6605 	 -0.7503 	 0.0289
				0.2344 	 -0.1694 	 0.9573
				-0.7133 	 0.6391 	 0.2877
				-2.53 	 -7.2119 	 9.2755
			}
			{poly "piece04"}
		}
		{bone "piece05"
			{matrix34
				0.3618 	 -0.9323 	 0
				0.9323 	 0.3618 	 0
				0 	 0 	 1
				4.3914 	 1.1336 	 4.7672
			}
			{poly "piece05"}
		}
		{bone "piece06"
			{matrix34
				0.6355 	 -0.7721 	 0
				0.7721 	 0.6355 	 0
				0 	 0 	 1
				2.9678 	 -3.5764 	 6.1175
			}
			{poly "piece06"}
		}
		{bone "piece07"
			{matrix34
				-0.0173 	 -0.999 	 0.0417
				0.236 	 -0.0446 	 -0.9707
				0.9716 	 -0.007 	 0.2365
				-11.7621 	 -1.8708 	 8.1009
			}
			{poly "piece07"}
		}
		{bone "piece08"
			{matrix34
				0.9705 	 0.168 	 0.1731
				-0.1884 	 0.976 	 0.1088
				-0.1506 	 -0.1382 	 0.9789
				-2.0761 	 10.4012 	 14.1744
			}
			{poly "piece08"}
		}
		{bone "piece09"
			{matrix34
				0.1736 	 0.046 	 0.9837
				-0.0858 	 -0.9944 	 0.0616
				0.9811 	 -0.0951 	 -0.1687
				-7.625 	 7.6192 	 10.5124
			}
			{poly "piece09"}
		}
		{bone "piece10"
			{matrix34
				-0.9903 	 -0.1383 	 -0.0159
				-0.1383 	 0.9904 	 -0.0022
				0.0161 	 0 	 -0.9999
				-13.943 	 -1.2802 	 2.5546
			}
			{poly "piece10"}
		}
		{bone "fx_wood1"
			{Position -0.7118 	 -0.7365 	 0}
		}
		{bone "fx_wood2a"
			{Position -0.7118 	 -0.7365 	 0}
		}
		{bone "fx_wood2"
			{Position -0.7118 	 -0.7365 	 0}
		}
		{bone "fx_dust2"
			{Position -0.7118 	 -0.7365 	 0}
		}
		{bone "fx_dust1"
			{Position -0.7118 	 -0.7365 	 0}
		}
	}
}
{"volumes"
	{"piece01"
		{box 5.7787 0.427237 8.26479}
		{bone "piece01"}
		{matrix34
			1 	 0 	 0
			0 	 -0.0101 	 -0.9999
			0 	 0.9999 	 -0.0101
			-0.8129 	 -0.245 	 -0.0047
		}
	}
	{"piece02"
		{box 1.9398 15.2006 0.20079}
		{bone "piece02"}
		{matrix34
			-0.009 	 0.9204 	 0.3908
			-0.9951 	 -0.0466 	 0.0868
			0.0982 	 -0.3881 	 0.9164
			0.0795 	 -4.2688 	 3.185
		}
	}
	{"piece03"
		{box 1.9398 15.2006 0.20079}
		{bone "piece03"}
		{matrix34
			0.061 	 0.9779 	 -0.2001
			-0.9847 	 0.0918 	 0.1484
			0.1635 	 0.1879 	 0.9685
			1.1252 	 0.0655 	 0.5807
		}
	}
	{"piece04"
		{box 1.9398 15.2006 0.20079}
		{bone "piece04"}
		{matrix34
			-0.0667 	 0.1924 	 -0.979
			-0.996 	 0.0454 	 0.0768
			0.0592 	 0.9803 	 0.1886
			-0.0637 	 0.2682 	 -0.1254
		}
	}
	{"piece05"
		{box 8.17312 0.494354 5.58178}
		{bone "piece05"}
		{matrix34
			-0.0423 	 0.9991 	 0
			-0.9991 	 -0.0423 	 0
			0 	 0 	 1
			-0.0079 	 0.076 	 -0.4747
		}
	}
	{"piece06"
		{box 1.9398 15.2006 0.20079}
		{bone "piece06"}
		{matrix34
			0.0193 	 0.9796 	 -0.2001
			-0.9877 	 0.0498 	 0.1484
			0.1554 	 0.1947 	 0.9685
			-0.0026 	 0.1186 	 0.4255
		}
	}
	{"piece07"
		{box 8.38118 7.59201 0.495032}
		{bone "piece07"}
		{matrix34
			-0.0173 	 0.236 	 0.9716
			-0.999 	 -0.0446 	 -0.007
			0.0417 	 -0.9707 	 0.2365
			0.0055 	 -0.1305 	 0.0318
		}
	}
	{"piece08"
		{box 0.570727 5.36317 7.82714}
		{bone "piece08"}
		{matrix34
			-0.0111 	 0.0235 	 -0.9997
			0.0231 	 0.9995 	 0.0232
			0.9997 	 -0.0229 	 -0.0117
			0.0447 	 -4.0994 	 0.0336
		}
	}
	{"piece09"
		{box 0.466136 4.83843 6.91756}
		{bone "piece09"}
		{matrix34
			-0.0737 	 0.0121 	 0.9972
			-0.0073 	 -0.9999 	 0.0116
			0.9972 	 -0.0065 	 0.0738
			-0.5366 	 -6.1709 	 -1.2994
		}
	}
	{"piece10"
		{box 4.91689 8.25909 0.322558}
		{bone "piece10"}
		{matrix34
			-0.1197 	 0.0345 	 -0.9922
			0.0181 	 0.9993 	 0.0326
			0.9926 	 -0.014 	 -0.1203
			-0.1188 	 -0.305 	 -1.457
		}
	}
}
