;Exported by	: KobaA
;Date			: 20.04.2023 14:45:50
;File			: D:\git\gem2-mdl-soldiers\models\inventory\-weapon\Thompson M1A1\Thompson M1A1.max
{skeleton
	{bone "thompson_m1a1"
		{orientation
			1 	 0 	 0
			0 	 -1 	 0
			0 	 0 	 1
		}
		{poly "thompson_m1a1" {lod 0}}
		{poly "thompson_m1a1_lod1" {lod 1}}
		{poly "thompson_m1a1_lod2" {lod 2 {last}}}
		{bone "magazin"
			{matrix34
				0.9962 	 0.0872 	 0
				-0.0872 	 0.9962 	 0
				0 	 0 	 1
				2.0023 	 -0.8546 	 0.0096
			}
			{poly "magazin" {lod 0}}
			{poly "magazin_lod1" {lod 1}}
			{poly "magazin_lod2" {lod 2 {last}}}
		}
		{bone "handle"
			{matrix34
				0.9962 	 0.0872 	 0
				0 	 0 	 -1
				-0.0872 	 0.9962 	 0
				0.9359 	 1.7921 	 -0.0522
			}
		}
		{bone "foresight3"
			{matrix34
				0.9962 	 0.0872 	 0
				0 	 0 	 -1
				-0.0872 	 0.9962 	 0
				8.2318 	 2.0915 	 0.0129
			}
		}
	}
}
{"volumes"
	{"body"
		{box 16.7323 2.75591 4.92126}
		{bone "thompson_m1a1"}
		{matrix34
			0.9962 	 0.0872 	 0
			0 	 0 	 -1
			-0.0872 	 0.9962 	 0
			0.2328 	 -0.2838 	 -0.0483
		}
	}
	{"select"
		{box 19.685 7.87402 6.88976}
		{bone "thompson_m1a1"}
		{matrix34
			0.9962 	 0.0872 	 0
			0 	 0 	 -1
			-0.0872 	 0.9962 	 0
			0.6048 	 -0.105 	 -0.5144
		}
	}
}
{"preview"
	{"stuff"
		{camera
			{origin -6.1116 	 -4.2973 	 13.6968}
			{lookat 1.3905 	 2.2898 	 -5.6992}
			{fov 53.6033}
			{horizon -124.003}
		}
		{global
			{direction 0.0253 	 0.3166 	 -0.3862}
		}
		{local
			{type spot}
			{position -2.4415 	 -30.3829 	 31.0225}
			{direction 0.0308 	 0.3522 	 -0.3536}
			{angle_end 42.5}
			{angle_falloff 45.5}
		}
		{local
			{type spot}
			{position 4.4654 	 44.8069 	 9.4286}
			{direction -0.0409 	 -0.4681 	 -0.171}
			{angle_end 42.5}
			{angle_falloff 45.5}
			{diffuse 0xff6f6f4d}
		}
	}
	{"stuff_primary"
		{camera
			{origin 0.4364 	 0.1456 	 34.7867}
			{lookat 0.4365 	 0.1456 	 -16.1262}
			{fov 28.5758}
			{horizon -4.70132}
		}
		{global
			{direction 0.0253 	 0.3166 	 -0.3862}
		}
		{local
			{type spot}
			{position -2.4793 	 -32.0991 	 23.7942}
			{direction 0.0308 	 0.3522 	 -0.3536}
			{angle_end 42.5}
			{angle_falloff 45.5}
		}
		{local
			{type spot}
			{position 4.4276 	 43.0907 	 2.2004}
			{direction -0.0409 	 -0.4681 	 -0.171}
			{angle_end 42.5}
			{angle_falloff 45.5}
			{diffuse 0xff6f6f4d}
		}
	}
}
