;Exported by	: KobaA
;Date			: 17.01.2024 12:28:39
;File			: d:\git\gem2-mdl-soldiers\models\building\water_mill\water_mill_01_x_fort.max
{skeleton
	{bone "h_80_g2_piece19_point"
		{orientation
			1 	 0 	 0
			0 	 -1 	 0
			0 	 0 	 1
		}
		{bone "sub_piece01"
			{matrix34
				-1 	 0 	 0
				0 	 -0.5641 	 0.8257
				0 	 0.8257 	 0.5641
				-17.1116 	 -15.659 	 -0.493
			}
			{poly "sub_piece01"}
		}
		{bone "sub_piece02"
			{matrix34
				1 	 0 	 0
				0 	 -0.5641 	 0.8257
				0 	 0.8257 	 0.5641
				29.2134 	 -20.3391 	 -3.69
			}
			{poly "sub_piece02"}
		}
		{bone "sub_piece04"
			{matrix34
				1 	 0 	 0
				0 	 0.5641 	 0.8257
				0 	 -0.8257 	 0.5641
				12.4159 	 18.8152 	 -1.4552
			}
			{poly "sub_piece04"}
		}
		{bone "sub_piece03"
			{matrix34
				1 	 0 	 0
				0 	 0.5641 	 0.8257
				0 	 -0.8257 	 0.5641
				-17.1117 	 18.8152 	 -1.2606
			}
			{poly "sub_piece03"}
		}
		{bone "sub_piece05"
			{matrix34
				0 	 0 	 -1
				0 	 1 	 0
				1 	 0 	 0
				18.8435 	 -30.9501 	 -8.9419
			}
			{poly "sub_piece05"}
		}
		{bone "piece03"
			{matrix34
				0 	 0 	 -1
				0 	 1 	 0
				1 	 0 	 0
				19.6763 	 19.919 	 -0.2226
			}
			{poly "piece03"}
		}
		{bone "piece05"
			{matrix34
				0 	 0 	 -1
				0 	 1 	 0
				1 	 0 	 0
				-25.6842 	 15.8451 	 2.5468
			}
			{poly "piece05"}
		}
		{bone "piece06"
			{matrix34
				0 	 0 	 -1
				0 	 1 	 0
				1 	 0 	 0
				-44.8148 	 2.6285 	 -3.2572
			}
			{poly "piece06"}
		}
		{bone "sub_piece06"
			{matrix34
				0 	 0 	 -1
				0 	 1 	 0
				1 	 0 	 0
				38.5041 	 1.4721 	 1.4351
			}
			{poly "sub_piece06"}
		}
		{bone "piece07"
			{matrix34
				0 	 0 	 -1
				0 	 1 	 0
				1 	 0 	 0
				44.4121 	 -7.545 	 -6.8717
			}
			{poly "piece07"}
		}
		{bone "piece09"
			{matrix34
				0 	 0 	 -1
				0 	 1 	 0
				1 	 0 	 0
				2.486 	 -15.445 	 1.6014
			}
			{poly "piece09"}
		}
		{bone "piece08"
			{matrix34
				0 	 0 	 -1
				0 	 1 	 0
				1 	 0 	 0
				22.6459 	 -17.4774 	 0.2195
			}
			{poly "piece08"}
		}
		{bone "piece01"
			{matrix34
				0 	 0 	 -1
				0 	 1 	 0
				1 	 0 	 0
				-19.2609 	 -7.8299 	 6.7796
			}
			{poly "piece01"}
		}
		{bone "piece02"
			{matrix34
				0 	 0 	 -1
				0 	 1 	 0
				1 	 0 	 0
				-23.5077 	 -19.4248 	 -1.1048
			}
			{poly "piece02"}
		}
		{bone "sub_piece07"
			{matrix34
				0 	 0 	 -1
				0 	 1 	 0
				1 	 0 	 0
				6.7792 	 -5.7093 	 8.2216
			}
			{poly "sub_piece07"}
		}
		{bone "piece04"
			{matrix34
				0 	 0 	 -1
				0 	 1 	 0
				1 	 0 	 0
				-7.8839 	 13.7626 	 3.9626
			}
			{poly "piece04"}
		}
	}
}
{"volumes"
	{"piece01"
		{box 10.327 1.9685 9.21581}
		{bone "piece01"}
		{matrix34
			0 	 0 	 -1
			-0.8224 	 -0.569 	 0
			-0.569 	 0.8224 	 0
			1.143 	 -2.1259 	 -0.1968
		}
	}
	{"piece02"
		{box 23.1724 1.9685 10.4485}
		{bone "piece02"}
		{matrix34
			0 	 0 	 -1
			-0.8224 	 -0.569 	 0
			-0.569 	 0.8224 	 0
			-1.0577 	 1.2541 	 -0.1505
		}
	}
	{"piece03"
		{box 26.5044 1.9685 19.5631}
		{bone "piece03"}
		{matrix34
			0 	 0 	 1
			-0.8224 	 0.569 	 0
			-0.569 	 -0.8224 	 0
			0.4697 	 0.0747 	 -0.1065
		}
	}
	{"piece04"
		{box 11.1318 1.9685 15.2592}
		{bone "piece04"}
		{matrix34
			0 	 0 	 1
			-0.8224 	 0.569 	 0
			-0.569 	 -0.8224 	 0
			0.1767 	 -0.2414 	 0.2133
		}
	}
	{"piece05"
		{box 7.56964 1.9685 15.2592}
		{bone "piece05"}
		{matrix34
			0 	 0 	 1
			-0.8224 	 0.569 	 0
			-0.569 	 -0.8224 	 0
			1.6875 	 1.906 	 0.0634
		}
	}
	{"piece06"
		{box 23.5017 1.9685 12.8606}
		{bone "piece06"}
		{matrix34
			0 	 1 	 0
			-0.5782 	 0 	 -0.8159
			-0.8159 	 0 	 0.5782
			-0.1262 	 0.1704 	 -0.1107
		}
	}
	{"piece07"
		{box 12.4652 1.9685 12.3753}
		{bone "piece07"}
		{matrix34
			0 	 -1 	 0
			-0.5782 	 0 	 0.8159
			-0.8159 	 0 	 -0.5782
			0.2446 	 -4.286 	 -0.0252
		}
	}
	{"piece08"
		{box 17.3695 1.9685 12.4617}
		{bone "piece08"}
		{matrix34
			0 	 0 	 -1
			-0.8224 	 -0.569 	 0
			-0.569 	 0.8224 	 0
			0.158 	 -0.5364 	 -1.1155
		}
	}
	{"piece09"
		{box 19.9749 1.9685 11.2155}
		{bone "piece09"}
		{matrix34
			0 	 0 	 -1
			-0.8224 	 -0.569 	 0
			-0.569 	 0.8224 	 0
			-0.6272 	 0.5635 	 -0.4611
		}
	}
	{"sub_piece01"
		{box 3.45087 3.34646 35.1733}
		{bone "sub_piece01"}
		{matrix34
			1 	 0 	 0
			0 	 1 	 -0.006
			0 	 0.006 	 1
			-0.0737 	 0.0513 	 2.9451
		}
	}
	{"sub_piece02"
		{box 3.45087 3.34646 46.8977}
		{bone "sub_piece02"}
		{matrix34
			1 	 0 	 0
			0 	 -1 	 0.006
			0 	 -0.006 	 -1
			0 	 -0.0145 	 -2.4401
		}
	}
	{"sub_piece03"
		{box 3.45087 3.34646 38.7585}
		{bone "sub_piece03"}
		{matrix34
			1 	 0 	 0
			0 	 1 	 -0.006
			0 	 0.006 	 1
			0.1431 	 0.0614 	 2.899
		}
	}
	{"sub_piece04"
		{box 3.45087 3.34646 38.7585}
		{bone "sub_piece04"}
		{matrix34
			1 	 0 	 0
			0 	 1 	 -0.006
			0 	 0.006 	 1
			0.0554 	 0.222 	 3.0088
		}
	}
	{"sub_piece05"
		{box 11.7361 1.9685 12.4617}
		{bone "sub_piece05"}
		{matrix34
			0 	 0 	 -1
			-0.8224 	 -0.569 	 0
			-0.569 	 0.8224 	 0
			0.0181 	 -0.1028 	 0.0252
		}
	}
	{"sub_piece06"
		{box 11.1867 1.9685 7.52223}
		{bone "sub_piece06"}
		{matrix34
			0 	 -1 	 0
			-0.5782 	 0 	 0.8159
			-0.8159 	 0 	 -0.5782
			0.2228 	 -0.2486 	 -0.0187
		}
	}
	{"sub_piece07"
		{box 10.327 1.9685 9.21581}
		{bone "sub_piece07"}
		{matrix34
			0 	 0 	 -1
			-0.8224 	 -0.569 	 0
			-0.569 	 0.8224 	 0
			-0.061 	 -0.4222 	 -0.3636
		}
	}
}
