;Exported by	: KobaA
;Date			: 16.01.2024 17:50:30
;File			: d:\git\gem2-mdl-soldiers\models\building\house_d\d_001_fort.max
{skeleton
	{bone "d001_piece16"
		{orientation
			1 	 0 	 0
			0 	 -1 	 0
			0 	 0 	 1
		}
		{poly "d001_piece16"}
		{bone "fix25"
			{Position -10.9283 	 51.4962 	 -13.8179}
		}
		{bone "fix24"
			{Position 26.5529 	 51.4962 	 -13.8179}
		}
	}
}
{"volumes"
	{"body01"
		{box 16.6226 7.87402 47.1284}
		{bone "d001_piece16"}
		{matrix34
			-0.4226 	 0 	 0.9063
			0 	 -1 	 0
			0.9063 	 0 	 0.4226
			-23.1055 	 51.9422 	 0.8666
		}
	}
	{"body02"
		{box 12.4669 7.87402 52.3125}
		{bone "d001_piece16"}
		{matrix34
			-0.342 	 0 	 -0.9397
			0 	 -1 	 0
			-0.9397 	 0 	 0.342
			16.3112 	 51.9422 	 2.3351
		}
	}
	{"body03"
		{box 40.8915 7.87402 11.3108}
		{bone "d001_piece16"}
		{matrix34
			-1 	 0 	 0
			0 	 -1 	 0
			0 	 0 	 1
			-33.2332 	 51.9422 	 -8.6303
		}
	}
	{"body04"
		{box 19.4484 7.87402 15.0811}
		{bone "d001_piece16"}
		{matrix34
			-0.9063 	 0 	 0.4226
			0 	 -1 	 0
			0.4226 	 0 	 0.9063
			-2.8958 	 51.9422 	 -4.2747
		}
	}
	{"body05"
		{box 19.6279 7.87402 9.38798}
		{bone "d001_piece16"}
		{matrix34
			-0.866 	 0 	 0.5
			0 	 -1 	 0
			0.5 	 0 	 0.866
			17.2865 	 51.9422 	 -7.5729
		}
	}
	{"roof01"
		{box 2.06693 32.7858 21.6125}
		{bone "d001_piece16"}
		{matrix34
			0.3907 	 0 	 0.9205
			0 	 1 	 0
			-0.9205 	 0 	 0.3907
			36.6922 	 32.7999 	 -3.5852
		}
	}
	{"roof02"
		{box 2.06693 66.9099 34.3056}
		{bone "d001_piece16"}
		{matrix34
			0.3907 	 0 	 0.9205
			0 	 1 	 0
			-0.9205 	 0 	 0.3907
			11.1226 	 12.6195 	 7.2684
		}
	}
	{"roof03"
		{box 2.06693 66.0939 41.332}
		{bone "d001_piece16"}
		{matrix34
			0.3907 	 0 	 -0.9205
			0 	 -1 	 0
			-0.9205 	 0 	 -0.3907
			-24.5777 	 13.5918 	 6.6411
		}
	}
}
