;Exported by:	 tolokolnikova
;Date:			 14.12.2017 10:04:37
;File:			 D:\gem2\gem2-mdl-soldiers\models\building\building_ua01\building_ua03_v2_x.max
{skeleton
	{bone "b_ua_03_piece06_point"
		{orientation
			1 	 0 	 0
			0 	 -1 	 0
			0 	 0 	 1
		}
		{bone "b_ua_03_piece06"
			{Position 9.0963 	 0.4984 	 -85.9766}
			{poly "b_ua_03_piece06"}
		}
		{bone "piece01"
			{matrix34
				0 	 -1 	 0
				0.9397 	 0 	 -0.342
				0.342 	 0 	 0.9397
				19.9622 	 66.6434 	 -29.5082
			}
			{poly "piece01"}
		}
		{bone "piece02"
			{matrix34
				0 	 -1 	 0
				1 	 0 	 0
				0 	 0 	 1
				70.8369 	 66.6236 	 -36.6474
			}
			{poly "piece02"}
		}
		{bone "piece03"
			{matrix34
				0 	 -1 	 0
				1 	 0 	 0
				0 	 0 	 1
				34.6482 	 66.7281 	 -38.7515
			}
			{poly "piece03"}
		}
		{bone "piece04"
			{matrix34
				0 	 -1 	 0
				0.9397 	 0 	 -0.342
				0.342 	 0 	 0.9397
				50.9874 	 66.6434 	 -31.8112
			}
			{poly "piece04"}
		}
		{bone "sub_piece03"
			{matrix34
				0 	 -1 	 0
				0.7071 	 0 	 -0.7071
				0.7071 	 0 	 0.7071
				1.4771 	 66.6236 	 -37.4208
			}
			{poly "sub_piece03"}
		}
		{bone "sub_piece02"
			{matrix34
				0 	 -1 	 0
				0.7071 	 0 	 -0.7071
				0.7071 	 0 	 0.7071
				80.7214 	 66.6236 	 -28.7628
			}
			{poly "sub_piece02"}
		}
		{bone "sub_piece04"
			{Position 28.2824 	 60.5639 	 -9.2284}
			{poly "sub_piece04"}
		}
		{bone "sub_piece01"
			{Position 38.4504 	 40.5279 	 20.9179}
			{poly "sub_piece01"}
		}
		{bone revolute "attach1"
			{matrix34
				0 	 1 	 0
				-1 	 0 	 0
				0 	 0 	 1
				16.647 	 52.8696 	 -70.3073
			}
		}
		{bone "debris_land_001"
			{parameters "commonmesh;land;ground;"}
			{matrix34
				0 	 -1 	 0
				1 	 0 	 0
				0 	 0 	 1
				31.6899 	 72.2458 	 -73.7057
			}
			{poly "debris_land_001" {ground}}
		}
		{bone "stones_001"
			{parameters "commonmesh;land;ground;"}
			{matrix34
				0 	 -1 	 0
				1 	 0 	 0
				0 	 0 	 1
				31.6899 	 72.2324 	 -73.7057
			}
			{poly "stones_001" {ground}}
		}
	}
}
{volume "piece01"
	{box 6.49606 19.2828 8.76925}
	{bone "piece01"}
	{matrix34
		1 	 0 	 0
		0 	 0.9397 	 0.342
		0 	 -0.342 	 0.9397
		0.0024 	 -1.1802 	 1.0333
	}
}
{volume "piece02"
	{box 6.49606 12.2043 10.1968}
	{bone "piece02"}
	{Position 0 	 0.2133 	 0.278}
}
{volume "piece03"
	{box 6.49606 14.0534 9.25556}
	{bone "piece03"}
	{Position 0 	 -0.4626 	 0.2284}
}
{volume "piece04"
	{box 6.49606 19.2828 8.76925}
	{bone "piece04"}
	{matrix34
		1 	 0 	 0
		0 	 0.9397 	 0.342
		0 	 -0.342 	 0.9397
		0.0024 	 -0.3089 	 -1.3098
	}
}
{volume "sub_piece01"
	{box 3.93701 35.1169 24.1194}
	{bone "sub_piece01"}
	{matrix34
		0 	 -0.8192 	 -0.5736
		1 	 0 	 0
		0 	 -0.5736 	 0.8192
		-5.3464 	 0.0445 	 -2.8532
	}
}
{volume "sub_piece02"
	{box 6.49606 9.27527 6.93383}
	{bone "sub_piece02"}
	{Position 0 	 -0.7838 	 0.2651}
}
{volume "sub_piece03"
	{box 6.49606 9.27527 6.93383}
	{bone "sub_piece03"}
	{Position 0 	 -0.7838 	 0.2651}
}
{volume "sub_piece04"
	{box 3.93701 26.8273 24.1194}
	{bone "sub_piece04"}
	{matrix34
		0 	 -0.8192 	 -0.5736
		1 	 0 	 0
		0 	 -0.5736 	 0.8192
		0.8092 	 7.1564 	 -4.9967
	}
}
{volume "target_vol_009"
	{box 9.84252 9.84252 15.6501}
	{bone "b_ua_03_piece06_point"}
	{matrix34
		0 	 1 	 0
		-1 	 0 	 0
		0 	 0 	 1
		16.647 	 61.0019 	 -46.8917
	}
}
{volume "vol01"
	{box 66.7544 6.10236 16.9426}
	{bone "b_ua_03_piece06"}
	{matrix34
		-1 	 0 	 0
		0 	 -1 	 0
		0 	 0 	 1
		24.6073 	 66.1437 	 24.1411
	}
}
{volume "vol02"
	{box 34.7123 6.10236 9.65727}
	{bone "b_ua_03_piece06"}
	{matrix34
		-1 	 0 	 0
		0 	 -1 	 0
		0 	 0 	 1
		39.8074 	 66.1437 	 37.3246
	}
}
{volume "vol03"
	{box 10.0666 6.10236 4.82864}
	{bone "b_ua_03_piece06"}
	{matrix34
		-1 	 0 	 0
		0 	 -1 	 0
		0 	 0 	 1
		-3.3802 	 66.1437 	 34.9103
	}
}
