;Exported by:	 KobaA
;Date:			 01.02.2021 16:40:42
;File:			 G:\_GIT_\gem2\gem2-mdl-soldiers\models\unit\vehicle\m30\M30_x_anm_fix.max
{skeleton
	{bone "basis"
		{orientation
			1 	 0 	 0
			0 	 -1 	 0
			0 	 0 	 1
		}
		{bone "body"
			{parameters "id=body;"}
			{animation
				{sequence "break" {file "body_b"}{speed 0.5}}
			}
			{Position 10.699 	 0.1309 	 11.9598}
			{LODView
				{poly "body"}
				{poly "body_lod1"}
				{poly "body_lod2"}
				{poly "body_lod3"}
			}
			{bone "standl"
				{parameters "id=body;"}
				{matrix34
					0.8585 	 -0.4962 	 0.1293
					0.5006 	 0.8657 	 -0.0016
					-0.1111 	 0.0661 	 0.9916
					-3.6199 	 5.5874 	 0.5036
				}
				{LODView
					{poly "standl"}
					{poly "standl_lod1"}
					{poly "standl_lod2"}
					{poly "standl_lod3"}
				}
				{bone "collarl"
					{parameters "id=body;"}
					{Position -63.3938 	 0.1889 	 -1.866}
					{LODView
						{poly "collarl"}
						{poly "collarl_lod1"}
						{poly "collarl_lod2"}
						{poly "collarl_lod3"}
					}
				}
				{bone "arml"
					{parameters "id=body;"}
					{Position -69.2983 	 0.2128 	 0.2415}
					{LODView
						{poly "arml"}
						{poly "arml_lod1"}
						{poly "arml_lod2"}
						{poly "arml_lod3"}
					}
				}
			}
			{bone "standr"
				{parameters "id=body;"}
				{matrix34
					0.8582 	 0.4967 	 0.1297
					-0.4999 	 0.866 	 -0.0084
					-0.1165 	 -0.0576 	 0.9915
					-3.5995 	 -5.6144 	 0.5059
				}
				{LODView
					{poly "standr"}
					{poly "standr_lod1"}
					{poly "standr_lod2"}
					{poly "standr_lod3"}
				}
				{bone "collarr"
					{parameters "id=body;"}
					{Position -63.4144 	 -0.1872 	 -1.866}
					{LODView
						{poly "collarr"}
						{poly "collarr_lod1"}
						{poly "collarr_lod2"}
						{poly "collarr_lod3"}
					}
				}
				{bone "armr"
					{parameters "id=body;"}
					{Position -69.3188 	 -0.1598 	 0.2415}
					{LODView
						{poly "armr"}
						{poly "armr_lod1"}
						{poly "armr_lod2"}
						{poly "armr_lod3"}
					}
				}
			}
			{bone "turret"
				{parameters "id=turret;"}
				{animation
					{sequence "break" {file "turret_b"}{speed 0.5}}
				}
				{matrix34
					0.9933 	 0 	 0.1152
					0 	 1 	 0
					-0.1152 	 0 	 0.9933
					-2.7199 	 -0.0022 	 2.8707
				}
				{LODView
					{poly "turret"}
					{poly "turret_lod1"}
					{poly "turret_lod2"}
					{poly "turret_lod3"}
				}
				{bone "gun_rot"
					{parameters "id=gun;"}
					{animation
						{sequence "break" {file "gun_b"}{speed 0.5}}
					}
					{matrix34
						0.9933 	 0 	 -0.1152
						0.1152 	 0 	 0.9933
						0 	 -1 	 0
						-5.7308 	 0.0084 	 9.506
					}
					{LODView
						{poly "gun_rot"}
						{poly "gun_rot_lod1"}
						{poly "gun_rot_lod2"}
						{poly "gun_rot_lod3"}
					}
					{bone "gun"
						{parameters "id=gun;"}
						{matrix34
							1 	 0 	 0
							0 	 0 	 -1
							0 	 1 	 0
							-3.203 	 0.9858 	 0.2859
						}
						{LODView
							{poly "gun"}
							{poly "gun_lod1"}
							{poly "gun_lod2"}
							{poly "gun_lod3"}
						}
						{bone "shutter"
							{parameters "id=gun;"}
							{matrix34
								-1 	 0 	 0
								0 	 -1 	 0
								0 	 0 	 1
								-2.4612 	 -3.1822 	 3.0932
							}
							{LODView
								{poly "shutter"}
								{poly "shutter_lod1"}
								{poly "shutter_lod2"}
								{poly "shutter_lod3"}
							}
						}
						{bone "shutter_bottom"
							{parameters "id=gun;"}
							{matrix34
								-1 	 0 	 0
								0 	 -1 	 0
								0 	 0 	 1
								-2.4612 	 -3.1822 	 3.0932
							}
							{LODView
								{poly "shutter_bottom"}
								{poly "shutter_bottom_lod1"}
								{poly "shutter_bottom_lod2"}
								{poly "shutter_bottom_lod3"}
							}
						}
					}
					{bone revolute "gun_rotator1"
						{parameters "id=gun;"}
						{matrix34
							0.5878 	 -0.809 	 0
							0.809 	 0.5878 	 0
							0 	 0 	 1
							2.8273 	 2.6476 	 0
						}
						{LODView
							{poly "gun_rotator1"}
							{poly "gun_rotator1_lod1"}
							{poly "gun_rotator1_lod2"}
							{poly "gun_rotator1_lod3"}
						}
					}
				}
				{bone "shield"
					{parameters "id=gun;"}
					{matrix34
						0.6428 	 0 	 0.766
						0 	 1 	 0
						-0.766 	 0 	 0.6428
						-3.7379 	 -0.0079 	 18.8319
					}
					{LODView
						{poly "shield"}
						{poly "shield_lod1"}
						{poly "shield_lod2"}
						{poly "shield_lod3"}
					}
				}
				{bone revolute "gun_rotator2"
					{parameters "id=gun;"}
					{matrix34
						-0.515 	 0 	 0.8572
						0.8572 	 0 	 0.515
						0 	 1 	 0
						4.0964 	 0.0084 	 0.7236
					}
					{LODView
						{poly "gun_rotator2"}
						{poly "gun_rotator2_lod1"}
						{poly "gun_rotator2_lod2"}
						{poly "gun_rotator2_lod3"}
					}
				}
			}
			{bone "pivot_back"
				{Position -52.7365 	 -0.1309 	 -11.9598}
			}
			{bone "pivot_front"
				{bone "wheell"
					{parameters "id=wheelleft;"}
					{matrix34
						1 	 0 	 0
						0 	 0 	 -1
						0 	 1 	 0
						0 	 16.0205 	 0
					}
					{LODView
						{poly "wheell"}
						{poly "wheell_lod1"}
						{poly "wheell_lod2"}
						{poly "wheell_lod3"}
					}
				}
				{bone "wheelr"
					{parameters "id=wheelright;"}
					{matrix34
						1 	 0 	 0
						0 	 0 	 -1
						0 	 1 	 0
						0 	 -16.9822 	 0
					}
					{LODView
						{poly "wheelr"}
						{poly "wheelr_lod1"}
						{poly "wheelr_lod2"}
						{poly "wheelr_lod3"}
					}
				}
			}
		}
	}
}
{obstacle "close"
	{obb2
		{center -34.3266 -3.57628e-007}
		{extent 30.5554 11.7271}
		{axis -1 0}
	}
	{Tags "close"}
	{rotate}
}
{obstacle "obstacle"
	{obb2
		{center 10.8757 0.0863142}
		{extent 11.9114 18.2987}
		{axis -1 0}
	}
	{rotate}
}
{obstacle "openl"
	{obb2
		{center -26.6444 -25.3809}
		{extent 33.7491 3.59087}
		{axis -0.866026 -0.5}
	}
	{Tags "open"}
	{rotate}
}
{obstacle "openr"
	{obb2
		{center -26.4479 25.0617}
		{extent 33.7491 3.59087}
		{axis -0.866025 0.5}
	}
	{Tags "open"}
	{rotate}
}
{volume "body"
	{box 10.1851 28.8291 7.44379}
	{bone "body"}
	{Position 0.6083 	 0.0417 	 -0.3765}
}
{volume "gun_rot"
	{box 31.4186 8.45885 12.7836}
	{bone "gun_rot"}
	{matrix34
		1 	 0 	 0
		0 	 0 	 -1
		0 	 1 	 0
		15.6056 	 1.3851 	 0
	}
}
{volume "gun"
	{cylinder 2.06388 27.3214}
	{bone "gun"}
	{matrix34
		0 	 0 	 -1
		0 	 1 	 0
		1 	 0 	 0
		37.1889 	 0.2976 	 0.3917
	}
}
{volume "standr"
	{box 70.7777 4.89545 5.29027}
	{bone "standr"}
	{matrix34
		0.9994 	 -0.0013 	 0.0347
		0.001 	 1 	 0.0084
		-0.0347 	 -0.0083 	 0.9994
		-34.8418 	 -0.128 	 -1.6984
	}
}
{volume "standl"
	{box 70.7777 4.89545 5.29027}
	{bone "standl"}
	{matrix34
		0.9994 	 0.0004 	 0.0352
		-0.0005 	 1 	 0.0017
		-0.0352 	 -0.0017 	 0.9994
		-36.0608 	 0.1623 	 -1.5752
	}
}
{volume "turret1"
	{box 12.2604 22.955 10.423}
	{bone "turret"}
	{matrix34
		0.9933 	 0 	 -0.1152
		0 	 1 	 0
		0.1152 	 0 	 0.9933
		-0.954 	 0 	 5.3571
	}
}
{volume "turret2"
	{box 1.0593 34.8916 16.781}
	{bone "turret"}
	{matrix34
		0.6641 	 0 	 0.7476
		0 	 1 	 0
		-0.7476 	 0 	 0.6641
		-0.7902 	 0 	 15.8891
	}
}
{volume "wheelleft"
	{cylinder 11.9468 4.34207}
	{bone "wheell"}
	{Position 0 	 0 	 0.2157}
}
{volume "wheelright"
	{cylinder 11.9468 4.34207}
	{bone "wheelr"}
	{Position 0 	 0 	 0.9774}
}
