;Exported by	: joomb
;Date			: 10.05.2024 13:23:13
;File			: h:\git\gem2-mdl-soldiers\models\unit\vehicle\pak_36r\pak_36r.max
{skeleton
	{animation
		{sequence "close" {speed 0.5}}
		{sequence "recoil" {speed 0.5}}
		{sequence "hit" {speed 0.5}}
	}
	{bone revolute "basis"
		{speed 0.01}
		{orientation
			1 	 0 	 0
			0 	 -1 	 0
			0 	 0 	 1
		}
		{bone "driver1"
			{Position -20.2771 	 -14.11 	 0}
		}
		{bone "driver2"
			{Position -20.2771 	 13.1098 	 0}
		}
		{bone "link1"
			{Position -69.8354 	 0 	 0}
		}
		{bone "driver_l1"
			{matrix34
				0.9962 	 -0.0872 	 0
				0.0872 	 0.9962 	 0
				0 	 0 	 1
				-50.9051 	 11.811 	 0
			}
		}
		{bone "driver_r1"
			{matrix34
				0.9962 	 0.0872 	 0
				-0.0872 	 0.9962 	 0
				0 	 0 	 1
				-50.9051 	 -11.8133 	 0
			}
		}
		{bone "support1"
			{matrix34
				0 	 1 	 0
				-1 	 0 	 0
				0 	 0 	 1
				-69.9272 	 31.2934 	 0
			}
		}
		{bone "support2"
			{matrix34
				0 	 -1 	 0
				1 	 0 	 0
				0 	 0 	 1
				-70.2795 	 -31.2376 	 0
			}
		}
		{bone "body"
			{parameters "id=body;"}
			{animation
				{sequence "repair" {file "body_r"}{speed 0.5}}
			}
			{Position -0.3948 	 0 	 10.2272}
			{poly "body" {lod 0}}
			{poly "body_lod1" {lod 1}}
			{poly "body_lod2" {lod 2}}
			{poly "body_lod3" {lod 3 {last}}}
			{bone "standr"
				{parameters "id=body;"}
				{matrix34
					0.9063 	 0.4226 	 0
					-0.4226 	 0.9063 	 0
					0 	 0 	 1
					-3.8696 	 -4.7707 	 -2.2308
				}
				{poly "standr" {lod 0}}
				{poly "standr_lod1" {lod 1}}
				{poly "standr_lod2" {lod 2}}
				{poly "standr_lod3" {lod 3 {last}}}
				{bone "crankr"
					{parameters "id=body;"}
					{matrix34
						-0.9984 	 0.0559 	 0
						0.0559 	 0.9984 	 0
						0 	 0 	 -1
						-65.0641 	 1.6463 	 -1.0143
					}
					{poly "crankr" {lod 0}}
					{poly "crankr_lod1" {lod 1}}
					{poly "crankr_lod2" {lod 2}}
					{poly "crankr_lod3" {lod 3 {last}}}
				}
				{bone "lock"
					{parameters "id=body;"}
					{matrix34
						0.9975 	 0 	 0.0712
						0 	 1 	 0
						-0.0712 	 0 	 0.9975
						-18.7531 	 -0.5168 	 1.6793
					}
					{poly "lock" {lod 0}}
					{poly "lock_lod1" {lod 1}}
					{poly "lock_lod2" {lod 2}}
					{poly "lock_lod3" {lod 3 {last}}}
				}
			}
			{bone "standl"
				{parameters "id=body;"}
				{matrix34
					0.9063 	 -0.4226 	 0
					0.4226 	 0.9063 	 0
					0 	 0 	 1
					-3.8696 	 4.7707 	 -2.2308
				}
				{poly "standl" {lod 0}}
				{poly "standl_lod1" {lod 1}}
				{poly "standl_lod2" {lod 2}}
				{poly "standl_lod3" {lod 3 {last}}}
				{bone "crankl"
					{parameters "id=body;"}
					{matrix34
						0.9984 	 0.0559 	 0
						-0.0559 	 0.9984 	 0
						0 	 0 	 1
						-65.064 	 -1.6575 	 -1.0143
					}
					{poly "crankl" {lod 0}}
					{poly "crankl_lod1" {lod 1}}
					{poly "crankl_lod2" {lod 2}}
					{poly "crankl_lod3" {lod 3 {last}}}
				}
			}
			{bone revolute "turret"
				{parameters "id=turret;"}
				{Position -2.2299 	 0 	 -0.0715}
				{poly "turret" {lod 0}}
				{poly "turret_lod1" {lod 1}}
				{poly "turret_lod2" {lod 2}}
				{poly "turret_lod3" {lod 3 {last}}}
				{bone revolute "gun_rot"
					{parameters "id=gun;"}
					{limits -45 5}
					{speed 0.08}
					{matrix34
						1 	 0 	 0
						0 	 0 	 1
						0 	 -1 	 0
						-5.4324 	 0.0197 	 9.5214
					}
					{poly "gun_rot" {lod 0}}
					{poly "gun_rot_lod1" {lod 1}}
					{poly "gun_rot_lod2" {lod 2}}
					{poly "gun_rot_lod3" {lod 3 {last}}}
					{bone "gun"
						{parameters "id=gun;"}
						{animation
							{sequence "repair" {file "gun_r"}{speed 0.5}}
						}
						{matrix34
							1 	 0 	 0
							0 	 0 	 -1
							0 	 1 	 0
							9.5965 	 0.0761 	 0.1291
						}
						{poly "gun" {lod 0}}
						{poly "gun_lod1" {lod 1}}
						{poly "gun_lod2" {lod 2}}
						{poly "gun_lod3" {lod 3 {last}}}
						{bone "crank"
							{parameters "id=gun;"}
							{Position -12.5579 	 0.1106 	 -0.0378}
							{poly "crank" {lod 0}}
							{poly "crank_lod1" {lod 1}}
							{poly "crank_lod2" {lod 2}}
							{poly "crank_lod3" {lod 3 {last}}}
						}
						{bone "foresight1"
							{matrix34
								1 	 0 	 0
								0 	 0 	 1
								0 	 -1 	 0
								59.5521 	 0 	 -0.6081
							}
						}
						{bone "fx_invers"
							{matrix34
								-1 	 0 	 0
								0 	 -1 	 0
								0 	 0 	 1
								-19.862 	 0 	 -0.6081
							}
						}
						{bone "visor"
							{Position -11.8562 	 0.2557 	 11.7429}
						}
						{bone "visor2"
							{Position -0.132 	 7.5957 	 0.4283}
						}
					}
				}
			}
			{bone "pivot_front"
				{Position -0.02 	 0 	 0.014}
				{bone revolute "wheell"
					{parameters "id=wheelleft;support=1;radius=0.51;"}
					{matrix34
						0.9969 	 0 	 0.0789
						0.0789 	 0 	 -0.9969
						0 	 1 	 0
						0 	 16.3047 	 0
					}
					{poly "wheell" {lod 0}}
					{poly "wheell_lod1" {lod 1}}
					{poly "wheell_lod2" {lod 2}}
					{poly "wheell_lod3" {lod 3 {last}}}
					{bone "fxtracel1"
						{matrix34
							-0.9848 	 -0.1736 	 0
							0 	 0 	 -1
							0.1736 	 -0.9848 	 0
							0 	 10.2412 	 -32.6095
						}
					}
				}
				{bone revolute "wheelr"
					{parameters "id=wheelright;support=1;radius=0.51;"}
					{matrix34
						0.9969 	 0 	 0.0789
						0.0789 	 0 	 -0.9969
						0 	 1 	 0
						0 	 -16.3047 	 0
					}
					{poly "wheelr" {lod 0}}
					{poly "wheelr_lod1" {lod 1}}
					{poly "wheelr_lod2" {lod 2}}
					{poly "wheelr_lod3" {lod 3 {last}}}
					{bone "fxtracer1"
						{matrix34
							-0.9848 	 -0.1736 	 0
							0 	 0 	 1
							0.1736 	 -0.9848 	 0
							0 	 10.2412 	 32.6095
						}
					}
				}
			}
			{bone "pivot_back"
				{Position -52.5402 	 0 	 -10.0691}
			}
			{bone "emit1"
				{Position -16.2433 	 24.6063 	 -10.0691}
			}
			{bone "emit2"
				{Position -16.2433 	 -24.6063 	 -10.0691}
			}
			{bone "emit_l1"
				{Position -47.3715 	 10.5916 	 -10.2272}
			}
			{bone "emit_r1"
				{Position -46.8363 	 -10.6578 	 -10.2272}
			}
			{bone "seat1"
				{matrix34
					-0.173 	 0.9848 	 -0.0151
					-0.9811 	 -0.1736 	 -0.0858
					-0.0872 	 0 	 0.9962
					-28.7752 	 3.0495 	 -18.3716
				}
			}
			{bone "seat2"
				{matrix34
					-0.1041 	 -0.9945 	 -0.0091
					0.9907 	 -0.1045 	 0.0867
					-0.0872 	 0 	 0.9962
					-28.7752 	 -3.3096 	 -18.3716
				}
			}
			{bone "seat3"
				{matrix34
					-0.1043 	 0.9945 	 -0.0073
					-0.9921 	 -0.1045 	 -0.0694
					-0.0698 	 0 	 0.9976
					-44.652 	 2.5148 	 -19.6915
				}
			}
			{bone "seat4"
				{matrix34
					-0.0867 	 -0.9962 	 -0.0091
					0.9907 	 -0.0872 	 0.1041
					-0.1045 	 0 	 0.9945
					-44.652 	 -2.3369 	 -19.6915
				}
			}
		}
		{bone "attack_r1"
			{matrix34
				0.015 	 0.9999 	 0
				-0.9999 	 0.015 	 0
				0 	 0 	 1
				-47.2311 	 -10.6578 	 0
			}
		}
		{bone "attack_l1"
			{matrix34
				0.4721 	 -0.8815 	 0
				0.8815 	 0.4721 	 0
				0 	 0 	 1
				-47.7663 	 10.5916 	 0
			}
		}
		{bone "gunner"
			{matrix34
				0.9962 	 0.0872 	 0
				-0.0872 	 0.9962 	 0
				0 	 0 	 1
				-29.4227 	 3.0866 	 0
			}
		}
		{bone "commander"
			{matrix34
				0.9848 	 0.1736 	 0
				-0.1736 	 0.9848 	 0
				0 	 0 	 1
				-28.1159 	 -7.2199 	 0
			}
		}
	}
}
{obstacle "close"
	{obb2
		{center -39.7426 0}
		{extent 30.6821 7.43173}
		{axis -1 0}
	}
	{rotate}
	{tags "close"}
}
{obstacle "obstacle"
	{obb2
		{center -0.356424 0.147345}
		{extent 10.0938 17.1085}
		{axis -1 0}
	}
	{rotate}
}
{obstacle "openl"
	{obb2
		{center -33.9761 -18.2325}
		{extent 33.5018 2.55866}
		{axis -0.927184 -0.374606}
	}
	{rotate}
	{tags "open"}
}
{obstacle "openr"
	{obb2
		{center -33.8736 18.5139}
		{extent 33.5018 2.55866}
		{axis -0.927184 0.374606}
	}
	{rotate}
	{tags "open"}
}
{"volumes"
	{"body"
		{polyhedron}
		{bone "body"}
		{Position -0.8785 	 0 	 -4.1576}
	}
	{"gun01"
		{polyhedron}
		{bone "gun"}
		{matrix34
			0 	 0 	 -1
			0 	 1 	 0
			1 	 0 	 0
			14.6455 	 0 	 -0.6081
		}
	}
	{"gun02"
		{polyhedron}
		{bone "gun"}
		{matrix34
			0 	 0 	 -1
			0 	 1 	 0
			1 	 0 	 0
			-8.0788 	 0 	 -0.5791
		}
	}
	{"gun03"
		{polyhedron}
		{bone "gun"}
		{Position -12.0577 	 0.1457 	 -3.0067}
	}
	{"gun_rot"
		{polyhedron}
		{bone "gun_rot"}
		{matrix34
			1 	 0 	 0
			0 	 0 	 -1
			0 	 1 	 0
			5.4132 	 -5.1592 	 0
		}
	}
	{"standl"
		{polyhedron}
		{bone "standl"}
		{matrix34
			0.9962 	 0.0522 	 0.0698
			-0.0523 	 0.9986 	 0
			-0.0697 	 -0.0037 	 0.9976
			-31.6205 	 -0.0519 	 -3.2319
		}
	}
	{"standr"
		{polyhedron}
		{bone "standr"}
		{matrix34
			0.9962 	 -0.0523 	 0.0697
			0.0523 	 0.9986 	 0.0012
			-0.0697 	 0.0024 	 0.9976
			-33.0699 	 0.3404 	 -3.3101
		}
	}
	{"turret01"
		{polyhedron}
		{bone "turret"}
		{matrix34
			0.8988 	 0 	 0.4384
			0 	 1 	 0
			-0.4384 	 0 	 0.8988
			5.8613 	 0 	 -0.3148
		}
	}
	{"turret02"
		{polyhedron}
		{bone "turret"}
		{matrix34
			0.8988 	 0 	 0.4384
			0 	 1 	 0
			-0.4384 	 0 	 0.8988
			0.9725 	 0 	 9.7087
		}
	}
	{"turret03"
		{polyhedron}
		{bone "turret"}
		{matrix34
			0.829 	 0 	 0.5592
			0 	 1 	 0
			-0.5592 	 0 	 0.829
			-0.3923 	 0 	 0.5234
		}
	}
	{"wheelleft"
		{polyhedron}
		{bone "wheell"}
		{matrix34
			-1 	 0 	 0
			0 	 -1 	 0
			0 	 0 	 1
			0 	 0 	 -2.4422
		}
	}
	{"wheelright"
		{polyhedron}
		{bone "wheelr"}
		{matrix34
			1 	 0 	 0
			0 	 0 	 1
			0 	 -1 	 0
			0 	 0 	 2.483
		}
	}
}
