;Exported by	: KobaA
;Date			: 18.05.2023 18:20:18
;File			: D:\git\gem2-mdl-soldiers\models\entourage\bridge_river\bridge_river_settings_x.max
{skeleton
	{bone "bridge_river_1_piece_001_x"
		{orientation
			1 	 0 	 0
			0 	 -1 	 0
			0 	 0 	 1
		}
		{bone "piece01"
			{Position -85.0441 	 -0.0413 	 9.9114}
			{poly "piece01"}
		}
		{bone "piece02"
			{Position -28.5361 	 1.2246 	 9.241}
			{poly "piece02"}
		}
		{bone "piece03"
			{Position 35.839 	 1.4634 	 6.9596}
			{poly "piece03"}
		}
		{bone "piece05"
			{matrix34
				-1 	 0 	 0
				0 	 -1 	 0
				0 	 0 	 1
				85.0441 	 -0.0413 	 9.9114
			}
			{poly "piece05"}
		}
		{bone "piece04"
			{matrix34
				1 	 0 	 0
				0 	 0 	 1
				0 	 -1 	 0
				5.4358 	 4.8053 	 41.6948
			}
			{poly "piece04"}
		}
	}
}
{"volumes"
	{"piece01_01"
		{box 17.6137 1.66255 1.62709}
		{bone "piece01"}
		{matrix34
			0 	 0 	 -1
			0 	 1 	 0
			1 	 0 	 0
			-16.1579 	 0 	 -1.1562
		}
	}
	{"piece01_02"
		{box 51.1158 1.93489 1.18789}
		{bone "piece01"}
		{Position -0.7973 	 0 	 7.9842}
	}
	{"piece01_03"
		{box 3.83858 3.83858 20.3783}
		{bone "piece01"}
		{Position 17.6061 	 0 	 0.3147}
	}
	{"piece01_04"
		{box 61.6646 1.23833 0.819643}
		{bone "piece01"}
		{matrix34
			0.9994 	 0 	 -0.0349
			0 	 1 	 0
			0.0349 	 0 	 0.9994
			1.0357 	 0 	 -5.0688
		}
	}
	{"piece02_01"
		{box 59.4369 1.93489 1.18789}
		{bone "piece02"}
		{Position -2.349 	 -1.266 	 8.5355}
	}
	{"piece02_02"
		{box 48.9402 1.23833 0.819643}
		{bone "piece02"}
		{Position 1.8973 	 -1.266 	 -5.1017}
	}
	{"piece02_03"
		{box 17.6137 1.66255 1.62709}
		{bone "piece02"}
		{matrix34
			0 	 0 	 -1
			0 	 1 	 0
			1 	 0 	 0
			-5.1838 	 -1.266 	 -0.4858
		}
	}
	{"piece03_01"
		{box 61.8751 1.93489 1.18789}
		{bone "piece03"}
		{matrix34
			0.9986 	 0 	 -0.0523
			0 	 1 	 0
			0.0523 	 0 	 0.9986
			-2.2527 	 -1.5047 	 8.3861
		}
	}
	{"piece03_02"
		{box 63.2711 1.23833 0.819643}
		{bone "piece03"}
		{matrix34
			0.9962 	 0 	 -0.0872
			0 	 1 	 0
			0.0872 	 0 	 0.9962
			-1.6854 	 -1.5047 	 -4.7674
		}
	}
	{"piece03_03"
		{box 17.6137 1.66255 1.62709}
		{bone "piece03"}
		{matrix34
			0 	 0 	 -1
			0 	 1 	 0
			1 	 0 	 0
			-2.0591 	 -1.5047 	 1.7956
		}
	}
	{"piece04_01"
		{box 1.9685 1.9685 27.5981}
		{bone "piece04"}
		{matrix34
			0.9985 	 0.0056 	 -0.0545
			-0.0535 	 -0.112 	 -0.9923
			-0.0117 	 0.9937 	 -0.1115
			-5.0189 	 -5.2552 	 4.0693
		}
	}
	{"piece04_02"
		{box 3.83858 3.83858 24.9213}
		{bone "piece04"}
		{matrix34
			1 	 0 	 0
			0 	 0 	 -1
			0 	 1 	 0
			-5.9358 	 -31.3167 	 4.8472
		}
	}
	{"piece04_03"
		{box 1.9685 1.9685 25.1143}
		{bone "piece04"}
		{matrix34
			0.9635 	 -0.2622 	 -0.0546
			-0.1248 	 -0.2591 	 -0.9577
			0.237 	 0.9296 	 -0.2824
			-1.8819 	 19.9607 	 -0.0813
		}
	}
	{"piece04_04"
		{box 8.65984 8.09685 12.8083}
		{bone "piece04"}
		{matrix34
			0.9033 	 -0.4192 	 -0.0915
			-0.1679 	 -0.1491 	 -0.9745
			0.3948 	 0.8956 	 -0.2051
			3.2526 	 35.7546 	 -3.4891
		}
	}
	{"piece05_01"
		{box 51.1364 1.93489 1.18789}
		{bone "piece05"}
		{matrix34
			-1 	 0 	 0
			0 	 -1 	 0
			0 	 0 	 1
			0.6656 	 0 	 8.0715
		}
	}
	{"piece05_02"
		{box 63.2711 1.23833 0.819643}
		{bone "piece05"}
		{matrix34
			-1 	 0 	 0
			0 	 -1 	 0
			0 	 0 	 1
			0.8783 	 0 	 -4.4646
		}
	}
	{"piece05_03"
		{box 3.83858 3.83858 20.3783}
		{bone "piece05"}
		{matrix34
			-1 	 0 	 0
			0 	 -1 	 0
			0 	 0 	 1
			17.5319 	 0 	 0.3147
		}
	}
	{"piece05_04"
		{box 17.6137 1.66255 1.62709}
		{bone "piece05"}
		{matrix34
			0 	 0 	 -1
			0 	 -1 	 0
			-1 	 0 	 0
			-16.1604 	 0 	 -1.1562
		}
	}
}
