;Exported by:	 tolokolnikova
;Date:			 27.06.2017 14:31:38
;File:			 D:\gem2\gem2-mdl-soldiers\models\building\house_D\D_003_x_fort.max
{skeleton
	{bone "d003_piece03_point"
		{orientation
			1 	 0 	 0
			0 	 -1 	 0
			0 	 0 	 1
		}
		{bone "sub_piece03"
			{Position 0.5719 	 31.7766 	 30.0079}
			{poly "sub_piece03"}
		}
		{bone "piece01"
			{matrix34
				0 	 1 	 0
				-1 	 0 	 0
				0 	 0 	 1
				-8.2125 	 34.3686 	 7.9605
			}
			{poly "piece01"}
		}
		{bone "piece03"
			{matrix34
				0 	 1 	 0
				-1 	 0 	 0
				0 	 0 	 1
				-32.022 	 34.3885 	 -13.8098
			}
			{poly "piece03"}
		}
		{bone "piece04"
			{Position 4.9898 	 34.4706 	 -25.031}
			{poly "piece04"}
		}
		{bone "piece05"
			{Position 26.8313 	 34.6573 	 -13.3768}
			{poly "piece05"}
		}
		{bone "piece06"
			{Position -11.3671 	 34.6573 	 -9.5392}
			{poly "piece06"}
		}
		{bone "piece02"
			{Position 11.7108 	 34.6428 	 7.9691}
			{poly "piece02"}
		}
		{bone "sub_piece01"
			{matrix34
				0 	 1 	 0
				-1 	 0 	 0
				0 	 0 	 1
				7.6249 	 34.5639 	 -8.9789
			}
			{poly "sub_piece01"}
		}
		{bone "sub_piece02"
			{Position -14.8696 	 34.4016 	 -23.7432}
			{poly "sub_piece02"}
		}
		{bone "sub_piece04"
			{Position -0.1301 	 34.3365 	 20.1356}
			{poly "sub_piece04"}
		}
		{bone "sub_piece05"
			{Position 31.4688 	 34.5639 	 22.9269}
			{poly "sub_piece05"}
		}
		{bone "sub_piece06"
			{matrix34
				0 	 1 	 0
				-0.5736 	 0 	 -0.8192
				-0.8192 	 0 	 0.5736
				-23.3446 	 34.5639 	 22.9269
			}
			{poly "sub_piece06"}
		}
		{bone "sub_piece07"
			{Position 9.9115 	 2.6647 	 40.9068}
			{poly "sub_piece07"}
		}
	}
}
{volume "piece01"
	{box 5.90551 12.432 19.4865}
	{bone "piece01"}
	{Position 0.1324 	 1.1265 	 0.3743}
}
{volume "piece02"
	{box 19.1339 5.90551 19.4865}
	{bone "piece02"}
	{Position 0.1324 	 -0.6711 	 -0.0706}
}
{volume "piece03"
	{box 5.90551 12.432 19.4865}
	{bone "piece03"}
	{matrix34
		1 	 0 	 0
		0 	 0.9659 	 -0.2588
		0 	 0.2588 	 0.9659
		0.1324 	 -0.1951 	 0.0578
	}
}
{volume "piece04"
	{box 20.374 5.90551 10.3279}
	{bone "piece04"}
	{matrix34
		1 	 0 	 0
		0 	 0.9563 	 0.2924
		0 	 -0.2924 	 0.9563
		0.1324 	 0.3765 	 0.3558
	}
}
{volume "piece05"
	{box 21.2008 5.90551 10.3279}
	{bone "piece05"}
	{matrix34
		1 	 0 	 0
		0 	 0.9563 	 0.2924
		0 	 -0.2924 	 0.9563
		0.1324 	 0.3764 	 0.3558
	}
}
{volume "piece06"
	{box 20.8465 5.90551 10.3279}
	{bone "piece06"}
	{matrix34
		1 	 0 	 0
		0 	 0.9563 	 0.2924
		0 	 -0.2924 	 0.9563
		0.1324 	 0.3764 	 -0.4527
	}
}
{volume "sub_piece01"
	{box 5.90551 8.7024 11.3022}
	{bone "sub_piece01"}
	{Position 0.1324 	 -0.7574 	 0.1242}
}
{volume "sub_piece02"
	{box 5.90551 11.2261 9.83291}
	{bone "sub_piece02"}
	{matrix34
		0 	 1 	 0
		-1 	 0 	 0
		0 	 0 	 1
		-0.2401 	 0.6656 	 0.8333
	}
}
{volume "sub_piece03"
	{box 27.5208 1.68112 22.1465}
	{bone "sub_piece03"}
	{matrix34
		1 	 0 	 0
		0 	 0.342 	 0.9397
		0 	 -0.9397 	 0.342
		-3.2821 	 -0.548 	 0.1087
	}
}
{volume "sub_piece04"
	{box 5.90551 8.7024 6.89434}
	{bone "sub_piece04"}
	{Position 0.1324 	 -0.2551 	 0.6881}
}
{volume "sub_piece05"
	{box 13.0512 5.90551 11.3022}
	{bone "sub_piece05"}
	{Position 0.1324 	 -0.7574 	 0.1242}
}
{volume "sub_piece06"
	{box 5.90551 11.5742 6.55527}
	{bone "sub_piece06"}
	{matrix34
		1 	 0 	 0
		0 	 0.5736 	 0.8192
		0 	 -0.8192 	 0.5736
		0.1324 	 0.0616 	 -0.7197
	}
}
{volume "sub_piece07"
	{box 27.5208 1.68112 18.1601}
	{bone "sub_piece07"}
	{matrix34
		1 	 0 	 0
		0 	 0.342 	 0.9397
		0 	 -0.9397 	 0.342
		-1.7903 	 -0.0149 	 -0.3883
	}
}
