;Exported by:	 KobaA
;Date:			 14.04.2020 17:07:06
;File:			 G:\_GIT_\gem2\gem2-mdl-soldiers\models\unit\vehicle\f22\f22_xx.max
{skeleton
	{bone revolute "basis"
		{speed 0.01}
		{orientation
			1 	 0 	 0
			0 	 -1 	 0
			0 	 0 	 1
		}
		{bone "body"
			{parameters "id=body;"}
			{Position 0.017 	 0 	 10.0691}
			{LODView
				{poly "body"}
				{poly "body_lod1"}
				{poly "body_lod2"}
				{poly "body_lod3"}
			}
			{bone "turret"
				{parameters "id=turret;"}
				{Position -2.1754 	 0 	 1.2333}
				{LODView
					{poly "turret"}
					{poly "turret_lod1"}
					{poly "turret_lod2"}
					{poly "turret_lod3"}
				}
				{bone revolute "gun_rot"
					{parameters "id=gun;"}
					{limits -45 5}
					{speed 0.08}
					{matrix34
						1 	 0 	 0
						0 	 0 	 1
						0 	 -1 	 0
						-5.4869 	 0.0186 	 8.2165
					}
					{LODView
						{poly "gun_rot"}
						{poly "gun_rot_lod1"}
						{poly "gun_rot_lod2"}
						{poly "gun_rot_lod3"}
					}
					{bone "gun"
						{parameters "id=gun;"}
						{matrix34
							1 	 0 	 0
							0 	 0 	 -1
							0 	 1 	 0
							30.109 	 -2.1638 	 0.2742
						}
						{LODView
							{poly "gun"}
							{poly "gun_lod1"}
							{poly "gun_lod2"}
							{poly "gun_lod3"}
						}
					}
				}
			}
			{bone "standl"
				{parameters "id=body;"}
				{matrix34
					0.9063 	 -0.4226 	 0
					0.4226 	 0.9063 	 0
					0 	 0 	 1
					-3.8696 	 4.7707 	 -2.2308
				}
				{LODView
					{poly "standl"}
					{poly "standl_lod1"}
					{poly "standl_lod2"}
					{poly "standl_lod3"}
				}
			}
			{bone "standr"
				{parameters "id=body;"}
				{matrix34
					0.9063 	 0.4226 	 0
					-0.4226 	 0.9063 	 0
					0 	 0 	 1
					-3.8696 	 -4.7707 	 -2.2308
				}
				{LODView
					{poly "standr"}
					{poly "standr_lod1"}
					{poly "standr_lod2"}
					{poly "standr_lod3"}
				}
			}
			{bone "pivot_front"
				{Position -0.02 	 0 	 0.014}
				{bone revolute "part1"
					{parameters "id=wheelleft;support=1;radius=0.51;"}
					{matrix34
						1 	 0 	 0
						0 	 0 	 -1
						0 	 1 	 0
						0 	 16.3047 	 0
					}
					{LODView
						{poly "part1"}
						{poly "part1_lod1"}
						{poly "part1_lod2"}
						{poly "part1_lod3"}
					}
				}
				{bone revolute "part2"
					{parameters "id=wheelright;support=1;radius=0.51;"}
					{matrix34
						1 	 0 	 0
						0 	 0 	 -1
						0 	 1 	 0
						0 	 -16.3047 	 0
					}
					{LODView
						{poly "part2"}
						{poly "part2_lod1"}
						{poly "part2_lod2"}
						{poly "part2_lod3"}
					}
				}
			}
			{bone "pivot_back"
				{Position -52.5402 	 0 	 -10.0691}
			}
		}
	}
}
{obstacle "obstacle"
	{obb2
		{center 0.055294 0.147345}
		{extent 10.0938 17.1085}
		{axis -1 0}
	}
	{rotate}
}
{obstacle "obstacle1"
	{obb2
		{center 31.3748 0}
		{extent 21.6535 3.17119}
		{axis -1 0}
	}
	{rotate}
}
{obstacle "openl"
	{obb2
		{center -33.5643 -18.2325}
		{extent 33.5018 2.55866}
		{axis -0.927184 -0.374606}
	}
	{Tags "open"}
	{rotate}
}
{obstacle "openr"
	{obb2
		{center -33.4619 18.5139}
		{extent 33.5018 2.55866}
		{axis -0.927184 0.374606}
	}
	{Tags "open"}
	{rotate}
}
{volume "body"
	{polyhedron}
	{bone "body"}
	{Position -0.8785 	 0 	 -4.1576}
}
{volume "gun01"
	{polyhedron}
	{bone "gun"}
	{matrix34
		-0.0872 	 0 	 -0.9962
		0 	 1 	 0
		0.9962 	 0 	 -0.0872
		-5.9125 	 0.2556 	 -0.4507
	}
}
{volume "gun02"
	{polyhedron}
	{bone "gun"}
	{matrix34
		-0.0872 	 0 	 -0.9962
		0 	 1 	 0
		0.9962 	 0 	 -0.0872
		-28.7879 	 0.2556 	 2.1335
	}
}
{volume "gun03"
	{polyhedron}
	{bone "gun"}
	{Position -32.5057 	 0.1457 	 -0.7924}
}
{volume "gun_rot"
	{polyhedron}
	{bone "gun_rot"}
	{matrix34
		0.9848 	 -0.1736 	 0
		0 	 0 	 -1
		0.1736 	 0.9848 	 0
		5.519 	 -5.4043 	 0
	}
}
{volume "part1"
	{polyhedron}
	{bone "part1"}
	{matrix34
		-1 	 0 	 0
		0 	 -1 	 0
		0 	 0 	 1
		0 	 0 	 -2.4962
	}
}
{volume "part2"
	{polyhedron}
	{bone "part2"}
	{matrix34
		-1 	 0 	 0
		0 	 -1 	 0
		0 	 0 	 1
		0 	 0 	 -0.6794
	}
}
{volume "standl"
	{polyhedron}
	{bone "standl"}
	{matrix34
		0.9962 	 0.0522 	 0.0698
		-0.0523 	 0.9986 	 0
		-0.0697 	 -0.0037 	 0.9976
		-31.6205 	 -0.0519 	 -3.2319
	}
}
{volume "standr"
	{polyhedron}
	{bone "standr"}
	{matrix34
		0.9962 	 -0.0523 	 0.0697
		0.0523 	 0.9986 	 0.0012
		-0.0697 	 0.0024 	 0.9976
		-33.0699 	 0.3404 	 -3.3101
	}
}
{volume "turret01"
	{polyhedron}
	{bone "turret"}
	{matrix34
		0.8988 	 0 	 0.4384
		0 	 1 	 0
		-0.4384 	 0 	 0.8988
		5.8613 	 0 	 -0.3148
	}
}
{volume "turret02"
	{polyhedron}
	{bone "turret"}
	{matrix34
		0.8988 	 0 	 0.4384
		0 	 1 	 0
		-0.4384 	 0 	 0.8988
		0.9725 	 0 	 9.7087
	}
}
{volume "turret03"
	{polyhedron}
	{bone "turret"}
	{matrix34
		0.829 	 0 	 0.5592
		0 	 1 	 0
		-0.5592 	 0 	 0.829
		-1.142 	 0 	 -0.0365
	}
}
