;Exported by	: KobaA
;Date			: 18.12.2023 13:19:30
;File			: d:\git\gem2-mdl-soldiers\models\unit\vehicle\landungsboot\landungsboot_inf.max
{skeleton
	{animation
		{sequence "open" {file "close"}{speed 0.5}{resume}}
		{sequence "flattern" {speed 0.65}}
		{sequence "move" {speed 0.5}}
		{sequence "drift" {speed 0.5}}
	}
	{bone "basis"
		{orientation
			1 	 0 	 0
			0 	 -1 	 0
			0 	 0 	 1
		}
		{bone "emit2"
			{matrix34
				-0.1219 	 0.9925 	 0
				-0.9925 	 -0.1219 	 0
				0 	 0 	 1
				113.818 	 -88.9512 	 10.1131
			}
		}
		{bone "emit1"
			{matrix34
				-0.1392 	 -0.9903 	 0
				0.9903 	 -0.1392 	 0
				0 	 0 	 1
				113.818 	 88.9511 	 10.1131
			}
		}
		{bone "emit4"
			{matrix34
				0.0349 	 0.9994 	 0
				-0.9994 	 0.0349 	 0
				0 	 0 	 1
				-145.953 	 -88.9512 	 14.1235
			}
		}
		{bone "emit3"
			{matrix34
				0.0349 	 -0.9994 	 0
				0.9994 	 0.0349 	 0
				0 	 0 	 1
				-145.599 	 88.9511 	 16.445
			}
		}
		{bone "body1"
			{parameters "id=body;"}
			{Position 0 	 0 	 4.9217}
			{poly "body1" {lod 0}}
			{poly "body1_lod1" {lod 1}}
			{poly "body1_lod2" {lod 2}}
			{poly "body1_lod3" {lod 3 {last}}}
			{bone "detail1"
				{parameters "id=body;"}
				{Position 139.335 	 -57.8396 	 24.8682}
				{poly "detail1" {lod 0}}
				{poly "detail1_lod1" {lod 1}}
				{poly "detail1_lod2" {lod 2}}
				{poly "detail1_lod3" {lod 3 {last}}}
			}
			{bone "detail2"
				{parameters "id=body;"}
				{matrix34
					0.9848 	 -0.1736 	 0
					0.1736 	 0.9848 	 0
					0 	 0 	 1
					139.335 	 58.9446 	 24.8682
				}
				{poly "detail1" {lod 0}}
				{poly "detail1_lod1" {lod 1}}
				{poly "detail1_lod2" {lod 2}}
				{poly "detail1_lod3" {lod 3 {last}}}
			}
			{bone "detail3"
				{parameters "id=body;"}
				{matrix34
					-0.9962 	 0.0872 	 0
					-0.0872 	 -0.9962 	 0
					0 	 0 	 1
					-167.197 	 -60.1209 	 22.1703
				}
				{poly "detail1" {lod 0}}
				{poly "detail1_lod1" {lod 1}}
				{poly "detail1_lod2" {lod 2}}
				{poly "detail1_lod3" {lod 3 {last}}}
			}
			{bone "detail4"
				{parameters "id=body;"}
				{matrix34
					0.9962 	 0.0872 	 0
					-0.0872 	 0.9962 	 0
					0 	 0 	 1
					-167.343 	 60.0873 	 22.1703
				}
				{poly "detail1" {lod 0}}
				{poly "detail1_lod1" {lod 1}}
				{poly "detail1_lod2" {lod 2}}
				{poly "detail1_lod3" {lod 3 {last}}}
			}
			{bone "detail5"
				{matrix34
					-1 	 0 	 0
					0 	 -0.1736 	 0.9848
					0 	 0.9848 	 0.1736
					35.251 	 70.6614 	 5.7926
				}
				{poly "detail5" {lod 0}}
				{poly "detail5_lod1" {lod 1}}
				{poly "detail5_lod2" {lod 2}}
				{poly "detail5_lod3" {lod 3 {last}}}
			}
			{bone "detail6"
				{matrix34
					-1 	 0 	 0
					0 	 -0.1736 	 0.9848
					0 	 0.9848 	 0.1736
					-72.153 	 70.6614 	 5.7926
				}
				{poly "detail5" {lod 0}}
				{poly "detail5_lod1" {lod 1}}
				{poly "detail5_lod2" {lod 2}}
				{poly "detail5_lod3" {lod 3 {last}}}
			}
			{bone "detail7"
				{matrix34
					1 	 0 	 0
					0 	 0.1736 	 0.9848
					0 	 -0.9848 	 0.1736
					-72.153 	 -70.6614 	 5.7926
				}
				{poly "detail5" {lod 0}}
				{poly "detail5_lod1" {lod 1}}
				{poly "detail5_lod2" {lod 2}}
				{poly "detail5_lod3" {lod 3 {last}}}
			}
			{bone "detail8"
				{matrix34
					1 	 0 	 0
					0 	 0.1736 	 0.9848
					0 	 -0.9848 	 0.1736
					35.251 	 -70.6614 	 5.7926
				}
				{poly "detail5" {lod 0}}
				{poly "detail5_lod1" {lod 1}}
				{poly "detail5_lod2" {lod 2}}
				{poly "detail5_lod3" {lod 3 {last}}}
			}
			{bone "door_cabin"
				{parameters "id=body;"}
				{Position -155.425 	 9.3569 	 41.6282}
				{poly "door_cabin" {lod 0}}
				{poly "door_cabin_lod1" {lod 1}}
				{poly "door_cabin_lod2" {lod 2}}
				{poly "door_cabin_lod3" {lod 3 {last}}}
			}
			{bone "door_front"
				{parameters "id=body;"}
				{matrix34
					1 	 0 	 0
					0 	 0 	 1
					0 	 -1 	 0
					173.787 	 0 	 -1.0347
				}
				{poly "door_front" {lod 0}}
				{poly "door_front_lod1" {lod 1}}
				{poly "door_front_lod2" {lod 2}}
				{poly "door_front_lod3" {lod 3 {last}}}
			}
			{bone "driver"
				{Position -177.57 	 23.0407 	 28.4581}
			}
			{bone "fx_bulb_norm_engine1"
				{matrix34
					-0.9703 	 0.2419 	 0
					-0.2419 	 -0.9703 	 0
					0 	 0 	 1
					-181.252 	 38.8053 	 -4.9217
				}
			}
			{bone "fx_bulb_norm_engine2"
				{matrix34
					-0.9563 	 -0.2924 	 0
					0.2924 	 -0.9563 	 0
					0 	 0 	 1
					-182.128 	 -40.525 	 -4.9217
				}
			}
			{bone "fx_bulb_norm_front1"
				{matrix34
					0.9848 	 0.1736 	 0
					-0.1736 	 0.9848 	 0
					0 	 0 	 1
					168.525 	 31.5645 	 -4.9217
				}
			}
			{bone "fx_bulb_norm_front2"
				{matrix34
					0.9816 	 -0.1908 	 0
					0.1908 	 0.9816 	 0
					0 	 0 	 1
					167.948 	 -31.5646 	 -4.9217
				}
			}
			{bone "fx_bulb_norm_front3"
				{matrix34
					0.5 	 0.866 	 0
					-0.866 	 0.5 	 0
					0 	 0 	 1
					115.151 	 49.7241 	 -4.9217
				}
			}
			{bone "fx_bulb_norm_front4"
				{matrix34
					0.4848 	 -0.8746 	 0
					0.8746 	 0.4848 	 0
					0 	 0 	 1
					115.151 	 -49.7242 	 -4.9217
				}
			}
			{bone "fx_bulb_small_center1"
				{matrix34
					0 	 1 	 0
					-1 	 0 	 0
					0 	 0 	 1
					44.087 	 55.7661 	 -4.9217
				}
			}
			{bone "fx_bulb_small_center2"
				{matrix34
					0 	 -1 	 0
					1 	 0 	 0
					0 	 0 	 1
					43.9575 	 -55.7662 	 -4.9217
				}
			}
			{bone "fx_bulb_small_center3"
				{matrix34
					0 	 1 	 0
					-1 	 0 	 0
					0 	 0 	 1
					-35.4779 	 55.7662 	 -4.9217
				}
			}
			{bone "fx_bulb_small_center4"
				{matrix34
					0 	 -1 	 0
					1 	 0 	 0
					0 	 0 	 1
					-35.6074 	 -55.7661 	 -4.9217
				}
			}
			{bone "fx_bulb_small_center5"
				{matrix34
					0 	 1 	 0
					-1 	 0 	 0
					0 	 0 	 1
					-130.678 	 55.7662 	 -4.9217
				}
			}
			{bone "fx_bulb_small_center6"
				{matrix34
					0 	 -1 	 0
					1 	 0 	 0
					0 	 0 	 1
					-130.807 	 -55.7661 	 -4.9217
				}
			}
			{bone "fx_fire1"
				{matrix34
					0 	 0 	 1
					0 	 1 	 0
					-1 	 0 	 0
					-169.39 	 16.8729 	 18.7617
				}
			}
			{bone "fxsmoke1"
				{Position -134.509 	 51.1091 	 40.0304}
			}
			{bone "pivot_back"
				{Position -156.434 	 0 	 -3.8518}
			}
			{bone "pivot_front"
				{Position 113.984 	 0 	 -3.8518}
			}
			{bone "place01"
				{Position -134.337 	 23.0407 	 6.1098}
			}
			{bone "place02"
				{Position -144.065 	 -23.321 	 6.1098}
			}
			{bone "place03"
				{Position -107.863 	 -53.9605 	 6.9612}
			}
			{bone "place04"
				{Position -104.937 	 49.2476 	 6.9612}
			}
			{bone "place05"
				{Position 2.3001 	 51.7132 	 6.7082}
			}
			{bone "place06"
				{Position 13.9838 	 -49.4314 	 6.7082}
			}
			{bone "place07"
				{Position 84.8738 	 49.8522 	 5.8511}
			}
			{bone "place08"
				{Position 129.628 	 -3.3049 	 5.1025}
			}
			{bone "place09"
				{Position 137.924 	 17.4179 	 4.4314}
			}
			{bone "place10"
				{Position 147.105 	 -18.1252 	 3.6064}
			}
			{bone "scissor"
				{Position 85.7664 	 0 	 13.1135}
				{poly "scissor"
					{layer waterscissor}}
			}
			{bone revolute "steer"
				{parameters "id=body;"}
				{matrix34
					0 	 -1 	 0
					0 	 0 	 -1
					1 	 0 	 0
					-168.912 	 22.3229 	 41.0776
				}
				{poly "steer" {lod 0}}
				{poly "steer_lod1" {lod 1}}
				{poly "steer_lod2" {lod 2}}
				{poly "steer_lod3" {lod 3 {last}}}
			}
			{bone "visor"
				{Position -156.759 	 0 	 88.543}
			}
			{bone "body2"
				{parameters "id=body;"}
				{Position 85.7664 	 0 	 3.6867}
				{poly "body2" {lod 0}}
				{poly "body2_lod1" {lod 1}}
				{poly "body2_lod2" {lod 2}}
				{poly "body2_lod3" {lod 3 {last}}}
			}
			{bone "body3"
				{parameters "id=body;"}
				{Position 0 	 0 	 -3.8518}
				{poly "body3" {lod 0}}
				{poly "body3_lod1" {lod 1}}
				{poly "body3_lod2" {lod 2}}
				{poly "body3_lod3" {lod 3 {last}}}
			}
			{bone "rope"
				{parameters "id=body;"}
				{matrix34
					-0.1392 	 0 	 -0.9903
					0 	 1 	 0
					0.9903 	 0 	 -0.1392
					190.728 	 -43.0851 	 44.9973
				}
				{poly "rope"}
			}
			{bone "lift"
				{matrix34
					-0.9925 	 0 	 -0.1219
					0 	 -1 	 0
					-0.1219 	 0 	 0.9925
					-191.868 	 -12.0005 	 75.1744
				}
				{bone "flag_up_01"
					{matrix34
						-1 	 -0.0084 	 -0.0004
						-0.0003 	 -0.0146 	 0.9999
						-0.0084 	 0.9999 	 0.0146
						3.3667 	 0.0215 	 6.8386
					}
				}
				{bone "flag_center_01"
					{matrix34
						-0.9798 	 -0.0082 	 0.2
						0.1997 	 0.0257 	 0.9795
						-0.0132 	 0.9996 	 -0.0236
						4.0518 	 -0.1243 	 -1.3418
					}
				}
				{bone "flag_down_01"
					{matrix34
						-0.9591 	 0.002 	 0.2831
						0.283 	 -0.0076 	 0.9591
						0.0041 	 1 	 0.0067
						2.5876 	 0.0711 	 -9.4889
					}
				}
				{bone "flag_down_02"
					{matrix34
						-0.8029 	 -0.0077 	 0.5961
						0.5945 	 0.0634 	 0.8016
						-0.0439 	 0.998 	 -0.0463
						15.1463 	 -0.9695 	 -16.539
					}
				}
				{bone "flag_center_02"
					{matrix34
						-0.8238 	 -0.0392 	 0.5655
						0.5663 	 -0.0114 	 0.8241
						-0.0259 	 0.9992 	 0.0316
						15.5474 	 -1.3512 	 -7.747
					}
				}
				{bone "flag_center_04"
					{matrix34
						-0.8416 	 0.2728 	 0.4662
						0.4506 	 -0.1214 	 0.8844
						0.2979 	 0.9544 	 -0.0208
						33.9032 	 1.7722 	 -18.1001
					}
				}
				{bone "flag_center_03"
					{matrix34
						-0.9093 	 -0.4151 	 0.0278
						0.0358 	 -0.0116 	 0.9993
						-0.4145 	 0.9097 	 0.0254
						25.2483 	 2.9703 	 -12.661
					}
				}
				{bone "flag_down_04"
					{matrix34
						-0.9213 	 0.0761 	 0.3812
						0.3553 	 -0.2329 	 0.9053
						0.1577 	 0.9695 	 0.1875
						35.105 	 6.1009 	 -24.8686
					}
				}
				{bone "flag_down_03"
					{matrix34
						-0.9506 	 -0.1343 	 0.28
						0.2898 	 -0.0599 	 0.9552
						-0.1115 	 0.9891 	 0.0958
						25.3272 	 1.7799 	 -20.7585
					}
				}
				{bone "flag_up_03"
					{matrix34
						-0.9179 	 0.1378 	 0.3721
						0.3874 	 0.109 	 0.9154
						0.0856 	 0.9845 	 -0.1534
						25.4778 	 3.1913 	 -4.8568
					}
				}
				{bone "flag_up_02"
					{matrix34
						-0.8098 	 -0.0192 	 0.5864
						0.5859 	 0.0247 	 0.81
						-0.03 	 0.9995 	 -0.0088
						15.3869 	 0.4267 	 -0.5598
					}
				}
				{bone "flag_up_04"
					{matrix34
						-0.7911 	 -0.3969 	 0.4654
						0.4966 	 0.0273 	 0.8676
						-0.3571 	 0.9175 	 0.1755
						33.1899 	 -2.6124 	 -11.1098
					}
				}
			}
			{bone "flag1"
				{parameters "id=body;"}
				{matrix34
					0.1219 	 0 	 -0.9925
					0.9925 	 0 	 0.1219
					0 	 -1 	 0
					-214.283 	 -12.0005 	 77.3263
				}
				{poly "flag1"}
			}
			{bone "flag"
				{parameters "id=body;"}
				{matrix34
					0.1219 	 0 	 -0.9925
					0.9925 	 0 	 0.1219
					0 	 -1 	 0
					-214.283 	 -12.0005 	 77.3263
				}
				{poly "flag"}
			}
			{bone "place11"
				{Position 91.012 	 -21.1587 	 5.8511}
			}
			{bone "place12"
				{Position 22.1651 	 19.172 	 5.7543}
			}
			{bone "place13"
				{Position 74.4738 	 17.9134 	 5.8511}
			}
			{bone "place14"
				{Position 47.9415 	 -13.3898 	 5.8511}
			}
			{bone "place15"
				{Position -6.9045 	 -24.2554 	 5.7543}
			}
			{bone "place16"
				{Position -41.6461 	 20.1361 	 5.1932}
			}
			{bone "place17"
				{Position -46.3858 	 -12.4801 	 5.1932}
			}
			{bone "place18"
				{Position -107.849 	 -24.8052 	 5.566}
			}
			{bone "place19"
				{Position -92.9699 	 30.6586 	 5.4461}
			}
			{bone "place20"
				{Position -89.7783 	 -0.4614 	 5.4461}
			}
			{bone "stand1"
				{parameters "id=body;"}
				{matrix34
					0.1392 	 -0.9903 	 0
					0.9903 	 0.1392 	 0
					0 	 0 	 1
					135.85 	 -46.4524 	 28.8478
				}
				{poly "stand1" {lod 0}}
				{poly "stand1_lod1" {lod 1}}
				{poly "stand1_lod2" {lod 2}}
				{poly "stand1_lod3" {lod 3 {last}}}
				{bone revolute "turret1"
					{parameters "id=gun;"}
					{limits -20 20}
					{speed 0.01}
					{Position 2.0652 	 0 	 1.8665}
					{poly "turret1" {lod 0}}
					{poly "turret1_lod1" {lod 1}}
					{poly "turret1_lod2" {lod 2}}
					{poly "turret1_lod3" {lod 3 {last}}}
					{bone revolute "gun_rot1"
						{parameters "id=gun;"}
						{limits -15 15}
						{speed 0.08}
						{matrix34
							1 	 0 	 0
							0 	 0 	 1
							0 	 -1 	 0
							1.1812 	 0 	 0.319
						}
						{poly "gun_rot1" {lod 0}}
						{poly "gun_rot1_lod1" {lod 1}}
						{poly "gun_rot1_lod2" {lod 2}}
						{poly "gun_rot1_lod3" {lod 3 {last}}}
						{bone "mgun1"
							{Position -5.3477 	 1.4854 	 0}
							{bone "fxshell"
								{matrix34
									0 	 0.4226 	 0.9063
									1 	 0 	 0
									0 	 0.9063 	 -0.4226
									1.6651 	 0.8339 	 1.1471
								}
							}
						}
					}
					{bone "gunner1"
						{Position -12.5373 	 0 	 -22.5679}
					}
				}
			}
			{bone "stand2"
				{parameters "id=body;"}
				{matrix34
					0.1392 	 0.9903 	 0
					-0.9903 	 0.1392 	 0
					0 	 0 	 1
					135.67 	 46.3922 	 28.8478
				}
				{poly "stand2" {lod 0}}
				{poly "stand2_lod1" {lod 1}}
				{poly "stand2_lod2" {lod 2}}
				{poly "stand2_lod3" {lod 3 {last}}}
				{bone revolute "turret2"
					{parameters "id=gun;"}
					{limits -20 20}
					{speed 0.01}
					{Position 2.0653 	 0 	 1.8665}
					{poly "turret2" {lod 0}}
					{poly "turret2_lod1" {lod 1}}
					{poly "turret2_lod2" {lod 2}}
					{poly "turret2_lod3" {lod 3 {last}}}
					{bone revolute "gun_rot2"
						{parameters "id=gun;"}
						{limits -15 15}
						{speed 0.08}
						{matrix34
							1 	 0 	 0
							0 	 0 	 1
							0 	 -1 	 0
							1.1812 	 0 	 0.319
						}
						{poly "gun_rot2" {lod 0}}
						{poly "gun_rot2_lod1" {lod 1}}
						{poly "gun_rot2_lod2" {lod 2}}
						{poly "gun_rot2_lod3" {lod 3 {last}}}
						{bone "mgun2"
							{Position -5.3477 	 1.4854 	 0}
							{bone "fxshell1"
								{matrix34
									0 	 0.4226 	 0.9063
									1 	 0 	 0
									0 	 0.9063 	 -0.4226
									1.6651 	 0.8339 	 1.1471
								}
							}
						}
					}
					{bone "gunner2"
						{Position -12.5373 	 0 	 -22.5679}
					}
				}
			}
		}
		{bone "emit5"
			{matrix34
				-1 	 0 	 0
				0 	 -1 	 0
				0 	 0 	 1
				250.493 	 -3.713 	 0
			}
		}
	}
}
{"volumes"
	{"ballast"
		{polyhedron}
		{bone "body1"}
		{Position -0.6311 	 0 	 -17.2607}
	}
	{"body01"
		{box 191.032 1.87996 19.4211}
		{bone "body1"}
		{Position -18.6393 	 65.4404 	 9.3553}
	}
	{"body02"
		{polyhedron}
		{bone "body1"}
		{Position 0.3849 	 0 	 -15.8154}
	}
	{"body03"
		{box 191.032 1.87996 19.4211}
		{bone "body1"}
		{Position -18.6394 	 -65.4404 	 9.3553}
	}
	{"body04"
		{polyhedron}
		{bone "body1"}
		{matrix34
			0.9945 	 -0.1045 	 0
			0.1045 	 0.9945 	 0
			0 	 0 	 1
			131.091 	 59.8059 	 -0.3552
		}
	}
	{"body05"
		{polyhedron}
		{bone "body1"}
		{matrix34
			0.9945 	 -0.1045 	 0
			0.1045 	 0.9945 	 0
			0 	 0 	 1
			203.115 	 52.2358 	 -0.3552
		}
	}
	{"body06"
		{polyhedron}
		{bone "body1"}
		{matrix34
			0.9945 	 -0.1045 	 0
			0.1045 	 0.9945 	 0
			0 	 0 	 1
			180.171 	 54.6473 	 -0.3552
		}
	}
	{"body07"
		{polyhedron}
		{bone "body1"}
		{matrix34
			0.9945 	 0.1045 	 0
			-0.1045 	 0.9945 	 0
			0 	 0 	 1
			131.091 	 -59.8059 	 -0.3552
		}
	}
	{"body08"
		{polyhedron}
		{bone "body1"}
		{matrix34
			0.9945 	 0.1045 	 0
			-0.1045 	 0.9945 	 0
			0 	 0 	 1
			203.115 	 -52.2359 	 -0.3552
		}
	}
	{"body09"
		{polyhedron}
		{bone "body1"}
		{matrix34
			0.9945 	 0.1045 	 0
			-0.1045 	 0.9945 	 0
			0 	 0 	 1
			180.171 	 -54.6473 	 -0.3552
		}
	}
	{"body10"
		{box 2.98969 16.9251 57.0333}
		{bone "body1"}
		{matrix34
			0.9336 	 0 	 -0.3584
			0 	 1 	 0
			0.3584 	 0 	 0.9336
			183.486 	 46.513 	 24.6337
		}
	}
	{"body11"
		{box 2.98969 16.9251 57.0333}
		{bone "body1"}
		{matrix34
			0.9336 	 0 	 -0.3584
			0 	 1 	 0
			0.3584 	 0 	 0.9336
			183.486 	 -46.5133 	 24.6337
		}
	}
	{"body12"
		{cylinder 4.23174 36.1823}
		{bone "body1"}
		{matrix34
			0.9986 	 0 	 -0.0523
			0 	 1 	 0
			0.0523 	 0 	 0.9986
			-140.066 	 51.2594 	 24.5114
		}
	}
	{"body13"
		{box 3.8268 78.363 61.0256}
		{bone "door_front"}
		{matrix34
			0.9336 	 -0.3584 	 0
			0 	 0 	 -1
			0.3584 	 0.9336 	 0
			11.1858 	 27.5319 	 0
		}
	}
	{"body14"
		{polyhedron}
		{bone "body1"}
		{matrix34
			0.9945 	 -0.1045 	 0
			0.1045 	 0.9945 	 0
			0 	 0 	 1
			-153.885 	 -61.2177 	 -0.3552
		}
	}
	{"body15"
		{polyhedron}
		{bone "body1"}
		{matrix34
			0.9945 	 0.1045 	 0
			-0.1045 	 0.9945 	 0
			0 	 0 	 1
			-153.885 	 61.2178 	 -0.3552
		}
	}
	{"body16"
		{box 4.27568 114.57 41.2135}
		{bone "body1"}
		{Position -192.707 	 0 	 20.2347}
	}
	{"body17"
		{box 23.7715 9.36176 21.1108}
		{bone "body1"}
		{Position 85.503 	 -45.3512 	 16.647}
	}
	{"body18"
		{box 36.5727 49.3206 41.8124}
		{bone "body1"}
		{Position -173.391 	 16.4813 	 42.1269}
	}
	{"body19"
		{cylinder 6.64522 19.0829}
		{bone "body1"}
		{matrix34
			1 	 0 	 0
			0 	 0 	 1
			0 	 -1 	 0
			-171.53 	 -25.2261 	 28.1741
		}
	}
	{"engine"
		{polyhedron}
		{bone "body1"}
		{Position -173.447 	 0 	 5.0947}
	}
	{"stand1_01"
		{box 11.1618 3.93701 5.90551}
		{bone "stand1"}
		{Position -0.7006 	 0 	 0.5382}
	}
	{"stand1_02"
		{cylinder 0.393701 22.9035}
		{bone "stand1"}
		{matrix34
			0.9272 	 0 	 0.3746
			0 	 1 	 0
			-0.3746 	 0 	 0.9272
			8.6933 	 0.0067 	 -12.3281
		}
	}
	{"stand1_03"
		{cylinder 0.393701 22.9035}
		{bone "stand1"}
		{matrix34
			-0.9556 	 0.1326 	 0.263
			-0.2166 	 -0.9215 	 -0.3224
			0.1996 	 -0.365 	 0.9093
			-7.4798 	 7.2994 	 -12.5324
		}
	}
	{"stand1_04"
		{cylinder 0.393701 22.9035}
		{bone "stand1"}
		{matrix34
			0.429 	 -0.8664 	 0.2556
			0.8793 	 0.3357 	 -0.3378
			0.2068 	 0.3696 	 0.9059
			-7.5577 	 -7.2572 	 -12.5722
		}
	}
	{"stand2_01"
		{box 11.1618 3.93701 5.90551}
		{bone "stand2"}
		{Position -0.7006 	 0 	 0.5382}
	}
	{"stand2_02"
		{cylinder 0.393701 22.9035}
		{bone "stand2"}
		{matrix34
			0.9272 	 0 	 0.3746
			0 	 1 	 0
			-0.3746 	 0 	 0.9272
			8.6933 	 0.0067 	 -12.3281
		}
	}
	{"stand2_03"
		{cylinder 0.393701 22.9035}
		{bone "stand2"}
		{matrix34
			-0.9556 	 0.1326 	 0.263
			-0.2166 	 -0.9215 	 -0.3224
			0.1996 	 -0.365 	 0.9093
			-7.4798 	 7.2994 	 -12.5324
		}
	}
	{"stand2_04"
		{cylinder 0.393701 22.9035}
		{bone "stand2"}
		{matrix34
			0.429 	 -0.8664 	 0.2556
			0.8793 	 0.3357 	 -0.3378
			0.2068 	 0.3696 	 0.9059
			-7.5577 	 -7.2572 	 -12.5722
		}
	}
	{"sticky"
		{polyhedron}
		{bone "body1"}
		{Position 9.4197 	 0 	 -3.8518}
	}
	{"window01"
		{box 1.8975 28.8319 10.935}
		{bone "body1"}
		{matrix34
			0 	 1 	 0
			-1 	 0 	 0
			0 	 0 	 1
			-174.182 	 -7.3774 	 52.3376
		}
	}
	{"window02"
		{box 1.8975 9.58261 10.935}
		{bone "body1"}
		{Position -155.983 	 1.9334 	 52.3376}
	}
	{"window03"
		{box 1.8975 28.8319 10.935}
		{bone "body1"}
		{Position -155.983 	 23.4183 	 52.3376}
	}
	{"window04"
		{box 1.8975 28.8319 10.935}
		{bone "body1"}
		{matrix34
			0 	 1 	 0
			-1 	 0 	 0
			0 	 0 	 1
			-174.182 	 40.3899 	 52.3376
		}
	}
}
