;Exported by:	 Oleksandr Tsaprylov
;Date:			 19.07.2022 18:19:06
;File:			 E:\projects\gem2-mdl-soldiers\models\entourage\bridge_wood\bridge_wood_02.max
{skeleton
	{bone "bridge_wood_05_piece_007_x"
		{orientation
			1 	 0 	 0
			0 	 -1 	 0
			0 	 0 	 1
		}
		{bone "piece02"
			{matrix34
				0.877 	 0.4515 	 -0.1645
				-0.1975 	 0.0267 	 -0.9799
				-0.438 	 0.8919 	 0.1126
				-4.7425 	 -19.2366 	 1.9617
			}
			{poly "piece02"}
		}
		{bone "piece04"
			{matrix34
				0.877 	 0.4515 	 -0.1645
				0.0321 	 -0.3967 	 -0.9174
				-0.4794 	 0.7993 	 -0.3624
				-3.8296 	 -5.8912 	 8.5718
			}
			{poly "piece04"}
		}
		{bone "piece01"
			{matrix34
				-0.7359 	 -0.5824 	 0.3455
				0.6771 	 -0.6264 	 0.3863
				-0.0086 	 0.5182 	 0.8552
				-0.9827 	 25.0501 	 -3.6348
			}
			{poly "piece01"}
		}
		{bone "piece03"
			{matrix34
				0.6992 	 0.4109 	 -0.585
				-0.5303 	 0.8469 	 -0.039
				0.4795 	 0.3375 	 0.8101
				-2.0666 	 3.3595 	 2.2543
			}
			{poly "piece03"}
		}
	}
}
{volume "piece01"
	{box 4.33737 4.26963 20.092}
	{bone "piece01"}
	{matrix34
		-0.7359 	 0.6771 	 -0.0086
		-0.5824 	 -0.6264 	 0.5182
		0.3455 	 0.3863 	 0.8552
		0.0425 	 -2.5232 	 6.1296
	}
}
{volume "piece02"
	{box 1.87913 1.78195 20.3081}
	{bone "piece02"}
	{matrix34
		0.877 	 -0.1975 	 -0.438
		0.0902 	 -0.8277 	 0.5539
		-0.4719 	 -0.5253 	 -0.708
		2.6035 	 -1.9638 	 1.4131
	}
}
{volume "piece03"
	{box 1.87913 1.78195 13.4491}
	{bone "piece03"}
	{matrix34
		0.6992 	 -0.5303 	 0.4795
		0.4586 	 0.8472 	 0.2682
		-0.5484 	 0.0324 	 0.8356
		-1.7628 	 -3.4127 	 -2.5044
	}
}
{volume "piece04"
	{box 2.84877 42.8177 2.0092}
	{bone "piece04"}
	{matrix34
		0.877 	 0.0321 	 -0.4794
		0.4667 	 -0.2945 	 0.834
		-0.1144 	 -0.9551 	 -0.2732
		1.6774 	 -2.366 	 0.5333
	}
}
