;Exported by:	 Цаприлов Олександр
;Date:			 15.09.2020 15:55:45
;File:			 E:\projects\gem2-mdl-soldiers\models\entourage\dog_house_01\dog_house_01.max
{skeleton
	{bone "basis_x"
		{orientation
			1 	 0 	 0
			0 	 -1 	 0
			0 	 0 	 1
		}
		{bone "piece03"
			{Position -9.0878 	 -8.1692 	 11.6298}
			{poly "piece03"}
		}
		{bone "piece01"
			{Position 6.5195 	 -10.9106 	 15.1255}
			{poly "piece01"}
		}
		{bone "piece02"
			{Position -8.7029 	 7.9027 	 14.3301}
			{poly "piece02"}
		}
		{bone "piece04"
			{Position 6.5195 	 8.6235 	 13.2782}
			{poly "piece04"}
		}
		{bone "fx_wood1"
		}
	}
}
{volume "piece01"
	{box 0.60805 9.391 11.5682}
	{bone "piece01"}
	{Position 5.0112 	 1.7977 	 0.8458}
}
{volume "piece02"
	{box 12.3079 12.4559 0.606}
	{bone "piece01"}
	{matrix34
		1 	 0 	 0
		0 	 0.9937 	 -0.1123
		0 	 0.1123 	 0.9937
		-0.0031 	 -0.4186 	 7.3583
	}
}
{volume "piece03"
	{box 7.89956 0.473389 12.533}
	{bone "piece01"}
	{Position 1.3431 	 -2.568 	 1.165}
}
{volume "piece04"
	{box 5.74496 0.619553 8.37149}
	{bone "piece02"}
	{Position -0.235 	 5.5965 	 0.7866}
}
{volume "piece05"
	{box 7.86813 11.7405 0.66}
	{bone "piece02"}
	{matrix34
		1 	 0 	 0
		0 	 0.9939 	 -0.1101
		0 	 0.1101 	 0.9939
		-0.0044 	 1.4017 	 5.8149
	}
}
{volume "piece06"
	{box 0.619555 7.07793 9.335}
	{bone "piece02"}
	{Position -2.8165 	 1.7478 	 0.445}
}
{volume "piece07"
	{box 5.4932 0.641777 19.9627}
	{bone "piece03"}
	{Position 0.0074 	 -5.3415 	 0.9082}
}
{volume "piece08"
	{box 0.594756 10.8934 18.7742}
	{bone "piece03"}
	{Position -2.4291 	 0.4205 	 0.2406}
}
{volume "piece09"
	{box 0.595993 9.3656 10.6333}
	{bone "piece04"}
	{Position 5.0743 	 1.0488 	 0.8829}
}
{volume "piece10"
	{box 12.1753 12.4307 0.875}
	{bone "piece04"}
	{matrix34
		1 	 0 	 0
		0 	 0.9934 	 -0.1146
		0 	 0.1146 	 0.9934
		0.051 	 0.5029 	 6.7778
	}
}
{volume "piece11"
	{box 7.40733 0.681133 10.7704}
	{bone "piece04"}
	{Position 1.0301 	 5.4336 	 0.7222}
}
