;Exported by	: KobaA
;Date			: 15.01.2024 17:29:11
;File			: d:\git\gem2-mdl-soldiers\models\building\house_70\house_70_fort_x.max
{skeleton
	{bone "h_70_piece09_x"
		{orientation
			1 	 0 	 0
			0 	 -1 	 0
			0 	 0 	 1
		}
		{bone "piece01"
			{matrix34
				0 	 -1 	 0
				1 	 0 	 0
				0 	 0 	 1
				-21.6063 	 -33.6582 	 3.3037
			}
			{poly "piece01"}
		}
		{bone "piece02"
			{matrix34
				0 	 -1 	 0
				1 	 0 	 0
				0 	 0 	 1
				-19.558 	 -4.7717 	 4.7255
			}
			{poly "piece02"}
		}
		{bone "piece03"
			{matrix34
				0 	 -1 	 0
				1 	 0 	 0
				0 	 0 	 1
				-15.3032 	 29.1159 	 7.6788
			}
			{poly "piece03"}
		}
		{bone "piece04"
			{matrix34
				0 	 -1 	 0
				1 	 0 	 0
				0 	 0 	 1
				24.4962 	 -38.8459 	 -3.1209
			}
			{poly "piece04"}
		}
		{bone "piece05"
			{matrix34
				0 	 -1 	 0
				1 	 0 	 0
				0 	 0 	 1
				4.5502 	 -37.4099 	 10.724
			}
			{poly "piece05"}
		}
		{bone "piece06"
			{matrix34
				0 	 -1 	 0
				1 	 0 	 0
				0 	 0 	 1
				6.5475 	 28.6489 	 9.3377
			}
			{poly "piece06"}
		}
		{bone "sub_piece01"
			{matrix34
				0 	 -1 	 0
				1 	 0 	 0
				0 	 0 	 1
				10.7245 	 -4.7909 	 6.4383
			}
			{poly "sub_piece01"}
		}
		{bone "sub_piece02"
			{matrix34
				-0.7071 	 0 	 0.7071
				0.7071 	 0 	 0.7071
				0 	 1 	 0
				-3.1346 	 29.4636 	 13.5189
			}
			{poly "sub_piece02"}
		}
		{bone "sub_piece03"
			{matrix34
				0 	 -1 	 0
				-0.57 	 0 	 0.8216
				0.8216 	 0 	 0.57
				-19.6025 	 34.5285 	 2.3573
			}
			{poly "sub_piece03"}
		}
		{bone "sub_piece04"
			{matrix34
				0 	 -1 	 0
				0.57 	 0 	 0.8216
				-0.8216 	 0 	 0.57
				11.2678 	 34.5285 	 3.7624
			}
			{poly "sub_piece04"}
		}
		{bone "sub_piece05"
			{matrix34
				0 	 -1 	 0
				0.57 	 0 	 0.8216
				-0.8216 	 0 	 0.57
				11.3058 	 -1.8889 	 3.7361
			}
			{poly "sub_piece05"}
		}
	}
}
{"volumes"
	{"piece01"
		{box 1.58609 20.073 18.5146}
		{bone "piece01"}
		{matrix34
			0 	 -0.5736 	 0.8192
			1 	 0 	 0
			0 	 0.8192 	 0.5736
			-0.5264 	 0.612 	 1.9846
		}
	}
	{"piece02"
		{box 1.58609 20.073 14.6941}
		{bone "piece02"}
		{matrix34
			0 	 -0.5736 	 0.8192
			1 	 0 	 0
			0 	 0.8192 	 0.5736
			0.1003 	 -0.2305 	 1.4071
		}
	}
	{"piece03"
		{box 1.58609 20.073 26.4494}
		{bone "piece03"}
		{matrix34
			0 	 -0.5736 	 0.8192
			1 	 0 	 0
			0 	 0.8192 	 0.5736
			3.2011 	 0.3292 	 1.825
		}
	}
	{"piece04"
		{box 1.58609 20.073 15.8696}
		{bone "piece04"}
		{matrix34
			0 	 0.5736 	 0.8192
			-1 	 0 	 0
			0 	 -0.8192 	 0.5736
			-1.8863 	 -1.1885 	 1.1403
		}
	}
	{"piece05"
		{box 1.58609 20.073 15.8696}
		{bone "piece05"}
		{matrix34
			0 	 0.5736 	 0.8192
			-1 	 0 	 0
			0 	 -0.8192 	 0.5736
			-0.4502 	 1.8418 	 -0.8601
		}
	}
	{"piece06"
		{box 1.58609 20.073 26.4494}
		{bone "piece06"}
		{matrix34
			0 	 0.5736 	 0.8192
			-1 	 0 	 0
			0 	 -0.8192 	 0.5736
			2.7341 	 0.3587 	 0.1662
		}
	}
	{"sub_piece01"
		{box 1.58609 12.4452 14.2827}
		{bone "sub_piece01"}
		{matrix34
			0 	 0.5736 	 0.8192
			-1 	 0 	 0
			0 	 -0.8192 	 0.5736
			1.2303 	 0.1891 	 0.2595
		}
	}
	{"sub_piece02"
		{box 2.95276 54.5254 2.95276}
		{bone "sub_piece02"}
		{matrix34
			-1 	 0 	 0
			0 	 0 	 1
			0 	 1 	 0
			0 	 0.2281 	 0
		}
	}
	{"sub_piece03"
		{box 2.95276 32.4691 2.95276}
		{bone "sub_piece03"}
		{matrix34
			1 	 0 	 0
			0 	 0.0044 	 1
			0 	 -1 	 0.0044
			0 	 -0.2684 	 0.0012
		}
	}
	{"sub_piece04"
		{box 2.95276 32.4691 2.95276}
		{bone "sub_piece04"}
		{matrix34
			1 	 0 	 0
			0 	 -0.0044 	 -1
			0 	 1 	 -0.0044
			0 	 -0.1938 	 0.0008
		}
	}
	{"sub_piece05"
		{box 2.95276 32.4691 2.95276}
		{bone "sub_piece05"}
		{matrix34
			1 	 0 	 0
			0 	 -0.0044 	 -1
			0 	 1 	 -0.0044
			-0.0157 	 -0.1938 	 0.0471
		}
	}
}
