;Exported by	: joomb
;Date			: 17.04.2024 13:48:01
;File			: h:\git\gem2-mdl-soldiers\models\building\buildings_ru\barn_ru001_slice_cut.max
{skeleton
	{bone "barn_ru_001_piece11"
		{orientation
			1 	 0 	 0
			0 	 -1 	 0
			0 	 0 	 1
		}
		{poly "barn_ru_001_piece11"}
		{bone "fix09"
			{Position -19.7536 	 -33.0262 	 -9.7629}
		}
		{bone "fix10"
			{Position 43.3094 	 -33.0262 	 -27.6239}
		}
		{bone "fix11"
			{Position 59.1024 	 46.3088 	 -35.2611}
		}
		{bone "fix12"
			{Position 59.1024 	 46.3088 	 -11.6864}
		}
	}
}
{"volumes"
	{"body01"
		{box 73.2283 3.93701 21.8047}
		{bone "barn_ru_001_piece11"}
		{Position 25.1857 	 -33.0262 	 -6.2727}
	}
	{"body02"
		{box 9.78078 3.93701 30.444}
		{bone "barn_ru_001_piece11"}
		{matrix34
			0 	 1 	 0
			-1 	 0 	 0
			0 	 0 	 1
			59.861 	 -30.0627 	 -13.0033
		}
	}
	{"body03"
		{polyhedron}
		{bone "barn_ru_001_piece11"}
		{matrix34
			0 	 1 	 0
			-1 	 0 	 0
			0 	 0 	 1
			59.8611 	 -19.7113 	 2.2187
		}
	}
	{"body04"
		{box 44.0585 3.93701 56.3976}
		{bone "barn_ru_001_piece11"}
		{matrix34
			0 	 1 	 0
			-1 	 0 	 0
			0 	 0 	 1
			59.861 	 18.1195 	 -0.0265
		}
	}
	{"body05"
		{polyhedron}
		{bone "barn_ru_001_piece11"}
		{matrix34
			0 	 1 	 0
			-1 	 0 	 0
			0 	 0 	 1
			59.8611 	 13.2257 	 28.1646
		}
	}
	{"roof01"
		{box 29.1078 3.93701 11.4639}
		{bone "barn_ru_001_piece11"}
		{matrix34
			1 	 0 	 0
			0 	 0.5736 	 -0.8192
			0 	 0.8192 	 0.5736
			-12.6485 	 26.2407 	 49.2425
		}
	}
	{"roof02"
		{box 24.048 3.93701 11.4764}
		{bone "barn_ru_001_piece11"}
		{matrix34
			1 	 0 	 0
			0 	 0.5736 	 -0.8192
			0 	 0.8192 	 0.5736
			34.0717 	 26.2458 	 49.2461
		}
	}
	{"roof03"
		{box 94.8819 3.93701 18.5495}
		{bone "barn_ru_001_piece11"}
		{matrix34
			1 	 0 	 0
			0 	 0.5736 	 -0.8192
			0 	 0.8192 	 0.5736
			20.2385 	 13.948 	 40.635
		}
	}
	{"roof04"
		{box 94.8819 3.93701 29.4518}
		{bone "barn_ru_001_piece11"}
		{matrix34
			1 	 0 	 0
			0 	 0.5736 	 -0.8192
			0 	 0.8192 	 0.5736
			20.2386 	 -5.7122 	 26.8688
		}
	}
	{"roof05"
		{box 79.2718 3.93701 29.4518}
		{bone "barn_ru_001_piece11"}
		{matrix34
			1 	 0 	 0
			0 	 0.5736 	 -0.8192
			0 	 0.8192 	 0.5736
			28.2608 	 -29.8377 	 9.976
		}
	}
}
