;Exported by:	 joomb
;Date:			 28.04.2021 14:01:58
;File:			 D:\git\gem2-mdl-soldiers\models\unit\vehicle\60mm_M2\60mm_m2_xx.max
{skeleton
	{bone revolute "turret"
		{limits -180 180}
		{orientation
			1 	 0 	 0
			0 	 -1 	 0
			0 	 0 	 1
		}
		{bone "body"
			{matrix34
				0.9962 	 0 	 -0.0872
				0 	 1 	 0
				0.0872 	 0 	 0.9962
				0.1152 	 -0.0004 	 0.3534
			}
			{LODView
				{poly "body"}
				{poly "body_lod1"}
				{poly "body_lod2"}
				{poly "body_lod3"}
			}
			{bone "part1"
				{matrix34
					0.9063 	 0 	 -0.4226
					0 	 1 	 0
					0.4226 	 0 	 0.9063
					0.002 	 0 	 -0.1152
				}
				{LODView
					{poly "part1"}
					{poly "part1_lod1"}
					{poly "part1_lod2"}
					{poly "part1_lod3"}
				}
			}
			{bone "part2"
				{matrix34
					0.9063 	 0 	 0.4226
					0 	 1 	 0
					-0.4226 	 0 	 0.9063
					6.0704 	 0 	 9.6489
				}
				{LODView
					{poly "part2"}
					{poly "part2_lod1"}
					{poly "part2_lod2"}
					{poly "part2_lod3"}
				}
			}
			{bone "part3"
				{matrix34
					0.9063 	 0 	 0.4226
					0 	 1 	 0
					-0.4226 	 0 	 0.9063
					7.0023 	 0 	 8.2315
				}
				{LODView
					{poly "part3"}
					{poly "part3_lod1"}
					{poly "part3_lod2"}
					{poly "part3_lod3"}
				}
			}
			{bone "part4"
				{matrix34
					0.9063 	 0 	 0.4226
					-0.1786 	 0.9063 	 0.383
					-0.383 	 -0.4226 	 0.8214
					7.0023 	 0.8214 	 8.2315
				}
				{LODView
					{poly "part4"}
					{poly "part4_lod1"}
					{poly "part4_lod2"}
					{poly "part4_lod3"}
				}
			}
			{bone "part5"
				{matrix34
					0.9063 	 0 	 0.4226
					0.1786 	 0.9063 	 -0.383
					-0.383 	 0.4226 	 0.8214
					7.0023 	 -0.8267 	 8.2315
				}
				{LODView
					{poly "part5"}
					{poly "part5_lod1"}
					{poly "part5_lod2"}
					{poly "part5_lod3"}
				}
			}
		}
	}
}
{volume "body"
	{box 5.51155 5.87832 0.564058}
	{bone "body"}
	{matrix34
		1 	 0 	 -0.0014
		0 	 1 	 0
		0.0014 	 0 	 1
		-0.0642 	 0.0004 	 0.0526
	}
}
{volume "part1"
	{cylinder 0.678212 14.2975}
	{bone "part1"}
	{matrix34
		0.9871 	 -0.0053 	 -0.1601
		0.0263 	 0.9912 	 0.1295
		0.158 	 -0.1321 	 0.9786
		1.1298 	 -0.9459 	 7.4653
	}
}
{volume "part2"
	{box 0.834045 0.993001 1.3731}
	{bone "part2"}
	{matrix34
		0.9477 	 -0.316 	 0.0453
		0.3192 	 0.9416 	 -0.1074
		-0.0087 	 0.1163 	 0.9932
		0.8329 	 -1.7405 	 -1.9651
	}
}
{volume "part3"
	{polyhedron}
	{bone "part3"}
	{matrix34
		1 	 0 	 0
		0 	 0.9948 	 -0.1021
		0 	 0.1021 	 0.9948
		0.7966 	 -2.504 	 -7.1017
	}
}
{volume "part4"
	{cylinder 0.298212 9.42333}
	{bone "part4"}
	{matrix34
		0.9421 	 -0.1439 	 0.3028
		0.1826 	 0.9778 	 -0.1033
		-0.2812 	 0.1526 	 0.9474
		1.8234 	 -3.2164 	 -4.1632
	}
}
{volume "part5"
	{cylinder 0.298212 9.42333}
	{bone "part5"}
	{matrix34
		0.9843 	 0.1164 	 -0.1324
		-0.147 	 0.9565 	 -0.2521
		0.0973 	 0.2676 	 0.9586
		0.7265 	 -2.397 	 -6.1221
	}
}
