;Exported by:	 KobaA
;Date:			 15.01.2021 16:45:50
;File:			 G:\_GIT_\gem2\gem2-mdl-soldiers\models\unit\vehicle\flak_36\flak_36_xx.max
{skeleton
	{bone "basis"
		{parameters "steermax=30;"}
		{orientation
			1 	 0 	 0
			0 	 -1 	 0
			0 	 0 	 1
		}
		{bone "body"
			{parameters "id=body;"}
			{matrix34
				1 	 0 	 -0.0003
				0 	 1 	 -0.0002
				0.0003 	 0.0002 	 1
				0.0004 	 -0.0003 	 13.5827
			}
			{LODView
				{poly "body"}
				{poly "body_lod1"}
				{poly "body_lod2"}
				{poly "body_lod3"}
			}
			{bone revolute "turret"
				{parameters "id=turret;"}
				{speed 0.01}
				{Position -0.0008 	 -0.0007 	 2.8835}
				{LODView
					{poly "turret"}
					{poly "turret_lod1"}
					{poly "turret_lod2"}
					{poly "turret_lod3"}
				}
				{bone revolute "part6"
					{parameters "id=gun;"}
					{limits -4 25}
					{speed 0.08}
					{matrix34
						1 	 0 	 0
						0 	 0 	 1
						0 	 -1 	 0
						-13.7413 	 -0.0039 	 17.2339
					}
					{LODView
						{poly "part6"}
						{poly "part6_lod1"}
						{poly "part6_lod2"}
						{poly "part6_lod3"}
					}
				}
				{bone "part5"
					{parameters "id=turret;"}
					{Position 0 	 0 	 0}
					{LODView
						{poly "part5"}
						{poly "part5_lod1"}
						{poly "part5_lod2"}
						{poly "part5_lod3"}
					}
				}
			}
			{bone "part3"
				{parameters "id=body;"}
				{Position 0.3293 	 17.5221 	 -9.2348}
				{LODView
					{poly "part3"}
					{poly "part3_lod1"}
					{poly "part3_lod2"}
					{poly "part3_lod3"}
				}
			}
			{bone "part4"
				{parameters "id=body;"}
				{Position -0.3877 	 -17.5059 	 -9.243}
				{LODView
					{poly "part4"}
					{poly "part4_lod1"}
					{poly "part4_lod2"}
					{poly "part4_lod3"}
				}
			}
		}
		{bone "pivot_front"
			{Position 42.8329 	 0 	 8.6461}
			{bone "part1"
				{parameters "id=body;"}
				{matrix34
					0 	 -1 	 0
					0.9397 	 0 	 0.342
					-0.342 	 0 	 0.9397
					0 	 -0.0003 	 0
				}
				{LODView
					{poly "part1"}
					{poly "part1_lod1"}
					{poly "part1_lod2"}
					{poly "part1_lod3"}
				}
			}
		}
		{bone "pivot_back"
			{Position -42.8329 	 0 	 8.6461}
			{bone "part2"
				{parameters "id=body;"}
				{matrix34
					0.9397 	 0 	 -0.342
					0 	 1 	 0
					0.342 	 0 	 0.9397
					0 	 -0.0003 	 0
				}
				{LODView
					{poly "part2"}
					{poly "part2_lod1"}
					{poly "part2_lod2"}
					{poly "part2_lod3"}
				}
				{bone "spring_l"
					{Position 0 	 13.6072 	 0}
				}
				{bone "spring_r"
					{Position 0 	 -13.6066 	 0}
				}
			}
		}
	}
}
{obstacle "obstacle01"
	{obb2
		{center 0 -2.32831e-010}
		{extent 17.7165 22.6378}
		{axis -1 6.3339e-008}
	}
	{rotate}
}
{obstacle "obstacle04"
	{obb2
		{center -0.0892258 -2.32831e-010}
		{extent 57.3615 5.56233}
		{axis -1 6.3339e-008}
	}
	{rotate}
}
{volume "body01"
	{box 108.268 6.26832 5.31496}
	{bone "body"}
	{matrix34
		1 	 0 	 0.0003
		0 	 1 	 0.0002
		-0.0003 	 -0.0002 	 1
		0.0635 	 0.0024 	 -9.449
	}
}
{volume "body04"
	{box 20.5963 24.9688 5.90551}
	{bone "body"}
	{matrix34
		0.7071 	 -0.7071 	 0
		0.7071 	 0.7071 	 0.0004
		-0.0003 	 -0.0002 	 1
		-1.9497 	 -1.6369 	 -9.3453
	}
}
{volume "body05"
	{cylinder 6.88976 9.84252}
	{bone "body"}
	{matrix34
		1 	 0 	 0.0003
		0 	 1 	 0.0002
		-0.0003 	 -0.0002 	 1
		0 	 0.0007 	 -1.7978
	}
}
{volume "part1_01"
	{box 26.875 20.7293 7.87402}
	{bone "part1"}
	{matrix34
		0 	 1 	 0
		-1 	 0 	 0
		0 	 0 	 1
		-0.0003 	 -0.0482 	 3.535
	}
}
{volume "part1_02"
	{box 7.87402 7.87402 7.87402}
	{bone "part1"}
	{matrix34
		0 	 1 	 0
		-1 	 0 	 0
		0 	 0 	 1
		-1.8395 	 6.9729 	 10.3461
	}
}
{volume "part1_03"
	{box 13.7795 13.7795 0.590551}
	{bone "part1"}
	{matrix34
		0 	 -0.225 	 0.9744
		1 	 0 	 0
		0 	 0.9744 	 0.225
		-16.7208 	 9.3606 	 0.9332
	}
}
{volume "part1_04"
	{box 13.7795 13.7795 0.590551}
	{bone "part1"}
	{matrix34
		0 	 -0.9659 	 0.2588
		1 	 0 	 0
		0 	 0.2588 	 0.9659
		-16.7208 	 1.6276 	 8.9775
	}
}
{volume "part1_05"
	{box 11.811 13.7795 0.590551}
	{bone "part1"}
	{matrix34
		0 	 -0.7314 	 -0.682
		1 	 0 	 0
		0 	 -0.682 	 0.7314
		-16.7207 	 -9.5065 	 6.4715
	}
}
{volume "part1_06"
	{box 13.7795 13.7795 0.590551}
	{bone "part1"}
	{matrix34
		0.3357 	 0.4948 	 0.8015
		-0.9397 	 0.117 	 0.3214
		0.0653 	 -0.8611 	 0.5042
		14.8292 	 -10.0239 	 4.959
	}
}
{volume "part1_07"
	{box 13.7795 13.7795 0.590551}
	{bone "part1"}
	{matrix34
		0.0653 	 0.9838 	 -0.1672
		-0.9397 	 0.117 	 0.3214
		0.3357 	 0.1362 	 0.9321
		17.5696 	 0.2006 	 9.25
	}
}
{volume "part1_08"
	{box 11.811 13.7795 0.590551}
	{bone "part1"}
	{matrix34
		-0.2501 	 0.4058 	 -0.8791
		-0.9397 	 0.117 	 0.3214
		0.2333 	 0.9064 	 0.3521
		16.5845 	 9.4409 	 3.0067
	}
}
{volume "part2_01"
	{box 26.875 20.7293 7.87402}
	{bone "part2"}
	{matrix34
		-1 	 0 	 0
		0 	 -1 	 0
		0 	 0 	 1
		0.4829 	 0.7544 	 3.6932
	}
}
{volume "part2_02"
	{box 7.87402 7.87402 7.87402}
	{bone "part2"}
	{matrix34
		-1 	 0 	 0
		0 	 -1 	 0
		0 	 0 	 1
		-6.5382 	 -1.0848 	 10.5043
	}
}
{volume "part2_03"
	{box 13.7795 13.7795 0.590551}
	{bone "part2"}
	{matrix34
		0.225 	 0 	 0.9744
		0 	 1 	 0
		-0.9744 	 0 	 0.225
		-8.9259 	 -15.9661 	 1.0914
	}
}
{volume "part2_04"
	{box 13.7795 13.7795 0.590551}
	{bone "part2"}
	{matrix34
		0.9659 	 0 	 0.2588
		0 	 1 	 0
		-0.2588 	 0 	 0.9659
		-1.1929 	 -15.9661 	 9.1357
	}
}
{volume "part2_05"
	{box 11.811 13.7795 0.590551}
	{bone "part2"}
	{matrix34
		0.7314 	 0 	 -0.682
		0 	 1 	 0
		0.682 	 0 	 0.7314
		9.9411 	 -15.9661 	 6.6297
	}
}
{volume "part2_06"
	{box 13.7795 13.7795 0.590551}
	{bone "part2"}
	{matrix34
		-0.4948 	 0.3357 	 0.8015
		-0.117 	 -0.9397 	 0.3214
		0.8611 	 0.0653 	 0.5042
		10.4585 	 15.5839 	 5.1173
	}
}
{volume "part2_07"
	{box 13.7795 13.7795 0.590551}
	{bone "part2"}
	{matrix34
		-0.9838 	 0.0653 	 -0.1672
		-0.117 	 -0.9397 	 0.3214
		-0.1362 	 0.3357 	 0.9321
		0.2341 	 18.3243 	 9.4082
	}
}
{volume "part2_08"
	{box 11.811 13.7795 0.590551}
	{bone "part2"}
	{matrix34
		-0.4058 	 -0.2501 	 -0.8791
		-0.117 	 -0.9397 	 0.3214
		-0.9064 	 0.2333 	 0.3521
		-9.0063 	 17.3392 	 3.1649
	}
}
{volume "part3"
	{box 5.34268 38.2505 4.92126}
	{bone "part3"}
	{matrix34
		1 	 0 	 0.0003
		0 	 1 	 0.0002
		-0.0003 	 -0.0002 	 1
		-0.3749 	 15.0047 	 -0.419
	}
}
{volume "part4"
	{box 5.34268 38.2505 4.92126}
	{bone "part4"}
	{matrix34
		-1 	 0 	 -0.0003
		0 	 -1 	 -0.0002
		-0.0003 	 -0.0002 	 1
		0.3421 	 -15.0159 	 -0.4256
	}
}
{volume "part5_01"
	{box 0.393701 39.3701 35.4331}
	{bone "part5"}
	{matrix34
		0.9823 	 -0.1045 	 0.1556
		0.1026 	 0.9945 	 0.0202
		-0.1569 	 -0.0039 	 0.9876
		13.6242 	 -0.8577 	 10.4595
	}
}
{volume "part5_02"
	{polyhedron}
	{bone "part5"}
	{matrix34
		0.3245 	 -0.9455 	 0.026
		0.9311 	 0.3145 	 -0.1846
		0.1664 	 0.0841 	 0.9825
		11.033 	 18.7871 	 -7.0341
	}
}
{volume "part5_03"
	{polyhedron}
	{bone "part5"}
	{matrix34
		0.476 	 -0.8715 	 0.1179
		0.8782 	 0.4782 	 -0.0102
		-0.0475 	 0.1084 	 0.993
		12.4129 	 -22.5719 	 -7.0431
	}
}
{volume "part6_01"
	{box 61.9121 4.08908 3.93701}
	{bone "part6"}
	{matrix34
		1 	 0.0003 	 0
		0 	 0.0002 	 -1
		-0.0003 	 1 	 0.0002
		10.605 	 -5.1473 	 -0.0015
	}
}
{volume "part6_02"
	{polyhedron}
	{bone "part6"}
	{matrix34
		-0.0171 	 -0.9999 	 0
		-0.0174 	 0.0003 	 -0.9998
		0.9997 	 -0.0171 	 -0.0175
		-7.4645 	 0.0848 	 0.5151
	}
}
{volume "part6_03"
	{cylinder 2.13558 32.4803}
	{bone "part6"}
	{matrix34
		0.0003 	 -1 	 -0.0002
		0 	 0.0002 	 -1
		1 	 0.0003 	 0
		17.841 	 5.527 	 -0.0617
	}
}
{volume "turret04"
	{box 19.685 17.126 7.87402}
	{bone "turret"}
	{matrix34
		1 	 0 	 0.0003
		0 	 1 	 0.0002
		-0.0003 	 -0.0002 	 1
		3.7259 	 -1.3321 	 3.8472
	}
}
{volume "turret05"
	{box 10.8268 5.90551 16.7323}
	{bone "turret"}
	{matrix34
		1 	 0 	 0.0003
		0 	 1 	 0.0002
		-0.0003 	 -0.0002 	 1
		-1.5889 	 11.2835 	 3.0941
	}
}
{volume "turret06"
	{polyhedron}
	{bone "turret"}
	{matrix34
		1 	 0 	 0.0003
		0 	 0.9744 	 -0.2247
		-0.0003 	 0.2247 	 0.9744
		-3.078 	 6.8086 	 8.4967
	}
}
{volume "turret08"
	{cylinder 2.3622 5.90551}
	{bone "turret"}
	{matrix34
		1 	 0 	 0.0003
		-0.0003 	 -0.0002 	 1
		0 	 -1 	 -0.0002
		7.3306 	 -9.279 	 13.9938
	}
}
{volume "turret09"
	{polyhedron}
	{bone "turret"}
	{matrix34
		1 	 0 	 0.0003
		0 	 0.9396 	 0.3422
		-0.0003 	 -0.3422 	 0.9396
		-3.078 	 -6.3144 	 8.4937
	}
}
