;Exported by:	 tolokolnikova
;Date:			 27.06.2017 14:26:04
;File:			 D:\gem2\gem2-mdl-soldiers\models\building\shed_village_001\villige_fort_x.max
{skeleton
	{bone "shed_village_piece_003_point"
		{orientation
			1 	 0 	 0
			0 	 -1 	 0
			0 	 0 	 1
		}
		{bone "sub_piece06"
			{matrix34
				0 	 -1 	 0
				1 	 0 	 0
				0 	 0 	 1
				-10.7965 	 17.8566 	 -7.7509
			}
			{poly "sub_piece06"}
		}
		{bone "piece01"
			{matrix34
				0 	 -1 	 0
				1 	 0 	 0
				0 	 0 	 1
				-10.7965 	 13.4164 	 -14.8694
			}
			{poly "piece01"}
		}
		{bone "sub_piece05"
			{matrix34
				0 	 -1 	 0
				1 	 0 	 0
				0 	 0 	 1
				-10.8119 	 0.2256 	 -12.4373
			}
			{poly "sub_piece05"}
		}
		{bone "piece02"
			{matrix34
				0 	 -1 	 0
				1 	 0 	 0
				0 	 0 	 1
				-10.8059 	 -13.5366 	 -14.1021
			}
			{poly "piece02"}
		}
		{bone "sub_piece04"
			{matrix34
				0 	 -1 	 0
				1 	 0 	 0
				0 	 0 	 1
				-10.903 	 -17.6396 	 -4.1255
			}
			{poly "sub_piece04"}
		}
		{bone "sub_piece03"
			{matrix34
				0 	 -1 	 0
				1 	 0 	 0
				0 	 0 	 1
				-10.8119 	 -12.4116 	 7.1251
			}
			{poly "sub_piece03"}
		}
		{bone "sub_piece02"
			{matrix34
				0 	 -1 	 0
				1 	 0 	 0
				0 	 0 	 1
				-10.7843 	 1.578 	 6.3585
			}
			{poly "sub_piece02"}
		}
		{bone "sub_piece01"
			{matrix34
				0.4226 	 0 	 -0.9063
				0 	 1 	 0
				0.9063 	 0 	 0.4226
				-2.428 	 12.2826 	 18.5759
			}
			{poly "sub_piece01"}
		}
		{bone "piece04"
			{matrix34
				0 	 1 	 0
				-0.4226 	 0 	 0.9063
				-0.9063 	 0 	 -0.4226
				-4.5791 	 0.1293 	 19.1293
			}
			{poly "piece04"}
		}
		{bone "piece05"
			{matrix34
				0 	 1 	 0
				-0.4226 	 0 	 0.9063
				-0.9063 	 0 	 -0.4226
				15.4803 	 7.4338 	 28.4831
			}
			{poly "piece05"}
		}
		{bone "piece03"
			{matrix34
				0 	 -1 	 0
				1 	 0 	 0
				0 	 0 	 1
				-10.8709 	 15.932 	 2.3573
			}
			{poly "piece03"}
		}
		{bone "shed_village_piece_003"
			{Position 0 	 0 	 0}
			{poly "shed_village_piece_003"}
		}
		{bone revolute "attach1"
			{matrix34
				-1 	 0 	 0
				0 	 -1 	 0
				0 	 0 	 1
				4.0135 	 -0.5068 	 -39.315
			}
		}
		{bone revolute "attach2"
			{matrix34
				-1 	 0 	 0
				0 	 -1 	 0
				0 	 0 	 1
				4.0135 	 13.8867 	 -39.315
			}
		}
		{bone "debris_land_001"
			{parameters "commonmesh;land;ground;"}
			{Position -22.1948 	 3.4479 	 -39.3024}
			{poly "debris_land_001" {ground}}
		}
		{bone "fort_wall"
			{matrix34
				0 	 1 	 0
				-1 	 0 	 0
				0 	 0 	 1
				-19.0389 	 11.4561 	 -33.6922
			}
		}
		{bone "stones_001"
			{parameters "commonmesh;land;ground;"}
			{Position -22.1814 	 3.4479 	 -39.3024}
			{poly "stones_001" {ground}}
		}
	}
}
{volume "piece01"
	{box 5.90551 16.2003 8.8938}
	{bone "piece01"}
	{matrix34
		0 	 1 	 0
		-1 	 0 	 0
		0 	 0 	 1
		0.1368 	 -0.0221 	 0.1712
	}
}
{volume "piece02"
	{box 5.90551 16.2003 9.99304}
	{bone "piece02"}
	{matrix34
		0 	 1 	 0
		-1 	 0 	 0
		0 	 0 	 1
		-0.0055 	 -0.0128 	 -0.2678
	}
}
{volume "piece03"
	{box 5.90551 8.58617 12.8071}
	{bone "piece03"}
	{matrix34
		0 	 1 	 0
		-0.9659 	 0 	 0.2588
		0.2588 	 0 	 0.9659
		0.1683 	 0.0523 	 -0.6115
	}
}
{volume "piece04"
	{box 19.3622 29.2655 1.1811}
	{bone "piece04"}
	{matrix34
		0 	 0 	 -1
		0.9988 	 -0.0491 	 0
		0.0491 	 0.9988 	 0
		-0.076 	 -0.0784 	 0
	}
}
{volume "piece05"
	{box 23.0198 14.9116 1.1811}
	{bone "piece05"}
	{matrix34
		0 	 0 	 -1
		0.9988 	 -0.0491 	 0
		0.0491 	 0.9988 	 0
		0.027 	 -0.0784 	 -0.181
	}
}
{volume "sub_piece01"
	{box 33.7052 1.9685 1.9685}
	{bone "sub_piece01"}
	{matrix34
		0 	 0 	 1
		0 	 1 	 0
		-1 	 0 	 0
		-0.1382 	 0.0053 	 -0.4879
	}
}
{volume "sub_piece02"
	{box 5.90551 7.98877 5.68287}
	{bone "sub_piece02"}
	{matrix34
		0 	 1 	 0
		-0.8192 	 0 	 0.5736
		0.5736 	 0 	 0.8192
		0.1969 	 -0.0343 	 -0.3426
	}
}
{volume "sub_piece03"
	{box 5.90551 8.95114 5.64485}
	{bone "sub_piece03"}
	{matrix34
		0 	 1 	 0
		-0.9397 	 0 	 -0.342
		-0.342 	 0 	 0.9397
		-0.3207 	 -0.0893 	 0.3214
	}
}
{volume "sub_piece04"
	{box 5.90551 6.78117 6.641}
	{bone "sub_piece04"}
	{matrix34
		0 	 1 	 0
		-1 	 0 	 0
		0 	 0 	 1
		-0.335 	 0.0018 	 -0.2489
	}
}
{volume "sub_piece05"
	{box 5.90551 9.28927 5.06947}
	{bone "sub_piece05"}
	{matrix34
		0 	 1 	 0
		-1 	 0 	 0
		0 	 0 	 1
		0.1032 	 -0.0067 	 0.1064
	}
}
{volume "sub_piece06"
	{box 5.90551 6.48013 5.06947}
	{bone "sub_piece06"}
	{matrix34
		0 	 1 	 0
		-1 	 0 	 0
		0 	 0 	 1
		-0.1355 	 -0.0221 	 0.152
	}
}
{volume "target_vol_001"
	{box 9.84252 11.811 15.6501}
	{bone "shed_village_piece_003_point"}
	{matrix34
		-1 	 0 	 0
		0 	 -1 	 0
		0 	 0 	 1
		-10.3553 	 13.8867 	 -15.4874
	}
}
{volume "target_vol_002"
	{box 9.84252 11.811 15.6501}
	{bone "shed_village_piece_003_point"}
	{matrix34
		-1 	 0 	 0
		0 	 -1 	 0
		0 	 0 	 1
		-10.3553 	 -0.5068 	 -15.4874
	}
}
{volume "vol_01"
	{box 6.31434 45.5731 18.6685}
	{bone "shed_village_piece_003"}
	{Position -10.8658 	 0.1543 	 -29.9682}
}
