;Exported by	: KobaA
;Date			: 28.12.2023 15:33:31
;File			: d:\git\gem2-mdl-soldiers\models\entourage\bower\bower.max
{skeleton
	{bone "bower1_basis_piece01"
		{orientation
			1 	 0 	 0
			0 	 -1 	 0
			0 	 0 	 1
		}
		{poly "bower1_basis_piece01"}
		{bone "lamp_glass1"
			{Position -25.0353 	 -5.7566 	 3.5801}
			{poly "lamp_glass1"}
		}
		{bone "lamp_light_point1"
			{Position -25.0353 	 -5.7566 	 3.5801}
			{poly "lamp_light_point1"}
		}
		{bone "lamp_light_spot1"
			{matrix34
				0 	 0 	 -1
				0 	 1 	 0
				1 	 0 	 0
				-25.0353 	 -5.7566 	 3.5801
			}
		}
		{bone "light_point"
			{matrix34
				0 	 0 	 -1
				0 	 1 	 0
				1 	 0 	 0
				-25.0353 	 -5.7566 	 3.5801
			}
		}
	}
}
{"volumes"
	{"body01"
		{box 10.1785 10.4293 61.6142}
		{bone "bower1_basis_piece01"}
		{matrix34
			0.866 	 -0.5 	 0
			0.5 	 0.866 	 0
			0 	 0 	 1
			-2.4045 	 33.2696 	 -22.901
		}
	}
	{"body02"
		{box 10.1785 9.4506 61.6142}
		{bone "bower1_basis_piece01"}
		{Position 19.8546 	 -5.6225 	 -22.901}
	}
	{"body03"
		{box 43.0482 7.23737 23.7598}
		{bone "bower1_basis_piece01"}
		{matrix34
			0.5 	 -0.866 	 0
			0.866 	 0.5 	 0
			0 	 0 	 1
			10.4783 	 16.0719 	 -41.8282
		}
	}
	{"body04"
		{box 43.0482 7.23737 23.7598}
		{bone "bower1_basis_piece01"}
		{matrix34
			0.5 	 0.866 	 0
			-0.866 	 0.5 	 0
			0 	 0 	 1
			10.9356 	 -26.5558 	 -41.8282
		}
	}
	{"body05"
		{polyhedron}
		{bone "bower1_basis_piece01"}
		{matrix34
			-1 	 0 	 0
			0 	 -0.866 	 0.5
			0 	 0.5 	 0.866
			-25.0197 	 21.5759 	 22.3434
		}
	}
	{"body06"
		{polyhedron}
		{bone "bower1_basis_piece01"}
		{matrix34
			-0.5 	 0.866 	 0
			-0.75 	 -0.433 	 0.5
			0.433 	 0.25 	 0.866
			-1.6445 	 7.7212 	 22.4448
		}
	}
	{"body07"
		{polyhedron}
		{bone "bower1_basis_piece01"}
		{matrix34
			0.5 	 0.866 	 0
			-0.75 	 0.433 	 0.5
			0.433 	 -0.25 	 0.866
			-1.6941 	 -19.9721 	 22.1512
		}
	}
	{"lamp1"
		{polyhedron}
		{bone "bower1_basis_piece01"}
		{Position -25.0476 	 -5.7566 	 0.4177}
	}
}
