;Exported by	: KobaA
;Date			: 12.03.2024 14:19:03
;File			: d:\git\gem2-mdl-soldiers\models\entourage\railway\trainstation\station003_x.max
{skeleton
	{bone "station003_piece_004_x"
		{orientation
			1 	 0 	 0
			0 	 -1 	 0
			0 	 0 	 1
		}
		{bone "piece01"
			{matrix34
				0.9238 	 0.3828 	 0
				-0.3828 	 0.9238 	 0
				0 	 0 	 1
				1.8398 	 3.8471 	 0.0517
			}
			{poly "piece01"}
		}
		{bone "piece02"
			{matrix34
				-1 	 0.0017 	 0
				-0.0017 	 -0.972 	 0.2351
				0.0004 	 0.2351 	 0.972
				-11.0166 	 23.2843 	 16.399
			}
			{poly "piece02"}
		}
		{bone "piece03"
			{matrix34
				1 	 -0.0017 	 0
				0.0017 	 0.972 	 0.2351
				-0.0004 	 -0.2351 	 0.972
				-7.9822 	 -17.6336 	 18.1514
			}
			{poly "piece03"}
		}
		{bone "sub_piece01"
			{Position -27.0405 	 -0.6053 	 20.37}
			{poly "sub_piece01"}
		}
		{bone "sub_piece02"
			{matrix34
				0.3828 	 -0.9238 	 0
				0.9238 	 0.3828 	 0
				0 	 0 	 1
				1.44 	 -20.8942 	 -3.4871
			}
			{poly "sub_piece02"}
		}
		{bone "sub_piece03"
			{matrix34
				0.3828 	 -0.9238 	 0
				0.9238 	 0.3828 	 0
				0 	 0 	 1
				1.1436 	 -13.2727 	 9.7209
			}
			{poly "sub_piece03"}
		}
	}
}
{"volumes"
	{"piece01"
		{box 16.8554 5.90551 12.8104}
		{bone "piece01"}
		{matrix34
			0.3828 	 0.9238 	 0
			-0.9238 	 0.3828 	 0
			0 	 0 	 1
			0 	 0 	 0.0261
		}
	}
	{"piece02"
		{box 19.8865 27.5481 0.914963}
		{bone "piece02"}
		{matrix34
			-1 	 -0.0017 	 0
			0.0017 	 -1 	 -0.007
			0 	 -0.007 	 1
			-0.0226 	 1.2808 	 0.0056
		}
	}
	{"piece03"
		{box 19.8865 27.5481 0.914963}
		{bone "piece03"}
		{matrix34
			-1 	 -0.0017 	 0
			0.0017 	 -1 	 -0.007
			0 	 -0.007 	 1
			-0.0226 	 1.2808 	 0.0056
		}
	}
	{"sub_piece01"
		{box 49.0979 0.984252 2.95276}
		{bone "sub_piece01"}
		{Position 0.3393 	 0 	 0}
	}
	{"sub_piece02"
		{box 11.0764 5.90551 10.9079}
		{bone "sub_piece02"}
		{matrix34
			-0.9238 	 0.3828 	 0
			-0.3828 	 -0.9238 	 0
			0 	 0 	 1
			0 	 0 	 -0.2511
		}
	}
	{"sub_piece03"
		{box 11.0764 5.90551 10.9079}
		{bone "sub_piece03"}
		{matrix34
			-0.9238 	 0.3828 	 0
			-0.3828 	 -0.9238 	 0
			0 	 0 	 1
			0 	 0 	 -0.2511
		}
	}
}
