;Exported by: butyvsky
;Date:        Mon Nov 19 14:02:06 2007
;File:        D:\-Projects-\-3D Work-\canon\4xmaxim\maxim4x.max
{Skeleton
	{bone "basis"
		{Orientation
			1	0	0
			0	-1	0
			0	0	1
		}
		{bone "body"
			{parameters "ID=body;"}
			{animation
				{sequence "repair" {file "body_r"}{speed 0.5}}
			}
			{Position 0.414825	0	0.509}
			{poly "body"}
			{bone revolute "turret"
				{parameters "ID=turret;"}
				{speed 0.05}
				{Position -0.0942252	-0.0077724	19.7863}
				{poly "turret"}
				{bone revolute "gun_rot"
					{parameters "ID=gun;"}
					{limits -45 10}
					{speed 0.02}
					{Matrix34
						1	0	0
						0	0	-1
						0	1	0
						-3.79286	-0.653024	5.57984
					}
					{poly "gun_rot"}
					{bone "gun1"
						{parameters "ID=gun;"}
						{Matrix34
							0	-1	0
							0	0	-1
							1	0	0
							0.163898	-5.27146	6.37976
						}
						{poly "gun1"}
						{bone "shooter01"
							{Matrix34
								0	-0.00872647	0.999962
								0	-0.999962	-0.00872647
								1	0	0
								-1.01068	-0.15785	14.7362
							}
						}
					}
					{bone "gun2"
						{parameters "ID=gun;"}
						{Matrix34
							0	-1	0
							0	0	-1
							1	0	0
							0.163898	-5.27146	2.51908
						}
						{poly "gun2"}
						{bone "shooter03"
							{Matrix34
								0	-0.00872647	0.999962
								-1.35014e-005	-0.999962	-0.00872647
								1	-1.3503e-005	0
								-0.890231	-0.0277628	14.6975
							}
						}
					}
					{bone "gun3"
						{parameters "ID=gun;"}
						{Matrix34
							0	-1	0
							0	0	-1
							1	0	0
							0.163898	-5.27146	-1.34159
						}
						{poly "gun3"}
						{bone "shooter00"
							{Matrix34
								0	-0.00872644	0.999962
								0	-0.999962	-0.00872644
								-1	0	0
								-0.986056	-0.15785	14.7362
							}
						}
					}
					{bone "gun4"
						{parameters "ID=gun;"}
						{Matrix34
							0	-1	0
							0	0	-1
							1	0	0
							0.1639	-5.27147	-5.20226
						}
						{poly "gun4"}
						{bone "shooter02"
							{Matrix34
								0	-0.00872662	0.999962
								0	-0.999962	-0.00872662
								-1	0	0
								-0.865577	-0.0277634	14.6975
							}
						}
					}
					{bone "fxshell4"
						{Matrix34
							0	0.965926	-0.258819
							-1	0	0
							0	-0.258819	-0.965926
							-4.18607	-4.13362	7.39546
						}
					}
					{bone "fxshell3"
						{Matrix34
							0	0.965926	-0.258819
							-1	0	0
							0	-0.258819	-0.965926
							-4.18607	-4.70555	2.88112
						}
					}
					{bone "fxshell1"
						{Matrix34
							0	-0.965926	-0.25882
							-1	0	0
							0	0.25882	-0.965926
							-2.80497	-4.26866	-6.36159
						}
					}
					{bone "fxshell2"
						{Matrix34
							0	-0.965926	-0.25882
							-1	0	0
							0	0.25882	-0.965926
							-4.01878	-4.64944	-2.47864
						}
					}
					{bone "foresight1"
						{Position 16.7873	-4.36138	0.491984}
					}
				}
				{bone "visor"
					{Position 4.42019	-0.161039	14.2608}
				}
				{bone "gunner"
					{Matrix34
						0.999999	0	-0.00134094
						0	1	5.55823e-005
						0.00134094	-5.55823e-005	0.999999
						-20.1522	-0.222031	-20.3904
					}
				}
			}
			{bone "emit1"
				{Position -44.043	-0.0254481	-0.509}
				{visibility 0}
			}
			{bone "fxfire1"
				{Matrix34
					0	0	1
					1	0	0
					0	1	0
					-1.28728	-0.078741	18.1765
				}
			}
		}
	}
}
{Volume "body"
	{Box 14.1732 14.4819 19.4801}
	{Bone "body"}
	{Position 0.347687	-0.164419	9.23107}
}
{Volume "turret"
	{Box 14.1732 14.4819 6.94152}
	{Bone "turret"}
	{Position 0.441913	-0.156648	2.75214}
}
