;Exported by	: joomb
;Date			: 13.04.2023 14:30:52
;File			: H:\git\gem2-mdl-soldiers\models\building\building_ua01\building_ua03_v2.max
{skeleton
	{bone "b_ua_03_piece10"
		{orientation
			1 	 0 	 0
			0 	 -1 	 0
			0 	 0 	 1
		}
		{poly "b_ua_03_piece10"}
		{bone "fix02"
			{Position -48.4848 	 26.0905 	 -75.4205}
		}
		{bone "fix01"
			{Position -47.1959 	 -34.7336 	 -74.9422}
		}
	}
}
{"volumes"
	{"roof01"
		{polyhedron}
		{bone "b_ua_03_piece10"}
		{matrix34
			-1 	 0 	 0
			0 	 -0.7873 	 -0.6166
			0 	 -0.6166 	 0.7873
			20.8984 	 28.1094 	 -3.0856
		}
	}
	{"roof02"
		{polyhedron}
		{bone "b_ua_03_piece10"}
		{matrix34
			-1 	 0 	 0
			0 	 -0.7873 	 -0.6166
			0 	 -0.6166 	 0.7873
			20.8984 	 44.606 	 -24.1501
		}
	}
	{"roof03"
		{polyhedron}
		{bone "b_ua_03_piece10"}
		{matrix34
			-1 	 0 	 0
			0 	 -0.7873 	 -0.6166
			0 	 -0.6166 	 0.7873
			20.8984 	 55.1989 	 -37.6762
		}
	}
	{"roof04"
		{polyhedron}
		{bone "b_ua_03_piece10"}
		{matrix34
			1 	 0 	 0
			0 	 0.7873 	 -0.6166
			0 	 0.6166 	 0.7873
			-24.6999 	 -37.7485 	 -3.0855
		}
	}
	{"roof05"
		{polyhedron}
		{bone "b_ua_03_piece10"}
		{matrix34
			1 	 0 	 0
			0 	 0.7873 	 -0.6166
			0 	 0.6166 	 0.7873
			-30.8035 	 -49.2877 	 -17.82
		}
	}
	{"roof06"
		{polyhedron}
		{bone "b_ua_03_piece10"}
		{matrix34
			1 	 0 	 0
			0 	 0.7873 	 -0.6166
			0 	 0.6166 	 0.7873
			-24.6999 	 -48.8161 	 -17.2178
		}
	}
	{"roof07"
		{polyhedron}
		{bone "b_ua_03_piece10"}
		{matrix34
			0 	 -1 	 0
			0.8703 	 0 	 -0.4926
			0.4926 	 0 	 0.8703
			-67.814 	 12.0579 	 -21.1541
		}
	}
	{"roof08"
		{polyhedron}
		{bone "b_ua_03_piece10"}
		{matrix34
			0 	 -1 	 0
			0.8703 	 0 	 -0.4926
			0.4926 	 0 	 0.8703
			-67.814 	 -18.9913 	 -21.1541
		}
	}
	{"roof09"
		{polyhedron}
		{bone "b_ua_03_piece10"}
		{matrix34
			1 	 0 	 0
			0 	 0.7873 	 -0.6166
			0 	 0.6166 	 0.7873
			-15.0077 	 -42.0849 	 -8.6227
		}
	}
}
