;Exported by	: KobaA
;Date			: 11.03.2024 16:49:47
;File			: d:\git\gem2-mdl-soldiers\models\building\ger_build_01\ger_build_05_details_x.max
{skeleton
	{bone "ger05_piece07_point"
		{orientation
			1 	 0 	 0
			0 	 -1 	 0
			0 	 0 	 1
		}
		{bone "piece01"
			{Position 24.4383 	 10.6111 	 2.2166}
			{poly "piece01"}
		}
		{bone "sub_piece05"
			{matrix34
				-1 	 0 	 0
				0 	 -1 	 0
				0 	 0 	 1
				36.5837 	 -15.2025 	 3.6538
			}
			{poly "sub_piece05"}
		}
		{bone "piece02"
			{matrix34
				-1 	 0 	 0
				0 	 -1 	 0
				0 	 0 	 1
				-30.0258 	 -15.0857 	 4.3004
			}
			{poly "piece02"}
		}
		{bone "piece04"
			{matrix34
				-1 	 0 	 0
				0 	 -1 	 0
				0 	 0 	 1
				4.0632 	 -15.1186 	 3.6755
			}
			{poly "piece04"}
		}
		{bone "piece03"
			{Position -13.5872 	 9.9397 	 3.5927}
			{poly "piece03"}
		}
	}
}
{"volumes"
	{"piece01"
		{box 39.8295 42.4684 1.9685}
		{bone "piece01"}
		{matrix34
			1 	 0 	 0
			0 	 0.6428 	 -0.766
			0 	 0.766 	 0.6428
			0 	 0.0707 	 0.0593
		}
	}
	{"piece02"
		{box 38.2601 22.9329 1.9685}
		{bone "piece02"}
		{matrix34
			1 	 0 	 0
			0 	 0.6428 	 -0.766
			0 	 0.766 	 0.6428
			0 	 -0.069 	 -0.0579
		}
	}
	{"piece03"
		{box 36.1333 38.0941 1.9685}
		{bone "piece03"}
		{matrix34
			1 	 0 	 0
			0 	 0.6428 	 -0.766
			0 	 0.766 	 0.6428
			0 	 -0.1164 	 -0.0976
		}
	}
	{"piece04"
		{box 32.2619 33.1253 1.9685}
		{bone "piece04"}
		{matrix34
			1 	 0 	 0
			0 	 0.6428 	 -0.766
			0 	 0.766 	 0.6428
			0 	 -0.045 	 -0.0378
		}
	}
	{"piece05"
		{box 29.4603 22.9329 1.9685}
		{bone "sub_piece05"}
		{matrix34
			1 	 0 	 0
			0 	 0.6428 	 -0.766
			0 	 0.766 	 0.6428
			0 	 0.1914 	 0.1606
		}
	}
}
