;Exported by	: joomb
;Date			: 06.02.2023 14:56:07
;File			: H:\git\gem2-mdl-soldiers\models\unit\vehicle\Sd_Kfz_251_17\Sdkfz_251_17.max
{skeleton
	{animation
		{sequence "stop" {speed 0.5}}
		{sequence "start" {speed 0.5}}
		{sequence "hit" {speed 0.5}}
		{sequence "open" {file "close"}{speed 0.5}{resume}}
		{sequence "doors"}
		{sequence "board" {speed 0.5} {resume}}
		{sequence "recoil" {speed 0.5}}
	}
	{bone "basis"
		{parameters "steermax=30;"}
		{orientation
			1 	 0 	 0
			0 	 -1 	 0
			0 	 0 	 1
		}
		{bone "body"
			{parameters "id=body;"}
			{animation
				{sequence "repair" {file "body_r"}{speed 0.5}}
			}
			{Position 0 	 0 	 33.3787}
			{poly "body" {lod 0}}
			{poly "body_lod1" {lod 1}}
			{poly "body_lod2" {lod 2}}
			{poly "body_lod3" {lod 3 {last}}}
			{bone "board_link_r2"
				{parameters "id=body;"}
				{Position -19.7661 	 -15.0589 	 -1.0973}
				{poly "board_link_r2" {lod 0}}
				{poly "board_link_r2_lod1" {lod 1}}
				{poly "board_link_r2_lod2" {lod 2}}
				{poly "board_link_r2_lod3" {lod 3 {last}}}
			}
			{bone "board_link_l2"
				{parameters "id=body;"}
				{Position -19.7661 	 15.0589 	 -1.0973}
				{poly "board_link_l2" {lod 0}}
				{poly "board_link_l2_lod1" {lod 1}}
				{poly "board_link_l2_lod2" {lod 2}}
				{poly "board_link_l2_lod3" {lod 3 {last}}}
			}
			{bone "boardr"
				{parameters "id=body;"}
				{Position -18.9192 	 -14.8839 	 -14.597}
				{poly "boardr" {lod 0}}
				{poly "boardr_lod1" {lod 1}}
				{poly "boardr_lod2" {lod 2}}
				{poly "boardr_lod3" {lod 3 {last}}}
				{bone "board_link_r1"
					{parameters "id=body;"}
					{matrix34
						1 	 0 	 0
						0 	 1 	 0
						0 	 0 	 1
						-22.1849 	 0.0796 	 14.2459
					}
					{poly "board_link_r1" {lod 0}}
					{poly "board_link_r1_lod1" {lod 1}}
					{poly "board_link_r1_lod2" {lod 2}}
					{poly "board_link_r1_lod3" {lod 3 {last}}}
				}
			}
			{bone "boardl"
				{parameters "id=body;"}
				{Position -18.9191 	 14.884 	 -14.597}
				{poly "boardl" {lod 0}}
				{poly "boardl_lod1" {lod 1}}
				{poly "boardl_lod2" {lod 2}}
				{poly "boardl_lod3" {lod 3 {last}}}
				{bone "board_link_l1"
					{parameters "id=body;"}
					{Position -22.1849 	 -0.0796 	 14.2459}
					{poly "board_link_l1" {lod 0}}
					{poly "board_link_l1_lod1" {lod 1}}
					{poly "board_link_l1_lod2" {lod 2}}
					{poly "board_link_l1_lod3" {lod 3 {last}}}
				}
			}
			{bone "engine"
				{parameters "id=engine;"}
				{animation
					{sequence "repair" {file "engine_r"}{speed 0.5}}
				}
				{Position 36.8924 	 0 	 -13.7834}
				{poly "engine" {lod 0}}
				{poly "engine_lod1" {lod 1}}
				{poly "engine_lod2" {lod 2}}
				{poly "engine_lod3" {lod 3 {last}}}
				{bone "cover1"
					{parameters "id=engine;"}
					{matrix34
						0.9776 	 0.1734 	 -0.1192
						-0.171 	 0.9848 	 0.0302
						0.1227 	 -0.0091 	 0.9924
						-3.3373 	 -8.9705 	 8.1485
					}
					{poly "cover1" {lod 0}}
					{poly "cover1_lod1" {lod 1}}
					{poly "cover1_lod2" {lod 2}}
					{poly "cover1_lod3" {lod 3 {last}}}
				}
				{bone "cover2"
					{parameters "id=engine;"}
					{matrix34
						0.9776 	 -0.1733 	 -0.1193
						0.1706 	 0.9848 	 -0.0329
						0.1232 	 0.0118 	 0.9923
						-3.3805 	 8.9956 	 8.1539
					}
					{poly "cover2" {lod 0}}
					{poly "cover2_lod1" {lod 1}}
					{poly "cover2_lod2" {lod 2}}
					{poly "cover2_lod3" {lod 3 {last}}}
				}
				{bone "fxfire1"
					{matrix34
						0 	 0 	 1
						0 	 1 	 0
						-1 	 0 	 0
						-3.8317 	 0.1321 	 7
					}
				}
				{bone "fxsmoke1"
					{matrix34
						-0.342 	 0.9397 	 0
						-0.9397 	 -0.342 	 0
						0 	 0 	 1
						-4.2852 	 21.1206 	 -4.8783
					}
				}
			}
			{bone "doorl"
				{parameters "id=body;"}
				{Position -54.1509 	 12.6315 	 -7.141}
				{poly "doorl" {lod 0}}
				{poly "doorl_lod1" {lod 1}}
				{poly "doorl_lod2" {lod 2}}
				{poly "doorl_lod3" {lod 3 {last}}}
			}
			{bone "doorr"
				{parameters "id=body;"}
				{Position -54.1509 	 -12.6315 	 -7.141}
				{poly "doorr" {lod 0}}
				{poly "doorr_lod1" {lod 1}}
				{poly "doorr_lod2" {lod 2}}
				{poly "doorr_lod3" {lod 3 {last}}}
			}
			{bone "hatch_r"
				{parameters "id=body;"}
				{matrix34
					0.6571 	 0 	 -0.7538
					0 	 1 	 0
					0.7538 	 0 	 0.6571
					11.6843 	 -8.054 	 -1.548
				}
				{poly "hatch_r" {lod 0}}
				{poly "hatch_r_lod1" {lod 1}}
				{poly "hatch_r_lod2" {lod 2}}
				{poly "hatch_r_lod3" {lod 3 {last}}}
			}
			{bone "hatch_l"
				{parameters "id=body;"}
				{matrix34
					0.6571 	 0 	 -0.7538
					0 	 1 	 0
					0.7538 	 0 	 0.6571
					11.6843 	 8.054 	 -1.548
				}
				{poly "hatch_l" {lod 0}}
				{poly "hatch_l_lod1" {lod 1}}
				{poly "hatch_l_lod2" {lod 2}}
				{poly "hatch_l_lod3" {lod 3 {last}}}
			}
			{bone "cover4"
				{parameters "id=body;"}
				{matrix34
					0.9998 	 0 	 0.0188
					0 	 1 	 0
					-0.0188 	 0 	 0.9998
					12.1573 	 0 	 0.6998
				}
				{poly "cover4" {lod 0}}
				{poly "cover4_lod1" {lod 1}}
				{poly "cover4_lod2" {lod 2}}
				{poly "cover4_lod3" {lod 3 {last}}}
			}
			{bone "cover3"
				{parameters "id=body;"}
				{matrix34
					0.9998 	 0 	 0.0188
					0 	 1 	 0
					-0.0188 	 0 	 0.9998
					12.1573 	 0 	 0.6998
				}
				{poly "cover3" {lod 0}}
				{poly "cover3_lod1" {lod 1}}
				{poly "cover3_lod2" {lod 2}}
				{poly "cover3_lod3" {lod 3 {last}}}
			}
			{bone revolute "wheell2"
				{parameters "id=wheelleft;support=1;radius=0.36;"}
				{matrix34
					-1 	 0 	 0
					0 	 0 	 1
					0 	 1 	 0
					23.4317 	 16.165 	 -23.8384
				}
				{poly "wheell2" {lod 0}}
				{poly "wheell2_lod1" {lod 1}}
				{poly "wheell2_lod2" {lod 2}}
				{poly "wheell2_lod3" {lod 3 {last}}}
			}
			{bone "commander"
				{matrix34
					0.9659 	 0 	 -0.2588
					0 	 1 	 0
					0.2588 	 0 	 0.9659
					17.4524 	 -6.7513 	 -24.0579
				}
			}
			{bone "driver"
				{matrix34
					0.9659 	 0 	 -0.2588
					0 	 1 	 0
					0.2588 	 0 	 0.9659
					17.4524 	 6.7716 	 -24.0579
				}
			}
			{bone "headlightr"
				{Position 59.37 	 -13.0161 	 -11.8896}
			}
			{bone "headlightl"
				{Position 59.37 	 13.0161 	 -11.8896}
			}
			{bone "link2"
				{matrix34
					-1 	 0 	 0
					0 	 -1 	 0
					0 	 0 	 1
					-52.7953 	 0 	 -21.77
				}
			}
			{bone revolute "turret"
				{parameters "id=turret;"}
				{limits -90 90}
				{speed 0.01}
				{Position -19.6563 	 -0.0001 	 -5.4713}
				{poly "turret" {lod 0}}
				{poly "turret_lod1" {lod 1}}
				{poly "turret_lod2" {lod 2}}
				{poly "turret_lod3" {lod 3 {last}}}
				{bone revolute "gun_rot"
					{parameters "id=gun;"}
					{limits -12 90}
					{speed 0.08}
					{matrix34
						1 	 0 	 0
						0 	 0 	 1
						0 	 -1 	 0
						7.0408 	 0.0494 	 11.1153
					}
					{poly "gun_rot" {lod 0}}
					{poly "gun_rot_lod1" {lod 1}}
					{poly "gun_rot_lod2" {lod 2}}
					{poly "gun_rot_lod3" {lod 3 {last}}}
					{bone "gun"
						{parameters "id=gun;"}
						{Position 0 	 0 	 0}
						{poly "gun" {lod 0}}
						{poly "gun_lod1" {lod 1}}
						{poly "gun_lod2" {lod 2}}
						{poly "gun_lod3" {lod 3 {last}}}
						{bone "gun_magazine"
							{parameters "id=gun;"}
							{Position 0.3767 	 0.282 	 -0.8106}
							{poly "gun_magazine" {lod 0}}
							{poly "gun_magazine_lod1" {lod 1}}
							{poly "gun_magazine_lod2" {lod 2}}
							{poly "gun_magazine_lod3" {lod 3 {last}}}
						}
						{bone "foresight1"
							{matrix34
								1 	 0 	 0
								0 	 0 	 -1
								0 	 1 	 0
								36.5738 	 0.231 	 0
							}
						}
						{bone "shooter00"
							{matrix34
								1 	 0 	 0
								0 	 0 	 -1
								0 	 1 	 0
								36.5738 	 0.231 	 0
							}
						}
					}
				}
				{bone "shield_back"
					{parameters "id=turret;"}
					{Position -0.0261 	 -8.8282 	 16.2312}
					{poly "shield_back" {lod 0}}
					{poly "shield_back_lod1" {lod 1}}
					{poly "shield_back_lod2" {lod 2}}
					{poly "shield_back_lod3" {lod 3 {last}}}
				}
				{bone "shieldl"
					{parameters "id=turret;"}
					{Position 12.4414 	 8.1092 	 10.1671}
					{poly "shieldl" {lod 0}}
					{poly "shieldl_lod1" {lod 1}}
					{poly "shieldl_lod2" {lod 2}}
					{poly "shieldl_lod3" {lod 3 {last}}}
				}
				{bone "shieldr"
					{parameters "id=turret;"}
					{Position 12.4414 	 -8.0087 	 10.1671}
					{poly "shieldr" {lod 0}}
					{poly "shieldr_lod1" {lod 1}}
					{poly "shieldr_lod2" {lod 2}}
					{poly "shieldr_lod3" {lod 3 {last}}}
				}
				{bone "visor1"
					{parameters "vis;"}
					{Position 11.1963 	 -9.3071 	 16.4144}
				}
				{bone "gunner"
					{matrix34
						0.9848 	 0 	 0.1736
						0 	 1 	 0
						-0.1736 	 0 	 0.9848
						-6.1119 	 -8.6974 	 -12.7771
					}
				}
				{bone "charger"
					{Position -16.0671 	 6.6701 	 -9.188}
				}
			}
			{bone "visor2"
				{Position 15.0508 	 7.8371 	 -0.7541}
			}
			{bone "visor3"
				{Position -7.6932 	 0.1203 	 16.5173}
			}
			{bone revolute "wheelr2"
				{parameters "id=wheelright;support=1;radius=0.36;"}
				{matrix34
					-1 	 0 	 0
					0 	 0 	 1
					0 	 1 	 0
					23.4317 	 -16.165 	 -23.8384
				}
				{poly "wheelr2" {lod 0}}
				{poly "wheelr2_lod1" {lod 1}}
				{poly "wheelr2_lod2" {lod 2}}
				{poly "wheelr2_lod3" {lod 3 {last}}}
			}
			{bone "fxstop1"
				{matrix34
					-1 	 0 	 0
					0 	 -1 	 0
					0 	 0 	 1
					-45.5674 	 -18.6554 	 -13.8365
				}
			}
			{bone "fxstop2"
				{matrix34
					-1 	 0 	 0
					0 	 -1 	 0
					0 	 0 	 1
					-45.5674 	 18.3321 	 -13.8365
				}
			}
			{bone "pivot_back"
				{Position -25.3746 	 0 	 -27.9874}
				{bone "spring_l"
					{Position 0 	 7.8404 	 -0.5496}
					{bone "trackl"
						{parameters "commonmesh;id=trackleft;"}
						{matrix34
							1 	 0 	 0
							0 	 0 	 1
							0 	 -1 	 0
							19.3373 	 8.9407 	 3.4853
						}
						{poly "trackl"}
					}
					{bone "fxtracel2"
						{matrix34
							-0.9397 	 0 	 0.342
							0 	 -1 	 0
							0.342 	 0 	 0.9397
							-11.7793 	 8.9986 	 -4.8418
						}
					}
					{bone revolute "rollerl3_joint"
						{limits -13 20}
						{matrix34
							1 	 0 	 0
							0 	 0 	 1
							0 	 -1 	 0
							41.5544 	 4.044 	 3.0609
						}
						{bone "suspl3"
							{parameters "id=trackleft;"}
							{poly "suspl3" {lod 0}}
							{poly "suspl3" {lod 1}}
							{poly "suspl3" {lod 2}}
							{poly "suspl3" {lod 3 {last}}}
							{bone "rollerl3"
								{parameters "radius=0.36;"}
								{matrix34
									1 	 0 	 0
									0 	 0 	 -1
									0 	 1 	 0
									-5.5162 	 -0.5319 	 -5.405
								}
								{bone revolute "wheell3"
									{parameters "id=trackleft;radius=0.36;"}
									{matrix34
										-1 	 0 	 0
										0 	 0 	 1
										0 	 1 	 0
										-0.0104 	 -1.1244 	 0.0006
									}
									{poly "wheell3" {lod 0}}
									{poly "wheell3_lod1" {lod 1}}
									{poly "wheell3_lod2" {lod 2}}
									{poly "wheell3_lod3" {lod 3 {last}}}
								}
							}
						}
					}
					{bone revolute "rollerl4_joint"
						{limits -13 20}
						{matrix34
							1 	 0 	 0
							0 	 0 	 1
							0 	 -1 	 0
							34.2207 	 4.044 	 3.0609
						}
						{bone "suspl4"
							{parameters "id=trackleft;"}
							{Position 0 	 0 	 0}
							{poly "suspl3" {lod 0}}
							{poly "suspl3" {lod 1}}
							{poly "suspl3" {lod 2}}
							{poly "suspl3" {lod 3 {last}}}
							{bone "rollerl4"
								{parameters "radius=0.36;"}
								{matrix34
									1 	 0 	 0
									0 	 0 	 -1
									0 	 1 	 0
									-5.3738 	 -0.5886 	 -5.0479
								}
								{bone revolute "wheell4"
									{parameters "id=trackleft;radius=0.36;"}
									{matrix34
										-1 	 0 	 0
										0 	 0 	 1
										0 	 1 	 0
										0.1017 	 -0.7673 	 0.0006
									}
									{poly "wheell4" {lod 0}}
									{poly "wheell4_lod1" {lod 1}}
									{poly "wheell4_lod2" {lod 2}}
									{poly "wheell4_lod3" {lod 3 {last}}}
								}
							}
						}
					}
					{bone revolute "rollerl5_joint"
						{limits -13 20}
						{matrix34
							1 	 0 	 0
							0 	 0 	 1
							0 	 -1 	 0
							26.9137 	 4.044 	 3.0609
						}
						{bone "suspl5"
							{parameters "id=trackleft;"}
							{Position 0 	 0 	 0}
							{poly "suspl3" {lod 0}}
							{poly "suspl3" {lod 1}}
							{poly "suspl3" {lod 2}}
							{poly "suspl3" {lod 3 {last}}}
							{bone "rollerl5"
								{parameters "radius=0.36;"}
								{matrix34
									1 	 0 	 0
									0 	 0 	 -1
									0 	 1 	 0
									-5.5162 	 -0.5319 	 -5.405
								}
								{bone revolute "wheell5"
									{parameters "id=trackleft;radius=0.36;"}
									{matrix34
										-1 	 0 	 0
										0 	 0 	 1
										0 	 1 	 0
										0.0219 	 -1.1243 	 0.0006
									}
									{poly "wheell5" {lod 0}}
									{poly "wheell5_lod1" {lod 1}}
									{poly "wheell5_lod2" {lod 2}}
									{poly "wheell5_lod3" {lod 3 {last}}}
								}
							}
						}
					}
					{bone revolute "rollerl6_joint"
						{limits -13 20}
						{matrix34
							1 	 0 	 0
							0 	 0 	 1
							0 	 -1 	 0
							19.5704 	 4.044 	 3.0609
						}
						{bone "suspl6"
							{parameters "id=trackleft;"}
							{Position 0 	 0 	 0}
							{poly "suspl3" {lod 0}}
							{poly "suspl3" {lod 1}}
							{poly "suspl3" {lod 2}}
							{poly "suspl3" {lod 3 {last}}}
							{bone "rollerl6"
								{parameters "radius=0.36;"}
								{matrix34
									1 	 0 	 0
									0 	 0 	 -1
									0 	 1 	 0
									-5.3658 	 -0.5886 	 -5.0479
								}
								{bone revolute "wheell6"
									{parameters "id=trackleft;radius=0.36;"}
									{matrix34
										1 	 0 	 0
										0 	 0 	 -1
										0 	 1 	 0
										0 	 -0.7673 	 0
									}
									{poly "wheell6" {lod 0}}
									{poly "wheell6_lod1" {lod 1}}
									{poly "wheell6_lod2" {lod 2}}
									{poly "wheell6_lod3" {lod 3 {last}}}
								}
							}
						}
					}
					{bone revolute "rollerl7_joint"
						{limits -13 20}
						{matrix34
							1 	 0 	 0
							0 	 0 	 1
							0 	 -1 	 0
							12.2209 	 4.044 	 3.0609
						}
						{bone "suspl7"
							{parameters "id=trackleft;"}
							{Position 0 	 0 	 0}
							{poly "suspl3" {lod 0}}
							{poly "suspl3" {lod 1}}
							{poly "suspl3" {lod 2}}
							{poly "suspl3" {lod 3 {last}}}
							{bone "rollerl7"
								{parameters "radius=0.36;"}
								{matrix34
									1 	 0 	 0
									0 	 0 	 -1
									0 	 1 	 0
									-5.5162 	 -0.5319 	 -5.405
								}
								{bone revolute "wheell7"
									{parameters "id=trackleft;radius=0.36;"}
									{matrix34
										-1 	 0 	 0
										0 	 0 	 1
										0 	 1 	 0
										0.0408 	 -1.1243 	 0.0006
									}
									{poly "wheell7" {lod 0}}
									{poly "wheell7_lod1" {lod 1}}
									{poly "wheell7_lod2" {lod 2}}
									{poly "wheell7_lod3" {lod 3 {last}}}
								}
							}
						}
					}
					{bone revolute "rollerl8_joint"
						{limits -13 20}
						{matrix34
							1 	 0 	 0
							0 	 0 	 1
							0 	 -1 	 0
							4.8774 	 4.044 	 3.0609
						}
						{bone "suspl8"
							{parameters "id=trackleft;"}
							{Position 0 	 0 	 0}
							{poly "suspl3" {lod 0}}
							{poly "suspl3" {lod 1}}
							{poly "suspl3" {lod 2}}
							{poly "suspl3" {lod 3 {last}}}
							{bone "rollerl8"
								{parameters "radius=0.36;"}
								{matrix34
									1 	 0 	 0
									0 	 0 	 -1
									0 	 1 	 0
									-5.4608 	 -0.5886 	 -5.0479
								}
								{bone revolute "wheell8"
									{parameters "id=trackleft;radius=0.36;"}
									{matrix34
										-1 	 0 	 0
										0 	 0 	 1
										0 	 1 	 0
										-0.0308 	 -0.7673 	 0.0006
									}
									{poly "wheell8" {lod 0}}
									{poly "wheell8_lod1" {lod 1}}
									{poly "wheell8_lod2" {lod 2}}
									{poly "wheell8_lod3" {lod 3 {last}}}
								}
							}
						}
					}
					{bone revolute "rollerl9_joint"
						{limits -13 20}
						{matrix34
							1 	 0 	 0
							0 	 0 	 1
							0 	 -1 	 0
							-10.4406 	 5.4346 	 5.0512
						}
						{bone "suspl9"
							{parameters "id=trackleft;"}
							{poly "suspl9" {lod 0}}
							{poly "suspl9" {lod 1}}
							{poly "suspl9" {lod 2}}
							{poly "suspl9" {lod 3 {last}}}
							{bone "rollerl9"
								{parameters "radius=0.36;"}
								{matrix34
									1 	 0 	 0
									0 	 0 	 -1
									0 	 1 	 0
									0.5163 	 -2.0196 	 -2.89
								}
								{bone revolute "wheell9"
									{parameters "id=trackleft;radius=0.36;"}
									{matrix34
										-1 	 0 	 0
										0 	 0 	 1
										0 	 1 	 0
										0 	 0 	 0
									}
									{poly "wheell9" {lod 0}}
									{poly "wheell9_lod1" {lod 1}}
									{poly "wheell9_lod2" {lod 2}}
									{poly "wheell9_lod3" {lod 3 {last}}}
								}
							}
						}
					}
				}
				{bone "spring_r"
					{Position 0 	 -7.8404 	 -0.5496}
					{bone "fxtracer2"
						{matrix34
							-0.9397 	 0 	 0.342
							0 	 -1 	 0
							0.342 	 0 	 0.9397
							-11.7793 	 -8.9986 	 -4.8418
						}
					}
					{bone "trackr"
						{parameters "commonmesh;id=trackright;"}
						{matrix34
							1 	 0 	 0
							0 	 0 	 1
							0 	 -1 	 0
							19.3373 	 -8.9407 	 3.4853
						}
						{poly "trackr"}
					}
					{bone revolute "rollerr3_joint"
						{limits -13 20}
						{matrix34
							1 	 0 	 0
							0 	 0 	 1
							0 	 -1 	 0
							41.5543 	 -4.044 	 3.0609
						}
						{bone "suspr3"
							{parameters "id=trackright;"}
							{Position 0 	 0 	 0}
							{poly "suspr3" {lod 0}}
							{poly "suspr3" {lod 1}}
							{poly "suspr3" {lod 2}}
							{poly "suspr3" {lod 3 {last}}}
							{bone "rollerr3"
								{parameters "radius=0.36;"}
								{matrix34
									1 	 0 	 0
									0 	 0 	 -1
									0 	 1 	 0
									-5.5162 	 -0.5319 	 5.405
								}
								{bone revolute "wheelr3"
									{parameters "id=trackright;radius=0.36;"}
									{matrix34
										-1 	 0 	 0
										0 	 0 	 1
										0 	 1 	 0
										0.0104 	 1.1244 	 0.0006
									}
									{poly "wheelr3" {lod 0}}
									{poly "wheelr3_lod1" {lod 1}}
									{poly "wheelr3_lod2" {lod 2}}
									{poly "wheelr3_lod3" {lod 3 {last}}}
								}
							}
						}
					}
					{bone revolute "rollerr4_joint"
						{limits -13 20}
						{matrix34
							1 	 0 	 0
							0 	 0 	 1
							0 	 -1 	 0
							34.2206 	 -4.044 	 3.0609
						}
						{bone "suspr4"
							{parameters "id=trackright;"}
							{poly "suspr3" {lod 0}}
							{poly "suspr3" {lod 1}}
							{poly "suspr3" {lod 2}}
							{poly "suspr3" {lod 3 {last}}}
							{bone "rollerr4"
								{parameters "radius=0.36;"}
								{matrix34
									1 	 0 	 0
									0 	 0 	 -1
									0 	 1 	 0
									-5.3738 	 -0.5886 	 5.0479
								}
								{bone revolute "wheelr4"
									{parameters "id=trackright;radius=0.36;"}
									{matrix34
										-1 	 0 	 0
										0 	 0 	 1
										0 	 1 	 0
										-0.1016 	 0.7673 	 0.0006
									}
									{poly "wheelr4" {lod 0}}
									{poly "wheelr4_lod1" {lod 1}}
									{poly "wheelr4_lod2" {lod 2}}
									{poly "wheelr4_lod3" {lod 3 {last}}}
								}
							}
						}
					}
					{bone revolute "rollerr5_joint"
						{limits -13 20}
						{matrix34
							1 	 0 	 0
							0 	 0 	 1
							0 	 -1 	 0
							26.9137 	 -4.044 	 3.0609
						}
						{bone "suspr5"
							{parameters "id=trackright;"}
							{Position 0 	 0 	 0}
							{poly "suspr3" {lod 0}}
							{poly "suspr3" {lod 1}}
							{poly "suspr3" {lod 2}}
							{poly "suspr3" {lod 3 {last}}}
							{bone "rollerr5"
								{parameters "radius=0.36;"}
								{matrix34
									1 	 0 	 0
									0 	 0 	 -1
									0 	 1 	 0
									-5.5162 	 -0.5319 	 5.405
								}
								{bone revolute "wheelr5"
									{parameters "id=trackright;radius=0.36;"}
									{matrix34
										-1 	 0 	 0
										0 	 0 	 1
										0 	 1 	 0
										-0.0219 	 1.1244 	 0.0006
									}
									{poly "wheelr5" {lod 0}}
									{poly "wheelr5_lod1" {lod 1}}
									{poly "wheelr5_lod2" {lod 2}}
									{poly "wheelr5_lod3" {lod 3 {last}}}
								}
							}
						}
					}
					{bone revolute "rollerr6_joint"
						{limits -13 20}
						{matrix34
							1 	 0 	 0
							0 	 0 	 1
							0 	 -1 	 0
							19.5704 	 -4.044 	 3.0609
						}
						{bone "suspr6"
							{parameters "id=trackright;"}
							{Position 0 	 0 	 0}
							{poly "suspr3" {lod 0}}
							{poly "suspr3" {lod 1}}
							{poly "suspr3" {lod 2}}
							{poly "suspr3" {lod 3 {last}}}
							{bone "rollerr6"
								{parameters "radius=0.36;"}
								{matrix34
									1 	 0 	 0
									0 	 0 	 -1
									0 	 1 	 0
									-5.3658 	 -0.5886 	 5.048
								}
								{bone revolute "wheelr6"
									{parameters "id=trackright;radius=0.36;"}
									{matrix34
										-1 	 0 	 0
										0 	 0 	 1
										0 	 1 	 0
										0.1118 	 0.7673 	 0.0006
									}
									{poly "wheelr6" {lod 0}}
									{poly "wheelr6_lod1" {lod 1}}
									{poly "wheelr6_lod2" {lod 2}}
									{poly "wheelr6_lod3" {lod 3 {last}}}
								}
							}
						}
					}
					{bone revolute "rollerr7_joint"
						{limits -13 20}
						{matrix34
							1 	 0 	 0
							0 	 0 	 1
							0 	 -1 	 0
							12.2208 	 -4.044 	 3.0609
						}
						{bone "suspr7"
							{parameters "id=trackright;"}
							{Position 0 	 0 	 0}
							{poly "suspr3" {lod 0}}
							{poly "suspr3" {lod 1}}
							{poly "suspr3" {lod 2}}
							{poly "suspr3" {lod 3 {last}}}
							{bone "rollerr7"
								{parameters "radius=0.36;"}
								{matrix34
									1 	 0 	 0
									0 	 0 	 -1
									0 	 1 	 0
									-5.5162 	 -0.5319 	 5.405
								}
								{bone revolute "wheelr7"
									{parameters "id=trackright;radius=0.36;"}
									{matrix34
										-1 	 0 	 0
										0 	 0 	 1
										0 	 1 	 0
										-0.0408 	 1.1244 	 0.0006
									}
									{poly "wheelr7" {lod 0}}
									{poly "wheelr7_lod1" {lod 1}}
									{poly "wheelr7_lod2" {lod 2}}
									{poly "wheelr7_lod3" {lod 3 {last}}}
								}
							}
						}
					}
					{bone revolute "rollerr8_joint"
						{limits -13 20}
						{matrix34
							1 	 0 	 0
							0 	 0 	 1
							0 	 -1 	 0
							4.8773 	 -4.044 	 3.0609
						}
						{bone "suspr8"
							{parameters "id=trackright;"}
							{Position 0 	 0 	 0}
							{poly "suspr3" {lod 0}}
							{poly "suspr3" {lod 1}}
							{poly "suspr3" {lod 2}}
							{poly "suspr3" {lod 3 {last}}}
							{bone "rollerr8"
								{parameters "radius=0.36;"}
								{matrix34
									1 	 0 	 0
									0 	 0 	 -1
									0 	 1 	 0
									-5.4608 	 -0.5886 	 5.0479
								}
								{bone revolute "wheelr8"
									{parameters "id=trackright;radius=0.36;"}
									{matrix34
										-1 	 0 	 0
										0 	 0 	 1
										0 	 1 	 0
										0.0308 	 0.7673 	 0.0006
									}
									{poly "wheelr8" {lod 0}}
									{poly "wheelr8_lod1" {lod 1}}
									{poly "wheelr8_lod2" {lod 2}}
									{poly "wheelr8_lod3" {lod 3 {last}}}
								}
							}
						}
					}
					{bone revolute "rollerr9_joint"
						{limits -13 20}
						{matrix34
							1 	 0 	 0
							0 	 0 	 1
							0 	 -1 	 0
							-10.4407 	 -5.4346 	 5.0512
						}
						{bone "suspr9"
							{parameters "id=trackright;"}
							{Position 0 	 0 	 0}
							{poly "suspr9" {lod 0}}
							{poly "suspr9" {lod 1}}
							{poly "suspr9" {lod 2}}
							{poly "suspr9" {lod 3 {last}}}
							{bone "rollerr9"
								{parameters "radius=0.36;"}
								{matrix34
									1 	 0 	 0
									0 	 0 	 -1
									0 	 1 	 0
									0.5162 	 -2.5217 	 2.89
								}
								{bone revolute "wheelr9"
									{parameters "id=trackright;radius=0.36;"}
									{matrix34
										-1 	 0 	 0
										0 	 0 	 1
										0 	 1 	 0
										0 	 0 	 0
									}
									{poly "wheelr9" {lod 0}}
									{poly "wheelr9_lod1" {lod 1}}
									{poly "wheelr9_lod2" {lod 2}}
									{poly "wheelr9_lod3" {lod 3 {last}}}
								}
							}
						}
					}
				}
			}
		}
		{bone "emit1"
			{parameters "group=crew;"}
			{matrix34
				0 	 -1 	 0
				1 	 0 	 0
				0 	 0 	 1
				-19.8589 	 43.9075 	 0
			}
		}
		{bone "emit2"
			{parameters "group=crew;"}
			{matrix34
				0 	 1 	 0
				-1 	 0 	 0
				0 	 0 	 1
				-19.8589 	 -43.9075 	 0
			}
		}
		{bone "emit3"
			{parameters "group=crew;"}
			{Position -75.6598 	 0 	 0}
		}
		{bone "pivot_front"
			{Position 47.9896 	 0 	 6.7695}
			{bone revolute "align_front"
				{limits -3 3}
				{speed 0.001}
				{matrix34
					0 	 0 	 1
					0 	 -1 	 0
					1 	 0 	 0
					-0.5914 	 0 	 1.9212
				}
				{poly "align_front" {lod 0}}
				{poly "align_front_lod1" {lod 1}}
				{poly "align_front_lod2" {lod 2}}
				{poly "align_front_lod3" {lod 3 {last}}}
				{bone revolute "steer_r1"
					{matrix34
						0 	 0 	 1
						0 	 1 	 0
						-1 	 0 	 0
						-0.188 	 15.4144 	 -0.4295
					}
					{bone "fxtracer1"
						{matrix34
							-0.9397 	 0 	 -0.342
							0 	 1 	 0
							0.342 	 0 	 -0.9397
							-3.3266 	 2.1404 	 8.5026
						}
					}
					{bone revolute "wheelr1"
						{parameters "id=wheelright;radius=0.46;support=1;"}
						{matrix34
							-1 	 0 	 0
							0 	 0 	 -1
							0 	 -1 	 0
							0.4296 	 2.6721 	 -0.188
						}
						{poly "wheelr1" {lod 0}}
						{poly "wheelr1_lod1" {lod 1}}
						{poly "wheelr1_lod2" {lod 2}}
						{poly "wheelr1_lod3" {lod 3 {last}}}
					}
				}
				{bone revolute "steer_l1"
					{matrix34
						0 	 0 	 1
						0 	 1 	 0
						-1 	 0 	 0
						-0.188 	 -15.4144 	 -0.4295
					}
					{bone revolute "wheell1"
						{parameters "id=wheelleft;radius=0.46;support=1;"}
						{matrix34
							-1 	 0 	 0
							0 	 0 	 -1
							0 	 -1 	 0
							0.4295 	 -2.6721 	 -0.188
						}
						{poly "wheell1" {lod 0}}
						{poly "wheell1_lod1" {lod 1}}
						{poly "wheell1_lod2" {lod 2}}
						{poly "wheell1_lod3" {lod 3 {last}}}
					}
					{bone "fxtracel1"
						{matrix34
							-0.9397 	 0 	 -0.342
							0 	 1 	 0
							0.342 	 0 	 -0.9397
							-3.3266 	 -2.1403 	 8.5026
						}
					}
				}
			}
		}
	}
}
{"volumes"
	{"boardl_01"
		{box 44.2913 0.590551 9.44882}
		{bone "boardl"}
		{matrix34
			1 	 0 	 0
			0 	 0.8192 	 -0.5736
			0 	 0.5736 	 0.8192
			-0.7884 	 2.4893 	 3.9509
		}
	}
	{"boardl_02"
		{polyhedron}
		{bone "boardl"}
		{matrix34
			1 	 0 	 0
			0 	 0.9816 	 -0.1908
			0 	 0.1908 	 0.9816
			-0.7884 	 5.125 	 7.7149
		}
	}
	{"boardl_03"
		{polyhedron}
		{bone "boardl"}
		{matrix34
			0.9563 	 -0.2365 	 -0.1719
			0.2924 	 0.7737 	 0.5621
			0 	 -0.5878 	 0.809
			14.6008 	 6.487 	 9.0472
		}
	}
	{"boardl_04"
		{box 17.7165 0.590551 5.90551}
		{bone "boardl"}
		{matrix34
			1 	 0 	 0
			0 	 0.829 	 0.5592
			0 	 -0.5592 	 0.829
			-0.7884 	 5.7552 	 13.0867
		}
	}
	{"boardl_05"
		{polyhedron}
		{bone "boardl"}
		{matrix34
			0.9563 	 0.2365 	 0.1719
			-0.2924 	 0.7737 	 0.5621
			0 	 -0.5878 	 0.809
			-16.2791 	 6.4372 	 9.0109
		}
	}
	{"boardr_01"
		{box 44.2913 0.590551 9.44882}
		{bone "boardr"}
		{matrix34
			1 	 0 	 0
			0 	 0.8192 	 0.5736
			0 	 -0.5736 	 0.8192
			-0.7884 	 -2.3346 	 3.7695
		}
	}
	{"boardr_02"
		{polyhedron}
		{bone "boardr"}
		{matrix34
			1 	 0 	 0
			0 	 0.5 	 0.866
			0 	 -0.866 	 0.5
			-0.7884 	 -5.1451 	 7.7312
		}
	}
	{"boardr_03"
		{polyhedron}
		{bone "boardr"}
		{matrix34
			0.9699 	 0.179 	 -0.1649
			-0.2401 	 0.8142 	 -0.5287
			0.0396 	 0.5524 	 0.8327
			14.5219 	 -6.394 	 8.7284
		}
	}
	{"boardr_04"
		{box 17.7165 0.590551 5.90551}
		{bone "boardr"}
		{matrix34
			1 	 0 	 0
			0 	 0.8192 	 -0.5736
			0 	 0.5736 	 0.8192
			-0.7884 	 -5.7381 	 13.016
		}
	}
	{"boardr_05"
		{polyhedron}
		{bone "boardr"}
		{matrix34
			0.9709 	 -0.1896 	 0.1463
			0.2392 	 0.7988 	 -0.5521
			-0.0122 	 0.571 	 0.8209
			-16.357 	 -6.468 	 8.8596
		}
	}
	{"body1"
		{polyhedron}
		{bone "body"}
		{Position 3.7843 	 0 	 -27.5058}
	}
	{"body10"
		{box 7.87402 0.590551 9.84252}
		{bone "body"}
		{matrix34
			1 	 0 	 0
			0 	 0.7986 	 0.6018
			0 	 -0.6018 	 0.7986
			-45.6909 	 -17.0639 	 -10.7901
		}
	}
	{"body11"
		{polyhedron}
		{bone "body"}
		{matrix34
			0.5363 	 0.7078 	 -0.4598
			-0.7703 	 0.6331 	 0.076
			0.3449 	 0.3134 	 0.8847
			-52.7566 	 -17.2687 	 -7.3726
		}
	}
	{"body12"
		{polyhedron}
		{bone "body"}
		{matrix34
			-0.516 	 -0.7077 	 -0.4826
			-0.8152 	 0.5788 	 0.0228
			0.2632 	 0.4052 	 -0.8755
			-52.7135 	 -16.9443 	 -7.1187
		}
	}
	{"body13"
		{box 0.590551 3.93701 10.8268}
		{bone "body"}
		{matrix34
			0.7547 	 0 	 -0.6561
			0 	 1 	 0
			0.6561 	 0 	 0.7547
			-53.0948 	 -12.522 	 -3.1014
		}
	}
	{"body14"
		{polyhedron}
		{bone "body"}
		{matrix34
			0.881 	 0.0341 	 0.4718
			0.0845 	 -0.9927 	 -0.086
			0.4655 	 0.1156 	 -0.8775
			-56.4338 	 -12.4781 	 -6.9791
		}
	}
	{"body15"
		{box 72.8346 4.92126 0.984252}
		{bone "body"}
		{matrix34
			0.9994 	 0 	 0.0349
			0 	 1 	 0
			-0.0349 	 0 	 0.9994
			-8.6 	 19.339 	 -15.8043
		}
	}
	{"body16"
		{box 72.8346 4.92126 0.984252}
		{bone "body"}
		{matrix34
			0.9994 	 0 	 0.0349
			0 	 1 	 0
			-0.0349 	 0 	 0.9994
			-8.6 	 -19.339 	 -15.8043
		}
	}
	{"body2"
		{polyhedron}
		{bone "body"}
		{Position 8.9018 	 0 	 -12.9553}
	}
	{"body3"
		{box 7.87402 0.590551 9.84252}
		{bone "body"}
		{matrix34
			1 	 0 	 0
			0 	 0.829 	 0.5592
			0 	 -0.5592 	 0.829
			-45.6909 	 17.2827 	 -2.9889
		}
	}
	{"body4"
		{box 7.87402 0.590551 9.84252}
		{bone "body"}
		{matrix34
			1 	 0 	 0
			0 	 0.809 	 -0.5878
			0 	 0.5878 	 0.809
			-45.6909 	 17.1784 	 -10.8727
		}
	}
	{"body5"
		{polyhedron}
		{bone "body"}
		{matrix34
			-0.5486 	 0.7021 	 0.454
			-0.7666 	 -0.6391 	 0.0622
			0.3338 	 -0.3139 	 0.8888
			-52.7968 	 17.3241 	 -7.2246
		}
	}
	{"body6"
		{polyhedron}
		{bone "body"}
		{matrix34
			0.5464 	 -0.6833 	 0.4843
			-0.8024 	 -0.5928 	 0.0689
			0.24 	 -0.4263 	 -0.8722
			-52.7135 	 16.9443 	 -7.1187
		}
	}
	{"body7"
		{box 0.590551 3.93701 10.8268}
		{bone "body"}
		{matrix34
			0.7547 	 0 	 -0.6561
			0 	 1 	 0
			0.6561 	 0 	 0.7547
			-53.0742 	 12.4587 	 -3.0493
		}
	}
	{"body8"
		{polyhedron}
		{bone "body"}
		{matrix34
			0.8825 	 -0.019 	 0.4699
			-0.0772 	 -0.9915 	 0.105
			0.4639 	 -0.1289 	 -0.8764
			-56.2475 	 12.3386 	 -7.004
		}
	}
	{"body9"
		{box 7.87402 0.590551 9.84252}
		{bone "body"}
		{matrix34
			1 	 0 	 0
			0 	 0.829 	 -0.5592
			0 	 0.5592 	 0.829
			-45.6909 	 -17.2057 	 -3.1247
		}
	}
	{"doorl_01"
		{box 0.590551 10.4331 9.84252}
		{bone "doorl"}
		{matrix34
			0.7547 	 0 	 -0.6561
			0 	 1 	 0
			0.6561 	 0 	 0.7547
			0.7826 	 -7.4064 	 3.8844
		}
	}
	{"doorl_02"
		{box 0.590551 10.4331 13.7856}
		{bone "doorl"}
		{matrix34
			0.866 	 0 	 0.5
			0 	 1 	 0
			-0.5 	 0 	 0.866
			0.9362 	 -7.4064 	 -5.8286
		}
	}
	{"doorr_01"
		{box 0.590551 10.4331 9.84252}
		{bone "doorr"}
		{matrix34
			0.7547 	 0 	 -0.6561
			0 	 1 	 0
			0.6561 	 0 	 0.7547
			0.7825 	 7.4065 	 3.8844
		}
	}
	{"doorr_02"
		{box 0.590551 10.4331 13.7856}
		{bone "doorr"}
		{matrix34
			0.866 	 0 	 0.5
			0 	 1 	 0
			-0.5 	 0 	 0.866
			0.9362 	 7.4065 	 -5.8286
		}
	}
	{"engine"
		{polyhedron}
		{bone "engine"}
		{Position -2.496 	 0 	 1.4615}
	}
	{"fuel"
		{box 23.8642 19.4808 4.0978}
		{bone "body"}
		{Position -21.2712 	 -0.0689 	 -26.3806}
	}
	{"gun01"
		{box 20.8879 2.33867 3.35305}
		{bone "gun"}
		{matrix34
			1 	 0 	 0
			0 	 0 	 -1
			0 	 1 	 0
			0.69 	 0.7177 	 0
		}
	}
	{"gun02"
		{cylinder 0.590551 24.9948}
		{bone "gun"}
		{matrix34
			0 	 -1 	 0
			0 	 0 	 -1
			1 	 0 	 0
			23.6507 	 0.1693 	 0.0517
		}
	}
	{"gun_rot01"
		{box 0.161524 3.73544 6.29921}
		{bone "gun_rot"}
		{matrix34
			0.9903 	 -0.1392 	 0
			0 	 0 	 -1
			0.1392 	 0.9903 	 0
			9.7412 	 -3.0537 	 0.021
		}
	}
	{"gun_rot02"
		{box 0.19685 3.73544 9.6428}
		{bone "gun_rot"}
		{matrix34
			0.7193 	 0.6947 	 0
			0 	 0 	 -1
			-0.6947 	 0.7193 	 0
			6.8644 	 3.5553 	 0.021
		}
	}
	{"ram"
		{polyhedron}
		{bone "body"}
		{matrix34
			1 	 0 	 0
			0 	 1 	 0
			0 	 0 	 1
			-14.2356 	 -0.2638 	 -24.6382
		}
	}
	{"shield_back"
		{box 0.19685 13.7795 11.811}
		{bone "shield_back"}
		{matrix34
			0.9659 	 0 	 0.2588
			0 	 1 	 0
			-0.2588 	 0 	 0.9659
			0.0961 	 0.0693 	 -0.1919
		}
	}
	{"shieldl01"
		{box 0.19685 11.811 10.1134}
		{bone "shieldl"}
		{matrix34
			0.8572 	 0 	 0.515
			0 	 1 	 0
			-0.515 	 0 	 0.8572
			-0.0104 	 -0.0045 	 4.0767
		}
	}
	{"shieldl02"
		{box 0.196851 11.811 8.26772}
		{bone "shieldl"}
		{matrix34
			0.9877 	 0 	 -0.1564
			0 	 1 	 0
			0.1564 	 0 	 0.9877
			1.9389 	 -0.0045 	 -4.3344
		}
	}
	{"shieldr01"
		{box 0.19685 11.811 5.51181}
		{bone "shieldr"}
		{matrix34
			0.8572 	 0 	 0.515
			0 	 1 	 0
			-0.515 	 0 	 0.8572
			1.1746 	 0.0086 	 2.1045
		}
	}
	{"shieldr02"
		{box 0.196851 11.811 8.26772}
		{bone "shieldr"}
		{matrix34
			0.9877 	 0 	 -0.1564
			0 	 1 	 0
			0.1564 	 0 	 0.9877
			1.9389 	 0.0086 	 -4.3344
		}
	}
	{"sticky"
		{box 49.2126 29.5276 7.87402}
		{bone "body"}
		{Position -22.5775 	 0.0201 	 -10.3422}
	}
	{"trackleft"
		{box 72.2782 5.4768 15.5516}
		{bone "trackl"}
		{matrix34
			1 	 0 	 0
			0 	 0 	 -1
			0 	 1 	 0
			0.0155 	 -0.5513 	 0.4594
		}
	}
	{"trackright"
		{box 72.2782 5.4768 15.5516}
		{bone "trackr"}
		{matrix34
			1 	 0 	 0
			0 	 0 	 -1
			0 	 1 	 0
			0.0155 	 -0.5513 	 -0.4594
		}
	}
	{"turret01"
		{box 25.5906 6.42103 10.3446}
		{bone "turret"}
		{Position 0.4427 	 0.0001 	 4.8077}
	}
	{"turret02"
		{box 9.14292 5.89377 4.19725}
		{bone "turret"}
		{Position -7.5014 	 0.1539 	 12.3007}
	}
	{"turret03"
		{box 9.14292 5.89377 3.79971}
		{bone "turret"}
		{Position -8.4497 	 -5.8412 	 16.5769}
	}
	{"wheelleft1"
		{cylinder 9.20975 3.74697}
		{bone "wheell1"}
		{matrix34
			1 	 0 	 0
			0 	 1 	 0
			0 	 0 	 1
			0 	 0 	 -0.6171
		}
	}
	{"wheelright1"
		{cylinder 9.20974 3.74697}
		{bone "wheelr1"}
		{matrix34
			-1 	 0 	 0
			0 	 1 	 0
			0 	 0 	 -1
			0 	 0 	 0.6171
		}
	}
}
