;Exported by	: Oleksandr Tsaprylov
;Date			: 26.01.2023 21:18:31
;File			: E:\projects\gem2-mdl-soldiers\models\entourage\shed_wood_destroyed\shed_wood_destroyed.max
{skeleton
	{bone "shed_wood_destroyed_c_piece_003"
		{orientation
			1 	 0 	 0
			0 	 -1 	 0
			0 	 0 	 1
		}
		{poly "shed_wood_destroyed_c_piece_003"}
	}
}
{obstacle "obstacle01"
	{obb2
		{center 3.47115 -7.67017}
		{extent 36.6797 2.8221}
		{axis -1 9.10002e-08}
	}
	{rotate}
}
{"volumes"
	{"body01"
		{box 1.58472 7.20607 48.0979}
		{bone "shed_wood_destroyed_c_piece_003"}
		{matrix34
			0 	 -0.5736 	 -0.8192
			0.0872 	 -0.816 	 0.5714
			-0.9962 	 -0.0714 	 0.05
			19.2314 	 0.5887 	 73.555
		}
	}
	{"body02"
		{box 1.58472 6.89381 48.0979}
		{bone "shed_wood_destroyed_c_piece_003"}
		{matrix34
			0 	 -0.5736 	 -0.8192
			0 	 -0.8192 	 0.5736
			-1 	 0 	 0
			19.1869 	 17.8081 	 63.7023
		}
	}
	{"body03"
		{box 1.58472 7.20607 48.0979}
		{bone "shed_wood_destroyed_c_piece_003"}
		{matrix34
			0 	 -0.5736 	 -0.8192
			-0.1736 	 -0.8067 	 0.5649
			-0.9848 	 0.1422 	 -0.0996
			19.5915 	 -13.583 	 83.4782
		}
	}
	{"body04"
		{box 1.58472 7.20607 48.0979}
		{bone "shed_wood_destroyed_c_piece_003"}
		{matrix34
			0 	 -0.5736 	 -0.8192
			0 	 -0.8192 	 0.5736
			-1 	 0 	 0
			19.1586 	 -27.883 	 93.4911
		}
	}
	{"body05"
		{box 3.93701 3.93701 68.9314}
		{bone "shed_wood_destroyed_c_piece_003"}
		{Position -12.3462 	 7.2749 	 34.4657}
	}
	{"body06"
		{box 3.93701 3.93701 68.9314}
		{bone "shed_wood_destroyed_c_piece_003"}
		{Position 27.5456 	 7.1282 	 34.4657}
	}
	{"body07"
		{box 7.16952 2.91339 80.8694}
		{bone "shed_wood_destroyed_c_piece_003"}
		{matrix34
			0 	 0 	 1
			0 	 1 	 0
			-1 	 0 	 0
			-6.3701 	 6.9349 	 67.0639
		}
	}
	{"body08"
		{box 12.6159 1.26645 55.6174}
		{bone "shed_wood_destroyed_c_piece_003"}
		{matrix34
			0 	 0 	 1
			0 	 1 	 0
			-1 	 0 	 0
			-2.8244 	 9.405 	 30.8284
		}
	}
	{"body09"
		{box 5.55099 1.26645 17.8478}
		{bone "shed_wood_destroyed_c_piece_003"}
		{matrix34
			0 	 0 	 1
			0 	 1 	 0
			-1 	 0 	 0
			32.4333 	 9.4607 	 40.9813
		}
	}
	{"body10"
		{box 2.3622 2.98768 103.849}
		{bone "shed_wood_destroyed_c_piece_003"}
		{matrix34
			1 	 0 	 0
			0 	 0.5736 	 0.8192
			0 	 -0.8192 	 0.5736
			1.5942 	 -3.9662 	 76.8991
		}
	}
	{"body11"
		{box 2.3622 2.98768 39.4626}
		{bone "shed_wood_destroyed_c_piece_003"}
		{matrix34
			1 	 0 	 0
			0 	 0.5736 	 0.8192
			0 	 -0.8192 	 0.5736
			25.5635 	 22.4049 	 58.4339
		}
	}
	{"body12"
		{box 2.3622 2.98768 100.27}
		{bone "shed_wood_destroyed_c_piece_003"}
		{matrix34
			1 	 0 	 0
			0 	 0.5736 	 0.8192
			0 	 -0.8192 	 0.5736
			-38.9839 	 -2.5003 	 75.8727
		}
	}
	{"body13"
		{box 2.3622 2.98768 56.2244}
		{bone "shed_wood_destroyed_c_piece_003"}
		{matrix34
			-1 	 0 	 0
			0 	 0 	 1
			0 	 1 	 0
			-38.984 	 -20.5591 	 69.3248
		}
	}
}
