;Exported by	: KobaA
;Date			: 11.04.2024 15:30:50
;File			: d:\git\gem2-mdl-soldiers\models\entourage\shelter_box\shelter_gr001_004_new2_gem2.max
{skeleton
	{bone "basis_gr_010"
		{orientation
			1 	 0 	 0
			0 	 -1 	 0
			0 	 0 	 1
		}
		{bone "body"
			{Position 0.1929 	 1.7484 	 11.751}
			{poly "body"}
		}
	}
}
{"volumes"
	{"body"
		{box 4.10963 6.80438 14.0694}
		{bone "basis_gr_010"}
		{matrix34
			0.9402 	 0 	 -0.3405
			0 	 1 	 0
			0.3405 	 0 	 0.9402
			-4.362 	 11.9631 	 6.6143
		}
	}
	{"body1"
		{box 12.4136 22.2851 22.9045}
		{bone "basis_gr_010"}
		{matrix34
			-0.9962 	 -0.0872 	 0
			0.0872 	 -0.9962 	 0
			0 	 0 	 1
			7.6617 	 5.734 	 11.4522
		}
	}
	{"body2"
		{box 7.69644 7.94241 8.86631}
		{bone "basis_gr_010"}
		{matrix34
			-1 	 0 	 0
			0 	 -1 	 0
			0 	 0 	 1
			1.8331 	 -9.9772 	 4.4332
		}
	}
	{"body3"
		{box 7.69644 12.3902 8.86631}
		{bone "basis_gr_010"}
		{matrix34
			-0.9962 	 -0.0872 	 0
			0.0872 	 -0.9962 	 0
			0 	 0 	 1
			-3.1401 	 1.059 	 4.4332
		}
	}
	{"body4"
		{box 1.53929 21.2629 11.3489}
		{bone "basis_gr_010"}
		{matrix34
			-0.765 	 -0.0394 	 0.6428
			0.0515 	 -0.9987 	 0
			0.6419 	 0.0331 	 0.766
			-9.2576 	 4.919 	 5.9734
		}
	}
}
