;Exported by	: KobaA
;Date			: 10.04.2023 10:48:54
;File			: D:\git\gem2-mdl-soldiers\models\flora\African_tree\African_tree.max
{skeleton
	{bone "african_tree_004_basis"
		{orientation
			1 	 0 	 0
			0 	 -1 	 0
			0 	 0 	 1
		}
		{bone "african_tree_004"
			{Position 0 	 0 	 2.201}
			{poly "african_tree_004"}
		}
		{bone "rootx"
			{matrix34
				-0.6548 	 0.7503 	 0.0909
				-0.0286 	 0.0957 	 -0.995
				-0.7553 	 -0.6541 	 -0.0412
				2.5874 	 1.1513 	 -24.9198
			}
			{poly "rootx"}
		}
	}
}
{"volumes"
	{"bole01"
		{cylinder 4.85858 71.4479}
		{bone "african_tree_004"}
		{matrix34
			0.9752 	 -0.0705 	 -0.2098
			0.0704 	 0.9975 	 -0.0082
			0.2098 	 -0.0068 	 0.9777
			6.0017 	 -1.1895 	 27.4358
		}
	}
	{"bole02"
		{cylinder 3.30384 48.013}
		{bone "african_tree_004"}
		{matrix34
			0.6983 	 -0.6095 	 0.3753
			0.4437 	 0.7801 	 0.4411
			-0.5617 	 -0.1415 	 0.8152
			2.4856 	 -6.1987 	 79.671
		}
	}
	{"crown"
		{polyhedron}
		{bone "african_tree_004"}
		{matrix34
			0.866 	 -0.5 	 0
			0.5 	 0.866 	 0
			0 	 0 	 1
			-42.4232 	 15.5543 	 93.8179
		}
	}
}
