;Exported by:	 joomb
;Date:			 15.08.2022 18:49:47
;File:			 D:\git\gem2-mdl-soldiers\models\unit\vehicle\ju_52\JU_52_x.max
{skeleton
	{bone "basis"
		{orientation
			1 	 0 	 0
			0 	 -1 	 0
			0 	 0 	 1
		}
		{bone "body"
			{parameters "id=body;"}
			{Position 0 	 0 	 13.1449}
			{LODView
				{poly "body"}
				{poly "body_lod1"}
				{poly "body_lod2"}
				{poly "body_lod3"}
			}
			{bone "engine1"
				{parameters "id=engine1;"}
				{Position 72.2583 	 0 	 46.8911}
				{LODView
					{poly "engine1"}
					{poly "engine1_lod1"}
					{poly "engine1_lod2"}
					{poly "engine1_lod3"}
				}
				{bone revolute "propeller1"
					{parameters "id=engine1;"}
					{Position 18.1685 	 0.004 	 0.3189}
					{LODView
						{poly "propeller1"}
						{poly "propeller1_lod1"}
						{poly "propeller1_lod2"}
						{poly "propeller1_lod3"}
					}
					{bone revolute "vane1"
						{parameters "id=engine1;"}
						{LODView
							{poly "vane1"}
							{poly "vane1_lod1"}
							{poly "vane1_lod2"}
							{poly "vane1_lod3"}
						}
					}
				}
				{bone "fxsmoke3"
					{matrix34
						-0.4226 	 -0.9063 	 0
						0.9063 	 -0.4226 	 0
						0 	 0 	 1
						-12.3039 	 -17.164 	 -12.7838
					}
				}
				{bone "fxsmoke4"
					{matrix34
						-0.4226 	 0.9063 	 0
						-0.9063 	 -0.4226 	 0
						0 	 0 	 1
						-12.7731 	 17.164 	 -12.7838
					}
				}
			}
			{bone "body_back"
				{parameters "id=body_back;"}
				{Position -220.606 	 0 	 84.0747}
				{LODView
					{poly "body_back"}
					{poly "body_back_lod1"}
					{poly "body_back_lod2"}
					{poly "body_back_lod3"}
				}
				{bone revolute "rudder"
					{parameters "id=body_back;"}
					{Position -32.2881 	 0 	 15.8605}
					{LODView
						{poly "rudder"}
						{poly "rudder_lod1"}
						{poly "rudder_lod2"}
						{poly "rudder_lod3"}
					}
				}
				{bone revolute "elevator2"
					{parameters "id=body_back;"}
					{matrix34
						1 	 0 	 0
						0 	 0 	 -1
						0 	 1 	 0
						-20.8592 	 -2.617 	 -8.2907
					}
					{LODView
						{poly "elevator2"}
						{poly "elevator2_lod1"}
						{poly "elevator2_lod2"}
						{poly "elevator2_lod3"}
					}
				}
				{bone revolute "elevator1"
					{parameters "id=body_back;"}
					{matrix34
						1 	 0 	 0
						0 	 0 	 -1
						0 	 1 	 0
						-20.8592 	 2.617 	 -8.2907
					}
					{LODView
						{poly "elevator1"}
						{poly "elevator1_lod1"}
						{poly "elevator1_lod2"}
						{poly "elevator1_lod3"}
					}
				}
				{bone "pivot_back"
					{Position -29.0872 	 0 	 -32.2699}
					{bone "susp_back"
						{parameters "id=wheel_back;"}
						{Position 6.8022 	 0 	 6.0667}
						{LODView
							{poly "susp_back"}
							{poly "susp_back_lod1"}
							{poly "susp_back_lod2"}
							{poly "susp_back_lod3"}
						}
						{bone revolute "wheel_back"
							{parameters "id=wheel_back;radius=0.32;support;"}
							{matrix34
								1 	 0 	 0
								0 	 0 	 -1
								0 	 1 	 0
								-6.8022 	 0 	 -6.0667
							}
							{LODView
								{poly "wheel_back"}
								{poly "wheel_back_lod1"}
								{poly "wheel_back_lod2"}
								{poly "wheel_back_lod3"}
							}
						}
					}
				}
			}
			{bone "cover1"
				{parameters "id=body;"}
				{Position -84.2063 	 -15.546 	 66.3514}
				{LODView
					{poly "cover1"}
					{poly "cover1_lod1"}
					{poly "cover1_lod2"}
					{poly "cover1_lod3"}
				}
			}
			{bone "cover2"
				{parameters "id=body;"}
				{Position -89.7068 	 -16.2282 	 40.2217}
				{LODView
					{poly "cover2"}
					{poly "cover2_lod1"}
					{poly "cover2_lod2"}
					{poly "cover2_lod3"}
				}
			}
			{bone "door1"
				{parameters "id=body;"}
				{Position 21.1101 	 -16.323 	 53.3311}
				{LODView
					{poly "door1"}
					{poly "door1_lod1"}
					{poly "door1_lod2"}
					{poly "door1_lod3"}
				}
			}
			{bone "door2"
				{parameters "id=body;"}
				{Position -83.809 	 16.1006 	 53.2941}
				{LODView
					{poly "door2"}
					{poly "door2_lod1"}
					{poly "door2_lod2"}
					{poly "door2_lod3"}
				}
			}
			{bone revolute "turret"
				{parameters "id=turret;"}
				{speed 0.03}
				{matrix34
					-1 	 0 	 0
					0 	 -1 	 0
					0 	 0 	 1
					-137.139 	 -0.0026 	 80.4278
				}
				{LODView
					{poly "turret"}
					{poly "turret_lod1"}
					{poly "turret_lod2"}
					{poly "turret_lod3"}
				}
				{bone "gunner2"
					{Position -0.5486 	 -0.83 	 -20.3503}
				}
				{bone revolute "turret_mgun"
					{parameters "id=turret;"}
					{speed 0.03}
					{matrix34
						0.9848 	 0 	 0.1736
						-0.1736 	 0 	 0.9848
						0 	 -1 	 0
						7.1259 	 -0.2812 	 0.28
					}
				}
			}
			{bone "visor1"
				{Position 49.3005 	 8.2996 	 78.3093}
			}
			{bone "passengers"
				{Position 39.0479 	 -9.7376 	 45.7534}
			}
			{bone "driver"
				{Position 39.0479 	 9.7376 	 45.7534}
			}
			{bone "seat08"
				{Position -95.1194 	 -3.2566 	 46.2147}
			}
			{bone "seat07"
				{Position -95.1194 	 -9.2771 	 46.2147}
			}
			{bone "seat06"
				{matrix34
					0 	 -1 	 0
					1 	 0 	 0
					0 	 0 	 1
					-39.2272 	 7.1402 	 46.2147
				}
			}
			{bone "seat05"
				{matrix34
					0 	 1 	 0
					-1 	 0 	 0
					0 	 0 	 1
					-39.2272 	 -7.1403 	 46.2147
				}
			}
			{bone "seat04"
				{matrix34
					0 	 -1 	 0
					1 	 0 	 0
					0 	 0 	 1
					-21.4685 	 7.1402 	 46.2147
				}
			}
			{bone "seat03"
				{matrix34
					0 	 1 	 0
					-1 	 0 	 0
					0 	 0 	 1
					-21.4685 	 -7.1403 	 46.2147
				}
			}
			{bone "seat02"
				{matrix34
					0 	 -1 	 0
					1 	 0 	 0
					0 	 0 	 1
					-3.6786 	 7.1402 	 46.2147
				}
			}
			{bone "seat01"
				{matrix34
					0 	 1 	 0
					-1 	 0 	 0
					0 	 0 	 1
					-3.6786 	 -7.1403 	 46.2147
				}
			}
			{bone "enumerator"
				{matrix34
					0.9981 	 0.061 	 0
					-0.061 	 0.9981 	 0
					0 	 0 	 1
					-166.423 	 10.774 	 60.4066
				}
				{poly "enumerator"}
			}
		}
		{bone "pivot_front"
			{Position 0 	 0 	 13.1449}
			{bone "wingl1"
				{parameters "id=wingleft;"}
				{Position -20.8092 	 78.7402 	 38.0362}
				{LODView
					{poly "wingl1"}
					{poly "wingl1_lod1"}
					{poly "wingl1_lod2"}
					{poly "wingl1_lod3"}
				}
				{bone revolute "flap1"
					{parameters "id=wingleft;"}
					{matrix34
						0.9919 	 -0.1269 	 0
						-0.0103 	 -0.0806 	 0.9967
						-0.1265 	 -0.9886 	 -0.0812
						-42.3902 	 3.963 	 -3.844
					}
					{LODView
						{poly "flap1"}
						{poly "flap1_lod1"}
						{poly "flap1_lod2"}
						{poly "flap1_lod3"}
					}
				}
				{bone "engine2"
					{parameters "id=engine2;"}
					{Position 54.8122 	 2.5393 	 -1.0669}
					{LODView
						{poly "engine2"}
						{poly "engine2_lod1"}
						{poly "engine2_lod2"}
						{poly "engine2_lod3"}
					}
					{bone revolute "propeller2"
						{parameters "id=engine2;"}
						{matrix34
							0.998 	 0.0633 	 -0.007
							-0.0631 	 0.9978 	 0.0194
							0.0082 	 -0.0189 	 0.9998
							14.5964 	 0.6429 	 -0.0014
						}
						{LODView
							{poly "propeller2"}
							{poly "propeller2_lod1"}
							{poly "propeller2_lod2"}
							{poly "propeller2_lod3"}
						}
						{bone revolute "vane2"
							{parameters "id=engine2;"}
							{Position 0 	 0 	 0}
							{LODView
								{poly "vane2"}
								{poly "vane2_lod1"}
								{poly "vane2_lod2"}
								{poly "vane2_lod3"}
							}
						}
					}
					{bone "fxsmoke1"
						{matrix34
							-0.9848 	 0 	 0.1736
							0 	 1 	 0
							-0.1736 	 0 	 -0.9848
							-13.818 	 4.1426 	 10.4488
						}
					}
				}
				{bone "wingl2"
					{parameters "id=wingleft;"}
					{Position -2.9527 	 118.11 	 7.874}
					{LODView
						{poly "wingl2"}
						{poly "wingl2_lod1"}
						{poly "wingl2_lod2"}
						{poly "wingl2_lod3"}
					}
					{bone revolute "aileron1"
						{parameters "id=wingleft;"}
						{matrix34
							0.9919 	 -0.127 	 0
							-0.013 	 -0.1014 	 0.9948
							-0.1263 	 -0.9867 	 -0.1022
							-23.2366 	 9.5912 	 0.0986
						}
						{LODView
							{poly "aileron1"}
							{poly "aileron1_lod1"}
							{poly "aileron1_lod2"}
							{poly "aileron1_lod3"}
						}
					}
				}
			}
			{bone "wingr1"
				{parameters "id=wingright;"}
				{Position -20.8092 	 -78.7402 	 38.0362}
				{LODView
					{poly "wingr1"}
					{poly "wingr1_lod1"}
					{poly "wingr1_lod2"}
					{poly "wingr1_lod3"}
				}
				{bone revolute "flap2"
					{parameters "id=wingright;"}
					{matrix34
						0.9919 	 0.1269 	 0
						-0.0103 	 0.0806 	 0.9967
						0.1265 	 -0.9886 	 0.0812
						-43.7777 	 -4.1405 	 -3.844
					}
					{LODView
						{poly "flap2"}
						{poly "flap2_lod1"}
						{poly "flap2_lod2"}
						{poly "flap2_lod3"}
					}
				}
				{bone "engine3"
					{parameters "id=engine3;"}
					{Position 54.8122 	 -2.5393 	 -1.0669}
					{LODView
						{poly "engine3"}
						{poly "engine3_lod1"}
						{poly "engine3_lod2"}
						{poly "engine3_lod3"}
					}
					{bone revolute "propeller3"
						{parameters "id=engine3;"}
						{matrix34
							0.9977 	 -0.068 	 0
							0.068 	 0.9977 	 0
							0 	 0 	 1
							14.5976 	 -0.6238 	 -0.03
						}
						{LODView
							{poly "propeller3"}
							{poly "propeller3_lod1"}
							{poly "propeller3_lod2"}
							{poly "propeller3_lod3"}
						}
						{bone revolute "vane3"
							{parameters "id=engine3;"}
							{Position 0 	 0 	 0}
							{LODView
								{poly "vane3"}
								{poly "vane3_lod1"}
								{poly "vane3_lod2"}
								{poly "vane3_lod3"}
							}
						}
					}
					{bone "fxsmoke2"
						{matrix34
							-0.9848 	 0 	 0.1736
							0 	 1 	 0
							-0.1736 	 0 	 -0.9848
							-13.818 	 -4.2775 	 10.4488
						}
					}
				}
				{bone "wingr2"
					{parameters "id=wingright;"}
					{Position -2.9527 	 -118.11 	 7.874}
					{LODView
						{poly "wingr2"}
						{poly "wingr2_lod1"}
						{poly "wingr2_lod2"}
						{poly "wingr2_lod3"}
					}
					{bone revolute "aileron2"
						{parameters "id=wingright;"}
						{matrix34
							0.9919 	 0.127 	 0
							-0.013 	 0.1014 	 0.9948
							0.1263 	 -0.9867 	 0.1022
							-24.4377 	 -9.7451 	 0.0986
						}
						{LODView
							{poly "aileron2"}
							{poly "aileron2_lod1"}
							{poly "aileron2_lod2"}
							{poly "aileron2_lod3"}
						}
					}
				}
			}
			{bone "suspl"
				{parameters "id=wheelleft;"}
				{Position 0.0048 	 35.2208 	 0.9169}
				{LODView
					{poly "suspl"}
					{poly "suspl_lod1"}
					{poly "suspl_lod2"}
					{poly "suspl_lod3"}
				}
				{bone revolute "wheell"
					{parameters "id=wheelleft;radius=0.57;support;"}
					{matrix34
						0.9999 	 -0.0009 	 -0.0149
						0.015 	 0.0587 	 0.9982
						0 	 -0.9983 	 0.0587
						0 	 7.9848 	 -0.6419
					}
					{LODView
						{poly "wheell"}
						{poly "wheell_lod1"}
						{poly "wheell_lod2"}
						{poly "wheell_lod3"}
					}
				}
			}
			{bone "suspr"
				{parameters "id=wheelright;"}
				{Position 0.0048 	 -35.2208 	 0.9169}
				{LODView
					{poly "suspr"}
					{poly "suspr_lod1"}
					{poly "suspr_lod2"}
					{poly "suspr_lod3"}
				}
				{bone revolute "wheelr"
					{parameters "id=wheelright;radius=0.57;support;"}
					{matrix34
						0.9999 	 0.0009 	 -0.0149
						0.015 	 -0.0587 	 0.9982
						0 	 -0.9983 	 -0.0587
						0 	 -7.9848 	 -0.6419
					}
					{LODView
						{poly "wheelr"}
						{poly "wheelr_lod1"}
						{poly "wheelr_lod2"}
						{poly "wheelr_lod3"}
					}
				}
			}
		}
		{bone "emit2"
			{matrix34
				0 	 -1 	 0
				1 	 0 	 0
				0 	 0 	 1
				-92.127 	 49.7684 	 0
			}
		}
		{bone "emit1"
			{matrix34
				0 	 1 	 0
				-1 	 0 	 0
				0 	 0 	 1
				33.2912 	 -31.6277 	 0
			}
		}
	}
}
{obstacle "obstacle1"
	{obb2
		{center -81.9835 0}
		{extent 174.009 18.2127}
		{axis -1 0}
	}
	{rotate}
}
{obstacle "obstacle2"
	{obb2
		{center -28.2325 0}
		{extent 285.433 39.3701}
		{axis 4.67761e-08 1}
	}
	{rotate}
}
{obstacle "obstacle3"
	{obb2
		{center -232.537 0}
		{extent 93.5039 19.685}
		{axis 0 1}
	}
	{rotate}
}
{volume "aileron1"
	{polyhedron}
	{bone "aileron1"}
	{matrix34
		0.9988 	 -0.0103 	 0.0478
		0.0476 	 -0.0163 	 -0.9987
		0.0111 	 0.9998 	 -0.0158
		-5.5313 	 -0.3373 	 -0.4922
	}
}
{volume "aileron2"
	{polyhedron}
	{bone "aileron2"}
	{matrix34
		-0.9988 	 0.0103 	 0.0478
		-0.0476 	 0.0163 	 -0.9987
		-0.0111 	 -0.9998 	 -0.0158
		-4.3039 	 -0.324 	 0.3632
	}
}
{volume "body01"
	{polyhedron}
	{bone "body"}
	{matrix34
		1 	 0 	 0
		0 	 0 	 1
		0 	 -1 	 0
		61.068 	 0 	 47.21
	}
}
{volume "body02"
	{polyhedron}
	{bone "body"}
	{matrix34
		1 	 0 	 0
		0 	 0 	 1
		0 	 -1 	 0
		-170.24 	 -6.3404 	 42.6169
	}
}
{volume "body03"
	{polyhedron}
	{bone "body"}
	{Position -28.5434 	 25.9247 	 31.1041}
}
{volume "body04"
	{polyhedron}
	{bone "body"}
	{matrix34
		-1 	 0 	 0
		0 	 1 	 0
		0 	 0 	 -1
		-28.5434 	 -25.9246 	 31.1041
	}
}
{volume "body_back01"
	{polyhedron}
	{bone "body_back"}
	{matrix34
		-1 	 0 	 0
		0 	 0 	 1
		0 	 1 	 0
		21.1181 	 6.3404 	 -41.4578
	}
}
{volume "body_back02"
	{polyhedron}
	{bone "body_back"}
	{Position -4.5301 	 -45.7525 	 -9.6461}
}
{volume "body_back03"
	{polyhedron}
	{bone "body_back"}
	{Position -4.5301 	 45.7485 	 -9.6461}
}
{volume "body_back04"
	{polyhedron}
	{bone "body_back"}
	{matrix34
		1 	 0 	 0
		0 	 0 	 -1
		0 	 1 	 0
		0 	 0 	 35.4378
	}
}
{volume "elevator1"
	{polyhedron}
	{bone "elevator1"}
	{matrix34
		1 	 0 	 0
		0 	 0 	 1
		0 	 -1 	 0
		-0.9268 	 1.4629 	 -2.617
	}
}
{volume "elevator2"
	{polyhedron}
	{bone "elevator2"}
	{matrix34
		1 	 0 	 0
		0 	 0 	 1
		0 	 -1 	 0
		-0.9268 	 1.4629 	 2.617
	}
}
{volume "engine1"
	{polyhedron}
	{bone "engine1"}
	{matrix34
		0 	 0 	 -1
		0 	 1 	 0
		1 	 0 	 0
		4.5577 	 0 	 0
	}
}
{volume "engine2"
	{polyhedron}
	{bone "engine2"}
	{matrix34
		0 	 0 	 -1
		-0.0718 	 0.9974 	 0
		0.9974 	 0.0718 	 0
		-8.4474 	 -0.63 	 0
	}
}
{volume "engine3"
	{polyhedron}
	{bone "engine3"}
	{matrix34
		0 	 0 	 -1
		0.0694 	 0.9976 	 0
		0.9976 	 -0.0694 	 0
		-8.5308 	 1.0644 	 0
	}
}
{volume "flap1"
	{polyhedron}
	{bone "flap1"}
	{matrix34
		0.9988 	 -0.0113 	 0.0477
		0.0478 	 0.0047 	 -0.9988
		0.0111 	 0.9999 	 0.0053
		-5.9776 	 -0.2247 	 0.5944
	}
}
{volume "flap2"
	{polyhedron}
	{bone "flap2"}
	{matrix34
		-0.9988 	 0.0113 	 0.0477
		-0.0478 	 -0.0047 	 -0.9988
		-0.0111 	 -0.9999 	 0.0053
		-4.5701 	 -0.2192 	 -0.662
	}
}
{volume "propeller1"
	{box 62.2516 4.86158 1.77453}
	{bone "propeller1"}
	{matrix34
		0.0173 	 0.9998 	 0.0059
		-0.0014 	 -0.0059 	 1
		0.9998 	 -0.0173 	 0.0013
		0.1716 	 -0.0118 	 0.3309
	}
}
{volume "propeller2"
	{box 62.2516 4.86158 1.77453}
	{bone "propeller2"}
	{matrix34
		0.0107 	 0.9999 	 0.0001
		-0.0082 	 0 	 1
		0.9999 	 -0.0107 	 0.0082
		0.0316 	 -0.0096 	 0.2624
	}
}
{volume "propeller3"
	{box 62.2516 4.86158 1.77453}
	{bone "propeller3"}
	{matrix34
		-0.0118 	 0.9999 	 0.0059
		-0.0012 	 -0.0059 	 1
		0.9999 	 0.0118 	 0.0013
		0.6186 	 -0.1978 	 0.0011
	}
}
{volume "rudder"
	{polyhedron}
	{bone "rudder"}
	{matrix34
		-1 	 0 	 0
		0 	 0 	 -1
		0 	 -1 	 0
		-14.4668 	 0 	 19.5773
	}
}
{volume "wheell"
	{polyhedron}
	{bone "wheell"}
	{Position 0 	 0 	 -4.0328}
}
{volume "wheelr"
	{polyhedron}
	{bone "wheelr"}
	{Position 0 	 0 	 -3.738}
}
{volume "wheel_back"
	{polyhedron}
	{bone "wheel_back"}
	{matrix34
		0.9999 	 0.0149 	 -0.0009
		-0.0149 	 0.9999 	 0
		0.0009 	 0 	 1
		-0.0021 	 0 	 -2.3879
	}
}
{volume "wingl1"
	{polyhedron}
	{bone "wingl1"}
	{Position -0.6093 	 4.997 	 -3.7135}
}
{volume "wingl2"
	{polyhedron}
	{bone "wingl2"}
	{Position 1.8232 	 13.6872 	 0.4632}
}
{volume "wingr1"
	{polyhedron}
	{bone "wingr1"}
	{matrix34
		-1 	 0 	 0
		0 	 1 	 0
		0 	 0 	 -1
		-0.6093 	 -4.9969 	 -3.7135
	}
}
{volume "wingr2"
	{polyhedron}
	{bone "wingr2"}
	{matrix34
		-1 	 0 	 0
		0 	 1 	 0
		0 	 0 	 -1
		1.8232 	 -13.6871 	 0.4632
	}
}
