;Exported by	: KobaA
;Date			: 03.05.2024 16:00:14
;File			: d:\git\gem2-mdl-soldiers\models\entourage\wooden_box\wooden_box.max
{skeleton
	{bone "wooden_box_02_x"
		{orientation
			1 	 0 	 0
			0 	 -1 	 0
			0 	 0 	 1
		}
		{bone "piece04"
			{matrix34
				0.9671 	 0.2064 	 -0.149
				-0.181 	 0.9691 	 0.1674
				0.179 	 -0.1349 	 0.9746
				2.3408 	 5.2392 	 2.7975
			}
			{poly "piece04"}
		}
		{bone "piece02"
			{Position 6.8393 	 -1.1282 	 5.3799}
			{poly "piece02"}
		}
		{bone "piece05"
			{matrix34
				0.928 	 -0.3301 	 0.1728
				0.3711 	 0.8607 	 -0.3485
				-0.0337 	 0.3875 	 0.9213
				7.7939 	 -5.1867 	 2.9618
			}
			{poly "piece05"}
		}
		{bone "piece01"
			{matrix34
				0.9884 	 -0.1497 	 -0.024
				0.1422 	 0.9703 	 -0.1956
				0.0525 	 0.1899 	 0.9804
				-7.1963 	 -5.4444 	 4.0107
			}
			{poly "piece01"}
		}
		{bone "piece03"
			{Position -6.37 	 1.8686 	 5.3799}
			{poly "piece03"}
		}
	}
}
{"volumes"
	{"piece01"
		{box 11.0709 0.464159 1.87425}
		{bone "piece01"}
		{matrix34
			0.9884 	 0.1422 	 0.0525
			-0.1497 	 0.9703 	 0.1899
			-0.024 	 -0.1956 	 0.9804
			-0.4564 	 -0.1026 	 0.0058
		}
	}
	{"piece02"
		{box 7.60127 2.31916 0.451844}
		{bone "piece02"}
		{Position 0 	 0 	 0.0208}
	}
	{"piece03"
		{box 7.60127 2.31916 0.451844}
		{bone "piece03"}
		{Position 0 	 0 	 0.0496}
	}
	{"piece04"
		{box 16.1592 0.464159 4.51844}
		{bone "piece04"}
		{matrix34
			0.9671 	 -0.181 	 0.179
			0.2064 	 0.9691 	 -0.1349
			-0.149 	 0.1674 	 0.9746
			-0.1756 	 0.2018 	 -0.0877
		}
	}
	{"piece05"
		{box 9.85314 0.464159 3.84221}
		{bone "piece05"}
		{matrix34
			0.928 	 0.3711 	 -0.0337
			-0.3301 	 0.8607 	 0.3875
			0.1728 	 -0.3485 	 0.9213
			-0.0051 	 -0.2594 	 -0.0588
		}
	}
}
