;Exported by:	 joomb
;Date:			 18.03.2022 15:52:02
;File:			 D:\git\gem2-mdl-soldiers\models\unit\vehicle\29k\29k_update_x.max
{skeleton
	{bone "basis"
		{parameters "wheelradius=0.54;steermax=30;"}
		{orientation
			1 	 0 	 0
			0 	 -1 	 0
			0 	 0 	 1
		}
		{bone "body"
			{parameters "id=body;"}
			{animation
				{sequence "break" {file "body_b"}{speed 0.5}}
			}
			{matrix34
				0.9998 	 0 	 0.0175
				0.0003 	 0.9998 	 -0.0174
				-0.0174 	 0.0175 	 0.9997
				16.2594 	 0 	 32.9782
			}
			{LODView
				{poly "body"}
				{poly "body_lod1"}
				{poly "body_lod2"}
				{poly "body_lod3"}
			}
			{bone "engine"
				{parameters "id=engine;"}
				{animation
					{sequence "break" {file "engine_b"}{speed 0.5}}
				}
				{Position 23.471 	 0 	 -4.9621}
				{LODView
					{poly "engine"}
					{poly "engine_lod1"}
					{poly "engine_lod2"}
					{poly "engine_lod3"}
				}
				{bone "hudl1"
					{parameters "id=engine;"}
					{matrix34
						0.999 	 0.0076 	 -0.043
						0.0015 	 0.9782 	 0.2079
						0.0436 	 -0.2077 	 0.9772
						0 	 0 	 6.2589
					}
					{LODView
						{poly "hudl1"}
						{poly "hudl1_lod1"}
						{poly "hudl1_lod2"}
						{poly "hudl1_lod3"}
					}
					{bone "hudl2"
						{parameters "id=engine;"}
						{matrix34
							0.999 	 0 	 0.0436
							0 	 1 	 0
							-0.0436 	 0 	 0.999
							0.273 	 0 	 -6.253
						}
						{LODView
							{poly "hudl2"}
							{poly "hudl2_lod1"}
							{poly "hudl2_lod2"}
							{poly "hudl2_lod3"}
						}
						{bone "latticel"
							{parameters "id=engine;"}
							{matrix34
								-0.9699 	 0.2434 	 0
								0.1465 	 0.5838 	 0.7986
								0.1944 	 0.7746 	 -0.6019
								0.7695 	 9.4655 	 -4.2577
							}
							{LODView
								{poly "latticel"}
								{poly "latticel_lod1"}
								{poly "latticel_lod2"}
								{poly "latticel_lod3"}
							}
						}
					}
				}
				{bone "hudr1"
					{parameters "id=engine;"}
					{matrix34
						0.999 	 -0.0038 	 -0.0434
						-0.0031 	 0.9875 	 -0.1577
						0.0435 	 0.1576 	 0.9865
						0 	 0 	 6.2589
					}
					{LODView
						{poly "hudr1"}
						{poly "hudr1_lod1"}
						{poly "hudr1_lod2"}
						{poly "hudr1_lod3"}
					}
					{bone "hudr2"
						{parameters "id=engine;"}
						{matrix34
							0.999 	 0 	 0.0436
							0 	 1 	 0
							-0.0436 	 0 	 0.999
							0.273 	 0 	 -6.253
						}
						{LODView
							{poly "hudr2"}
							{poly "hudr2_lod1"}
							{poly "hudr2_lod2"}
							{poly "hudr2_lod3"}
						}
						{bone "latticer"
							{parameters "id=engine;"}
							{matrix34
								0.9699 	 0.2434 	 0
								0.1499 	 -0.5972 	 0.788
								0.1918 	 -0.7643 	 -0.6157
								2.3327 	 -9.0731 	 -4.2747
							}
							{LODView
								{poly "latticer"}
								{poly "latticer_lod1"}
								{poly "latticer_lod2"}
								{poly "latticer_lod3"}
							}
						}
					}
				}
			}
			{bone "fxlight"
				{Position 39.3958 	 0 	 -4.804}
			}
			{bone "fxsmoke1"
				{matrix34
					-0.342 	 0 	 -0.9397
					0 	 -1 	 0
					-0.9397 	 0 	 0.342
					-29.3865 	 -5.7223 	 -21.0702
				}
			}
			{bone "headlightl"
				{Position 39.3958 	 10.7284 	 -11.1416}
			}
			{bone "headlightr"
				{Position 39.3958 	 -10.7283 	 -11.1416}
			}
			{bone "link2"
				{matrix34
					-1 	 0 	 0
					0 	 -1 	 0
					0 	 0 	 1
					-90.8711 	 0 	 -13.7811
				}
			}
			{bone "visor1"
				{Position 13.4873 	 6.8845 	 8.9677}
			}
			{bone "cabin"
				{parameters "id=cabin;"}
				{animation
					{sequence "break" {file "cabin_b"}{speed 0.5}}
				}
				{LODView
					{poly "cabin"}
					{poly "cabin_lod1"}
					{poly "cabin_lod2"}
					{poly "cabin_lod3"}
				}
				{bone "doorl"
					{parameters "id=cabin;"}
					{matrix34
						0.9643 	 -0.2647 	 0
						0.2647 	 0.9643 	 0
						0 	 0 	 1
						8.4617 	 15.071 	 0.308
					}
					{LODView
						{poly "doorl"}
						{poly "doorl_lod1"}
						{poly "doorl_lod2"}
						{poly "doorl_lod3"}
					}
					{bone "shieldl"
						{parameters "id=cabin;"}
						{matrix34
							0.9799 	 -0.1994 	 0
							0.1994 	 0.9799 	 0
							0 	 0 	 1
							-6.1158 	 1.3902 	 2.1187
						}
						{LODView
							{poly "shieldl"}
							{poly "shieldl_lod1"}
							{poly "shieldl_lod2"}
							{poly "shieldl_lod3"}
						}
					}
					{bone "enumerator"
						{matrix34
							0.9799 	 -0.1996 	 -0.003
							0.1954 	 0.962 	 -0.1908
							0.041 	 0.1863 	 0.9816
							-6.7878 	 0.2167 	 -6.4735
						}
						{poly "enumerator"}
					}
				}
				{bone "doorr"
					{parameters "id=cabin;"}
					{matrix34
						0.9822 	 0.1867 	 0.0206
						-0.187 	 0.9823 	 0.0115
						-0.0181 	 -0.0152 	 0.9997
						8.4617 	 -15.071 	 0.3081
					}
					{LODView
						{poly "doorr"}
						{poly "doorr_lod1"}
						{poly "doorr_lod2"}
						{poly "doorr_lod3"}
					}
					{bone "shieldr"
						{parameters "id=cabin;"}
						{matrix34
							-0.9799 	 -0.1994 	 0
							0.1994 	 -0.9799 	 0
							0 	 0 	 1
							-6.1166 	 -1.4023 	 2.1052
						}
						{LODView
							{poly "shieldr"}
							{poly "shieldr_lod1"}
							{poly "shieldr_lod2"}
							{poly "shieldr_lod3"}
						}
					}
				}
			}
			{bone "bench"
				{parameters "id=body;"}
				{Position -55.7234 	 0 	 4.1995}
				{LODView
					{poly "bench"}
					{poly "bench_lod1"}
					{poly "bench_lod2"}
					{poly "bench_lod3"}
				}
				{bone revolute "turret"
					{parameters "id=turret;"}
					{limits -30 30}
					{speed 0.01}
					{LODView
						{poly "turret"}
						{poly "turret_lod1"}
						{poly "turret_lod2"}
						{poly "turret_lod3"}
					}
					{bone "lever"
						{parameters "id=turret;"}
						{Position 4.5879 	 -9.7124 	 1.8669}
						{LODView
							{poly "lever"}
							{poly "lever_lod1"}
							{poly "lever_lod2"}
							{poly "lever_lod3"}
						}
					}
					{bone revolute "gun_rot"
						{parameters "id=gun;"}
						{limits -15 25}
						{speed 0.08}
						{matrix34
							1 	 0 	 0
							0 	 0 	 1
							0 	 -1 	 0
							-11.9868 	 0 	 14.634
						}
						{LODView
							{poly "gun_rot"}
							{poly "gun_rot_lod1"}
							{poly "gun_rot_lod2"}
							{poly "gun_rot_lod3"}
						}
						{bone "gun"
							{parameters "id=gun;"}
							{animation
								{sequence "break" {file "gun_b"}{speed 0.5}}
							}
							{orientation
								1 	 0 	 0
								0 	 0 	 -1
								0 	 1 	 0
							}
							{LODView
								{poly "gun"}
								{poly "gun_lod1"}
								{poly "gun_lod2"}
								{poly "gun_lod3"}
							}
							{bone "crank"
								{parameters "id=gun;"}
								{LODView
									{poly "crank"}
									{poly "crank_lod1"}
									{poly "crank_lod2"}
									{poly "crank_lod3"}
								}
							}
							{bone "foresight1"
								{Position 86.3498 	 0 	 1.1169}
							}
						}
						{bone "visor"
							{parameters "lastpose=undefined;"}
							{matrix34
								1 	 0 	 0
								0 	 0 	 -1
								0 	 1 	 0
								16.1101 	 -3.4728 	 11.2166
							}
						}
						{bone "visor2"
							{parameters "lastpose=undefined;"}
							{matrix34
								1 	 0 	 0
								0 	 0 	 -1
								0 	 1 	 0
								-0.4615 	 4.8314 	 -7.808
							}
						}
					}
				}
			}
			{bone "commander"
				{matrix34
					0.9962 	 0.087 	 -0.0046
					-0.0872 	 0.9948 	 -0.0521
					0 	 0.0523 	 0.9986
					-1.5879 	 -9.2537 	 -9.1722
				}
			}
			{bone "driver"
				{parameters "lastpose=undefined;"}
				{matrix34
					0.9848 	 -0.1734 	 0.0091
					0.1736 	 0.9835 	 -0.0515
					0 	 0.0523 	 0.9986
					-2.4821 	 6.03 	 -9.9732
				}
			}
			{bone "bodyback"
				{parameters "id=bodyback;"}
				{Position -52.2646 	 -0.0197 	 -9.5597}
				{LODView
					{poly "bodyback"}
					{poly "bodyback_lod1"}
					{poly "bodyback_lod2"}
					{poly "bodyback_lod3"}
				}
				{bone "boardl"
					{parameters "id=bodyback;"}
					{Position -1.3758 	 18.9723 	 -0.0077}
					{LODView
						{poly "boardl"}
						{poly "boardl_lod1"}
						{poly "boardl_lod2"}
						{poly "boardl_lod3"}
					}
				}
				{bone "boardr"
					{parameters "id=bodyback;"}
					{Position -1.3758 	 -18.9557 	 -0.0077}
					{LODView
						{poly "boardr"}
						{poly "boardr_lod1"}
						{poly "boardr_lod2"}
						{poly "boardr_lod3"}
					}
				}
				{bone "standl1"
					{parameters "id=body;"}
					{matrix34
						-0.0296 	 0.8458 	 -0.5326
						-0.9771 	 0.0879 	 0.1939
						0.2108 	 0.5262 	 0.8238
						18.8512 	 12.7126 	 -6.3357
					}
					{LODView
						{poly "standl1"}
						{poly "standl1_lod1"}
						{poly "standl1_lod2"}
						{poly "standl1_lod3"}
					}
				}
				{bone "standl2"
					{parameters "id=body;"}
					{matrix34
						0.148 	 -0.8364 	 0.5277
						0.9687 	 0.2301 	 0.0931
						-0.1993 	 0.4974 	 0.8443
						-26.1544 	 12.8814 	 -6.1853
					}
					{LODView
						{poly "standl2"}
						{poly "standl2_lod1"}
						{poly "standl2_lod2"}
						{poly "standl2_lod3"}
					}
				}
				{bone "standr1"
					{parameters "id=body;"}
					{matrix34
						0.0296 	 0.8458 	 0.5326
						0.9771 	 0.0879 	 -0.1939
						-0.2108 	 0.5262 	 -0.8238
						18.8512 	 -12.7075 	 -6.3357
					}
					{LODView
						{poly "standr1"}
						{poly "standr1_lod1"}
						{poly "standr1_lod2"}
						{poly "standr1_lod3"}
					}
				}
				{bone "standr2"
					{parameters "id=body;"}
					{matrix34
						-0.148 	 -0.8364 	 -0.5277
						-0.9687 	 0.2301 	 -0.0931
						0.1993 	 0.4974 	 -0.8443
						-26.1544 	 -12.8763 	 -6.1853
					}
					{LODView
						{poly "standr2"}
						{poly "standr2_lod1"}
						{poly "standr2_lod2"}
						{poly "standr2_lod3"}
					}
				}
			}
		}
		{bone "pivot_front"
			{Position 43.164 	 0 	 10.5236}
			{bone revolute "align_front"
				{limits -2 2}
				{speed 0.001}
				{matrix34
					0 	 0 	 1
					0 	 -1 	 0
					1 	 0 	 0
					0 	 0 	 0
				}
				{LODView
					{poly "align_front"}
					{poly "align_front_lod1"}
					{poly "align_front_lod2"}
					{poly "align_front_lod3"}
				}
				{bone "steer_l1"
					{parameters "id=wheelleft1;"}
					{matrix34
						0 	 0 	 1
						0 	 -1 	 0
						1 	 0 	 0
						0 	 -19.5119 	 0
					}
					{LODView
						{poly "steer_l1"}
						{poly "steer_l1_lod1"}
						{poly "steer_l1_lod2"}
						{poly "steer_l1_lod3"}
					}
					{bone revolute "wheell1"
						{parameters "id=wheelleft1;"}
						{matrix34
							-0.9939 	 0 	 0.1101
							0.1101 	 0 	 0.9939
							0 	 1 	 0
							0 	 -1.5159 	 0
						}
						{LODView
							{poly "wheell1"}
							{poly "wheell1_lod1"}
							{poly "wheell1_lod2"}
							{poly "wheell1_lod3"}
						}
					}
					{bone "fxtracel1"
						{matrix34
							-0.9659 	 0 	 0.2588
							0 	 -1 	 0
							0.2588 	 0 	 0.9659
							0 	 -1.5159 	 -10.5236
						}
					}
				}
				{bone "steer_r1"
					{parameters "id=wheelright1;"}
					{matrix34
						0 	 0 	 1
						0 	 -1 	 0
						1 	 0 	 0
						0 	 19.5119 	 0
					}
					{LODView
						{poly "steer_r1"}
						{poly "steer_r1_lod1"}
						{poly "steer_r1_lod2"}
						{poly "steer_r1_lod3"}
					}
					{bone revolute "wheelr1"
						{parameters "id=wheelright1;"}
						{matrix34
							-0.9939 	 0 	 0.1101
							0.1101 	 0 	 0.9939
							0 	 1 	 0
							0 	 1.5159 	 0
						}
						{LODView
							{poly "wheelr1"}
							{poly "wheelr1_lod1"}
							{poly "wheelr1_lod2"}
							{poly "wheelr1_lod3"}
						}
					}
					{bone "fxtracer1"
						{matrix34
							-0.9659 	 0 	 0.2588
							0 	 -1 	 0
							0.2588 	 0 	 0.9659
							0 	 1.5159 	 -10.5236
						}
					}
				}
			}
		}
		{bone "pivot_back"
			{parameters "lastpose=undefined;"}
			{Position -39.5022 	 0 	 10.5236}
			{bone "fxtracel2"
				{matrix34
					-0.9962 	 0 	 0.0872
					0 	 -1 	 0
					0.0872 	 0 	 0.9962
					8.0061 	 17.996 	 -10.5236
				}
			}
			{bone "fxtracer2"
				{matrix34
					-0.9962 	 0 	 0.0872
					0 	 -1 	 0
					0.0872 	 0 	 0.9962
					8.0061 	 -17.996 	 -10.5236
				}
			}
			{bone revolute "align_back2"
				{limits -2 2}
				{speed 0.001}
				{matrix34
					0 	 0 	 1
					0 	 -1 	 0
					1 	 0 	 0
					11.4047 	 0 	 0.0938
				}
				{LODView
					{poly "align_back2"}
					{poly "align_back2_lod1"}
					{poly "align_back2_lod2"}
					{poly "align_back2_lod3"}
				}
				{bone revolute "wheell2"
					{parameters "id=wheelleft2;"}
					{matrix34
						0.9939 	 0 	 0.1101
						-0.1101 	 0 	 0.9939
						0 	 -1 	 0
						0 	 -18.2109 	 0
					}
					{LODView
						{poly "wheell2"}
						{poly "wheell2_lod1"}
						{poly "wheell2_lod2"}
						{poly "wheell2_lod3"}
					}
				}
				{bone revolute "wheelr2"
					{parameters "id=wheelright2;"}
					{matrix34
						0.9939 	 0 	 0.1101
						-0.1101 	 0 	 0.9939
						0 	 -1 	 0
						0 	 18.2109 	 0
					}
					{LODView
						{poly "wheelr2"}
						{poly "wheelr2_lod1"}
						{poly "wheelr2_lod2"}
						{poly "wheelr2_lod3"}
					}
				}
			}
			{bone revolute "align_back3"
				{limits -2 2}
				{speed 0.001}
				{matrix34
					0 	 0 	 1
					0 	 -1 	 0
					1 	 0 	 0
					-11.7108 	 0 	 0.0938
				}
				{LODView
					{poly "align_back3"}
					{poly "align_back3_lod1"}
					{poly "align_back3_lod2"}
					{poly "align_back3_lod3"}
				}
				{bone revolute "wheell3"
					{parameters "id=wheelleft2;"}
					{matrix34
						0.9939 	 0 	 0.1101
						-0.1101 	 0 	 0.9939
						0 	 -1 	 0
						0 	 -18.2109 	 0
					}
					{LODView
						{poly "wheell3"}
						{poly "wheell3_lod1"}
						{poly "wheell3_lod2"}
						{poly "wheell3_lod3"}
					}
				}
				{bone revolute "wheelr3"
					{parameters "id=wheelright2;"}
					{matrix34
						0.9939 	 0 	 0.1101
						-0.1101 	 0 	 0.9939
						0 	 -1 	 0
						0 	 18.2109 	 0
					}
					{LODView
						{poly "wheelr3"}
						{poly "wheelr3_lod1"}
						{poly "wheelr3_lod2"}
						{poly "wheelr3_lod3"}
					}
				}
			}
		}
	}
}
{volume "body03"
	{box 27.7838 17.3894 4.58644}
	{bone "body"}
	{Position 24.568 	 0 	 -20.1638}
}
{volume "body04"
	{box 1.47288 46.3195 2.12686}
	{bone "body"}
	{Position 39.0811 	 0 	 -16.0023}
}
{volume "body07"
	{polyhedron}
	{bone "body"}
	{matrix34
		1 	 0 	 0
		0 	 0 	 1
		0 	 -1 	 0
		27.3824 	 -18.2677 	 -12.8159
	}
}
{volume "body08"
	{polyhedron}
	{bone "body"}
	{matrix34
		-1 	 0 	 0
		0 	 0 	 1
		0 	 1 	 0
		27.3823 	 18.2677 	 -12.8159
	}
}
{volume "body09"
	{polyhedron}
	{bone "body"}
	{matrix34
		0.9877 	 0 	 0.1564
		0 	 1 	 0
		-0.1564 	 0 	 0.9877
		-0.9871 	 18.1272 	 -24.8676
	}
}
{volume "body10"
	{box 19.0301 10.2102 0.899167}
	{bone "body"}
	{Position -1.355 	 -18.0595 	 -22.7709}
}
{volume "body11"
	{box 12.2744 10.2102 0.899167}
	{bone "body"}
	{matrix34
		0.7071 	 0 	 0.7071
		0 	 1 	 0
		-0.7071 	 0 	 0.7071
		13.0459 	 18.4849 	 -19.2807
	}
}
{volume "body12"
	{box 12.2744 10.2102 0.899167}
	{bone "body"}
	{matrix34
		0.7071 	 0 	 0.7071
		0 	 1 	 0
		-0.7071 	 0 	 0.7071
		13.0459 	 -18.4647 	 -19.2807
	}
}
{volume "bodyback01"
	{box 82.9486 37.379 0.871929}
	{bone "bodyback"}
	{Position 0 	 0 	 0.0127}
}
{volume "bodyback02"
	{box 12.8284 6.75465 36.9059}
	{bone "bodyback"}
	{matrix34
		1 	 0 	 0
		0 	 0 	 1
		0 	 -1 	 0
		35.2204 	 -0.0291 	 3.7275
	}
}
{volume "bodyback03"
	{box 10.8284 6.75465 36.9059}
	{bone "bodyback"}
	{matrix34
		1 	 0 	 0
		0 	 0 	 1
		0 	 -1 	 0
		-37.177 	 -0.0291 	 3.7275
	}
}
{volume "bodyback04"
	{box 1.2431 37.5292 17.9345}
	{bone "bodyback"}
	{Position -42.4243 	 0.0197 	 6.0114}
}
{volume "bodyback05"
	{box 1.2431 37.5292 17.4345}
	{bone "bodyback"}
	{Position 41.581 	 0.0197 	 6.2615}
}
{volume "bodyback06"
	{polyhedron}
	{bone "bodyback"}
	{Position 33.5768 	 18.6411 	 -2.9558}
}
{volume "bodyback07"
	{polyhedron}
	{bone "bodyback"}
	{Position 33.5768 	 -18.586 	 -2.9558}
}
{volume "bodyback08"
	{polyhedron}
	{bone "bodyback"}
	{Position -35.51 	 18.6397 	 -2.9558}
}
{volume "bodyback09"
	{polyhedron}
	{bone "bodyback"}
	{Position -35.51 	 -18.586 	 -2.9558}
}
{volume "bodyback10"
	{polyhedron}
	{bone "boardr"}
	{Position 0 	 -0.3525 	 0.4045}
}
{volume "bodyback11"
	{polyhedron}
	{bone "boardl"}
	{Position 0 	 0.3665 	 0.4045}
}
{volume "cabin01"
	{box 1.36902 28.0446 30.6561}
	{bone "cabin"}
	{Position 9.6602 	 0.0076 	 0.2015}
}
{volume "cabin02"
	{polyhedron}
	{bone "cabin"}
	{matrix34
		-1 	 0 	 0
		0 	 0 	 1
		0 	 1 	 0
		0 	 -9.0637 	 -18.1619
	}
}
{volume "cabin03"
	{polyhedron}
	{bone "cabin"}
	{Position -10.6091 	 0.0863 	 -15.2757}
}
{volume "cabin04"
	{polyhedron}
	{bone "cabin"}
	{Position -0.0638 	 -0.0305 	 15.3032}
}
{volume "cabin05"
	{box 2.00075 30.621 1.1423}
	{bone "cabin"}
	{matrix34
		0.9781 	 0.2079 	 0
		0 	 0 	 1
		0.2079 	 -0.9781 	 0
		9.243 	 -14.3487 	 0.1047
	}
}
{volume "cabin06"
	{box 6.46787 30.4758 1.03098}
	{bone "cabin"}
	{matrix34
		0.9781 	 0.2079 	 0
		0 	 0 	 1
		0.2079 	 -0.9781 	 0
		-7.2053 	 -18.0886 	 0.0143
	}
}
{volume "cabin07"
	{box 2.00075 30.621 1.1423}
	{bone "cabin"}
	{matrix34
		0.9877 	 -0.1564 	 0
		0 	 0 	 1
		-0.1564 	 -0.9877 	 0
		9.472 	 14.75 	 0.1047
	}
}
{volume "cabin08"
	{box 6.46787 30.4758 1.03098}
	{bone "cabin"}
	{matrix34
		0.9781 	 -0.2079 	 0
		0 	 0 	 1
		-0.2079 	 -0.9781 	 0
		-7.4197 	 18.2753 	 0.0143
	}
}
{volume "doorl"
	{box 12.8669 0.781758 29.8198}
	{bone "doorl"}
	{matrix34
		0.9794 	 -0.202 	 -0.0064
		0.202 	 0.9794 	 0.0012
		0.006 	 -0.0025 	 1
		-6.1978 	 0.9767 	 0.119
	}
}
{volume "doorr"
	{box 12.8669 0.781758 29.8198}
	{bone "doorr"}
	{matrix34
		0.9781 	 0.2079 	 0
		-0.2079 	 0.9781 	 0
		0 	 0 	 1
		-6.2876 	 -0.9789 	 0.1193
	}
}
{volume "engine"
	{polyhedron}
	{bone "engine"}
	{Position 0.0656 	 0 	 -12.9378}
}
{volume "gun01"
	{cylinder 1.45547 34.4732}
	{bone "gun"}
	{matrix34
		0 	 0 	 -1
		0 	 1 	 0
		1 	 0 	 0
		59.5569 	 0 	 -0.4347
	}
}
{volume "gun02"
	{cylinder 2.09588 45.2895}
	{bone "gun"}
	{matrix34
		0 	 0 	 -1
		0 	 1 	 0
		1 	 0 	 0
		19.6694 	 0 	 -0.2179
	}
}
{volume "gun03"
	{box 7.75386 4.99512 7.76243}
	{bone "gun"}
	{Position -4.6196 	 0 	 -1.6728}
}
{volume "gun_rot01"
	{polyhedron}
	{bone "gun_rot"}
	{matrix34
		0 	 -1 	 0
		0 	 0 	 -1
		1 	 0 	 0
		1.7566 	 3.8961 	 0
	}
}
{volume "gun_rot02"
	{polyhedron}
	{bone "gun_rot"}
	{matrix34
		0 	 -1 	 0
		0 	 0 	 -1
		1 	 0 	 0
		23.3971 	 -0.2057 	 0
	}
}
{volume "gun_rot03"
	{polyhedron}
	{bone "gun_rot"}
	{matrix34
		1 	 0 	 0
		0 	 0 	 -1
		0 	 1 	 0
		18.6104 	 -5.9296 	 0
	}
}
{volume "shieldl"
	{polyhedron}
	{bone "shieldl"}
	{Position 0 	 -0.0443 	 0}
}
{volume "shieldr"
	{polyhedron}
	{bone "shieldr"}
	{matrix34
		-1 	 0 	 0
		0 	 -1 	 0
		0 	 0 	 1
		-0.0276 	 -0.0179 	 0.0135
	}
}
{volume "standl1"
	{polyhedron}
	{bone "standl1"}
	{matrix34
		-0.9998 	 0.0165 	 0.011
		-0.0125 	 -0.0927 	 -0.9956
		-0.0154 	 -0.9956 	 0.0929
		-0.0048 	 1.2881 	 -0.2885
	}
}
{volume "standl2"
	{polyhedron}
	{bone "standl2"}
	{matrix34
		-0.9996 	 -0.0233 	 0.0187
		-0.0172 	 -0.0607 	 -0.998
		0.0243 	 -0.9979 	 0.0603
		-0.0078 	 -0.0252 	 -0.4524
	}
}
{volume "standr1"
	{polyhedron}
	{bone "standr1"}
	{matrix34
		-0.9997 	 0.0227 	 0.0005
		0.003 	 0.107 	 0.9943
		0.0225 	 0.994 	 -0.1071
		-0.1532 	 0.0435 	 0.366
	}
}
{volume "standr2"
	{polyhedron}
	{bone "standr2"}
	{matrix34
		-0.9997 	 -0.0137 	 0.02
		0.0191 	 0.0629 	 0.9978
		-0.015 	 0.9979 	 -0.0626
		0.0086 	 0.0283 	 0.449
	}
}
{volume "turret01"
	{polyhedron}
	{bone "turret"}
	{Position 0 	 0 	 -8.6346}
}
{volume "turret02"
	{cylinder 4.16907 1.63089}
	{bone "turret"}
	{matrix34
		1 	 0 	 0
		0 	 0 	 -1
		0 	 1 	 0
		1.7448 	 9.9806 	 5.2171
	}
}
{volume "turret03"
	{box 10.8844 11.8586 6.13167}
	{bone "turret"}
	{Position 0.0431 	 -0.1267 	 4.4885}
}
{volume "turret04"
	{polyhedron}
	{bone "turret"}
	{Position -4.5293 	 5.2806 	 0.0204}
}
{volume "turret05"
	{box 6.20283 7.78799 6.64629}
	{bone "turret"}
	{Position -8.8985 	 9.4852 	 -2.3263}
}
{volume "turret06"
	{cylinder 2.21377 9.54892}
	{bone "turret"}
	{matrix34
		1 	 0 	 0
		0 	 0 	 -1
		0 	 1 	 0
		-0.1469 	 -10.0019 	 8.4927
	}
}
{volume "turret07"
	{box 4.27585 13.9458 11.1235}
	{bone "turret"}
	{matrix34
		0.9336 	 0 	 -0.3584
		0.3584 	 0 	 0.9336
		0 	 -1 	 0
		-8.7817 	 -0.4393 	 -0.9083
	}
}
{volume "turret08"
	{box 7.71241 7.84931 1.79278}
	{bone "turret"}
	{Position -11.1597 	 -11.0116 	 -3.0942}
}
{volume "wheelleft1"
	{cylinder 10.6299 3.93941}
	{bone "wheell1"}
	{Position 0 	 0 	 -0.476}
}
{volume "wheelleft2"
	{cylinder 10.6299 8.85827}
	{bone "wheell2"}
}
{volume "wheelleft3"
	{cylinder 10.6299 8.85827}
	{bone "wheell3"}
	{Position 0 	 0 	 0}
}
{volume "wheelright1"
	{cylinder 10.6299 3.93941}
	{bone "wheelr1"}
	{Position 0 	 0 	 0.4763}
}
{volume "wheelright2"
	{cylinder 10.6299 8.8579}
	{bone "wheelr2"}
}
{volume "wheelright3"
	{cylinder 10.6299 8.8579}
	{bone "wheelr3"}
}
