;Exported by:	 tolokolnikova
;Date:			 16.03.2017 16:50:59
;File:			 D:\gem2\gem2-mdl-soldiers\models\entourage\telega\Telega.max
{skeleton
	{bone "telega_kyzov"
		{orientation
			1 	 0 	 0
			0 	 -1 	 0
			0 	 0 	 1
		}
		{poly "telega_kyzov"}
		{bone "detail1"
			{matrix34
				0.9897 	 -0.0893 	 0.1116
				-0.0216 	 0.6784 	 0.7344
				-0.1413 	 -0.7293 	 0.6695
				13.6392 	 0.4438 	 11.5734
			}
			{poly "detail1"}
		}
		{bone "detail2"
			{matrix34
				0.9725 	 -0.1006 	 0.21
				-0.095 	 0.6517 	 0.7525
				-0.2126 	 -0.7518 	 0.6242
				-17.6432 	 -21.4685 	 -1.0876
			}
			{poly "detail2"}
		}
		{bone "detail3"
			{matrix34
				-0.358 	 0.3755 	 0.8549
				-0.0851 	 -0.9249 	 0.3706
				0.9298 	 0.06 	 0.3631
				2.5387 	 -18.729 	 5.6769
			}
			{poly "detail3"}
		}
	}
}
{area "rectangle007"
	{obb2
		{center -2.10658 -0.645229}
		{extent 18.8789 32.9}
		{axis -1 0}
	}
	{rotate}
}
{volume "wood01"
	{box 17.1939 58.0026 2.17204}
	{bone "telega_kyzov"}
	{matrix34
		0.9672 	 -0.0601 	 0.2468
		0.061 	 0.9981 	 0.004
		-0.2466 	 0.0112 	 0.9691
		4.7026 	 2.3179 	 3.5492
	}
}
{volume "wood02"
	{box 0.898757 58.0026 14.3384}
	{bone "telega_kyzov"}
	{matrix34
		0.8111 	 -0.0578 	 0.582
		0.0183 	 0.9971 	 0.0735
		-0.5846 	 -0.0489 	 0.8099
		-7.1115 	 4.8463 	 6.7111
	}
}
{volume "wood03"
	{box 0.898757 58.0026 16.6726}
	{bone "telega_kyzov"}
	{matrix34
		0.9283 	 -0.0513 	 -0.3684
		0.0601 	 0.9981 	 0.0125
		0.367 	 -0.0338 	 0.9296
		12.7879 	 -0.9641 	 10.5811
	}
}
{volume "wood04"
	{box 18.1972 0.777569 7.07801}
	{bone "telega_kyzov"}
	{matrix34
		0.9955 	 -0.0569 	 0.0756
		0.0651 	 0.9916 	 -0.1114
		-0.0686 	 0.1158 	 0.9909
		4.5402 	 30.4942 	 5.0843
	}
}
{volume "wood05"
	{box 18.1972 0.777569 6.22865}
	{bone "telega_kyzov"}
	{matrix34
		0.982 	 -0.0605 	 0.1791
		0.08 	 0.9914 	 -0.1038
		-0.1713 	 0.1162 	 0.9783
		-0.5152 	 -27.8909 	 3.7072
	}
}
