;Exported by	: joomb
;Date			: 13.04.2023 14:30:52
;File			: H:\git\gem2-mdl-soldiers\models\building\building_ua01\building_ua03_v2.max
{skeleton
	{bone "b_ua_03_piece01"
		{orientation
			1 	 0 	 0
			0 	 -1 	 0
			0 	 0 	 1
		}
		{poly "b_ua_03_piece01"}
		{bone "window1"
			{matrix34
				0 	 -1 	 0
				1 	 0 	 0
				0 	 0 	 1
				4.6588 	 -29.546 	 -33.8748
			}
			{poly "window1"}
		}
		{bone "window2"
			{matrix34
				-1 	 0 	 0
				0 	 -1 	 0
				0 	 0 	 1
				-32.2239 	 -2.9177 	 -33.8748
			}
			{poly "window2"}
		}
		{bone "fort_wall"
			{matrix34
				-1 	 0 	 0
				0 	 -1 	 0
				0 	 0 	 1
				-9.2199 	 -35.8211 	 -57.3124
			}
		}
		{bone "window1_x"
			{matrix34
				0 	 -1 	 0
				1 	 0 	 0
				0 	 0 	 1
				4.6588 	 -29.546 	 -33.8748
			}
			{poly "window1_x"}
		}
		{bone "window2_x"
			{matrix34
				-1 	 0 	 0
				0 	 -1 	 0
				0 	 0 	 1
				-32.2239 	 -2.9177 	 -33.8748
			}
			{poly "window2_x"}
		}
		{bone revolute "attach1"
			{matrix34
				-1 	 0 	 0
				0 	 -1 	 0
				0 	 0 	 1
				-13.3096 	 -2.9546 	 -59.5292
			}
		}
		{bone revolute "attach2"
			{matrix34
				0 	 -1 	 0
				1 	 0 	 0
				0 	 0 	 1
				7.5935 	 -10.1104 	 -59.5292
			}
		}
		{bone "fort_window_02"
			{matrix34
				-0.0522 	 -0.9986 	 0
				0.9986 	 -0.0522 	 0
				0 	 0 	 1
				4.6588 	 -32.7695 	 -33.8748
			}
		}
		{bone "fort_window_01"
			{matrix34
				-0.9986 	 0.0522 	 0
				-0.0522 	 -0.9986 	 0
				0 	 0 	 1
				-36.4067 	 -1.8643 	 -33.8748
			}
		}
	}
}
{"volumes"
	{"body01"
		{box 38.08 5.90551 49.7148}
		{bone "b_ua_03_piece01"}
		{matrix34
			0 	 -1 	 0
			1 	 0 	 0
			0 	 0 	 1
			-30.23 	 -5.4307 	 -34.6068
		}
	}
	{"body02"
		{box 67.6884 5.90551 46.7319}
		{bone "b_ua_03_piece01"}
		{Position 0.4817 	 -27.5036 	 -36.0983}
	}
	{"body03"
		{box 33.6649 3.01837 2.59202}
		{bone "b_ua_03_piece01"}
		{matrix34
			0 	 -1 	 0
			1 	 0 	 0
			0 	 0 	 1
			-59.5671 	 -13.2363 	 -40.4292
		}
	}
	{"body04"
		{box 99.1353 3.01837 2.59202}
		{bone "b_ua_03_piece01"}
		{Position -11.5953 	 -57.9615 	 -40.4292}
	}
	{"hole1"
		{box 7.87402 13.1774 16.1973}
		{bone "b_ua_03_piece01"}
		{matrix34
			-1 	 0 	 0
			0 	 -1 	 0
			0 	 0 	 1
			-32.0463 	 -2.3764 	 -33.799
		}
	}
	{"hole2"
		{box 7.87402 13.1774 16.1973}
		{bone "b_ua_03_piece01"}
		{matrix34
			0 	 -1 	 0
			1 	 0 	 0
			0 	 0 	 1
			4.5495 	 -28.654 	 -33.799
		}
	}
	{"roof01"
		{polyhedron}
		{bone "b_ua_03_piece01"}
		{matrix34
			1 	 0 	 0
			0 	 0.7719 	 -0.6357
			0 	 0.6357 	 0.7719
			-46.4157 	 -69.6858 	 -14.3833
		}
	}
	{"roof02"
		{box 28.4227 1.9685 86.5436}
		{bone "b_ua_03_piece01"}
		{matrix34
			1 	 0 	 0
			0 	 0.7719 	 -0.6357
			0 	 0.6357 	 0.7719
			20.0111 	 -42.1778 	 19.0197
		}
	}
	{"roof03"
		{box 24.5023 1.9685 62.3114}
		{bone "b_ua_03_piece01"}
		{matrix34
			1 	 0 	 0
			0 	 0.7719 	 -0.6357
			0 	 0.6357 	 0.7719
			-3.6773 	 -49.88 	 9.6668
		}
	}
	{"roof04"
		{box 24.5023 1.9685 49.8491}
		{bone "b_ua_03_piece01"}
		{matrix34
			1 	 0 	 0
			0 	 0.7719 	 -0.6357
			0 	 0.6357 	 0.7719
			-24.3854 	 -53.8412 	 4.8568
		}
	}
	{"roof05"
		{polyhedron}
		{bone "b_ua_03_piece01"}
		{matrix34
			0 	 -1 	 0
			0.8703 	 0 	 -0.4926
			0.4926 	 0 	 0.8703
			-71.5223 	 -6.9021 	 -12.6528
		}
	}
	{"roof06"
		{polyhedron}
		{bone "b_ua_03_piece01"}
		{matrix34
			0 	 -1 	 0
			0.8703 	 0 	 -0.4926
			0.4926 	 0 	 0.8703
			-71.5223 	 15.6625 	 -12.6528
		}
	}
	{"roof07"
		{box 20.4643 1.9685 10.3852}
		{bone "b_ua_03_piece01"}
		{matrix34
			1 	 0 	 0
			0 	 0.7719 	 -0.6357
			0 	 0.6357 	 0.7719
			43.5236 	 -29.1014 	 34.8984
		}
	}
	{"window1"
		{box 1.9685 13.1774 16.1973}
		{bone "window1"}
		{Position -2.2922 	 -0.2712 	 -0.0146}
	}
	{"window2"
		{box 1.9685 13.1774 16.1973}
		{bone "window2"}
		{Position -2.0616 	 -0.2507 	 -0.0146}
	}
}
