;Exported by	: KobaA
;Date			: 17.04.2024 14:48:50
;File			: d:\git\gem2-mdl-soldiers\models\building\shed_village_001\villige_fort_.max
{skeleton
	{bone "sh_vill_sm_piece_002"
		{orientation
			1 	 0 	 0
			0 	 -1 	 0
			0 	 0 	 1
		}
		{poly "sh_vill_sm_piece_002"}
		{bone "exterior"
			{Position -0.0733 	 -0.3075 	 24.1461}
			{poly "exterior"}
		}
	}
}
{area "interior"
	{obb2
		{center 1.36139 3.80185}
		{extent 16.8826 19.2444}
		{axis -1 0}
	}
	{rotate}
}
{"volumes"
	{"body1"
		{box 5.90551 8.0979 50.4196}
		{bone "sh_vill_sm_piece_002"}
		{Position -18.6899 	 11.7878 	 -5.8553}
	}
	{"body2"
		{polyhedron}
		{bone "sh_vill_sm_piece_002"}
		{matrix34
			0 	 -1 	 0
			1 	 0 	 0
			0 	 0 	 1
			1.1773 	 18.6694 	 -31.0651
		}
	}
	{"body3"
		{box 5.90551 21.4732 8.71865}
		{bone "sh_vill_sm_piece_002"}
		{matrix34
			-1 	 0 	 0
			0 	 -1 	 0
			0 	 0 	 1
			21.1227 	 10.7274 	 24.4549
		}
	}
	{"body4"
		{box 5.90551 8.0424 18.747}
		{bone "sh_vill_sm_piece_002"}
		{matrix34
			-1 	 0 	 0
			0 	 -1 	 0
			0 	 0 	 1
			21.1227 	 17.4568 	 -21.6916
		}
	}
	{"body5"
		{polyhedron}
		{bone "sh_vill_sm_piece_002"}
		{matrix34
			-1 	 0 	 0
			0 	 -1 	 0
			0 	 0 	 1
			21.1227 	 17.4568 	 -12.3633
		}
	}
	{"body6"
		{box 5.90551 5.68906 17.7425}
		{bone "sh_vill_sm_piece_002"}
		{matrix34
			-1 	 0 	 0
			0 	 -0.9659 	 -0.2588
			0 	 -0.2588 	 0.9659
			21.1227 	 5.0074 	 13.3471
		}
	}
	{"roof1"
		{box 25.8309 27.062 0.984252}
		{bone "exterior"}
		{matrix34
			0.9753 	 0 	 0.2211
			0 	 1 	 0
			-0.2211 	 0 	 0.9753
			11.8021 	 10.0625 	 2.7701
		}
	}
	{"roof2"
		{box 24.3688 37.6436 0.984252}
		{bone "exterior"}
		{matrix34
			0.9753 	 0 	 0.2211
			0 	 1 	 0
			-0.2211 	 0 	 0.9753
			-12.8171 	 5.2901 	 -2.8108
		}
	}
}
