;Exported by:	 Oleksandr Tsaprylov
;Date:			 04.01.2021 11:12:17
;File:			 E:\projects\gem2-mdl-soldiers\models\entourage\beam_wood\new_wood_updateX.max
{skeleton
	{bone "beam_g2_x_basis"
		{orientation
			1 	 0 	 0
			0 	 -1 	 0
			0 	 0 	 1
		}
		{bone "piece07"
			{Position 4.5208 	 0.9005 	 10.601}
			{poly "piece07"}
		}
		{bone "piece05"
			{matrix34
				0.9936 	 0.113 	 0
				-0.113 	 0.9936 	 0
				0 	 0 	 1
				4.4675 	 -17.8604 	 14.5649
			}
			{poly "piece05"}
		}
		{bone "piece06"
			{Position -2.3758 	 -21.624 	 16.1198}
			{poly "piece06"}
		}
		{bone "piece03"
			{matrix34
				0.9902 	 0.1397 	 0
				-0.1397 	 0.9902 	 0
				0 	 0 	 1
				-3.7612 	 17.3664 	 16.0801
			}
			{poly "piece03"}
		}
		{bone "piece01"
			{matrix34
				0.7661 	 -0.6427 	 0
				0.6427 	 0.7661 	 0
				0 	 0 	 1
				-13.4833 	 -16.0742 	 8.7239
			}
			{poly "piece01"}
		}
		{bone "piece02"
			{matrix34
				0.9638 	 -0.2668 	 0
				0.2668 	 0.9638 	 0
				0 	 0 	 1
				-12.5175 	 17.9932 	 8.7398
			}
			{poly "piece02"}
		}
		{bone "fx_wood1"
			{parameters "lastpose=undefined;"}
		}
		{bone "fx_wood"
			{parameters "lastpose=undefined;"}
		}
		{bone "piece09"
			{matrix34
				0.0073 	 0.4536 	 -0.8912
				-0.2365 	 0.8667 	 0.4392
				0.9716 	 0.2076 	 0.1136
				3.0547 	 20.9377 	 16.5354
			}
			{poly "piece09"}
		}
		{bone "fx_dust1"
			{parameters "lastpose=undefined;"}
		}
		{bone "piece04"
			{Position -4.0491 	 4.9681 	 8.3234}
			{poly "piece04"}
		}
		{bone "piece08"
			{Position -9.6917 	 -3.441 	 16.1395}
			{poly "piece08"}
		}
		{bone "piece10"
			{Position -4.0493 	 1.9843 	 22.0048}
			{poly "piece10"}
		}
	}
}
{volume "piece01"
	{box 5.08545 19.8587 4.99347}
	{bone "piece01"}
	{matrix34
		0.8468 	 0.5319 	 -0.0039
		-0.5319 	 0.8467 	 -0.0161
		-0.0052 	 0.0157 	 0.9999
		-0.0727 	 1.4343 	 -0.0263
	}
}
{volume "piece02_"
	{box 3.9198 33.1219 3.92364}
	{bone "piece02"}
	{matrix34
		0.9839 	 0.1786 	 -0.0046
		-0.1786 	 0.9839 	 0.0017
		0.0049 	 -0.0009 	 1
		0.0803 	 -0.2785 	 0.0241
	}
}
{volume "piece03"
	{box 4.07942 35.1183 4.28707}
	{bone "piece03"}
	{matrix34
		0.9914 	 -0.1306 	 0.0041
		0.1306 	 0.9914 	 0.007
		-0.005 	 -0.0064 	 1
		-0.074 	 0.757 	 0.0243
	}
}
{volume "piece04"
	{box 6.78125 78.7043 6.7879}
	{bone "piece04"}
	{matrix34
		1 	 -0.0008 	 -0.0046
		0.0008 	 1 	 0.0017
		0.0046 	 -0.0017 	 1
		-0.1987 	 0.0004 	 -0.1552
	}
}
{volume "piece05_"
	{box 3.54733 28.1049 3.14468}
	{bone "piece05"}
	{matrix34
		0.9995 	 -0.0327 	 0
		0.0325 	 0.9909 	 0.1305
		-0.0043 	 -0.1305 	 0.9914
		0.0259 	 0.5385 	 0.4802
	}
}
{volume "piece06_"
	{box 3.54733 29.8988 3.84213}
	{bone "piece06"}
	{matrix34
		0.9996 	 -0.0286 	 -0.0011
		0.0286 	 0.9996 	 0.0055
		0.001 	 -0.0055 	 1
		-0.0401 	 0.5071 	 -0.0625
	}
}
{volume "piece07"
	{box 4.01522 17.428 3.90594}
	{bone "piece07"}
	{matrix34
		0.9733 	 0.2293 	 0.0135
		-0.229 	 0.9733 	 -0.0168
		-0.017 	 0.0132 	 0.9998
		0.1173 	 0.8391 	 0.0314
	}
}
{volume "piece08_"
	{box 4.95031 70.8339 5.22668}
	{bone "piece08"}
	{matrix34
		1 	 -0.0008 	 -0.0046
		0.001 	 0.9989 	 0.046
		0.0046 	 -0.046 	 0.9989
		0.0006 	 -0.0404 	 0.1301
	}
}
{volume "piece09_"
	{box 3.36996 20.1143 3.23182}
	{bone "piece09"}
	{matrix34
		0.8868 	 -0.4574 	 -0.0661
		0.4612 	 0.885 	 0.0638
		0.0293 	 -0.0871 	 0.9958
		0.023 	 -1.0636 	 0.0371
	}
}
{volume "piece10"
	{box 4.50478 44.6112 4.18134}
	{bone "piece10"}
	{matrix34
		0.9596 	 -0.2809 	 -0.0174
		0.2815 	 0.958 	 0.0549
		0.0012 	 -0.0576 	 0.9983
		-0.3822 	 0.1135 	 -0.0536
	}
}
