;Exported by:	 tolokolnikova
;Date:			 13.12.2017 19:51:18
;File:			 D:\gem2\gem2-mdl-soldiers\models\building\building_ua01\building_ua01_2v_x.max
{skeleton
	{bone "b_ua_01_piece04_point"
		{orientation
			1 	 0 	 0
			0 	 -1 	 0
			0 	 0 	 1
		}
		{bone "piece01"
			{matrix34
				0 	 1 	 0
				-1 	 0 	 0
				0 	 0 	 1
				33.0068 	 -1.6517 	 -25.4506
			}
			{poly "piece01"}
		}
		{bone "piece02"
			{matrix34
				0 	 0.9397 	 -0.342
				-1 	 0 	 0
				0 	 0.342 	 0.9397
				33.0068 	 -20.9915 	 -19.0007
			}
			{poly "piece02"}
		}
		{bone "sub_piece01"
			{matrix34
				0 	 1 	 0
				-1 	 0 	 0
				0 	 0 	 1
				33.0068 	 21.0654 	 -18.1793
			}
			{poly "sub_piece01"}
		}
		{bone "piece03"
			{matrix34
				0 	 -0.6428 	 -0.766
				-1 	 0 	 0
				0 	 0.766 	 -0.6428
				33.0068 	 7.8265 	 -11.0512
			}
			{poly "piece03"}
		}
		{bone "b_ua_01_piece04"
			{Position -82.1333 	 -46.9315 	 -59.3652}
			{poly "b_ua_01_piece04"}
		}
		{bone "sub_piece02"
			{matrix34
				0 	 1 	 0
				-0.766 	 0 	 -0.6428
				-0.6428 	 0 	 0.766
				31.6191 	 -6.7059 	 6.2567
			}
			{poly "sub_piece02"}
		}
		{bone "sub_piece03"
			{matrix34
				-1 	 0 	 0
				0 	 -0.766 	 -0.6428
				0 	 -0.6428 	 0.766
				-5.9901 	 31.3299 	 3.7607
			}
			{poly "sub_piece03"}
		}
		{bone revolute "attach1"
			{matrix34
				0 	 1 	 0
				-1 	 0 	 0
				0 	 0 	 1
				-14.7703 	 11.069 	 -52.5524
			}
		}
		{bone "debris_land_001"
			{parameters "commonmesh;land;ground;"}
			{matrix34
				-1 	 0 	 0
				0 	 -1 	 0
				0 	 0 	 1
				47.5476 	 11.4127 	 -52.5399
			}
			{poly "debris_land_001" {ground}}
		}
		{bone "fort_wall"
			{matrix34
				0 	 -1 	 0
				1 	 0 	 0
				0 	 0 	 1
				43.5972 	 3.4046 	 -51.1836
			}
		}
		{bone "stones_001"
			{parameters "commonmesh;land;ground;"}
			{matrix34
				-1 	 0 	 0
				0 	 -1 	 0
				0 	 0 	 1
				47.5342 	 11.4127 	 -52.5399
			}
			{poly "stones_001" {ground}}
		}
		{bone "sub_piece05"
			{matrix34
				-1 	 0 	 0
				0 	 -1 	 0
				0 	 0 	 1
				-33.0707 	 27.7634 	 -27.9265
			}
			{poly "sub_piece05"}
		}
		{bone "piece04"
			{matrix34
				-1 	 0 	 0
				0 	 -1 	 0
				0 	 0 	 1
				-33.2291 	 27.6743 	 -14.2459
			}
			{poly "piece04"}
		}
		{bone "piece06"
			{matrix34
				0.8192 	 0 	 -0.5736
				0 	 -1 	 0
				-0.5736 	 0 	 -0.8192
				-12.6533 	 27.7377 	 -13.4518
			}
			{poly "piece06"}
		}
		{bone "piece05"
			{matrix34
				-1 	 0 	 0
				0 	 -1 	 0
				0 	 0 	 1
				6.4305 	 27.6482 	 -17.6836
			}
			{poly "piece05"}
		}
		{bone "sub_piece04"
			{matrix34
				-1 	 0 	 0
				0 	 -1 	 0
				0 	 0 	 1
				26.29 	 27.7479 	 -12.9996
			}
			{poly "sub_piece04"}
		}
		{bone "piece07"
			{matrix34
				0 	 0.342 	 -0.9397
				-1 	 0 	 0
				0 	 0.9397 	 0.342
				33.0068 	 -9.9279 	 -10.3548
			}
			{poly "piece07"}
		}
		{bone revolute "attach2"
			{parameters "lastpose=undefined;"}
			{matrix34
				1 	 0 	 0
				0 	 1 	 0
				0 	 0 	 1
				17.3111 	 -7.9376 	 -52.5524
			}
		}
	}
}
{volume "piece01"
	{box 20.0029 5.90551 14.4234}
	{bone "piece01"}
	{Position -0.4994 	 0 	 -0.5697}
}
{volume "piece02"
	{box 9.43533 5.90551 12.1708}
	{bone "piece02"}
	{matrix34
		0.8192 	 0 	 0.5736
		0 	 1 	 0
		-0.5736 	 0 	 0.8192
		-0.2414 	 0 	 -0.6215
	}
}
{volume "piece03"
	{box 9.43533 5.90551 12.1708}
	{bone "piece03"}
	{matrix34
		0.8192 	 0 	 0.5736
		0 	 1 	 0
		-0.5736 	 0 	 0.8192
		-0.2313 	 0 	 -0.4293
	}
}
{volume "piece04"
	{box 12.5804 5.90551 11.7207}
	{bone "piece04"}
	{Position -0.0488 	 0 	 -1.1016}
}
{volume "piece05"
	{box 12.5804 5.90551 20.6284}
	{bone "piece05"}
	{Position 0.7045 	 0 	 -0.1038}
}
{volume "piece06"
	{box 9.43533 5.90551 12.1708}
	{bone "piece06"}
	{matrix34
		0.8192 	 0 	 0.5736
		0 	 1 	 0
		-0.5736 	 0 	 0.8192
		-0.2414 	 0 	 -0.6215
	}
}
{volume "piece07"
	{box 9.43533 5.90551 12.1708}
	{bone "piece07"}
	{matrix34
		0.8192 	 0 	 0.5736
		0 	 1 	 0
		-0.5736 	 0 	 0.8192
		-1.5994 	 0 	 0.0687
	}
}
{volume "sub_piece01"
	{box 12.5804 5.90551 10.9331}
	{bone "sub_piece01"}
	{matrix34
		0.9397 	 0 	 0.342
		0 	 1 	 0
		-0.342 	 0 	 0.9397
		-0.98 	 0 	 0.4897
	}
}
{volume "sub_piece02"
	{box 8.30309 2.99213 28.0546}
	{bone "sub_piece02"}
	{Position -3.3728 	 0.3965 	 -1.9333}
}
{volume "sub_piece03"
	{box 8.30309 3.4252 28.0546}
	{bone "sub_piece03"}
	{Position -2.7182 	 0.4255 	 -3.1302}
}
{volume "sub_piece04"
	{box 12.5804 5.90551 10.9331}
	{bone "sub_piece04"}
	{matrix34
		0.9397 	 0 	 0.342
		0 	 1 	 0
		-0.342 	 0 	 0.9397
		-0.98 	 0 	 0.4897
	}
}
{volume "sub_piece05"
	{box 8.00116 5.90551 8.07709}
	{bone "sub_piece05"}
	{Position 0.0096 	 0 	 0.6309}
}
{volume "target_vol_001"
	{box 9.84252 9.84252 15.6501}
	{bone "b_ua_01_piece04_point"}
	{matrix34
		0 	 1 	 0
		-1 	 0 	 0
		0 	 0 	 1
		-14.7703 	 11.069 	 -34.3525
	}
}
{volume "target_vol_002"
	{box 9.84252 9.84252 15.6501}
	{bone "b_ua_01_piece04_point"}
	{matrix34
		1 	 0 	 0
		0 	 1 	 0
		0 	 0 	 1
		17.3112 	 -7.9376 	 -34.3525
	}
}
{volume "vol_00"
	{box 69.8112 11.811 17.6382}
	{bone "b_ua_01_piece04"}
	{matrix34
		0 	 1 	 0
		-1 	 0 	 0
		0 	 0 	 1
		118.652 	 50.8518 	 -1.4975
	}
}
{volume "vol_01"
	{box 69.8112 11.811 17.6382}
	{bone "b_ua_01_piece04"}
	{matrix34
		-1 	 0 	 0
		0 	 -1 	 0
		0 	 0 	 1
		79.3532 	 79.4665 	 -1.4975
	}
}
{volume "vol_02"
	{box 61.1486 5.90551 14.1223}
	{bone "b_ua_01_piece04"}
	{matrix34
		0 	 1 	 0
		-1 	 0 	 0
		0 	 0 	 1
		115.21 	 46.9319 	 13.7546
	}
}
{volume "vol_03"
	{box 33.6317 5.90551 14.1223}
	{bone "b_ua_01_piece04"}
	{matrix34
		0 	 0.766 	 -0.6428
		-1 	 0 	 0
		0 	 0.6428 	 0.766
		115.21 	 18.2942 	 24.5581
	}
}
{volume "vol_04"
	{polyhedron}
	{bone "b_ua_01_piece04"}
	{matrix34
		0 	 1 	 0
		-1 	 0 	 0
		0 	 0 	 1
		115.21 	 62.9797 	 21.1238
	}
}
{volume "vol_05"
	{box 73.3783 5.90551 12.8487}
	{bone "b_ua_01_piece04"}
	{matrix34
		-1 	 0 	 0
		0 	 -1 	 0
		0 	 0 	 1
		81.4362 	 74.7812 	 13.1178
	}
}
{volume "vol_06"
	{polyhedron}
	{bone "b_ua_01_piece04"}
	{matrix34
		-1 	 0 	 0
		0 	 -1 	 0
		0 	 0 	 1
		81.4362 	 74.7812 	 19.4844
	}
}
{volume "vol_07"
	{box 21.667 5.90551 5.52495}
	{bone "b_ua_01_piece04"}
	{matrix34
		-1 	 0 	 0
		0 	 -1 	 0
		0 	 0 	 1
		45.7937 	 74.7812 	 22.5037
	}
}
