;Exported by: butyvsky
;Date:        Wed Feb 27 10:30:41 2008
;File:        D:\-Projects-\-3D Work-\Parashute\parachute_lg_42.max
{Skeleton
	{animation
		{sequence "flight" {speed 0.5}}
		{sequence "landing" {speed 0.5}}
	}
	{bone "basis"
		{Orientation
			1	0	0
			0	-1	0
			0	0	1
		}
		{bone "wood_box"
			{parameters "CommonMesh;"}
			{Position -8.51555	150.021	540.733}
			{VolumeView "wood_box.ply"}
			{bone "attach1"
				{Position -6.34134	-0.0328369	0.549561}
			}
			{bone "drop_box"
				{parameters "CommonMesh;"}
				{Matrix34
					-1	0	0
					0	0	1
					0	-1	0
					-0.120857	-0.0549011	58.9702
				}
				{VolumeView "drop_box.ply"}
				{bone "parachute"
					{Matrix34
						-1	0	0
						0	0	-1
						0	1	0
						0	4.02887	0.0121002
					}
					{VolumeView "parachute.ply"}
					{bone "parachute1"
						{parameters "CommonMesh;"}
						{Matrix34
							-0.00943389	0.999955	0
							-0.906268	-0.00855003	-0.422618
							-0.422599	-0.00398688	0.906308
							-1.82947	-0.119873	3.17017
						}
						{VolumeView "parachute1.ply"}
					}
					{bone "parachute2"
						{parameters "CommonMesh;"}
						{Matrix34
							0.942877	-0.33314	0
							0.301927	0.854537	-0.422618
							0.140791	0.398477	0.906308
							1.28895	2.57866	3.17017
						}
						{VolumeView "parachute2.ply"}
					}
					{bone "parachute3"
						{parameters "CommonMesh;"}
						{Matrix34
							-0.565823	-0.824527	0
							0.747275	-0.51281	-0.422618
							0.34846	-0.239127	0.906308
							2.46278	-1.88158	3.17017
						}
						{VolumeView "parachute3.ply"}
					}
				}
				{bone "box_top"
					{Matrix34
						-1	0	0
						0	0	-1
						0	1	0
						-0.120857	-37.0922	-0.053009
					}
					{VolumeView "box_top.ply"}
				}
			}
		}
	}
}
