;Exported by	: KobaA
;Date			: 04.03.2024 15:10:27
;File			: d:\git\gem2-mdl-soldiers\models\building\b2\vil_build_002_x.max
{skeleton
	{bone "build_vil_002_piece06_point"
		{orientation
			1 	 0 	 0
			0 	 -1 	 0
			0 	 0 	 1
		}
		{bone "debris_land_06"
			{parameters "land;ground;"}
			{matrix34
				0 	 -1 	 0
				1 	 0 	 0
				0 	 0 	 1
				8.7225 	 17.8279 	 -40.4913
			}
			{poly "debris_land_06" {ground}}
		}
		{bone "body"
			{Position -14.603 	 -89.4799 	 5.4837}
			{poly "body"}
		}
		{bone "piece01"
			{matrix34
				-0.9912 	 0 	 0.1325
				0 	 -1 	 0
				0.1325 	 0 	 0.9912
				22.8839 	 -23.9324 	 28.8337
			}
			{poly "piece01"}
		}
		{bone "piece02"
			{matrix34
				-0.9892 	 0 	 0.1464
				0 	 -1 	 0
				0.1464 	 0 	 0.9892
				-7.807 	 -13.2411 	 54.4826
			}
			{poly "piece02"}
		}
		{bone "piece03"
			{matrix34
				-0.8995 	 0 	 0.4369
				0 	 -1 	 0
				0.4369 	 0 	 0.8995
				5.465 	 -1.9617 	 43.7524
			}
			{poly "piece03"}
		}
		{bone "piece04"
			{Position 29.5139 	 4.1386 	 -2.0446}
			{poly "piece04"}
		}
		{bone "piece05"
			{Position -6.0061 	 -30.941 	 14.455}
			{poly "piece05"}
		}
		{bone "piece06"
			{Position 6.61 	 -5.1664 	 14.4742}
			{poly "piece06"}
		}
		{bone "piece07"
			{Position 20.1729 	 -20.089 	 14.4742}
			{poly "piece07"}
		}
		{bone "piece08"
			{Position 22.4494 	 48.013 	 -12.9574}
			{poly "piece08"}
		}
		{bone "piece09"
			{matrix34
				-1 	 0 	 0
				0 	 1 	 0
				0 	 0 	 -1
				28.6246 	 -15.603 	 9.6019
			}
			{poly "piece09"}
		}
		{bone "piece10"
			{matrix34
				0 	 -1 	 0
				-1 	 0 	 0
				0 	 0 	 -1
				7.6565 	 2.973 	 9.6019
			}
			{poly "piece10"}
		}
		{bone "piece11"
			{matrix34
				0 	 -1 	 0
				-1 	 0 	 0
				0 	 0 	 -1
				8.1015 	 2.973 	 -15.2982
			}
			{poly "piece11"}
		}
		{bone "piece12"
			{matrix34
				0 	 -1 	 0
				1 	 0 	 0
				0 	 0 	 1
				16.3661 	 2.9729 	 -7.3991
			}
			{poly "piece12"}
		}
		{bone "piece13"
			{matrix34
				0 	 -1 	 0
				1 	 0 	 0
				0 	 0 	 1
				1.2702 	 2.9729 	 -0.2916
			}
			{poly "piece13"}
		}
		{bone "sub_piece01"
			{matrix34
				-0.9397 	 -0.342 	 0
				0.342 	 -0.9397 	 0
				0 	 0 	 1
				-8.7052 	 7.444 	 44.1293
			}
			{poly "sub_piece01"}
		}
		{bone "sub_piece02"
			{matrix34
				0.9397 	 -0.342 	 0
				-0.342 	 -0.9397 	 0
				0 	 0 	 -1
				3.8062 	 7.4445 	 30.7858
			}
			{poly "sub_piece02"}
		}
		{bone "sub_piece03"
			{matrix34
				-0.9397 	 -0.342 	 0
				0.342 	 -0.9397 	 0
				0 	 0 	 1
				-8.4345 	 7.444 	 26.7871
			}
			{poly "sub_piece03"}
		}
		{bone "sub_piece04"
			{matrix34
				0 	 0 	 1
				-0.0872 	 -0.9962 	 0
				0.9962 	 -0.0872 	 0
				31.381 	 -14.7294 	 -19.5412
			}
			{poly "sub_piece04"}
		}
		{bone "sub_piece05"
			{matrix34
				0.9962 	 -0.0872 	 0
				0 	 0 	 -1
				0.0872 	 0.9962 	 0
				31.3969 	 -33.2394 	 -9.5492
			}
			{poly "sub_piece05"}
		}
		{bone "sub_piece06"
			{matrix34
				0 	 0 	 1
				-0.0872 	 -0.9962 	 0
				0.9962 	 -0.0872 	 0
				31.381 	 -10.3095 	 3.454
			}
			{poly "sub_piece06"}
		}
		{bone "sub_piece07"
			{matrix34
				0.9962 	 -0.0872 	 0
				0 	 0 	 -1
				0.0872 	 0.9962 	 0
				31.3969 	 -21.3295 	 -9.5492
			}
			{poly "sub_piece07"}
		}
		{bone "sub_piece08"
			{matrix34
				0.9962 	 -0.0872 	 0
				0 	 0 	 -1
				0.0872 	 0.9962 	 0
				31.3969 	 -6.9272 	 -5.5495
			}
			{poly "sub_piece08"}
		}
		{bone "sub_piece09"
			{matrix34
				-1 	 0 	 0
				0 	 -1 	 0
				0 	 0 	 1
				28.6246 	 -17.8564 	 -23.433
			}
			{poly "sub_piece09"}
		}
		{bone "sub_piece10"
			{matrix34
				-1 	 0 	 0
				0 	 -1 	 0
				0 	 0 	 1
				28.6246 	 -22.0842 	 -11.0339
			}
			{poly "sub_piece10"}
		}
		{bone "sub_piece11"
			{matrix34
				-1 	 0 	 0
				0 	 -1 	 0
				0 	 0 	 1
				28.6246 	 -28.992 	 3.5197
			}
			{poly "sub_piece11"}
		}
		{bone "sub_piece12"
			{matrix34
				-1 	 0 	 0
				0 	 -1 	 0
				0 	 0 	 1
				28.6246 	 3.994 	 -15.5108
			}
			{poly "sub_piece12"}
		}
		{bone "sub_piece13"
			{matrix34
				0 	 -1 	 0
				1 	 0 	 0
				0 	 0 	 1
				12.396 	 2.973 	 3.3665
			}
			{poly "sub_piece13"}
		}
		{bone "sub_piece14"
			{matrix34
				0 	 -1 	 0
				1 	 0 	 0
				0 	 0 	 1
				0.211 	 2.973 	 -20.8258
			}
			{poly "sub_piece14"}
		}
		{bone "sub_piece15"
			{matrix34
				0 	 -1 	 0
				1 	 0 	 0
				0 	 0 	 1
				-7.4132 	 2.973 	 -9.3083
			}
			{poly "sub_piece15"}
		}
		{bone revolute "attach18"
			{matrix34
				0 	 1 	 0
				-1 	 0 	 0
				0 	 0 	 1
				5.2592 	 -6.8224 	 -40.5119
			}
		}
		{bone revolute "attach9"
			{Position 14.9049 	 -14.3421 	 -40.5119}
		}
		{bone "fort_wall"
			{Position 8.0545 	 11.0516 	 -34.882}
		}
	}
}
{"volumes"
	{"body04"
		{box 5.28137 34.6559 14.6693}
		{bone "body"}
		{Position 43.2474 	 77.9645 	 -38.9576}
	}
	{"body05"
		{box 5.28137 33.8583 15.4606}
		{bone "body"}
		{matrix34
			0 	 -1 	 0
			1 	 0 	 0
			0 	 0 	 1
			23.6776 	 92.6518 	 -38.562
		}
	}
	{"piece01"
		{box 8.12059 33.0952 0.351305}
		{bone "piece01"}
		{matrix34
			0.0363 	 0.9981 	 -0.0493
			-0.8723 	 0.0076 	 -0.4889
			-0.4876 	 0.0608 	 0.8709
			-0.0857 	 -0.5538 	 0.153
		}
	}
	{"piece02"
		{box 3.57306 17.1368 0.351305}
		{bone "piece02"}
		{matrix34
			-0.0623 	 0.9925 	 0.1054
			-0.8607 	 0 	 -0.5091
			-0.5053 	 -0.1224 	 0.8542
			-0.8017 	 0.0779 	 -0.0661
		}
	}
	{"piece03"
		{box 5.45006 33.0952 0.351305}
		{bone "piece03"}
		{matrix34
			-0.0559 	 0.9751 	 0.2144
			-0.9741 	 -0.0061 	 -0.2262
			-0.2193 	 -0.2215 	 0.9502
			-0.4812 	 1.0641 	 -0.0485
		}
	}
	{"piece04"
		{box 3.30214 18.6087 3.30397}
		{bone "piece04"}
		{matrix34
			1 	 0 	 0
			0 	 0 	 1
			0 	 -1 	 0
			0 	 -0.007 	 -0.6372
		}
	}
	{"piece05"
		{box 3.85944 31.7478 2.25262}
		{bone "piece05"}
		{Position -0.0517 	 -1.0338 	 0.0037}
	}
	{"piece06"
		{box 3.85944 19.0487 2.25262}
		{bone "piece06"}
		{Position -0.0323 	 -0.3499 	 0.0064}
	}
	{"piece07"
		{box 3.85944 19.0487 2.25262}
		{bone "piece07"}
		{Position -0.0323 	 -0.3499 	 0.0064}
	}
	{"piece08"
		{box 3.30214 18.6087 3.30397}
		{bone "piece08"}
		{matrix34
			1 	 0 	 0
			0 	 0 	 1
			0 	 -1 	 0
			0 	 -0.007 	 -0.6372
		}
	}
	{"piece09"
		{box 4.78571 31.0494 3.0861}
		{bone "piece09"}
		{Position 0 	 -1.113 	 0.0467}
	}
	{"piece10"
		{box 4.78571 31.0494 3.0861}
		{bone "piece10"}
		{Position 0 	 -1.113 	 0.0467}
	}
	{"piece11"
		{box 4.78571 31.0494 3.0861}
		{bone "piece11"}
		{Position 0 	 -1.113 	 0.0467}
	}
	{"piece12"
		{box 4.78571 18.9401 3.0861}
		{bone "piece12"}
		{Position 0 	 -0.2704 	 0.102}
	}
	{"piece13"
		{box 4.78571 18.9401 3.0861}
		{bone "piece13"}
		{Position 0 	 -0.2704 	 0.102}
	}
	{"sub_piece01"
		{box 2.20539 13.6753 0.351305}
		{bone "sub_piece01"}
		{matrix34
			-0.9659 	 0.2588 	 0
			0 	 0 	 1
			0.2588 	 0.9659 	 0
			-0.0597 	 -0.1541 	 -0.546
		}
	}
	{"sub_piece02"
		{box 3.86911 12.5993 0.531305}
		{bone "sub_piece02"}
		{matrix34
			0.958 	 -0.2869 	 0
			0 	 0 	 -1
			0.2869 	 0.958 	 0
			-0.0178 	 -0.0221 	 0
		}
	}
	{"sub_piece03"
		{box 3.86911 16.8831 0.351305}
		{bone "sub_piece03"}
		{matrix34
			-0.9659 	 0.2588 	 0
			0 	 0 	 1
			0.2588 	 0.9659 	 0
			-0.0597 	 -0.1541 	 -1.3025
		}
	}
	{"sub_piece04"
		{box 1.12273 7.19038 0.751231}
		{bone "sub_piece04"}
		{Position 0 	 0.2073 	 -0.0102}
	}
	{"sub_piece05"
		{box 1.12273 12.84 0.751231}
		{bone "sub_piece05"}
		{Position 0.0168 	 0 	 0.0115}
	}
	{"sub_piece06"
		{box 1.12273 7.19038 0.751231}
		{bone "sub_piece06"}
		{Position 0 	 0.2073 	 -0.0102}
	}
	{"sub_piece07"
		{box 1.12273 12.84 0.751231}
		{bone "sub_piece07"}
		{Position 0.0168 	 0 	 0.0115}
	}
	{"sub_piece08"
		{box 1.12273 12.84 0.751231}
		{bone "sub_piece08"}
		{Position 0.0168 	 0 	 0.0115}
	}
	{"sub_piece09"
		{box 4.78571 8.52305 3.0861}
		{bone "sub_piece09"}
		{Position 0 	 4.5717 	 0.102}
	}
	{"sub_piece10"
		{box 4.78571 8.52305 3.0861}
		{bone "sub_piece10"}
		{Position 0 	 4.5717 	 0.102}
	}
	{"sub_piece11"
		{box 4.78571 8.52305 3.0861}
		{bone "sub_piece11"}
		{Position 0 	 4.5717 	 0.102}
	}
	{"sub_piece12"
		{box 4.78571 8.52305 3.0861}
		{bone "sub_piece12"}
		{Position 0 	 4.5717 	 0.102}
	}
	{"sub_piece13"
		{box 4.78571 8.52305 3.0861}
		{bone "sub_piece13"}
		{Position 0 	 4.5717 	 0.102}
	}
	{"sub_piece14"
		{box 4.78571 8.52305 3.0861}
		{bone "sub_piece14"}
		{Position 0 	 4.5717 	 0.102}
	}
	{"sub_piece15"
		{box 4.78571 8.52305 3.0861}
		{bone "sub_piece15"}
		{Position 0 	 4.5717 	 0.102}
	}
	{"target06"
		{box 9.84252 9.84252 9.84252}
		{bone "body"}
		{Position 32.8084 	 74.5375 	 -36.7189}
	}
	{"target07"
		{box 9.84252 9.84252 9.84252}
		{bone "body"}
		{Position 20.0016 	 84.8078 	 -36.7189}
	}
}
