;Exported by:	 seryoga
;Date:			 14.09.2017 11:25:32
;File:			 D:\git\gem2-mdl-soldiers\models\unit\vehicle\bm37\x\bm37_xx.max
{skeleton
	{bone revolute "turret"
		{limits -180 180}
		{orientation
			1 	 0 	 0
			0 	 -1 	 0
			0 	 0 	 1
		}
		{bone "body"
			{matrix34
				0.9962 	 0 	 -0.0872
				0 	 1 	 0
				0.0872 	 0 	 0.9962
				0 	 0.003 	 1.51
			}
			{LODView
				{poly "body"}
				{poly "body_lod1"}
				{poly "body_lod2"}
				{poly "body_lod3"}
			}
			{bone "part2"
				{matrix34
					0.9409 	 0 	 0.3387
					0 	 1 	 0
					-0.3387 	 0 	 0.9409
					10.7657 	 -0.2363 	 15.4307
				}
				{LODView
					{poly "part2"}
					{poly "part2_lod1"}
					{poly "part2_lod2"}
					{poly "part2_lod3"}
				}
			}
			{bone "part1"
				{matrix34
					0.866 	 0 	 -0.5
					0 	 1 	 0
					0.5 	 0 	 0.866
					-0.0521 	 -0.003 	 -0.0828
				}
				{LODView
					{poly "part1"}
					{poly "part1_lod1"}
					{poly "part1_lod2"}
					{poly "part1_lod3"}
				}
			}
			{bone "part3"
				{matrix34
					0.9693 	 0 	 0.2457
					-0.0214 	 0.9962 	 0.0845
					-0.2448 	 -0.0872 	 0.9657
					13.5279 	 -0.2393 	 9.3503
				}
				{LODView
					{poly "part3"}
					{poly "part3_lod1"}
					{poly "part3_lod2"}
					{poly "part3_lod3"}
				}
			}
		}
	}
}
{volume "body"
	{cylinder 5.15685 0.79}
	{bone "body"}
	{Position -0.3013 	 0 	 -0.6506}
}
{volume "part1"
	{polyhedron}
	{bone "part1"}
	{matrix34
		0.9993 	 0 	 -0.0381
		0 	 1 	 0
		0.0381 	 0 	 0.9993
		-0.7453 	 -0.286 	 -0.1325
	}
}
{volume "part2"
	{cylinder 0.562431 12.6741}
	{bone "part2"}
	{matrix34
		1 	 0.0078 	 0
		-0.0078 	 0.9998 	 -0.0167
		0 	 0.0167 	 0.9999
		0.7056 	 0.0359 	 -6.7865
	}
}
{volume "part3"
	{cylinder 0.320586 12.6741}
	{bone "body"}
	{matrix34
		0.8708 	 0.0868 	 0.4839
		0.2257 	 0.8039 	 -0.5503
		-0.4368 	 0.5885 	 0.6804
		16.3828 	 -5.4298 	 4.9222
	}
}
