;Exported by:	 koba1
;Date:			 22.07.2022 15:37:30
;File:			 G:\_GIT_\gem2\gem2-mdl-soldiers\models\unit\vehicle\203 mm Howitzer M1\203_M1_x.max
{skeleton
	{bone revolute "basis"
		{speed 0.01}
		{orientation
			1 	 0 	 0
			0 	 -1 	 0
			0 	 0 	 1
		}
		{bone "pivot_back"
			{matrix34
				0.9962 	 0 	 0.0872
				0 	 1 	 0
				-0.0872 	 0 	 0.9962
				-113.911 	 0 	 4.1056
			}
			{bone "cartb"
				{parameters "id=body;"}
				{Position -25.9251 	 0 	 13.2104}
				{LODView
					{poly "cartb"}
					{poly "cartb_lod1"}
					{poly "cartb_lod2"}
					{poly "cartb_lod3"}
				}
				{bone "hitch"
					{parameters "id=body;"}
					{matrix34
						0.9848 	 0 	 0.1736
						0 	 1 	 0
						-0.1736 	 0 	 0.9848
						-0.7686 	 0 	 -4.5171
					}
					{LODView
						{poly "hitch"}
						{poly "hitch_lod1"}
						{poly "hitch_lod2"}
						{poly "hitch_lod3"}
					}
				}
				{bone revolute "wheelr3"
					{parameters "id=wheelright3;radius=0.55;"}
					{matrix34
						0.9962 	 0 	 -0.0872
						-0.0872 	 0 	 -0.9962
						0 	 1 	 0
						-0.76 	 -23.5902 	 -4.5181
					}
					{LODView
						{poly "wheelr3"}
						{poly "wheelr3_lod1"}
						{poly "wheelr3_lod2"}
						{poly "wheelr3_lod3"}
					}
				}
				{bone revolute "wheell3"
					{parameters "id=wheelleft3;radius=0.55;"}
					{matrix34
						0.9962 	 0 	 -0.0872
						-0.0872 	 0 	 -0.9962
						0 	 1 	 0
						-0.7601 	 23.5902 	 -4.5181
					}
					{LODView
						{poly "wheell3"}
						{poly "wheell3_lod1"}
						{poly "wheell3_lod2"}
						{poly "wheell3_lod3"}
					}
				}
			}
		}
		{bone "pivot_front"
			{matrix34
				0.9962 	 0 	 0.0872
				0 	 1 	 0
				-0.0872 	 0 	 0.9962
				0.6363 	 0 	 7.013
			}
			{bone "cartf"
				{parameters "id=body;"}
				{matrix34
					0.9962 	 0 	 -0.0872
					0 	 1 	 0
					0.0872 	 0 	 0.9962
					0.3282 	 0 	 3.7512
				}
				{LODView
					{poly "cartf"}
					{poly "cartf_lod1"}
					{poly "cartf_lod2"}
					{poly "cartf_lod3"}
				}
				{bone revolute "wheell1"
					{parameters "id=wheelleft1;radius=0.55;"}
					{matrix34
						1 	 0 	 0
						0 	 0 	 -1
						0 	 1 	 0
						12.3145 	 21.5092 	 -0.2811
					}
					{LODView
						{poly "wheell1"}
						{poly "wheell1_lod1"}
						{poly "wheell1_lod2"}
						{poly "wheell1_lod3"}
					}
				}
				{bone revolute "wheell2"
					{parameters "id=wheelleft2;radius=0.55;"}
					{matrix34
						1 	 0 	 0
						0 	 0 	 -1
						0 	 1 	 0
						-12.2508 	 21.5092 	 -0.2811
					}
					{LODView
						{poly "wheell2"}
						{poly "wheell2_lod1"}
						{poly "wheell2_lod2"}
						{poly "wheell2_lod3"}
					}
				}
				{bone revolute "wheelr1"
					{parameters "id=wheelright1;radius=0.55;"}
					{matrix34
						1 	 0 	 0
						0 	 0 	 -1
						0 	 1 	 0
						12.3146 	 -21.5092 	 -0.2811
					}
					{LODView
						{poly "wheelr1"}
						{poly "wheelr1_lod1"}
						{poly "wheelr1_lod2"}
						{poly "wheelr1_lod3"}
					}
				}
				{bone revolute "wheelr2"
					{parameters "id=wheelright2;radius=0.55;"}
					{matrix34
						1 	 0 	 0
						0 	 0 	 -1
						0 	 1 	 0
						-12.2507 	 -21.5092 	 -0.2811
					}
					{LODView
						{poly "wheelr2"}
						{poly "wheelr2_lod1"}
						{poly "wheelr2_lod2"}
						{poly "wheelr2_lod3"}
					}
				}
			}
		}
		{bone "body"
			{parameters "id=body;"}
			{animation
				{sequence "break" {file "body_b"}{speed 0.5}}
			}
			{matrix34
				1 	 0 	 -0.0003
				0 	 1 	 -0.0002
				0.0003 	 0.0002 	 1
				-21.3307 	 0 	 10.9056
			}
			{poly "body"}
			{bone "rack1"
				{parameters "id=body;"}
				{matrix34
					0.9962 	 0 	 -0.0869
					0 	 1 	 0.0002
					0.0869 	 -0.0002 	 0.9962
					21.4281 	 -0.0005 	 2.3006
				}
				{LODView
					{poly "rack1"}
					{poly "rack1_lod1"}
					{poly "rack1_lod2"}
					{poly "rack1_lod3"}
				}
			}
			{bone "standl"
				{parameters "id=body;"}
				{matrix34
					0.816 	 -0.5736 	 0.0715
					0.5714 	 0.8191 	 0.0503
					-0.0874 	 -0.0002 	 0.9962
					-9.6501 	 14.8688 	 3.2714
				}
				{LODView
					{poly "standl"}
					{poly "standl_lod1"}
					{poly "standl_lod2"}
					{poly "standl_lod3"}
				}
				{bone "emphasisl1"
					{parameters "id=body;"}
					{matrix34
						0.0887 	 -0.9951 	 0.0436
						-0.9959 	 -0.0878 	 0.0232
						-0.0193 	 -0.0455 	 -0.9988
						0.6657 	 -3.5971 	 -10.697
					}
					{LODView
						{poly "emphasisl1"}
						{poly "emphasisl1_lod1"}
						{poly "emphasisl1_lod2"}
						{poly "emphasisl1_lod3"}
					}
				}
				{bone "emphasisl2"
					{parameters "id=body;"}
					{matrix34
						0 	 -0.9962 	 0.0872
						1 	 0 	 0
						0 	 0.0872 	 0.9962
						-83.825 	 -12.2656 	 -7.3436
					}
					{LODView
						{poly "emphasisl2"}
						{poly "emphasisl2_lod1"}
						{poly "emphasisl2_lod2"}
						{poly "emphasisl2_lod3"}
					}
				}
				{bone "emphasisl3"
					{parameters "id=body;"}
					{matrix34
						-0.5736 	 0.8192 	 0
						-0.8192 	 -0.5736 	 0
						0 	 0 	 1
						-9.2453 	 0.9438 	 -5.3676
					}
					{LODView
						{poly "emphasisl3"}
						{poly "emphasisl3_lod1"}
						{poly "emphasisl3_lod2"}
						{poly "emphasisl3_lod3"}
					}
				}
			}
			{bone "standr"
				{parameters "id=body;"}
				{matrix34
					0.8161 	 0.5736 	 0.0701
					-0.5772 	 0.8151 	 0.05
					-0.0285 	 -0.0813 	 0.9963
					-9.6501 	 -14.8703 	 3.2646
				}
				{LODView
					{poly "standr"}
					{poly "standr_lod1"}
					{poly "standr_lod2"}
					{poly "standr_lod3"}
				}
				{bone "emphasisr1"
					{parameters "id=body;"}
					{matrix34
						0.0886 	 0.9944 	 -0.0577
						0.9954 	 -0.0904 	 -0.0301
						-0.0351 	 -0.0547 	 -0.9979
						1.0448 	 2.5875 	 -11.0648
					}
					{LODView
						{poly "emphasisr1"}
						{poly "emphasisr1_lod1"}
						{poly "emphasisr1_lod2"}
						{poly "emphasisr1_lod3"}
					}
				}
				{bone "emphasisr2"
					{parameters "id=body;"}
					{matrix34
						0.0048 	 0.9999 	 -0.0155
						-0.9877 	 0.0072 	 0.1562
						0.1563 	 0.0146 	 0.9876
						-83.9401 	 11.5357 	 -7.2099
					}
					{LODView
						{poly "emphasisr2"}
						{poly "emphasisr2_lod1"}
						{poly "emphasisr2_lod2"}
						{poly "emphasisr2_lod3"}
					}
				}
				{bone "emphasisr3"
					{parameters "id=body;"}
					{matrix34
						-0.5736 	 -0.8192 	 0
						0.8192 	 -0.5736 	 0
						0 	 0 	 1
						-9.2544 	 -0.953 	 -5.2366
					}
					{LODView
						{poly "emphasisr3"}
						{poly "emphasisr3_lod1"}
						{poly "emphasisr3_lod2"}
						{poly "emphasisr3_lod3"}
					}
				}
			}
			{bone revolute "turret"
				{parameters "id=turret;"}
				{speed 0.01}
				{Position -7.5808 	 -0.0005 	 2.0028}
				{LODView
					{poly "turret"}
					{poly "turret_lod1"}
					{poly "turret_lod2"}
					{poly "turret_lod3"}
				}
				{bone revolute "gun_rotator2"
					{parameters "id=gun;"}
					{matrix34
						0.9337 	 0 	 -0.3581
						0.3581 	 -0.0002 	 0.9337
						0 	 -1 	 -0.0002
						-10.6676 	 -0.0066 	 28.7926
					}
					{LODView
						{poly "gun_rotator2"}
						{poly "gun_rotator2_lod1"}
						{poly "gun_rotator2_lod2"}
						{poly "gun_rotator2_lod3"}
					}
				}
				{bone revolute "gun_rotator3"
					{parameters "id=gun;"}
					{matrix34
						0.9704 	 0 	 -0.2417
						0.2417 	 -0.0002 	 0.9704
						0 	 -1 	 -0.0002
						-3.8239 	 6.3759 	 19.5372
					}
					{LODView
						{poly "gun_rotator3"}
						{poly "gun_rotator3_lod1"}
						{poly "gun_rotator3_lod2"}
						{poly "gun_rotator3_lod3"}
					}
				}
				{bone revolute "gun_rot"
					{parameters "id=gun;"}
					{limits -4 25}
					{speed 0.08}
					{matrix34
						1 	 0 	 0
						0 	 0 	 1
						0 	 -1 	 0
						-10.4731 	 0.9483 	 20.4195
					}
					{LODView
						{poly "gun_rot"}
						{poly "gun_rot_lod1"}
						{poly "gun_rot_lod2"}
						{poly "gun_rot_lod3"}
					}
					{bone "gun"
						{parameters "id=gun;"}
						{animation
							{sequence "break" {file "gun_b"}{speed 0.5}}
						}
						{matrix34
							1 	 0.0003 	 0
							0 	 0.0002 	 -1
							-0.0003 	 1 	 0.0002
							-0.0153 	 -0.0151 	 1.679
						}
						{LODView
							{poly "gun"}
							{poly "gun_lod1"}
							{poly "gun_lod2"}
							{poly "gun_lod3"}
						}
						{bone "shutter"
							{parameters "id=gun;"}
							{Position -11.1736 	 -4.9467 	 3.1835}
							{LODView
								{poly "shutter"}
								{poly "shutter_lod1"}
								{poly "shutter_lod2"}
								{poly "shutter_lod3"}
							}
						}
					}
					{bone revolute "gun_rotator1"
						{parameters "id=gun;"}
						{matrix34
							-0.9305 	 0.3662 	 0
							-0.3662 	 -0.9305 	 -0.0002
							0 	 -0.0002 	 1
							34.7177 	 -5.1219 	 0.9517
						}
						{LODView
							{poly "gun_rotator1"}
							{poly "gun_rotator1_lod1"}
							{poly "gun_rotator1_lod2"}
							{poly "gun_rotator1_lod3"}
						}
					}
					{bone "gun_rotator4"
						{parameters "id=gun;"}
						{matrix34
							-0.98 	 0.1991 	 0
							-0.1991 	 -0.98 	 -0.0002
							0 	 -0.0002 	 1
							35.3872 	 -7.3152 	 -5.429
						}
						{LODView
							{poly "gun_rotator4"}
							{poly "gun_rotator4_lod1"}
							{poly "gun_rotator4_lod2"}
							{poly "gun_rotator4_lod3"}
						}
					}
					{bone "rack2"
						{parameters "id=gun;"}
						{matrix34
							1 	 0.0003 	 0
							-0.0003 	 1 	 0.0002
							0 	 -0.0002 	 1
							34.7607 	 -12.933 	 0.9475
						}
						{LODView
							{poly "rack2"}
							{poly "rack2_lod1"}
							{poly "rack2_lod2"}
							{poly "rack2_lod3"}
						}
					}
				}
			}
		}
	}
}
{obstacle "close"
	{obb2
		{center -48.8239 -0.128829}
		{extent 71.6936 16.5447}
		{axis -1 6.33927e-08}
	}
	{Tags "close"}
	{rotate}
}
{obstacle "obstacle"
	{obb2
		{center -14.9086 -0.618017}
		{extent 40.4684 28.9726}
		{axis -1 6.33333e-08}
	}
	{rotate}
}
{obstacle "openl"
	{obb2
		{center -71.271 -35.4858}
		{extent 43.8861 4.8935}
		{axis -0.906308 -0.422617}
	}
	{Tags "open"}
	{rotate}
}
{obstacle "openr"
	{obb2
		{center -71.2709 34.8972}
		{extent 43.8861 4.8935}
		{axis -0.906308 0.422618}
	}
	{Tags "open"}
	{rotate}
}
{volume "body01"
	{polyhedron}
	{bone "body"}
	{matrix34
		0.9975 	 0 	 0.07
		0 	 1 	 0.0002
		-0.07 	 -0.0002 	 0.9975
		6.3661 	 0.002 	 -8.9409
	}
}
{volume "body02"
	{box 34.4826 29.6855 7.90109}
	{bone "cartf"}
	{Position -0.3483 	 0 	 1.3256}
}
{volume "body03"
	{box 10.214 40.2552 4.53955}
	{bone "cartb"}
	{matrix34
		0.9962 	 0 	 -0.0872
		0 	 1 	 0
		0.0872 	 0 	 0.9962
		1.7008 	 0 	 -4.859
	}
}
{volume "body04"
	{box 10.7513 12.7272 9.12175}
	{bone "cartb"}
	{matrix34
		0.9962 	 0 	 -0.0872
		0 	 1 	 0
		0.0872 	 0 	 0.9962
		2.5832 	 0 	 1.8793
	}
}
{volume "gun_rot"
	{box 55.6627 11.388 8.19508}
	{bone "gun_rot"}
	{matrix34
		0.9999 	 -0.0172 	 0
		0 	 0.0002 	 -1
		0.0172 	 0.9999 	 0.0002
		13.7169 	 -6.7668 	 0.9514
	}
}
{volume "gun"
	{cylinder 3.53099 109.603}
	{bone "gun"}
	{matrix34
		0 	 0 	 -1
		0 	 1 	 0
		1 	 0 	 0
		41.8676 	 0.7261 	 0
	}
}
{volume "standl"
	{box 83.4614 6.22668 7.69234}
	{bone "standl"}
	{matrix34
		0.9844 	 0.1741 	 -0.0267
		-0.175 	 0.9839 	 -0.0368
		0.0199 	 0.0409 	 0.999
		-42.0435 	 -5.8539 	 -4.2519
	}
}
{volume "standr"
	{box 83.4614 6.22668 7.69234}
	{bone "standr"}
	{matrix34
		0.9894 	 -0.1419 	 -0.0298
		0.1383 	 0.9853 	 -0.1005
		0.0436 	 0.0953 	 0.9945
		-40.9807 	 5.448 	 -4.962
	}
}
{volume "turret01"
	{polyhedron}
	{bone "turret"}
	{matrix34
		0.9962 	 0 	 0.0874
		0 	 1 	 0.0002
		-0.0874 	 -0.0002 	 0.9962
		-3.8012 	 7.3394 	 9.6503
	}
}
{volume "turret02"
	{polyhedron}
	{bone "turret"}
	{matrix34
		0.9962 	 0 	 0.0874
		0 	 1 	 0.0002
		-0.0874 	 -0.0002 	 0.9962
		-3.8012 	 -7.3437 	 9.647
	}
}
{volume "turret03"
	{cylinder 8.71581 10.1022}
	{bone "turret"}
	{matrix34
		0.9962 	 0 	 0.0874
		0 	 1 	 0.0002
		-0.0874 	 -0.0002 	 0.9962
		-0.1726 	 -0.0893 	 4.6321
	}
}
{volume "wheelleft1"
	{cylinder 11.0236 12.4016}
	{bone "wheell1"}
	{Position 0 	 0 	 -0.085}
}
{volume "wheelleft2"
	{cylinder 11.0236 12.4016}
	{bone "wheell2"}
	{Position 0 	 0 	 -0.085}
}
{volume "wheelleft3"
	{cylinder 11.0236 5.90551}
	{bone "wheell3"}
	{Position 0 	 0 	 -0.3703}
}
{volume "wheelright1"
	{cylinder 11.0236 12.4016}
	{bone "wheelr1"}
	{matrix34
		1 	 0 	 0
		0 	 -1 	 0
		0 	 0 	 -1
		0 	 0 	 0.0849
	}
}
{volume "wheelright2"
	{cylinder 11.0236 12.4016}
	{bone "wheelr2"}
	{matrix34
		1 	 0 	 0
		0 	 -1 	 0
		0 	 0 	 -1
		0 	 0 	 0.085
	}
}
{volume "wheelright3"
	{cylinder 11.0236 5.90551}
	{bone "wheelr3"}
	{matrix34
		1 	 0 	 0
		0 	 -1 	 0
		0 	 0 	 -1
		0 	 0 	 0.3704
	}
}
