;Exported by:	 tolokolnikova
;Date:			 23.03.2017 11:21:27
;File:			 D:\gem2\gem2-mdl-soldiers\models\entourage\barn_annex_g2\barn_annex_g2.max
{skeleton
	{bone "basis02"
		{orientation
			1 	 0 	 0
			0 	 -1 	 0
			0 	 0 	 1
		}
		{bone "box083"
			{matrix34
				0.9659 	 0 	 0.2588
				0 	 1 	 0
				-0.2588 	 0 	 0.9659
				0.0166 	 17.9204 	 39.8292
			}
			{poly "box083"}
		}
		{bone "box084"
			{Position 15.9828 	 15.2436 	 0}
			{poly "box084"}
		}
		{bone "box085"
			{matrix34
				0.9659 	 0 	 0.2588
				0 	 1 	 0
				-0.2588 	 0 	 0.9659
				16.3874 	 0.3567 	 42.2795
			}
			{poly "box085"}
		}
		{bone "box086"
			{matrix34
				0.9659 	 0 	 0.2588
				0 	 1 	 0
				-0.2588 	 0 	 0.9659
				-15.4391 	 0.3567 	 33.7516
			}
			{poly "box086"}
		}
		{bone "box087"
			{Position -15.7361 	 15.2436 	 0}
			{poly "box087"}
		}
		{bone "box088"
			{Position 15.9828 	 -14.8066 	 0}
			{poly "box088"}
		}
		{bone "box089"
			{Position -15.7361 	 -14.8066 	 0}
			{poly "box089"}
		}
		{bone "object007"
			{matrix34
				0 	 1 	 0
				-0.9688 	 0 	 -0.2479
				-0.2479 	 0 	 0.9688
				2.1285 	 18.2595 	 41.1712
			}
			{poly "object007"}
		}
		{bone "object008"
			{matrix34
				0 	 1 	 0
				-0.9688 	 0 	 -0.2479
				-0.2479 	 0 	 0.9688
				2.1285 	 -17.8895 	 41.1712
			}
			{poly "object008"}
		}
		{bone "roof"
			{matrix34
				0.9659 	 0 	 0.2588
				0 	 1 	 0
				-0.2588 	 0 	 0.9659
				-0.0698 	 0.4322 	 39.1902
			}
			{visibility 0}
		}
		{bone "box092"
			{matrix34
				0.9659 	 0 	 0.2588
				0 	 1 	 0
				-0.2588 	 0 	 0.9659
				6.0899 	 0.3567 	 39.5203
			}
			{poly "box092"}
		}
		{bone "box093"
			{matrix34
				0.9659 	 0 	 0.2588
				0 	 1 	 0
				-0.2588 	 0 	 0.9659
				-5.411 	 0.3567 	 36.4386
			}
			{poly "box093"}
		}
	}
}
{obstacle "body01"
	{obb2
		{center 15.6754 -15.7374}
		{extent 1.47638 1.47638}
		{axis 1 0}
	}
	{rotate}
}
{obstacle "body02"
	{obb2
		{center 15.6754 14.8214}
		{extent 1.47638 1.47638}
		{axis 1 0}
	}
	{rotate}
}
{obstacle "body03"
	{obb2
		{center -15.653 -15.7374}
		{extent 1.47638 1.47638}
		{axis 1 0}
	}
	{rotate}
}
{obstacle "body04"
	{obb2
		{center -15.653 14.8214}
		{extent 1.47638 1.47638}
		{axis 1 0}
	}
	{rotate}
}
{volume "body01"
	{box 2.95276 2.95276 43.3071}
	{bone "basis02"}
	{Position 15.6754 	 15.7374 	 21.6535}
}
{volume "body02"
	{box 2.95276 2.95276 43.3071}
	{bone "basis02"}
	{Position 15.6754 	 -14.8214 	 21.6535}
}
{volume "body03"
	{box 2.95276 2.95276 35.4331}
	{bone "basis02"}
	{Position -15.653 	 15.7374 	 17.7165}
}
{volume "body04"
	{box 2.95276 2.95276 35.4331}
	{bone "basis02"}
	{Position -15.653 	 -14.8214 	 17.7165}
}
