;Exported by:	 tolokolnikova
;Date:			 27.06.2017 14:31:38
;File:			 D:\gem2\gem2-mdl-soldiers\models\building\house_D\D_003_x_fort.max
{skeleton
	{bone "d003_piece05_point"
		{orientation
			1 	 0 	 0
			0 	 -1 	 0
			0 	 0 	 1
		}
		{bone "sub_piece03"
			{Position -29.936 	 0.5036 	 -9.7955}
			{poly "sub_piece03"}
		}
		{bone "piece02"
			{matrix34
				0 	 1 	 0
				-0.342 	 0 	 0.9397
				0.9397 	 0 	 0.342
				-18.8791 	 44.0609 	 7.2588
			}
			{poly "piece02"}
		}
		{bone "piece04"
			{Position -29.859 	 -0.5087 	 10.535}
			{poly "piece04"}
		}
		{bone "piece05"
			{Position -29.8655 	 35.5327 	 12.148}
			{poly "piece05"}
		}
		{bone "piece06"
			{Position -29.8105 	 -8.729 	 31.943}
			{poly "piece06"}
		}
		{bone "piece07"
			{matrix34
				1 	 0 	 0
				0 	 0.1736 	 0.9848
				0 	 -0.9848 	 0.1736
				-30.0233 	 -15.0551 	 -0.7951
			}
			{poly "piece07"}
		}
		{bone "piece03"
			{Position -29.9779 	 -27.7278 	 -16.3061}
			{poly "piece03"}
		}
		{bone "piece01"
			{matrix34
				1 	 0 	 0
				0 	 0.8192 	 -0.5736
				0 	 0.5736 	 0.8192
				-29.8139 	 -35.1063 	 -0.7861
			}
			{poly "piece01"}
		}
		{bone "sub_piece01"
			{Position -29.8551 	 -33.1912 	 18.6265}
			{poly "sub_piece01"}
		}
		{bone "sub_piece02"
			{matrix34
				0 	 1 	 0
				-1 	 0 	 0
				0 	 0 	 1
				-30.091 	 -16.6929 	 18.4316
			}
			{poly "sub_piece02"}
		}
		{bone "sub_piece04"
			{Position -29.845 	 16.4006 	 4.8356}
			{poly "sub_piece04"}
		}
		{bone "sub_piece06"
			{Position -14.3784 	 -4.5852 	 41.0688}
			{poly "sub_piece06"}
		}
		{bone "sub_piece07"
			{matrix34
				-1 	 0 	 0
				0 	 0.1736 	 0.9848
				0 	 0.9848 	 -0.1736
				-29.8198 	 16.2237 	 22.9134
			}
			{poly "sub_piece07"}
		}
		{bone "sub_piece08"
			{Position -25.0607 	 17.7399 	 33.0463}
			{poly "sub_piece08"}
		}
		{bone "sub_piece05"
			{Position -29.9025 	 -26.8476 	 36.9114}
			{poly "sub_piece05"}
		}
	}
}
{volume "piece01"
	{box 5.90551 23.4965 10.3279}
	{bone "piece01"}
	{matrix34
		1 	 0 	 0
		0 	 0.9563 	 0.2924
		0 	 -0.2924 	 0.9563
		0.1324 	 0.3765 	 0.3558
	}
}
{volume "piece02"
	{box 5.90551 23.4965 10.3279}
	{bone "piece02"}
	{matrix34
		1 	 0 	 0
		0 	 0.9563 	 0.2924
		0 	 -0.2924 	 0.9563
		0.1324 	 0.3764 	 0.3558
	}
}
{volume "piece03"
	{box 5.90551 23.4965 10.3279}
	{bone "piece03"}
	{matrix34
		1 	 0 	 0
		0 	 0.9563 	 0.2924
		0 	 -0.2924 	 0.9563
		0.1324 	 0.2998 	 0.255
	}
}
{volume "piece04"
	{box 5.90551 12.432 19.4865}
	{bone "piece04"}
	{Position 0.0388 	 -2.0349 	 -0.0706}
}
{volume "piece05"
	{box 5.90551 12.432 19.4865}
	{bone "piece05"}
	{Position 0.1324 	 -2.0349 	 -0.0706}
}
{volume "piece06"
	{box 5.90551 23.4965 10.3279}
	{bone "piece06"}
	{matrix34
		1 	 0 	 0
		0 	 0.9563 	 0.2924
		0 	 -0.2924 	 0.9563
		0.1324 	 0.3765 	 0.3558
	}
}
{volume "piece07"
	{box 5.90551 12.432 19.4865}
	{bone "piece07"}
	{matrix34
		1 	 0 	 0
		0 	 0.9659 	 -0.2588
		0 	 0.2588 	 0.9659
		0.1324 	 -0.1951 	 0.0578
	}
}
{volume "sub_piece01"
	{box 5.90551 12.432 19.4865}
	{bone "sub_piece01"}
	{Position 0.1324 	 1.1265 	 0.3743}
}
{volume "sub_piece02"
	{box 5.90551 11.2261 9.83291}
	{bone "sub_piece02"}
	{matrix34
		0 	 1 	 0
		-1 	 0 	 0
		0 	 0 	 1
		-0.2401 	 0.6656 	 0.8333
	}
}
{volume "sub_piece03"
	{box 5.90551 8.7024 6.89434}
	{bone "sub_piece03"}
	{Position 0.1324 	 -0.4209 	 0.8357}
}
{volume "sub_piece04"
	{box 10.3346 5.90551 8.70269}
	{bone "sub_piece04"}
	{matrix34
		0 	 1 	 0
		-1 	 0 	 0
		0 	 0 	 1
		0.6519 	 0.7339 	 0.4247
	}
}
{volume "sub_piece05"
	{box 5.90551 8.7024 11.3022}
	{bone "sub_piece05"}
	{Position 0.1324 	 -0.7574 	 0.1242}
}
{volume "sub_piece06"
	{box 27.5208 1.68112 22.1465}
	{bone "sub_piece06"}
	{matrix34
		1 	 0 	 0
		0 	 0.342 	 0.9397
		0 	 -0.9397 	 0.342
		-1.7903 	 -1.8879 	 0.2934
	}
}
{volume "sub_piece07"
	{box 5.90551 12.432 19.4865}
	{bone "sub_piece07"}
	{matrix34
		1 	 0 	 0
		0 	 0.9659 	 -0.2588
		0 	 0.2588 	 0.9659
		0.1324 	 -0.1951 	 0.0578
	}
}
{volume "sub_piece08"
	{box 17.3087 1.68112 22.1465}
	{bone "sub_piece08"}
	{matrix34
		1 	 0 	 0
		0 	 0.342 	 0.9397
		0 	 -0.9397 	 0.342
		1.3364 	 -0.1058 	 0.0385
	}
}
