;Exported by	: joomb
;Date			: 13.04.2023 14:30:52
;File			: H:\git\gem2-mdl-soldiers\models\building\building_ua01\building_ua03_v2.max
{skeleton
	{bone "b_ua_03_piece06"
		{orientation
			1 	 0 	 0
			0 	 -1 	 0
			0 	 0 	 1
		}
		{poly "b_ua_03_piece06"}
		{bone "window"
			{matrix34
				0 	 1 	 0
				-1 	 0 	 0
				0 	 0 	 1
				17.9536 	 68.4509 	 -44.6529
			}
			{poly "window"}
		}
		{bone "window_x"
			{matrix34
				0 	 1 	 0
				-1 	 0 	 0
				0 	 0 	 1
				17.9536 	 68.4509 	 -44.6529
			}
			{poly "window_x"}
		}
		{bone revolute "attach1"
			{matrix34
				0 	 1 	 0
				-1 	 0 	 0
				0 	 0 	 1
				16.647 	 52.8696 	 -70.3073
			}
		}
		{bone "fort_window"
			{matrix34
				0.0522 	 0.9986 	 0
				-0.9986 	 0.0522 	 0
				0 	 0 	 1
				18.8833 	 71.4617 	 -44.6529
			}
		}
	}
}
{"volumes"
	{"body01"
		{polyhedron}
		{bone "b_ua_03_piece06"}
		{matrix34
			-1 	 0 	 0
			0 	 -1 	 0
			0 	 0 	 1
			43.7745 	 66.5304 	 -70.2423
		}
	}
	{"body02"
		{box 6.43851 5.90551 17.4152}
		{bone "b_ua_03_piece06"}
		{matrix34
			-1 	 0 	 0
			0 	 -1 	 0
			0 	 0 	 1
			-2.0426 	 66.5244 	 -34.3018
		}
	}
	{"hole"
		{box 7.87402 13.1774 16.1973}
		{bone "b_ua_03_piece06"}
		{matrix34
			0 	 1 	 0
			-1 	 0 	 0
			0 	 0 	 1
			18.046 	 68.2309 	 -44.577
		}
	}
	{"roof01"
		{box 98.1992 1.9685 44.842}
		{bone "b_ua_03_piece06"}
		{matrix34
			-1 	 0 	 0
			0 	 -0.7873 	 -0.6166
			0 	 -0.6166 	 0.7873
			40.4338 	 62.6448 	 -8.2619
		}
	}
	{"roof02"
		{box 56.9555 1.9685 25.9355}
		{bone "b_ua_03_piece06"}
		{matrix34
			-1 	 0 	 0
			0 	 -0.7873 	 -0.6166
			0 	 -0.6166 	 0.7873
			40.4338 	 40.9338 	 19.4609
		}
	}
	{"roof03"
		{box 16.6939 1.9685 6.15418}
		{bone "b_ua_03_piece06"}
		{matrix34
			-1 	 0 	 0
			0 	 -0.7873 	 -0.6166
			0 	 -0.6166 	 0.7873
			75.7163 	 46.9534 	 11.7744
		}
	}
	{"window"
		{box 1.9685 13.1774 16.1973}
		{bone "window"}
		{Position -1.9597 	 -0.0924 	 0.0759}
	}
}
