;Exported by	: KobaA
;Date			: 05.03.2024 14:51:57
;File			: d:\git\gem2-mdl-soldiers\models\building\trainstation\water_tower_001_x.max
{skeleton
	{bone "water_tower_001_piece_020_x"
		{orientation
			1 	 0 	 0
			0 	 -1 	 0
			0 	 0 	 1
		}
		{bone "piece02"
			{matrix34
				0 	 -1 	 0
				1 	 0 	 0
				0 	 0 	 1
				-7.3186 	 -15.2899 	 -7.6795
			}
			{poly "piece02"}
		}
		{bone "sub_piece01"
			{matrix34
				-0.7071 	 -0.7071 	 0
				0.7071 	 -0.7071 	 0
				0 	 0 	 1
				11.8732 	 -15.6275 	 -0.9661
			}
			{poly "sub_piece01"}
		}
		{bone "piece01"
			{matrix34
				0.9239 	 -0.3825 	 0
				0.3825 	 0.9239 	 0
				0 	 0 	 1
				-11.4044 	 -6.0681 	 15.2642
			}
			{poly "piece01"}
		}
		{bone "sub_piece03"
			{matrix34
				0.3825 	 0.9239 	 0
				-0.9239 	 0.3825 	 0
				0 	 0 	 1
				9.1201 	 -9.1702 	 13.7899
			}
			{poly "sub_piece03"}
		}
		{bone "sub_piece04"
			{matrix34
				-0.5782 	 -0.4566 	 -0.6762
				0.7331 	 0.0732 	 -0.6762
				0.3582 	 -0.8867 	 0.2924
				0.0345 	 -5.4381 	 12.5982
			}
			{poly "sub_piece04"}
		}
		{bone "sub_piece02"
			{matrix34
				-0.9239 	 0.3827 	 0
				-0.3827 	 -0.9239 	 0
				0 	 0 	 1
				-7.7991 	 -10.2763 	 6.1988
			}
			{poly "sub_piece02"}
		}
		{bone "piece03"
			{matrix34
				0.9239 	 -0.3827 	 0
				0.3827 	 0.9239 	 0
				0 	 0 	 1
				-2.7078 	 8.0646 	 6.1988
			}
			{poly "piece03"}
		}
	}
}
{"volumes"
	{"piece01"
		{box 18.6577 30.1897 1.34303}
		{bone "piece01"}
		{matrix34
			-0.9239 	 -0.3825 	 0
			0.3662 	 -0.8845 	 -0.2891
			0.1106 	 -0.2671 	 0.9573
			-0.5504 	 -1.1349 	 0.0099
		}
	}
	{"piece02"
		{box 1.27285 21.9464 11.6563}
		{bone "piece02"}
		{matrix34
			-1 	 0 	 0
			0 	 -1 	 0
			0 	 0 	 1
			0 	 -0.1875 	 -0.0526
		}
	}
	{"piece03"
		{box 27.3806 7.59489 2.4732}
		{bone "piece03"}
		{matrix34
			0.9239 	 0.3827 	 0
			-0.3827 	 0.9239 	 0
			0 	 0 	 1
			0.0861 	 -0.2079 	 0.1143
		}
	}
	{"sub_piece01"
		{box 1.27285 13.8657 4.11002}
		{bone "sub_piece01"}
		{matrix34
			-0.7071 	 -0.7071 	 0
			0.7071 	 -0.7071 	 0
			0 	 0 	 1
			-0.3664 	 0.0297 	 -0.0044
		}
	}
	{"sub_piece02"
		{box 27.3806 7.59489 2.4732}
		{bone "sub_piece02"}
		{matrix34
			0.9239 	 0.3827 	 0
			-0.3827 	 0.9239 	 0
			0 	 0 	 1
			0.0861 	 -0.2079 	 0.1143
		}
	}
	{"sub_piece03"
		{box 9.01338 32.1167 1.34303}
		{bone "sub_piece03"}
		{matrix34
			-0.3825 	 0.9239 	 0
			-0.8845 	 -0.3662 	 -0.2891
			-0.2671 	 -0.1106 	 0.9573
			-1.277 	 -2.9153 	 -0.0877
		}
	}
	{"sub_piece04"
		{box 3.02428 32.4735 3.08433}
		{bone "sub_piece04"}
		{matrix34
			0.7679 	 -0.0467 	 -0.6389
			0.6387 	 0.1334 	 0.7578
			0.0498 	 -0.99 	 0.1323
			0.2359 	 -0.028 	 -0.0305
		}
	}
}
