;Exported by	: Inna
;Date			: 14.03.2023 18:18:09
;File			: F:\GIT\gem2-mdl-soldiers\models\inventory\-weapon\MG34\MG34_stan_xx.max
{skeleton
	{bone revolute "basis"
		{speed 0.01}
		{orientation
			1 	 0 	 0
			0 	 -1 	 0
			0 	 0 	 1
		}
		{bone "part2"
			{Position 0 	 0 	 22.946}
			{poly "part2" {lod 0}}
			{poly "part2_lod1" {lod 1}}
			{poly "part2_lod2" {lod 2}}
			{poly "part2_lod3" {lod 3 {last}}}
			{bone "mgun"
				{matrix34
					1 	 0 	 0
					0 	 0 	 1
					0 	 -1 	 0
					-2.1012 	 0 	 2.508
				}
			}
		}
		{bone "part3"
			{matrix34
				0.9063 	 0 	 0.4226
				-0.4226 	 0 	 0.9063
				0 	 -1 	 0
				-5.5552 	 0.1631 	 22.0331
			}
			{poly "part3" {lod 0}}
			{poly "part3_lod1" {lod 1}}
			{poly "part3_lod2" {lod 2}}
			{poly "part3_lod3" {lod 3 {last}}}
		}
		{bone "part5"
			{matrix34
				-0.9397 	 0.342 	 0
				-0.342 	 -0.9397 	 0
				0 	 0 	 1
				-4.9264 	 3.1847 	 21.0332
			}
			{poly "part5" {lod 0}}
			{poly "part5_lod1" {lod 1}}
			{poly "part5_lod2" {lod 2}}
			{poly "part5_lod3" {lod 3 {last}}}
		}
		{bone "part6"
			{matrix34
				-0.9397 	 -0.342 	 0
				0.342 	 -0.9397 	 0
				0 	 0 	 1
				-4.9264 	 -3.1847 	 21.0332
			}
			{poly "part6" {lod 0}}
			{poly "part6_lod1" {lod 1}}
			{poly "part6_lod2" {lod 2}}
			{poly "part6_lod3" {lod 3 {last}}}
		}
		{bone "part4"
			{Position 3.4268 	 0.0047 	 23.736}
			{poly "part4" {lod 0}}
			{poly "part4_lod1" {lod 1}}
			{poly "part4_lod2" {lod 2}}
			{poly "part4_lod3" {lod 3 {last}}}
		}
		{bone "part1"
			{matrix34
				1 	 0 	 0
				0 	 0 	 1
				0 	 -1 	 0
				3.2464 	 0 	 25.1316
			}
			{poly "part1" {lod 0}}
			{poly "part1_lod1" {lod 1}}
			{poly "part1_lod2" {lod 2}}
			{poly "part1_lod3" {lod 3 {last}}}
		}
	}
}
{"volumes"
	{"part1"
		{box 9.84252 3.93701 1.37795}
		{bone "part1"}
		{matrix34
			0.9925 	 0.1219 	 0
			0 	 0 	 -1
			-0.1219 	 0.9925 	 0
			-3.9916 	 0.4168 	 0
		}
	}
	{"part2"
		{box 11.1618 3.93701 0.984252}
		{bone "part2"}
		{matrix34
			0.9063 	 0 	 0.4226
			0 	 1 	 0
			-0.4226 	 0 	 0.9063
			-0.7415 	 0 	 -0.0811
		}
	}
	{"part3"
		{box 4.03706 3.93701 1.73786}
		{bone "part3"}
		{matrix34
			0.9998 	 -0.0175 	 0
			0 	 0 	 -1
			0.0175 	 0.9998 	 0
			1.5985 	 -0.4986 	 0
		}
	}
	{"part4"
		{cylinder 0.393701 25.5906}
		{bone "part4"}
		{matrix34
			0.9272 	 0 	 0.3746
			0 	 1 	 0
			-0.3746 	 0 	 0.9272
			4.7632 	 0.002 	 -11.8725
		}
	}
	{"part5"
		{cylinder 0.393701 23.622}
		{bone "part5"}
		{matrix34
			0.9434 	 0.2022 	 0.263
			-0.1116 	 0.94 	 -0.3224
			-0.3124 	 0.2747 	 0.9093
			3.6945 	 -2.8945 	 -10.2929
		}
	}
	{"part6"
		{cylinder 0.393701 23.622}
		{bone "part6"}
		{matrix34
			-0.1068 	 0.9609 	 0.2556
			-0.9411 	 -0.0147 	 -0.3378
			-0.3208 	 -0.2766 	 0.9059
			3.7503 	 2.8276 	 -10.3339
		}
	}
}
