;Exported by: shevchenko
;Date:        Tue Mar 07 18:04:56 2006
;File:        D:\-Projects1_5-\-3DWork-\euro1_corner2_lm_corner_x.max
{Skeleton
	{bone "101_f2w3"
		{Orientation
			1	0	0
			0	-1	0
			0	0	1
		}
		{bone "piece1"
			{Matrix34
				0	1	0
				0	0	1
				1	0	0
				30.1586	2.09538	20.7324
			}
			{poly "piece1"}
		}
		{bone "piece0"
			{Matrix34
				0	1	0
				0	0	1
				1	0	0
				30.1586	-14.2854	-5.0983
			}
			{poly "piece0"}
		}
		{bone "piece5"
			{Matrix34
				0	1	0
				0	0	1
				1	0	0
				30.1586	4.27502	-6.16714
			}
			{poly "piece5"}
		}
		{bone "piece4"
			{Matrix34
				0	1	0
				0	0	1
				1	0	0
				30.1586	-0.82296	-26.2631
			}
			{poly "piece4"}
		}
		{bone "piece3"
			{Matrix34
				0	1	0
				0	0	1
				1	0	0
				2.74257	3.11028	-26.1707
			}
			{poly "piece3"}
		}
		{bone "piece2"
			{Matrix34
				0	1	0
				0	0	1
				1	0	0
				-2.81525	-8.144	-26.1707
			}
			{poly "piece2"}
		}
	}
}
{Volume "piece0"
	{Box 5.90552 13.3858 26.6335}
	{Bone "piece0"}
	{Matrix34
		0	0	1
		0.984808	-0.173648	0
		0.173648	0.984808	0
		-1.16273	-0.305031	0
	}
}
{Volume "piece1"
	{Box 5.90552 21.2833 12.0472}
	{Bone "piece1"}
	{Matrix34
		0	0	1
		0.642788	-0.766044	0
		0.766044	0.642788	0
		-1.21669	0.663091	0
	}
}
{Volume "piece2"
	{Box 55.1974 5.52385 3.93702}
	{Bone "piece2"}
	{Matrix34
		0	0	1
		1	0	0
		0	1	0
		0	0	0
	}
}
{Volume "piece3"
	{Box 43.398 10.033 3.93701}
	{Bone "piece3"}
	{Matrix34
		0	0	1
		1	0	0
		0	1	0
		-1.04158e-005	0	0
	}
}
{Volume "piece4"
	{Box 5.90551 9.09449 15.5906}
	{Bone "piece4"}
	{Matrix34
		0	0	1
		0.866025	0.5	0
		-0.5	0.866025	0
		-0.41435	-0.023077	-1.3059e-005
	}
}
{Volume "piece5"
	{Box 5.90552 13.7795 19.8923}
	{Bone "piece5"}
	{Matrix34
		0	0	1
		1	0	0
		0	1	0
		0	-0.525594	-1.27471e-005
	}
}
