;Exported by	: KobaA
;Date			: 10.04.2023 10:48:53
;File			: D:\git\gem2-mdl-soldiers\models\flora\African_tree\African_tree.max
{skeleton
	{bone "african_tree_005_basis"
		{orientation
			1 	 0 	 0
			0 	 -1 	 0
			0 	 0 	 1
		}
		{bone "african_tree_005"
			{Position 0 	 0 	 2.3537}
			{poly "african_tree_005"}
		}
		{bone "rootx"
			{matrix34
				-0.6548 	 0.7503 	 0.0909
				-0.0286 	 0.0957 	 -0.995
				-0.7553 	 -0.6541 	 -0.0412
				2.774 	 0.1578 	 -26.5879
			}
			{poly "rootx"}
		}
	}
}
{"volumes"
	{"bole01"
		{cylinder 4.18382 34.6056}
		{bone "african_tree_005"}
		{matrix34
			0.9659 	 0 	 -0.2588
			0 	 1 	 0
			0.2588 	 0 	 0.9659
			4.6508 	 -0.2234 	 10.9599
		}
	}
	{"bole02"
		{cylinder 2.845 52.5756}
		{bone "african_tree_005"}
		{matrix34
			0.7871 	 -0.2086 	 -0.5805
			0.0539 	 0.9607 	 -0.2722
			0.6145 	 0.183 	 0.7674
			24.1 	 6.7165 	 48.7324
		}
	}
	{"crown"
		{polyhedron}
		{bone "african_tree_005"}
		{Position 82.6138 	 11.6459 	 70.4396}
	}
}
