;Exported by	: Oleksandr Tsaprylov
;Date			: 26.01.2023 21:18:31
;File			: E:\projects\gem2-mdl-soldiers\models\entourage\shed_wood_destroyed\shed_wood_destroyed.max
{skeleton
	{bone "shed_wood_destroyed_c_piece_004"
		{orientation
			1 	 0 	 0
			0 	 -1 	 0
			0 	 0 	 1
		}
		{poly "shed_wood_destroyed_c_piece_004"}
	}
}
{obstacle "obstacle01"
	{obb2
		{center -9.6032 -14.7325}
		{extent 32.7681 2.8221}
		{axis -1 8.73112e-08}
	}
	{rotate}
}
{"volumes"
	{"body01"
		{box 3.93701 3.93701 68.9314}
		{bone "shed_wood_destroyed_c_piece_004"}
		{Position 2.1432 	 14.2689 	 34.4657}
	}
	{"body02"
		{box 7.16952 2.91339 65.6301}
		{bone "shed_wood_destroyed_c_piece_004"}
		{matrix34
			0 	 0 	 1
			0 	 1 	 0
			-1 	 0 	 0
			1.1393 	 13.9972 	 67.0639
		}
	}
	{"body03"
		{box 5.55099 1.26645 39.1474}
		{bone "shed_wood_destroyed_c_piece_004"}
		{matrix34
			0 	 0 	 1
			0 	 1 	 0
			-1 	 0 	 0
			-5.0627 	 16.523 	 40.9813
		}
	}
	{"body04"
		{box 5.55099 1.26645 56.7353}
		{bone "shed_wood_destroyed_c_piece_004"}
		{matrix34
			-0.1736 	 0 	 0.9848
			0 	 1 	 0
			-0.9848 	 0 	 -0.1736
			-11.9275 	 16.6331 	 29.4037
		}
	}
	{"body05"
		{box 5.55099 1.26645 53.9493}
		{bone "shed_wood_destroyed_c_piece_004"}
		{matrix34
			0.0872 	 0 	 0.9962
			0 	 1 	 0
			-0.9962 	 0 	 0.0872
			-8.035 	 16.633 	 14.5907
		}
	}
	{"body06"
		{box 2.3622 2.98768 102.285}
		{bone "shed_wood_destroyed_c_piece_004"}
		{matrix34
			1 	 0 	 0
			0 	 0.5736 	 0.8192
			0 	 -0.8192 	 0.5736
			29.0208 	 3.7366 	 76.4507
		}
	}
	{"body07"
		{box 2.3622 2.98768 86.5492}
		{bone "shed_wood_destroyed_c_piece_004"}
		{matrix34
			1 	 0 	 0
			0 	 0.5736 	 0.8192
			0 	 -0.8192 	 0.5736
			-14.35 	 10.1817 	 71.9378
		}
	}
	{"body08"
		{box 2.3622 2.98768 70.78}
		{bone "shed_wood_destroyed_c_piece_004"}
		{matrix34
			1 	 0 	 0
			0 	 0.5736 	 0.8192
			0 	 -0.8192 	 0.5736
			7.4756 	 16.6404 	 67.4153
		}
	}
	{"body09"
		{box 2.3622 2.98768 42.7305}
		{bone "shed_wood_destroyed_c_piece_004"}
		{matrix34
			-1 	 0 	 0
			0 	 0 	 1
			0 	 1 	 0
			-22.6471 	 -6.4644 	 69.3248
		}
	}
	{"body10"
		{box 2.3622 2.98768 55.5458}
		{bone "shed_wood_destroyed_c_piece_004"}
		{matrix34
			-1 	 0 	 0
			0 	 0 	 1
			0 	 1 	 0
			28.9216 	 -13.4849 	 69.3248
		}
	}
}
