;Exported by	: joomb
;Date			: 13.04.2023 15:28:34
;File			: H:\git\gem2-mdl-soldiers\models\building\building_ua01\building_ua05_v2.max
{skeleton
	{bone "b_ua_05_piece15"
		{orientation
			1 	 0 	 0
			0 	 -1 	 0
			0 	 0 	 1
		}
		{poly "b_ua_05_piece15"}
		{bone "fort_wall"
			{Position -0.9759 	 9.9538 	 -12.0351}
		}
		{bone "fort_window"
			{matrix34
				0 	 -1 	 0
				1 	 0 	 0
				0 	 0 	 1
				14.9211 	 6.3125 	 6.571
			}
		}
		{bone "window"
			{matrix34
				0 	 1 	 0
				-1 	 0 	 0
				0 	 0 	 1
				15.0044 	 -0.1818 	 6.4926
			}
			{poly "window"}
		}
		{bone "window_x"
			{matrix34
				0 	 1 	 0
				-1 	 0 	 0
				0 	 0 	 1
				15.0044 	 -0.1818 	 6.4926
			}
			{poly "window_x"}
		}
		{bone revolute "attach1"
			{matrix34
				0 	 1 	 0
				-1 	 0 	 0
				0 	 0 	 1
				12.7752 	 -16.9166 	 -15.1307
			}
		}
	}
}
{"volumes"
	{"body01"
		{box 58.2792 6.29921 58.415}
		{bone "b_ua_05_piece15"}
		{matrix34
			-1 	 0 	 0
			0 	 -1 	 0
			0 	 0 	 1
			10.4034 	 -0.1137 	 0.0638
		}
	}
	{"body02"
		{box 50.2508 6.29921 58.415}
		{bone "b_ua_05_piece15"}
		{matrix34
			0 	 -1 	 0
			1 	 0 	 0
			0 	 0 	 1
			31.4901 	 -18.1265 	 0.0638
		}
	}
	{"hole"
		{box 12.147 10.1801 16.3386}
		{bone "b_ua_05_piece15"}
		{matrix34
			-1 	 0 	 0
			0 	 -1 	 0
			0 	 0 	 1
			14.6713 	 -0.0879 	 6.4047
		}
	}
	{"roof01"
		{box 57.8207 3.93701 46.4604}
		{bone "b_ua_05_piece15"}
		{matrix34
			1 	 0 	 0
			0 	 0.6301 	 0.7765
			0 	 -0.7765 	 0.6301
			11.1593 	 -6.9703 	 43.3654
		}
	}
	{"roof02"
		{polyhedron}
		{bone "b_ua_05_piece15"}
		{matrix34
			1 	 0 	 0
			0 	 0.6301 	 0.7765
			0 	 -0.7765 	 0.6301
			33.7417 	 -25.3383 	 58.2698
		}
	}
	{"roof03"
		{polyhedron}
		{bone "b_ua_05_piece15"}
		{matrix34
			1 	 0 	 0
			0 	 0.6301 	 0.7765
			0 	 -0.7765 	 0.6301
			18.3968 	 -25.5325 	 58.4274
		}
	}
	{"roof04"
		{polyhedron}
		{bone "b_ua_05_piece15"}
		{matrix34
			1 	 0 	 0
			0 	 0.6301 	 0.7765
			0 	 -0.7765 	 0.6301
			-17.0688 	 -8.4866 	 44.5957
		}
	}
	{"window"
		{box 12.147 2.00002 16.7209}
		{bone "window"}
		{matrix34
			0 	 1 	 0
			-1 	 0 	 0
			0 	 0 	 1
			0.094 	 0.3331 	 0.3991
		}
	}
}
