;Exported by:	 tolokolnikova
;Date:			 23.03.2018 09:15:42
;File:			 D:\gem2\gem2-mdl-soldiers\models\building\building_ua01\building_06_v2_x.max
{skeleton
	{bone "b_ua_06_piece01_point"
		{orientation
			1 	 0 	 0
			0 	 -1 	 0
			0 	 0 	 1
		}
		{bone "piece01"
			{matrix34
				0 	 -1 	 0
				1 	 0 	 0
				0 	 0 	 1
				-18.4252 	 -24.4679 	 7.5447
			}
			{poly "piece01"}
		}
		{bone "piece02"
			{matrix34
				0 	 -1 	 0
				0.1736 	 0 	 -0.9848
				0.9848 	 0 	 0.1736
				4.4446 	 -24.4908 	 3.2421
			}
			{poly "piece02"}
		}
		{bone "piece03"
			{matrix34
				0 	 -1 	 0
				1 	 0 	 0
				0 	 0 	 1
				-7.8161 	 -24.5065 	 -1.875
			}
			{poly "piece03"}
		}
		{bone "piece05"
			{matrix34
				-1 	 0 	 0
				0 	 -1 	 0
				0 	 0 	 1
				-22.3977 	 -1.4872 	 9.0803
			}
			{poly "piece05"}
		}
		{bone "piece06"
			{matrix34
				-1 	 0 	 0
				0 	 -1 	 0
				0 	 0 	 1
				-22.323 	 -4.7759 	 -1.8953
			}
			{poly "piece06"}
		}
		{bone "piece04"
			{matrix34
				-1 	 0 	 0
				0 	 -1 	 0
				0 	 0 	 1
				-22.4703 	 -19.5698 	 6.0719
			}
			{poly "piece04"}
		}
		{bone "sub_piece01"
			{matrix34
				1 	 0 	 0
				0 	 0.8192 	 -0.5736
				0 	 0.5736 	 0.8192
				16.4325 	 -22.2798 	 27.7786
			}
			{poly "sub_piece01"}
		}
		{bone "b_ua_06_piece01"
			{Position 81.7753 	 31.0682 	 -14.7405}
			{poly "b_ua_06_piece01"}
		}
		{bone "fort_wall"
			{matrix34
				-1 	 0 	 0
				0 	 -1 	 0
				0 	 0 	 1
				-4.08 	 -37.4736 	 -26.9897
			}
		}
		{bone "sub_piece06"
			{Position -14.2505 	 10.1174 	 13.494}
			{poly "sub_piece06"}
		}
		{bone "sub_piece05"
			{matrix34
				0.9063 	 -0.0147 	 -0.4224
				-0.2144 	 0.8452 	 -0.4895
				0.3642 	 0.5342 	 0.7629
				-18.9821 	 -15.3691 	 27.7078
			}
			{poly "sub_piece05"}
		}
		{bone "sub_piece04"
			{matrix34
				0.8227 	 0.1306 	 -0.5532
				-0.2408 	 0.9617 	 -0.1311
				0.5149 	 0.241 	 0.8227
				-27.8984 	 7.0654 	 28.1642
			}
			{poly "sub_piece04"}
		}
		{bone "sub_piece02"
			{Position -4.5138 	 -26.0085 	 13.5074}
			{poly "sub_piece02"}
		}
		{bone "sub_piece03"
			{matrix34
				0 	 1 	 0
				1 	 0 	 0
				0 	 0 	 1
				-32.6155 	 -9.3148 	 12.6136
			}
			{poly "sub_piece03"}
		}
		{bone "stones_001"
			{parameters "commonmesh;land;ground;"}
			{matrix34
				0 	 1 	 0
				-1 	 0 	 0
				0 	 0 	 1
				3.9281 	 -41.4106 	 -36.8322
			}
			{poly "stones_001" {ground}}
		}
		{bone "debris_land_001"
			{parameters "commonmesh;land;ground;"}
			{matrix34
				0 	 1 	 0
				-1 	 0 	 0
				0 	 0 	 1
				3.9281 	 -41.424 	 -36.8322
			}
			{poly "debris_land_001" {ground}}
		}
		{bone revolute "attach1"
			{matrix34
				0 	 -1 	 0
				1 	 0 	 0
				0 	 0 	 1
				16.9295 	 -8.4271 	 -29.9656
			}
		}
	}
}
{volume "piece01"
	{box 5.90551 15.1727 11.9384}
	{bone "piece01"}
	{matrix34
		1 	 0 	 0
		0 	 0.9397 	 0.342
		0 	 -0.342 	 0.9397
		0 	 -0.3096 	 0.1231
	}
}
{volume "piece02"
	{box 5.90551 13.9786 11.1553}
	{bone "piece02"}
	{matrix34
		1 	 0 	 0
		0 	 0.9397 	 0.342
		0 	 -0.342 	 0.9397
		0 	 -0.2927 	 1.0441
	}
}
{volume "piece03"
	{box 5.90551 6.23144 8.71504}
	{bone "piece03"}
	{matrix34
		1 	 0 	 0
		0 	 0.9397 	 -0.342
		0 	 0.342 	 0.9397
		0 	 -0.594 	 0.234
	}
}
{volume "piece04"
	{box 5.90551 14.4839 8.71504}
	{bone "piece04"}
	{matrix34
		1 	 0 	 0
		0 	 0.5 	 0.866
		0 	 -0.866 	 0.5
		0 	 0.1544 	 0.8492
	}
}
{volume "piece05"
	{box 5.90551 16.8417 8.71504}
	{bone "piece05"}
	{Position 0 	 1.2328 	 0.0373}
}
{volume "piece06"
	{box 5.90551 8.58928 8.71504}
	{bone "piece06"}
	{Position 0 	 -0.2573 	 0.1906}
}
{volume "sub_piece01"
	{box 2.95276 2.95276 25.5093}
	{bone "sub_piece01"}
	{Position -0.6745 	 0.234 	 -2.4174}
}
{volume "sub_piece02"
	{box 31.8384 4.66464 1.48196}
	{bone "sub_piece02"}
	{Position -0.4529 	 -0.1873 	 0.0247}
}
{volume "sub_piece03"
	{box 28.6546 4.66464 1.48196}
	{bone "sub_piece03"}
	{matrix34
		-0.9912 	 0.1326 	 -0.0031
		-0.0874 	 -0.6357 	 0.767
		-0.0997 	 -0.7605 	 -0.6417
		-0.8024 	 0.1421 	 -0.1448
	}
}
{volume "sub_piece04"
	{box 2.95276 2.95276 25.5093}
	{bone "sub_piece04"}
	{Position 0.4392 	 1.6711 	 -1.7922}
}
{volume "sub_piece05"
	{box 2.95276 2.95276 25.5093}
	{bone "sub_piece05"}
	{Position 0 	 0 	 -1.9578}
}
{volume "sub_piece06"
	{box 31.8384 10.822 1.48196}
	{bone "sub_piece06"}
	{matrix34
		0 	 1 	 0
		-1 	 0 	 0
		0 	 0 	 1
		-0.0536 	 -3.3403 	 0.0381
	}
}
{volume "target_vol_001"
	{box 9.84252 9.84252 15.6501}
	{bone "b_ua_06_piece01_point"}
	{matrix34
		0 	 -1 	 0
		1 	 0 	 0
		0 	 0 	 1
		16.9295 	 -8.4271 	 -10.9545
	}
}
{volume "vol_14"
	{box 6.50407 61.6776 14.5}
	{bone "b_ua_06_piece01"}
	{matrix34
		-1 	 0 	 0
		0 	 -1 	 0
		0 	 0 	 1
		-103.817 	 -30.7493 	 -7.8731
	}
}
{volume "vol_15"
	{box 6.50407 51.9872 5.07501}
	{bone "b_ua_06_piece01"}
	{matrix34
		-1 	 0 	 0
		0 	 -1 	 0
		0 	 0 	 1
		-103.817 	 -35.2945 	 1.8886
	}
}
{volume "vol_16"
	{box 6.50407 14.7458 7.56176}
	{bone "b_ua_06_piece01"}
	{matrix34
		-1 	 0 	 0
		0 	 -1 	 0
		0 	 0 	 1
		-103.817 	 -54.0163 	 8.1818
	}
}
{volume "vol_17"
	{box 6.50407 14.7458 10.8133}
	{bone "b_ua_06_piece01"}
	{matrix34
		-1 	 0 	 0
		0 	 -1 	 0
		0 	 0 	 1
		-103.817 	 -18.284 	 9.8076
	}
}
{volume "vol_18"
	{box 6.50407 62.911 16.675}
	{bone "b_ua_06_piece01"}
	{matrix34
		0 	 -1 	 0
		1 	 0 	 0
		0 	 0 	 1
		-78.5543 	 -55.3875 	 -6.7856
	}
}
{volume "vol_19"
	{polyhedron}
	{bone "b_ua_06_piece01"}
	{matrix34
		0 	 -1 	 0
		1 	 0 	 0
		0 	 0 	 1
		-79.1393 	 -55.3875 	 1.5259
	}
}
{volume "vol_20"
	{polyhedron}
	{bone "b_ua_06_piece01"}
	{matrix34
		0 	 -1 	 0
		1 	 0 	 0
		0 	 0 	 1
		-102.601 	 -55.3875 	 1.5674
	}
}
{volume "vol_33"
	{box 9.67846 62.911 7.50376}
	{bone "b_ua_06_piece01"}
	{matrix34
		0 	 -1 	 0
		1 	 0 	 0
		0 	 0 	 1
		-78.5543 	 -63.3753 	 -18.3997
	}
}
{volume "vol_34"
	{box 9.67846 70.1878 7.50376}
	{bone "b_ua_06_piece01"}
	{matrix34
		-1 	 0 	 0
		0 	 -1 	 0
		0 	 0 	 1
		-111.866 	 -31.0818 	 -18.3997
	}
}
