;Exported by:	 tolokolnikova
;Date:			 27.06.2017 14:57:07
;File:			 D:\gem2\gem2-mdl-soldiers\models\building\house_D\D_005_cut_x_fort.max
{skeleton
	{bone "d005_piece15_point"
		{orientation
			1 	 0 	 0
			0 	 -1 	 0
			0 	 0 	 1
		}
		{bone "piece01"
			{Position -23.6311 	 14.5325 	 22.2319}
			{poly "piece01"}
		}
		{bone "piece02"
			{Position -23.6881 	 -7.5721 	 11.5758}
			{poly "piece02"}
		}
		{bone "piece03"
			{Position -23.7206 	 24.6255 	 -16.5134}
			{poly "piece03"}
		}
		{bone "piece04"
			{Position -23.6289 	 20.8959 	 2.8618}
			{poly "piece04"}
		}
		{bone "piece05"
			{Position -10.5664 	 35.8533 	 13.7114}
			{poly "piece05"}
		}
		{bone "piece06"
			{Position 4.0667 	 35.8024 	 -0.3016}
			{poly "piece06"}
		}
		{bone "sub_piece01"
			{Position -23.6805 	 3.0755 	 -10.6862}
			{poly "sub_piece01"}
		}
		{bone "sub_piece02"
			{Position -14.0815 	 35.9541 	 -2.9809}
			{poly "sub_piece02"}
		}
		{bone "piece07"
			{Position -9.8518 	 35.9016 	 -18.4739}
			{poly "piece07"}
		}
		{bone "sub_piece03"
			{Position -15.1498 	 25.2758 	 30.9619}
			{poly "sub_piece03"}
		}
		{bone "sub_piece04"
			{matrix34
				-1 	 0 	 0
				0 	 -0.9991 	 0.0426
				0 	 0.0426 	 0.9991
				-9.4228 	 -3.4975 	 30.5358
			}
			{poly "sub_piece04"}
		}
		{bone "sub_piece05"
			{Position -14.8667 	 -3.665 	 -25.6}
			{poly "sub_piece05"}
		}
	}
}
{volume "piece01"
	{box 5.90551 15.0377 23.9007}
	{bone "piece01"}
	{matrix34
		1 	 0 	 0
		0 	 -0.0523 	 -0.9986
		0 	 0.9986 	 -0.0523
		0 	 -0.3724 	 -0.3606
	}
}
{volume "piece02"
	{box 5.90551 23.4965 13.6328}
	{bone "piece02"}
	{matrix34
		1 	 0 	 0
		0 	 0.0349 	 -0.9994
		0 	 0.9994 	 0.0349
		0 	 -1.6162 	 0.3389
	}
}
{volume "piece03"
	{box 5.90551 23.4965 13.6328}
	{bone "piece03"}
	{matrix34
		1 	 0 	 0
		0 	 0.7314 	 -0.682
		0 	 0.682 	 0.7314
		-0.1253 	 -0.6967 	 -0.5318
	}
}
{volume "piece04"
	{box 5.90551 23.4965 13.6328}
	{bone "piece04"}
	{matrix34
		1 	 0 	 0
		0 	 -0.9581 	 -0.2864
		0 	 0.2864 	 -0.9581
		0.0021 	 0.4199 	 0.8811
	}
}
{volume "piece05"
	{box 5.90551 23.4965 13.6328}
	{bone "piece05"}
	{matrix34
		0 	 1 	 0
		-0.9744 	 0 	 -0.225
		-0.225 	 0 	 0.9744
		0.6464 	 0.1072 	 0.5908
	}
}
{volume "piece06"
	{box 5.90551 15.4406 12.2712}
	{bone "piece06"}
	{matrix34
		0 	 1 	 0
		-0.0872 	 0 	 0.9962
		0.9962 	 0 	 0.0872
		0.8019 	 0.05 	 -0.1588
	}
}
{volume "piece07"
	{box 5.90551 12.7925 18.9022}
	{bone "piece07"}
	{matrix34
		0 	 1 	 0
		-0.6428 	 0 	 0.766
		0.766 	 0 	 0.6428
		-0.6213 	 0.1025 	 -0.6147
	}
}
{volume "sub_piece01"
	{polyhedron}
	{bone "sub_piece01"}
	{Position 0.0715 	 4.6233 	 -7.3054}
}
{volume "sub_piece02"
	{box 5.90551 12.7925 10.4432}
	{bone "sub_piece02"}
	{matrix34
		0 	 1 	 0
		-1 	 0 	 0
		0 	 0 	 1
		0.7761 	 0.05 	 -0.6322
	}
}
{volume "sub_piece03"
	{box 0.984252 17.8328 14.2028}
	{bone "sub_piece03"}
	{matrix34
		0 	 0.342 	 0.9397
		1 	 0 	 0
		0 	 0.9397 	 -0.342
		0.7476 	 0.1645 	 0.0753
	}
}
{volume "sub_piece04"
	{box 0.984252 17.8328 14.2028}
	{bone "sub_piece04"}
	{matrix34
		0 	 0.3818 	 0.9243
		1 	 0 	 0
		0 	 0.9243 	 -0.3818
		1.966 	 0.9708 	 -0.2747
	}
}
{volume "sub_piece05"
	{box 3.58729 32.4233 2.84799}
	{bone "sub_piece05"}
	{Position 0 	 0.5769 	 -0.0524}
}
