;Exported by	: KobaA
;Date			: 11.01.2024 14:04:22
;File			: d:\git\gem2-mdl-soldiers\models\building\house_001a_g2\house_001a_g2_x.max
{skeleton
	{bone "house_001a_piece_008_x"
		{orientation
			1 	 0 	 0
			0 	 -1 	 0
			0 	 0 	 1
		}
		{bone "piece02"
			{Position -26.7237 	 -6.8961 	 1.9217}
			{poly "piece02"}
		}
		{bone "piece03"
			{Position 20.0337 	 -6.8961 	 8.7229}
			{poly "piece03"}
		}
		{bone "piece04"
			{Position 12.6678 	 -6.8961 	 -2.3783}
			{poly "piece04"}
			{bone "sub_piece02"
				{Position 8.3497 	 0 	 -9.2528}
				{poly "sub_piece02"}
			}
		}
		{bone "piece00"
			{Position 5.2101 	 -6.8961 	 -16.46}
			{poly "piece00"}
		}
		{bone "piece01"
			{Position -5.7111 	 -6.8961 	 -4.9657}
			{poly "piece01"}
			{bone "sub_piece01"
				{Position 5.4115 	 0 	 14.5093}
				{poly "sub_piece01"}
			}
			{bone "sub_piece00"
				{Position -9.2456 	 0 	 14.1603}
				{poly "sub_piece00"}
			}
		}
		{bone "piece07"
			{matrix34
				1 	 0 	 0
				0 	 0.866 	 0.5
				0 	 -0.5 	 0.866
				-11.8478 	 9.0785 	 25.8265
			}
			{poly "piece07"}
		}
		{bone "piece08"
			{matrix34
				1 	 0 	 0
				0 	 0.866 	 0.5
				0 	 -0.5 	 0.866
				3.6413 	 -5.0203 	 17.5395
			}
			{poly "piece08"}
		}
		{bone "sub_piece11"
			{matrix34
				1 	 0 	 0
				0 	 0.5 	 -0.866
				0 	 0.866 	 0.5
				-21.9526 	 -2.3784 	 17.6773
			}
			{poly "sub_piece11"}
		}
		{bone "sub_piece12"
			{matrix34
				1 	 0 	 0
				0 	 0.866 	 0.5
				0 	 -0.5 	 0.866
				17.7986 	 7.0903 	 23.1589
			}
			{poly "sub_piece12"}
		}
	}
}
{"volumes"
	{"piece00"
		{box 5.90551 16.0615 12.5202}
		{bone "piece00"}
		{matrix34
			0 	 -1 	 0
			0.9914 	 0 	 0.1305
			-0.1305 	 0 	 0.9914
			-0.4699 	 -0.0303 	 -1.1924
		}
	}
	{"piece01"
		{box 5.90551 20.641 18.103}
		{bone "piece01"}
		{matrix34
			0 	 -1 	 0
			-0.999 	 0 	 -0.0436
			0.0436 	 0 	 -0.999
			-0.2925 	 -0.0303 	 1.5748
		}
	}
	{"piece02"
		{box 5.90551 13.623 13.2152}
		{bone "piece02"}
		{matrix34
			0 	 -1 	 0
			-0.766 	 0 	 -0.6428
			0.6428 	 0 	 -0.766
			1.5 	 -0.0303 	 -1.684
		}
	}
	{"piece03"
		{box 5.90551 19.0619 9.71611}
		{bone "piece03"}
		{matrix34
			0 	 -1 	 0
			-0.9962 	 0 	 0.0872
			-0.0872 	 0 	 -0.9962
			-0.1589 	 -0.0303 	 0.5625
		}
	}
	{"piece04"
		{box 5.90551 14.6777 16.6145}
		{bone "piece04"}
		{matrix34
			0 	 -1 	 0
			0.9962 	 0 	 -0.0872
			0.0872 	 0 	 0.9962
			0.6721 	 -0.0303 	 -0.3085
		}
	}
	{"piece07"
		{box 15.3543 14.0289 1.13821}
		{bone "piece07"}
		{matrix34
			0 	 -1 	 0
			1 	 0 	 0
			0 	 0 	 1
			1.0289 	 -0.3063 	 -0.0558
		}
	}
	{"piece08"
		{box 15.3543 14.0289 1.13821}
		{bone "piece08"}
		{matrix34
			0 	 -1 	 0
			1 	 0 	 0
			0 	 0 	 1
			0.5196 	 0.1324 	 0.0716
		}
	}
	{"sub_piece00"
		{box 5.90551 10.3918 8.14113}
		{bone "sub_piece00"}
		{matrix34
			0 	 -1 	 0
			0.9848 	 0 	 0.1736
			-0.1736 	 0 	 0.9848
			-0.067 	 -0.0303 	 0.8114
		}
	}
	{"sub_piece01"
		{box 5.90551 17.3196 8.14113}
		{bone "sub_piece01"}
		{matrix34
			0 	 -1 	 0
			1 	 0 	 0
			0 	 0 	 1
			0.6023 	 -0.0303 	 0.7827
		}
	}
	{"sub_piece02"
		{box 5.90551 8.352 6.38532}
		{bone "sub_piece02"}
		{matrix34
			0 	 -1 	 0
			1 	 0 	 0
			0 	 0 	 1
			0.6432 	 -0.0303 	 -0.8081
		}
	}
	{"sub_piece11"
		{box 2.3622 2.3622 30.7735}
		{bone "sub_piece11"}
		{matrix34
			0 	 -0.5 	 -0.866
			0 	 0.866 	 -0.5
			1 	 0 	 0
			0.3369 	 0.2978 	 3.011
		}
	}
	{"sub_piece12"
		{box 2.3622 2.3622 30.7735}
		{bone "sub_piece12"}
		{matrix34
			0 	 -0.866 	 0.5
			0 	 -0.5 	 -0.866
			1 	 0 	 0
			0.0169 	 0.3 	 -0.3428
		}
	}
}
