;Exported by:	 tolokolnikova
;Date:			 12.03.2018 11:16:18
;File:			 D:\gem2\gem2-mdl-soldiers\models\fence\Fence_wood_ua\fence_wood_ru_001.max
{skeleton
	{bone "fence01c_x"
		{orientation
			1 	 0 	 0
			0 	 -1 	 0
			0 	 0 	 1
		}
		{bone "piece01"
			{matrix34
				0 	 -0.2079 	 -0.9781
				0 	 0.9781 	 -0.2079
				1 	 0 	 0
				26.7269 	 -5.2359 	 25.042
			}
			{poly "piece01"}
		}
		{bone "piece02"
			{Position -38.6605 	 -3.0941 	 21.4587}
			{poly "piece02"}
		}
		{bone "piece03"
			{matrix34
				0 	 -0.1564 	 -0.9877
				0 	 0.9877 	 -0.1564
				1 	 0 	 0
				10.5802 	 -4.1699 	 6.7399
			}
			{poly "piece03"}
		}
		{bone "piece04"
			{matrix34
				0.9848 	 0.1736 	 0
				-0.1736 	 0.9848 	 0
				0 	 0 	 1
				33.4455 	 -2.1675 	 15.571
			}
			{poly "piece04"}
		}
		{bone "piece05"
			{parameters "polylastpose=undefined;"}
			{matrix34
				0 	 -0.2079 	 -0.9781
				0 	 0.9781 	 -0.2079
				1 	 0 	 0
				-36.2156 	 -5.5754 	 22.9615
			}
		}
		{bone "fx_wood"
			{Position -0.7023 	 -3.6218 	 0}
		}
	}
}
{volume "piece01"
	{cylinder 1.45796 19.8614}
	{bone "piece01"}
	{matrix34
		0.9781 	 0.2079 	 0
		-0.2079 	 0.9781 	 0.0006
		0.0001 	 -0.0006 	 1
		0.0776 	 -0.3367 	 -0.0448
	}
}
{volume "piece02"
	{cylinder 1.82791 15.8269}
	{bone "piece02"}
	{matrix34
		1 	 0 	 0
		0 	 1 	 0.0006
		0 	 -0.0006 	 1
		-0.3494 	 -0.0908 	 -0.2845
	}
}
{volume "piece03"
	{cylinder 1.75658 50.6809}
	{bone "piece03"}
	{matrix34
		0.9877 	 0.1564 	 0
		-0.1564 	 0.9877 	 0.0006
		0 	 -0.0006 	 1
		0.2096 	 -1.4055 	 0.0215
	}
}
{volume "piece04"
	{cylinder 1.93758 23.1073}
	{bone "piece04"}
	{matrix34
		0.9848 	 -0.1736 	 0
		0.1736 	 0.9848 	 0.0006
		-0.0001 	 -0.0006 	 1
		-0.4127 	 0.0898 	 0.3231
	}
}
{volume "piece05"
	{cylinder 1.75658 34.2439}
	{bone "piece05"}
	{matrix34
		0.9781 	 0.2079 	 0
		-0.2079 	 0.9781 	 0.0006
		0.0001 	 -0.0006 	 1
		2.7241 	 0.5684 	 11.0689
	}
}
