;Exported by:	 Oleksandr Tsaprylov
;Date:			 06.04.2021 20:49:58
;File:			 E:\projects\gem2-mdl-soldiers\models\entourage\piers\pier_001.max
{skeleton
	{bone "pier_01"
		{orientation
			1 	 0 	 0
			0 	 -1 	 0
			0 	 0 	 1
		}
		{bone "body01"
			{matrix34
				-0.9959 	 0.0049 	 -0.0905
				0.0049 	 -0.9941 	 -0.1079
				-0.0906 	 -0.1079 	 0.99
				-20.8811 	 -1.6532 	 6.2073
			}
			{poly "body01"}
		}
	}
}
{obstacle "obstacle01"
	{obb2
		{center -1.70145 1.05278}
		{extent 42.2469 10.7689}
		{axis -1 0}
	}
	{rotate}
}
{volume "body01"
	{box 80.8443 13.7388 1.43764}
	{bone "body01"}
	{matrix34
		-0.9959 	 0.0049 	 -0.0906
		0.0049 	 -0.9941 	 -0.1079
		-0.0905 	 -0.1079 	 0.99
		-21.7771 	 -2.8913 	 18.7347
	}
}
{volume "body02"
	{box 2.59742 11.5924 37.6629}
	{bone "body01"}
	{matrix34
		-0.9959 	 0.0049 	 -0.0906
		0.0049 	 -0.9941 	 -0.1079
		-0.0905 	 -0.1079 	 0.99
		-57.3868 	 -0.8114 	 -5.0149
	}
}
{volume "body03"
	{box 7.02827 11.5924 37.6629}
	{bone "body01"}
	{matrix34
		-0.9959 	 0.0049 	 -0.0906
		0.0049 	 -0.9941 	 -0.1079
		-0.0905 	 -0.1079 	 0.99
		-20.7378 	 -0.953 	 -1.6784
	}
}
{volume "body04"
	{box 2.59742 11.5924 37.6629}
	{bone "body01"}
	{matrix34
		-0.9959 	 0.0049 	 -0.0906
		0.0049 	 -0.9941 	 -0.1079
		-0.0905 	 -0.1079 	 0.99
		16.812 	 -1.1769 	 1.7316
	}
}
