;Exported by	: joomb
;Date			: 14.05.2024 14:12:48
;File			: h:\git\gem2-mdl-soldiers\models\building\mill\mill_x.max
{skeleton
	{bone "mill_ua_piece11_point"
		{orientation
			1 	 0 	 0
			0 	 -1 	 0
			0 	 0 	 1
		}
		{bone "piece01"
			{matrix34
				-1 	 0 	 0
				0 	 0.7071 	 0.7071
				0 	 0.7071 	 -0.7071
				42.2643 	 8.7421 	 11.6366
			}
			{poly "piece01"}
		}
		{bone "piece04"
			{matrix34
				-1 	 0 	 0
				0 	 -0.7071 	 0.7071
				0 	 0.7071 	 0.7071
				18.6975 	 -8.229 	 6.343
			}
			{poly "piece04"}
		}
		{bone "piece05"
			{matrix34
				1 	 0 	 0
				0 	 0.7071 	 0.7071
				0 	 -0.7071 	 0.7071
				7.6226 	 23.1967 	 -2.818
			}
			{poly "piece05"}
		}
		{bone "piece02"
			{matrix34
				1 	 0 	 0
				0 	 0.7071 	 0.7071
				0 	 -0.7071 	 0.7071
				-40.343 	 27.0277 	 -6.649
			}
			{poly "piece02"}
		}
		{bone "piece03"
			{matrix34
				1 	 0 	 0
				0 	 -0.7071 	 0.7071
				0 	 -0.7071 	 -0.7071
				-45.5288 	 -2.9354 	 11.6366
			}
			{poly "piece03"}
		}
		{bone "sub_piece01"
			{matrix34
				0 	 -0.7071 	 -0.7071
				0 	 0.7071 	 -0.7071
				1 	 0 	 0
				-53.7593 	 -10.7698 	 0.9538
			}
			{poly "sub_piece01"}
		}
		{bone "sub_piece02"
			{matrix34
				0 	 0.7071 	 -0.7071
				0 	 0.7071 	 0.7071
				1 	 0 	 0
				52.8478 	 18.3871 	 -0.8607
			}
			{poly "sub_piece02"}
		}
		{bone "sub_piece03"
			{matrix34
				0 	 -0.7071 	 -0.7071
				0 	 0.7071 	 -0.7071
				1 	 0 	 0
				52.8269 	 -15.1625 	 -3.439
			}
			{poly "sub_piece03"}
		}
		{bone "sub_piece04"
			{matrix34
				0 	 0.7071 	 -0.7071
				0 	 -0.7071 	 -0.7071
				-1 	 0 	 0
				-20.2634 	 17.5118 	 1.1234
			}
			{poly "sub_piece04"}
		}
		{bone "sub_piece05"
			{matrix34
				0 	 0.7071 	 -0.7071
				0 	 0.7071 	 0.7071
				1 	 0 	 0
				20.1153 	 18.5697 	 -0.2124
			}
			{poly "sub_piece05"}
		}
		{bone "sub_piece07"
			{matrix34
				0 	 0.7071 	 0.7071
				0 	 0.7071 	 -0.7071
				-1 	 0 	 0
				-20.2634 	 -11.4354 	 1.1234
			}
			{poly "sub_piece07"}
		}
		{bone "sub_piece08"
			{matrix34
				-1 	 0 	 0
				0 	 -0.7071 	 0.7071
				0 	 0.7071 	 0.7071
				-10.9978 	 -7.8948 	 6.6772
			}
			{poly "sub_piece08"}
		}
		{bone "sub_piece09"
			{matrix34
				-1 	 0 	 0
				0 	 -0.7071 	 0.7071
				0 	 0.7071 	 0.7071
				41.463 	 -2.5193 	 12.0527
			}
			{poly "sub_piece09"}
		}
		{bone "sub_piece10"
			{matrix34
				1 	 0 	 0
				0 	 0.7071 	 0.7071
				0 	 -0.7071 	 0.7071
				-8.316 	 15.2454 	 5.1333
			}
			{poly "sub_piece10"}
		}
		{bone "sub_piece11"
			{matrix34
				1 	 0 	 0
				0 	 0.7071 	 0.7071
				0 	 -0.7071 	 0.7071
				28.803 	 15.2453 	 5.1333
			}
			{poly "sub_piece11"}
		}
		{bone "sub_piece06"
			{matrix34
				-1 	 0 	 0
				0 	 -0.7071 	 0.7071
				0 	 0.7071 	 0.7071
				-29.2805 	 -10.593 	 4.0638
			}
			{poly "sub_piece06"}
		}
	}
}
{"volumes"
	{"piece01"
		{box 12.3389 1.04638 9.27758}
		{bone "piece01"}
		{matrix34
			-1 	 0 	 0
			0 	 1 	 0
			0 	 0 	 -1
			1.9086 	 0 	 -0.3639
		}
	}
	{"piece02"
		{box 12.3389 1.04638 9.27758}
		{bone "piece02"}
		{Position 1.7828 	 0 	 0.0378}
	}
	{"piece03"
		{box 12.3389 1.04638 9.27758}
		{bone "piece03"}
		{matrix34
			-1 	 0 	 0
			0 	 1 	 0
			0 	 0 	 -1
			1.9086 	 0 	 -0.3639
		}
	}
	{"piece04"
		{box 12.3389 1.04638 9.27758}
		{bone "piece04"}
		{Position 1.7827 	 0 	 0.0378}
	}
	{"piece05"
		{box 12.3389 1.04638 9.27758}
		{bone "piece05"}
		{Position 1.7827 	 0 	 0.0378}
	}
	{"sub_piece01"
		{box 3.16899 3.23821 32.199}
		{bone "sub_piece01"}
		{matrix34
			0 	 0 	 1
			0 	 1 	 0
			-1 	 0 	 0
			0.6933 	 0.042 	 0.0405
		}
	}
	{"sub_piece02"
		{box 3.16899 3.23821 32.199}
		{bone "sub_piece02"}
		{matrix34
			0 	 0 	 1
			0 	 1 	 0
			-1 	 0 	 0
			-0.2917 	 0.0613 	 0.0097
		}
	}
	{"sub_piece03"
		{box 3.16899 3.23821 16.4215}
		{bone "sub_piece03"}
		{matrix34
			0 	 0 	 1
			0 	 1 	 0
			-1 	 0 	 0
			-0.3061 	 0.0419 	 0.0106
		}
	}
	{"sub_piece04"
		{box 2.05778 1.99889 23.3326}
		{bone "sub_piece04"}
		{matrix34
			0 	 0 	 -1
			0 	 -1 	 0
			-1 	 0 	 0
			0.2393 	 0 	 0
		}
	}
	{"sub_piece05"
		{box 2.05778 1.99889 23.3326}
		{bone "sub_piece05"}
		{matrix34
			0 	 0 	 1
			0 	 1 	 0
			-1 	 0 	 0
			-0.4467 	 0.1965 	 -0.0018
		}
	}
	{"sub_piece06"
		{box 7.65011 1.04638 9.27758}
		{bone "sub_piece06"}
		{Position 0.7547 	 0 	 -0.5949}
	}
	{"sub_piece07"
		{box 2.05778 1.99889 23.3326}
		{bone "sub_piece07"}
		{matrix34
			0 	 0 	 -1
			0 	 1 	 0
			1 	 0 	 0
			-0.0285 	 -0.1129 	 0
		}
	}
	{"sub_piece08"
		{box 7.78327 1.04638 9.27758}
		{bone "sub_piece08"}
		{Position 0.7642 	 0 	 -0.5164}
	}
	{"sub_piece09"
		{polyhedron}
		{bone "sub_piece09"}
		{Position 0.7642 	 0 	 -5.1552}
	}
	{"sub_piece10"
		{box 7.78327 1.04638 9.27758}
		{bone "sub_piece10"}
		{Position 0.7642 	 0 	 -0.5164}
	}
	{"sub_piece11"
		{box 7.78327 1.04638 9.27758}
		{bone "sub_piece11"}
		{Position 0.7642 	 0 	 -0.5164}
	}
}
