;Exported by:	 evhen
;Date:			 06.03.2020 18:30:31
;File:			 D:\gem2-mdl-soldiers\models\entourage\beam_wood\new_wood_02.max
{skeleton
	{bone "beam_big_02_x"
		{orientation
			1 	 0 	 0
			0 	 -1 	 0
			0 	 0 	 1
		}
		{bone "piece01"
			{matrix34
				0.8351 	 0.335 	 0.4363
				-0.1584 	 0.906 	 -0.3925
				-0.5268 	 0.2587 	 0.8096
				24.7838 	 -19.52 	 39.4321
			}
			{poly "piece01"}
		}
		{bone "piece15"
			{matrix34
				0.8779 	 -0.4672 	 0.1047
				0.3945 	 0.8297 	 0.3949
				-0.2714 	 -0.3055 	 0.9127
				9.6145 	 -34.9449 	 37.5702
			}
			{poly "piece15"}
		}
		{bone "piece02"
			{matrix34
				0.9063 	 -0.35 	 -0.2368
				0.3472 	 0.9362 	 -0.0547
				0.2408 	 -0.0326 	 0.97
				-14.6978 	 0.767 	 6.5621
			}
			{poly "piece02"}
		}
		{bone "piece03"
			{matrix34
				0.9467 	 0.2001 	 0.2524
				-0.1546 	 0.9697 	 -0.1891
				-0.2826 	 0.14 	 0.949
				-6.3857 	 15.0826 	 11.26
			}
			{poly "piece03"}
		}
		{bone "piece04"
			{matrix34
				0.9944 	 -0.0659 	 0.0823
				0.0216 	 0.8914 	 0.4528
				-0.1032 	 -0.4485 	 0.8878
				8.7071 	 4.6871 	 11.3199
			}
			{poly "piece04"}
		}
		{bone "piece07"
			{matrix34
				0.9159 	 0.3952 	 -0.071
				-0.3965 	 0.918 	 -0.0059
				0.0628 	 0.0335 	 0.9975
				8.1902 	 0.3849 	 20.9001
			}
			{poly "piece07"}
		}
		{bone "piece08"
			{matrix34
				0.2136 	 0.974 	 0.0762
				-0.8765 	 0.2255 	 -0.4252
				-0.4313 	 0.024 	 0.9019
				17.9248 	 -21.2681 	 24.4531
			}
			{poly "piece08"}
		}
		{bone "piece09"
			{matrix34
				0.7573 	 -0.5951 	 -0.269
				0.6489 	 0.7318 	 0.2082
				0.0729 	 -0.3323 	 0.9404
				13.1325 	 9.2353 	 29.1514
			}
			{poly "piece09"}
		}
		{bone "piece10"
			{Position -14.0927 	 -0.9564 	 32.4313}
			{poly "piece10"}
		}
		{bone "piece11"
			{matrix34
				0.9468 	 -0.3141 	 0.07
				0.2802 	 0.9115 	 0.3012
				-0.1584 	 -0.2655 	 0.951
				2.9191 	 10.1601 	 41.066
			}
			{poly "piece11"}
		}
		{bone "piece12"
			{matrix34
				0.8557 	 0.5162 	 0.0372
				-0.4858 	 0.8259 	 -0.2863
				-0.1785 	 0.2269 	 0.9574
				-15.1746 	 -8.8154 	 47.1493
			}
			{poly "piece12"}
		}
		{bone "piece13"
			{matrix34
				0.6757 	 -0.6808 	 -0.2827
				0.736 	 0.6444 	 0.2075
				0.0409 	 -0.3483 	 0.9365
				-16.5264 	 -0.0575 	 53.0309
			}
			{poly "piece13"}
		}
		{bone "piece14"
			{matrix34
				0.6211 	 -0.7066 	 0.3389
				0.5568 	 0.7023 	 0.4436
				-0.5515 	 -0.0868 	 0.8297
				14.4495 	 37.3109 	 43.197
			}
			{poly "piece14"}
		}
		{bone "piece05"
			{matrix34
				0.9664 	 0.2555 	 0.0268
				-0.1988 	 0.8097 	 -0.5522
				-0.1628 	 0.5284 	 0.8333
				-25.7873 	 -21.1535 	 28.3769
			}
			{poly "piece05"}
		}
		{bone "piece06"
			{matrix34
				0.9538 	 -0.1993 	 -0.2248
				0.1867 	 0.9795 	 -0.0763
				0.2353 	 0.0309 	 0.9714
				-20.3322 	 27.2482 	 31.4489
			}
			{poly "piece06"}
		}
		{bone "fx_wood2"
			{Position 0 	 0 	 27.5891}
		}
		{bone "fx_dust1"
		}
	}
}
{volume "piece01"
	{polyhedron}
	{bone "piece01"}
	{matrix34
		0.8648 	 -0.2658 	 -0.426
		0.4569 	 0.7685 	 0.448
		0.2083 	 -0.5821 	 0.786
		-0.6223 	 -0.0058 	 -5.8743
	}
}
{volume "piece02"
	{polyhedron}
	{bone "piece02"}
	{matrix34
		0.9063 	 0.3472 	 0.2408
		-0.2362 	 -0.0563 	 0.9701
		0.3504 	 -0.9361 	 0.0309
		1.4502 	 0.3215 	 -1.6427
	}
}
{volume "piece03"
	{polyhedron}
	{bone "piece03"}
	{matrix34
		0.9449 	 -0.163 	 -0.2838
		0.252 	 -0.1908 	 0.9487
		-0.2088 	 -0.968 	 -0.1392
		-2.8606 	 -14.1116 	 -2.0272
	}
}
{volume "piece04"
	{polyhedron}
	{bone "piece04"}
	{matrix34
		0.9947 	 0.0185 	 -0.1016
		0.0818 	 0.4606 	 0.8839
		0.0631 	 -0.8874 	 0.4566
		0.1552 	 -6.031 	 -0.2443
	}
}
{volume "piece05"
	{polyhedron}
	{bone "piece05"}
	{matrix34
		0.9685 	 -0.1816 	 -0.1704
		0.2457 	 0.8096 	 0.5331
		0.0412 	 -0.5581 	 0.8287
		0.3539 	 -8.3926 	 -3.7355
	}
}
{volume "piece06"
	{polyhedron}
	{bone "piece06"}
	{matrix34
		0.9775 	 0.1965 	 0.0772
		-0.1993 	 0.9795 	 0.0309
		-0.0695 	 -0.0455 	 0.9965
		-4.4451 	 4.6462 	 0.6975
	}
}
{volume "piece07"
	{polyhedron}
	{bone "piece07"}
	{matrix34
		0.9138 	 -0.4013 	 0.0628
		-0.0676 	 0.0022 	 0.9977
		-0.4006 	 -0.9159 	 -0.0252
		2.3612 	 -0.9396 	 2.0287
	}
}
{volume "piece08"
	{polyhedron}
	{bone "piece08"}
	{matrix34
		0.1914 	 -0.8816 	 -0.4315
		0.0915 	 -0.4217 	 0.9021
		-0.9772 	 -0.2122 	 0
		21.5243 	 3.9112 	 -1.7611
	}
}
{volume "piece09"
	{polyhedron}
	{bone "piece09"}
	{matrix34
		0.7715 	 0.631 	 0.0816
		-0.2865 	 0.2299 	 0.9301
		0.5681 	 -0.7409 	 0.3581
		12.0331 	 -4.474 	 7.5319
	}
}
{volume "piece10"
	{polyhedron}
	{bone "piece10"}
	{matrix34
		1 	 0.0017 	 0
		0 	 0 	 1
		0.0017 	 -1 	 0
		0.1179 	 1.9131 	 0.0406
	}
}
{volume "piece11"
	{polyhedron}
	{bone "piece11"}
	{matrix34
		0.9342 	 0.3154 	 -0.1668
		0.069 	 0.2991 	 0.9517
		0.3501 	 -0.9006 	 0.2576
		3.3477 	 -7.7634 	 2.1695
	}
}
{volume "piece12"
	{polyhedron}
	{bone "piece12"}
	{matrix34
		0.8456 	 -0.5015 	 -0.183
		0.0318 	 -0.2949 	 0.955
		-0.5329 	 -0.8134 	 -0.2334
		4.7067 	 8.6695 	 1.5608
	}
}
{volume "piece13"
	{polyhedron}
	{bone "piece13"}
	{matrix34
		0.2115 	 0.9656 	 -0.1516
		-0.1168 	 0.1789 	 0.9769
		0.9704 	 -0.1889 	 0.1506
		14.9861 	 5.9575 	 0.4084
	}
}
{volume "piece14"
	{polyhedron}
	{bone "piece14"}
	{matrix34
		0.7745 	 0.3678 	 -0.5146
		0.2472 	 0.5728 	 0.7815
		0.5822 	 -0.7326 	 0.3527
		10.4243 	 -9.8058 	 -0.2857
	}
}
{volume "piece15"
	{polyhedron}
	{bone "piece15"}
	{matrix34
		0.83 	 0.4705 	 -0.2996
		0.0804 	 0.4306 	 0.8989
		0.552 	 -0.7702 	 0.3196
		-3.8334 	 18.7511 	 -6.3644
	}
}
