;Exported by	: KobaA
;Date			: 02.05.2024 11:10:16
;File			: d:\git\gem2-mdl-soldiers\models\entourage\headquarters_tent\headquarters_tent3.max
{skeleton
	{animation
		{sequence "flattern" {speed 0.2}}
	}
	{bone "headquarters_tent"
		{orientation
			1 	 0 	 0
			0 	 -1 	 0
			0 	 0 	 1
		}
		{bone "b"
			{matrix34
				1 	 0 	 0
				0 	 0.5736 	 -0.8192
				0 	 0.8192 	 0.5736
				-0.1132 	 -55.4588 	 57.3649
			}
		}
		{bone "f"
			{matrix34
				1 	 0 	 0
				0 	 0.5736 	 0.8192
				0 	 -0.8192 	 0.5736
				-0.1132 	 56.5444 	 56.1159
			}
		}
		{bone "r_1"
			{matrix34
				0.5736 	 0 	 -0.8192
				0 	 1 	 0
				0.8192 	 0 	 0.5736
				-18.24 	 -27.095 	 57.6659
			}
		}
		{bone "r_2"
			{matrix34
				0.5736 	 0 	 -0.8192
				0 	 1 	 0
				0.8192 	 0 	 0.5736
				-17.456 	 27.2018 	 58.0321
			}
		}
		{bone "tent"
			{poly "tent"}
		}
		{bone "top"
			{Position -19.9956 	 5.6692 	 38.1354}
			{poly "top"}
		}
		{bone "still"
		}
		{bone "l_1"
			{matrix34
				0.5736 	 0 	 0.8192
				0 	 1 	 0
				-0.8192 	 0 	 0.5736
				17.6934 	 -27.095 	 57.6659
			}
		}
		{bone "l_2"
			{matrix34
				0.5736 	 0 	 0.8192
				0 	 1 	 0
				-0.8192 	 0 	 0.5736
				17.8744 	 27.2018 	 58.0321
			}
		}
	}
}
{obstacle "obstacle01"
	{obb2
		{center 35.7001 68.3488}
		{extent 4.78324 0.998962}
		{axis -1 0}
	}
	{rotate}
}
{obstacle "obstacle02"
	{obb2
		{center 39.7317 0.176888}
		{extent 1.23085 9.31305}
		{axis -1 0}
	}
	{rotate}
}
{obstacle "obstacle03"
	{obb2
		{center 39.5616 64.4765}
		{extent 4.78324 0.998962}
		{axis 0 1}
	}
	{rotate}
}
{obstacle "obstacle04"
	{obb2
		{center -39.6044 64.4819}
		{extent 4.78324 0.998962}
		{axis 0 -1}
	}
	{rotate}
}
{obstacle "obstacle05"
	{obb2
		{center -35.7322 68.3434}
		{extent 4.78324 0.998962}
		{axis -1 0}
	}
	{rotate}
}
{obstacle "obstacle06"
	{obb2
		{center -35.7376 -68.0007}
		{extent 4.78324 0.998962}
		{axis 1 0}
	}
	{rotate}
}
{obstacle "obstacle07"
	{obb2
		{center -39.599 -64.1285}
		{extent 4.78324 0.998962}
		{axis 0 -1}
	}
	{rotate}
}
{obstacle "obstacle08"
	{obb2
		{center 39.788 -64.1339}
		{extent 4.78324 0.998962}
		{axis 0 1}
	}
	{rotate}
}
{obstacle "obstacle09"
	{obb2
		{center 35.9158 -67.9953}
		{extent 4.78324 0.998962}
		{axis 1 0}
	}
	{rotate}
}
{obstacle "obstacle10"
	{obb2
		{center -39.6603 0.176888}
		{extent 1.23085 9.31305}
		{axis -1 0}
	}
	{rotate}
}
{"volumes"
	{"body01"
		{polyhedron}
		{bone "headquarters_tent"}
		{Position -0.0648 	 5.6692 	 38.1354}
	}
	{"body02"
		{box 8.72763 1.46103 48.5758}
		{bone "headquarters_tent"}
		{Position -35.6849 	 67.8979 	 24.2879}
	}
	{"body03"
		{box 8.72763 1.46103 48.5758}
		{bone "headquarters_tent"}
		{matrix34
			0 	 1 	 0
			-1 	 0 	 0
			0 	 0 	 1
			-39.457 	 64.1612 	 24.2879
		}
	}
	{"body04"
		{box 16.8443 1.46103 48.5758}
		{bone "headquarters_tent"}
		{matrix34
			0 	 1 	 0
			-1 	 0 	 0
			0 	 0 	 1
			-39.5439 	 -0.4907 	 24.2879
		}
	}
	{"body05"
		{box 8.72763 1.46103 48.5758}
		{bone "headquarters_tent"}
		{matrix34
			0 	 -1 	 0
			1 	 0 	 0
			0 	 0 	 1
			39.3908 	 64.1435 	 24.2879
		}
	}
	{"body06"
		{box 8.72763 1.46103 48.5758}
		{bone "headquarters_tent"}
		{Position 35.6542 	 67.9156 	 24.2879}
	}
	{"body07"
		{box 8.72763 1.46103 48.5758}
		{bone "headquarters_tent"}
		{matrix34
			-1 	 0 	 0
			0 	 -1 	 0
			0 	 0 	 1
			35.6364 	 -68.3449 	 24.2879
		}
	}
	{"body08"
		{box 8.72763 1.46103 48.5758}
		{bone "headquarters_tent"}
		{matrix34
			0 	 -1 	 0
			1 	 0 	 0
			0 	 0 	 1
			39.4085 	 -64.6082 	 24.2879
		}
	}
	{"body09"
		{box 8.72763 1.46103 48.5758}
		{bone "headquarters_tent"}
		{matrix34
			0 	 1 	 0
			-1 	 0 	 0
			0 	 0 	 1
			-39.352 	 -64.5905 	 24.2879
		}
	}
	{"body10"
		{box 8.72763 1.46103 48.5758}
		{bone "headquarters_tent"}
		{matrix34
			-1 	 0 	 0
			0 	 -1 	 0
			0 	 0 	 1
			-35.6153 	 -68.3626 	 24.2879
		}
	}
	{"body11"
		{box 16.8443 1.46103 48.5758}
		{bone "headquarters_tent"}
		{matrix34
			0 	 1 	 0
			-1 	 0 	 0
			0 	 0 	 1
			39.6302 	 -0.4907 	 24.2879
		}
	}
}
