;Exported by:	 tolokolnikova
;Date:			 27.06.2017 14:26:05
;File:			 D:\gem2\gem2-mdl-soldiers\models\building\shed_village_001\villige_fort_x.max
{skeleton
	{bone "shed_village_piece_004_point"
		{orientation
			1 	 0 	 0
			0 	 -1 	 0
			0 	 0 	 1
		}
		{bone "sub_piece02"
			{matrix34
				0.4226 	 0 	 -0.9063
				0 	 1 	 0
				0.9063 	 0 	 0.4226
				-4.5564 	 1.3525 	 22.8553
			}
			{poly "sub_piece02"}
		}
		{bone "piece01"
			{Position -10.5598 	 12.8446 	 -11.4197}
			{poly "piece01"}
		}
		{bone "piece04"
			{matrix34
				0 	 -1 	 0
				1 	 0 	 0
				0 	 0 	 1
				-10.5229 	 -20.0585 	 16.0059
			}
			{poly "piece04"}
		}
		{bone "piece03"
			{matrix34
				0 	 -0.6428 	 -0.766
				1 	 0 	 0
				0 	 -0.766 	 0.6428
				-10.5229 	 14.8494 	 14.3057
			}
			{poly "piece03"}
		}
		{bone "piece02"
			{matrix34
				0 	 1 	 0
				-0.4226 	 0 	 0.9063
				-0.9063 	 0 	 -0.4226
				-6.3279 	 -15.8106 	 23.5857
			}
			{poly "piece02"}
		}
		{bone "sub_piece03"
			{matrix34
				0 	 1 	 0
				-0.4226 	 0 	 0.9063
				-0.9063 	 0 	 -0.4226
				-4.2203 	 7.2728 	 24.5685
			}
			{poly "sub_piece03"}
		}
		{bone "piece05"
			{matrix34
				0 	 1 	 0
				-0.4226 	 0 	 0.9063
				-0.9063 	 0 	 -0.4226
				-21.7161 	 10.7874 	 12.9244
			}
			{poly "piece05"}
		}
		{bone "sub_piece04"
			{matrix34
				0 	 1 	 0
				-0.4226 	 0 	 0.9063
				-0.9063 	 0 	 -0.4226
				-20.3219 	 -27.2957 	 13.6445
			}
			{poly "sub_piece04"}
		}
		{bone revolute "attach1"
			{matrix34
				-1 	 0 	 0
				0 	 -1 	 0
				0 	 0 	 1
				4.2871 	 -17.9592 	 -33.9155
			}
		}
		{bone "debris_land_001"
			{parameters "commonmesh;land;ground;"}
			{Position -21.9212 	 -20.3518 	 -31.9344}
			{poly "debris_land_001" {ground}}
		}
		{bone "fort_wall"
			{matrix34
				0 	 1 	 0
				-1 	 0 	 0
				0 	 0 	 1
				-18.7653 	 -12.3436 	 -28.2927
			}
		}
		{bone "stones_001"
			{parameters "commonmesh;land;ground;"}
			{Position -21.9078 	 -9.1702 	 -31.9344}
			{poly "stones_001" {ground}}
		}
	}
}
{volume "piece01"
	{box 2.1063 11.9675 17.3984}
	{bone "piece01"}
	{Position 0.0148 	 1.3291 	 8.4943}
}
{volume "piece02"
	{box 14.8732 21.7218 1.00215}
	{bone "piece02"}
	{matrix34
		0 	 0 	 -1
		0.9994 	 0.0338 	 0
		-0.0338 	 0.9994 	 0
		-0.017 	 0.0364 	 0
	}
}
{volume "piece03"
	{box 5.90551 11.081 7.90837}
	{bone "piece03"}
	{matrix34
		0 	 1 	 0
		-0.6428 	 0 	 -0.766
		-0.766 	 0 	 0.6428
		0.4243 	 -0.0221 	 0.526
	}
}
{volume "piece04"
	{box 5.90551 13.9621 6.40578}
	{bone "piece04"}
	{matrix34
		0 	 1 	 0
		-1 	 0 	 0
		0 	 0 	 1
		-0.2176 	 -0.0221 	 0.2102
	}
}
{volume "piece05"
	{box 1.9685 17.277 20.8649}
	{bone "piece05"}
	{matrix34
		-0.0031 	 -0.9999 	 -0.0116
		0.9991 	 -0.0036 	 0.0432
		0.0432 	 0.0114 	 -0.999
		-0.46 	 -0.092 	 0.3099
	}
}
{volume "sub_piece02"
	{box 1.9685 1.9685 27.6113}
	{bone "sub_piece02"}
	{Position -0.0922 	 0.0254 	 -1.0662}
}
{volume "sub_piece03"
	{box 10.7259 10.1179 1.00215}
	{bone "sub_piece03"}
	{matrix34
		0 	 0 	 -1
		0.9994 	 0.0338 	 0
		-0.0338 	 0.9994 	 0
		0.1061 	 0.0365 	 -0.1346
	}
}
{volume "sub_piece04"
	{box 10.7259 10.1179 1.00215}
	{bone "sub_piece04"}
	{matrix34
		0 	 0 	 -1
		0.9994 	 0.0338 	 0
		-0.0338 	 0.9994 	 0
		0.1061 	 0.0365 	 -0.1346
	}
}
{volume "target_vol_001"
	{box 9.84252 11.811 15.6501}
	{bone "shed_village_piece_004_point"}
	{matrix34
		-1 	 0 	 0
		0 	 -1 	 0
		0 	 0 	 1
		-9.904 	 -17.5427 	 -10.0879
	}
}
