;Exported by	: KobaA
;Date			: 12.01.2024 13:48:12
;File			: d:\git\gem2-mdl-soldiers\models\building\house_001b_g2\house_001b_g2_x.max
{skeleton
	{bone "house_001b_piece_013_x"
		{orientation
			1 	 0 	 0
			0 	 -1 	 0
			0 	 0 	 1
		}
		{bone "sub_piece01"
			{Position -16.7323 	 0.4351 	 -7.8979}
			{poly "sub_piece01"}
		}
		{bone "piece02"
			{Position -16.7323 	 -13.5292 	 -6.9154}
			{poly "piece02"}
		}
		{bone "sub_piece02"
			{Position -16.7323 	 -21.6181 	 -6.3589}
			{poly "sub_piece02"}
		}
		{bone "piece01"
			{matrix34
				0 	 -1 	 0
				0.766 	 0 	 0.6428
				-0.6428 	 0 	 0.766
				-0.9917 	 4.858 	 13.3279
			}
			{poly "piece01"}
		}
		{bone "sub_piece03"
			{Position -16.7323 	 -8.9827 	 -17.0499}
			{poly "sub_piece03"}
		}
		{bone "sub_piece04"
			{matrix34
				0 	 -1 	 0
				0.766 	 0 	 0.6428
				-0.6428 	 0 	 0.766
				-15.8772 	 -7.1133 	 2.8729
			}
			{poly "sub_piece04"}
		}
		{bone "sub_piece00"
			{matrix34
				1 	 0 	 0
				0 	 -1 	 0
				0 	 0 	 -1
				-2.773 	 0.7159 	 -4.444
			}
			{poly "sub_piece00"}
		}
		{bone "sub_piece05"
			{matrix34
				0 	 -1 	 0
				0.766 	 0 	 0.6428
				-0.6428 	 0 	 0.766
				-15.2447 	 17.7388 	 3.1453
			}
			{poly "sub_piece05"}
		}
		{bone "piece00"
			{Position -16.7323 	 13.8494 	 -14.8667}
			{poly "piece00"}
		}
	}
}
{"volumes"
	{"piece00_volume001"
		{box 5.90551 23.8361 13.5192}
		{bone "piece00"}
		{matrix34
			-1 	 0 	 0
			0 	 0.6088 	 0.7933
			0 	 0.7933 	 -0.6088
			0.0459 	 -1.8968 	 2.0458
		}
	}
	{"piece01_volume001"
		{box 2.3622 2.3622 30.1456}
		{bone "piece01"}
		{matrix34
			0 	 0.866 	 -0.5
			0 	 -0.5 	 -0.866
			-1 	 0 	 0
			-0.3292 	 3.2771 	 -0.5376
		}
	}
	{"piece02_volume001"
		{box 5.90551 11.2465 8.70369}
		{bone "piece02"}
		{matrix34
			-1 	 0 	 0
			0 	 1 	 0
			0 	 0 	 -1
			0.046 	 0.4149 	 1.5261
		}
	}
	{"sub_piece00_volume001"
		{box 2.3622 2.3622 35.2852}
		{bone "sub_piece00"}
		{matrix34
			0 	 0 	 -1
			0 	 1 	 0
			1 	 0 	 0
			-1.1768 	 -0.0038 	 0.0019
		}
	}
	{"sub_piece01_volume001"
		{box 5.90551 10.0112 11.7617}
		{bone "sub_piece01"}
		{matrix34
			-1 	 0 	 0
			0 	 -0.866 	 0.5
			0 	 0.5 	 0.866
			0.046 	 -1.2349 	 1.7691
		}
	}
	{"sub_piece02_volume001"
		{box 5.90551 5.1734 7.83332}
		{bone "sub_piece02"}
		{matrix34
			-1 	 0 	 0
			0 	 1 	 0
			0 	 0 	 -1
			0.046 	 -0.803 	 1.4047
		}
	}
	{"sub_piece03_volume001"
		{box 5.90551 13.7153 11.7617}
		{bone "sub_piece03"}
		{matrix34
			-1 	 0 	 0
			0 	 -0.8191 	 0.5736
			0 	 0.5736 	 0.8191
			0.046 	 -0.0026 	 0.6386
		}
	}
	{"sub_piece04_volume001"
		{box 14.6248 0.984252 14.6338}
		{bone "sub_piece04"}
		{matrix34
			0 	 1 	 0
			0 	 0 	 -1
			-1 	 0 	 0
			1.002 	 -0.3572 	 -0.016
		}
	}
	{"sub_piece05_volume001"
		{box 14.6248 0.984252 14.6338}
		{bone "sub_piece05"}
		{matrix34
			0 	 1 	 0
			0 	 0 	 -1
			-1 	 0 	 0
			0.3496 	 -0.017 	 0.1818
		}
	}
}
