;Exported by	: joomb
;Date			: 18.10.2023 14:15:56
;File			: H:\git\gem2-mdl-soldiers\models\entourage\watch_tower\watch_tower.max
{skeleton
	{bone "watch_tower_01"
		{orientation
			1 	 0 	 0
			0 	 -1 	 0
			0 	 0 	 1
		}
		{bone "attach2"
			{matrix34
				-1 	 0 	 0
				0 	 -1 	 0
				0 	 0 	 1
				-13.4026 	 -8.2353 	 89.3932
			}
		}
		{bone "attach1"
			{matrix34
				-1 	 0 	 0
				0 	 -1 	 0
				0 	 0 	 1
				-13.4026 	 7.2591 	 89.3932
			}
		}
		{bone "emit"
			{matrix34
				-1 	 0 	 0
				0 	 -1 	 0
				0 	 0 	 1
				42.8709 	 9.8011 	 0
			}
		}
		{bone "mgun"
			{matrix34
				-1 	 0 	 0
				0 	 -1 	 0
				0 	 0 	 1
				-18.641 	 9.9067 	 116.916
			}
		}
		{bone "searchlight"
			{matrix34
				-1 	 0 	 0
				0 	 -1 	 0
				0 	 0 	 1
				-18.641 	 -9.612 	 116.916
			}
		}
		{bone "body"
			{Position -0.028 	 0 	 73.3718}
			{poly "body"}
		}
		{bone "node_ladder_bottom"
			{matrix34
				-1 	 0 	 0
				0 	 -1 	 0
				0 	 0 	 1
				42.8709 	 9.8011 	 0
			}
		}
		{bone "node_ladder_top"
			{matrix34
				-1 	 0 	 0
				0 	 -1 	 0
				0 	 0 	 1
				36.7907 	 9.8011 	 82.3375
			}
		}
		{bone "attach3"
			{matrix34
				0 	 -1 	 0
				1 	 0 	 0
				0 	 0 	 1
				9.8651 	 -7.9889 	 89.3932
			}
		}
		{bone "attach_mgun_forward"
			{matrix34
				-1 	 0 	 0
				0 	 -1 	 0
				0 	 0 	 1
				-10.2985 	 0.0899 	 89.3932
			}
		}
		{bone "attach_mgun"
			{matrix34
				-1 	 0 	 0
				0 	 -1 	 0
				0 	 0 	 1
				-0.3638 	 0.0899 	 89.3932
			}
		}
		{bone "attach_mgun_backward"
			{matrix34
				-1 	 0 	 0
				0 	 -1 	 0
				0 	 0 	 1
				9.6287 	 0.0899 	 89.3932
			}
		}
		{bone "attach4"
			{matrix34
				0 	 1 	 0
				-1 	 0 	 0
				0 	 0 	 1
				3.1954 	 6.9953 	 89.3932
			}
		}
		{bone "node01"
			{matrix34
				-1 	 0 	 0
				0 	 -1 	 0
				0 	 0 	 1
				36.7907 	 9.8011 	 82.3375
			}
		}
	}
}
{obstacle "obstacle01"
	{obb2
		{center 27.1663 -28.0486}
		{extent 11.1604 10.2212}
		{axis -1 0}
	}
	{rotate}
}
{obstacle "obstacle02"
	{obb2
		{center -26.3953 -28.0486}
		{extent 11.1604 10.2212}
		{axis -1 0}
	}
	{rotate}
}
{obstacle "obstacle03"
	{obb2
		{center -26.3953 28.2756}
		{extent 11.1604 10.2212}
		{axis -1 0}
	}
	{rotate}
}
{obstacle "obstacle04"
	{obb2
		{center 27.1663 28.2756}
		{extent 11.1604 10.2212}
		{axis -1 0}
	}
	{rotate}
}
{obstacle "obstacle05"
	{obb2
		{center 27.9475 -9.54192}
		{extent 7.29446 7.35926}
		{axis -1 0}
	}
	{rotate}
}
{"volumes"
	{"body01"
		{box 39.6492 46.0791 4.63695}
		{bone "watch_tower_01"}
		{matrix34
			0 	 1 	 0
			-1 	 0 	 0
			0 	 0 	 1
			0 	 0 	 87.1739
		}
	}
	{"body02"
		{box 1.58597 46.0791 23.8803}
		{bone "watch_tower_01"}
		{matrix34
			0 	 1 	 0
			-1 	 0 	 0
			0 	 0 	 1
			0.1874 	 19.1084 	 101.362
		}
	}
	{"body03"
		{box 1.58597 46.0791 23.8803}
		{bone "watch_tower_01"}
		{matrix34
			0 	 1 	 0
			-1 	 0 	 0
			0 	 0 	 1
			0 	 -19.3315 	 101.362
		}
	}
	{"body04"
		{box 1.58597 38.552 23.8803}
		{bone "watch_tower_01"}
		{Position -22.4423 	 0.327 	 101.362}
	}
	{"body05"
		{box 1.58597 21.8292 23.8803}
		{bone "watch_tower_01"}
		{matrix34
			-1 	 0 	 0
			0 	 -1 	 0
			0 	 0 	 1
			23.0845 	 -9.5494 	 101.362
		}
	}
	{"body06"
		{cylinder 2.72098 87.4168}
		{bone "watch_tower_01"}
		{matrix34
			0.6909 	 0.6887 	 0.2199
			-0.7069 	 0.7073 	 0.0056
			-0.1516 	 -0.1593 	 0.9755
			24.1817 	 23.9619 	 42.6383
		}
	}
	{"body07"
		{cylinder 2.72098 87.4168}
		{bone "watch_tower_01"}
		{matrix34
			-0.6887 	 0.6909 	 0.2199
			-0.7073 	 -0.7069 	 0.0056
			0.1593 	 -0.1516 	 0.9755
			-23.9619 	 23.6962 	 42.6383
		}
	}
	{"body08"
		{cylinder 2.72098 87.4168}
		{bone "watch_tower_01"}
		{matrix34
			-0.6909 	 -0.6887 	 0.2199
			0.7069 	 -0.7073 	 0.0056
			0.1516 	 0.1593 	 0.9755
			-24.1817 	 -23.9619 	 42.6383
		}
	}
	{"body09"
		{cylinder 2.72098 87.4168}
		{bone "watch_tower_01"}
		{matrix34
			0.6887 	 -0.6909 	 0.2199
			0.7073 	 0.7069 	 0.0056
			-0.1593 	 0.1516 	 0.9755
			24.4572 	 -23.9631 	 42.6383
		}
	}
	{"body10"
		{polyhedron}
		{bone "watch_tower_01"}
		{Position 0 	 0 	 132.853}
	}
	{"body11"
		{box 1.58597 1.92097 93.8237}
		{bone "watch_tower_01"}
		{matrix34
			-0.9986 	 -0.0011 	 -0.0534
			0.0001 	 -0.9998 	 0.0182
			-0.0534 	 0.0181 	 0.9984
			25.651 	 5.2802 	 43.6758
		}
	}
	{"body12"
		{box 1.58597 1.92097 93.8237}
		{bone "watch_tower_01"}
		{matrix34
			-0.9986 	 0.0008 	 -0.0534
			0.0001 	 -0.9999 	 -0.0167
			-0.0534 	 -0.0167 	 0.9984
			25.651 	 13.5226 	 43.677
		}
	}
	{"place1"
		{box 19.685 19.685 9.84252}
		{bone "watch_tower_01"}
		{Position -13.4026 	 7.2591 	 92.6093}
	}
	{"place2"
		{box 19.685 19.685 9.84252}
		{bone "watch_tower_01"}
		{Position -13.4026 	 -8.2353 	 92.6093}
	}
	{"place3"
		{box 19.685 19.685 9.84252}
		{bone "watch_tower_01"}
		{matrix34
			-1 	 0 	 0
			0 	 -1 	 0
			0 	 0 	 1
			9.8651 	 -7.9889 	 92.6093
		}
	}
	{"place4"
		{box 19.685 19.685 9.84252}
		{bone "watch_tower_01"}
		{matrix34
			-1 	 0 	 0
			0 	 -1 	 0
			0 	 0 	 1
			3.1954 	 6.9953 	 92.6093
		}
	}
}
