;Exported by:	 stentsel
;Date:			 27.10.2016 09:39:55
;File:			 G:\_GIT_\gem2\gem2-mdl-soldiers\models\unit\vehicle\sGrW_42\sGrW42_LP_mat01_xx.max
{skeleton
	{bone "turret"
		{orientation
			1 	 0 	 0
			0 	 -1 	 0
			0 	 0 	 1
		}
		{bone "body"
			{parameters "commonmesh;id=body;"}
			{matrix34
				0.9379 	 0 	 -0.347
				0.004 	 0.9999 	 0.0107
				0.3469 	 -0.0114 	 0.9378
				0.6276 	 -0.0189 	 1.9536
			}
			{LODView
				{poly "body"}
				{poly "body_lod1"}
				{poly "body_lod2"}
				{poly "body_lod3"}
			}
			{bone "gun"
				{parameters "commonmesh;id=gun;"}
				{matrix34
					0.9664 	 -0.0029 	 -0.257
					0 	 0.9999 	 -0.0114
					0.257 	 0.011 	 0.9663
					0 	 0.0909 	 -0.001
				}
				{LODView
					{poly "gun"}
					{poly "gun_lod1"}
					{poly "gun_lod2"}
					{poly "gun_lod3"}
				}
			}
			{bone "stan"
				{parameters "commonmesh;id=body;"}
				{matrix34
					0.9379 	 0.004 	 0.3469
					0 	 0.9999 	 -0.0114
					-0.347 	 0.0107 	 0.9378
					9.0023 	 0.2808 	 22.9128
				}
				{LODView
					{poly "stan"}
					{poly "stan_lod1"}
					{poly "stan_lod2"}
					{poly "stan_lod3"}
				}
				{bone "stan_l"
					{parameters "commonmesh;id=body;"}
					{matrix34
						0.9826 	 0 	 0.1856
						-0.0043 	 0.9997 	 0.0228
						-0.1855 	 -0.0232 	 0.9824
						1.6749 	 0 	 -4.0387
					}
					{LODView
						{poly "stan_l"}
						{poly "stan_l_lod1"}
						{poly "stan_l_lod2"}
						{poly "stan_l_lod3"}
					}
				}
			}
		}
	}
}
{volume "body"
	{cylinder 8.55182 5.81132}
	{bone "body"}
	{matrix34
		0.9966 	 -0.0009 	 -0.0819
		0 	 0.9999 	 -0.0114
		0.0819 	 0.0114 	 0.9966
		0.6917 	 -0.202 	 1.1337
	}
}
{volume "gun"
	{cylinder 1.37795 29.7887}
	{bone "gun"}
	{matrix34
		-0.5764 	 -0.0022 	 0.8172
		0.007 	 -1 	 0.0022
		0.8172 	 0.007 	 0.5764
		12.4274 	 0.0539 	 10.5383
	}
}
