;Exported by	: KobaA
;Date			: 14.09.2023 14:39:46
;File			: D:\git\gem2-mdl-soldiers\models\flora\tree10\bushes_10a-10c.max
{skeleton
	{animation
		{sequence "stir" {speed 0.7}}
	}
	{bone "bush10b_g2_piece01"
		{orientation
			1 	 0 	 0
			0 	 -1 	 0
			0 	 0 	 1
		}
		{poly "bush10b_g2_piece01"}
		{bone "rootx"
			{matrix34
				-0.4992 	 0.866 	 0.0298
				-0.4052 	 -0.2029 	 -0.8914
				-0.7659 	 -0.4571 	 0.4522
				0.1921 	 0.2103 	 -9.5714
			}
			{poly "rootx"}
		}
		{bone "crown"
			{poly "crown"}
		}
		{bone "stir1"
			{Position 3.476 	 -1.477 	 4.4871}
			{bone "stir2"
				{Position -0.0034 	 -5.1529 	 26.4729}
				{bone "stir4"
					{Position -16.941 	 -21.248 	 49.2394}
				}
				{bone "stir3"
					{Position 33.1548 	 0 	 40.1903}
				}
			}
		}
	}
}
{"volumes"
	{"bole"
		{cylinder 1.58319 62.2133}
		{bone "bush10b_g2_piece01"}
		{matrix34
			0.9994 	 0.0073 	 -0.0341
			0 	 0.9781 	 0.2079
			0.0349 	 -0.2078 	 0.9776
			3.3296 	 -6.5137 	 27.0038
		}
	}
	{"crown"
		{sphere 38.1619}
		{bone "bush10b_g2_piece01"}
		{matrix34
			1 	 0 	 0
			0 	 0.9877 	 0.1564
			0 	 -0.1564 	 0.9877
			7.0886 	 -15.369 	 71.0279
		}
	}
}
