;Exported by	: KobaA
;Date			: 10.05.2024 14:53:32
;File			: d:\git\gem2-mdl-soldiers\models\landscape\trench\constructor.max
{skeleton
	{bone "basis_cannon_002"
		{orientation
			1 	 0 	 0
			0 	 -1 	 0
			0 	 0 	 1
		}
		{bone "trench"
			{parameters "land;ground;"}
			{poly "trench" {ground}{DecalTarget}{NoCastShadows}}
			{bone "point1"
				{Position -88.7803 	 47.3614 	 -23.6693}
			}
			{bone "point3"
				{matrix34
					0.8387 	 0.5446 	 0
					-0.5446 	 0.8387 	 0
					0 	 0 	 1
					-66.745 	 28.0972 	 -23.6693
				}
			}
			{bone "point7"
				{Position -68.5132 	 -4.73 	 -23.6693}
			}
			{bone "point10"
				{Position -61.9812 	 -40.0529 	 -23.6693}
			}
			{bone "point11"
				{Position -38.3074 	 -66.3798 	 -23.6693}
			}
			{bone "point4"
				{Position -1.8938 	 -74.8879 	 -23.6693}
			}
			{bone "point9"
				{Position 33.2581 	 -66.4544 	 -23.6693}
			}
			{bone "point8"
				{Position 54.9814 	 -38.4806 	 -23.6693}
			}
			{bone "point6"
				{Position 62.0808 	 -4.5132 	 -23.6693}
			}
			{bone "point5"
				{matrix34
					0.9397 	 -0.342 	 0
					0.342 	 0.9397 	 0
					0 	 0 	 1
					60.2146 	 29.6217 	 -23.6693
				}
			}
			{bone "point2"
				{Position 80.1515 	 47.4636 	 -23.6693}
			}
			{bone "point15"
				{Position 61.6692 	 82.5334 	 -23.6693}
			}
			{bone "point14"
				{Position 34.1536 	 82.5334 	 -23.6693}
			}
			{bone "point13"
				{Position 1.071 	 82.5334 	 -23.6693}
			}
			{bone "point12"
				{Position -35.2928 	 82.5334 	 -23.6693}
			}
			{bone "point"
				{Position -64.4237 	 82.5334 	 -23.6693}
			}
			{bone "grass"
				{parameters "align;"}
				{poly "grass"}
			}
			{bone "wood"
				{parameters "align;"}
				{poly "wood"}
			}
			{bone "point17"
				{Position 86.6002 	 82.5334 	 -23.6693}
			}
			{bone "point16"
				{Position -92.4868 	 82.5334 	 -23.6693}
			}
			{bone "detail1"
				{parameters "land;ground;"}
				{orientation
					-0.0785 	 0.9969 	 0
					-0.9969 	 -0.0785 	 0
					0 	 0 	 1
				}
				{poly "detail1" {ground}}
			}
			{bone "planks"
				{parameters "land;ground;"}
				{orientation
					-1 	 0.0087 	 0
					-0.0087 	 -1 	 0
					0 	 0 	 1
				}
				{poly "planks" {ground}}
			}
		}
	}
}
{obstacle "body"
	{obb2
		{center -63.708 -84.6533}
		{extent 15.3123 3.86331}
		{axis 1 0}
	}
	{rotate}
}
{obstacle "body1"
	{obb2
		{center -89.1361 -44.5438}
		{extent 19.671 3.73011}
		{axis 1 0}
	}
	{rotate}
}
{obstacle "body10"
	{obb2
		{center -63.7686 39.1518}
		{extent 19.1174 3.75716}
		{axis 0.438371 0.898794}
	}
	{rotate}
}
{obstacle "body11"
	{obb2
		{center -39.3945 67.6502}
		{extent 18.0572 3.25491}
		{axis 0.829037 0.559193}
	}
	{rotate}
}
{obstacle "body12"
	{obb2
		{center -31.8219 -84.6533}
		{extent 16.6535 3.87501}
		{axis 0.999848 0.0174524}
	}
	{rotate}
}
{obstacle "body13"
	{obb2
		{center 0.901405 -84.6533}
		{extent 16.2259 3.87128}
		{axis 0.999848 0.0174524}
	}
	{rotate}
}
{obstacle "body14"
	{obb2
		{center 31.0557 -84.6533}
		{extent 14.0368 3.85218}
		{axis 0.999848 0.0174524}
	}
	{rotate}
}
{obstacle "body15"
	{obb2
		{center 58.8324 -84.6533}
		{extent 13.5289 3.84774}
		{axis 1 0}
	}
	{rotate}
}
{obstacle "body16"
	{obb2
		{center -93.4019 -84.6533}
		{extent 14.2427 3.85397}
		{axis 0.999848 0.0174524}
	}
	{rotate}
}
{obstacle "body17"
	{obb2
		{center 86.6562 -84.6533}
		{extent 15.0135 3.8607}
		{axis 1 0}
	}
	{rotate}
}
{obstacle "body2"
	{obb2
		{center 81.1713 -45.1338}
		{extent 19.9209 3.73011}
		{axis 1 0}
	}
	{rotate}
}
{obstacle "body3"
	{obb2
		{center -68.9591 -28.5475}
		{extent 3.36397 14.7954}
		{axis 0.99863 0.052336}
	}
	{rotate}
}
{obstacle "body4"
	{obb2
		{center -3.07194 77.7733}
		{extent 21.216 3.91482}
		{axis 0.999848 0.0174524}
	}
	{rotate}
}
{obstacle "body5"
	{obb2
		{center 62.1382 -28.1448}
		{extent 16.0319 3.00878}
		{axis 0.0697562 0.997564}
	}
	{rotate}
}
{obstacle "body6"
	{obb2
		{center 64.2515 4.1962}
		{extent 15.8729 3.43153}
		{axis 0.0348995 0.999391}
	}
	{rotate}
}
{obstacle "body7"
	{obb2
		{center -71.3825 4.53849}
		{extent 3.87686 19.1397}
		{axis 0.997564 0.0697565}
	}
	{rotate}
}
{obstacle "body8"
	{obb2
		{center 56.6363 40.3198}
		{extent 3.55832 20.7739}
		{axis 0.913545 0.406737}
	}
	{rotate}
}
{obstacle "body9"
	{obb2
		{center 33.1737 68.2977}
		{extent 2.76775 17.5374}
		{axis 0.529919 0.848048}
	}
	{rotate}
}
{area "cut"
	{polygon2
		{radius 0}
		{vertex -109.551 -37.2866}
		{vertex -109.233 -88.9832}
		{vertex 101.275 -88.9832}
		{vertex 101.565 -38.0863}
	}
	{rotate}
}
{area "cut2"
	{polygon2
		{radius 0}
		{vertex 54.1589 58.1254}
		{vertex 19.2501 80.9406}
		{vertex -28.8638 80.7611}
		{vertex -62.7957 54.6717}
		{vertex -77.1567 22.9415}
		{vertex -76.4586 -37.5217}
		{vertex 72.2686 -38.0074}
		{vertex 71.0241 11.4943}
	}
	{rotate}
	{tag "cut"}
}
{"volumes"
	{"body"
		{box 30.5606 3.93701 25.5906}
		{bone "point"}
		{matrix34
			1 	 -0.0087 	 0
			0.0086 	 0.9902 	 -0.1392
			0.0012 	 0.1392 	 0.9903
			0.7157 	 2.1199 	 12.3753
		}
	}
	{"body1"
		{box 39.3421 3.93701 25.5906}
		{bone "point1"}
		{matrix34
			1 	 0 	 0
			0 	 0.9903 	 0.1392
			0 	 -0.1392 	 0.9903
			-0.3558 	 -2.8176 	 12.3753
		}
	}
	{"body10"
		{box 37.9969 3.93701 25.5906}
		{bone "point10"}
		{matrix34
			0.4394 	 -0.8982 	 0.0092
			0.8889 	 0.4363 	 0.1395
			-0.1294 	 -0.0531 	 0.9902
			-1.7874 	 0.9011 	 12.1979
		}
	}
	{"body11"
		{box 35.717 3.93701 25.5906}
		{bone "point11"}
		{matrix34
			0.8259 	 -0.5636 	 -0.0152
			0.5624 	 0.8216 	 0.0935
			-0.0402 	 -0.0858 	 0.9955
			-1.0872 	 -1.2704 	 12.266
		}
	}
	{"body12"
		{box 33.2431 3.93701 25.5906}
		{bone "point12"}
		{matrix34
			1 	 -0.0087 	 0
			0.0086 	 0.9902 	 -0.1392
			0.0012 	 0.1392 	 0.9903
			3.471 	 2.1199 	 12.3753
		}
	}
	{"body13"
		{box 32.388 3.93701 25.5906}
		{bone "point13"}
		{matrix34
			1 	 -0.0087 	 0
			0.0086 	 0.9902 	 -0.1392
			0.0012 	 0.1392 	 0.9903
			-0.1696 	 2.1199 	 12.3753
		}
	}
	{"body14"
		{box 28.0095 3.93701 25.5906}
		{bone "point14"}
		{matrix34
			1 	 -0.0087 	 0
			0.0086 	 0.9902 	 -0.1392
			0.0012 	 0.1392 	 0.9903
			-3.0979 	 2.1199 	 12.3753
		}
	}
	{"body15"
		{box 26.9937 3.93701 25.5906}
		{bone "point15"}
		{matrix34
			1 	 -0.0087 	 0
			0.0086 	 0.9902 	 -0.1392
			0.0012 	 0.1392 	 0.9903
			-2.8368 	 2.1199 	 12.3753
		}
	}
	{"body16"
		{box 28.4214 3.93701 25.5906}
		{bone "point16"}
		{matrix34
			1 	 -0.0087 	 0
			0.0086 	 0.9902 	 -0.1392
			0.0012 	 0.1392 	 0.9903
			-0.9151 	 2.1199 	 12.3753
		}
	}
	{"body17"
		{box 29.963 3.93701 25.5906}
		{bone "point17"}
		{matrix34
			1 	 -0.0087 	 0
			0.0086 	 0.9902 	 -0.1392
			0.0012 	 0.1392 	 0.9903
			0.0559 	 2.1199 	 12.3753
		}
	}
	{"body2"
		{box 39.8417 3.93701 25.5906}
		{bone "point2"}
		{matrix34
			1 	 0 	 0
			0 	 0.9903 	 0.1392
			0 	 -0.1392 	 0.9903
			1.0198 	 -2.3298 	 12.3753
		}
	}
	{"body3"
		{box 29.0835 3.93701 25.5906}
		{bone "point3"}
		{matrix34
			-0.5931 	 -0.8049 	 0.0187
			0.802 	 -0.5886 	 0.1023
			-0.0713 	 0.0757 	 0.9946
			-1.6116 	 1.5835 	 12.3044
		}
	}
	{"body4"
		{box 42.3685 3.93701 25.5906}
		{bone "point4"}
		{matrix34
			1 	 -0.0087 	 0
			0.0086 	 0.9902 	 0.1392
			-0.0012 	 -0.1392 	 0.9903
			-1.1781 	 -2.8855 	 12.13
		}
	}
	{"body5"
		{box 31.4961 3.93701 25.5906}
		{bone "point5"}
		{matrix34
			-0.3998 	 0.9164 	 0.0211
			-0.9135 	 -0.4002 	 0.0726
			0.075 	 0.0098 	 0.9971
			2.3129 	 -0.7299 	 12.0846
		}
	}
	{"body6"
		{box 31.4961 3.93701 25.5906}
		{bone "point6"}
		{matrix34
			-0.0363 	 0.9993 	 0.0097
			-0.9928 	 -0.0372 	 0.1136
			0.1138 	 -0.0055 	 0.9935
			2.1707 	 0.317 	 12.604
		}
	}
	{"body7"
		{box 37.9969 3.93701 25.5906}
		{bone "point7"}
		{matrix34
			-0.0773 	 -0.997 	 0.0092
			0.9874 	 -0.0752 	 0.1395
			-0.1384 	 0.0199 	 0.9902
			-2.8693 	 0.1915 	 12.1979
		}
	}
	{"body8"
		{box 41.2598 3.93701 25.5906}
		{bone "point8"}
		{matrix34
			0.4134 	 0.9105 	 0.0097
			-0.9051 	 0.4097 	 0.1136
			0.0994 	 -0.0557 	 0.9935
			1.6549 	 -1.8392 	 12.2999
		}
	}
	{"body9"
		{box 34.7773 3.93701 25.5906}
		{bone "point9"}
		{matrix34
			0.8469 	 0.5316 	 0.0114
			-0.5312 	 0.8451 	 0.06
			0.0222 	 -0.0569 	 0.9981
			-0.0843 	 -1.8433 	 12.3593
		}
	}
}
