;Exported by:	 Цаприлов Олександр
;Date:			 01.09.2020 11:20:25
;File:			 E:\projects\gem2-mdl-soldiers\models\entourage\wine_furniture\wine_furniture.max
{skeleton
	{bone "wine_furniture_02"
		{orientation
			1 	 0 	 0
			0 	 -1 	 0
			0 	 0 	 1
		}
		{bone "body01"
			{matrix34
				0.9397 	 -0.342 	 0
				0.342 	 0.9397 	 0
				0 	 0 	 1
				6.5357 	 -11.958 	 20.2578
			}
			{poly "body01"}
		}
	}
}
{volume "body01"
	{box 13.477 21.0959 6.13687}
	{bone "body01"}
	{Position 0 	 0 	 -17.1882}
}
{volume "body02"
	{box 13.477 21.0959 6.13687}
	{bone "body01"}
	{matrix34
		0.9962 	 -0.0872 	 0
		0.0872 	 0.9962 	 0
		0 	 0 	 1
		0 	 0 	 -9.0775
	}
}
{volume "body03"
	{box 13.477 21.0959 6.13687}
	{bone "body01"}
	{Position 0 	 0 	 -0.9785}
}
{volume "body04"
	{box 13.477 21.0959 6.13687}
	{bone "body01"}
	{matrix34
		0.766 	 0.6428 	 0
		-0.6428 	 0.766 	 0
		0 	 0 	 1
		-12.3067 	 19.6705 	 -17.1951
	}
}
{volume "body05"
	{box 13.477 21.0959 6.13687}
	{bone "body01"}
	{matrix34
		-0.5 	 0.866 	 0
		-0.866 	 -0.5 	 0
		0 	 0 	 1
		-12.3067 	 19.6705 	 -11.0417
	}
}
{volume "body06"
	{box 13.477 21.0959 6.13687}
	{bone "body01"}
	{matrix34
		0.0029 	 0.9999 	 -0.0169
		-0.3051 	 -0.0152 	 -0.9522
		-0.9523 	 0.0079 	 0.305
		-12.9116 	 0.4884 	 -9.2507
	}
}
