;Exported by	: KobaA
;Date			: 04.03.2024 16:33:35
;File			: d:\git\gem2-mdl-soldiers\models\building\b3\vil_build_004_recover.max
{skeleton
	{bone "b4_vil_piece_01"
		{orientation
			1 	 0 	 0
			0 	 -1 	 0
			0 	 0 	 1
		}
		{poly "b4_vil_piece_01"}
		{bone revolute "attach1"
			{matrix34
				-1 	 0 	 0
				0 	 -1 	 0
				0 	 0 	 1
				-1.5927 	 16.2149 	 -50.5201
			}
		}
		{bone "fort_wall"
			{matrix34
				0 	 1 	 0
				-1 	 0 	 0
				0 	 0 	 1
				-26.4167 	 0.419 	 -53.3445
			}
		}
	}
}
{"volumes"
	{"body01"
		{box 5.90551 55.0458 25.9092}
		{bone "b4_vil_piece_01"}
		{Position -18.365 	 14.5038 	 -46.0098}
	}
	{"body02"
		{box 5.90551 32.6104 52.3262}
		{bone "b4_vil_piece_01"}
		{Position -18.365 	 25.1807 	 -6.9335}
	}
	{"body03"
		{box 5.90551 14.3486 4.70936}
		{bone "b4_vil_piece_01"}
		{Position -18.365 	 0.7514 	 -30.742}
	}
	{"body04"
		{box 5.90551 51.9198 24.07}
		{bone "b4_vil_piece_01"}
		{Position -18.365 	 -16.7447 	 5.6755}
	}
	{"body05"
		{box 5.90551 41.8348 25.9092}
		{bone "b4_vil_piece_01"}
		{matrix34
			0 	 -1 	 0
			1 	 0 	 0
			0 	 0 	 1
			0.4651 	 38.6843 	 -46.0098
		}
	}
	{"body06"
		{box 5.90551 29.2844 44.1078}
		{bone "b4_vil_piece_01"}
		{matrix34
			0 	 -1 	 0
			1 	 0 	 0
			0 	 0 	 1
			-6.0775 	 38.6843 	 -11.4818
		}
	}
	{"body07"
		{polyhedron}
		{bone "b4_vil_piece_01"}
		{matrix34
			0 	 -1 	 0
			1 	 0 	 0
			0 	 0 	 1
			18.7418 	 38.6843 	 -5.6305
		}
	}
	{"body08"
		{box 1.9685 23.3639 24.07}
		{bone "b4_vil_piece_01"}
		{matrix34
			0.7071 	 0 	 -0.7071
			0 	 1 	 0
			0.7071 	 0 	 0.7071
			-18.4286 	 -29.555 	 19.7312
		}
	}
	{"body09"
		{box 1.9685 43.9242 49.825}
		{bone "b4_vil_piece_01"}
		{matrix34
			0.7071 	 0 	 -0.7071
			0 	 1 	 0
			0.7071 	 0 	 0.7071
			5.2787 	 -20.416 	 43.4384
		}
	}
	{"body10"
		{box 1.9685 13.1772 21.923}
		{bone "b4_vil_piece_01"}
		{matrix34
			0.7071 	 0 	 -0.7071
			0 	 1 	 0
			0.7071 	 0 	 0.7071
			17.085 	 7.1668 	 55.2448
		}
	}
	{"body11"
		{box 1.9685 35.315 14.6884}
		{bone "b4_vil_piece_01"}
		{matrix34
			0.766 	 0 	 -0.6428
			0 	 1 	 0
			0.6428 	 0 	 0.766
			6.6054 	 21.9349 	 44.3727
		}
	}
	{"body12"
		{box 3.93701 4.32256 60.5163}
		{bone "b4_vil_piece_01"}
		{matrix34
			0.766 	 0.056 	 -0.6403
			0 	 0.9962 	 0.0872
			0.6428 	 -0.0668 	 0.7631
			-2.5547 	 39.6306 	 33.1539
		}
	}
	{"body13"
		{box 2.99134 86.2252 3.52522}
		{bone "b4_vil_piece_01"}
		{matrix34
			0.766 	 0 	 -0.6428
			0 	 1 	 0
			0.6428 	 0 	 0.766
			21.1307 	 -0.0359 	 57.5333
		}
	}
	{"hole01"
		{box 16.0538 11.811 27.8547}
		{bone "b4_vil_piece_01"}
		{matrix34
			0 	 -1 	 0
			1 	 0 	 0
			0 	 0 	 1
			-19.9262 	 16.2991 	 -19.1639
		}
	}
	{"target01"
		{box 10.6299 11.811 13.7795}
		{bone "b4_vil_piece_01"}
		{Position -10.7189 	 16.2179 	 -26.8111}
	}
}
