;Exported by:	 tolokolnikova
;Date:			 27.06.2017 14:25:19
;File:			 D:\gem2\gem2-mdl-soldiers\models\building\water_mill\water_mill_01_x_fort.max
{skeleton
	{bone "house_80_piers_piece04_point"
		{orientation
			1 	 0 	 0
			0 	 -1 	 0
			0 	 0 	 1
		}
		{bone "piece02"
			{matrix34
				-0.1833 	 0 	 -0.9831
				0 	 1 	 0
				0.9831 	 0 	 -0.1833
				30.7979 	 6.5085 	 -5.1523
			}
			{poly "piece02"}
		}
		{bone "piece01"
			{matrix34
				-0.6502 	 0 	 -0.7597
				0 	 1 	 0
				0.7597 	 0 	 -0.6502
				7.9405 	 6.5085 	 -30.2509
			}
			{poly "piece01"}
		}
		{bone "fx_wood1"
			{Position 0 	 0 	 0}
		}
	}
}
{volume "piece01"
	{box 12.5869 17.7165 20.6682}
	{bone "piece01"}
	{matrix34
		0.943 	 0 	 -0.3328
		0 	 1 	 0
		0.3328 	 0 	 0.943
		-2.8759 	 0 	 -1.9658
	}
}
{volume "piece02"
	{box 12.5869 17.7165 20.6682}
	{bone "piece02"}
	{matrix34
		1 	 0 	 0.0098
		0 	 1 	 0
		-0.0098 	 0 	 1
		-0.8553 	 0 	 1.3144
	}
}
