;Exported by:	 tolokolnikova
;Date:			 10.06.2018 11:23:21
;File:			 D:\gem2\gem2-mdl-soldiers\models\building\b1\001_x.max
{skeleton
	{bone "b1_vil_piece_07_point"
		{orientation
			1 	 0 	 0
			0 	 -1 	 0
			0 	 0 	 1
		}
		{bone "piece03"
			{matrix34
				1 	 0 	 0
				0 	 -0.6643 	 0.7475
				0 	 -0.7475 	 -0.6643
				-51.6861 	 -10.7621 	 10.7045
			}
			{poly "piece03"}
		}
		{bone "piece04"
			{matrix34
				1 	 0 	 0
				0 	 -0.6643 	 0.7475
				0 	 -0.7475 	 -0.6643
				-17.0541 	 -10.9718 	 10.5176
			}
			{poly "piece04"}
		}
		{bone "piece05"
			{matrix34
				1 	 0 	 0
				0 	 -0.6643 	 0.7475
				0 	 -0.7475 	 -0.6643
				25.6144 	 -11.4585 	 9.7643
			}
			{poly "piece05"}
		}
		{bone "piece06"
			{matrix34
				1 	 0 	 0
				0 	 -0.6643 	 0.7475
				0 	 -0.7475 	 -0.6643
				51.3169 	 -11.855 	 9.7288
			}
			{poly "piece06"}
		}
		{bone "piece01"
			{matrix34
				0 	 -0.7071 	 0.7071
				0 	 0.7071 	 0.7071
				-1 	 0 	 0
				-10.5767 	 -1.3345 	 16.7167
			}
			{poly "piece01"}
		}
		{bone "piece02"
			{matrix34
				1 	 0 	 0
				0 	 0.7454 	 -0.6666
				0 	 0.6666 	 0.7454
				2.7936 	 32.4828 	 -11.6612
			}
			{poly "piece02"}
		}
		{bone "piece07"
			{matrix34
				1 	 0 	 0
				0 	 0.6643 	 0.7475
				0 	 0.7475 	 -0.6643
				-32.4613 	 11.586 	 7.6587
			}
			{poly "piece07"}
		}
		{bone "piece08"
			{matrix34
				1 	 0 	 0
				0 	 0.6643 	 0.7475
				0 	 0.7475 	 -0.6643
				16.6077 	 17.9245 	 1.7098
			}
			{poly "piece08"}
		}
		{bone "piece09"
			{matrix34
				1 	 0 	 0
				0 	 -0.6643 	 0.7475
				0 	 -0.7475 	 -0.6643
				42.1729 	 -25.7105 	 -5.082
			}
			{poly "piece09"}
		}
		{bone "piece10"
			{matrix34
				1 	 0 	 0
				0 	 -0.6643 	 0.7475
				0 	 -0.7475 	 -0.6643
				9.0171 	 -14.5625 	 5.4798
			}
			{poly "piece10"}
		}
		{bone "piece11"
			{matrix34
				-1 	 0 	 0
				0 	 0.6643 	 0.7475
				0 	 0.7475 	 -0.6643
				-24.0428 	 20.4585 	 -2.6219
			}
			{poly "piece11"}
		}
		{bone "piece12"
			{matrix34
				1 	 0 	 0
				0 	 0.6643 	 0.7475
				0 	 0.7475 	 -0.6643
				0.8181 	 4.9752 	 13.5336
			}
			{poly "piece12"}
		}
	}
}
{volume "piece01"
	{box 3.73031 46.0144 2.97656}
	{bone "piece01"}
	{matrix34
		-0.0581 	 -0.9983 	 0
		0 	 0 	 -1
		0.9983 	 -0.0581 	 0
		0.0559 	 -0.3917 	 1.1667
	}
}
{volume "piece02"
	{box 0.984252 46.6254 4.30392}
	{bone "piece02"}
	{matrix34
		0 	 0.0023 	 -1
		1 	 0 	 0
		0 	 -1 	 -0.0023
		0.7761 	 0.0563 	 -0.1088
	}
}
{volume "piece03"
	{box 0.984252 13.6551 14.9199}
	{bone "piece03"}
	{matrix34
		0 	 -1 	 -0.0007
		-1 	 0 	 0
		0 	 0.0007 	 -1
		0.2418 	 -0.1043 	 2.4601
	}
}
{volume "piece04"
	{box 0.984252 13.6551 14.9199}
	{bone "piece04"}
	{matrix34
		0 	 -1 	 -0.0007
		-1 	 0 	 0
		0 	 0.0007 	 -1
		-0.4244 	 -0.1039 	 -0.4889
	}
}
{volume "piece05"
	{box 0.984252 13.6551 14.9199}
	{bone "piece05"}
	{matrix34
		0 	 -1 	 -0.0007
		-1 	 0 	 0
		0 	 0.0007 	 -1
		2.4129 	 0.1358 	 2.4601
	}
}
{volume "piece06"
	{box 0.984252 6.06893 21.9411}
	{bone "piece06"}
	{matrix34
		0 	 -1 	 -0.0007
		-1 	 0 	 0
		0 	 0.0007 	 -1
		0.0631 	 -0.1186 	 2.185
	}
}
{volume "piece07"
	{box 0.984252 9.45749 32.0308}
	{bone "piece07"}
	{matrix34
		0 	 -1 	 -0.0007
		1 	 0 	 0
		0 	 0.0007 	 -1
		0.1064 	 0.1702 	 0.7782
	}
}
{volume "piece08"
	{box 0.984252 9.45749 32.0308}
	{bone "piece08"}
	{matrix34
		0 	 -1 	 -0.0007
		1 	 0 	 0
		0 	 0.0007 	 -1
		6.2453 	 0.4062 	 0.7782
	}
}
{volume "piece09"
	{box 1.98819 1.94585 29.3423}
	{bone "piece09"}
	{matrix34
		0 	 -1 	 -0.0007
		-1 	 0 	 0
		0 	 0.0007 	 -1
		0.0319 	 0.0343 	 -0.466
	}
}
{volume "piece10"
	{box 1.98819 1.94585 24.4519}
	{bone "piece10"}
	{matrix34
		0 	 -1 	 -0.0007
		-1 	 0 	 0
		0 	 0.0007 	 -1
		0.1624 	 0.0471 	 1.6374
	}
}
{volume "piece11"
	{box 1.98819 1.94585 24.4519}
	{bone "piece11"}
	{matrix34
		0 	 -1 	 -0.0007
		-1 	 0 	 0
		0 	 0.0007 	 -1
		0.1624 	 0.0471 	 1.6374
	}
}
{volume "piece12"
	{box 0.984252 9.45749 13.5298}
	{bone "piece12"}
	{matrix34
		0 	 -1 	 -0.0007
		1 	 0 	 0
		0 	 0.0007 	 -1
		0.1064 	 0.1641 	 -0.4233
	}
}
