;Exported by	: Oleksandr Tsaprylov
;Date			: 28.03.2023 12:10:20
;File			: E:\projects\gem2-mdl-soldiers\models\entourage\ruins_stone_wall\ruins_column.max
{skeleton
	{bone "ruins_column_07"
		{orientation
			1 	 0 	 0
			0 	 -1 	 0
			0 	 0 	 1
		}
		{bone "group001"
			{Position -1.1099 	 1.352 	 5.2156}
			{poly "group001"}
		}
	}
}
{obstacle "obstacle01"
	{obb2
		{center 0.489258 -22.877}
		{extent 7.44057 13.33}
		{axis -1 0}
	}
	{rotate}
}
{obstacle "obstacle02"
	{obb2
		{center 0.0986938 26.5685}
		{extent 6.99413 7.46482}
		{axis -1 0}
	}
	{rotate}
}
{"volumes"
	{"body01"
		{box 10.9606 9.42735 2.30029}
		{bone "ruins_column_07"}
		{matrix34
			0.9924 	 0.0868 	 0.0872
			0.0868 	 0.0076 	 -0.9962
			-0.0872 	 0.9962 	 0
			-0.7527 	 34.601 	 4.3621
		}
	}
	{"body02"
		{box 7.77346 6.90649 10.4558}
		{bone "ruins_column_07"}
		{matrix34
			0.9924 	 0.0868 	 0.0872
			0.0868 	 0.0076 	 -0.9962
			-0.0872 	 0.9962 	 0
			-0.8477 	 30.4933 	 3.1666
		}
	}
	{"body03"
		{cylinder 6.47995 12.6416}
		{bone "ruins_column_07"}
		{matrix34
			1 	 0 	 0
			0 	 0 	 -1
			0 	 1 	 0
			0.1086 	 -26.6043 	 6.338
		}
	}
	{"body04"
		{cylinder 5.50796 12.6416}
		{bone "ruins_column_07"}
		{matrix34
			0.9659 	 -0.2588 	 0
			0 	 0 	 -1
			0.2588 	 0.9659 	 0
			0.4718 	 16.6642 	 5.1162
		}
	}
	{"body05"
		{cylinder 6.33415 12.6416}
		{bone "ruins_column_07"}
		{matrix34
			0.8192 	 -0.5736 	 0
			0 	 0 	 -1
			0.5736 	 0.8192 	 0
			0.015 	 -11.0913 	 0.2554
		}
	}
	{"body06"
		{box 9.94143 3.88288 9.33083}
		{bone "ruins_column_07"}
		{matrix34
			0.816 	 0.5714 	 -0.0872
			-0.0714 	 -0.05 	 -0.9962
			-0.5736 	 0.8192 	 0
			-3.2688 	 3.4932 	 1.5311
		}
	}
}
