;Exported by:	 tolokolnikova
;Date:			 13.08.2015 14:22:47
;File:			 D:\git\solders_model\models\entourage\shelter_box\shelter-gr_cart001_Gem2_x.max
{skeleton
	{bone "basis001"
		{Orientation
			1 	 0 	 0
			0 	 -1 	 0
			0 	 0 	 1
		}
		{bone "piece07"
			{Matrix34
				0.9995 	 0 	 -0.0321
				0.0321 	 0 	 0.9995
				0 	 -1 	 0
				0 	 -12.9184 	 0
			}
			{poly "piece07"}
		}
		{bone "piece01"
			{Matrix34
				1 	 0 	 0
				0 	 0.9962 	 0.0873
				0 	 -0.0873 	 0.9962
				-0.0009 	 -0.1464 	 0.0015
			}
			{poly "piece01"}
		}
		{bone "piece02"
			{Matrix34
				1 	 0 	 0
				0 	 0.9962 	 0.0873
				0 	 -0.0873 	 0.9962
				-0.0009 	 -0.1464 	 0.0015
			}
			{poly "piece02"}
		}
		{bone "piece03"
			{Matrix34
				1 	 0 	 0
				0 	 0.9962 	 0.0873
				0 	 -0.0873 	 0.9962
				-0.0009 	 -0.1464 	 0.0015
			}
			{poly "piece03"}
		}
		{bone "piece04"
			{Matrix34
				1 	 0 	 0
				0 	 0.9962 	 0.0873
				0 	 -0.0873 	 0.9962
				-0.0009 	 -0.1464 	 0.0015
			}
			{poly "piece04"}
		}
		{bone "piece05"
			{Matrix34
				1 	 0 	 0
				0 	 0.9962 	 0.0873
				0 	 -0.0873 	 0.9962
				-0.0009 	 -0.1464 	 0.0015
			}
			{poly "piece05"}
		}
		{bone "piece06"
			{Matrix34
				1 	 0 	 0
				0 	 0.9962 	 0.0873
				0 	 -0.0873 	 0.9962
				-0.0009 	 -0.1464 	 0.0015
			}
			{poly "piece06"}
		}
		{bone "piece08"
			{Matrix34
				0.9995 	 0 	 -0.0321
				0.0321 	 0 	 0.9995
				0 	 -1 	 0
				0 	 -12.9184 	 0
			}
			{poly "piece08"}
		}
		{bone "piece09"
			{Matrix34
				0.9995 	 0 	 -0.0321
				0.0321 	 0 	 0.9995
				0 	 -1 	 0
				0 	 -12.9184 	 0
			}
			{poly "piece09"}
		}
		{bone "piece10"
			{Matrix34
				0.9995 	 0 	 -0.0321
				0.0321 	 0 	 0.9995
				0 	 -1 	 0
				0 	 -12.9184 	 0
			}
			{poly "piece10"}
		}
		{bone "fx_wood2"
			{Position 0 	 0 	 0}
		}
	}
}
{Volume "piece01"
	{Box 34.8132 0.470669 10.5132}
	{Bone "piece01"}
	{Matrix34
		1 	 0 	 0
		0 	 0.9962 	 -0.0873
		0 	 0.0873 	 0.9962
		-0.7443 	 11.2939 	 7.7591
	}
}
{Volume "piece02"
	{Box 34.8132 0.470669 9.2153}
	{Bone "piece02"}
	{Matrix34
		1 	 0 	 0
		0 	 0.9962 	 -0.0873
		0 	 0.0873 	 0.9962
		-0.7443 	 -9.82 	 10.549
	}
}
{Volume "piece03"
	{Box 0.957263 22.1718 6.34182}
	{Bone "piece03"}
	{Matrix34
		1 	 0 	 0
		0 	 0.9962 	 -0.0873
		0 	 0.0873 	 0.9962
		-18.8739 	 1.3095 	 10.9088
	}
}
{Volume "piece04"
	{Box 36.9926 3.47484 1.02046}
	{Bone "piece04"}
	{Matrix34
		1 	 0 	 0
		0 	 0.9962 	 -0.0873
		0 	 0.0873 	 0.9962
		-1.468 	 2.4463 	 3.5585
	}
}
{Volume "piece05"
	{Box 27.9771 1.05567 2.20648}
	{Bone "piece05"}
	{Matrix34
		1 	 0 	 0
		0 	 0.9962 	 -0.0873
		0 	 0.0873 	 0.9962
		26.7168 	 7.6834 	 1.3519
	}
}
{Volume "piece06"
	{Box 28.3358 1.05567 2.20648}
	{Bone "piece06"}
	{Matrix34
		1 	 0 	 0
		0 	 0.9962 	 -0.0873
		0 	 0.0873 	 0.9962
		28.5912 	 -7.1473 	 2.6516
	}
}
{Volume "piece07"
	{Box 24.5487 1.35512 13.4738}
	{Bone "piece07"}
	{Matrix34
		0.9995 	 0.0321 	 0
		0 	 0 	 -1
		-0.0321 	 0.9995 	 0
		-1.4657 	 6.6933 	 0
	}
}
{Volume "piece08"
	{Box 24.5487 1.35512 10.3749}
	{Bone "piece08"}
	{Matrix34
		0.9995 	 0.0321 	 0
		0 	 0 	 -1
		-0.0321 	 0.9995 	 0
		0.2892 	 -8.9963 	 0
	}
}
{Volume "piece09"
	{Box 24.5487 1.35512 13.4738}
	{Bone "piece09"}
	{Matrix34
		0.9995 	 0.0321 	 0
		0 	 0 	 -1
		-0.0321 	 0.9995 	 0
		-0.2164 	 6.7335 	 -25.9801
	}
}
{Volume "piece10"
	{Box 24.5487 1.35512 10.3749}
	{Bone "piece10"}
	{Matrix34
		0.9995 	 0.0321 	 0
		0 	 0 	 -1
		-0.0321 	 0.9995 	 0
		1.6044 	 -8.954 	 -25.9801
	}
}
