;Exported by:	 vic
;Date:			 29.11.2016 10:39:07
;File:			 D:\-Project_vtv_online-\-3DWork-\building\house_vtv_221\house_001_g2_x2.max
{skeleton
	{bone "house_001_g2_piece_016_x"
		{parameters "lastpose=undefined;"}
		{orientation
			1 	 0 	 0
			0 	 -1 	 0
			0 	 0 	 1
		}
		{bone "piece00"
			{parameters "lastpose=undefined;"}
			{matrix34
				-0.7071 	 0 	 -0.7071
				0 	 -1 	 0
				-0.7071 	 0 	 0.7071
				23.1518 	 -29.839 	 18.542
			}
			{poly "piece00"}
		}
		{bone "piece01"
			{parameters "lastpose=undefined;"}
			{matrix34
				-1 	 0 	 0
				0 	 -1 	 0
				0 	 0 	 1
				11.7952 	 -9.7184 	 0.5797
			}
			{poly "piece01"}
		}
		{bone "sub_piece17"
			{parameters "lastpose=undefined;"}
			{matrix34
				1 	 0 	 0
				0 	 0 	 1
				0 	 -1 	 0
				25.1934 	 -33.7145 	 8.4413
			}
			{poly "sub_piece17"}
		}
		{bone "piece02"
			{parameters "lastpose=undefined;"}
			{matrix34
				0.4226 	 0 	 -0.9063
				0.9063 	 0 	 0.4226
				0 	 -1 	 0
				24.4343 	 -33.7145 	 -20.0505
			}
			{poly "piece02"}
		}
		{bone "piece03"
			{parameters "lastpose=undefined;"}
			{matrix34
				1 	 0 	 0
				0 	 0 	 1
				0 	 -1 	 0
				5.5237 	 -33.7145 	 -6.5718
			}
			{poly "piece03"}
		}
		{bone "piece14"
			{parameters "lastpose=undefined;"}
			{matrix34
				1 	 0 	 0
				0 	 0 	 1
				0 	 -1 	 0
				-17.7659 	 -33.7145 	 8.7131
			}
			{poly "piece14"}
		}
		{bone "piece04"
			{parameters "lastpose=undefined;"}
			{matrix34
				-1 	 0 	 0
				0 	 -1 	 0
				0 	 0 	 1
				3.3837 	 10.5251 	 0.5797
			}
			{poly "piece04"}
		}
		{bone "sub_piece16"
			{parameters "lastpose=undefined;"}
			{matrix34
				1 	 0 	 0
				0 	 0 	 1
				0 	 -1 	 0
				1.3102 	 -33.7145 	 7.1091
			}
			{poly "sub_piece16"}
		}
		{bone "sub_piece15"
			{parameters "lastpose=undefined;"}
			{matrix34
				1 	 0 	 0
				0 	 0 	 1
				0 	 -1 	 0
				15.0511 	 -33.7145 	 10.2749
			}
			{poly "sub_piece15"}
		}
		{bone "sub_piece14"
			{parameters "lastpose=undefined;"}
			{matrix34
				-0.9962 	 0 	 -0.0872
				0.0872 	 0 	 -0.9962
				0 	 -1 	 0
				-14.4581 	 -33.7145 	 -10.5116
			}
			{poly "sub_piece14"}
		}
		{bone "sub_piece13"
			{parameters "lastpose=undefined;"}
			{matrix34
				0.3007 	 0 	 0.9537
				-0.9537 	 0 	 0.3007
				0 	 -1 	 0
				-8.877 	 -33.7145 	 -0.5538
			}
			{poly "sub_piece13"}
		}
		{bone "sub_piece12"
			{parameters "lastpose=undefined;"}
			{matrix34
				1 	 0 	 0
				0 	 0 	 1
				0 	 -1 	 0
				-3.2215 	 -33.7145 	 -26.6143
			}
			{poly "sub_piece12"}
		}
		{bone "sub_piece11"
			{parameters "lastpose=undefined;"}
			{matrix34
				0.6428 	 0 	 0.766
				-0.766 	 0 	 0.6428
				0 	 -1 	 0
				10.6262 	 -33.7145 	 -18.8394
			}
			{poly "sub_piece11"}
		}
		{bone "piece06"
			{parameters "lastpose=undefined;"}
			{matrix34
				1 	 0 	 0
				0 	 0 	 1
				0 	 -1 	 0
				13.593 	 -33.7145 	 -29.3382
			}
			{poly "piece06"}
		}
		{bone "piece07"
			{parameters "lastpose=undefined;"}
			{matrix34
				-0.7071 	 0 	 -0.7071
				0 	 -1 	 0
				-0.7071 	 0 	 0.7071
				17.7245 	 10.4323 	 23.9692
			}
			{poly "piece07"}
		}
		{bone "piece08"
			{parameters "lastpose=undefined;"}
			{matrix34
				1 	 0 	 0
				0 	 0 	 1
				0 	 -1 	 0
				-3.5136 	 -33.7145 	 -13.3475
			}
			{poly "piece08"}
		}
		{bone "sub_piece10"
			{parameters "lastpose=undefined;"}
			{matrix34
				0 	 1 	 0
				0 	 0 	 1
				1 	 0 	 0
				36.8246 	 3.3595 	 -20.175
			}
			{poly "sub_piece10"}
		}
		{bone "piece09"
			{parameters "lastpose=undefined;"}
			{matrix34
				0.6756 	 0 	 0.7373
				-0.7373 	 0 	 0.6756
				0 	 -1 	 0
				8.8654 	 -33.693 	 21.4584
			}
			{poly "piece09"}
		}
		{bone "piece10"
			{parameters "lastpose=undefined;"}
			{matrix34
				0 	 1 	 0
				0 	 0 	 1
				1 	 0 	 0
				36.8246 	 5.6367 	 -8.143
			}
			{poly "piece10"}
		}
		{bone "piece11"
			{parameters "lastpose=undefined;"}
			{matrix34
				0 	 1 	 0
				0 	 0 	 1
				1 	 0 	 0
				36.8246 	 -24.9081 	 -14.2573
			}
			{poly "piece11"}
		}
		{bone "piece12"
			{parameters "lastpose=undefined;"}
			{matrix34
				0 	 1 	 0
				0 	 0 	 1
				1 	 0 	 0
				36.8246 	 16.213 	 -14.3569
			}
			{poly "piece12"}
		}
		{bone "piece13"
			{parameters "lastpose=undefined;"}
			{matrix34
				0 	 1 	 0
				0 	 0 	 1
				1 	 0 	 0
				36.8246 	 3.6157 	 -30.5727
			}
			{poly "piece13"}
		}
		{bone "sub_piece09"
			{parameters "lastpose=undefined;"}
			{matrix34
				1 	 0 	 0
				0 	 0 	 1
				0 	 -1 	 0
				-7.9398 	 -33.6621 	 12.7109
			}
			{poly "sub_piece09"}
		}
		{bone "piece15"
			{parameters "lastpose=undefined;"}
			{matrix34
				0 	 0.2588 	 0.9659
				0 	 -0.9659 	 0.2588
				1 	 0 	 0
				36.8246 	 -4.326 	 -2.5366
			}
			{poly "piece15"}
		}
		{bone "sub_piece08"
			{parameters "lastpose=undefined;"}
			{matrix34
				0 	 1 	 0
				0 	 0 	 1
				1 	 0 	 0
				36.8246 	 -15.0074 	 -3.6531
			}
			{poly "sub_piece08"}
		}
		{bone "sub_piece07"
			{parameters "lastpose=undefined;"}
			{matrix34
				0 	 1 	 0
				0 	 0 	 1
				1 	 0 	 0
				36.8246 	 -22.6349 	 -1.0856
			}
			{poly "sub_piece07"}
		}
		{bone "sub_piece06"
			{parameters "lastpose=undefined;"}
			{matrix34
				0 	 1 	 0
				0 	 0 	 1
				1 	 0 	 0
				36.8246 	 -22.9466 	 -28.6218
			}
			{poly "sub_piece06"}
		}
		{bone "sub_piece05"
			{parameters "lastpose=undefined;"}
			{matrix34
				1 	 0 	 0
				0 	 0 	 1
				0 	 -1 	 0
				-14.6005 	 -33.7707 	 -24.0915
			}
			{poly "sub_piece05"}
		}
		{bone "sub_piece04"
			{parameters "lastpose=undefined;"}
			{matrix34
				0 	 1 	 0
				0 	 0 	 1
				1 	 0 	 0
				36.8246 	 19.3698 	 -25.5342
			}
			{poly "sub_piece04"}
		}
		{bone "sub_piece03"
			{parameters "lastpose=undefined;"}
			{matrix34
				0 	 0.3007 	 -0.9537
				0 	 0.9537 	 0.3007
				1 	 0 	 0
				36.8246 	 22.7734 	 -2.6854
			}
			{poly "sub_piece03"}
		}
		{bone "sub_piece02"
			{parameters "lastpose=undefined;"}
			{matrix34
				0 	 -0.6756 	 -0.7373
				0 	 0.7373 	 -0.6756
				1 	 0 	 0
				36.8246 	 10.7171 	 -2.6091
			}
			{poly "sub_piece02"}
		}
		{bone "sub_piece01"
			{parameters "lastpose=undefined;"}
			{matrix34
				0 	 1 	 0
				0 	 0 	 1
				1 	 0 	 0
				36.8246 	 -31.2861 	 -23.3678
			}
			{poly "sub_piece01"}
		}
		{bone "sub_piece00"
			{parameters "lastpose=undefined;"}
			{matrix34
				0 	 1 	 0
				0 	 0 	 1
				1 	 0 	 0
				36.8246 	 -31.3752 	 -3.3945
			}
			{poly "sub_piece00"}
		}
		{bone "piece05"
			{parameters "lastpose=undefined;"}
			{matrix34
				-1 	 0 	 0
				0 	 -1 	 0
				0 	 0 	 1
				-4.9888 	 -29.4338 	 0.5797
			}
			{poly "piece05"}
		}
	}
}
{volume "piece00_volume012"
	{box 26.3467 1.9685 1.9685}
	{bone "piece00"}
	{matrix34
		0 	 0 	 1
		0 	 1 	 0
		-1 	 0 	 0
		0.0159 	 0.004 	 -0.6953
	}
}
{volume "piece01_volume009"
	{box 37.898 2.95276 2.95276}
	{bone "piece01"}
	{Position -0.7728 	 -0.0021 	 -0.0115}
}
{volume "piece02_volume019"
	{box 5.90551 10.664 8.12962}
	{bone "piece02"}
	{matrix34
		0 	 0 	 -1
		-0.9239 	 -0.3827 	 0
		-0.3827 	 0.9239 	 0
		0.1279 	 0.0376 	 0.0079
	}
}
{volume "piece03_volume027"
	{box 5.90551 5.47672 7.78311}
	{bone "piece03"}
	{matrix34
		0 	 0 	 -1
		-0.766 	 0.6428 	 0
		0.6428 	 0.766 	 0
		-0.016 	 -0.0395 	 0.0078
	}
}
{volume "piece04_volume010"
	{box 29.9394 2.95276 2.95276}
	{bone "piece04"}
	{Position -1.0401 	 -0.0039 	 -0.0115}
}
{volume "piece05_volume008"
	{box 31.8471 2.95276 2.95276}
	{bone "piece05"}
	{Position -0.8136 	 0 	 -0.0115}
}
{volume "piece06_volume021"
	{box 5.90551 9.44403 7.21503}
	{bone "piece06"}
	{matrix34
		0 	 0 	 -1
		-0.9962 	 0.0872 	 0
		0.0872 	 0.9962 	 0
		-0.0047 	 0.1603 	 0.0078
	}
}
{volume "piece07_volume012"
	{box 23.712 1.9685 1.9685}
	{bone "piece07"}
	{matrix34
		0 	 0 	 1
		0 	 1 	 0
		-1 	 0 	 0
		-0.0127 	 0.0315 	 -0.7756
	}
}
{volume "piece08_volume024"
	{box 5.90551 6.81481 9.49004}
	{bone "piece08"}
	{matrix34
		0 	 0 	 -1
		-0.9962 	 -0.0872 	 0
		-0.0872 	 0.9962 	 0
		-0.5865 	 -0.6934 	 0.0078
	}
}
{volume "piece09_volume010"
	{box 5.90551 11.2134 8.49687}
	{bone "piece09"}
	{matrix34
		0 	 0 	 -1
		-0.9914 	 0.1305 	 0
		0.1305 	 0.9914 	 0
		0.1109 	 -0.2239 	 0.0079
	}
}
{volume "piece10_volume026"
	{box 5.90551 5.47672 7.78311}
	{bone "piece10"}
	{matrix34
		0 	 0 	 -1
		-0.766 	 0.6428 	 0
		0.6428 	 0.766 	 0
		-0.016 	 -0.0395 	 0.0078
	}
}
{volume "piece11_volume018"
	{box 5.90551 10.664 8.12962}
	{bone "piece11"}
	{matrix34
		0 	 0 	 -1
		-0.9239 	 -0.3827 	 0
		-0.3827 	 0.9239 	 0
		0.1279 	 0.0375 	 0.0078
	}
}
{volume "piece12_volume023"
	{box 5.90551 6.81481 9.49004}
	{bone "piece12"}
	{matrix34
		0 	 0 	 -1
		-0.9962 	 -0.0872 	 0
		-0.0872 	 0.9962 	 0
		-0.5865 	 -0.6934 	 0.0078
	}
}
{volume "piece13_volume020"
	{box 5.90551 9.44403 7.21503}
	{bone "piece13"}
	{matrix34
		0 	 0 	 -1
		-0.9962 	 0.0872 	 0
		0.0872 	 0.9962 	 0
		-0.0047 	 0.1603 	 0.0078
	}
}
{volume "piece14_volume018"
	{box 5.90551 5.4969 7.09019}
	{bone "piece14"}
	{matrix34
		0 	 0 	 -1
		-0.6428 	 -0.766 	 0
		-0.766 	 0.6428 	 0
		-0.0464 	 -0.0583 	 0.0079
	}
}
{volume "piece15_volume012"
	{box 5.90551 5.15816 8.49687}
	{bone "piece15"}
	{matrix34
		0 	 0 	 -1
		-0.9763 	 0.2164 	 0
		0.2164 	 0.9763 	 0
		-0.0201 	 0.1824 	 0.0079
	}
}
{volume "sub_piece00_volume015"
	{box 5.90551 5.91001 7.4973}
	{bone "sub_piece00"}
	{matrix34
		0 	 0 	 -1
		-0.999 	 -0.0436 	 0
		-0.0436 	 0.999 	 0
		-0.1518 	 -0.3633 	 0.0079
	}
}
{volume "sub_piece01_volume016"
	{box 5.90551 7.74211 3.67368}
	{bone "sub_piece01"}
	{matrix34
		0 	 0 	 -1
		-0.866 	 -0.5 	 0
		-0.5 	 0.866 	 0
		-0.0596 	 0.1191 	 0.0079
	}
}
{volume "sub_piece02_volume025"
	{box 5.90551 3.72566 8.19275}
	{bone "sub_piece02"}
	{matrix34
		0 	 0 	 -1
		-1 	 0 	 0
		0 	 1 	 0
		-0.0099 	 0.0559 	 0.0078
	}
}
{volume "sub_piece03_volume024"
	{box 5.90551 5.2474 8.44613}
	{bone "sub_piece03"}
	{matrix34
		0 	 0 	 -1
		-0.887 	 0.4617 	 0
		0.4617 	 0.887 	 0
		0.1895 	 -0.0721 	 0.0078
	}
}
{volume "sub_piece04_volume022"
	{box 5.90551 6.81481 6.63639}
	{bone "sub_piece04"}
	{matrix34
		0 	 0 	 -1
		-0.9239 	 0.3827 	 0
		0.3827 	 0.9239 	 0
		-0.1501 	 -0.4527 	 0.0078
	}
}
{volume "sub_piece05_volume018"
	{box 5.90551 7.67807 5.77203}
	{bone "sub_piece05"}
	{matrix34
		0 	 0 	 -1
		-0.9962 	 0.0872 	 0
		0.0872 	 0.9962 	 0
		0.0465 	 -0.0391 	 0.0078
	}
}
{volume "sub_piece06_volume017"
	{box 5.90551 5.4969 7.09019}
	{bone "sub_piece06"}
	{matrix34
		0 	 0 	 -1
		-0.6428 	 -0.766 	 0
		-0.766 	 0.6428 	 0
		-0.0464 	 -0.0583 	 0.0079
	}
}
{volume "sub_piece07_volume009"
	{box 5.90551 3.83767 7.89189}
	{bone "sub_piece07"}
	{matrix34
		0 	 0 	 -1
		-0.999 	 -0.0436 	 0
		-0.0436 	 0.999 	 0
		0.3341 	 -0.0514 	 0.0079
	}
}
{volume "sub_piece08_volume013"
	{box 5.90551 6.18979 7.30731}
	{bone "sub_piece08"}
	{matrix34
		0 	 0 	 -1
		-0.9763 	 0.2164 	 0
		0.2164 	 0.9763 	 0
		0.1307 	 -0.2882 	 0.0079
	}
}
{volume "sub_piece09_volume027"
	{box 5.90551 6.24346 4.5142}
	{bone "sub_piece09"}
	{matrix34
		0 	 0 	 -1
		-0.766 	 0.6428 	 0
		0.6428 	 0.766 	 0
		-1.0853 	 -0.2134 	 0.0078
	}
}
{volume "sub_piece10_volume021"
	{box 5.90551 7.7441 5.26698}
	{bone "sub_piece10"}
	{matrix34
		0 	 0 	 -1
		-0.9239 	 0.3827 	 0
		0.3827 	 0.9239 	 0
		-0.3347 	 0.1909 	 0.0078
	}
}
{volume "sub_piece11_volume022"
	{box 5.90551 7.7441 5.26698}
	{bone "sub_piece11"}
	{matrix34
		0 	 0 	 -1
		-0.9239 	 0.3827 	 0
		0.3827 	 0.9239 	 0
		-0.3347 	 0.1909 	 0.0078
	}
}
{volume "sub_piece12_volume023"
	{box 5.90551 6.81481 6.63639}
	{bone "sub_piece12"}
	{matrix34
		0 	 0 	 -1
		-0.9239 	 0.3827 	 0
		0.3827 	 0.9239 	 0
		-0.1501 	 -0.4527 	 0.0078
	}
}
{volume "sub_piece13_volume025"
	{box 5.90551 5.2474 8.44613}
	{bone "sub_piece13"}
	{matrix34
		0 	 0 	 -1
		-0.887 	 0.4617 	 0
		0.4617 	 0.887 	 0
		0.1895 	 -0.0722 	 0.0078
	}
}
{volume "sub_piece14_volume026"
	{box 5.90551 3.72566 8.19275}
	{bone "sub_piece14"}
	{matrix34
		0 	 0 	 -1
		-1 	 0 	 0
		0 	 1 	 0
		-0.0099 	 0.0559 	 0.0078
	}
}
{volume "sub_piece15_volume010"
	{box 5.90551 3.83767 7.89189}
	{bone "sub_piece15"}
	{matrix34
		0 	 0 	 -1
		-0.999 	 -0.0436 	 0
		-0.0436 	 0.999 	 0
		0.3341 	 -0.0514 	 0.0079
	}
}
{volume "sub_piece16_volume017"
	{box 5.90551 7.74211 3.67368}
	{bone "sub_piece16"}
	{matrix34
		0 	 0 	 -1
		-0.866 	 -0.5 	 0
		-0.5 	 0.866 	 0
		-0.0596 	 0.1191 	 0.0079
	}
}
{volume "sub_piece17_volume016"
	{box 5.90551 5.91001 7.4973}
	{bone "sub_piece17"}
	{matrix34
		0 	 0 	 -1
		-0.999 	 -0.0436 	 0
		-0.0436 	 0.999 	 0
		-0.1518 	 -0.3633 	 0.0079
	}
}
