;Exported by:	 tolokolnikova
;Date:			 11.06.2018 12:51:41
;File:			 D:\gem2\gem2-mdl-soldiers\models\building\house_uk\house_uk_001_x.max
{skeleton
	{bone "hs_ua_piece_01_x_point"
		{orientation
			1 	 0 	 0
			0 	 -1 	 0
			0 	 0 	 1
		}
		{bone revolute "attach1"
			{matrix34
				-1 	 0 	 0
				0 	 -1 	 0
				0 	 0 	 1
				-2.3728 	 0.3079 	 -53.1408
			}
		}
		{bone "fort_wall"
			{matrix34
				-1 	 0 	 0
				0 	 -1 	 0
				0 	 0 	 1
				-12.4049 	 -31.6219 	 -47.5131
			}
		}
		{bone "piece03"
			{matrix34
				0.8199 	 -0.4407 	 -0.3655
				-0.0709 	 0.5554 	 -0.8285
				0.5681 	 0.7052 	 0.4241
				-3.826 	 21.6392 	 49.7078
			}
			{poly "piece03"}
		}
		{bone "piece02"
			{matrix34
				0.8987 	 -0.3249 	 -0.2947
				0.0436 	 0.7346 	 -0.6771
				0.4365 	 0.5956 	 0.6743
				-39.1295 	 -23.9254 	 4.6709
			}
			{poly "piece02"}
		}
		{bone "piece04"
			{matrix34
				-0.8572 	 0.5138 	 -0.0359
				-0.4059 	 -0.6309 	 0.6613
				0.3171 	 0.5814 	 0.7493
				-23.0149 	 -2.8342 	 13.1848
			}
			{poly "piece04"}
		}
		{bone "piece07"
			{Position -13.685 	 -23.4207 	 -10.834}
			{poly "piece07"}
		}
		{bone "piece05"
			{matrix34
				1 	 0 	 0
				0 	 -0.766 	 0.6428
				0 	 0.6428 	 0.766
				5.5645 	 10.1383 	 27.5627
			}
			{poly "piece05"}
		}
		{bone "hs_ua_01"
			{Position 23.0297 	 -22.728 	 -35.2264}
			{poly "hs_ua_01"}
		}
		{bone "piece13"
			{matrix34
				-0.1254 	 0.8747 	 0.4682
				0.2264 	 0.4847 	 -0.8449
				0.9659 	 0 	 0.2588
				-20.962 	 13.229 	 -30.4886
			}
			{poly "piece13"}
		}
		{bone "piece14"
			{matrix34
				-0.1155 	 0.8949 	 0.431
				0.2316 	 0.4462 	 -0.8644
				0.9659 	 0 	 0.2588
				-17.5257 	 19.0723 	 -46.7466
			}
			{poly "piece14"}
		}
		{bone "piece06"
			{matrix34
				1 	 0 	 0
				0 	 -0.766 	 0.6428
				0 	 0.6428 	 0.766
				34.8721 	 -1.0996 	 14.1698
			}
			{poly "piece06"}
		}
		{bone "piece08"
			{Position -35.3179 	 36.3284 	 -22.0732}
			{poly "piece08"}
		}
		{bone "piece10"
			{Position 22.8533 	 -23.4207 	 -10.834}
			{poly "piece10"}
		}
		{bone "piece11"
			{matrix34
				-0.8572 	 0.5138 	 -0.0359
				-0.4059 	 -0.6309 	 0.6613
				0.3171 	 0.5814 	 0.7493
				-3.8192 	 24.5705 	 43.7445
			}
			{poly "piece11"}
		}
		{bone "piece12"
			{matrix34
				-0.342 	 0.9397 	 0
				-0.9397 	 -0.342 	 0
				0 	 0 	 1
				23.318 	 -22.7104 	 -19.5169
			}
			{poly "piece12"}
		}
		{bone "piece01"
			{matrix34
				0.8987 	 -0.3249 	 -0.2947
				0.0436 	 0.7346 	 -0.6771
				0.4365 	 0.5956 	 0.6743
				-17.799 	 5.1835 	 36.5817
			}
			{poly "piece01"}
		}
		{bone "piece09"
			{matrix34
				-0.342 	 0.9397 	 0
				-0.9397 	 -0.342 	 0
				0 	 0 	 1
				-34.4193 	 -25.2197 	 -19.5169
			}
			{poly "piece09"}
		}
		{bone "debris_land_001"
			{parameters "commonmesh;land;ground;"}
			{matrix34
				0 	 1 	 0
				-1 	 0 	 0
				0 	 0 	 1
				-4.3968 	 -35.5723 	 -53.1283
			}
			{poly "debris_land_001" {ground}}
		}
		{bone "stones_001"
			{parameters "commonmesh;land;ground;"}
			{matrix34
				0 	 1 	 0
				-1 	 0 	 0
				0 	 0 	 1
				-4.3967 	 -35.5723 	 -53.1283
			}
			{poly "stones_001" {ground}}
		}
	}
}
{volume "piece01"
	{cylinder 1.45835 24.159}
	{bone "piece01"}
	{Position -0.154 	 -0.2146 	 -0.2736}
}
{volume "piece02"
	{cylinder 1.45835 33.5541}
	{bone "piece02"}
	{Position 0.1535 	 0.4918 	 -0.1941}
}
{volume "piece03"
	{cylinder 1.45835 23.3859}
	{bone "piece03"}
	{matrix34
		-0.858 	 0.5137 	 0.0004
		-0.5124 	 -0.8558 	 -0.0703
		-0.0358 	 -0.0605 	 0.9975
		-0.2168 	 0.0035 	 -3.3384
	}
}
{volume "piece04"
	{cylinder 1.45835 40.265}
	{bone "piece04"}
	{matrix34
		0.9983 	 -0.058 	 -0.0085
		0.0584 	 0.9953 	 0.077
		0.004 	 -0.0773 	 0.997
		0.0808 	 0.222 	 -0.4296
	}
}
{volume "piece05"
	{cylinder 1.69575 52.4284}
	{bone "piece05"}
	{matrix34
		1 	 0 	 0
		0 	 1 	 0
		0 	 0 	 -1
		0.1629 	 0 	 1.3088
	}
}
{volume "piece06"
	{cylinder 1.69575 52.4284}
	{bone "piece06"}
	{matrix34
		1 	 0 	 0
		0 	 1 	 0
		0 	 0 	 -1
		0 	 0 	 0.8778
	}
}
{volume "piece07"
	{box 33.515 6.69411 1.86524}
	{bone "piece07"}
	{Position 0.5683 	 0 	 0.1124}
}
{volume "piece08"
	{cylinder 2.77992 22.5815}
	{bone "piece08"}
	{Position -0.0927 	 -0.0449 	 0.4654}
}
{volume "piece09"
	{cylinder 2.77992 15.1198}
	{bone "piece09"}
	{matrix34
		-0.342 	 -0.9397 	 0
		0.9397 	 -0.342 	 0
		0 	 0 	 1
		-0.2523 	 -0.1553 	 1.0509
	}
}
{volume "piece10"
	{box 28.1639 6.62783 1.86524}
	{bone "piece10"}
	{Position 0 	 0 	 0.1124}
}
{volume "piece11"
	{cylinder 1.45835 23.3859}
	{bone "piece11"}
	{matrix34
		0.9385 	 -0.2603 	 0.2268
		0.2147 	 0.9545 	 0.2072
		-0.2704 	 -0.1458 	 0.9516
		0.1749 	 0.0943 	 -0.6156
	}
}
{volume "piece12"
	{cylinder 2.77992 15.1198}
	{bone "piece12"}
	{matrix34
		-0.342 	 -0.9397 	 0
		0.9397 	 -0.342 	 0
		0 	 0 	 1
		-0.2523 	 -0.1553 	 1.0509
	}
}
{volume "piece13"
	{box 24.5487 1.35512 13.4738}
	{bone "piece13"}
	{matrix34
		-0.9995 	 -0.0321 	 0
		0 	 0 	 1
		0.0321 	 -0.9995 	 0
		0.8488 	 -0.5484 	 0.3411
	}
}
{volume "piece14"
	{box 24.5487 1.35512 10.3749}
	{bone "piece14"}
	{matrix34
		-0.9995 	 -0.0321 	 0
		0 	 0 	 1
		0.0321 	 -0.9995 	 0
		-0.509 	 1.8065 	 0.0018
	}
}
{volume "target_vol_01"
	{box 9.84252 9.84252 15.6501}
	{bone "hs_ua_piece_01_x_point"}
	{matrix34
		-1 	 0 	 0
		0 	 -1 	 0
		0 	 0 	 1
		-2.3728 	 0.3079 	 -34.9409
	}
}
{volume "vol_01"
	{polyhedron}
	{bone "hs_ua_01"}
	{matrix34
		0 	 1 	 0
		-1 	 0 	 0
		0 	 0 	 1
		-52.8363 	 27.0515 	 -24.0263
	}
}
{volume "vol_02"
	{box 5.90551 5.90551 19.5233}
	{bone "hs_ua_01"}
	{matrix34
		0 	 1 	 0
		-1 	 0 	 0
		0 	 0 	 1
		-58.3115 	 58.2457 	 -14.2646
	}
}
{volume "vol_03"
	{box 5.90551 5.90551 25.3803}
	{bone "hs_ua_01"}
	{matrix34
		0 	 1 	 0
		-1 	 0 	 0
		0 	 0 	 1
		-58.3115 	 -2.5648 	 -11.3361
	}
}
{volume "vol_04"
	{box 5.90551 5.90551 29.1873}
	{bone "hs_ua_01"}
	{matrix34
		0 	 1 	 0
		-1 	 0 	 0
		0 	 0 	 1
		0.2047 	 -0.1077 	 -9.4326
	}
}
