;Exported by	: KobaA
;Date			: 18.01.2024 15:43:06
;File			: d:\git\gem2-mdl-soldiers\models\building\house_d\d_002_cut_fort.max
{skeleton
	{bone "d002_piece01"
		{orientation
			1 	 0 	 0
			0 	 -1 	 0
			0 	 0 	 1
		}
		{poly "d002_piece01"}
		{bone revolute "attach1"
			{matrix34
				0 	 1 	 0
				-1 	 0 	 0
				0 	 0 	 1
				3.8195 	 68.5634 	 -42.543
			}
		}
		{bone "fort_wall"
			{Position 6.7458 	 90.8213 	 -36.9152}
		}
	}
}
{"volumes"
	{"body01"
		{box 5.90551 5.91142 15.2391}
		{bone "d002_piece01"}
		{Position 27.6469 	 71.2443 	 20.7144}
	}
	{"body02"
		{box 5.90551 10.8268 90.7651}
		{bone "d002_piece01"}
		{Position 27.6469 	 79.6083 	 -7.9951}
	}
	{"body03"
		{box 5.90551 8.95669 56.4412}
		{bone "d002_piece01"}
		{Position 27.6469 	 69.9213 	 -25.1571}
	}
	{"body04"
		{box 5.90551 60.4463 90.7651}
		{bone "d002_piece01"}
		{matrix34
			0 	 1 	 0
			-1 	 0 	 0
			0 	 0 	 1
			0.1911 	 82.1438 	 -7.9951
		}
	}
	{"body05"
		{box 4.06813 4.19383 46.6123}
		{bone "d002_piece01"}
		{Position -20.9852 	 0.7254 	 -19.2243}
	}
	{"roof1"
		{box 50.5975 0.974409 19.4963}
		{bone "d002_piece01"}
		{matrix34
			-1 	 0 	 0
			0 	 0.3256 	 0.9455
			0 	 0.9455 	 -0.3256
			0.2629 	 67.647 	 42.6537
		}
	}
	{"roof2"
		{box 36.0565 0.974409 19.9164}
		{bone "d002_piece01"}
		{matrix34
			-1 	 0 	 0
			0 	 0.3256 	 0.9455
			0 	 0.9455 	 -0.3256
			-7.7943 	 49.1486 	 48.5779
		}
	}
	{"roof3"
		{box 50.5975 0.974409 12.6726}
		{bone "d002_piece01"}
		{matrix34
			-1 	 0 	 0
			0 	 0.3256 	 0.9455
			0 	 0.9455 	 -0.3256
			9.8963 	 82.6092 	 37.5018
		}
	}
}
