;Exported by	: KobaA
;Date			: 15.01.2024 15:26:35
;File			: d:\git\gem2-mdl-soldiers\models\building\house_60\house_60_fort_x.max
{skeleton
	{bone "house_60_piece_001_point"
		{orientation
			1 	 0 	 0
			0 	 -1 	 0
			0 	 0 	 1
		}
		{bone "piece06"
			{matrix34
				0 	 1 	 0
				-0.9659 	 0 	 0.2588
				0.2588 	 0 	 0.9659
				21.2289 	 -33.3935 	 17.9397
			}
			{poly "piece06"}
		}
		{bone "sub_piece07"
			{Position 27.1055 	 -36.2309 	 3.7943}
			{poly "sub_piece07"}
		}
		{bone "piece01"
			{Position -25.9205 	 -20.3039 	 -2.6143}
			{poly "piece01"}
		}
		{bone "piece03"
			{matrix34
				0.6428 	 0 	 -0.766
				0 	 1 	 0
				0.766 	 0 	 0.6428
				6.841 	 -20.2338 	 -2.6387
			}
			{poly "piece03"}
		}
		{bone "piece04"
			{Position -14.9779 	 -20.252 	 -21.2372}
			{poly "piece04"}
		}
		{bone "piece02"
			{Position -4.2651 	 -46.6987 	 12.34}
			{poly "piece02"}
		}
		{bone "sub_piece04"
			{Position -24.878 	 -20.2356 	 -29.5864}
			{poly "sub_piece04"}
		}
		{bone "sub_piece05"
			{Position -29.815 	 -20.2484 	 -17.2312}
			{poly "sub_piece05"}
		}
		{bone "sub_piece03"
			{Position -10.6411 	 -20.1999 	 -1.8447}
			{poly "sub_piece03"}
		}
		{bone "sub_piece01"
			{Position 29.1003 	 -20.1999 	 1.227}
			{poly "sub_piece01"}
		}
		{bone "sub_piece02"
			{Position 8.1766 	 -46.7365 	 27.2963}
			{poly "sub_piece02"}
		}
		{bone "sub_piece06"
			{Position -11.5166 	 -44.4568 	 -17.3216}
			{poly "sub_piece06"}
		}
		{bone "piece05"
			{matrix34
				-0.342 	 0 	 -0.9397
				0 	 1 	 0
				0.9397 	 0 	 -0.342
				18.6368 	 -46.6987 	 11.2608
			}
			{poly "piece05"}
		}
		{bone revolute "attach1"
			{matrix34
				0 	 -1 	 0
				1 	 0 	 0
				0 	 0 	 1
				-10.6647 	 -6.1811 	 -50.9178
			}
		}
		{bone "debris_land_001"
			{parameters "land;ground;"}
			{matrix34
				0 	 1 	 0
				-1 	 0 	 0
				0 	 0 	 1
				-2.6096 	 -32.3894 	 -46.9808
			}
			{poly "debris_land_001" {ground}}
		}
		{bone "fort_wall"
			{matrix34
				-1 	 0 	 0
				0 	 -1 	 0
				0 	 0 	 1
				-12.6415 	 -28.439 	 -43.0438
			}
		}
		{bone "stones_001"
			{parameters "land;ground;"}
			{matrix34
				0 	 1 	 0
				-1 	 0 	 0
				0 	 0 	 1
				-2.6096 	 -32.3761 	 -46.9808
			}
			{poly "stones_001" {ground}}
		}
		{bone "house_60_piece_001"
			{poly "house_60_piece_001"}
		}
	}
}
{"volumes"
	{"piece01"
		{box 12.1225 5.90551 16.8508}
		{bone "piece01"}
		{matrix34
			0.9063 	 0 	 -0.4226
			0 	 1 	 0
			0.4226 	 0 	 0.9063
			0.2538 	 0 	 -0.3233
		}
	}
	{"piece02"
		{box 7.13923 6.25984 7.55272}
		{bone "piece02"}
		{Position -0.0989 	 0 	 0.3906}
	}
	{"piece03"
		{box 18.0933 5.90551 11.0747}
		{bone "piece03"}
		{matrix34
			0.6428 	 0 	 0.766
			0 	 1 	 0
			-0.766 	 0 	 0.6428
			0.8248 	 0 	 0.1314
		}
	}
	{"piece04"
		{box 14.028 5.90551 7.55272}
		{bone "piece04"}
		{matrix34
			0.9397 	 0 	 0.342
			0 	 1 	 0
			-0.342 	 0 	 0.9397
			0.1531 	 0 	 -0.4616
		}
	}
	{"piece05"
		{box 7.13923 6.25984 7.55272}
		{bone "piece05"}
		{Position 0.1903 	 0 	 0.3906}
	}
	{"piece06"
		{box 1.97482 25.523 36.8797}
		{bone "piece06"}
		{matrix34
			0 	 -0.6428 	 0.766
			1 	 0 	 0
			0 	 0.766 	 0.6428
			1.7999 	 -0.0331 	 -0.0278
		}
	}
	{"sub_piece01"
		{box 6.09795 5.90551 5.57399}
		{bone "sub_piece01"}
		{matrix34
			0.8192 	 0 	 0.5736
			0 	 1 	 0
			-0.5736 	 0 	 0.8192
			-0.2592 	 0 	 0.7168
		}
	}
	{"sub_piece02"
		{box 4.17419 5.90551 6.1151}
		{bone "sub_piece02"}
		{matrix34
			0.4226 	 0 	 -0.9063
			0 	 1 	 0
			0.9063 	 0 	 0.4226
			0.1751 	 0 	 -0.3689
		}
	}
	{"sub_piece03"
		{box 9.45182 5.90551 7.19045}
		{bone "sub_piece03"}
		{matrix34
			0.8192 	 0 	 0.5736
			0 	 1 	 0
			-0.5736 	 0 	 0.8192
			0.3424 	 0 	 0.5904
		}
	}
	{"sub_piece04"
		{box 3.62973 5.90551 3.25965}
		{bone "sub_piece04"}
		{Position 0.3282 	 0 	 0.0751}
	}
	{"sub_piece05"
		{box 7.09613 5.90551 8.56113}
		{bone "sub_piece05"}
		{matrix34
			0.4226 	 0 	 -0.9063
			0 	 1 	 0
			0.9063 	 0 	 0.4226
			0.5588 	 0 	 0.1905
		}
	}
	{"sub_piece06"
		{box 2.95276 2.95276 40.5259}
		{bone "sub_piece06"}
		{Position 0 	 0 	 0.4338}
	}
	{"sub_piece07"
		{box 2.95276 23.237 2.95276}
		{bone "sub_piece07"}
		{Position 0 	 0 	 -0.1367}
	}
	{"target_vol_1"
		{box 9.84252 11.811 15.6501}
		{bone "house_60_piece_001_point"}
		{matrix34
			0 	 -1 	 0
			1 	 0 	 0
			0 	 0 	 1
			-10.6647 	 -20.3448 	 -27.1275
		}
	}
	{"vol_01"
		{box 22.7665 5.86712 14.0826}
		{bone "house_60_piece_001"}
		{Position -12.7819 	 -20.3882 	 -43.8765}
	}
}
