;Exported by:	 Oleksandr Tsaprylov
;Date:			 17.11.2022 21:15:38
;File:			 E:\projects\gem2-mdl-soldiers\models\entourage\barrack\barrack_final.max
{skeleton
	{bone "barrack_3_r_piece_x"
		{orientation
			1 	 0 	 0
			0 	 -1 	 0
			0 	 0 	 1
		}
		{bone "body"
			{poly "body"}
		}
		{bone "piece01"
			{matrix34
				-1 	 0 	 0
				0 	 -0.5736 	 0.8192
				0 	 0.8192 	 0.5736
				2.4855 	 39.2691 	 27.2696
			}
			{poly "piece01"}
		}
		{bone "piece02"
			{matrix34
				-1 	 0 	 0
				0 	 -1 	 0
				0 	 0 	 1
				9.433 	 19.1662 	 61.1839
			}
			{poly "piece02"}
		}
		{bone "piece03"
			{matrix34
				-1 	 0 	 0
				0 	 -0.5736 	 -0.8192
				0 	 -0.8192 	 0.5736
				10.2567 	 -19.7862 	 79.3499
			}
			{poly "piece03"}
		}
		{bone "piece04"
			{matrix34
				1 	 0 	 0
				0 	 0.224 	 -0.9746
				0 	 0.9746 	 0.224
				-13.7117 	 27.0997 	 57.0444
			}
			{poly "piece04"}
		}
		{bone "piece05"
			{matrix34
				-1 	 0 	 0
				0 	 -0.866 	 0.5
				0 	 0.5 	 0.866
				29.6171 	 15.601 	 62.2582
			}
			{poly "piece05"}
		}
		{bone "piece06"
			{matrix34
				-1 	 0 	 0
				0 	 -0.9063 	 0.4226
				0 	 0.4226 	 0.9063
				-28.3767 	 13.8111 	 57.9421
			}
			{poly "piece06"}
		}
		{bone "piece07"
			{matrix34
				1 	 0 	 0
				0 	 0.867 	 0.4983
				0 	 -0.4983 	 0.867
				18.4837 	 -120.764 	 28.099
			}
			{poly "piece07"}
		}
		{bone "ground1"
			{parameters "land;ground;"}
			{Position 132.549 	 57.9529 	 0}
			{visibility 0}
			{poly "ground1" {ground}}
		}
	}
}
{volume "piece01"
	{box 1.86427 48.7058 22.2241}
	{bone "piece01"}
	{matrix34
		0 	 0.2107 	 -0.9776
		-1 	 0 	 0
		0 	 0.9776 	 0.2107
		0 	 -0.3872 	 0.8988
	}
}
{volume "piece02"
	{box 2.38295 27.5493 38.9684}
	{bone "piece02"}
	{matrix34
		0 	 0.7157 	 -0.6984
		-1 	 0 	 0
		0 	 0.6984 	 0.7157
		0 	 -3.3042 	 -1.1054
	}
}
{volume "piece03"
	{box 1.6063 27.5493 28.4441}
	{bone "piece03"}
	{matrix34
		0 	 0.9436 	 -0.331
		-1 	 0 	 0
		0 	 0.331 	 0.9436
		0 	 -1.129 	 0.2945
	}
}
{volume "piece04"
	{box 1.57989 17.2569 28.0572}
	{bone "piece04"}
	{matrix34
		0 	 0.502 	 -0.8649
		-1 	 0 	 0
		0 	 0.8649 	 0.502
		-1.3999 	 -0.1985 	 0.2871
	}
}
{volume "piece05_1"
	{box 3.60628 2.9846 24.9202}
	{bone "piece05"}
	{matrix34
		1 	 0 	 0
		0 	 0.2868 	 -0.958
		0 	 0.958 	 0.2868
		0 	 -11.9093 	 -0.6222
	}
}
{volume "piece05_2"
	{box 3.60628 2.9846 24.1075}
	{bone "piece05"}
	{matrix34
		1 	 0 	 0
		0 	 0.0711 	 -0.9975
		0 	 0.9975 	 0.0711
		0 	 11.4906 	 3.6412
	}
}
{volume "piece06_1"
	{box 3.60628 2.9846 24.9202}
	{bone "piece06"}
	{matrix34
		1 	 0 	 0
		0 	 0.2282 	 -0.9736
		0 	 0.9736 	 0.2282
		0.0566 	 2.9817 	 9.1807
	}
}
{volume "piece06_2"
	{box 3.60628 2.9846 24.1075}
	{bone "piece06"}
	{matrix34
		1 	 0 	 0
		0 	 -0.0496 	 -0.9988
		0 	 0.9988 	 -0.0496
		0.0566 	 26.664 	 11.4883
	}
}
{volume "piece06_3"
	{box 3.60628 2.9846 20.1853}
	{bone "piece06"}
	{matrix34
		1 	 0 	 0
		0 	 0.4519 	 -0.8921
		0 	 0.8921 	 0.4519
		0.0566 	 -16.9824 	 2.15
	}
}
{volume "piece06_4"
	{box 3.60628 2.9846 17.3594}
	{bone "piece06"}
	{matrix34
		1 	 0 	 0
		0 	 0.6159 	 -0.7878
		0 	 0.7878 	 0.6159
		0.0566 	 -32.1301 	 -7.2862
	}
}
{volume "piece07"
	{box 17.2847 1.35164 29.3698}
	{bone "piece07"}
	{matrix34
		1 	 0 	 0
		0 	 0.606 	 -0.7954
		0 	 0.7954 	 0.606
		-1.9539 	 -1.3719 	 0.5417
	}
}
