;Exported by	: KobaA
;Date			: 11.03.2024 12:35:16
;File			: d:\git\gem2-mdl-soldiers\models\building\ger_build_01\ger_build_02_cut_details.max
{skeleton
	{bone "ger02_piece03"
		{orientation
			1 	 0 	 0
			0 	 -1 	 0
			0 	 0 	 1
		}
		{poly "ger02_piece03"}
		{bone "window1"
			{matrix34
				0.9397 	 -0.342 	 0
				0.342 	 0.9397 	 0
				0 	 0 	 1
				21.0936 	 19.4903 	 4.2586
			}
			{poly "window1"}
		}
		{bone "window1_x"
			{matrix34
				0.9397 	 -0.342 	 0
				0.342 	 0.9397 	 0
				0 	 0 	 1
				21.0936 	 19.4903 	 4.2586
			}
			{poly "window1_x"}
		}
		{bone "fix025"
			{Position 22.9046 	 2.9588 	 -33.0607}
		}
		{bone "fix032"
			{Position -43.1269 	 -17.6951 	 -8.8695}
		}
		{bone "fix033"
			{Position 22.9046 	 43.6205 	 -6.857}
		}
	}
}
{"volumes"
	{"body01"
		{polyhedron}
		{bone "ger02_piece03"}
		{Position 20.8042 	 0.0237 	 -19.8909}
	}
	{"body02"
		{polyhedron}
		{bone "ger02_piece03"}
		{matrix34
			1 	 0 	 0
			0 	 0.7716 	 -0.6361
			0 	 0.6361 	 0.7716
			1.8594 	 -34.2501 	 -28.4203
		}
	}
	{"body03"
		{box 46.3666 62.3513 1.81606}
		{bone "ger02_piece03"}
		{Position -4.9831 	 1.1343 	 -24.0005}
	}
	{"body04"
		{box 46.1328 8.17078 16.7772}
		{bone "ger02_piece03"}
		{Position 3.0973 	 -26.7476 	 -33.954}
	}
	{"body05"
		{polyhedron}
		{bone "ger02_piece03"}
		{matrix34
			0.766 	 0 	 0.6428
			0 	 1 	 0
			-0.6428 	 0 	 0.766
			28.921 	 28.7581 	 17.5769
		}
	}
	{"window1"
		{box 9.06879 1.34567 24.8531}
		{bone "window1"}
		{matrix34
			1 	 0 	 0
			0 	 1 	 0
			0 	 0 	 1
			-4.4216 	 0.0022 	 0
		}
	}
}
