;Exported by:	 vic
;Date:			 12.08.2016 18:19:31
;File:			 E:\Git\gem2-mdl-soldiers\models\entourage\metall_cistern2.max
{skeleton
	{bone "water_cistern_002_g2"
		{orientation
			1 	 0 	 0
			0 	 -1 	 0
			0 	 0 	 1
		}
		{poly "water_cistern_002_g2"}
	}
}
{volume "body1"
	{cylinder 11.5929 42.3655}
	{bone "water_cistern_002_g2"}
	{matrix34
		0 	 0 	 -1
		0 	 1 	 0
		1 	 0 	 0
		1.8426 	 -0.0095 	 36.4876
	}
}
{volume "body2"
	{box 1.9685 2.95276 19.6949}
	{bone "water_cistern_002_g2"}
	{matrix34
		1 	 0 	 0
		0 	 0 	 1
		0 	 -1 	 0
		-13.9084 	 0.0887 	 23.3226
	}
}
{volume "body3"
	{box 1.9685 2.95276 19.6949}
	{bone "water_cistern_002_g2"}
	{matrix34
		1 	 0 	 0
		0 	 0.9848 	 0.1736
		0 	 -0.1736 	 0.9848
		-13.9084 	 9.0953 	 12.3066
	}
}
{volume "body4"
	{box 1.9685 2.95276 19.6949}
	{bone "water_cistern_002_g2"}
	{matrix34
		1 	 0 	 0
		0 	 0.9848 	 -0.1736
		0 	 0.1736 	 0.9848
		-13.9084 	 -8.9935 	 12.3066
	}
}
{volume "body5"
	{box 1.9685 2.95276 28.9515}
	{bone "water_cistern_002_g2"}
	{matrix34
		1 	 0 	 0
		0 	 0 	 1
		0 	 -1 	 0
		-13.9084 	 0.0356 	 1.6063
	}
}
{volume "body6"
	{box 1.9685 2.95276 19.6949}
	{bone "water_cistern_002_g2"}
	{matrix34
		1 	 0 	 0
		0 	 0 	 1
		0 	 -1 	 0
		17.5703 	 0.0887 	 23.3226
	}
}
{volume "body7"
	{box 1.9685 2.95276 19.6949}
	{bone "water_cistern_002_g2"}
	{matrix34
		1 	 0 	 0
		0 	 0.9848 	 0.1736
		0 	 -0.1736 	 0.9848
		17.5703 	 9.0953 	 12.3066
	}
}
{volume "body8"
	{box 1.9685 2.95276 19.6949}
	{bone "water_cistern_002_g2"}
	{matrix34
		1 	 0 	 0
		0 	 0.9848 	 -0.1736
		0 	 0.1736 	 0.9848
		17.5703 	 -8.9935 	 12.3066
	}
}
{volume "body9"
	{box 1.9685 2.95276 28.857}
	{bone "water_cistern_002_g2"}
	{matrix34
		1 	 0 	 0
		0 	 0 	 1
		0 	 -1 	 0
		17.5703 	 0.0828 	 1.6063
	}
}
