;Exported by:	 vic
;Date:			 29.11.2016 10:39:32
;File:			 D:\-Project_vtv_online-\-3DWork-\building\house_vtv_221\house_001_g2_x2.max
{skeleton
	{bone "house_001_g2_piece_015_x"
		{parameters "lastpose=undefined;"}
		{orientation
			1 	 0 	 0
			0 	 -1 	 0
			0 	 0 	 1
		}
		{bone "sub_piece11"
			{parameters "lastpose=undefined;"}
			{matrix34
				0 	 -1 	 0
				0 	 0 	 1
				-1 	 0 	 0
				-29.9131 	 -31.2846 	 -3.2022
			}
			{poly "sub_piece11"}
		}
		{bone "sub_piece10"
			{parameters "lastpose=undefined;"}
			{matrix34
				0 	 -1 	 0
				0 	 0 	 1
				-1 	 0 	 0
				-29.9131 	 -31.1956 	 -23.1756
			}
			{poly "sub_piece10"}
		}
		{bone "sub_piece09"
			{parameters "lastpose=undefined;"}
			{matrix34
				0 	 0.6756 	 0.7373
				0 	 0.7373 	 -0.6756
				-1 	 0 	 0
				-29.9131 	 10.8077 	 -2.4168
			}
			{poly "sub_piece09"}
		}
		{bone "sub_piece08"
			{parameters "lastpose=undefined;"}
			{matrix34
				0 	 -0.3007 	 0.9537
				0 	 0.9537 	 0.3007
				-1 	 0 	 0
				-29.9131 	 22.8639 	 -2.4931
			}
			{poly "sub_piece08"}
		}
		{bone "sub_piece07"
			{parameters "lastpose=undefined;"}
			{matrix34
				0 	 -1 	 0
				0 	 0 	 1
				-1 	 0 	 0
				-29.9131 	 19.4603 	 -25.3419
			}
			{poly "sub_piece07"}
		}
		{bone "sub_piece06"
			{parameters "lastpose=undefined;"}
			{matrix34
				1 	 0 	 0
				0 	 0 	 1
				0 	 -1 	 0
				-22.3283 	 -33.6802 	 -23.8992
			}
			{poly "sub_piece06"}
		}
		{bone "sub_piece05"
			{parameters "lastpose=undefined;"}
			{matrix34
				0 	 -1 	 0
				0 	 0 	 1
				-1 	 0 	 0
				-29.9131 	 -22.8561 	 -28.4296
			}
			{poly "sub_piece05"}
		}
		{bone "sub_piece04"
			{parameters "lastpose=undefined;"}
			{matrix34
				0 	 -1 	 0
				0 	 0 	 1
				-1 	 0 	 0
				-29.9131 	 -22.5443 	 -0.8933
			}
			{poly "sub_piece04"}
		}
		{bone "sub_piece03"
			{parameters "lastpose=undefined;"}
			{matrix34
				0 	 -1 	 0
				0 	 0 	 1
				-1 	 0 	 0
				-29.9131 	 -14.9168 	 -3.4608
			}
			{poly "sub_piece03"}
		}
		{bone "sub_piece02"
			{parameters "lastpose=undefined;"}
			{matrix34
				0 	 -0.2588 	 -0.9659
				0 	 -0.9659 	 0.2588
				-1 	 0 	 0
				-29.9131 	 -4.2354 	 -2.3443
			}
			{poly "sub_piece02"}
		}
		{bone "sub_piece01"
			{parameters "lastpose=undefined;"}
			{matrix34
				1 	 0 	 0
				0 	 0 	 1
				0 	 -1 	 0
				-15.6675 	 -33.5716 	 12.9032
			}
			{poly "sub_piece01"}
		}
		{bone "piece09"
			{parameters "lastpose=undefined;"}
			{matrix34
				0 	 -1 	 0
				0 	 0 	 1
				-1 	 0 	 0
				-29.9131 	 3.7063 	 -30.3804
			}
			{poly "piece09"}
		}
		{bone "piece10"
			{parameters "lastpose=undefined;"}
			{matrix34
				0 	 -1 	 0
				0 	 0 	 1
				-1 	 0 	 0
				-29.9131 	 15.1748 	 -14.1528
			}
			{poly "piece10"}
		}
		{bone "piece11"
			{parameters "lastpose=undefined;"}
			{matrix34
				0 	 -1 	 0
				0 	 0 	 1
				-1 	 0 	 0
				-29.9131 	 -24.8175 	 -14.065
			}
			{poly "piece11"}
		}
		{bone "piece12"
			{parameters "lastpose=undefined;"}
			{matrix34
				0 	 -1 	 0
				0 	 0 	 1
				-1 	 0 	 0
				-29.9131 	 5.7273 	 -7.9508
			}
			{poly "piece12"}
		}
		{bone "piece13"
			{parameters "lastpose=undefined;"}
			{matrix34
				1 	 0 	 0
				0 	 0 	 1
				0 	 -1 	 0
				-6.5083 	 -33.6025 	 19.2059
			}
			{poly "piece13"}
		}
		{bone "sub_piece00"
			{parameters "lastpose=undefined;"}
			{matrix34
				0 	 -1 	 0
				0 	 0 	 1
				-1 	 0 	 0
				-29.9131 	 2.3139 	 -19.8577
			}
			{poly "sub_piece00"}
		}
		{bone "piece03"
			{parameters "lastpose=undefined;"}
			{matrix34
				1 	 0 	 0
				0 	 0 	 1
				0 	 -1 	 0
				-11.2413 	 -33.6239 	 -13.1552
			}
			{poly "piece03"}
		}
		{bone "piece02"
			{parameters "lastpose=undefined;"}
			{matrix34
				1 	 0 	 0
				0 	 0 	 1
				0 	 -1 	 0
				2.1077 	 -33.6239 	 -31.0563
			}
			{poly "piece02"}
		}
		{bone "sub_piece12"
			{parameters "lastpose=undefined;"}
			{matrix34
				0.6428 	 0 	 0.766
				-0.766 	 0 	 0.6428
				0 	 -1 	 0
				2.8984 	 -33.6239 	 -18.6471
			}
			{poly "sub_piece12"}
		}
		{bone "sub_piece13"
			{parameters "lastpose=undefined;"}
			{matrix34
				1 	 0 	 0
				0 	 0 	 1
				0 	 -1 	 0
				-10.9493 	 -33.6239 	 -26.422
			}
			{poly "sub_piece13"}
		}
		{bone "sub_piece14"
			{parameters "lastpose=undefined;"}
			{matrix34
				0.3007 	 0 	 0.9537
				-0.9537 	 0 	 0.3007
				0 	 -1 	 0
				-14.3509 	 -33.6239 	 -1.6094
			}
			{poly "sub_piece14"}
		}
		{bone "sub_piece15"
			{parameters "lastpose=undefined;"}
			{matrix34
				-0.6756 	 0 	 0.7373
				-0.7373 	 0 	 -0.6756
				0 	 -1 	 0
				-23.1984 	 -33.6239 	 -7.8116
			}
			{poly "sub_piece15"}
		}
		{bone "sub_piece16"
			{parameters "lastpose=undefined;"}
			{matrix34
				1 	 0 	 0
				0 	 0 	 1
				0 	 -1 	 0
				4.9472 	 -33.6239 	 13.6278
			}
			{poly "sub_piece16"}
		}
		{bone "sub_piece17"
			{parameters "lastpose=undefined;"}
			{matrix34
				1 	 0 	 0
				0 	 0 	 1
				0 	 -1 	 0
				20.9335 	 -33.6239 	 -5.6516
			}
			{poly "sub_piece17"}
		}
		{bone "piece14"
			{parameters "lastpose=undefined;"}
			{matrix34
				1 	 0 	 0
				0 	 0 	 1
				0 	 -1 	 0
				17.4656 	 -33.6239 	 8.6336
			}
			{poly "piece14"}
		}
		{bone "piece01"
			{parameters "lastpose=undefined;"}
			{matrix34
				0.4226 	 0 	 -0.9063
				0.9063 	 0 	 0.4226
				0 	 -1 	 0
				15.9675 	 -33.6239 	 -18.241
			}
			{poly "piece01"}
		}
		{bone "piece00"
			{parameters "lastpose=undefined;"}
			{matrix34
				1 	 0 	 0
				0 	 0 	 1
				0 	 -1 	 0
				-2.204 	 -33.6239 	 -6.3795
			}
			{poly "piece00"}
		}
		{bone "piece15"
			{parameters "lastpose=undefined;"}
			{matrix34
				1 	 0 	 0
				0 	 0 	 1
				0 	 -1 	 0
				-22.6174 	 -33.6239 	 6.036
			}
			{poly "piece15"}
		}
		{bone "piece04"
			{parameters "lastpose=undefined;"}
			{Position -1.7818 	 10.6157 	 0.772}
			{poly "piece04"}
		}
		{bone "piece05"
			{parameters "lastpose=undefined;"}
			{Position 6.6297 	 -9.6278 	 0.772}
			{poly "piece05"}
		}
		{bone "piece06"
			{parameters "lastpose=undefined;"}
			{Position -10.1544 	 -29.3432 	 0.772}
			{poly "piece06"}
		}
		{bone "piece07"
			{parameters "lastpose=undefined;"}
			{matrix34
				0.7071 	 0 	 -0.7071
				0 	 1 	 0
				0.7071 	 0 	 0.7071
				-4.4984 	 -29.7662 	 30.4748
			}
			{poly "piece07"}
		}
		{bone "piece08"
			{parameters "lastpose=undefined;"}
			{matrix34
				0.7071 	 0 	 -0.7071
				0 	 1 	 0
				0.7071 	 0 	 0.7071
				-9.9256 	 10.5051 	 25.0476
			}
			{poly "piece08"}
		}
	}
}
{volume "piece041_volume007"
	{box 5.90551 11.2134 8.49687}
	{bone "piece13"}
	{matrix34
		0 	 0 	 -1
		-0.9914 	 0.1305 	 0
		0.1305 	 0.9914 	 0
		0.1109 	 -0.2239 	 0.0079
	}
}
{volume "piece042_volume023"
	{box 5.90551 5.47672 7.78311}
	{bone "piece12"}
	{matrix34
		0 	 0 	 -1
		-0.766 	 0.6428 	 0
		0.6428 	 0.766 	 0
		-0.016 	 -0.0395 	 0.0079
	}
}
{volume "piece043_volume015"
	{box 5.90551 10.664 8.12962}
	{bone "piece11"}
	{matrix34
		0 	 0 	 -1
		-0.9239 	 -0.3827 	 0
		-0.3827 	 0.9239 	 0
		0.1279 	 0.0375 	 0.0078
	}
}
{volume "piece044_volume020"
	{box 5.90551 6.81481 9.49004}
	{bone "piece10"}
	{matrix34
		0 	 0 	 -1
		-0.9962 	 -0.0872 	 0
		-0.0872 	 0.9962 	 0
		-0.5865 	 -0.6934 	 0.0078
	}
}
{volume "piece045_volume017"
	{box 5.90551 9.44403 7.21503}
	{bone "piece09"}
	{matrix34
		0 	 0 	 -1
		-0.9962 	 0.0872 	 0
		0.0872 	 0.9962 	 0
		-0.0047 	 0.1603 	 0.0078
	}
}
{volume "piece046_volume009"
	{box 26.3467 1.9685 1.9685}
	{bone "piece08"}
	{matrix34
		0 	 0 	 1
		0 	 1 	 0
		-1 	 0 	 0
		0.0159 	 0.004 	 -0.6953
	}
}
{volume "piece047_volume009"
	{box 23.712 1.9685 1.9685}
	{bone "piece07"}
	{matrix34
		0 	 0 	 1
		0 	 1 	 0
		-1 	 0 	 0
		-0.0127 	 0.0315 	 -0.7756
	}
}
{volume "piece048_volume005"
	{box 31.8471 2.95276 2.95276}
	{bone "piece06"}
	{Position -0.8136 	 0 	 -0.0115}
}
{volume "piece049_volume006"
	{box 37.898 2.95276 2.95276}
	{bone "piece05"}
	{Position -0.7728 	 -0.0021 	 -0.0115}
}
{volume "piece050_volume007"
	{box 29.9394 2.95276 2.95276}
	{bone "piece04"}
	{Position -1.0401 	 -0.0039 	 -0.0115}
}
{volume "piece051_volume021"
	{box 5.90551 6.81481 9.49004}
	{bone "piece03"}
	{matrix34
		0 	 0 	 -1
		-0.9962 	 -0.0872 	 0
		-0.0872 	 0.9962 	 0
		-0.5865 	 -0.6934 	 0.0078
	}
}
{volume "piece052_volume018"
	{box 5.90551 9.44403 7.21503}
	{bone "piece02"}
	{matrix34
		0 	 0 	 -1
		-0.9962 	 0.0872 	 0
		0.0872 	 0.9962 	 0
		-0.0047 	 0.1603 	 0.0078
	}
}
{volume "piece053_volume016"
	{box 5.90551 10.664 8.12962}
	{bone "piece01"}
	{matrix34
		0 	 0 	 -1
		-0.9239 	 -0.3827 	 0
		-0.3827 	 0.9239 	 0
		0.1279 	 0.0376 	 0.0079
	}
}
{volume "piece054_volume024"
	{box 5.90551 5.47672 7.78311}
	{bone "piece00"}
	{matrix34
		0 	 0 	 -1
		-0.766 	 0.6428 	 0
		0.6428 	 0.766 	 0
		-0.016 	 -0.0395 	 0.0078
	}
}
{volume "sub_piece050_volume018"
	{box 5.90551 7.7441 5.26698}
	{bone "sub_piece00"}
	{matrix34
		0 	 0 	 -1
		-0.9239 	 0.3827 	 0
		0.3827 	 0.9239 	 0
		-0.3347 	 0.1909 	 0.0078
	}
}
{volume "sub_piece051_volume024"
	{box 5.90551 6.24346 4.5142}
	{bone "sub_piece01"}
	{matrix34
		0 	 0 	 -1
		-0.766 	 0.6428 	 0
		0.6428 	 0.766 	 0
		-1.0853 	 -0.2134 	 0.0078
	}
}
{volume "sub_piece052_volume009"
	{box 5.90551 5.15816 8.49687}
	{bone "sub_piece02"}
	{matrix34
		0 	 0 	 -1
		-0.9763 	 0.2164 	 0
		0.2164 	 0.9763 	 0
		-0.0201 	 0.1824 	 0.0079
	}
}
{volume "sub_piece053_volume010"
	{box 5.90551 6.18979 7.30731}
	{bone "sub_piece03"}
	{matrix34
		0 	 0 	 -1
		-0.9763 	 0.2164 	 0
		0.2164 	 0.9763 	 0
		0.1307 	 -0.2882 	 0.0079
	}
}
{volume "sub_piece054_volume006"
	{box 5.90551 3.83767 7.89189}
	{bone "sub_piece04"}
	{matrix34
		0 	 0 	 -1
		-0.999 	 -0.0436 	 0
		-0.0436 	 0.999 	 0
		0.3341 	 -0.0514 	 0.0079
	}
}
{volume "sub_piece055_volume014"
	{box 5.90551 5.4969 7.09019}
	{bone "sub_piece05"}
	{matrix34
		0 	 0 	 -1
		-0.6428 	 -0.766 	 0
		-0.766 	 0.6428 	 0
		-0.0464 	 -0.0583 	 0.0079
	}
}
{volume "sub_piece056_volume015"
	{box 5.90551 7.67807 5.77203}
	{bone "sub_piece06"}
	{matrix34
		0 	 0 	 -1
		-0.9962 	 0.0872 	 0
		0.0872 	 0.9962 	 0
		0.0465 	 -0.0391 	 0.0078
	}
}
{volume "sub_piece057_volume019"
	{box 5.90551 6.81481 6.63639}
	{bone "sub_piece07"}
	{matrix34
		0 	 0 	 -1
		-0.9239 	 0.3827 	 0
		0.3827 	 0.9239 	 0
		-0.1501 	 -0.4527 	 0.0078
	}
}
{volume "sub_piece058_volume021"
	{box 5.90551 5.2474 8.44613}
	{bone "sub_piece08"}
	{matrix34
		0 	 0 	 -1
		-0.887 	 0.4617 	 0
		0.4617 	 0.887 	 0
		0.1895 	 -0.0721 	 0.0078
	}
}
{volume "sub_piece059_volume022"
	{box 5.90551 3.72566 8.19275}
	{bone "sub_piece09"}
	{matrix34
		0 	 0 	 -1
		-1 	 0 	 0
		0 	 1 	 0
		-0.0099 	 0.0559 	 0.0078
	}
}
{volume "sub_piece060_volume013"
	{box 5.90551 7.74211 3.67368}
	{bone "sub_piece10"}
	{matrix34
		0 	 0 	 -1
		-0.866 	 -0.5 	 0
		-0.5 	 0.866 	 0
		-0.0596 	 0.1191 	 0.0079
	}
}
{volume "sub_piece061_volume012"
	{box 5.90551 5.91001 7.4973}
	{bone "sub_piece11"}
	{matrix34
		0 	 0 	 -1
		-0.999 	 -0.0436 	 0
		-0.0436 	 0.999 	 0
		-0.1518 	 -0.3633 	 0.0079
	}
}
{volume "sub_piece062_volume019"
	{box 5.90551 7.7441 5.26698}
	{bone "sub_piece12"}
	{matrix34
		0 	 0 	 -1
		-0.9239 	 0.3827 	 0
		0.3827 	 0.9239 	 0
		-0.3347 	 0.1909 	 0.0078
	}
}
{volume "sub_piece063_volume020"
	{box 5.90551 6.81481 6.63639}
	{bone "sub_piece13"}
	{matrix34
		0 	 0 	 -1
		-0.9239 	 0.3827 	 0
		0.3827 	 0.9239 	 0
		-0.1501 	 -0.4527 	 0.0078
	}
}
{volume "sub_piece064_volume022"
	{box 5.90551 5.2474 8.44613}
	{bone "sub_piece14"}
	{matrix34
		0 	 0 	 -1
		-0.887 	 0.4617 	 0
		0.4617 	 0.887 	 0
		0.1895 	 -0.0722 	 0.0078
	}
}
{volume "sub_piece065_volume023"
	{box 5.90551 3.72566 8.19275}
	{bone "sub_piece15"}
	{matrix34
		0 	 0 	 -1
		-1 	 0 	 0
		0 	 1 	 0
		-0.0099 	 0.0559 	 0.0078
	}
}
{volume "sub_piece066_volume007"
	{box 5.90551 3.83767 7.89189}
	{bone "sub_piece16"}
	{matrix34
		0 	 0 	 -1
		-0.999 	 -0.0436 	 0
		-0.0436 	 0.999 	 0
		0.3341 	 -0.0514 	 0.0079
	}
}
{volume "sub_piece067_volume011"
	{box 5.90551 6.18979 7.30731}
	{bone "sub_piece17"}
	{matrix34
		0 	 0 	 -1
		-0.9763 	 0.2164 	 0
		0.2164 	 0.9763 	 0
		0.1307 	 -0.2882 	 0.0079
	}
}
{volume "sub_piece070_volume013"
	{box 5.90551 5.91001 7.4973}
	{bone "piece14"}
	{matrix34
		0 	 0 	 -1
		-0.999 	 -0.0436 	 0
		-0.0436 	 0.999 	 0
		-0.1518 	 -0.3633 	 0.0079
	}
}
{volume "sub_piece071_volume015"
	{box 5.90551 5.4969 7.09019}
	{bone "piece15"}
	{matrix34
		0 	 0 	 -1
		-0.6428 	 -0.766 	 0
		-0.766 	 0.6428 	 0
		-0.0464 	 -0.0583 	 0.0079
	}
}
