;Exported by:	 KobaA
;Date:			 03.11.2020 12:09:47
;File:			 G:\_GIT_\gem2\gem2-mdl-soldiers\models\entourage\ladder\ladders_new.max
{skeleton
	{bone "ladder_big_02"
		{orientation
			1 	 0 	 0
			0 	 -1 	 0
			0 	 0 	 1
		}
		{bone "body"
			{matrix34
				0 	 -1 	 0
				1 	 0 	 0
				0 	 0 	 1
				-0.484 	 0.5823 	 21.6644
			}
			{poly "body"}
		}
	}
}
{obstacle "obstacle"
	{obb2
		{center -0.0914993 -0.296143}
		{extent 14.0357 9.04429}
		{axis 1 1.50756e-007}
	}
	{rotate}
}
{volume "body01"
	{box 1.73518 1.19294 45.2756}
	{bone "body"}
	{matrix34
		0 	 -0.9703 	 0.2419
		0.9994 	 -0.0084 	 -0.0339
		0.0349 	 0.2418 	 0.9697
		-6.4372 	 -6.9642 	 -0.3646
	}
}
{volume "body02"
	{box 1.73518 1.19294 45.2756}
	{bone "body"}
	{matrix34
		0 	 -0.9703 	 0.2419
		0.9994 	 0.0084 	 0.0339
		-0.0349 	 0.2418 	 0.9697
		6.8348 	 -6.9642 	 -0.3646
	}
}
{volume "body03"
	{box 1.73518 1.19294 45.2756}
	{bone "body"}
	{matrix34
		0.0174 	 -0.9612 	 -0.2753
		0.9994 	 0.0084 	 0.0339
		-0.0302 	 -0.2758 	 0.9607
		6.8348 	 6.5201 	 -0.3646
	}
}
{volume "body04"
	{box 1.73518 1.19294 45.2756}
	{bone "body"}
	{matrix34
		-0.0174 	 -0.9612 	 -0.2753
		0.9994 	 -0.0084 	 -0.0339
		0.0302 	 -0.2758 	 0.9607
		-6.4372 	 6.5201 	 -0.3646
	}
}
