;Exported by	: KobaA
;Date			: 01.03.2024 12:57:26
;File			: d:\git\gem2-mdl-soldiers\models\building\dot\blindage_wood_x.max
{skeleton
	{bone "blindage_wood_roof_point"
		{orientation
			1 	 0 	 0
			0 	 -1 	 0
			0 	 0 	 1
		}
		{bone "fort_roof"
			{Position -2.1509 	 -0.2286 	 -6.7652}
		}
		{bone "blindage_wood_roof"
			{parameters "align;"}
			{poly "blindage_wood_roof"}
			{bone "piece01"
				{matrix34
					-0.0136 	 0.9944 	 -0.1045
					-0.9319 	 -0.0505 	 -0.3592
					-0.3624 	 0.0925 	 0.9274
					19.1372 	 36.9842 	 -0.0164
				}
				{poly "piece01"}
			}
			{bone "piece02"
				{matrix34
					-0.0419 	 -0.9922 	 -0.1172
					0.5079 	 0.0799 	 -0.8577
					0.8604 	 -0.0955 	 0.5006
					-21.0173 	 -40.0432 	 0.5612
				}
				{poly "piece02"}
			}
			{bone "piece03"
				{matrix34
					1 	 0 	 0
					0 	 0.9954 	 -0.0958
					0 	 0.0958 	 0.9954
					31.5401 	 75.6671 	 -0.4414
				}
				{poly "piece03"}
			}
			{bone "piece04"
				{matrix34
					-0.9998 	 0 	 0.0175
					0.0017 	 -0.9954 	 0.0958
					0.0174 	 0.0958 	 0.9952
					28.9671 	 51.3335 	 1.7785
				}
				{poly "piece04"}
			}
			{bone "piece05"
				{matrix34
					-0.9998 	 -0.0003 	 0.0174
					0.0017 	 -0.9969 	 0.0784
					0.0174 	 0.0785 	 0.9968
					19.6736 	 33.2281 	 3.8554
				}
				{poly "piece05"}
			}
			{bone "piece06"
				{matrix34
					1 	 0 	 0
					0 	 0.9954 	 -0.0958
					0 	 0.0958 	 0.9954
					33.737 	 12.1622 	 6.3677
				}
				{poly "piece06"}
			}
			{bone "piece07"
				{matrix34
					1 	 0 	 0
					0 	 0.9954 	 0.0958
					0 	 -0.0958 	 0.9954
					33.8404 	 -24.0423 	 4.7543
				}
				{poly "piece07"}
			}
			{bone "piece08"
				{matrix34
					1 	 0 	 0
					0 	 0.9954 	 0.0958
					0 	 -0.0958 	 0.9954
					33.1688 	 -40.1449 	 3.524
				}
				{poly "piece08"}
			}
			{bone "piece09"
				{matrix34
					-1 	 0 	 0
					0 	 -0.9954 	 -0.0958
					0 	 -0.0958 	 0.9954
					33.6804 	 -66.486 	 0.8849
				}
				{poly "piece09"}
			}
			{bone "piece10"
				{matrix34
					-1 	 0 	 0
					0 	 -0.9954 	 -0.0958
					0 	 -0.0958 	 0.9954
					-35.3165 	 -60.7263 	 1.0989
				}
				{poly "piece10"}
			}
			{bone "piece11"
				{matrix34
					1 	 0 	 0
					0 	 0.9954 	 0.0958
					0 	 -0.0958 	 0.9954
					-30.1051 	 -39.615 	 3.6059
				}
				{poly "piece11"}
			}
			{bone "piece12"
				{matrix34
					-1 	 0 	 0
					0 	 -0.9954 	 -0.0958
					0 	 -0.0958 	 0.9954
					-29.667 	 -18.1407 	 5.0736
				}
				{poly "piece12"}
			}
			{bone "piece13"
				{matrix34
					-1 	 0 	 0
					0 	 -0.9954 	 0.0958
					0 	 0.0958 	 0.9954
					-31.5817 	 6.9962 	 6.2804
				}
				{poly "piece13"}
			}
			{bone "piece14"
				{matrix34
					1 	 0 	 0
					0 	 0.9954 	 -0.0958
					0 	 0.0958 	 0.9954
					-28.022 	 60.0035 	 1.8389
				}
				{poly "piece14"}
			}
			{bone "piece15"
				{matrix34
					-1 	 0 	 0
					0 	 -0.9954 	 0.0958
					0 	 0.0958 	 0.9954
					-31.7299 	 39.093 	 3.524
				}
				{poly "piece15"}
			}
			{bone "sub_piece01"
				{matrix34
					1 	 0 	 0
					0 	 0.9954 	 -0.0958
					0 	 0.0958 	 0.9954
					33.737 	 59.6744 	 1.0989
				}
				{poly "sub_piece01"}
			}
			{bone "sub_piece02"
				{matrix34
					1 	 0 	 0
					0 	 0.9954 	 -0.0958
					0 	 0.0958 	 0.9954
					-30.1926 	 45.6758 	 2.943
				}
				{poly "sub_piece02"}
			}
			{bone "sub_piece03"
				{matrix34
					-0.9994 	 0 	 -0.0349
					-0.0033 	 -0.9956 	 0.094
					-0.0347 	 0.094 	 0.995
					-29.12 	 29.5618 	 4.9601
				}
				{poly "sub_piece03"}
			}
			{bone "sub_piece04"
				{matrix34
					-0.9998 	 0 	 0.0175
					0.0017 	 -0.9954 	 0.0958
					0.0174 	 0.0958 	 0.9952
					28.9671 	 22.79 	 4.9346
				}
				{poly "sub_piece04"}
			}
			{bone "sub_piece05"
				{matrix34
					-0.9998 	 0 	 0.0175
					0.0017 	 -0.9954 	 0.0958
					0.0174 	 0.0958 	 0.9952
					30.7682 	 39.5341 	 3.2936
				}
				{poly "sub_piece05"}
			}
			{bone "sub_piece06"
				{matrix34
					-1 	 0 	 0
					0 	 -0.9954 	 -0.0958
					0 	 -0.0958 	 0.9954
					-30.5759 	 -76.719 	 -0.4414
				}
				{poly "sub_piece06"}
			}
			{bone "sub_piece07"
				{matrix34
					-1 	 0 	 0
					0 	 -0.9954 	 -0.0958
					0 	 -0.0958 	 0.9954
					19.7459 	 -61.0554 	 1.8389
				}
				{poly "sub_piece07"}
			}
			{bone "sub_piece08"
				{matrix34
					-1 	 0 	 0
					0 	 -0.9954 	 -0.0958
					0 	 -0.0958 	 0.9954
					29.7222 	 -45.2206 	 2.943
				}
				{poly "sub_piece08"}
			}
			{bone "sub_piece09"
				{matrix34
					1 	 0 	 0
					0 	 0.9954 	 0.0958
					0 	 -0.0958 	 0.9954
					32.8076 	 -2.6842 	 7.444
				}
				{poly "sub_piece09"}
			}
			{bone "sub_piece10"
				{matrix34
					1 	 0 	 0
					0 	 0.9799 	 0.1994
					0 	 -0.1994 	 0.9799
					-30.8503 	 -1.9472 	 6.4306
				}
				{poly "sub_piece10"}
			}
			{bone "sub_piece11"
				{matrix34
					0.9998 	 0.0012 	 0.0174
					-0.0017 	 0.9997 	 0.0262
					-0.0174 	 -0.0262 	 0.9995
					-31.4853 	 -29.1178 	 4.5087
				}
				{poly "sub_piece11"}
			}
			{bone "sub_piece12"
				{matrix34
					1 	 0 	 0
					0 	 0.9954 	 0.0958
					0 	 -0.0958 	 0.9954
					33.1688 	 -14.2937 	 5.9148
				}
				{poly "sub_piece12"}
			}
			{bone "sub_piece13"
				{matrix34
					1 	 0 	 0
					0 	 0.9954 	 -0.0958
					0 	 0.0958 	 0.9954
					-30.1926 	 19.3389 	 4.9478
				}
				{poly "sub_piece13"}
			}
			{bone "sub_piece14"
				{matrix34
					-1 	 0 	 0
					0 	 -0.9833 	 -0.1822
					0 	 -0.1822 	 0.9833
					-31.5817 	 -51.2994 	 2.5013
				}
				{poly "sub_piece14"}
			}
		}
	}
}
{"volumes"
	{"piece01"
		{cylinder 2.08865 68.0895}
		{bone "piece01"}
		{matrix34
			-0.0136 	 -0.9319 	 -0.3624
			0.0174 	 -0.3626 	 0.9318
			-0.9998 	 0.0063 	 0.0212
			-0.3491 	 0.04 	 -0.0896
		}
	}
	{"piece02"
		{cylinder 2.08865 69.4581}
		{bone "piece02"}
		{matrix34
			0.0419 	 -0.5079 	 -0.8604
			0.0046 	 -0.8611 	 0.5085
			-0.9991 	 -0.0253 	 -0.0338
			1.1294 	 -0.5977 	 0.3023
		}
	}
	{"piece03"
		{box 47.7799 5.45816 1.4236}
		{bone "piece03"}
		{matrix34
			0.9998 	 -0.0008 	 -0.0174
			0 	 0.999 	 -0.0436
			0.0175 	 0.0436 	 0.9989
			0.2057 	 0.0767 	 0.2805
		}
	}
	{"piece04"
		{box 43.0019 5.45816 1.4236}
		{bone "piece04"}
		{matrix34
			-1 	 0.0024 	 0
			-0.0024 	 -0.999 	 -0.0436
			-0.0002 	 -0.0436 	 0.999
			0.1187 	 -0.134 	 -0.2168
		}
	}
	{"piece05"
		{box 43.4797 5.45816 1.4236}
		{bone "piece05"}
		{matrix34
			-1 	 0.0027 	 0
			-0.0027 	 -0.9981 	 -0.061
			-0.0002 	 -0.061 	 0.9981
			0.1716 	 -0.0075 	 0.4148
		}
	}
	{"piece06"
		{box 41.0907 5.45816 1.4236}
		{bone "piece06"}
		{matrix34
			0.9998 	 -0.0008 	 -0.0174
			0 	 0.999 	 -0.0436
			0.0175 	 0.0436 	 0.9989
			0.3423 	 0.1198 	 0.1331
		}
	}
	{"piece07"
		{box 39.6573 5.45816 1.4236}
		{bone "piece07"}
		{matrix34
			0.9998 	 0.0014 	 -0.0174
			0 	 0.9969 	 0.0785
			0.0175 	 -0.0784 	 0.9968
			0.1242 	 0.041 	 0.3229
		}
	}
	{"piece08"
		{box 44.4353 5.45816 1.4236}
		{bone "piece08"}
		{matrix34
			0.9998 	 0.0014 	 -0.0174
			0 	 0.9969 	 0.0785
			0.0175 	 -0.0784 	 0.9968
			-0.274 	 0.3271 	 -0.2006
		}
	}
	{"piece09"
		{box 40.6129 5.45816 1.4236}
		{bone "piece09"}
		{matrix34
			-0.9998 	 -0.0014 	 -0.0174
			0 	 -0.9969 	 0.0785
			-0.0175 	 0.0784 	 0.9968
			-0.2534 	 0.4487 	 -0.1896
		}
	}
	{"piece10"
		{box 45.8448 5.45816 1.4236}
		{bone "piece10"}
		{matrix34
			-0.9998 	 -0.0047 	 0.0173
			0.0061 	 -0.9969 	 0.0785
			0.0169 	 0.0786 	 0.9968
			-0.3308 	 0.1499 	 0.5822
		}
	}
	{"piece11"
		{box 40.8804 5.45816 1.4236}
		{bone "piece11"}
		{matrix34
			0.9994 	 0.0076 	 0.0345
			-0.0091 	 0.999 	 0.0435
			-0.0341 	 -0.0438 	 0.9985
			0.4991 	 -0.2029 	 -0.0057
		}
	}
	{"piece12"
		{box 48.1939 5.45816 1.4236}
		{bone "piece12"}
		{matrix34
			-0.9998 	 -0.0047 	 0.0173
			0.0061 	 -0.9969 	 0.0785
			0.0169 	 0.0786 	 0.9968
			0.3574 	 0.0892 	 0.3051
		}
	}
	{"piece13"
		{box 49.2276 5.45816 1.4236}
		{bone "piece13"}
		{matrix34
			-0.9998 	 0.0041 	 0.0173
			-0.0049 	 -0.999 	 -0.0436
			0.0171 	 -0.0437 	 0.9989
			-1.0581 	 -0.0244 	 0.4025
		}
	}
	{"piece14"
		{box 43.0827 5.45816 1.4236}
		{bone "piece14"}
		{matrix34
			0.9998 	 -0.0041 	 0.0173
			0.0049 	 0.999 	 -0.0436
			-0.0171 	 0.0437 	 0.9989
			0.024 	 0.4399 	 -0.5504
		}
	}
	{"piece15"
		{box 49.2132 5.45816 1.4236}
		{bone "piece15"}
		{matrix34
			-0.9998 	 0.0041 	 0.0173
			-0.0049 	 -0.999 	 -0.0436
			0.0171 	 -0.0437 	 0.9989
			-0.2567 	 0.1321 	 0.2606
		}
	}
	{"sub_piece01"
		{box 40.6129 5.45816 1.4236}
		{bone "sub_piece01"}
		{matrix34
			0.9998 	 -0.0008 	 -0.0174
			0 	 0.999 	 -0.0436
			0.0175 	 0.0436 	 0.9989
			-0.4082 	 -0.0653 	 0.4185
		}
	}
	{"sub_piece02"
		{box 46.3607 5.45816 1.4236}
		{bone "sub_piece02"}
		{matrix34
			0.9998 	 -0.0041 	 0.0173
			0.0049 	 0.999 	 -0.0436
			-0.0171 	 0.0437 	 0.9989
			-0.1695 	 0.1224 	 -0.0731
		}
	}
	{"sub_piece03"
		{box 43.4797 5.45816 1.4236}
		{bone "sub_piece03"}
		{matrix34
			-0.9976 	 -0.0078 	 -0.0692
			0.0037 	 -0.9982 	 0.0594
			-0.0695 	 0.059 	 0.9958
			0.1909 	 -0.3191 	 0.1733
		}
	}
	{"sub_piece04"
		{box 44.4353 5.45816 1.4236}
		{bone "sub_piece04"}
		{matrix34
			-1 	 0.0024 	 0
			-0.0024 	 -0.999 	 -0.0436
			-0.0002 	 -0.0436 	 0.999
			-0.4105 	 0.1785 	 -0.0363
		}
	}
	{"sub_piece05"
		{box 40.6129 5.45816 1.4236}
		{bone "sub_piece05"}
		{matrix34
			-1 	 0.0024 	 0
			-0.0024 	 -0.999 	 -0.0436
			-0.0002 	 -0.0436 	 0.999
			-0.0758 	 0.0105 	 -0.1001
		}
	}
	{"sub_piece06"
		{box 52.3906 5.45816 1.4236}
		{bone "sub_piece06"}
		{matrix34
			-0.9998 	 -0.0047 	 0.0173
			0.0061 	 -0.9969 	 0.0785
			0.0169 	 0.0786 	 0.9968
			-0.9048 	 0.0586 	 0.5934
		}
	}
	{"sub_piece07"
		{box 47.7799 5.45816 1.4236}
		{bone "sub_piece07"}
		{matrix34
			-0.9998 	 -0.0014 	 -0.0174
			0 	 -0.9969 	 0.0785
			-0.0175 	 0.0784 	 0.9968
			-0.1189 	 0.0722 	 -0.5424
		}
	}
	{"sub_piece08"
		{box 44.4353 5.45816 1.4236}
		{bone "sub_piece08"}
		{matrix34
			-0.9998 	 -0.0014 	 -0.0174
			0 	 -0.9969 	 0.0785
			-0.0175 	 0.0784 	 0.9968
			0.1948 	 0.1708 	 -0.0242
		}
	}
	{"sub_piece09"
		{box 51.6022 5.45816 1.4236}
		{bone "sub_piece09"}
		{matrix34
			0.9998 	 0.0014 	 -0.0174
			0 	 0.9969 	 0.0785
			0.0175 	 -0.0784 	 0.9968
			0.2261 	 -0.1047 	 -0.239
		}
	}
	{"sub_piece10"
		{box 43.3459 5.45816 1.4236}
		{bone "sub_piece10"}
		{matrix34
			0.9998 	 0.0065 	 0.0168
			-0.0061 	 0.9996 	 -0.0262
			-0.0169 	 0.0261 	 0.9995
			0.6659 	 -0.1742 	 -0.2331
		}
	}
	{"sub_piece11"
		{box 50.5964 5.45816 1.4236}
		{bone "sub_piece11"}
		{matrix34
			1 	 0.0018 	 0.0003
			-0.0018 	 0.989 	 0.1479
			0 	 -0.1479 	 0.989
			0.3792 	 0.0432 	 -0.0932
		}
	}
	{"sub_piece12"
		{box 42.5241 5.45816 1.4236}
		{bone "sub_piece12"}
		{matrix34
			0.9998 	 0.0014 	 -0.0174
			0 	 0.9969 	 0.0785
			0.0175 	 -0.0784 	 0.9968
			-0.0508 	 -0.1305 	 -0.1923
		}
	}
	{"sub_piece13"
		{box 46.3607 5.45816 1.4236}
		{bone "sub_piece13"}
		{matrix34
			0.9998 	 -0.0041 	 0.0173
			0.0049 	 0.999 	 -0.0436
			-0.0171 	 0.0437 	 0.9989
			-0.2702 	 0.1092 	 0.0002
		}
	}
	{"sub_piece14"
		{box 49.3231 5.45816 1.4236}
		{bone "sub_piece14"}
		{matrix34
			-0.9998 	 -0.0062 	 0.0169
			0.0061 	 -0.9999 	 -0.0087
			0.0169 	 -0.0086 	 0.9998
			-0.0224 	 -0.1159 	 0.4335
		}
	}
}
