;Exported by	: Oleksandr Tsaprylov
;Date			: 13.03.2023 18:54:52
;File			: E:\projects\gem2-mdl-soldiers\models\entourage\ruins_stone_wall\ruins_stone_wall.max
{skeleton
	{bone "ruins_stone_wall_18_x"
		{orientation
			1 	 0 	 0
			0 	 -1 	 0
			0 	 0 	 1
		}
		{bone "body"
			{Position 0 	 19.9047 	 0}
			{poly "body"}
		}
		{bone "piece01"
			{matrix34
				0.2113 	 0.6088 	 0.7646
				-0.8179 	 0.5385 	 -0.2027
				-0.5352 	 -0.5825 	 0.6118
				-4.1773 	 5.3909 	 43.0274
			}
			{poly "piece01"}
		}
		{bone "piece02"
			{matrix34
				-0.4972 	 -0.6502 	 -0.5744
				0.8584 	 -0.465 	 -0.2167
				-0.1262 	 -0.6009 	 0.7893
				-10.4606 	 -56.4432 	 41.4803
			}
			{poly "piece02"}
		}
		{bone "piece03"
			{matrix34
				0.6909 	 -0.2402 	 0.6818
				0.5607 	 -0.4172 	 -0.7152
				0.4563 	 0.8765 	 -0.1535
				5.8005 	 -28.184 	 30.7787
			}
			{poly "piece03"}
		}
		{bone "piece04"
			{matrix34
				0.513 	 -0.8374 	 -0.1886
				0.6935 	 0.5338 	 -0.4839
				0.5059 	 0.1175 	 0.8546
				2.0784 	 -4.8845 	 18.1554
			}
			{poly "piece04"}
		}
		{bone "piece05"
			{matrix34
				0.8808 	 0.2647 	 0.3926
				-0.2572 	 0.9636 	 -0.0725
				-0.3975 	 -0.0371 	 0.9168
				-4.0232 	 -38.5978 	 44.2549
			}
			{poly "piece05"}
		}
		{bone "piece06"
			{matrix34
				-0.7768 	 0.2848 	 -0.5617
				0.3799 	 0.9233 	 -0.0572
				0.5023 	 -0.2578 	 -0.8254
				4.3996 	 36.426 	 23.178
			}
			{poly "piece06"}
		}
		{bone "piece07"
			{matrix34
				-0.5971 	 -0.4972 	 0.6294
				-0.4441 	 0.8584 	 0.2568
				-0.668 	 -0.1262 	 -0.7334
				-3.8604 	 40.6213 	 46.7269
			}
			{poly "piece07"}
		}
		{bone "piece08"
			{matrix34
				0 	 -1 	 0
				1 	 0 	 0
				0 	 0 	 1
				-39.9806 	 -52.5184 	 44.672
			}
			{poly "piece08"}
		}
		{bone "piece09"
			{matrix34
				0 	 1 	 0
				-1 	 0 	 0
				0 	 0 	 1
				-36.1966 	 -53.5869 	 19.3178
			}
			{poly "piece09"}
		}
		{bone "piece10"
			{matrix34
				-0.8808 	 0.2647 	 -0.3926
				0.2572 	 0.9636 	 0.0725
				0.3975 	 -0.0371 	 -0.9168
				4.268 	 -48.8215 	 20.4208
			}
			{poly "piece10"}
		}
		{bone "piece11"
			{matrix34
				0.2647 	 0.8808 	 -0.3926
				0.9636 	 -0.2572 	 0.0725
				-0.0371 	 -0.3975 	 -0.9168
				-17.1932 	 -57.2015 	 19.9217
			}
			{poly "piece11"}
		}
	}
}
{"volumes"
	{"piece01"
		{box 6.58998 27.7595 26.0132}
		{bone "piece01"}
		{matrix34
			0.2772 	 -0.8324 	 -0.4798
			0.6088 	 0.5385 	 -0.5825
			0.7433 	 -0.1307 	 0.6561
			0.8976 	 -3.9372 	 -2.7011
		}
	}
	{"piece02"
		{box 5.73201 14.721 15.5768}
		{bone "piece02"}
		{matrix34
			0.6502 	 0.465 	 0.6009
			-0.4972 	 0.8584 	 -0.1262
			-0.5744 	 -0.2167 	 0.7893
			-2.5901 	 -2.518 	 -1.5172
		}
	}
	{"piece03"
		{box 5.73572 21.0299 15.5768}
		{bone "piece03"}
		{matrix34
			0.679 	 0.5377 	 0.4998
			-0.2873 	 0.8212 	 -0.493
			-0.6756 	 0.1912 	 0.7121
			-4.5157 	 -3.6116 	 -1.6509
		}
	}
	{"piece04"
		{box 5.8608 9.67377 10.1249}
		{bone "piece04"}
		{matrix34
			0.513 	 0.6935 	 0.5059
			-0.8374 	 0.5338 	 0.1175
			-0.1886 	 -0.4839 	 0.8546
			-1.3491 	 -1.7601 	 -1.6196
		}
	}
	{"piece05"
		{box 5.8608 9.67377 10.1249}
		{bone "piece05"}
		{matrix34
			0.8808 	 -0.2572 	 -0.3975
			-0.4576 	 -0.2465 	 -0.8543
			0.1218 	 0.9344 	 -0.3349
			3.7591 	 -1.3674 	 -1.6188
		}
	}
	{"piece06"
		{box 6.3459 27.5492 11.9759}
		{bone "piece06"}
		{matrix34
			0.8175 	 -0.2753 	 -0.5058
			0.3617 	 0.9289 	 0.0791
			0.4481 	 -0.2476 	 0.859
			3.791 	 -2.271 	 -2.1931
		}
	}
	{"piece07"
		{box 5.73201 14.721 15.5768}
		{bone "piece07"}
		{matrix34
			0.6502 	 0.465 	 0.6009
			-0.4972 	 0.8584 	 -0.1262
			-0.5744 	 -0.2167 	 0.7893
			-2.5901 	 -2.518 	 -1.5172
		}
	}
	{"piece08"
		{box 10.5303 9.64372 19.4876}
		{bone "piece08"}
		{matrix34
			1 	 0 	 0
			0 	 0.8659 	 0.5002
			0 	 -0.5002 	 0.8659
			0 	 0.3587 	 -1.6124
		}
	}
	{"piece09"
		{box 8.39052 9.91337 15.3528}
		{bone "piece09"}
		{Position 0 	 0 	 1.0711}
	}
	{"piece10"
		{box 5.8608 9.67377 10.1249}
		{bone "piece10"}
		{matrix34
			0.8808 	 -0.2572 	 -0.3975
			-0.4576 	 -0.2465 	 -0.8543
			0.1218 	 0.9344 	 -0.3349
			3.7591 	 -1.3672 	 -1.6187
		}
	}
	{"piece11"
		{box 5.8608 9.67377 10.1249}
		{bone "piece11"}
		{matrix34
			0.8808 	 -0.2572 	 -0.3975
			-0.4576 	 -0.2465 	 -0.8543
			0.1218 	 0.9344 	 -0.3349
			3.7591 	 -1.3673 	 -1.6187
		}
	}
}
