;Exported by	: KobaA
;Date			: 15.01.2024 15:26:53
;File			: d:\git\gem2-mdl-soldiers\models\building\house_60\house_60_fort_x.max
{skeleton
	{bone "house_60_piece_012_point"
		{orientation
			1 	 0 	 0
			0 	 -1 	 0
			0 	 0 	 1
		}
		{bone "piece01"
			{Position -27.8821 	 -29.9042 	 -13.694}
			{poly "piece01"}
		}
		{bone "piece03"
			{matrix34
				1 	 0 	 0
				0 	 0.9962 	 -0.0872
				0 	 0.0872 	 0.9962
				-12.8936 	 -29.9042 	 -17.1291
			}
			{poly "piece03"}
		}
		{bone "piece04"
			{Position -0.2284 	 -29.9042 	 3.7595}
			{poly "piece04"}
		}
		{bone "piece07"
			{Position -22.8413 	 -29.9042 	 4.5828}
			{poly "piece07"}
		}
		{bone "piece08"
			{Position 15.1398 	 -20.0695 	 1.4}
			{poly "piece08"}
		}
		{bone "piece06"
			{matrix34
				0 	 1 	 0
				-1 	 0 	 0
				0 	 0 	 1
				5.6912 	 0.9524 	 18.7531
			}
			{poly "piece06"}
		}
		{bone "piece05"
			{matrix34
				0 	 1 	 0
				-1 	 0 	 0
				0 	 0 	 1
				5.7296 	 -1.3133 	 -11.4485
			}
			{poly "piece05"}
		}
		{bone "piece02"
			{Position -12.0315 	 -13.5519 	 32.7488}
			{poly "piece02"}
		}
		{bone "sub_piece01"
			{Position -9.6016 	 -29.9042 	 9.6925}
			{poly "sub_piece01"}
		}
		{bone "sub_piece02"
			{Position -9.3673 	 -29.822 	 -6.5671}
			{poly "sub_piece02"}
		}
		{bone "sub_piece08"
			{matrix34
				1 	 0 	 0
				0 	 0 	 1
				0 	 -1 	 0
				-23.9572 	 -7.7863 	 12.464
			}
			{poly "sub_piece08"}
		}
		{bone "sub_piece09"
			{Position -70.0645 	 -10.9079 	 35.0275}
			{poly "sub_piece09"}
		}
		{bone revolute "attach1"
			{matrix34
				0 	 -1 	 0
				1 	 0 	 0
				0 	 0 	 1
				-14.7046 	 -15.655 	 -43.879
			}
		}
		{bone "debris_land_001"
			{parameters "land;ground;"}
			{matrix34
				0 	 1 	 0
				-1 	 0 	 0
				0 	 0 	 1
				-8.7221 	 -38.5102 	 -39.942
			}
			{poly "debris_land_001" {ground}}
		}
		{bone "fort_wall"
			{matrix34
				-1 	 0 	 0
				0 	 -1 	 0
				0 	 0 	 1
				-17.6882 	 -38.2578 	 -36.005
			}
		}
		{bone "stones_001"
			{parameters "land;ground;"}
			{matrix34
				0 	 1 	 0
				-1 	 0 	 0
				0 	 0 	 1
				-8.7221 	 -38.4969 	 -39.942
			}
			{poly "stones_001" {ground}}
		}
		{bone "house_60_piece_012"
			{Position 0 	 0 	 0}
			{poly "house_60_piece_012"}
		}
	}
}
{"volumes"
	{"piece01"
		{box 9.84104 5.90551 13.6432}
		{bone "piece01"}
		{matrix34
			1 	 0 	 0
			0 	 0.9962 	 -0.0872
			0 	 0.0872 	 0.9962
			0.273 	 0.2234 	 0.0046
		}
	}
	{"piece02"
		{box 42.159 5.25591 27.5259}
		{bone "piece02"}
		{matrix34
			1 	 0 	 0
			0 	 0.6428 	 -0.766
			0 	 0.766 	 0.6428
			-0.118 	 1.1426 	 2.2215
		}
	}
	{"piece03"
		{box 14.9107 5.90551 9.81525}
		{bone "piece03"}
		{Position 0.3551 	 0 	 0.6491}
	}
	{"piece04"
		{box 18.0933 5.90551 11.0747}
		{bone "piece04"}
		{matrix34
			0.6428 	 0 	 0.766
			0 	 1 	 0
			-0.766 	 0 	 0.6428
			0.3472 	 0 	 0.3266
		}
	}
	{"piece05"
		{box 8.64222 5.90551 12.0728}
		{bone "piece05"}
		{matrix34
			0.9659 	 0 	 0.2588
			0 	 1 	 0
			-0.2588 	 0 	 0.9659
			0.7742 	 0 	 -0.2277
		}
	}
	{"piece06"
		{box 12.525 5.90551 16.097}
		{bone "piece06"}
		{Position 0.4853 	 0 	 -0.081}
	}
	{"piece07"
		{box 14.028 5.90551 7.55272}
		{bone "piece07"}
		{matrix34
			0.9397 	 0 	 0.342
			0 	 1 	 0
			-0.342 	 0 	 0.9397
			-0.0349 	 0 	 -0.6143
		}
	}
	{"piece08"
		{box 14.028 5.90551 7.55272}
		{bone "piece08"}
		{matrix34
			0.9397 	 0 	 0.342
			0 	 1 	 0
			-0.342 	 0 	 0.9397
			-0.3941 	 0 	 -0.483
		}
	}
	{"sub_piece01"
		{box 6.09795 5.90551 5.57399}
		{bone "sub_piece01"}
		{matrix34
			0.8192 	 0 	 0.5736
			0 	 1 	 0
			-0.5736 	 0 	 0.8192
			-0.2589 	 0 	 0.7168
		}
	}
	{"sub_piece02"
		{box 4.17419 5.90551 6.1151}
		{bone "sub_piece02"}
		{matrix34
			0.4226 	 0 	 -0.9063
			0 	 1 	 0
			0.9063 	 0 	 0.4226
			0.1787 	 -0.0822 	 -0.2521
		}
	}
	{"sub_piece08"
		{box 3.46382 57.7247 2.85267}
		{bone "sub_piece08"}
		{matrix34
			1 	 0 	 0
			0 	 0 	 -1
			0 	 1 	 0
			0 	 0.1447 	 1.633
		}
	}
	{"sub_piece09"
		{box 27.8249 5.25591 27.5259}
		{bone "sub_piece09"}
		{matrix34
			1 	 0 	 0
			0 	 0.6428 	 -0.766
			0 	 0.766 	 0.6428
			-1.9991 	 -1.5014 	 -0.0572
		}
	}
	{"target_vol_1"
		{box 9.84252 11.811 15.6501}
		{bone "house_60_piece_012_point"}
		{matrix34
			0 	 -1 	 0
			1 	 0 	 0
			0 	 0 	 1
			-14.7046 	 -28.4131 	 -20.0887
		}
	}
	{"vol_01"
		{box 46.0296 5.86712 16.7452}
		{bone "house_60_piece_012"}
		{Position -14.2775 	 -29.9312 	 -35.5064}
	}
	{"vol_02"
		{box 10.6775 5.86712 23.9901}
		{bone "house_60_piece_012"}
		{Position 3.237 	 -29.9312 	 -17.265}
	}
	{"vol_03"
		{box 15.994 5.86712 37.0787}
		{bone "house_60_piece_012"}
		{Position 16.1079 	 -20.4262 	 -25.3397}
	}
	{"vol_04"
		{polyhedron}
		{bone "house_60_piece_012"}
		{Position 31.1904 	 -20.4262 	 -43.879}
	}
	{"vol_05"
		{polyhedron}
		{bone "house_60_piece_012"}
		{Position 5.8719 	 -21.9709 	 -43.879}
	}
}
