;Exported by:	 tolokolnikova
;Date:			 10.05.2016 17:03:22
;File:			 D:\gem2\gem2-mdl-soldiers\models\entourage\barricade_cobl_g2\barricade_new.max
{skeleton
	{bone "b1_c1_x"
		{orientation
			1 	 0 	 0
			0 	 -1 	 0
			0 	 0 	 1
		}
		{bone "piece07"
			{matrix34
				0.9117 	 0.3978 	 -0.1029
				-0.3774 	 0.9098 	 0.1729
				0.1624 	 -0.1188 	 0.9796
				-5.3726 	 8.8284 	 7.6947
			}
			{poly "piece07"}
		}
		{bone "piece02"
			{matrix34
				-0.2561 	 -0.9118 	 0.321
				-0.5683 	 -0.1266 	 -0.813
				0.7819 	 -0.3906 	 -0.4858
				-10.2931 	 19.581 	 14.142
			}
			{poly "piece02"}
		}
		{bone "piece05"
			{Position 6.3173 	 6.6785 	 8.7161}
			{poly "piece05"}
		}
		{bone "piece01"
			{matrix34
				0.057 	 0.3978 	 -0.9157
				0.1047 	 0.9098 	 0.4017
				0.9929 	 -0.1188 	 0.0102
				0.8856 	 6.5695 	 22.2048
			}
			{poly "piece01"}
		}
		{bone "piece06"
			{matrix34
				-0.2561 	 -0.9118 	 0.321
				-0.5683 	 -0.1266 	 -0.813
				0.7819 	 -0.3906 	 -0.4858
				-10.2931 	 -7.1175 	 7.4418
			}
			{poly "piece06"}
		}
		{bone "piece03"
			{matrix34
				0.34 	 -0.9325 	 0.1218
				0.876 	 0.2669 	 -0.4016
				0.342 	 0.2432 	 0.9077
				-17.2394 	 9.3957 	 4.44
			}
			{poly "piece03"}
		}
		{bone "piece04"
			{matrix34
				-0.0156 	 -0.0963 	 0.9952
				0.1256 	 0.9873 	 0.0975
				-0.992 	 0.1265 	 -0.0033
				-26.4279 	 -0.8905 	 8.67
			}
			{poly "piece04"}
		}
		{bone "fx_wood2"
			{Position -18.5082 	 5.4693 	 0}
		}
		{bone "fx_wood1"
			{Position -13.5437 	 12.1032 	 0}
		}
	}
}
{volume "piece01"
	{cylinder 4.90039 16.8224}
	{bone "piece01"}
	{matrix34
		-0.898 	 0.3999 	 0.1836
		0.4012 	 0.9154 	 -0.0318
		-0.1808 	 0.0451 	 -0.9825
		0.0847 	 -0.4259 	 -0.4784
	}
}
{volume "piece02"
	{box 6.17888 15.4725 0.922894}
	{bone "piece02"}
	{matrix34
		0.0289 	 0.013 	 0.9995
		-0.9996 	 -0.0048 	 0.0289
		0.0052 	 -0.9999 	 0.0129
		-0.0016 	 0.2928 	 -0.0038
	}
}
{volume "piece03"
	{box 5.94653 0.794525 15.7192}
	{bone "piece03"}
	{matrix34
		0.1186 	 0.2255 	 0.967
		-0.0375 	 -0.9722 	 0.2313
		0.9922 	 -0.0637 	 -0.1069
		0.1234 	 -4.5117 	 0.5761
	}
}
{volume "piece04"
	{box 5.94653 0.794525 15.7192}
	{bone "piece04"}
	{matrix34
		-0.1356 	 -0.0765 	 -0.9878
		-0.067 	 0.9954 	 -0.0679
		0.9885 	 0.057 	 -0.1401
		-0.2805 	 -4.353 	 0.7273
	}
}
{volume "piece05"
	{cylinder 4.90039 15.7219}
	{bone "piece05"}
	{matrix34
		0.996 	 0.0151 	 0.0878
		-0.0226 	 0.9962 	 0.0842
		-0.0862 	 -0.0858 	 0.9926
		-0.6505 	 0.0373 	 -0.9136
	}
}
{volume "piece06"
	{box 5.68457 12.0685 0.922894}
	{bone "piece06"}
	{matrix34
		0.0289 	 0.013 	 0.9995
		-0.9996 	 -0.0048 	 0.0289
		0.0052 	 -0.9999 	 0.0129
		-0.009 	 0.2413 	 -0.2706
	}
}
{volume "piece07"
	{cylinder 4.90039 15.7219}
	{bone "piece07"}
	{matrix34
		0.9217 	 -0.3878 	 -0.0114
		0.3873 	 0.9214 	 -0.033
		0.0233 	 0.026 	 0.9994
		0.0719 	 -0.7015 	 0.1491
	}
}
