;Exported by	: KobaA
;Date			: 15.01.2024 12:34:53
;File			: d:\git\gem2-mdl-soldiers\models\building\house_60\house_60_cut_fort_edits.max
{skeleton
	{bone "house_60_piece_012"
		{orientation
			1 	 0 	 0
			0 	 -1 	 0
			0 	 0 	 1
		}
		{poly "house_60_piece_012"}
		{bone "exterior"
			{Position 0 	 -9.0799 	 28.9379}
			{poly "exterior"}
		}
		{bone "fort_wall"
			{matrix34
				-1 	 0 	 0
				0 	 -1 	 0
				0 	 0 	 1
				-17.6974 	 -38.2507 	 -36.005
			}
		}
		{bone revolute "attach1"
			{matrix34
				0 	 -1 	 0
				1 	 0 	 0
				0 	 0 	 1
				-14.7046 	 -15.655 	 -43.879
			}
		}
	}
}
{"volumes"
	{"body1"
		{polyhedron}
		{bone "house_60_piece_012"}
		{Position -15.1531 	 -29.5742 	 -49.7902}
	}
	{"body2"
		{polyhedron}
		{bone "house_60_piece_012"}
		{matrix34
			0 	 -1 	 0
			1 	 0 	 0
			0 	 0 	 1
			5.5828 	 -9.0688 	 -49.7902
		}
	}
	{"body3"
		{polyhedron}
		{bone "house_60_piece_012"}
		{Position 19.5058 	 -20.2369 	 -34.8721}
	}
	{"body4"
		{polyhedron}
		{bone "house_60_piece_012"}
		{Position 20.9649 	 -20.2369 	 -2.2076}
	}
	{"floor1"
		{polyhedron}
		{bone "exterior"}
		{Position 20.3784 	 9.9706 	 -15.7798}
	}
	{"floor2"
		{polyhedron}
		{bone "exterior"}
		{Position -15.6839 	 1.516 	 -15.7798}
	}
	{"roof1"
		{polyhedron}
		{bone "exterior"}
		{matrix34
			1 	 0 	 0
			0 	 0.6498 	 -0.7601
			0 	 0.7601 	 0.6498
			-3.8753 	 -25.3415 	 -13.5496
		}
	}
	{"roof2"
		{polyhedron}
		{bone "exterior"}
		{matrix34
			1 	 0 	 0
			0 	 0.6498 	 -0.7601
			0 	 0.7601 	 0.6498
			21.7407 	 -9.238 	 -8.3961
		}
	}
	{"roof3"
		{polyhedron}
		{bone "exterior"}
		{matrix34
			1 	 0 	 0
			0 	 0.6498 	 -0.7601
			0 	 0.7601 	 0.6498
			-25.0328 	 -25.3415 	 -13.5496
		}
	}
	{"roof4"
		{polyhedron}
		{bone "exterior"}
		{matrix34
			1 	 0 	 0
			0 	 0.6498 	 -0.7601
			0 	 0.7601 	 0.6498
			13.7196 	 -16.8793 	 -14.9281
		}
	}
}
