;Exported by	: KobaA
;Date			: 02.05.2024 11:04:32
;File			: d:\git\gem2-mdl-soldiers\models\entourage\telega\telega.max
{skeleton
	{bone "telega_part"
		{orientation
			1 	 0 	 0
			0 	 -1 	 0
			0 	 0 	 1
		}
		{poly "telega_part"}
	}
}
{obstacle "rectangle03"
	{obb2
		{center -11.8538 -19.2273}
		{extent 1.07485 23.76}
		{axis -0.862135 0.506547}
	}
	{rotate}
}
{obstacle "rectangle04"
	{obb2
		{center -0.320007 -0.483536}
		{extent 4.56435 11.5474}
		{axis 0.266227 0.963875}
	}
	{rotate}
}
{obstacle "rectangle05"
	{obb2
		{center 10.4763 -2.82166}
		{extent 7.01501 1.03926}
		{axis 0.266227 0.963875}
	}
	{rotate}
}
{obstacle "rectangle06"
	{obb2
		{center -10.1908 2.79134}
		{extent 7.01501 1.03926}
		{axis 0.266227 0.963875}
	}
	{rotate}
}
{"volumes"
	{"wood01"
		{box 18.2228 4.24915 3.01539}
		{bone "telega_part"}
		{matrix34
			0.9644 	 0.2643 	 0.0097
			-0.2644 	 0.9644 	 0.0082
			-0.0072 	 -0.0105 	 0.9999
			0.0634 	 -1.2898 	 7.5777
		}
	}
	{"wood02_vol"
		{box 0.97583 48.2466 1.34607}
		{bone "telega_part"}
		{matrix34
			0.8639 	 0.5036 	 -0.007
			-0.4957 	 0.8477 	 -0.1889
			-0.0891 	 0.1667 	 0.982
			-11.7186 	 19.0518 	 5.0182
		}
	}
	{"wood03_vol"
		{cylinder 7.25121 1.19161}
		{bone "telega_part"}
		{matrix34
			0.0072 	 0.0105 	 -0.9999
			-0.2662 	 0.9639 	 0.0082
			0.9639 	 0.2661 	 0.0097
			-10.3371 	 -2.9649 	 6.9925
		}
	}
	{"wood04_vol"
		{cylinder 7.25121 1.19161}
		{bone "telega_part"}
		{matrix34
			0.0072 	 0.0105 	 -0.9999
			-0.2662 	 0.9639 	 0.0082
			0.9639 	 0.2661 	 0.0097
			10.4607 	 2.7759 	 7.3417
		}
	}
}
