;Exported by:	 tolokolnikova
;Date:			 10.05.2016 17:03:25
;File:			 D:\gem2\gem2-mdl-soldiers\models\entourage\barricade_cobl_g2\barricade_new.max
{skeleton
	{bone "b1_c3_x"
		{orientation
			1 	 0 	 0
			0 	 -1 	 0
			0 	 0 	 1
		}
		{bone "piece01"
			{matrix34
				0.9848 	 -0.1736 	 0
				0.1632 	 0.9254 	 -0.342
				0.0594 	 0.3368 	 0.9397
				20.9276 	 -10.4825 	 9.0664
			}
			{poly "piece01"}
		}
		{bone "piece02"
			{matrix34
				-0.514 	 0.6452 	 0.5653
				0.2952 	 -0.4857 	 0.8227
				0.8054 	 0.5897 	 0.0592
				19.888 	 1.6211 	 21.8027
			}
			{poly "piece02"}
		}
		{bone "piece03"
			{matrix34
				-0.9659 	 0.2588 	 0
				0.2588 	 0.9659 	 0
				0 	 0 	 -1
				13.2074 	 -1.013 	 9.0861
			}
			{poly "piece03"}
		}
		{bone "piece04"
			{Position 23.0532 	 5.9405 	 9.4745}
			{poly "piece04"}
		}
	}
}
{volume "piece01"
	{cylinder 5.88196 17.0252}
	{bone "piece01"}
	{matrix34
		0.8142 	 0.5777 	 -0.0582
		-0.5774 	 0.8161 	 0.0229
		0.0607 	 0.0149 	 0.998
		-0.3265 	 0.3831 	 -0.0303
	}
}
{volume "piece02"
	{cylinder 5.68725 17.0806}
	{bone "piece02"}
	{matrix34
		-0.7218 	 -0.6902 	 -0.051
		0.6907 	 -0.7231 	 0.0094
		-0.0434 	 -0.0284 	 0.9987
		-0.0855 	 0.1679 	 -1.3125
	}
}
{volume "piece03"
	{cylinder 5.88196 17.0252}
	{bone "piece03"}
	{matrix34
		-0.9091 	 0.4114 	 0.0651
		0.4139 	 0.9098 	 0.0303
		-0.0468 	 0.0545 	 -0.9974
		0.3644 	 0.4226 	 -0.3671
	}
}
{volume "piece04"
	{cylinder 5.88196 17.0252}
	{bone "piece04"}
	{matrix34
		0.8926 	 0.3736 	 -0.2522
		-0.4341 	 0.8632 	 -0.2576
		0.1215 	 0.3395 	 0.9327
		0 	 0 	 0
	}
}
