;Exported by	: KobaA
;Date			: 11.04.2024 14:33:51
;File			: d:\git\gem2-mdl-soldiers\models\entourage\box_fruit\sh_box_gem2_x.max
{skeleton
	{bone "basis10"
		{orientation
			1 	 0 	 0
			0 	 -1 	 0
			0 	 0 	 1
		}
		{bone "piece01"
			{matrix34
				-0.9962 	 0 	 -0.0872
				0 	 1 	 0
				0.0872 	 0 	 -0.9962
				6.0395 	 0.0722 	 11.1039
			}
			{poly "piece01"}
		}
		{bone "piece02"
			{matrix34
				0.8645 	 -0.1385 	 -0.4832
				0.2638 	 0.9433 	 0.2016
				0.4279 	 -0.3018 	 0.852
				-8.031 	 -0.9163 	 11.5567
			}
			{poly "piece02"}
		}
		{bone "piece03"
			{matrix34
				0.908 	 0.4118 	 0.0768
				-0.4189 	 0.8927 	 0.1664
				0 	 -0.1832 	 0.9831
				-0.7875 	 5.6718 	 16.1126
			}
			{poly "piece03"}
		}
		{bone "fx_wood"
		}
	}
}
{"volumes"
	{"piece01"
		{box 0.685231 8.13736 12.7097}
		{bone "piece01"}
		{Position -0.0202 	 2.2643 	 1.1034}
	}
	{"piece02"
		{box 0.685231 12.9164 12.7097}
		{bone "piece02"}
		{Position -0.0202 	 -0.4126 	 1.1034}
	}
	{"piece03"
		{box 13.6986 0.96412 0.894256}
		{bone "piece03"}
		{Position 0.0059 	 0.0339 	 -0.036}
	}
}
