;Exported by	: KobaA
;Date			: 22.05.2023 16:36:36
;File			: D:\git\gem2-mdl-soldiers\models\entourage\bridge_river\bridge_river_settings_x.max
{skeleton
	{bone "bridge_river_1_piece_009_x"
		{orientation
			1 	 0 	 0
			0 	 -1 	 0
			0 	 0 	 1
		}
		{bone "piece01"
			{Position -93.4558 	 -5.1 	 9.9114}
			{poly "piece01"}
		}
		{bone "piece02"
			{Position -36.9477 	 -3.834 	 9.241}
			{poly "piece02"}
		}
		{bone "piece03"
			{Position 27.4274 	 -3.5952 	 6.9596}
			{poly "piece03"}
		}
		{bone "piece04"
			{Position 83.8463 	 -5.1 	 9.9114}
			{poly "piece04"}
		}
		{bone "piece05"
			{matrix34
				-0.8323 	 0 	 0.5543
				0 	 1 	 0
				-0.5543 	 0 	 -0.8323
				39.665 	 -0.5121 	 67.1511
			}
			{poly "piece05"}
		}
		{bone "piece06"
			{matrix34
				-0.0872 	 0.0868 	 0.9924
				-0.9962 	 -0.0076 	 -0.0868
				0 	 -0.9962 	 0.0872
				-1.5603 	 2.4665 	 70.3723
			}
			{poly "piece06"}
		}
		{bone "piece07"
			{matrix34
				-0.8323 	 0 	 -0.5543
				0 	 -1 	 0
				-0.5543 	 0 	 0.8323
				-40.561 	 -0.2361 	 67.0159
			}
			{poly "piece07"}
		}
		{bone "piece08"
			{matrix34
				0 	 0 	 -1
				0 	 1 	 0
				1 	 0 	 0
				-51.272 	 -0.7053 	 140.241
			}
			{poly "piece08"}
		}
		{bone "piece09"
			{matrix34
				-0.0872 	 0.0868 	 0.9924
				-0.9962 	 -0.0076 	 -0.0868
				0 	 -0.9962 	 0.0872
				-79.8595 	 2.9534 	 67.0035
			}
			{poly "piece09"}
		}
		{bone "piece10"
			{matrix34
				-0.8775 	 0 	 0.4796
				0 	 -1 	 0
				0.4796 	 0 	 0.8775
				-106.354 	 1.4309 	 90.3306
			}
			{poly "piece10"}
		}
		{bone "piece11"
			{matrix34
				-0.8323 	 0 	 -0.5543
				0 	 -1 	 0
				-0.5543 	 0 	 0.8323
				-112.044 	 1.9925 	 58.7737
			}
			{poly "piece11"}
		}
		{bone "piece12"
			{matrix34
				-0.0872 	 0.0868 	 0.9924
				-0.9962 	 -0.0076 	 -0.0868
				0 	 -0.9962 	 0.0872
				78.0093 	 2.1492 	 66.7455
			}
			{poly "piece12"}
		}
		{bone "piece13"
			{matrix34
				0 	 0 	 -1
				0 	 1 	 0
				1 	 0 	 0
				65.7724 	 -0.7054 	 140.241
			}
			{poly "piece13"}
		}
	}
}
{"volumes"
	{"piece01_01"
		{box 1.57382 1.84789 20.3783}
		{bone "piece01"}
		{Position 17.5647 	 0 	 0.3147}
	}
	{"piece01_02"
		{box 48.7799 1.93489 1.18789}
		{bone "piece01"}
		{Position 0.2744 	 0 	 8.0715}
	}
	{"piece01_03"
		{box 17.6137 1.66255 1.62709}
		{bone "piece01"}
		{matrix34
			0 	 0 	 -1
			0 	 1 	 0
			1 	 0 	 0
			-16.1994 	 0 	 -1.1562
		}
	}
	{"piece01_04"
		{box 62.2563 1.23833 0.819643}
		{bone "piece01"}
		{Position 0.8394 	 0 	 -5.5029}
	}
	{"piece02_01"
		{box 57.3881 1.93489 1.18789}
		{bone "piece02"}
		{Position -1.7602 	 -1.266 	 8.742}
	}
	{"piece02_02"
		{box 51.4515 1.23833 0.819643}
		{bone "piece02"}
		{Position 1.7834 	 -1.266 	 -4.8325}
	}
	{"piece02_03"
		{box 17.6137 1.66255 1.62709}
		{bone "piece02"}
		{matrix34
			0 	 0 	 -1
			0 	 1 	 0
			1 	 0 	 0
			-5.2252 	 -1.266 	 -0.4858
		}
	}
	{"piece03_01"
		{box 17.6137 1.66255 1.62709}
		{bone "piece03"}
		{matrix34
			0 	 0 	 -1
			0 	 1 	 0
			1 	 0 	 0
			31.6426 	 -1.5048 	 -2.9543
		}
	}
	{"piece03_02"
		{box 69.5279 1.93489 1.18789}
		{bone "piece03"}
		{matrix34
			0.9976 	 0 	 -0.0688
			0 	 1 	 0
			0.0688 	 0 	 0.9976
			-1.0479 	 -1.5048 	 8.6557
		}
	}
	{"piece03_03"
		{box 17.6137 1.66255 1.62709}
		{bone "piece03"}
		{matrix34
			0 	 0 	 -1
			0 	 1 	 0
			1 	 0 	 0
			-2.173 	 -1.5048 	 -0.6112
		}
	}
	{"piece03_04"
		{box 65.4186 1.21898 0.855279}
		{bone "piece03"}
		{matrix34
			0.9976 	 0 	 -0.0688
			0 	 1 	 0
			0.0688 	 0 	 0.9976
			-1.3749 	 -1.5048 	 -4.7913
		}
	}
	{"piece04_01"
		{box 1.57382 1.84789 20.3783}
		{bone "piece04"}
		{Position 17.5647 	 0 	 0.3147}
	}
	{"piece04_02"
		{box 48.7799 1.93489 1.18789}
		{bone "piece04"}
		{Position 0.2744 	 0 	 8.0715}
	}
	{"piece04_03"
		{box 17.6137 1.66255 1.62709}
		{bone "piece04"}
		{matrix34
			0 	 0 	 -1
			0 	 1 	 0
			1 	 0 	 0
			-16.1994 	 0 	 -1.1562
		}
	}
	{"piece04_04"
		{box 62.2563 1.23833 0.819643}
		{bone "piece04"}
		{Position 0.8394 	 0 	 -5.5029}
	}
	{"piece05"
		{box 121.586 8.14764 6.09909}
		{bone "piece05"}
		{matrix34
			-0.0986 	 0 	 0.9951
			0 	 -1 	 0
			0.9951 	 0 	 0.0986
			2.2149 	 -0.1898 	 -4.7163
		}
	}
	{"piece06"
		{box 105.311 8.14764 6.09909}
		{bone "piece06"}
		{matrix34
			-1 	 0 	 0
			0 	 0 	 -1
			0 	 -1 	 0
			0.7926 	 -0.471 	 1.9708
		}
	}
	{"piece07"
		{box 125.32 8.14764 6.09909}
		{bone "piece07"}
		{matrix34
			-0.0059 	 0 	 -1
			0 	 1 	 0
			1 	 0 	 -0.0059
			-2.4171 	 -0.0862 	 -0.8475
		}
	}
	{"piece08"
		{box 118.076 8.14764 6.09909}
		{bone "piece08"}
		{matrix34
			0 	 0 	 1
			0 	 1 	 0
			-1 	 0 	 0
			0.4585 	 0.3831 	 0.1379
		}
	}
	{"piece09"
		{box 105.311 8.14764 6.09909}
		{bone "piece09"}
		{matrix34
			-1 	 0 	 0
			0 	 0 	 -1
			0 	 -1 	 0
			0.4083 	 2.3918 	 2.7493
		}
	}
	{"piece10"
		{box 79.932 8.14764 6.09909}
		{bone "piece10"}
		{matrix34
			0.0059 	 0 	 -1
			0 	 -1 	 0
			-1 	 0 	 -0.0059
			0.857 	 1.4041 	 -1.988
		}
	}
	{"piece11"
		{box 94.472 8.14764 6.09909}
		{bone "piece11"}
		{matrix34
			0.0812 	 0 	 -0.9967
			0 	 -1 	 0
			-0.9967 	 0 	 -0.0812
			-2.1962 	 2.3148 	 0.0603
		}
	}
	{"piece12"
		{box 105.311 8.14764 6.09909}
		{bone "piece12"}
		{matrix34
			-1 	 0 	 0
			0 	 0 	 -1
			0 	 -1 	 0
			0.7926 	 -0.471 	 1.455
		}
	}
	{"piece13"
		{box 118.076 8.14764 6.09909}
		{bone "piece13"}
		{matrix34
			0 	 0 	 1
			0 	 1 	 0
			-1 	 0 	 0
			0.4585 	 0.3831 	 0.1379
		}
	}
}
