;Exported by	: joomb
;Date			: 10.05.2024 13:24:49
;File			: h:\git\gem2-mdl-soldiers\models\unit\vehicle\pak_37t\pak_37t.max
{skeleton
	{animation
		{sequence "close" {speed 0.5}}
		{sequence "recoil" {speed 0.5}}
	}
	{bone revolute "basis"
		{speed 0.01}
		{orientation
			1 	 0 	 0
			0 	 -1 	 0
			0 	 0 	 1
		}
		{bone "body"
			{parameters "id=body;"}
			{matrix34
				0.9986 	 0 	 0.0523
				-0.0523 	 0 	 0.9986
				0 	 -1 	 0
				0 	 0 	 6.8321
			}
			{poly "body" {lod 0}}
			{poly "body_lod1" {lod 1}}
			{poly "body_lod2" {lod 2}}
			{poly "body_lod3" {lod 3 {last}}}
			{bone "standl"
				{parameters "id=body;"}
				{matrix34
					0.9397 	 0 	 0.342
					0 	 1 	 0
					-0.342 	 0 	 0.9397
					-2.4513 	 -1.003 	 -5.1567
				}
				{poly "standl" {lod 0}}
				{poly "standl_lod1" {lod 1}}
				{poly "standl_lod2" {lod 2}}
				{poly "standl_lod3" {lod 3 {last}}}
				{bone "emphasisl"
					{parameters "id=body;"}
					{matrix34
						1 	 0 	 0
						0 	 0 	 1
						0 	 -1 	 0
						-32.6815 	 0.4305 	 -1.0096
					}
					{poly "emphasisl" {lod 0}}
					{poly "emphasisl_lod1" {lod 1}}
					{poly "emphasisl_lod2" {lod 2}}
					{poly "emphasisl_lod3" {lod 3 {last}}}
				}
			}
			{bone "standr"
				{parameters "id=body;"}
				{matrix34
					0.9397 	 0 	 -0.342
					0.342 	 0 	 0.9397
					0 	 -1 	 0
					-2.4513 	 1.9755 	 5.1567
				}
				{poly "standr" {lod 0}}
				{poly "standr_lod1" {lod 1}}
				{poly "standr_lod2" {lod 2}}
				{poly "standr_lod3" {lod 3 {last}}}
				{bone "locker01"
					{parameters "id=body;"}
					{matrix34
						-0.9969 	 0.0785 	 0.0087
						-0.0025 	 0.0789 	 -0.9969
						-0.0789 	 -0.9938 	 -0.0785
						-12.9685 	 1.098 	 3.029
					}
					{poly "locker01" {lod 0}}
					{poly "locker01_lod1" {lod 1}}
					{poly "locker01_lod2" {lod 2}}
					{poly "locker01_lod3" {lod 3 {last}}}
					{bone "locker02"
						{parameters "id=body;"}
						{Position 1.4623 	 -0.0547 	 -0.0517}
						{poly "locker02" {lod 0}}
						{poly "locker02_lod1" {lod 1}}
						{poly "locker02_lod2" {lod 2}}
						{poly "locker02_lod3" {lod 3 {last}}}
						{bone "locker03"
							{parameters "id=body;"}
							{matrix34
								-0.9967 	 -0.0103 	 -0.08
								-0.0789 	 -0.0822 	 0.9935
								-0.0168 	 0.9966 	 0.0811
								0.3625 	 -0.0052 	 0.0028
							}
							{poly "locker03" {lod 0}}
							{poly "locker03_lod1" {lod 1}}
							{poly "locker03_lod2" {lod 2}}
							{poly "locker03_lod3" {lod 3 {last}}}
							{bone "locker04"
								{parameters "id=body;"}
								{matrix34
									-0.1663 	 -0.0727 	 0.9834
									-0.9861 	 0.0068 	 -0.1662
									0.0054 	 -0.9973 	 -0.0728
									-7.3278 	 -0.1098 	 1.9916
								}
								{poly "locker04" {lod 0}}
								{poly "locker04_lod1" {lod 1}}
								{poly "locker04_lod2" {lod 2}}
								{poly "locker04_lod3" {lod 3 {last}}}
							}
						}
					}
				}
				{bone "emphasisr"
					{parameters "id=body;"}
					{Position -32.6812 	 0.9952 	 2.531}
					{poly "emphasisr" {lod 0}}
					{poly "emphasisr_lod1" {lod 1}}
					{poly "emphasisr_lod2" {lod 2}}
					{poly "emphasisr_lod3" {lod 3 {last}}}
				}
			}
			{bone "seat1"
				{matrix34
					-0.0136 	 0.0861 	 -0.9962
					-0.9877 	 -0.1564 	 0
					-0.1558 	 0.9839 	 0.0872
					-14.7822 	 -16.3558 	 -5.3836
				}
			}
			{bone "seat2"
				{matrix34
					-0.0136 	 0.0861 	 0.9962
					0.9877 	 0.1564 	 0
					-0.1558 	 0.9839 	 -0.0872
					-15.8477 	 -16.5246 	 5.4447
				}
			}
			{bone "seat3"
				{matrix34
					-0.0136 	 0.0861 	 -0.9962
					-0.9877 	 -0.1564 	 0
					-0.1558 	 0.9839 	 0.0872
					-27.0266 	 -18.2951 	 -5.3836
				}
			}
			{bone "seat4"
				{matrix34
					-0.0136 	 0.0861 	 0.9962
					0.9877 	 0.1564 	 0
					-0.1558 	 0.9839 	 -0.0872
					-26.4252 	 -18.1999 	 5.4447
				}
			}
			{bone revolute "turret"
				{parameters "id=turret;"}
				{limits -30 30}
				{speed 0.01}
				{matrix34
					1 	 0 	 0
					0 	 0 	 -1
					0 	 1 	 0
					-0.3965 	 2.2644 	 -0.0046
				}
				{poly "turret" {lod 0}}
				{poly "turret_lod1" {lod 1}}
				{poly "turret_lod2" {lod 2}}
				{poly "turret_lod3" {lod 3 {last}}}
				{bone revolute "gun_rotator2"
					{parameters "id=turret;"}
					{matrix34
						-0.6428 	 0 	 0.766
						0.766 	 0 	 0.6428
						0 	 1 	 0
						5.985 	 -0.0046 	 5.4156
					}
					{poly "gun_rotator2" {lod 0}}
					{poly "gun_rotator2_lod1" {lod 1}}
					{poly "gun_rotator2_lod2" {lod 2}}
					{poly "gun_rotator2_lod3" {lod 3 {last}}}
				}
				{bone revolute "gun_rot"
					{parameters "id=gun;"}
					{limits -5 30}
					{speed 0.08}
					{matrix34
						0.999 	 0 	 -0.0436
						0.0436 	 0 	 0.999
						0 	 -1 	 0
						-0.6835 	 -0.0039 	 7.8515
					}
					{poly "gun_rot" {lod 0}}
					{poly "gun_rot_lod1" {lod 1}}
					{poly "gun_rot_lod2" {lod 2}}
					{poly "gun_rot_lod3" {lod 3 {last}}}
					{bone "gun"
						{parameters "id=gun;"}
						{Position -0.0314 	 -0.1115 	 -0.0076}
						{poly "gun" {lod 0}}
						{poly "gun_lod1" {lod 1}}
						{poly "gun_lod2" {lod 2}}
						{poly "gun_lod3" {lod 3 {last}}}
						{bone "shutter"
							{parameters "id=gun;"}
							{Position -7.6172 	 -0.023 	 -0.0222}
							{poly "shutter" {lod 0}}
							{poly "shutter_lod1" {lod 1}}
							{poly "shutter_lod2" {lod 2}}
							{poly "shutter_lod3" {lod 3 {last}}}
						}
						{bone "visor"
							{matrix34
								1 	 0.0087 	 0
								0 	 0 	 -1
								-0.0087 	 1 	 0
								5.5317 	 10.8527 	 0.1282
							}
						}
						{bone "visor2"
							{matrix34
								1 	 0.0087 	 0
								0 	 0 	 -1
								-0.0087 	 1 	 0
								7.3245 	 4.9878 	 -5.3999
							}
						}
						{bone "foresight1"
							{matrix34
								1 	 0.0087 	 0
								0 	 0 	 -1
								-0.0087 	 1 	 0
								42.3437 	 -0.4082 	 0.0083
							}
						}
						{bone "fx_invers"
							{matrix34
								-0.9997 	 0.0262 	 0
								0 	 0 	 1
								0.0262 	 0.9997 	 0
								-9.6446 	 -0.1586 	 0.1282
							}
						}
					}
					{bone revolute "gun_rotator1"
						{parameters "id=gun;"}
						{matrix34
							0.6989 	 -0.7152 	 0
							-0.7152 	 -0.6989 	 0
							0 	 0 	 -1
							2.4799 	 2.2614 	 0.0007
						}
						{poly "gun_rotator1" {lod 0}}
						{poly "gun_rotator1_lod1" {lod 1}}
						{poly "gun_rotator1_lod2" {lod 2}}
						{poly "gun_rotator1_lod3" {lod 3 {last}}}
					}
				}
				{bone "cover"
					{parameters "id=turret;"}
					{matrix34
						0.9442 	 0.0528 	 0.3251
						-0.325 	 -0.0099 	 0.9457
						0.0531 	 -0.9986 	 0.0078
						5.3202 	 6.4771 	 12.4301
					}
					{poly "cover" {lod 0}}
					{poly "cover_lod1" {lod 1}}
					{poly "cover_lod2" {lod 2}}
					{poly "cover_lod3" {lod 3 {last}}}
				}
			}
		}
		{bone "driver1"
			{Position -16.7019 	 12.3621 	 0}
		}
		{bone "driver2"
			{Position -16.7019 	 -12.362 	 0}
		}
		{bone "emit1"
			{matrix34
				0 	 -1 	 0
				1 	 0 	 0
				0 	 0 	 1
				-16.6947 	 19.6217 	 0
			}
		}
		{bone "emit2"
			{matrix34
				0 	 1 	 0
				-1 	 0 	 0
				0 	 0 	 1
				-16.6947 	 -19.6217 	 0
			}
		}
		{bone "emit_l1"
			{matrix34
				0 	 -1 	 0
				1 	 0 	 0
				0 	 0 	 1
				-34.8125 	 9.1234 	 0
			}
		}
		{bone "emit_r1"
			{matrix34
				0 	 1 	 0
				-1 	 0 	 0
				0 	 0 	 1
				-34.2773 	 -7.3015 	 0
			}
		}
		{bone "link1"
			{matrix34
				-1 	 0 	 0
				0 	 -1 	 0
				0 	 0 	 1
				-36.2495 	 0 	 5.6444
			}
		}
		{bone "pivot_back"
			{Position -39.9334 	 0 	 3.1294}
		}
		{bone "pivot_front"
			{Position 0.2911 	 0 	 6.8321}
			{bone revolute "wheell"
				{parameters "id=wheelleft;radius=0.36;"}
				{matrix34
					1 	 0 	 0
					0 	 0 	 -1
					0 	 1 	 0
					0.0353 	 13.5691 	 0.1558
				}
				{poly "wheell" {lod 0}}
				{poly "wheell_lod1" {lod 1}}
				{poly "wheell_lod2" {lod 2}}
				{poly "wheell_lod3" {lod 3 {last}}}
			}
			{bone revolute "wheelr"
				{parameters "id=wheelright;radius=0.36;"}
				{matrix34
					1 	 0 	 0
					0 	 0 	 -1
					0 	 1 	 0
					0.0353 	 -13.4087 	 0.1558
				}
				{poly "wheelr" {lod 0}}
				{poly "wheelr_lod1" {lod 1}}
				{poly "wheelr_lod2" {lod 2}}
				{poly "wheelr_lod3" {lod 3 {last}}}
			}
			{bone "fxtracer1"
				{matrix34
					-0.9659 	 0 	 0.2588
					0 	 -1 	 0
					0.2588 	 0 	 0.9659
					-3.9468 	 -13.5691 	 -6.8321
				}
			}
			{bone "fxtracel1"
				{matrix34
					-0.9659 	 0 	 0.2588
					0 	 -1 	 0
					0.2588 	 0 	 0.9659
					-3.9468 	 13.5691 	 -6.8321
				}
			}
		}
		{bone "driver_l1"
			{Position -36.5847 	 5.8607 	 0}
		}
		{bone "driver_r1"
			{Position -36.5847 	 -5.8606 	 0}
		}
		{bone "attack_r1"
			{matrix34
				0.015 	 0.9999 	 0
				-0.9999 	 0.015 	 0
				0 	 0 	 1
				-34.2773 	 -7.3015 	 0
			}
		}
		{bone "attack_l1"
			{matrix34
				0.4721 	 -0.8815 	 0
				0.8815 	 0.4721 	 0
				0 	 0 	 1
				-34.8125 	 9.1234 	 0
			}
		}
		{bone "commander"
			{matrix34
				0.9848 	 0.1736 	 0
				-0.1736 	 0.9848 	 0
				0 	 0 	 1
				-15.1622 	 -7.2199 	 0
			}
		}
		{bone "gunner"
			{matrix34
				0.9962 	 0.0872 	 0
				-0.0872 	 0.9962 	 0
				0 	 0 	 1
				-16.4689 	 3.255 	 0
			}
		}
	}
}
{obstacle "close"
	{obb2
		{center -11.2184 -2.04089e-07}
		{extent 23.4037 6.14609}
		{axis -1 -1.46516e-07}
	}
	{rotate}
	{tags "close"}
}
{obstacle "obstacle"
	{obb2
		{center 0.692739 5.31958e-07}
		{extent 8.12715 14.3883}
		{axis -1 -1.46516e-07}
	}
	{rotate}
}
{obstacle "openl"
	{obb2
		{center -23.162 -12.7597}
		{extent 23.2006 1.73618}
		{axis -0.939693 -0.34202}
	}
	{rotate}
	{tags "open"}
}
{obstacle "openr"
	{obb2
		{center -23.162 12.7596}
		{extent 23.2006 1.73618}
		{axis -0.939693 0.34202}
	}
	{rotate}
	{tags "open"}
}
{"volumes"
	{"body"
		{box 4.40521 25.9289 4.01879}
		{bone "body"}
		{matrix34
			0.9986 	 -0.0523 	 0
			0 	 0 	 -1
			0.0523 	 0.9986 	 0
			0.1718 	 0.1941 	 0
		}
	}
	{"emphasisl"
		{box 12.2313 1.534 2.37769}
		{bone "emphasisl"}
		{matrix34
			0.9976 	 0 	 -0.0698
			0 	 -1 	 0
			-0.0698 	 0 	 -0.9976
			-4.6608 	 1.117 	 1.7359
		}
	}
	{"emphasisr"
		{box 12.2313 1.534 2.37769}
		{bone "emphasisr"}
		{matrix34
			0.9976 	 0 	 -0.0698
			0 	 -1 	 0
			-0.0698 	 0 	 -0.9976
			-4.6611 	 -1.1027 	 1.7529
		}
	}
	{"gun"
		{cylinder 1.17666 37.6057}
		{bone "gun"}
		{matrix34
			-0.0087 	 -1 	 0
			0 	 0 	 -1
			1 	 -0.0087 	 0
			23.3566 	 -0.4525 	 0.0075
		}
	}
	{"gun_rot"
		{cylinder 1.17666 31.0791}
		{bone "gun_rot"}
		{matrix34
			-0.0087 	 -1 	 0
			0 	 0 	 -1
			1 	 -0.0087 	 0
			11.4692 	 2.2625 	 0
		}
	}
	{"shutter"
		{box 7.28136 5.69934 3.75873}
		{bone "shutter"}
		{matrix34
			1 	 -0.0087 	 0
			0 	 0 	 -1
			0.0087 	 1 	 0
			1.3917 	 -0.3902 	 0.4966
		}
	}
	{"standl"
		{box 29.1222 1.534 2.37769}
		{bone "standl"}
		{matrix34
			0.9986 	 0.0534 	 -0.0004
			0 	 -0.006 	 -1
			-0.0534 	 0.9986 	 -0.006
			-16.5666 	 -0.0015 	 0.0678
		}
	}
	{"standr"
		{box 29.1222 1.534 2.37769}
		{bone "standr"}
		{matrix34
			0.9993 	 -0.0009 	 -0.0371
			0.0005 	 -0.9992 	 0.0389
			-0.0371 	 -0.0389 	 -0.9986
			-16.5472 	 -0.1212 	 2.9799
		}
	}
	{"turret01"
		{cylinder 4.549 8.19811}
		{bone "turret"}
		{matrix34
			1 	 0 	 0
			0 	 1 	 0
			0 	 0 	 1
			-0.149 	 0.6241 	 4.7324
		}
	}
	{"turret02"
		{box 3.20919 7.77986 3.37184}
		{bone "turret"}
		{matrix34
			0.9986 	 0 	 -0.0523
			0 	 1 	 0
			0.0523 	 0 	 0.9986
			5.2064 	 0.6972 	 3.9016
		}
	}
	{"turret03"
		{box 0.364465 14.6347 8.09112}
		{bone "turret"}
		{matrix34
			0.9455 	 0 	 0.3256
			0 	 1 	 0
			-0.3256 	 0 	 0.9455
			8.1559 	 -0.0095 	 3.9684
		}
	}
	{"turret04"
		{box 0.364465 26.0497 10.2897}
		{bone "turret"}
		{matrix34
			0.9455 	 0 	 0.3256
			0 	 1 	 0
			-0.3256 	 0 	 0.9455
			5.1857 	 -0.0095 	 12.5945
		}
	}
	{"wheelleft"
		{cylinder 7.08661 1.51214}
		{bone "wheell"}
		{Position 0 	 0 	 -0.3583}
	}
	{"wheelright"
		{cylinder 7.08661 1.51214}
		{bone "wheelr"}
		{matrix34
			1 	 0 	 0
			0 	 -1 	 0
			0 	 0 	 -1
			0 	 0 	 0.1979
		}
	}
}
