;Exported by:	 KobaA
;Date:			 07.12.2020 11:41:40
;File:			 G:\_GIT_\gem2\gem2-mdl-soldiers\models\unit\humanskin\rus_unit\stuff\rus_cap.max
{skeleton
	{bone "ussr_machinguner_cap"
		{orientation
			1 	 0 	 0
			0 	 -1 	 0
			0 	 0 	 1
		}
		{VolumeView "ussr_machinguner_cap.ply"}
		{bone "handle"
			{matrix34
				0.9996 	 0.0136 	 0.024
				-0.0213 	 -0.1743 	 0.9845
				0.0175 	 -0.9846 	 -0.1739
				0.5632 	 -1.5037 	 3.4149
			}
		}
	}
}
{volume "body"
	{box 5.27172 4.50587 3.1518}
	{bone "ussr_machinguner_cap"}
	{matrix34
		0.9897 	 -0.0076 	 0.143
		-0.0175 	 0.9846 	 0.1739
		-0.1421 	 -0.1747 	 0.9743
		-0.3897 	 -0.3994 	 4.7255
	}
}
{volume "select"
	{box 5.47762 3.46634 3.3075}
	{bone "ussr_machinguner_cap"}
	{matrix34
		0.9897 	 -0.0076 	 0.143
		-0.0175 	 0.9846 	 0.1739
		-0.1421 	 -0.1747 	 0.9743
		-0.3631 	 -0.3907 	 4.6785
	}
}
{extender "preview"
	{"stuff"
		{camera
			{origin 5.2535 	 4.3895 	 3.6017}
			{lookat -0.9535 	 -0.6972 	 4.3264}
			{fov 36.2437}
			{horizon -8.52772}
		}
		{lights
			{"0"
				{type directional}
				{direction -0.1927 	 -0.4126 	 -0.2065}
				{ambient 0xfffff9d3}
				{diffuse 0xffa6defb}
			}
			{"1"
				{type point}
				{position -6.0591 	 4.0076 	 5.4157}
				{diffuse 0xfff7f4e8}
			}
			{"2"
				{type point}
				{position 1.3868 	 -2.0263 	 5.6443}
				{diffuse 0xffe1d6a8}
			}
		}
	}
}
