;Exported by	: KobaA
;Date			: 12.12.2023 17:17:34
;File			: d:\git\gem2-mdl-soldiers\models\landscape\rock\rock_m10_g2\rock_m10_g2.max
{skeleton
	{bone "rock_m10b_g2"
		{orientation
			1 	 0 	 0
			0 	 -1 	 0
			0 	 0 	 1
		}
		{poly "rock_m10b_g2"}
	}
}
{obstacle "obstacle00"
	{polygon2
		{radius 0}
		{vertex 5.35852 -64.7505}
		{vertex 24.0325 -52.0062}
		{vertex 50.3756 36.5894}
		{vertex -7.51145 66.6932}
		{vertex -26.9424 44.0636}
		{vertex -36.1641 -47.0726}
	}
	{rotate}
}
{obstacle "obstacle01"
	{polygon2
		{radius 0}
		{vertex 59.8313 -33.7115}
		{vertex 67.2314 -9.86676}
		{vertex 57.5702 7.40002}
		{vertex -50.3475 26.928}
		{vertex -66.381 -1.64447}
		{vertex -63.5032 -27.1336}
		{vertex 38.8644 -40.0837}
	}
	{rotate}
}
{"volumes"
	{"rock01"
		{polyhedron}
		{bone "rock_m10b_g2"}
		{matrix34
			-0.9416 	 -0.3366 	 0
			-0.3366 	 0.9416 	 0
			0 	 0 	 -1
			-37.1386 	 6.3248 	 -5.0894
		}
	}
	{"rock02"
		{polyhedron}
		{bone "rock_m10b_g2"}
		{matrix34
			0.2985 	 0.9103 	 0.2867
			-0.388 	 -0.1587 	 0.9079
			0.872 	 -0.3823 	 0.3059
			40.5365 	 14.7333 	 6.4823
		}
	}
	{"rock03"
		{polyhedron}
		{bone "rock_m10b_g2"}
		{matrix34
			-0.8996 	 0.3775 	 -0.2196
			-0.4332 	 -0.8352 	 0.3389
			-0.0554 	 0.4 	 0.9149
			12.9684 	 -26.6421 	 10.1554
		}
	}
	{"rock04"
		{polyhedron}
		{bone "rock_m10b_g2"}
		{matrix34
			0.365 	 -0.3618 	 -0.8578
			-0.6484 	 0.5624 	 -0.5131
			0.6681 	 0.7435 	 -0.0293
			-7.6339 	 40.8384 	 3.7033
		}
	}
}
