;Exported by:	 tolokolnikova
;Date:			 27.04.2016 10:40:12
;File:			 D:\gem2\gem2-mdl-soldiers\models\building\hangar_wood\HW2_x.max
{skeleton
	{bone "hangar_piece_10"
		{orientation
			1 	 0 	 0
			0 	 -1 	 0
			0 	 0 	 1
		}
		{bone "piece01"
			{matrix34
				-0.9848 	 0 	 0.1736
				0 	 -1 	 0
				0.1736 	 0 	 0.9848
				25.7802 	 -32.2954 	 18.848
			}
			{poly "piece01"}
		}
		{bone "piece02"
			{matrix34
				-0.6947 	 0 	 0.7193
				0 	 -1 	 0
				0.7193 	 0 	 0.6947
				-29.9148 	 -32.1658 	 -29.7676
			}
			{poly "piece02"}
		}
		{bone "piece03"
			{matrix34
				-1 	 0 	 0
				0 	 -1 	 0
				0 	 0 	 1
				-28.1637 	 -32.3422 	 24.0302
			}
			{poly "piece03"}
		}
		{bone "piece04"
			{matrix34
				-0.766 	 0 	 -0.6428
				0 	 -1 	 0
				-0.6428 	 0 	 0.766
				-13.9972 	 -32.3334 	 -1.8437
			}
			{poly "piece04"}
		}
		{bone "piece05"
			{matrix34
				0.4226 	 0 	 0.9063
				0 	 -1 	 0
				0.9063 	 0 	 -0.4226
				7.0995 	 -32.2926 	 -19.4062
			}
			{poly "piece05"}
		}
		{bone "piece06"
			{matrix34
				0.3907 	 0 	 -0.9205
				0 	 -1 	 0
				-0.9205 	 0 	 -0.3907
				-58.5129 	 -32.3928 	 16.9214
			}
			{poly "piece06"}
		}
		{bone "piece07"
			{matrix34
				-1 	 0 	 0
				0 	 -1 	 0
				0 	 0 	 1
				-56.1805 	 -32.3462 	 -22.3203
			}
			{poly "piece07"}
		}
		{bone "piece08"
			{matrix34
				-1 	 0 	 0
				0 	 -1 	 0
				0 	 0 	 1
				35.9521 	 -32.2211 	 -31.805
			}
			{poly "piece08"}
		}
		{bone "sub_piece01"
			{matrix34
				-0.8746 	 0 	 -0.4848
				0 	 -1 	 0
				-0.4848 	 0 	 0.8746
				-47.8979 	 -32.2301 	 29.5433
			}
			{poly "sub_piece01"}
		}
		{bone "sub_piece02"
			{matrix34
				-1 	 0 	 0
				0 	 -1 	 0
				0 	 0 	 1
				3.4096 	 -32.3158 	 29.2182
			}
			{poly "sub_piece02"}
		}
		{bone "sub_piece03"
			{matrix34
				-1 	 0 	 0
				0 	 -1 	 0
				0 	 0 	 1
				21.4964 	 -32.3088 	 -23.984
			}
			{poly "sub_piece03"}
		}
		{bone "sub_piece04"
			{matrix34
				-0.5 	 0 	 0.866
				0 	 -1 	 0
				0.866 	 0 	 0.5
				-5.3207 	 -32.3191 	 -32.5438
			}
			{poly "sub_piece04"}
		}
		{bone "sub_piece05"
			{matrix34
				-1 	 0 	 0
				0 	 -1 	 0
				0 	 0 	 1
				-10.5724 	 -32.016 	 16.1889
			}
			{poly "sub_piece05"}
		}
		{bone "sub_piece08"
			{Position 4.9479 	 -6.8056 	 41.5659}
			{poly "sub_piece08"}
		}
		{bone "sub_piece06"
			{matrix34
				1 	 0 	 0
				0 	 -0.1392 	 0.9903
				0 	 -0.9903 	 -0.1392
				31.5965 	 -29.9883 	 38.0839
			}
			{poly "sub_piece06"}
		}
		{bone "sub_piece09"
			{Position -5.1558 	 -43.1531 	 36.3381}
			{poly "sub_piece09"}
		}
		{bone "sub_piece07"
			{Position -42.7996 	 -33.7592 	 37.6854}
			{poly "sub_piece07"}
		}
	}
}
{volume "piece01"
	{box 26.0528 5.02991 15.5934}
	{bone "piece01"}
	{matrix34
		0.9903 	 0 	 -0.1392
		0 	 1 	 0
		0.1392 	 0 	 0.9903
		-1.5619 	 0 	 -0.4994
	}
}
{volume "piece02"
	{box 22.6546 5.02991 22.3721}
	{bone "piece02"}
	{matrix34
		0.7193 	 0 	 -0.6947
		0 	 1 	 0
		0.6947 	 0 	 0.7193
		0.5986 	 0 	 1.405
	}
}
{volume "piece03"
	{box 22.6546 5.02991 18.3451}
	{bone "piece03"}
	{Position 0.132 	 0 	 0.4039}
}
{volume "piece04"
	{box 22.6546 5.02991 15.9801}
	{bone "piece04"}
	{matrix34
		0.8829 	 0 	 -0.4695
		0 	 1 	 0
		0.4695 	 0 	 0.8829
		0.7889 	 0 	 -1.0419
	}
}
{volume "piece05"
	{box 17.2175 5.02991 12.3047}
	{bone "piece05"}
	{matrix34
		0.9994 	 0 	 0.0349
		0 	 1 	 0
		-0.0349 	 0 	 0.9994
		-0.0911 	 0 	 0.476
	}
}
{volume "piece06"
	{box 18.1817 5.02991 13.9511}
	{bone "piece06"}
	{matrix34
		-0.4226 	 0 	 0.9063
		0 	 1 	 0
		-0.9063 	 0 	 -0.4226
		-0.1335 	 0 	 -0.3404
	}
}
{volume "piece07"
	{box 23.2497 5.03493 19.3691}
	{bone "piece07"}
	{Position 0 	 0 	 -0.305}
}
{volume "piece08"
	{box 23.2497 5.03493 19.3691}
	{bone "piece08"}
	{Position -0.5087 	 0 	 0.5663}
}
{volume "sub_piece01"
	{box 13.1397 5.02991 12.1078}
	{bone "sub_piece01"}
	{matrix34
		0.8746 	 0 	 0.4848
		0 	 1 	 0
		-0.4848 	 0 	 0.8746
		-1.0171 	 0.1121 	 0.2425
	}
}
{volume "sub_piece02"
	{box 11.0908 5.02991 10.6029}
	{bone "sub_piece02"}
	{matrix34
		0.9994 	 0 	 0.0349
		0 	 1 	 0
		-0.0349 	 0 	 0.9994
		0.233 	 0 	 0.4825
	}
}
{volume "sub_piece03"
	{box 9.46961 5.02991 9.72068}
	{bone "sub_piece03"}
	{matrix34
		0.9994 	 0 	 0.0349
		0 	 1 	 0
		-0.0349 	 0 	 0.9994
		0.189 	 0 	 0.1695
	}
}
{volume "sub_piece04"
	{box 14.7255 5.02991 7.83024}
	{bone "sub_piece04"}
	{matrix34
		0.891 	 0 	 0.454
		0 	 1 	 0
		-0.454 	 0 	 0.891
		0.076 	 0 	 -0.6438
	}
}
{volume "sub_piece05"
	{box 11.0908 5.02991 10.6029}
	{bone "sub_piece05"}
	{matrix34
		0.9994 	 0 	 0.0349
		0 	 1 	 0
		-0.0349 	 0 	 0.9994
		0.1263 	 0 	 0.5407
	}
}
{volume "sub_piece06"
	{box 24.3151 1.19832 25.8059}
	{bone "sub_piece06"}
	{matrix34
		1 	 0 	 0
		0 	 -0.9994 	 -0.0349
		0 	 0.0349 	 -0.9994
		0 	 -0.2844 	 0.2674
	}
}
{volume "sub_piece07"
	{box 23.4981 1.19832 24.7736}
	{bone "sub_piece07"}
	{matrix34
		1 	 0 	 0
		0 	 0.1544 	 -0.988
		0 	 0.988 	 0.1544
		0.2914 	 -0.8337 	 0.2175
	}
}
{volume "sub_piece08"
	{box 19.2685 1.19832 14.121}
	{bone "sub_piece08"}
	{matrix34
		1 	 0 	 0
		0 	 0.1544 	 -0.988
		0 	 0.988 	 0.1544
		0.64 	 0.0229 	 0.5507
	}
}
{volume "sub_piece09"
	{box 35.8394 1.19832 16.5215}
	{bone "sub_piece09"}
	{matrix34
		1 	 0 	 0
		0 	 0.1544 	 -0.988
		0 	 0.988 	 0.1544
		1.6443 	 1.7489 	 0.77
	}
}
