;Exported by	: joomb
;Date			: 07.04.2023 14:59:25
;File			: H:\git\gem2-mdl-soldiers\models\building\house_D\D_003_cut_fort_part.max
{skeleton
	{bone "d003_piece13"
		{orientation
			1 	 0 	 0
			0 	 -1 	 0
			0 	 0 	 1
		}
		{poly "d003_piece13"}
		{bone "fix23"
			{Position 22.2105 	 16.85 	 -17.5925}
		}
		{bone "fix24"
			{Position -74.5538 	 16.85 	 1.2113}
		}
		{bone "fix25"
			{Position 71.5284 	 16.85 	 -1.625}
		}
	}
}
{"volumes"
	{"body01"
		{box 19.685 5.90551 35.4629}
		{bone "d003_piece13"}
		{Position -35.9905 	 27.1667 	 1.7063}
	}
	{"body02"
		{box 14.3701 5.90551 23.5283}
		{bone "d003_piece13"}
		{Position -52.7738 	 27.1667 	 -4.2611}
	}
	{"body04"
		{polyhedron}
		{bone "d003_piece13"}
		{Position -13.8057 	 15.5211 	 -37.9535}
	}
	{"body06"
		{box 55.0898 5.90551 31.313}
		{bone "d003_piece13"}
		{Position 24.7305 	 15.5211 	 8.4516}
	}
	{"roof01"
		{box 20.0906 0.984252 5.63374}
		{bone "d003_piece13"}
		{matrix34
			1 	 0 	 0
			0 	 -0.3584 	 -0.9336
			0 	 0.9336 	 -0.3584
			-30.4557 	 11.8216 	 27.2801
		}
	}
	{"roof02"
		{box 100.453 0.984252 18.7791}
		{bone "d003_piece13"}
		{matrix34
			1 	 0 	 0
			0 	 -0.3584 	 -0.9336
			0 	 0.9336 	 -0.3584
			4.2559 	 24.4934 	 22.4159
		}
	}
	{"roof03"
		{box 59.2269 0.984252 28.0182}
		{bone "d003_piece13"}
		{matrix34
			1 	 0 	 0
			0 	 -0.342 	 -0.9397
			0 	 0.9397 	 -0.342
			-4.5616 	 -10.5999 	 35.3445
		}
	}
	{"roof04"
		{box 74.335 0.984252 18.7791}
		{bone "d003_piece13"}
		{matrix34
			1 	 0 	 0
			0 	 -0.3584 	 -0.9336
			0 	 0.9336 	 -0.3584
			10.314 	 7.1362 	 29.0787
		}
	}
}
