;Exported by:	 vic
;Date:			 29.11.2016 10:39:19
;File:			 D:\-Project_vtv_online-\-3DWork-\building\house_vtv_221\house_001_g2_x2.max
{skeleton
	{bone "house_001_g2_piece_012_x"
		{parameters "lastpose=undefined;"}
		{orientation
			1 	 0 	 0
			0 	 -1 	 0
			0 	 0 	 1
		}
		{bone "piece00"
			{parameters "lastpose=undefined;"}
			{matrix34
				-1 	 0 	 0
				0 	 0 	 1
				0 	 1 	 0
				11.1144 	 21.8987 	 27.9176
			}
			{poly "piece00"}
		}
		{bone "piece01"
			{parameters "lastpose=undefined;"}
			{matrix34
				-0.887 	 0 	 -0.4617
				-0.4617 	 0 	 0.887
				0 	 1 	 0
				14.7993 	 21.8987 	 14.6597
			}
			{poly "piece01"}
		}
		{bone "sub_piece17"
			{parameters "lastpose=undefined;"}
			{matrix34
				0 	 1 	 0
				0 	 0 	 1
				1 	 0 	 0
				21.8283 	 -4.4436 	 13.4491
			}
			{poly "sub_piece17"}
		}
		{bone "sub_piece16"
			{parameters "lastpose=undefined;"}
			{matrix34
				0 	 1 	 0
				0 	 0 	 1
				1 	 0 	 0
				21.8283 	 -14.8187 	 24.0652
			}
			{poly "sub_piece16"}
		}
		{bone "sub_piece15"
			{parameters "lastpose=undefined;"}
			{matrix34
				0 	 1 	 0
				0 	 0 	 1
				1 	 0 	 0
				21.8283 	 -4.3586 	 23.8284
			}
			{poly "sub_piece15"}
		}
		{bone "piece02"
			{parameters "lastpose=undefined;"}
			{matrix34
				0 	 0.9397 	 0.342
				0 	 -0.342 	 0.9397
				1 	 0 	 0
				21.8283 	 4.8979 	 30.0109
			}
			{poly "piece02"}
		}
		{bone "sub_piece14"
			{parameters "lastpose=undefined;"}
			{matrix34
				0 	 1 	 0
				0 	 0 	 1
				1 	 0 	 0
				21.8283 	 12.8013 	 20.0397
			}
			{poly "sub_piece14"}
		}
		{bone "piece03"
			{parameters "lastpose=undefined;"}
			{matrix34
				-1 	 0 	 0
				0 	 -1 	 0
				0 	 0 	 1
				-0.4572 	 12.7101 	 12.4149
			}
			{poly "piece03"}
		}
		{bone "piece04"
			{parameters "lastpose=undefined;"}
			{matrix34
				-1 	 0 	 0
				0 	 0 	 1
				0 	 1 	 0
				11.606 	 21.8987 	 -21.0408
			}
			{poly "piece04"}
		}
		{bone "piece05"
			{parameters "lastpose=undefined;"}
			{matrix34
				-1 	 0 	 0
				0 	 0 	 1
				0 	 1 	 0
				-5.3768 	 21.8987 	 -2.6764
			}
			{poly "piece05"}
		}
		{bone "sub_piece13"
			{parameters "lastpose=undefined;"}
			{matrix34
				0 	 1 	 0
				0 	 0 	 1
				1 	 0 	 0
				21.8544 	 13.8692 	 6.1547
			}
			{poly "sub_piece13"}
		}
		{bone "sub_piece12"
			{parameters "lastpose=undefined;"}
			{matrix34
				0 	 1 	 0
				0 	 0 	 1
				1 	 0 	 0
				21.8544 	 13.7224 	 -18.0133
			}
			{poly "sub_piece12"}
		}
		{bone "sub_piece11"
			{parameters "lastpose=undefined;"}
			{matrix34
				-1 	 0 	 0
				0 	 0 	 1
				0 	 1 	 0
				0.8983 	 21.8987 	 23.0166
			}
			{poly "sub_piece11"}
		}
		{bone "sub_piece10"
			{parameters "lastpose=undefined;"}
			{matrix34
				-1 	 0 	 0
				0 	 0 	 1
				0 	 1 	 0
				14.0114 	 21.8987 	 -0.6434
			}
			{poly "sub_piece10"}
		}
		{bone "sub_piece09"
			{parameters "lastpose=undefined;"}
			{matrix34
				-1 	 0 	 0
				0 	 0 	 1
				0 	 1 	 0
				-11.8237 	 21.8987 	 6.7584
			}
			{poly "sub_piece09"}
		}
		{bone "sub_piece08"
			{parameters "lastpose=undefined;"}
			{matrix34
				-1 	 0 	 0
				0 	 0 	 1
				0 	 1 	 0
				-21.9138 	 21.8987 	 -20.1066
			}
			{poly "sub_piece08"}
		}
		{bone "sub_piece07"
			{parameters "lastpose=undefined;"}
			{matrix34
				-1 	 0 	 0
				0 	 0 	 1
				0 	 1 	 0
				-33.9583 	 21.8987 	 -11.4793
			}
			{poly "sub_piece07"}
		}
		{bone "sub_piece06"
			{parameters "lastpose=undefined;"}
			{matrix34
				-1 	 0 	 0
				0 	 0 	 1
				0 	 1 	 0
				-34.8858 	 21.8987 	 0.513
			}
			{poly "sub_piece06"}
		}
		{bone "sub_piece05"
			{parameters "lastpose=undefined;"}
			{matrix34
				-1 	 0 	 0
				0 	 0 	 1
				0 	 1 	 0
				-28.249 	 21.8987 	 16.0255
			}
			{poly "sub_piece05"}
		}
		{bone "sub_piece04"
			{parameters "lastpose=undefined;"}
			{matrix34
				-1 	 0 	 0
				0 	 0 	 1
				0 	 1 	 0
				-24.3193 	 21.8987 	 7.6058
			}
			{poly "sub_piece04"}
		}
		{bone "sub_piece03"
			{parameters "lastpose=undefined;"}
			{matrix34
				-1 	 0 	 0
				0 	 0 	 1
				0 	 1 	 0
				7.356 	 21.8987 	 -9.4196
			}
			{poly "sub_piece03"}
		}
		{bone "sub_piece02"
			{parameters "lastpose=undefined;"}
			{matrix34
				-1 	 0 	 0
				0 	 0 	 1
				0 	 1 	 0
				-8.7427 	 21.8987 	 16.8034
			}
			{poly "sub_piece02"}
		}
		{bone "piece06"
			{parameters "lastpose=undefined;"}
			{matrix34
				0 	 1 	 0
				0 	 0 	 1
				1 	 0 	 0
				21.8207 	 13.1252 	 -6.026
			}
			{poly "piece06"}
		}
		{bone "piece07"
			{parameters "lastpose=undefined;"}
			{matrix34
				-1 	 0 	 0
				0 	 0 	 1
				0 	 1 	 0
				-15.413 	 21.8987 	 24.3764
			}
			{poly "piece07"}
		}
		{bone "sub_piece01"
			{parameters "lastpose=undefined;"}
			{matrix34
				0 	 1 	 0
				0 	 0 	 1
				1 	 0 	 0
				21.8321 	 5.3817 	 12.8773
			}
			{poly "sub_piece01"}
		}
		{bone "piece08"
			{parameters "lastpose=undefined;"}
			{matrix34
				-1 	 0 	 0
				0 	 0 	 1
				0 	 1 	 0
				-23.1972 	 21.8987 	 -4.7569
			}
			{poly "piece08"}
		}
		{bone "piece09"
			{parameters "lastpose=undefined;"}
			{matrix34
				-1 	 0 	 0
				0 	 -1 	 0
				0 	 0 	 1
				-9.1385 	 -16.8453 	 12.4149
			}
			{poly "piece09"}
		}
		{bone "sub_piece00"
			{parameters "lastpose=undefined;"}
			{matrix34
				-1 	 0 	 0
				0 	 0 	 1
				0 	 1 	 0
				4.0057 	 21.8987 	 8.2821
			}
			{poly "sub_piece00"}
		}
	}
}
{volume "piece00_volume023"
	{box 5.90551 5.47672 7.78311}
	{bone "piece00"}
	{matrix34
		0 	 0 	 -1
		-0.766 	 0.6428 	 0
		0.6428 	 0.766 	 0
		-0.016 	 -0.0395 	 0.0078
	}
}
{volume "piece01_volume011"
	{box 5.90551 11.2134 8.49687}
	{bone "piece01"}
	{matrix34
		0 	 0 	 -1
		-0.9914 	 0.1305 	 0
		0.1305 	 0.9914 	 0
		0.111 	 -0.2239 	 0.0079
	}
}
{volume "piece02_volume010"
	{box 5.90551 11.2134 8.49687}
	{bone "piece02"}
	{matrix34
		0 	 0 	 -1
		-0.9914 	 0.1305 	 0
		0.1305 	 0.9914 	 0
		0.1109 	 -0.2239 	 0.0079
	}
}
{volume "piece03_volume007"
	{box 37.898 2.95276 2.95276}
	{bone "piece03"}
	{Position -0.7728 	 -0.0021 	 -0.0115}
}
{volume "piece04_volume017"
	{box 5.90551 9.44403 7.21503}
	{bone "piece04"}
	{matrix34
		0 	 0 	 -1
		-0.9962 	 0.0872 	 0
		0.0872 	 0.9962 	 0
		-0.0047 	 0.1603 	 0.0078
	}
}
{volume "piece05_volume020"
	{box 5.90551 6.81481 9.49004}
	{bone "piece05"}
	{matrix34
		0 	 0 	 -1
		-0.9962 	 -0.0872 	 0
		-0.0872 	 0.9962 	 0
		-0.5865 	 -0.6934 	 0.0078
	}
}
{volume "piece06_volume018"
	{box 5.90551 9.44403 7.21503}
	{bone "piece06"}
	{matrix34
		0 	 0 	 -1
		-0.9962 	 0.0872 	 0
		0.0872 	 0.9962 	 0
		-0.0047 	 0.1603 	 0.0078
	}
}
{volume "piece07_volume009"
	{box 5.90551 11.2134 8.49687}
	{bone "piece07"}
	{matrix34
		0 	 0 	 -1
		-0.9914 	 0.1305 	 0
		0.1305 	 0.9914 	 0
		0.1109 	 -0.2239 	 0.0079
	}
}
{volume "piece08_volume015"
	{box 5.90551 10.664 8.12962}
	{bone "piece08"}
	{matrix34
		0 	 0 	 -1
		-0.9239 	 -0.3827 	 0
		-0.3827 	 0.9239 	 0
		0.1279 	 0.0375 	 0.0079
	}
}
{volume "piece09_volume009"
	{box 37.898 2.95276 2.95276}
	{bone "piece09"}
	{Position -0.7728 	 -0.0021 	 -0.0115}
}
{volume "sub_piece00_volume021"
	{box 5.90551 5.2474 8.44613}
	{bone "sub_piece00"}
	{matrix34
		0 	 0 	 -1
		-0.887 	 0.4617 	 0
		0.4617 	 0.887 	 0
		0.1895 	 -0.0721 	 0.0078
	}
}
{volume "sub_piece01_volume023"
	{box 5.90551 3.72566 8.19275}
	{bone "sub_piece01"}
	{matrix34
		0 	 0 	 -1
		-1 	 0 	 0
		0 	 1 	 0
		-0.0099 	 0.0559 	 0.0078
	}
}
{volume "sub_piece02_volume025"
	{box 5.90551 6.24346 4.5142}
	{bone "sub_piece02"}
	{matrix34
		0 	 0 	 -1
		-0.766 	 0.6428 	 0
		0.6428 	 0.766 	 0
		-1.0853 	 -0.2134 	 0.0078
	}
}
{volume "sub_piece03_volume010"
	{box 5.90551 5.15816 8.49687}
	{bone "sub_piece03"}
	{matrix34
		0 	 0 	 -1
		-0.9763 	 0.2164 	 0
		0.2164 	 0.9763 	 0
		-0.0201 	 0.1824 	 0.0079
	}
}
{volume "sub_piece04_volume011"
	{box 5.90551 6.18979 7.30731}
	{bone "sub_piece04"}
	{matrix34
		0 	 0 	 -1
		-0.9763 	 0.2164 	 0
		0.2164 	 0.9763 	 0
		0.1307 	 -0.2882 	 0.0079
	}
}
{volume "sub_piece05_volume007"
	{box 5.90551 3.83767 7.89189}
	{bone "sub_piece05"}
	{matrix34
		0 	 0 	 -1
		-0.999 	 -0.0436 	 0
		-0.0436 	 0.999 	 0
		0.3341 	 -0.0514 	 0.0079
	}
}
{volume "sub_piece06_volume012"
	{box 5.90551 5.91001 7.4973}
	{bone "sub_piece06"}
	{matrix34
		0 	 0 	 -1
		-0.999 	 -0.0436 	 0
		-0.0436 	 0.999 	 0
		-0.1518 	 -0.3633 	 0.0079
	}
}
{volume "sub_piece07_volume013"
	{box 5.90551 7.74211 3.67368}
	{bone "sub_piece07"}
	{matrix34
		0 	 0 	 -1
		-0.866 	 -0.5 	 0
		-0.5 	 0.866 	 0
		-0.0596 	 0.1191 	 0.0079
	}
}
{volume "sub_piece08_volume016"
	{box 5.90551 7.67807 5.77203}
	{bone "sub_piece08"}
	{matrix34
		0 	 0 	 -1
		-0.9962 	 0.0872 	 0
		0.0872 	 0.9962 	 0
		0.0465 	 -0.0391 	 0.0078
	}
}
{volume "sub_piece09_volume020"
	{box 5.90551 7.7441 5.26698}
	{bone "sub_piece09"}
	{matrix34
		0 	 0 	 -1
		-0.9239 	 0.3827 	 0
		0.3827 	 0.9239 	 0
		-0.3347 	 0.1909 	 0.0078
	}
}
{volume "sub_piece10_volume019"
	{box 5.90551 6.81481 6.63639}
	{bone "sub_piece10"}
	{matrix34
		0 	 0 	 -1
		-0.9239 	 0.3827 	 0
		0.3827 	 0.9239 	 0
		-0.1501 	 -0.4527 	 0.0079
	}
}
{volume "sub_piece11_volume024"
	{box 5.90551 3.72566 8.19275}
	{bone "sub_piece11"}
	{matrix34
		0 	 0 	 -1
		-1 	 0 	 0
		0 	 1 	 0
		-0.0099 	 0.0559 	 0.0078
	}
}
{volume "sub_piece12_volume015"
	{box 5.90551 5.4969 7.09019}
	{bone "sub_piece12"}
	{matrix34
		0 	 0 	 -1
		-0.6428 	 -0.766 	 0
		-0.766 	 0.6428 	 0
		-0.0464 	 -0.0583 	 0.0079
	}
}
{volume "sub_piece13_volume013"
	{box 5.90551 5.91001 7.4973}
	{bone "sub_piece13"}
	{matrix34
		0 	 0 	 -1
		-0.999 	 -0.0436 	 0
		-0.0436 	 0.999 	 0
		-0.1518 	 -0.3633 	 0.0079
	}
}
{volume "sub_piece14_volume019"
	{box 5.90551 7.7441 5.26698}
	{bone "sub_piece14"}
	{matrix34
		0 	 0 	 -1
		-0.9239 	 0.3827 	 0
		0.3827 	 0.9239 	 0
		-0.3347 	 0.1909 	 0.0078
	}
}
{volume "sub_piece15_volume026"
	{box 5.90551 6.24346 4.5142}
	{bone "sub_piece15"}
	{matrix34
		0 	 0 	 -1
		-0.766 	 0.6428 	 0
		0.6428 	 0.766 	 0
		-1.0853 	 -0.2134 	 0.0078
	}
}
{volume "sub_piece16_volume011"
	{box 5.90551 5.15816 8.49687}
	{bone "sub_piece16"}
	{matrix34
		0 	 0 	 -1
		-0.9763 	 0.2164 	 0
		0.2164 	 0.9763 	 0
		-0.0201 	 0.1824 	 0.0079
	}
}
{volume "sub_piece17_volume012"
	{box 5.90551 6.18979 7.30731}
	{bone "sub_piece17"}
	{matrix34
		0 	 0 	 -1
		-0.9763 	 0.2164 	 0
		0.2164 	 0.9763 	 0
		0.1307 	 -0.2882 	 0.0079
	}
}
