;Exported by:	 kobaa
;Date:			 07.10.2019 12:34:43
;File:			 G:\_GIT_\gem2\gem2-mdl-soldiers\models\fence\hedgehog\wires_square_x.max
{skeleton
	{bone "basis5"
		{orientation
			1 	 0 	 0
			0 	 -1 	 0
			0 	 0 	 1
		}
		{bone "piece1"
			{matrix34
				-0.7071 	 0.5 	 0.5
				0.7071 	 0.5 	 0.5
				0 	 -0.7071 	 0.7071
				2.2093 	 0.434 	 12.0613
			}
			{LODView
				{poly "piece1"}
				{poly "piece1_lod1"}
				{poly "piece1_lod2"}
			}
		}
		{bone "piece2"
			{matrix34
				-0.2056 	 -0.8279 	 0.5219
				0.8617 	 0.0996 	 0.4976
				0.4639 	 -0.552 	 -0.6929
				22.5376 	 0.614 	 9.4287
			}
			{LODView
				{poly "piece2"}
				{poly "piece2_lod1"}
				{poly "piece2_lod2"}
			}
		}
		{bone "piece3"
			{matrix34
				0.2056 	 -0.5 	 0.8413
				-0.8617 	 -0.5 	 -0.0865
				-0.4639 	 0.7071 	 0.5337
				21.6166 	 -0.5694 	 9.3745
			}
			{LODView
				{poly "piece3"}
				{poly "piece3_lod1"}
				{poly "piece3_lod2"}
			}
		}
		{bone "piece4"
			{matrix34
				0.7071 	 0.5 	 -0.5
				-0.7071 	 0.5 	 -0.5
				0 	 -0.7071 	 -0.7071
				1.485 	 -0.3663 	 12.1844
			}
			{LODView
				{poly "piece4"}
				{poly "piece4_lod1"}
				{poly "piece4_lod2"}
			}
		}
		{bone "piece5"
			{matrix34
				0.3919 	 0.7747 	 -0.4962
				0.577 	 -0.6271 	 -0.5233
				-0.7166 	 -0.0812 	 -0.6928
				17.7803 	 0.0581 	 9.3027
			}
			{LODView
				{poly "piece5"}
				{poly "piece5_lod1"}
				{poly "piece5_lod2"}
			}
		}
		{bone "piece6"
			{matrix34
				-0.7071 	 0.5 	 -0.5
				0.7071 	 0.5 	 -0.5
				0 	 -0.7071 	 -0.7071
				-26.931 	 6.7065 	 19.102
			}
			{LODView
				{poly "piece6"}
				{poly "piece6_lod1"}
				{poly "piece6_lod2"}
			}
		}
		{bone "piece7"
			{matrix34
				0.7071 	 0.5 	 0.5
				-0.7071 	 0.5 	 0.5
				0 	 -0.7071 	 0.7071
				-27.6757 	 -0.2737 	 12.5963
			}
			{LODView
				{poly "piece7"}
				{poly "piece7_lod1"}
				{poly "piece7_lod2"}
			}
		}
		{bone "piece8"
			{matrix34
				0 	 -0.7071 	 -0.7071
				0 	 0.7071 	 -0.7071
				1 	 0 	 0
				-4.6439 	 -0.2104 	 14.9573
			}
			{LODView
				{poly "piece8"}
				{poly "piece8_lod1"}
				{poly "piece8_lod2"}
			}
		}
		{bone "piece9"
			{matrix34
				0 	 -0.7071 	 -0.7071
				0 	 0.7071 	 -0.7071
				1 	 0 	 0
				-24.3584 	 -0.1742 	 15.0139
			}
			{LODView
				{poly "piece9"}
				{poly "piece9_lod1"}
				{poly "piece9_lod2"}
			}
		}
		{bone "piece10"
			{matrix34
				-0.7071 	 0.5 	 -0.5
				0.7071 	 0.5 	 -0.5
				0 	 -0.7071 	 -0.7071
				-26.5723 	 -5.52 	 7.4413
			}
			{LODView
				{poly "piece10"}
				{poly "piece10_lod1"}
				{poly "piece10_lod2"}
			}
		}
	}
}
{area "obstacle"
	{obb2
		{center -1.74488 -0.147309}
		{extent 34.8488 14.9382}
		{axis -1 -5.85806e-008}
	}
	{rotate}
}
{volume "piece10"
	{cylinder 1.29402 19.4139}
	{bone "piece10"}
	{matrix34
		-0.7887 	 0.6147 	 0.0124
		0.6144 	 0.7888 	 -0.0199
		-0.022 	 -0.0081 	 -0.9997
		0.1655 	 0.0451 	 0.4335
	}
}
{volume "piece1"
	{cylinder 1.147 34.7754}
	{bone "piece1"}
	{matrix34
		-0.6546 	 0.7554 	 0.0288
		-0.7557 	 -0.6528 	 -0.0529
		0.0211 	 0.0564 	 -0.9982
		0.2479 	 0.5437 	 -0.676
	}
}
{volume "piece2"
	{cylinder 1.17029 34.7754}
	{bone "piece2"}
	{matrix34
		0.2577 	 0.4945 	 0.8301
		-0.0773 	 -0.8458 	 0.5279
		-0.9631 	 0.2002 	 0.1797
		-0.1248 	 -0.0136 	 0.0621
	}
}
{volume "piece3"
	{cylinder 1.37446 34.7754}
	{bone "piece3"}
	{matrix34
		0.7279 	 -0.6855 	 -0.0176
		-0.6857 	 -0.7277 	 -0.0159
		0.0019 	 -0.0237 	 0.9997
		0.0485 	 -0.117 	 -0.0243
	}
}
{volume "piece4"
	{cylinder 1.17029 34.7754}
	{bone "piece4"}
	{matrix34
		0.6533 	 -0.7567 	 0.0238
		0.7566 	 0.6537 	 0.0167
		0.0282 	 -0.0071 	 -0.9996
		0.1438 	 0.086 	 0.5478
	}
}
{volume "piece5"
	{cylinder 1.03733 26.7085}
	{bone "piece5"}
	{matrix34
		0.911 	 -0.4098 	 -0.0458
		0.4104 	 0.9119 	 0.005
		0.0397 	 -0.0233 	 0.9989
		0.0074 	 0.132 	 -0.5025
	}
}
{volume "piece6"
	{cylinder 1.24303 14.9496}
	{bone "piece6"}
	{matrix34
		-0.821 	 0.5685 	 -0.0532
		0.5658 	 0.8225 	 0.0582
		0.0769 	 0.0176 	 -0.9969
		0.2563 	 0.1522 	 0.4656
	}
}
{volume "piece7"
	{cylinder 1.2183 17.735}
	{bone "piece7"}
	{matrix34
		0.6978 	 -0.7152 	 -0.0387
		-0.7162 	 -0.6976 	 -0.0209
		-0.012 	 0.0424 	 -0.999
		0.2264 	 -0.1705 	 0.8758
	}
}
{volume "piece8"
	{cylinder 1.25559 22.5115}
	{bone "piece8"}
	{matrix34
		-0.6891 	 0.7246 	 0.0089
		0.7246 	 0.6892 	 -0.0046
		-0.0095 	 0.0033 	 -0.9999
		-0.2751 	 -0.0521 	 0.6187
	}
}
{volume "piece9"
	{cylinder 1.25559 18.5983}
	{bone "piece9"}
	{matrix34
		-0.6891 	 0.7246 	 0.0089
		0.7246 	 0.6892 	 -0.0046
		-0.0095 	 0.0033 	 -0.9999
		-0.1909 	 -0.0441 	 -0.3557
	}
}
