;Exported by	: KobaA
;Date			: 22.11.2023 13:04:26
;File			: D:\git\gem2-mdl-soldiers\models\fence\rock_fence_wicket\rock_fence_wicket.max
{skeleton
	{bone "rock_fence_wicket_open_wide_basis_x"
		{orientation
			1 	 0 	 0
			0 	 -1 	 0
			0 	 0 	 1
		}
		{bone "piece01"
			{matrix34
				-1 	 0 	 0
				0 	 -1 	 0
				0 	 0 	 1
				-2.9271 	 -17.3013 	 8.0903
			}
			{poly "piece01"}
		}
		{bone "piece02"
			{matrix34
				-1 	 0 	 0
				0 	 -1 	 0
				0 	 0 	 1
				-2.9271 	 17.3829 	 8.0923
			}
			{poly "piece02"}
		}
		{bone "piece05"
			{matrix34
				-0.1736 	 0.9848 	 0
				0 	 0 	 1
				0.9848 	 0.1736 	 0
				-4.9528 	 13.5022 	 34.8899
			}
			{poly "piece05"}
		}
		{bone "piece06"
			{matrix34
				-0.1736 	 0.9848 	 0
				0 	 0 	 1
				0.9848 	 0.1736 	 0
				-4.5344 	 13.7024 	 2.3733
			}
			{poly "piece06"}
		}
		{bone "piece09"
			{matrix34
				-0.1736 	 0.9848 	 0
				0 	 0 	 1
				0.9848 	 0.1736 	 0
				-19.115 	 11.0111 	 20.9745
			}
			{poly "piece09"}
		}
		{bone "piece10"
			{matrix34
				0.9848 	 0.1736 	 0
				-0.1736 	 0.9848 	 0
				0 	 0 	 1
				-14.7218 	 11.7877 	 19.736
			}
			{poly "piece10"}
		}
		{bone "piece11"
			{matrix34
				0.9848 	 0.1736 	 0
				-0.1736 	 0.9848 	 0
				0 	 0 	 1
				-11.3666 	 12.6607 	 23.4288
			}
			{poly "piece11"}
		}
		{bone "piece12"
			{matrix34
				0.9848 	 0.1736 	 0
				-0.1736 	 0.9848 	 0
				0 	 0 	 1
				-7.2305 	 13.1087 	 19.0805
			}
			{poly "piece12"}
		}
		{bone "piece03"
			{matrix34
				-0.2588 	 -0.9659 	 0
				0 	 0 	 1
				-0.9659 	 0.2588 	 0
				-4.7841 	 -13.364 	 35.1685
			}
			{poly "piece03"}
		}
		{bone "piece04"
			{matrix34
				-0.2588 	 -0.9659 	 0
				0 	 0 	 1
				-0.9659 	 0.2588 	 0
				-4.4843 	 -13.5733 	 2.4289
			}
			{poly "piece04"}
		}
		{bone "piece07"
			{matrix34
				-0.9659 	 0.2588 	 0
				-0.2588 	 -0.9659 	 0
				0 	 0 	 1
				-6.6002 	 -12.8856 	 21.6715
			}
			{poly "piece07"}
		}
		{bone "piece08"
			{matrix34
				-0.2588 	 -0.9659 	 0
				0 	 0 	 1
				-0.9659 	 0.2588 	 0
				-11.4779 	 -11.2673 	 22.262
			}
			{poly "piece08"}
		}
	}
}
{"volumes"
	{"piece01"
		{box 5.04113 4.9686 44.7638}
		{bone "piece01"}
		{matrix34
			0 	 -1 	 0
			1 	 0 	 0
			0 	 0 	 1
			0.0212 	 -0.0045 	 10.0133
		}
	}
	{"piece02"
		{box 5.04113 4.9686 44.7638}
		{bone "piece02"}
		{matrix34
			0 	 -1 	 0
			1 	 0 	 0
			0 	 0 	 1
			0.0212 	 -0.0489 	 10.0113
		}
	}
	{"piece03_01"
		{box 2.7888 1.12718 17.7022}
		{bone "piece03"}
		{matrix34
			0 	 0 	 1
			-1 	 0 	 0
			0 	 -1 	 0
			0.0181 	 -10.0993 	 -0.8834
		}
	}
	{"piece03_02"
		{box 3.62544 1.12718 11.0978}
		{bone "piece03"}
		{matrix34
			0 	 0.9397 	 -0.342
			-1 	 0 	 0
			0 	 0.342 	 0.9397
			0.0181 	 1.4919 	 3.1839
		}
	}
	{"piece04_01"
		{box 1.50411 0.638549 6.13086}
		{bone "piece04"}
		{matrix34
			0 	 -1 	 0
			1 	 0 	 0
			0 	 0 	 1
			0.3899 	 5.7164 	 1.1902
		}
	}
	{"piece04_02"
		{box 2.7888 1.12718 16.0876}
		{bone "piece04"}
		{matrix34
			0 	 0 	 1
			1 	 0 	 0
			0 	 1 	 0
			-0.1064 	 6.3623 	 -0.6058
		}
	}
	{"piece04_03"
		{box 2.7888 1.12718 8.8482}
		{bone "piece04"}
		{matrix34
			0 	 -1 	 0
			1 	 0 	 0
			0 	 0 	 1
			-0.1064 	 -0.1886 	 3.8183
		}
	}
	{"piece05_01"
		{box 2.7888 1.12718 14.0493}
		{bone "piece05"}
		{matrix34
			0 	 0 	 -1
			1 	 0 	 0
			0 	 -1 	 0
			0.0181 	 -7.9943 	 0.8833
		}
	}
	{"piece05_02"
		{box 3.62544 1.12718 15.4136}
		{bone "piece05"}
		{matrix34
			0 	 0.9397 	 0.342
			1 	 0 	 0
			0 	 0.342 	 -0.9397
			0.0181 	 2.389 	 -5.0805
		}
	}
	{"piece06_01"
		{box 1.39511 0.638549 12.0213}
		{bone "piece06"}
		{matrix34
			0 	 -1 	 0
			1 	 0 	 0
			0 	 0 	 1
			0.3899 	 5.7771 	 -4.4438
		}
	}
	{"piece06_02"
		{box 2.7888 1.12718 19.7878}
		{bone "piece06"}
		{matrix34
			0 	 0 	 -1
			-1 	 0 	 0
			0 	 1 	 0
			-0.1064 	 8.268 	 0.4366
		}
	}
	{"piece06_03"
		{box 2.7888 1.12718 11.5027}
		{bone "piece06"}
		{matrix34
			0 	 -1 	 0
			-1 	 0 	 0
			0 	 0 	 -1
			-0.1064 	 -0.133 	 -6.3863
		}
	}
	{"piece07"
		{box 2.7888 0.55526 19.3827}
		{bone "piece07"}
		{Position 0.0006 	 0.0102 	 0.0629}
	}
	{"piece08"
		{box 3.40143 1.03005 27.4183}
		{bone "piece08"}
		{matrix34
			0 	 0 	 1
			1 	 0 	 0
			0 	 1 	 0
			0.16 	 0.6238 	 -0.0237
		}
	}
	{"piece09"
		{box 5.54443 0.774032 21.195}
		{bone "piece09"}
		{matrix34
			0 	 0 	 1
			1 	 0 	 0
			0 	 1 	 0
			0.012 	 -0.1143 	 -0.2156
		}
	}
	{"piece10"
		{box 3.92133 0.55526 17.741}
		{bone "piece10"}
		{Position 0.0356 	 0.0101 	 -0.0407}
	}
	{"piece11_01"
		{box 3.92133 0.55526 19.5151}
		{bone "piece11"}
		{Position 0.3985 	 -0.267 	 0.0291}
	}
	{"piece11_02"
		{box 2.17987 0.638549 17.1733}
		{bone "piece11"}
		{matrix34
			0 	 0 	 -1
			0 	 1 	 0
			1 	 0 	 0
			0.0578 	 0.2294 	 6.4668
		}
	}
	{"piece12"
		{box 3.92133 0.55526 18.149}
		{bone "piece12"}
		{Position 0.0389 	 0.0101 	 0.0574}
	}
}
