;Exported by	: KobaA
;Date			: 04.03.2024 16:33:33
;File			: d:\git\gem2-mdl-soldiers\models\building\b3\vil_build_004_recover.max
{skeleton
	{bone "b4_vil_piece_06"
		{orientation
			1 	 0 	 0
			0 	 -1 	 0
			0 	 0 	 1
		}
		{poly "b4_vil_piece_06"}
		{bone revolute "attach2"
			{matrix34
				1 	 0 	 0
				0 	 1 	 0
				0 	 0 	 1
				5.652 	 16.7449 	 -49.2623
			}
		}
		{bone revolute "attach1"
			{matrix34
				0 	 1 	 0
				-1 	 0 	 0
				0 	 0 	 1
				-4.7878 	 20.664 	 -49.2623
			}
		}
		{bone "fort_wall"
			{Position -0.0585 	 46.7342 	 -52.0867}
		}
	}
}
{"volumes"
	{"body01"
		{box 5.90551 82.9945 70.9214}
		{bone "b4_vil_piece_06"}
		{matrix34
			-1 	 0 	 0
			0 	 -1 	 0
			0 	 0 	 1
			19.5001 	 -1.7895 	 -25.0346
		}
	}
	{"body02"
		{box 1.9685 82.9945 16.3119}
		{bone "b4_vil_piece_06"}
		{matrix34
			-0.7346 	 0 	 -0.6785
			0 	 -1 	 0
			-0.6785 	 0 	 0.7346
			16.1147 	 -1.7895 	 21.6626
		}
	}
	{"body03"
		{box 1.9685 82.9945 8.64532}
		{bone "b4_vil_piece_06"}
		{matrix34
			-0.7346 	 0 	 -0.6785
			0 	 -1 	 0
			-0.6785 	 0 	 0.7346
			-2.8452 	 -1.7895 	 42.1907
		}
	}
	{"body04"
		{box 1.9685 82.9945 10.8067}
		{bone "b4_vil_piece_06"}
		{matrix34
			-0.7346 	 0 	 -0.6785
			0 	 -1 	 0
			-0.6785 	 0 	 0.7346
			-15.5632 	 -1.7895 	 55.9607
		}
	}
	{"body05"
		{box 3.35118 4.14973 60.191}
		{bone "b4_vil_piece_06"}
		{matrix34
			-0.7407 	 0 	 -0.6718
			0 	 -1 	 0
			-0.6718 	 0 	 0.7407
			1.9211 	 38.5783 	 34.8316
		}
	}
	{"body06"
		{box 5.90551 41.8348 25.9092}
		{bone "b4_vil_piece_06"}
		{matrix34
			0 	 -1 	 0
			1 	 0 	 0
			0 	 0 	 1
			2.0109 	 38.2884 	 -44.752
		}
	}
	{"body07"
		{box 5.90551 30.1211 45.8903}
		{bone "b4_vil_piece_06"}
		{matrix34
			0 	 -1 	 0
			1 	 0 	 0
			0 	 0 	 1
			7.2207 	 38.2884 	 -9.1115
		}
	}
	{"body08"
		{box 5.90551 18.3738 4.58904}
		{bone "b4_vil_piece_06"}
		{matrix34
			0 	 -1 	 0
			1 	 0 	 0
			0 	 0 	 1
			-15.7673 	 38.8943 	 -29.7621
		}
	}
	{"body09"
		{box 5.90551 18.3738 4.58904}
		{bone "b4_vil_piece_06"}
		{matrix34
			0 	 -1 	 0
			1 	 0 	 0
			0 	 0 	 1
			-16.9858 	 37.8749 	 2.4588
		}
	}
	{"body10"
		{polyhedron}
		{bone "b4_vil_piece_06"}
		{matrix34
			0 	 -1 	 0
			1 	 0 	 0
			0 	 0 	 1
			-11.9332 	 40.08 	 36.0541
		}
	}
	{"body11"
		{box 1.9685 44.8804 3.67123}
		{bone "b4_vil_piece_06"}
		{matrix34
			-0.0339 	 -0.9994 	 0
			0.9994 	 -0.0339 	 0
			0 	 0 	 1
			-11.3837 	 41.3356 	 26.0981
		}
	}
	{"body12"
		{box 1.9685 39.4947 3.67123}
		{bone "b4_vil_piece_06"}
		{matrix34
			-0.0338 	 -0.9994 	 -0.0016
			0.9982 	 -0.0339 	 0.0486
			-0.0486 	 0 	 0.9988
			-1.796 	 41.0074 	 17.1562
		}
	}
	{"hole01"
		{box 16.0538 11.811 27.8547}
		{bone "b4_vil_piece_06"}
		{matrix34
			-1 	 0 	 0
			0 	 -1 	 0
			0 	 0 	 1
			0.3822 	 39.2451 	 -17.9061
		}
	}
	{"hole02"
		{box 16.0538 11.811 27.8547}
		{bone "b4_vil_piece_06"}
		{matrix34
			0 	 1 	 0
			-1 	 0 	 0
			0 	 0 	 1
			21.4222 	 15.6451 	 -17.9061
		}
	}
	{"target02"
		{box 10.6299 11.811 13.7795}
		{bone "b4_vil_piece_06"}
		{Position -4.3956 	 27.5496 	 -25.5533}
	}
	{"target03"
		{box 10.6299 11.811 13.7795}
		{bone "b4_vil_piece_06"}
		{Position 13.764 	 15.8697 	 -25.5533}
	}
}
