;Exported by:	 tolokolnikova
;Date:			 23.03.2018 09:15:38
;File:			 D:\gem2\gem2-mdl-soldiers\models\building\building_ua01\building_06_v2_x.max
{skeleton
	{bone "b_ua_06_piece11_point"
		{orientation
			1 	 0 	 0
			0 	 -1 	 0
			0 	 0 	 1
		}
		{bone "sub_piece03"
			{matrix34
				1 	 0 	 0
				0 	 -0.8192 	 -0.5736
				0 	 -0.5736 	 0.8192
				1.3024 	 48.8184 	 -23.954
			}
			{poly "sub_piece03"}
		}
		{bone "sub_piece04"
			{matrix34
				1 	 0 	 0
				0 	 -0.8192 	 -0.5736
				0 	 -0.5736 	 0.8192
				37.3957 	 35.5433 	 -4.9951
			}
			{poly "sub_piece04"}
		}
		{bone "sub_piece05"
			{matrix34
				1 	 0 	 0
				0 	 0.8192 	 -0.5736
				0 	 0.5736 	 0.8192
				3.8808 	 -25.582 	 7.1235
			}
			{poly "sub_piece05"}
		}
		{bone "sub_piece06"
			{matrix34
				1 	 0 	 0
				0 	 0.8192 	 -0.5736
				0 	 0.5736 	 0.8192
				40.6067 	 -27.0747 	 4.9917
			}
			{poly "sub_piece06"}
		}
		{bone "sub_piece07"
			{Position 19.5175 	 -12.373 	 35.5231}
			{poly "sub_piece07"}
		}
		{bone "sub_piece01"
			{matrix34
				0 	 -1 	 0
				0.4226 	 0 	 -0.9063
				0.9063 	 0 	 0.4226
				-26.9946 	 -8.4591 	 41.045
			}
			{poly "sub_piece01"}
		}
		{bone "sub_piece02"
			{matrix34
				-1 	 0 	 0
				0 	 -1 	 0
				0 	 0 	 1
				-35.8253 	 -1.2399 	 48.4382
			}
			{poly "sub_piece02"}
		}
		{bone "piece01"
			{Position -22.0128 	 -2.3149 	 48.0044}
			{poly "piece01"}
		}
	}
}
{volume "piece01"
	{box 5.90551 11.4524 8.71504}
	{bone "piece01"}
	{Position 0 	 1.2328 	 0.0373}
}
{volume "sub_piece01"
	{box 5.90551 6.23144 8.71504}
	{bone "sub_piece01"}
	{matrix34
		1 	 0 	 0
		0 	 0.9397 	 -0.342
		0 	 0.342 	 0.9397
		0 	 -0.594 	 0.234
	}
}
{volume "sub_piece02"
	{box 5.90551 8.58928 8.71504}
	{bone "sub_piece02"}
	{Position 0 	 -0.2573 	 0.1906}
}
{volume "sub_piece03"
	{box 2.95276 2.95276 26.3383}
	{bone "sub_piece03"}
	{matrix34
		-1 	 0 	 0
		0 	 1 	 0
		0 	 0 	 1
		1.9981 	 0.5758 	 -2.7729
	}
}
{volume "sub_piece04"
	{box 2.95276 2.95276 26.3383}
	{bone "sub_piece04"}
	{matrix34
		-1 	 0 	 0
		0 	 1 	 0
		0 	 0 	 1
		2.1763 	 0.5757 	 -3.4037
	}
}
{volume "sub_piece05"
	{box 2.95276 2.95276 25.5093}
	{bone "sub_piece05"}
	{Position -0.6745 	 0.234 	 -2.4174}
}
{volume "sub_piece06"
	{box 2.95276 2.95276 25.5093}
	{bone "sub_piece06"}
	{Position -0.6745 	 0.234 	 -2.4174}
}
{volume "sub_piece07"
	{box 1.9685 1.9685 32.907}
	{bone "sub_piece07"}
	{matrix34
		1 	 0 	 0
		0 	 0.7071 	 -0.7071
		0 	 0.7071 	 0.7071
		-0.356 	 0.0002 	 -0.2449
	}
}
