;Exported by:	 tolokolnikova
;Date:			 27.06.2017 14:31:40
;File:			 D:\gem2\gem2-mdl-soldiers\models\building\house_D\D_003_x_fort.max
{skeleton
	{bone "d003_piece12_point"
		{orientation
			1 	 0 	 0
			0 	 -1 	 0
			0 	 0 	 1
		}
		{bone "sub_piece01"
			{matrix34
				0.9397 	 0 	 -0.342
				0 	 1 	 0
				0.342 	 0 	 0.9397
				-15.3117 	 -5.9449 	 23.1767
			}
			{poly "sub_piece01"}
		}
		{bone "piece02"
			{matrix34
				0 	 1 	 0
				-1 	 0 	 0
				0 	 0 	 1
				-28.7044 	 5.9052 	 15.926
			}
			{poly "piece02"}
		}
		{bone "piece04"
			{Position -10.4804 	 -5.9343 	 11.1094}
			{poly "piece04"}
		}
		{bone "piece01"
			{matrix34
				0 	 1 	 0
				-1 	 0 	 0
				0 	 0 	 1
				32.6398 	 -5.8582 	 27.9554
			}
			{poly "piece01"}
		}
		{bone "sub_piece02"
			{matrix34
				0 	 1 	 0
				-1 	 0 	 0
				0 	 0 	 1
				16.1717 	 -5.8676 	 24.9158
			}
			{poly "sub_piece02"}
		}
		{bone "piece03"
			{matrix34
				0 	 1 	 0
				-0.9063 	 0 	 0.4226
				0.4226 	 0 	 0.9063
				4.8116 	 -5.9434 	 18.9833
			}
			{poly "piece03"}
		}
		{bone "d003_piece12"
			{poly "d003_piece12"}
		}
		{bone revolute "attach1"
			{matrix34
				0 	 1 	 0
				-1 	 0 	 0
				0 	 0 	 1
				-3.6973 	 -19.4977 	 -15.8839
			}
		}
		{bone "debris_land_001"
			{parameters "commonmesh;land;ground;"}
			{matrix34
				0 	 -1 	 0
				1 	 0 	 0
				0 	 0 	 1
				-19.2519 	 6.7106 	 -15.9187
			}
			{poly "debris_land_001" {ground}}
		}
		{bone "fort_wall"
			{Position -0.7731 	 2.7603 	 -10.3034}
		}
		{bone "stones_001"
			{parameters "commonmesh;land;ground;"}
			{matrix34
				0 	 -1 	 0
				1 	 0 	 0
				0 	 0 	 1
				-8.7792 	 6.6973 	 -15.9187
			}
			{poly "stones_001" {ground}}
		}
	}
}
{volume "piece01"
	{box 5.90551 12.432 19.4865}
	{bone "piece01"}
	{Position 0.1324 	 1.1265 	 0.3743}
}
{volume "piece02"
	{box 5.90551 12.432 14.42}
	{bone "piece02"}
	{Position 0.1324 	 0.1975 	 -0.4165}
}
{volume "piece03"
	{box 5.90551 23.4965 10.3279}
	{bone "piece03"}
	{matrix34
		1 	 0 	 0
		0 	 0.9563 	 0.2924
		0 	 -0.2924 	 0.9563
		0.1324 	 0.3765 	 0.3558
	}
}
{volume "piece04"
	{box 5.90551 23.4965 10.3279}
	{bone "piece04"}
	{matrix34
		0 	 1 	 0
		-0.9563 	 0 	 0.2924
		0.2924 	 0 	 0.9563
		-0.8917 	 0.4154 	 0.3558
	}
}
{volume "sub_piece01"
	{box 5.90551 11.2261 9.83291}
	{bone "sub_piece01"}
	{matrix34
		0 	 1 	 0
		-0.866 	 0 	 -0.5
		-0.5 	 0 	 0.866
		-0.3328 	 0.2242 	 1.0965
	}
}
{volume "sub_piece02"
	{box 5.90551 8.7024 11.3022}
	{bone "sub_piece02"}
	{Position 0.1324 	 -0.7574 	 0.1242}
}
{volume "target_vol_001"
	{box 9.84252 11.811 15.6501}
	{bone "d003_piece12_point"}
	{matrix34
		0 	 1 	 0
		-1 	 0 	 0
		0 	 0 	 1
		-3.6973 	 -5.5744 	 11.1263
	}
}
{volume "vol_01"
	{box 12.7522 6.29921 22.7179}
	{bone "d003_piece12"}
	{Position -28.9693 	 6.0566 	 -6.614}
}
{volume "vol_02"
	{box 12.7522 6.29921 22.7179}
	{bone "d003_piece12"}
	{Position -15.9411 	 -5.9111 	 -6.614}
}
{volume "vol_03"
	{box 42.6944 6.29921 12.9492}
	{bone "d003_piece12"}
	{Position 10.6194 	 -5.9111 	 -11.4984}
}
{volume "vol_04"
	{polyhedron}
	{bone "d003_piece12"}
	{Position 14.9456 	 -5.9111 	 -6.311}
}
