;Exported by:	 tolokolnikova
;Date:			 10.05.2016 14:47:23
;File:			 D:\gem2\gem2-mdl-soldiers\models\entourage\barricade_cobl_g2\barricade_new.max
{skeleton
	{bone "barricade1_a_c1"
		{orientation
			1 	 0 	 0
			0 	 -1 	 0
			0 	 0 	 1
		}
		{poly "barricade1_a_c1"}
	}
}
{obstacle "body01"
	{obb2
		{center -5.26784 -8.23373}
		{extent 7.46085 6.37122}
		{axis 0.927257 0.374426}
	}
	{rotate}
	{Tags "body" "fire"}
}
{obstacle "body02"
	{obb2
		{center -12.7701 5.50385}
		{extent 6.49375 7.91843}
		{axis 0.866158 0.49977}
	}
	{rotate}
	{Tags "body" "fire"}
}
{obstacle "body03"
	{obb2
		{center -18.4322 -9.61511}
		{extent 7.92 5.32805}
		{axis 0.342602 0.939481}
	}
	{rotate}
	{Tags "body" "fire"}
}
{obstacle "body04"
	{obb2
		{center 0.585855 -6.74331}
		{extent 8.72773 5.04467}
		{axis 0.992554 0.121808}
	}
	{rotate}
	{Tags "body" "fire"}
}
{obstacle "body05"
	{obb2
		{center 1.18661 -20.3218}
		{extent 9.73612 6.43171}
		{axis 0.423139 0.906065}
	}
	{rotate}
	{Tags "body" "fire"}
}
{obstacle "body06"
	{obb2
		{center 5.95638 -6.13581}
		{extent 5.43662 5.94001}
		{axis 0.992554 0.121808}
	}
	{rotate}
	{Tags "body" "fire"}
}
{obstacle "body07"
	{obb2
		{center 14.1722 -29.5413}
		{extent 8.02654 8.27566}
		{axis 0.656386 0.754425}
	}
	{rotate}
	{Tags "body" "fire"}
}
{obstacle "body08"
	{obb2
		{center -13.3017 -20.6163}
		{extent 8.04712 8.1411}
		{axis 0.788218 0.615396}
	}
	{rotate}
	{Tags "body" "fire"}
}
{obstacle "body09"
	{obb2
		{center -25.424 1.18005}
		{extent 5.88245 5.88245}
		{axis 0.375164 0.926958}
	}
	{rotate}
	{Tags "body" "fire"}
}
{volume "body01"
	{cylinder 6.15559 15.7496}
	{bone "barricade1_a_c1"}
	{matrix34
		0.9803 	 0.0343 	 -0.1946
		0 	 0.9848 	 0.1736
		0.1976 	 -0.1702 	 0.9654
		-5.2678 	 8.2337 	 7.916
	}
}
{volume "body02"
	{cylinder 6.51565 15.8334}
	{bone "barricade1_a_c1"}
	{matrix34
		-0.196 	 0.1132 	 -0.9741
		-0.8436 	 0.487 	 0.2263
		0.5 	 0.866 	 0
		-12.7701 	 -5.5038 	 5.3916
	}
}
{volume "body03"
	{cylinder 5.34283 15.8334}
	{bone "barricade1_a_c1"}
	{matrix34
		-0.2127 	 -0.0774 	 -0.9741
		-0.9153 	 -0.3331 	 0.2263
		-0.342 	 0.9397 	 0
		-18.4322 	 9.6151 	 3.7594
	}
}
{volume "body04"
	{cylinder 5.02745 17.0252}
	{bone "barricade1_a_c1"}
	{matrix34
		0.0421 	 -0.0223 	 -0.9989
		-0.1204 	 -0.9926 	 0.0171
		-0.9918 	 0.1196 	 -0.0444
		0.5858 	 6.7433 	 20.6005
	}
}
{volume "body05"
	{cylinder 6.59729 19.4648}
	{bone "barricade1_a_c1"}
	{matrix34
		-0.2051 	 -0.0956 	 -0.9741
		-0.8828 	 -0.4117 	 0.2263
		-0.4226 	 0.9063 	 0
		1.1866 	 20.3218 	 5.3916
	}
}
{volume "body06"
	{cylinder 5.88196 15.4929}
	{bone "barricade1_a_c1"}
	{matrix34
		0.9229 	 0.383 	 0.04
		-0.3828 	 0.9237 	 -0.014
		-0.0423 	 -0.0024 	 0.9991
		5.9564 	 6.1358 	 8.4151
	}
}
{volume "body07"
	{box 16.0027 15.8806 4.96862}
	{bone "barricade1_a_c1"}
	{matrix34
		0.7457 	 0.659 	 -0.0986
		0.6629 	 -0.7487 	 0.0094
		-0.0676 	 -0.0724 	 -0.9951
		14.1723 	 29.5413 	 2.0274
	}
}
{volume "body08"
	{box 16.0027 15.8806 11.0401}
	{bone "barricade1_a_c1"}
	{matrix34
		-0.7854 	 0.619 	 0.0017
		-0.6187 	 -0.7851 	 0.0305
		0.0202 	 0.0229 	 0.9995
		-13.3017 	 20.6163 	 5.0617
	}
}
{volume "body09"
	{cylinder 6.34597 15.748}
	{bone "barricade1_a_c1"}
	{Position -25.424 	 -1.1801 	 7.874}
}
