;Exported by:	 tolokolnikova
;Date:			 27.06.2017 14:38:48
;File:			 D:\gem2\gem2-mdl-soldiers\models\building\house_D\D_004_x_fort.max
{skeleton
	{bone "d004_piece24_point"
		{orientation
			1 	 0 	 0
			0 	 -1 	 0
			0 	 0 	 1
		}
		{bone "sub_piece01"
			{matrix34
				0 	 0.7071 	 0.7071
				0 	 0.7071 	 -0.7071
				-1 	 0 	 0
				4.9806 	 2.6657 	 41.2597
			}
			{poly "sub_piece01"}
		}
		{bone "sub_piece02"
			{matrix34
				1 	 0 	 0
				0 	 0.3499 	 -0.9368
				0 	 -0.9368 	 -0.3499
				0.7176 	 -16.0487 	 35.2552
			}
			{poly "sub_piece02"}
		}
		{bone "piece01"
			{Position 11.925 	 0.6873 	 24.2352}
			{poly "piece01"}
		}
		{bone "piece02"
			{Position -0.9578 	 21.0737 	 21.481}
			{poly "piece02"}
		}
		{bone "piece03"
			{Position 9.4468 	 0.813 	 -25.7665}
			{poly "piece03"}
		}
		{bone "piece04"
			{Position 11.925 	 0.6977 	 5.2845}
			{poly "piece04"}
		}
		{bone "sub_piece03"
			{Position -4.1555 	 26.4079 	 35.1372}
			{poly "sub_piece03"}
		}
		{bone "sub_piece04"
			{Position 15.6298 	 15.7424 	 39.0354}
			{poly "sub_piece04"}
		}
		{bone "sub_piece05"
			{Position -0.8866 	 -5.5146 	 40.8112}
			{poly "sub_piece05"}
		}
	}
}
{volume "piece01"
	{box 5.90551 20.855 16.0112}
	{bone "piece01"}
	{matrix34
		0 	 -1 	 0
		1 	 0 	 0
		0 	 0 	 1
		0 	 0.0392 	 0.3945
	}
}
{volume "piece02"
	{box 3.93701 20.855 16.0112}
	{bone "piece02"}
	{Position -0.9161 	 0.1967 	 0.3945}
}
{volume "piece03"
	{box 5.90551 18.844 22.8271}
	{bone "piece03"}
	{matrix34
		0 	 -1 	 0
		1 	 0 	 0
		0 	 0 	 1
		0 	 0 	 0.2546
	}
}
{volume "piece04"
	{box 5.90551 9.17619 16.0112}
	{bone "piece04"}
	{matrix34
		0 	 -1 	 0
		1 	 0 	 0
		0 	 0 	 1
		-3.9148 	 0.0392 	 -2.3808
	}
}
{volume "sub_piece01"
	{box 58.7736 3.93701 2.95276}
	{bone "sub_piece01"}
	{matrix34
		0 	 0 	 -1
		0.7071 	 0.7071 	 0
		0.7071 	 -0.7071 	 0
		0.0936 	 -0.0936 	 0
	}
}
{volume "sub_piece02"
	{box 1.9685 1.9685 28.2554}
	{bone "sub_piece02"}
	{matrix34
		0 	 -1 	 -0.0084
		1 	 0 	 0
		0 	 0.0084 	 -1
		0 	 0.0195 	 -2.3283
	}
}
{volume "sub_piece03"
	{box 1.36417 16.8121 15.1523}
	{bone "sub_piece03"}
	{matrix34
		0 	 0.342 	 0.9397
		-1 	 0 	 0
		0 	 -0.9397 	 0.342
		4.271 	 1.5447 	 -0.6159
	}
}
{volume "sub_piece04"
	{box 1.36417 13.6598 10.7582}
	{bone "sub_piece04"}
	{matrix34
		0 	 0.342 	 0.9397
		-1 	 0 	 0
		0 	 -0.9397 	 0.342
		0.3098 	 -0.1423 	 0.2217
	}
}
{volume "sub_piece05"
	{box 1.36417 13.8237 15.4401}
	{bone "sub_piece05"}
	{matrix34
		0 	 -0.342 	 0.9397
		1 	 0 	 0
		0 	 0.9397 	 0.342
		-0.3024 	 -3.3487 	 -1.1274
	}
}
