;Exported by	: Inna
;Date			: 27.11.2023 19:25:26
;File			: F:\GIT\gem2-mdl-soldiers\models\entourage\table\table_1.max
{skeleton
	{bone "table01_x"
		{orientation
			1 	 0 	 0
			0 	 -1 	 0
			0 	 0 	 1
		}
		{bone "fx_wood1"
			{matrix34
				0.324 	 0.7879 	 0.5237
				-0.8981 	 0.4302 	 -0.0916
				-0.2974 	 -0.4406 	 0.847
				-1.8567 	 -0.8234 	 8.2266
			}
		}
		{bone "piece01"
			{matrix34
				-0.2497 	 0.8922 	 0.3764
				-0.9215 	 -0.0995 	 -0.3754
				-0.2974 	 -0.4406 	 0.847
				2.8859 	 7.2812 	 7.0157
			}
			{poly "piece01"}
		}
		{bone "piece02"
			{matrix34
				-0.2497 	 0.8922 	 0.3764
				-0.9215 	 -0.0995 	 -0.3754
				-0.2974 	 -0.4406 	 0.847
				9.1051 	 -4.9658 	 9.4877
			}
			{poly "piece02"}
		}
		{bone "piece04"
			{matrix34
				-0.2497 	 0.8922 	 0.3764
				-0.9215 	 -0.0995 	 -0.3754
				-0.2974 	 -0.4406 	 0.847
				14.5628 	 5.7043 	 2.4116
			}
			{poly "piece04"}
		}
		{bone "piece05"
			{matrix34
				-0.2497 	 0.8922 	 0.3764
				-0.9215 	 -0.0995 	 -0.3754
				-0.2974 	 -0.4406 	 0.847
				-9.7067 	 -0.9789 	 2.7033
			}
			{poly "piece05"}
		}
		{bone "piece06"
			{matrix34
				-0.2497 	 0.8922 	 0.3764
				-0.9215 	 -0.0995 	 -0.3754
				-0.2974 	 -0.4406 	 0.847
				-1.1566 	 -1.8945 	 8.461
			}
			{poly "piece06"}
		}
		{bone "piece03"
			{matrix34
				-0.2497 	 0.8922 	 0.3764
				-0.9215 	 -0.0995 	 -0.3754
				-0.2974 	 -0.4406 	 0.847
				0.8702 	 -7.9143 	 -0.5948
			}
			{poly "piece03"}
		}
	}
}
{"volumes"
	{"piece01_vol1"
		{box 11.7006 7.37847 2.16031}
		{bone "piece01"}
		{matrix34
			-0.0732 	 -0.9973 	 0
			0.9973 	 -0.0732 	 0
			0 	 0 	 1
			4.0009 	 3.6906 	 5.7698
		}
	}
	{"piece01_vol2"
		{box 11.4713 9.14931 2.16031}
		{bone "piece01"}
		{matrix34
			-0.9071 	 -0.4209 	 0.0016
			0.4209 	 -0.9071 	 0.0098
			-0.0027 	 0.0096 	 1
			-1.3606 	 -4.9847 	 5.7698
		}
	}
	{"piece01_vol3"
		{box 1.47452 1.37803 10.8147}
		{bone "piece01"}
		{Position 6.7237 	 3.9052 	 -0.862}
	}
	{"piece01_vol4"
		{box 1.34047 1.48176 8.58896}
		{bone "piece01"}
		{Position -6.0472 	 -8.8951 	 -0.0034}
	}
	{"piece02"
		{box 8.50228 9.95887 2.3518}
		{bone "piece02"}
		{matrix34
			0.4351 	 -0.9004 	 0
			0.9004 	 0.4351 	 0
			0 	 0 	 1
			0.682 	 -0.3273 	 0.0117
		}
	}
	{"piece03_vol1"
		{box 6.46174 20.1169 2.3518}
		{bone "piece03"}
		{matrix34
			0.9833 	 -0.1819 	 0
			0.1819 	 0.9833 	 0
			0 	 0 	 1
			-0.397 	 0.1533 	 4.9736
		}
	}
	{"piece03_vol2"
		{box 1.29758 1.46281 5.07432}
		{bone "piece03"}
		{matrix34
			0 	 1 	 0
			-1 	 0 	 0
			0 	 0 	 1
			-2.9307 	 -2.3423 	 1.3089
		}
	}
	{"piece04"
		{box 1.34047 1.48176 5.79768}
		{bone "piece04"}
		{Position 0.0084 	 -0.0199 	 -0.5948}
	}
	{"piece05_vol1"
		{box 5.88616 9.03384 1.60532}
		{bone "piece05"}
		{matrix34
			0.0336 	 -0.9994 	 0
			0.9994 	 0.0336 	 0
			0 	 0 	 1
			-0.8849 	 0.8086 	 2.3363
		}
	}
	{"piece05_vol2"
		{box 1.47452 1.37803 3.5043}
		{bone "piece05"}
		{matrix34
			0 	 1 	 0
			-1 	 0 	 0
			0 	 0 	 1
			-0.2165 	 2.6487 	 -0.9179
		}
	}
	{"piece06"
		{box 11.6198 14.6334 1.24951}
		{bone "piece06"}
		{matrix34
			0.339 	 -0.9408 	 0
			0.9408 	 0.339 	 0
			0 	 0 	 1
			-1.3231 	 0.2522 	 -0.085
		}
	}
}
