;Exported by	: Oleksandr Tsaprylov
;Date			: 27.01.2023 12:44:47
;File			: E:\projects\gem2-mdl-soldiers\models\entourage\shed_wood_destroyed\shed_wood_destroyed.max
{skeleton
	{bone "shed_wood_destroyed_c_piece_002_x"
		{orientation
			1 	 0 	 0
			0 	 -1 	 0
			0 	 0 	 1
		}
		{bone "piece02"
			{Position 1.6889 	 -15.5928 	 69.2517}
			{poly "piece02"}
		}
		{bone "piece04"
			{Position -15.0643 	 -1.5415 	 82.9699}
			{poly "piece04"}
		}
		{bone "piece05"
			{matrix34
				0.9195 	 0.3714 	 0.1287
				-0.3919 	 0.8919 	 0.2255
				-0.031 	 -0.2578 	 0.9657
				-9.6897 	 -15.3626 	 33.9783
			}
			{poly "piece05"}
		}
		{bone "piece06"
			{Position 4.7828 	 -19.3241 	 36.3537}
			{poly "piece06"}
		}
		{bone "piece01"
			{Position -17.9484 	 -23.5524 	 63.812}
			{poly "piece01"}
		}
		{bone "piece07"
			{Position -37.0811 	 9.0343 	 86.4709}
			{poly "piece07"}
		}
		{bone "piece03"
			{Position 8.2566 	 17.4702 	 94.9268}
			{poly "piece03"}
		}
	}
}
{"volumes"
	{"piece01"
		{box 2.3622 2.98768 21.8764}
		{bone "piece01"}
		{matrix34
			-1 	 0 	 0
			0 	 -0.5736 	 0.8192
			0 	 0.8192 	 0.5736
			0.1779 	 0.1654 	 0.1442
		}
	}
	{"piece02"
		{box 2.3622 2.98768 31.3732}
		{bone "piece02"}
		{matrix34
			0 	 1 	 0
			0 	 0 	 1
			1 	 0 	 0
			-0.6815 	 -0.1148 	 0.0731
		}
	}
	{"piece03"
		{box 1.41732 2.09138 50.702}
		{bone "piece03"}
		{matrix34
			0 	 -0.5736 	 0.8192
			0 	 -0.8192 	 -0.5736
			1 	 0 	 0
			-0.1058 	 -0.0351 	 0.0295
		}
	}
	{"piece04"
		{box 0.666142 1.54762 46.1388}
		{bone "piece04"}
		{matrix34
			0.0121 	 -0.6004 	 0.7996
			0.9397 	 0.2802 	 0.1962
			-0.3418 	 0.749 	 0.5676
			-0.0794 	 -0.1137 	 -0.047
		}
	}
	{"piece05"
		{cylinder 2.0525 50.1884}
		{bone "piece05"}
		{matrix34
			0.9195 	 -0.3919 	 -0.031
			0.3714 	 0.8919 	 -0.2578
			0.1287 	 0.2255 	 0.9657
			-1.0136 	 -0.6188 	 0.7063
		}
	}
	{"piece06"
		{box 5.40378 1.25483 52.3753}
		{bone "piece06"}
		{matrix34
			-0.1838 	 0 	 -0.983
			0 	 1 	 0
			0.983 	 0 	 -0.1838
			-0.7148 	 0.0803 	 -0.3408
		}
	}
	{"piece07"
		{box 2.3622 2.98768 49.5}
		{bone "piece07"}
		{matrix34
			-1 	 0 	 0
			0 	 -0.5704 	 0.8213
			0 	 0.8213 	 0.5704
			-0.2046 	 0.252 	 0.3113
		}
	}
}
