;Exported by	: KobaA
;Date			: 10.05.2024 14:53:38
;File			: d:\git\gem2-mdl-soldiers\models\landscape\trench\constructor.max
{skeleton
	{bone "basis_cross_001"
		{orientation
			1 	 0 	 0
			0 	 -1 	 0
			0 	 0 	 1
		}
		{bone "trench"
			{parameters "land;ground;"}
			{poly "trench" {ground}{DecalTarget}{NoCastShadows}}
			{bone "point6"
				{Position -28.4636 	 18.2712 	 -23.6063}
			}
			{bone "point"
				{Position 4.299 	 18.2712 	 -23.6063}
			}
			{bone "point5"
				{Position 34.6841 	 18.2712 	 -23.6063}
			}
			{bone "point2"
				{Position 34.6841 	 -16.6832 	 -23.6063}
			}
			{bone "point4"
				{Position 15.469 	 -35.4852 	 -23.6063}
			}
			{bone "point3"
				{Position -18.1597 	 -35.4852 	 -23.6063}
			}
			{bone "point1"
				{Position -34.2435 	 -14.946 	 -23.6063}
			}
			{bone "grass"
				{parameters "align;"}
				{poly "grass"}
			}
			{bone "wood"
				{parameters "align;"}
				{poly "wood"}
			}
			{bone "detail1"
				{parameters "land;ground;"}
				{orientation
					-0.0785 	 0.9969 	 0
					-0.9969 	 -0.0785 	 0
					0 	 0 	 1
				}
				{poly "detail1" {ground}}
			}
		}
	}
}
{obstacle "body"
	{obb2
		{center 3.73496 -21.4262}
		{extent 15.78 3.86739}
		{axis 1 0}
	}
	{rotate}
}
{obstacle "body1"
	{obb2
		{center -33.9557 17.7207}
		{extent 14.6729 3.73011}
		{axis 1 0}
	}
	{rotate}
}
{obstacle "body2"
	{obb2
		{center 32.7286 18.383}
		{extent 15.9205 3.73011}
		{axis 1 0}
	}
	{rotate}
}
{obstacle "body3"
	{obb2
		{center -21.1296 36.6106}
		{extent 3.73011 15.748}
		{axis 1 0}
	}
	{rotate}
}
{obstacle "body4"
	{obb2
		{center 18.0005 37.7566}
		{extent 3.73011 15.748}
		{axis 1 0}
	}
	{rotate}
}
{obstacle "body5"
	{obb2
		{center 35.0495 -21.4262}
		{extent 15.1746 3.86211}
		{axis 1 0}
	}
	{rotate}
}
{obstacle "body6"
	{obb2
		{center -29.3861 -21.4262}
		{extent 17.3547 3.88113}
		{axis 1 0}
	}
	{rotate}
}
{area "cut"
	{polygon2
		{radius 0}
		{vertex -49.5795 24.0329}
		{vertex -49.9321 -25.4674}
		{vertex 51.9026 -25.4674}
		{vertex 51.1248 24.1926}
	}
	{rotate}
}
{area "cut2"
	{polygon2
		{radius 0}
		{vertex -30.2775 56.7518}
		{vertex -30.6301 24.0593}
		{vertex 25.5677 24.0593}
		{vertex 24.7899 56.9114}
	}
	{rotate}
	{tag "cut"}
}
{"volumes"
	{"body"
		{box 31.4961 3.93701 25.5906}
		{bone "point"}
		{matrix34
			1 	 -0.0087 	 0
			0.0086 	 0.9902 	 -0.1392
			0.0012 	 0.1392 	 0.9903
			-0.564 	 3.155 	 12.3123
		}
	}
	{"body1"
		{box 29.3458 3.93701 25.5906}
		{bone "point1"}
		{matrix34
			1 	 0 	 0
			0 	 0.9903 	 0.1392
			0 	 -0.1392 	 0.9903
			0.2878 	 -2.7747 	 12.3123
		}
	}
	{"body2"
		{box 31.8411 3.93701 25.5906}
		{bone "point2"}
		{matrix34
			1 	 0 	 0
			0 	 0.9903 	 0.1392
			0 	 -0.1392 	 0.9903
			-1.9554 	 -1.6997 	 12.3123
		}
	}
	{"body3"
		{box 31.4961 3.93701 25.5906}
		{bone "point3"}
		{matrix34
			0 	 -1 	 0
			0.9903 	 0 	 0.1392
			-0.1392 	 0 	 0.9903
			-2.9699 	 -1.1254 	 12.3123
		}
	}
	{"body4"
		{box 31.4961 3.93701 25.5906}
		{bone "point4"}
		{matrix34
			0 	 1 	 0
			-0.9903 	 0 	 0.1392
			0.1392 	 0 	 0.9903
			2.5316 	 -2.2715 	 12.3123
		}
	}
	{"body5"
		{box 30.2852 3.93701 25.5906}
		{bone "point5"}
		{matrix34
			1 	 -0.0087 	 0
			0.0086 	 0.9902 	 -0.1392
			0.0012 	 0.1392 	 0.9903
			0.3654 	 3.155 	 12.3123
		}
	}
	{"body6"
		{box 34.6457 3.93701 25.5906}
		{bone "point6"}
		{matrix34
			1 	 -0.0087 	 0
			0.0086 	 0.9902 	 -0.1392
			0.0012 	 0.1392 	 0.9903
			-0.9225 	 3.155 	 12.3123
		}
	}
}
