;Exported by	: joomb
;Date			: 13.04.2023 16:09:47
;File			: H:\git\gem2-mdl-soldiers\models\building\building_ua01\building_06_v2a.max
{skeleton
	{bone "b_ua_06_piece06"
		{orientation
			1 	 0 	 0
			0 	 -1 	 0
			0 	 0 	 1
		}
		{poly "b_ua_06_piece06"}
		{bone "fort_wall"
			{matrix34
				0 	 1 	 0
				-1 	 0 	 0
				0 	 0 	 1
				-26.3562 	 17.9991 	 -15.0046
			}
		}
		{bone revolute "attach1"
			{matrix34
				-1 	 0 	 0
				0 	 -1 	 0
				0 	 0 	 1
				2.1074 	 15.0729 	 -18.1778
			}
		}
	}
}
{"volumes"
	{"body01"
		{box 39.4611 6.88976 43.4037}
		{bone "b_ua_06_piece06"}
		{Position -0.8522 	 36.0966 	 3.4999}
	}
	{"body02"
		{polyhedron}
		{bone "b_ua_06_piece06"}
		{matrix34
			0 	 1 	 0
			-1 	 0 	 0
			0 	 0 	 1
			-14.32 	 8.665 	 -18.202
		}
	}
	{"body03"
		{box 33.1094 8.19882 13.9331}
		{bone "b_ua_06_piece06"}
		{Position -9.0293 	 43.3232 	 -24.7568}
	}
	{"body04"
		{box 55.2156 8.19882 13.9331}
		{bone "b_ua_06_piece06"}
		{matrix34
			0 	 1 	 0
			-1 	 0 	 0
			0 	 0 	 1
			-21.9614 	 11.6889 	 -24.7568
		}
	}
	{"floor01"
		{box 44.4136 83.8499 1.25005}
		{bone "b_ua_06_piece06"}
		{Position -5.3105 	 5.8682 	 25.3054}
	}
	{"roof01"
		{box 85.719 1.9685 8.04965}
		{bone "b_ua_06_piece06"}
		{matrix34
			0 	 -1 	 0
			0.8192 	 0 	 0.5736
			-0.5736 	 0 	 0.8192
			-26.5128 	 0.1595 	 24.6293
		}
	}
	{"roof02"
		{box 44.1077 1.9685 17.9597}
		{bone "b_ua_06_piece06"}
		{matrix34
			0 	 -1 	 0
			0.9397 	 0 	 -0.342
			0.342 	 0 	 0.9397
			-26.2713 	 -11.9842 	 35.769
		}
	}
	{"roof03"
		{box 32.6397 1.9685 8.08185}
		{bone "b_ua_06_piece06"}
		{matrix34
			0 	 -1 	 0
			0.9397 	 0 	 -0.342
			0.342 	 0 	 0.9397
			-27.9605 	 26.3728 	 31.128
		}
	}
	{"roof04"
		{box 9.26263 1.9685 10.0574}
		{bone "b_ua_06_piece06"}
		{matrix34
			0 	 -1 	 0
			0.9397 	 0 	 -0.342
			0.342 	 0 	 0.9397
			-27.6226 	 -39.2123 	 32.0562
		}
	}
	{"roof05"
		{box 39.6775 1.9685 12.9812}
		{bone "b_ua_06_piece06"}
		{matrix34
			-1 	 0 	 0
			0 	 -0.8192 	 -0.5736
			0 	 -0.5736 	 0.8192
			0.5669 	 47.0592 	 32.6476
		}
	}
	{"roof06"
		{box 43.7845 1.9685 8.04965}
		{bone "b_ua_06_piece06"}
		{matrix34
			-1 	 0.0049 	 -0.0059
			-0.0077 	 -0.6428 	 0.766
			0 	 0.766 	 0.6428
			-1.9289 	 47.1076 	 24.7519
		}
	}
}
