;Exported by:	 tolokolnikova
;Date:			 13.04.2018 16:52:43
;File:			 D:\gem2\gem2-mdl-soldiers\models\building\building_ua01\building_ua02_v2_x.max
{skeleton
	{bone "b_ua_02_piece15_point"
		{orientation
			1 	 0 	 0
			0 	 -1 	 0
			0 	 0 	 1
		}
		{bone "piece01"
			{matrix34
				-0.2753 	 0.8357 	 0.4751
				0.8578 	 -0.0096 	 0.5139
				0.4341 	 0.549 	 -0.7143
				25.2492 	 42.9531 	 -16.702
			}
			{poly "piece01"}
		}
		{bone "piece02"
			{matrix34
				0.0083 	 1 	 0.0047
				0.8578 	 -0.0096 	 0.5139
				0.514 	 -0.0003 	 -0.8578
				23.7557 	 1.1725 	 -14.7872
			}
			{poly "piece02"}
		}
		{bone "piece03"
			{matrix34
				0.0066 	 0.7906 	 0.6122
				1 	 -0.0086 	 0.0003
				-0.0055 	 -0.6122 	 0.7907
				-0.1968 	 38.9454 	 -11.8083
			}
			{poly "piece03"}
		}
		{bone "piece04"
			{matrix34
				0.4481 	 -0.6514 	 0.6122
				-0.824 	 -0.5666 	 0.0003
				-0.3467 	 0.5046 	 0.7907
				20.8406 	 -41.8832 	 -11.8085
			}
			{poly "piece04"}
		}
	}
}
{volume "piece01"
	{box 3.46767 4.24044 61.1263}
	{bone "piece01"}
	{matrix34
		1 	 0 	 0
		0 	 1 	 0
		0 	 0 	 1
		0 	 0 	 -1.42
	}
}
{volume "piece02"
	{box 3.46767 4.24044 61.1263}
	{bone "piece02"}
	{matrix34
		1 	 0 	 0
		0 	 1 	 0
		0 	 0 	 1
		0 	 0 	 -2.05
	}
}
{volume "piece03"
	{box 28.8973 4.24044 2.84256}
	{bone "piece03"}
	{matrix34
		-0.0392 	 0.0057 	 0.9992
		0.0066 	 1 	 -0.0055
		0.9992 	 -0.0064 	 0.0393
		-0.1901 	 -3.6831 	 -1.0952
	}
}
{volume "piece04"
	{box 28.8973 4.24044 2.84256}
	{bone "piece04"}
	{matrix34
		-0.0392 	 0.0057 	 0.9992
		0.0066 	 1 	 -0.0055
		0.9992 	 -0.0064 	 0.0393
		-0.1902 	 -3.0863 	 -1.0952
	}
}
