;Exported by:	 tolokolnikova
;Date:			 05.02.2016 17:21:48
;File:			 D:\gem2\gem2-mdl-soldiers\models\entourage\ruin_stuff\Oblomki001_g2_x.max
{skeleton
	{bone "ruin_wall_long3_g2_x"
		{orientation
			1 	 0 	 0
			0 	 -1 	 0
			0 	 0 	 1
		}
		{poly "ruin_wall_long3_g2_x"}
		{bone "piece01"
			{matrix34
				-0.4226 	 0 	 -0.9063
				0 	 1 	 0
				0.9063 	 0 	 -0.4226
				17.804 	 0.1362 	 6.8246
			}
			{poly "piece01"}
		}
		{bone "piece02"
			{matrix34
				-0.6428 	 0 	 0.766
				0 	 1 	 0
				-0.766 	 0 	 -0.6428
				-23.1541 	 0.1362 	 8.6796
			}
			{poly "piece02"}
		}
		{bone "piece04"
			{Position 41.6077 	 0.0789 	 26.7144}
			{poly "piece04"}
		}
		{bone "piece03"
			{Position -34.6277 	 0.1419 	 30.3946}
			{poly "piece03"}
		}
		{bone "sub_piece01"
			{matrix34
				0.4226 	 0 	 0.9063
				0 	 1 	 0
				-0.9063 	 0 	 0.4226
				54.7493 	 0.1361 	 6.028
			}
			{poly "sub_piece01"}
		}
		{bone "sub_piece02"
			{matrix34
				0.2588 	 0 	 -0.9659
				0 	 1 	 0
				0.9659 	 0 	 0.2588
				35.9304 	 0.1362 	 11.4068
			}
			{poly "sub_piece02"}
		}
		{bone "sub_piece03"
			{matrix34
				0.4226 	 0 	 0.9063
				0 	 1 	 0
				-0.9063 	 0 	 0.4226
				-4.9705 	 0.1361 	 14.8573
			}
			{poly "sub_piece03"}
		}
		{bone "sub_piece04"
			{matrix34
				0.4226 	 0 	 0.9063
				0 	 1 	 0
				-0.9063 	 0 	 0.4226
				-40.8726 	 0.1361 	 6.8501
			}
			{poly "sub_piece04"}
		}
	}
}
{volume "piece01"
	{box 19.7589 11.811 22.6556}
	{bone "piece01"}
	{Position -0.2928 	 0 	 -3.6573}
}
{volume "piece02"
	{box 16.2023 11.811 22.7689}
	{bone "piece02"}
	{matrix34
		0.9063 	 0 	 0.4226
		0 	 1 	 0
		-0.4226 	 0 	 0.9063
		-0.0781 	 0 	 -6.3809
	}
}
{volume "piece03"
	{box 15.0148 11.811 15.2876}
	{bone "piece03"}
	{Position 0.3021 	 -0.0058 	 -5.1284}
}
{volume "piece04"
	{box 19.7589 11.811 16.3892}
	{bone "piece04"}
	{Position -0.5153 	 0 	 -4.4808}
}
{volume "sub_piece01"
	{box 6.71804 11.811 7.80961}
	{bone "sub_piece01"}
	{Position -0.235 	 0 	 -0.6791}
}
{volume "sub_piece02"
	{box 6.32638 11.811 8.74942}
	{bone "sub_piece02"}
	{matrix34
		0.866 	 0 	 -0.5
		0 	 1 	 0
		0.5 	 0 	 0.866
		1.5413 	 0 	 -2.8034
	}
}
{volume "sub_piece03"
	{box 6.71804 11.811 7.80961}
	{bone "sub_piece03"}
	{Position -0.235 	 0 	 -0.6792}
}
{volume "sub_piece04"
	{box 6.71804 11.811 7.80961}
	{bone "sub_piece04"}
	{Position -0.235 	 0 	 -0.6792}
}
