;Exported by:	 tolokolnikova
;Date:			 10.05.2016 14:47:20
;File:			 D:\gem2\gem2-mdl-soldiers\models\entourage\barricade_cobl_g2\barricade_new.max
{skeleton
	{bone "barricade1_a_c2"
		{orientation
			1 	 0 	 0
			0 	 -1 	 0
			0 	 0 	 1
		}
		{poly "barricade1_a_c2"}
	}
}
{obstacle "body1"
	{obb2
		{center 8.04675 -18.7063}
		{extent 5.46858 5.94579}
		{axis 0.992554 0.121808}
	}
	{rotate}
	{Tags "body" "fire"}
}
{obstacle "body2"
	{obb2
		{center 10.4713 -3.32752}
		{extent 10.1398 7.39039}
		{axis 0.25946 0.965754}
	}
	{rotate}
	{Tags "body" "fire"}
}
{obstacle "body3"
	{obb2
		{center 16.0697 -10.8614}
		{extent 7.0507 5.0335}
		{axis 0.25946 0.965754}
	}
	{rotate}
	{Tags "body" "fire"}
}
{volume "body1"
	{cylinder 5.88196 17.0252}
	{bone "barricade1_a_c2"}
	{matrix34
		0.9229 	 0.383 	 0.04
		-0.3828 	 0.9237 	 -0.014
		-0.0423 	 -0.0024 	 0.9991
		8.0468 	 18.7063 	 9.1806
	}
}
{volume "body2"
	{box 14.7126 20.23 16.7323}
	{bone "barricade1_a_c2"}
	{matrix34
		0.9666 	 0.2562 	 0
		-0.2562 	 0.9666 	 0
		0 	 0 	 1
		10.4713 	 3.3275 	 8.3661
	}
}
{volume "body3"
	{box 1.47126 13.0599 19.4094}
	{bone "barricade1_a_c2"}
	{matrix34
		0.869 	 0.2089 	 0.4486
		-0.2615 	 0.9635 	 0.058
		-0.4201 	 -0.1677 	 0.8919
		16.0697 	 10.8614 	 8.6552
	}
}
