;Exported by	: KobaA
;Date			: 03.07.2023 12:08:15
;File			: D:\git\gem2-mdl-soldiers\models\entourage\repair_crane\repair_crane.max
{skeleton
	{bone "repair_crane_base"
		{parameters "land;ground;"}
		{orientation
			1 	 0 	 0
			0 	 -1 	 0
			0 	 0 	 1
		}
		{poly "repair_crane_base" {ground}}
		{bone "repair_crane"
			{Position 0.575 	 0 	 -1.0468}
			{poly "repair_crane"}
		}
	}
}
{obstacle "obstacle01"
	{obb2
		{center -35.9998 -0.124269}
		{extent 5.32839 32.9232}
		{axis -1 0}
	}
	{rotate}
}
{obstacle "obstacle02"
	{obb2
		{center 36.9592 -0.124269}
		{extent 5.32839 32.9232}
		{axis -1 0}
	}
	{rotate}
}
{"volumes"
	{"body01"
		{box 90.9369 3.48983 6.12267}
		{bone "repair_crane"}
		{Position -0.0006 	 -0.3976 	 103.927}
	}
	{"body02"
		{box 18.4147 3.90861 8.9391}
		{bone "repair_crane"}
		{matrix34
			0 	 0 	 1
			0 	 1 	 0
			-1 	 0 	 0
			-0.749 	 -0.3976 	 98.0626
		}
	}
	{"body03"
		{box 6.9976 3.90861 7.50884}
		{bone "repair_crane"}
		{Position 2.0616 	 -0.3976 	 76.9812}
	}
	{"body04"
		{cylinder 1.35752 96.3423}
		{bone "repair_crane"}
		{matrix34
			1 	 0 	 0
			0 	 0.9653 	 -0.2613
			0 	 0.2613 	 0.9653
			-36.5316 	 -13.9088 	 56.0624
		}
	}
	{"body05"
		{cylinder 1.35752 96.3423}
		{bone "repair_crane"}
		{matrix34
			1 	 0 	 0
			0 	 0.9652 	 0.2613
			0 	 -0.2613 	 0.9652
			-36.5316 	 13.9532 	 56.0623
		}
	}
	{"body06"
		{cylinder 1.35752 96.3423}
		{bone "repair_crane"}
		{matrix34
			1 	 0 	 0
			0 	 0.9653 	 -0.2613
			0 	 0.2613 	 0.9653
			36.3169 	 -13.9088 	 56.0624
		}
	}
	{"body07"
		{cylinder 1.35752 96.3423}
		{bone "repair_crane"}
		{matrix34
			1 	 0 	 0
			0 	 0.9652 	 0.2613
			0 	 -0.2613 	 0.9652
			36.3169 	 13.9532 	 56.0623
		}
	}
	{"body08"
		{cylinder 6.00239 6.20747}
		{bone "repair_crane"}
		{matrix34
			0 	 0 	 -1
			0 	 1 	 0
			1 	 0 	 0
			-36.5155 	 -26.3272 	 7.6198
		}
	}
	{"body09"
		{cylinder 6.00239 6.20747}
		{bone "repair_crane"}
		{matrix34
			0 	 0 	 -1
			0 	 1 	 0
			1 	 0 	 0
			-36.5155 	 26.278 	 7.6198
		}
	}
	{"body10"
		{cylinder 6.00239 6.20747}
		{bone "repair_crane"}
		{matrix34
			0 	 0 	 -1
			0 	 1 	 0
			1 	 0 	 0
			36.4731 	 -26.3272 	 7.6198
		}
	}
	{"body11"
		{cylinder 6.00239 6.20747}
		{bone "repair_crane"}
		{matrix34
			0 	 0 	 -1
			0 	 1 	 0
			1 	 0 	 0
			36.4731 	 26.278 	 7.6198
		}
	}
}
