;Exported by	: KobaA
;Date			: 22.05.2023 13:28:12
;File			: D:\git\gem2-mdl-soldiers\models\entourage\bridge_river\bridge_river_settings.max
{skeleton
	{bone "bridge_river_1_piece_008"
		{orientation
			1 	 0 	 0
			0 	 -1 	 0
			0 	 0 	 1
		}
		{bone "group053"
			{Position 0.0062 	 5.3036 	 9.0222}
			{poly "group053"}
		}
		{bone "group054"
			{Position 6.5433 	 -0.021 	 71.8536}
			{poly "group054"}
			{bone "fix8"
				{Position 1.341 	 85.9658 	 -75.2986}
			}
		}
	}
}
{"volumes"
	{"body01"
		{box 17.6137 1.66255 1.62709}
		{bone "group053"}
		{matrix34
			0 	 0 	 -1
			0 	 -1 	 0
			-1 	 0 	 0
			101.17 	 -0.0811 	 -0.267
		}
	}
	{"body02"
		{box 250.521 1.93489 1.18789}
		{bone "group053"}
		{matrix34
			-1 	 0 	 0
			0 	 -1 	 0
			0 	 0 	 1
			-0.0291 	 -0.0811 	 8.9607
		}
	}
	{"body03"
		{box 3.83858 3.83858 20.3783}
		{bone "group053"}
		{matrix34
			-1 	 0 	 0
			0 	 -1 	 0
			0 	 0 	 1
			67.4058 	 -0.0811 	 1.2039
		}
	}
	{"body04"
		{box 236.174 1.23833 0.819643}
		{bone "group053"}
		{matrix34
			-1 	 0 	 0
			0 	 -1 	 0
			0 	 0 	 1
			-0.0291 	 -0.0811 	 -4.6137
		}
	}
	{"body05"
		{box 17.6137 1.66255 1.62709}
		{bone "group053"}
		{matrix34
			0 	 0 	 -1
			0 	 -1 	 0
			-1 	 0 	 0
			33.6877 	 -0.0811 	 -0.267
		}
	}
	{"body06"
		{box 17.6137 1.66255 1.62709}
		{bone "group053"}
		{matrix34
			0 	 0 	 -1
			0 	 -1 	 0
			-1 	 0 	 0
			-33.8121 	 -0.0811 	 -0.267
		}
	}
	{"body07"
		{box 17.6137 1.66255 1.62709}
		{bone "group053"}
		{matrix34
			0 	 0 	 -1
			0 	 -1 	 0
			-1 	 0 	 0
			-101.237 	 -0.0811 	 -0.267
		}
	}
	{"body08"
		{box 17.6137 1.66255 1.62709}
		{bone "group053"}
		{matrix34
			0 	 0 	 -1
			0 	 -1 	 0
			-1 	 0 	 0
			-0.0809 	 -0.0811 	 -0.267
		}
	}
	{"body09"
		{box 3.83858 3.83858 20.3783}
		{bone "group053"}
		{matrix34
			-1 	 0 	 0
			0 	 -1 	 0
			0 	 0 	 1
			-67.5444 	 -0.0811 	 1.2039
		}
	}
	{"body10"
		{box 86.3258 8.14764 6.09909}
		{bone "group054"}
		{matrix34
			0.891 	 0 	 -0.454
			0 	 1 	 0
			0.454 	 0 	 0.891
			35.9791 	 -0.0373 	 50.334
		}
	}
	{"body11"
		{box 32.8759 8.14764 6.09909}
		{bone "group054"}
		{Position 86.4515 	 -0.0373 	 33.2598}
	}
	{"body12"
		{box 50.6578 8.14764 6.09909}
		{bone "group054"}
		{matrix34
			0.5 	 0 	 -0.866
			0 	 1 	 0
			0.866 	 0 	 0.5
			-99.7043 	 -0.0373 	 -44.8121
		}
	}
	{"body13"
		{box 93.2318 8.14764 6.09909}
		{bone "group054"}
		{matrix34
			0.6293 	 0 	 0.7771
			0 	 1 	 0
			-0.7771 	 0 	 0.6293
			103.787 	 -0.0373 	 -29.7151
		}
	}
	{"body14"
		{box 125.32 8.14764 6.09909}
		{bone "group054"}
		{matrix34
			-0.6293 	 0 	 -0.7771
			0 	 1 	 0
			0.7771 	 0 	 -0.6293
			32.2966 	 -0.0373 	 -20.2294
		}
	}
	{"body15"
		{box 154.143 8.14764 6.09909}
		{bone "group054"}
		{matrix34
			0.5 	 0 	 -0.866
			0 	 1 	 0
			0.866 	 0 	 0.5
			-46.0045 	 -0.0373 	 -1.3912
		}
	}
	{"body16"
		{box 105.311 8.14764 6.09909}
		{bone "group054"}
		{matrix34
			0 	 0 	 -1
			0 	 1 	 0
			1 	 0 	 0
			72.0099 	 -0.0373 	 -19.6701
		}
	}
	{"body17"
		{box 137.957 8.14764 6.09909}
		{bone "group054"}
		{matrix34
			0 	 0 	 -1
			0 	 1 	 0
			1 	 0 	 0
			-6.4313 	 -0.0373 	 -2.4865
		}
	}
	{"body18"
		{box 137.957 8.14764 6.09909}
		{bone "group054"}
		{matrix34
			0 	 0 	 -1
			0 	 1 	 0
			1 	 0 	 0
			-85.9628 	 -0.0373 	 -2.4972
		}
	}
	{"body19"
		{box 134.389 8.14764 6.09909}
		{bone "group054"}
		{Position -66.4429 	 -0.0373 	 69.3518}
	}
	{"body20"
		{box 86.3258 8.14764 6.09909}
		{bone "group054"}
		{matrix34
			0.6293 	 0 	 -0.7771
			0 	 1 	 0
			0.7771 	 0 	 0.6293
			98.211 	 -0.0373 	 -2.5077
		}
	}
	{"body21"
		{box 36.1273 8.14764 6.09909}
		{bone "group054"}
		{matrix34
			0.515 	 0 	 0.8572
			0 	 1 	 0
			-0.8572 	 0 	 0.515
			-93.1997 	 -0.0373 	 51.4007
		}
	}
}
