;Exported by:	 tolokolnikova
;Date:			 27.06.2017 14:31:40
;File:			 D:\gem2\gem2-mdl-soldiers\models\building\house_D\D_003_x_fort.max
{skeleton
	{bone "d003_piece15_point"
		{orientation
			1 	 0 	 0
			0 	 -1 	 0
			0 	 0 	 1
		}
		{bone "sub_piece09"
			{Position -13.2682 	 37.6144 	 8.1283}
			{poly "sub_piece09"}
		}
		{bone "piece01"
			{matrix34
				0 	 1 	 0
				-1 	 0 	 0
				0 	 0 	 1
				-19.3493 	 35.5131 	 -6.5366
			}
			{poly "piece01"}
		}
		{bone "piece02"
			{matrix34
				-1 	 0 	 0
				0 	 -1 	 0
				0 	 0 	 1
				-24.4199 	 25.4943 	 4.0711
			}
			{poly "piece02"}
		}
		{bone "piece03"
			{matrix34
				-1 	 0 	 0
				0 	 -1 	 0
				0 	 0 	 1
				-24.5877 	 -14.2355 	 15.1216
			}
			{poly "piece03"}
		}
		{bone "piece04"
			{Position -5.9576 	 35.549 	 1.4992}
			{poly "piece04"}
		}
		{bone "piece05"
			{Position -24.4184 	 -19.2981 	 -6.5976}
			{poly "piece05"}
		}
		{bone "piece06"
			{Position -24.4092 	 15.6948 	 -6.2212}
			{poly "piece06"}
		}
		{bone "piece07"
			{Position -24.3885 	 -1.6549 	 -15.7265}
			{poly "piece07"}
		}
		{bone "sub_piece01"
			{matrix34
				-1 	 0 	 0
				0 	 -1 	 0
				0 	 0 	 1
				-24.3768 	 -29.5481 	 -20.2763
			}
			{poly "sub_piece01"}
		}
		{bone "sub_piece02"
			{matrix34
				0 	 1 	 0
				-1 	 0 	 0
				0 	 0 	 1
				-24.3451 	 -5.1868 	 0.3368
			}
			{poly "sub_piece02"}
		}
		{bone "sub_piece03"
			{matrix34
				0 	 1 	 0
				-1 	 0 	 0
				0 	 0 	 1
				-8.5504 	 35.4743 	 -10.0193
			}
			{poly "sub_piece03"}
		}
		{bone "sub_piece04"
			{Position -24.3098 	 5.816 	 4.5517}
			{poly "sub_piece04"}
		}
		{bone "sub_piece05"
			{Position -24.3098 	 -16.7019 	 -20.9803}
			{poly "sub_piece05"}
		}
		{bone "sub_piece06"
			{matrix34
				-1 	 0 	 0
				0 	 0.8192 	 0.5736
				0 	 0.5736 	 -0.8192
				-24.3768 	 2.7924 	 15.9993
			}
			{poly "sub_piece06"}
		}
		{bone "sub_piece07"
			{Position 16.2169 	 5.4232 	 19.6174}
			{poly "sub_piece07"}
		}
		{bone "sub_piece08"
			{Position -16.5443 	 -6.625 	 23.9173}
			{poly "sub_piece08"}
		}
	}
}
{volume "piece01"
	{box 5.90551 12.432 19.4865}
	{bone "piece01"}
	{Position 0.1324 	 1.1265 	 0.3743}
}
{volume "piece02"
	{box 5.90551 23.4965 10.3279}
	{bone "piece02"}
	{matrix34
		1 	 0 	 0
		0 	 0.9563 	 0.2924
		0 	 -0.2924 	 0.9563
		0.1324 	 0.3764 	 0.3558
	}
}
{volume "piece03"
	{box 5.90551 12.432 19.4865}
	{bone "piece03"}
	{matrix34
		1 	 0 	 0
		0 	 0.9659 	 -0.2588
		0 	 0.2588 	 0.9659
		0.1324 	 -0.195 	 0.0578
	}
}
{volume "piece04"
	{box 5.90551 23.4965 10.3279}
	{bone "piece04"}
	{matrix34
		0 	 1 	 0
		-0.9563 	 0 	 0.2924
		0.2924 	 0 	 0.9563
		1.6422 	 0.2465 	 1.1366
	}
}
{volume "piece05"
	{box 5.90551 23.4965 10.3279}
	{bone "piece05"}
	{matrix34
		1 	 0 	 0
		0 	 0.9563 	 0.2924
		0 	 -0.2924 	 0.9563
		0.1324 	 0.3765 	 0.3558
	}
}
{volume "piece06"
	{box 5.90551 15.7348 8.70269}
	{bone "piece06"}
	{matrix34
		-1 	 0 	 0
		0 	 -1 	 0
		0 	 0 	 1
		-0.1187 	 -0.1484 	 1.0032
	}
}
{volume "piece07"
	{box 5.90551 12.432 19.4865}
	{bone "piece07"}
	{Position 0.1324 	 1.1265 	 0.3743}
}
{volume "sub_piece01"
	{box 5.90551 8.7024 11.3022}
	{bone "sub_piece01"}
	{Position 0.1324 	 -0.7574 	 0.1242}
}
{volume "sub_piece02"
	{box 5.90551 11.2261 9.83291}
	{bone "sub_piece02"}
	{matrix34
		0 	 1 	 0
		-1 	 0 	 0
		0 	 0 	 1
		-0.2401 	 0.3249 	 0.8333
	}
}
{volume "sub_piece03"
	{box 5.90551 8.7024 6.89434}
	{bone "sub_piece03"}
	{Position 0.1324 	 -0.2551 	 0.6881}
}
{volume "sub_piece04"
	{box 5.90551 8.7024 6.89434}
	{bone "sub_piece04"}
	{Position 0.1324 	 -0.1252 	 0.5725}
}
{volume "sub_piece05"
	{box 5.90551 8.7024 6.89434}
	{bone "sub_piece05"}
	{Position 0.1324 	 -0.2551 	 0.6881}
}
{volume "sub_piece06"
	{box 5.90551 8.7024 11.3022}
	{bone "sub_piece06"}
	{Position 0.1324 	 -0.7574 	 0.1242}
}
{volume "sub_piece07"
	{box 0.984252 13.359 23.9071}
	{bone "sub_piece07"}
	{matrix34
		0 	 0.342 	 0.9397
		-1 	 0 	 0
		0 	 -0.9397 	 0.342
		0.6522 	 0.6689 	 -0.0599
	}
}
{volume "sub_piece08"
	{box 0.984252 13.359 17.4522}
	{bone "sub_piece08"}
	{matrix34
		0 	 0.342 	 0.9397
		-1 	 0 	 0
		0 	 -0.9397 	 0.342
		-0.7437 	 0.6118 	 0.0461
	}
}
{volume "sub_piece09"
	{box 0.984252 13.359 8.55158}
	{bone "sub_piece09"}
	{matrix34
		0 	 0.342 	 0.9397
		-1 	 0 	 0
		0 	 -0.9397 	 0.342
		-1.5052 	 0.2025 	 0.1903
	}
}
