;Exported by	: KobaA
;Date			: 12.01.2024 14:23:26
;File			: d:\git\gem2-mdl-soldiers\models\building\house_90\house_90_fort.max
{skeleton
	{bone "h_90_piece09"
		{orientation
			1 	 0 	 0
			0 	 -1 	 0
			0 	 0 	 1
		}
		{poly "h_90_piece09"}
		{bone "window7"
			{matrix34
				0 	 1 	 0
				0 	 0 	 1
				-1 	 0 	 0
				2.8521 	 24.6959 	 1.7423
			}
			{poly "window7"}
		}
		{bone "window7_x"
			{matrix34
				0 	 1 	 0
				0 	 0 	 1
				-1 	 0 	 0
				2.8521 	 24.6959 	 1.7423
			}
			{poly "window7_x"}
		}
		{bone "fix05"
			{Position -60.7979 	 26.9166 	 -18.6764}
		}
		{bone "fix04"
			{Position -2.7659 	 26.9166 	 -35.6374}
		}
		{bone "fix03"
			{Position 54.0613 	 26.9166 	 -18.6764}
		}
	}
}
{"volumes"
	{"body01"
		{box 92.121 5.90551 12.6985}
		{bone "h_90_piece09"}
		{Position -2.3811 	 24.1782 	 -17.5404}
	}
	{"body02"
		{polyhedron}
		{bone "h_90_piece09"}
		{Position 3.8275 	 24.1782 	 -13.0015}
	}
	{"floor01"
		{box 91.9794 42.2915 0.870754}
		{bone "h_90_piece09"}
		{Position -0.4739 	 1.1303 	 -19.6283}
	}
	{"roof01"
		{polyhedron}
		{bone "h_90_piece09"}
		{matrix34
			-1 	 0 	 0
			0 	 -0.7071 	 -0.7071
			0 	 -0.7071 	 0.7071
			-3.4872 	 32.2879 	 -13.369
		}
	}
	{"roof02"
		{polyhedron}
		{bone "h_90_piece09"}
		{matrix34
			-1 	 0 	 0
			0 	 -0.7071 	 -0.7071
			0 	 -0.7071 	 0.7071
			-43.4928 	 32.2533 	 -13.3344
		}
	}
	{"roof03"
		{box 8.48992 1.9685 9.05354}
		{bone "h_90_piece09"}
		{matrix34
			-1 	 0 	 0
			0 	 -0.7071 	 -0.7071
			0 	 -0.7071 	 0.7071
			-41.7477 	 29.087 	 -10.1681
		}
	}
	{"window7"
		{box 1.9685 9.91535 16.5354}
		{bone "window7"}
		{matrix34
			-1 	 0 	 0
			0 	 0 	 -1
			0 	 -1 	 0
			0.0491 	 0.0581 	 0.1732
		}
	}
}
