;Exported by:	 kobaa
;Date:			 09.10.2019 16:23:25
;File:			 G:\_GIT_\gem2\gem2-mdl-soldiers\models\fence\hedgehog\wires_square.max
{skeleton
	{bone "basis3"
		{orientation
			1 	 0 	 0
			0 	 -1 	 0
			0 	 0 	 1
		}
		{bone "socket3"
			{matrix34
				0 	 -1 	 0
				1 	 0 	 0
				0 	 0 	 1
				-0.6287 	 -13.9267 	 -0.6925
			}
		}
		{bone "socket2"
			{matrix34
				0 	 1 	 0
				-1 	 0 	 0
				0 	 0 	 1
				-0.4975 	 14.4548 	 -0.6925
			}
		}
		{bone "socket1"
			{matrix34
				-1 	 0 	 0
				0 	 -1 	 0
				0 	 0 	 1
				-34.6209 	 0.5246 	 -0.6925
			}
		}
		{bone "socket0"
			{Position 33.4876 	 -0.0388 	 -0.6925}
		}
		{bone "body_wire"
			{Position 0.8331 	 0.0958 	 11.8329}
			{LODView
				{poly "body_wire"}
				{poly "body_wire_lod1"}
				{poly "body_wire_lod2"}
			}
		}
	}
}
{obstacle "obstacle"
	{obb2
		{center -0.548522 -0.147309}
		{extent 31.9561 13.581}
		{axis -1 -2.65791e-008}
	}
	{rotate}
}
{volume "body_01"
	{cylinder 1.25559 37.4053}
	{bone "body_wire"}
	{matrix34
		0.0052 	 0.999 	 -0.0453
		0.202 	 -0.0454 	 -0.9783
		-0.9794 	 -0.004 	 -0.202
		12.926 	 -0.4277 	 0.6026
	}
}
{volume "body_02"
	{cylinder 1.37446 34.7754}
	{bone "body_wire"}
	{matrix34
		0.9763 	 -0.0086 	 -0.2163
		-0.1479 	 0.7032 	 -0.6954
		0.1581 	 0.7109 	 0.6853
		-27.176 	 -0.4387 	 -0.2357
	}
}
{volume "body_04"
	{cylinder 1.37446 34.7754}
	{bone "body_wire"}
	{matrix34
		0.9021 	 0.3771 	 -0.2096
		-0.4071 	 0.5833 	 -0.7029
		-0.1428 	 0.7194 	 0.6797
		25.6972 	 -0.5867 	 0.1933
	}
}
{volume "body_05"
	{cylinder 1.37446 34.7754}
	{bone "body_wire"}
	{matrix34
		0.9879 	 0 	 0.1553
		0.1083 	 -0.7165 	 -0.6891
		0.1112 	 0.6976 	 -0.7078
		24.8756 	 0.6435 	 -0.4551
	}
}
{volume "body_06"
	{cylinder 1.37446 34.7754}
	{bone "body_wire"}
	{matrix34
		0.9679 	 0.0012 	 -0.2515
		-0.1808 	 -0.6919 	 -0.699
		-0.1749 	 0.722 	 -0.6695
		-27.6926 	 0.4315 	 0.2373
	}
}
{volume "body_07"
	{cylinder 1.37446 34.7754}
	{bone "body_wire"}
	{matrix34
		0.9757 	 0.1611 	 -0.1487
		-0.2094 	 0.4833 	 -0.8501
		-0.0651 	 0.8605 	 0.5052
		-0.4775 	 2.0019 	 -2.8846
	}
}
{volume "body_08"
	{cylinder 1.37446 34.7754}
	{bone "body_wire"}
	{matrix34
		0.8496 	 0.2391 	 0.4701
		0.5273 	 -0.4025 	 -0.7483
		0.0103 	 0.8837 	 -0.468
		-1.8065 	 -2.3542 	 -3.3283
	}
}
