;Exported by	: KobaA
;Date			: 21.02.2024 09:41:23
;File			: d:\git\gem2-mdl-soldiers\models\entourage\railway\coal_sorting_complex\coal_sorting_complex.max
{skeleton
	{bone "coal_sorting_complex_piece_009_x"
		{orientation
			1 	 0 	 0
			0 	 -1 	 0
			0 	 0 	 1
		}
		{bone "piece01"
			{Position 20.4691 	 -112.864 	 84.6617}
			{poly "piece01"}
		}
		{bone "piece05"
			{Position 23.0485 	 -125.733 	 97.1965}
			{poly "piece05"}
		}
		{bone "sub_piece01"
			{Position 70.0267 	 -112.864 	 130.191}
			{poly "sub_piece01"}
		}
		{bone "piece02"
			{Position 48.6451 	 -112.864 	 110.548}
			{poly "piece02"}
		}
		{bone "piece04"
			{Position 59.3699 	 -125.733 	 137.497}
			{poly "piece04"}
		}
		{bone "sub_piece02"
			{Position 14.6196 	 -100.422 	 90.2277}
			{poly "sub_piece02"}
		}
		{bone "piece03"
			{Position 50.5049 	 -100.422 	 126.142}
			{poly "piece03"}
		}
	}
}
{"volumes"
	{"piece01"
		{box 39.3626 23.622 6.45211}
		{bone "piece01"}
		{matrix34
			0.737 	 0 	 0.6759
			0 	 1 	 0
			-0.6759 	 0 	 0.737
			1.2637 	 0.0446 	 0.9101
		}
	}
	{"piece02"
		{box 32.4863 23.622 6.45211}
		{bone "piece02"}
		{matrix34
			0.737 	 0 	 0.6759
			0 	 1 	 0
			-0.6759 	 0 	 0.737
			0.176 	 0.0445 	 -0.0926
		}
	}
	{"piece03"
		{box 71.0029 0.708662 17.4207}
		{bone "piece03"}
		{matrix34
			0.737 	 0 	 0.6759
			0 	 1 	 0
			-0.6759 	 0 	 0.737
			6.3743 	 0.0038 	 2.6522
		}
	}
	{"piece04"
		{box 45.8083 0.708662 17.4207}
		{bone "piece04"}
		{matrix34
			0.737 	 0 	 0.6759
			0 	 1 	 0
			-0.6759 	 0 	 0.737
			0.1374 	 0.416 	 -6.216
		}
	}
	{"piece05"
		{box 45.8083 0.708662 17.4207}
		{bone "piece05"}
		{matrix34
			0.737 	 0 	 0.6759
			0 	 1 	 0
			-0.6759 	 0 	 0.737
			2.2101 	 0.416 	 2.7737
		}
	}
	{"sub_piece01"
		{box 24.0399 23.622 6.45211}
		{bone "sub_piece01"}
		{matrix34
			0.737 	 0 	 0.6759
			0 	 1 	 0
			-0.6759 	 0 	 0.737
			0.2372 	 0.0445 	 -0.0208
		}
	}
	{"sub_piece02"
		{box 26.5688 0.708662 17.4207}
		{bone "sub_piece02"}
		{matrix34
			0.737 	 0 	 0.6759
			0 	 1 	 0
			-0.6759 	 0 	 0.737
			2.0277 	 0.0038 	 1.4424
		}
	}
}
