;Exported by: golanov
;Date:        Fri Jan 27 17:32:21 2006
;File:        D:\-Projects-\-3DWork-\land\Rock\stone_landslip.max
{Skeleton
	{bone "stone_landslip"
		{Orientation
			1	0	0
			0	-1	0
			0	0	1
		}
		{VolumeView "stone_landslip.ply"}
		{bone "part0"
			{Matrix34
				-0.986286	0.165047	0
				-0.165047	-0.986286	0
				0	0	1
				91.2323	-46.3371	6.51995
			}
			{VolumeView "part0.ply"}
		}
		{bone "part1"
			{Matrix34
				-0.986286	0.165048	0
				-0.165048	-0.986286	0
				0	0	1
				91.2322	-46.337	6.51995
			}
			{VolumeView "part1.ply"}
		}
		{bone "part2"
			{Position 85.0438	-14.4742	185.97}
			{VolumeView "part2.ply"}
		}
		{bone "part3"
			{Matrix34
				1	0	0
				0	1	0
				0	0	1
				69.0325	-13.7524	178.252
			}
			{VolumeView "part3.ply"}
		}
		{bone "part4"
			{Position 75.0193	-1.65991	206.76}
			{VolumeView "part4.ply"}
		}
		{bone "part5"
			{Position 72.4778	23.7352	208.251}
			{VolumeView "part5.ply"}
		}
		{bone "part6"
			{Position 78.8023	-1.50653	181.33}
			{VolumeView "part6.ply"}
		}
		{bone "part7"
			{Position 77.7122	27.9725	181.241}
			{VolumeView "part7.ply"}
		}
		{bone "part8"
			{Matrix34
				1	0	0
				0	1	0
				0	0	1
				57.5203	31.299	181.241
			}
			{VolumeView "part8.ply"}
		}
		{bone "part9"
			{Position 85.9663	-9.96954	134.482}
			{VolumeView "part9.ply"}
		}
		{bone "part10"
			{Matrix34
				1	0	0
				0	1	0
				0	0	1
				88.0628	24.0956	128.59
			}
			{VolumeView "part10.ply"}
		}
	}
}
{Obstacle "obstacle1"
	{Polygon2
		{Radius 0}
		{Vertex 0.536741 -132.602}
		{Vertex 96.426 -100.091}
		{Vertex 117.003 -10.3746}
		{Vertex 106.715 39.0105}
		{Vertex 68.8527 120.084}
		{Vertex 12.8831 132.842}
		{Vertex -69.4253 110.207}
		{Vertex -116.753 37.7758}
		{Vertex -83.4177 -108.322}
	}
	{Rotate}
}
{Obstacle "part0"
	{Obb2
		{Center 97.0237 47.4493}
		{Extent 20.4334 26.3136}
		{Axis 0.984823 0.173561}
	}
	{Rotate}
}
{Volume "body1"
	{Cylinder 59.684 84.52}
	{Bone "stone_landslip"}
	{Position 38.3223	-72.7671	41.5387}
}
{Volume "body2"
	{Box 189.376 111.41 101.816}
	{Bone "stone_landslip"}
	{Position 11.749	0.00024184	50.1869}
}
{Volume "body3"
	{Cylinder 51.9251 123.644}
	{Bone "stone_landslip"}
	{Position 21.1289	-3.82593	163.4}
}
{Volume "body4"
	{Box 112.884 61.8469 100.556}
	{Bone "stone_landslip"}
	{Position -0.692443	87.2567	49.5566}
}
{Volume "body5"
	{Cylinder 32.4681 114.651}
	{Bone "stone_landslip"}
	{Position -59.4058	67.4452	56.6043}
}
{Volume "body6"
	{Cylinder 32.4681 145.607}
	{Bone "stone_landslip"}
	{Position 66.8481	75.1575	72.0822}
}
{Volume "part0"
	{Box 40.4491 52.3048 74.6084}
	{Bone "part0"}
	{Matrix34
		1	-0.000627108	0
		0.00062697	1	0
		0	0	1
		-5.89553	0.141167	30.8583
	}
}
{Volume "part10"
	{Box 20.6268 28.3112 35.1489}
	{Bone "part10"}
	{Matrix34
		1	0	0
		0	0.866025	0.5
		0	-0.5	0.866025
		-2.01999	-2.29297	-3.33063
	}
}
{Volume "part1"
	{Cylinder 14.8919 57.3379}
	{Bone "part1"}
	{Matrix34
		0.961184	-0.00649544	0.275832
		-0.00649562	0.998913	0.0461584
		-0.275833	-0.0461585	0.960097
		-15.5017	1.03033	100.116
	}
}
{Volume "part2"
	{Cylinder 11.3113 14.2578}
	{Bone "part2"}
	{Matrix34
		-0.34202	0	0.939693
		0	1	0
		-0.939693	0	-0.34202
		-6.19876	0.873788	6.5865
	}
}
{Volume "part3"
	{Box 14.5305 22.4196 32.8863}
	{Bone "part3"}
	{Matrix34
		0.965926	0	0.258819
		0	1	0
		-0.258819	0	0.965926
		-3.44283	1.15319e-005	2.42692
	}
}
{Volume "part4_1"
	{Box 23.5233 14.0216 14.6178}
	{Bone "part4"}
	{Matrix34
		1	0	0
		0	0.906308	-0.422618
		0	0.422618	0.906308
		-3.3027	8.51825	11.9218
	}
}
{Volume "part4"
	{Box 23.5233 26.4558 14.6178}
	{Bone "part4"}
	{Matrix34
		1	0	0
		0	0.906308	-0.422618
		0	0.422618	0.906308
		-3.3027	3.28633	-1.89447
	}
}
{Volume "part5_1"
	{Box 21.5874 7.34191 17.9159}
	{Bone "part5"}
	{Matrix34
		1	0	0
		0	0.906308	-0.422618
		0	0.422618	0.906308
		3.50221e-005	-6.30342	7.38406
	}
}
{Volume "part5"
	{Box 21.5874 22.0478 31.5972}
	{Bone "part5"}
	{Matrix34
		1	0	0
		0	0.906308	-0.422618
		0	0.422618	0.906308
		3.3165e-005	4.31805	-4.69847
	}
}
{Volume "part6"
	{Box 13.747 25.8603 18.3001}
	{Bone "part6"}
	{Matrix34
		1	0	0
		0	0.866025	-0.5
		0	0.5	0.866025
		1.22709	12.3752	-0.299159
	}
}
{Volume "part7"
	{Box 17.3909 19.7346 23.5144}
	{Bone "part7"}
	{Position -0.0734536	2.40893	3.99574}
}
{Volume "part8"
	{Box 15.2454 27.3724 27.0797}
	{Bone "part8"}
	{Matrix34
		1	0	0
		0	0.965926	0.258819
		0	-0.258819	0.965926
		3.40162	5.83749	-8.80565
	}
}
{Volume "part9"
	{Box 25.7474 31.7848 40.162}
	{Bone "part9"}
	{Matrix34
		0.965926	0.0669875	0.25
		0	0.965926	-0.258819
		-0.258819	0.25	0.933013
		-0.250935	-3.91326	-2.72215
	}
}
{Volume "support1"
	{Box 12.1091 105.979 75.5906}
	{Bone "stone_landslip"}
	{Position 102.285	10.5885	37.7953}
}
