;Exported by	: joomb
;Date			: 13.04.2023 12:44:04
;File			: H:\git\gem2-mdl-soldiers\models\building\building_ua01\building_ua02_v2.max
{skeleton
	{bone "b_ua_02_piece11"
		{orientation
			1 	 0 	 0
			0 	 -1 	 0
			0 	 0 	 1
		}
		{poly "b_ua_02_piece11"}
	}
}
{"volumes"
	{"body1"
		{box 81.7153 7.87402 47.4129}
		{bone "b_ua_02_piece11"}
		{matrix34
			0 	 -1 	 0
			1 	 0 	 0
			0 	 0 	 1
			-39.4218 	 -4.7883 	 -15.2572
		}
	}
	{"body2"
		{box 88.5899 7.87402 47.4129}
		{bone "b_ua_02_piece11"}
		{matrix34
			1 	 0 	 0
			0 	 1 	 0
			0 	 0 	 1
			2.2652 	 -41.9845 	 -15.2572
		}
	}
	{"roof1"
		{box 43.4091 7.87402 30.9771}
		{bone "b_ua_02_piece11"}
		{matrix34
			1 	 0 	 0
			0 	 0.866 	 -0.5
			0 	 0.5 	 0.866
			-21.7011 	 -44.3759 	 23.1373
		}
	}
	{"roof2"
		{polyhedron}
		{bone "b_ua_02_piece11"}
		{matrix34
			0 	 -1 	 0
			0.8906 	 0 	 -0.4548
			0.4548 	 0 	 0.8906
			-46.6322 	 16.7342 	 10.5925
		}
	}
	{"roof3"
		{polyhedron}
		{bone "b_ua_02_piece11"}
		{matrix34
			0.0124 	 0.9998 	 -0.0145
			-0.8464 	 0.0028 	 -0.5325
			-0.5324 	 0.0188 	 0.8463
			50.307 	 2.2328 	 11.513
		}
	}
	{"roof4"
		{box 43.4091 7.87402 8.3638}
		{bone "b_ua_02_piece11"}
		{matrix34
			1 	 0 	 0
			0 	 0.866 	 -0.5
			0 	 0.5 	 0.866
			24.4102 	 -50.0292 	 13.3454
		}
	}
}
