;Exported by:	 KobaA
;Date:			 28.06.2022 13:02:55
;File:			 G:\_GIT_\gem2\gem2-mdl-soldiers\models\unit\vehicle\Pak43_41\Pak43_41_x.max
{skeleton
	{bone revolute "basis"
		{speed 0.01}
		{orientation
			1 	 0 	 0
			0 	 -1 	 0
			0 	 0 	 1
		}
		{bone "body"
			{parameters "id=body;"}
			{animation
				{sequence "break" {file "body_b"}{speed 0.5}}
			}
			{matrix34
				1 	 0 	 -0.0091
				0 	 1 	 0
				0.0091 	 0 	 1
				-2.6326 	 0 	 12.872
			}
			{LODView
				{poly "body"}
				{poly "body_lod1"}
				{poly "body_lod2"}
				{poly "body_lod3"}
			}
			{bone revolute "turret"
				{parameters "id=turret;"}
				{limits -29 29}
				{speed 0.01}
				{Position -4.2221 	 -0.0413 	 2.0711}
				{LODView
					{poly "turret"}
					{poly "turret_lod1"}
					{poly "turret_lod2"}
					{poly "turret_lod3"}
				}
				{bone revolute "gun_rot"
					{parameters "id=gun;"}
					{limits -15 25}
					{speed 0.08}
					{matrix34
						0.9932 	 -0.0844 	 -0.0806
						0.0763 	 -0.0533 	 0.9957
						-0.0883 	 -0.995 	 -0.0465
						-0.0941 	 -0.0178 	 11.5726
					}
					{LODView
						{poly "gun_rot"}
						{poly "gun_rot_lod1"}
						{poly "gun_rot_lod2"}
						{poly "gun_rot_lod3"}
					}
					{bone "gun"
						{parameters "id=gun;"}
						{animation
							{sequence "break" {file "gun_b"}{speed 0.5}}
						}
						{matrix34
							1 	 0 	 0
							0 	 0 	 -1
							0 	 1 	 0
							3.2353 	 -0.1879 	 0.1916
						}
						{LODView
							{poly "gun"}
							{poly "gun_lod1"}
							{poly "gun_lod2"}
							{poly "gun_lod3"}
						}
						{bone "crank"
							{parameters "id=gun;"}
							{Position -15.2959 	 0 	 -0.3687}
							{LODView
								{poly "crank"}
								{poly "crank_lod1"}
								{poly "crank_lod2"}
								{poly "crank_lod3"}
							}
						}
					}
					{bone revolute "gun_rotator1"
						{parameters "id=gun;"}
						{matrix34
							0.4226 	 -0.9063 	 0
							0.9063 	 0.4226 	 0
							0 	 0 	 1
							6.4868 	 -0.0053 	 0
						}
						{LODView
							{poly "gun_rotator1"}
							{poly "gun_rotator1_lod1"}
							{poly "gun_rotator1_lod2"}
							{poly "gun_rotator1_lod3"}
						}
					}
				}
				{bone "visor"
					{Position -3.462 	 0.1875 	 26.1295}
				}
				{bone "visor2"
					{Position 8.2622 	 8.3693 	 20.5242}
				}
				{bone revolute "gun_rotator2"
					{parameters "id=gun;"}
					{matrix34
						-0.4695 	 0 	 0.8829
						0.8829 	 0 	 0.4695
						0 	 1 	 0
						8.8013 	 0.0413 	 3.0917
					}
				}
			}
			{bone "standl"
				{parameters "id=body;"}
				{matrix34
					0.9063 	 -0.4226 	 0
					0.4226 	 0.9063 	 0
					0 	 0 	 1
					-7.5328 	 8.098 	 0.2649
				}
				{LODView
					{poly "standl"}
					{poly "standl_lod1"}
					{poly "standl_lod2"}
					{poly "standl_lod3"}
				}
				{bone "emphasisl"
					{parameters "id=body;"}
					{Position -50.5931 	 -0.106 	 -4.4128}
					{LODView
						{poly "emphasisl"}
						{poly "emphasisl_lod1"}
						{poly "emphasisl_lod2"}
						{poly "emphasisl_lod3"}
					}
				}
			}
			{bone "standr"
				{parameters "id=body;"}
				{matrix34
					0.8988 	 0.4384 	 0
					-0.4384 	 0.8988 	 0
					0 	 0 	 1
					-7.5328 	 -8.0981 	 0.5486
				}
				{LODView
					{poly "standr"}
					{poly "standr_lod1"}
					{poly "standr_lod2"}
					{poly "standr_lod3"}
				}
				{bone "emphasisr"
					{parameters "id=body;"}
					{Position -50.5931 	 0.0531 	 -4.6965}
					{LODView
						{poly "emphasisr"}
						{poly "emphasisr_lod1"}
						{poly "emphasisr_lod2"}
						{poly "emphasisr_lod3"}
					}
				}
			}
			{bone "lock"
				{parameters "id=body;"}
				{Position 6.7323 	 0 	 -0.2361}
				{LODView
					{poly "lock"}
					{poly "lock_lod1"}
					{poly "lock_lod2"}
					{poly "lock_lod3"}
				}
			}
			{bone "shield"
				{parameters "id=body;"}
				{Position 10.0376 	 5.3025 	 -4.5485}
				{LODView
					{poly "shield"}
					{poly "shield_lod1"}
					{poly "shield_lod2"}
					{poly "shield_lod3"}
				}
			}
			{bone "emit1"
				{matrix34
					0 	 -1 	 0
					1 	 0 	 0
					0 	 0 	 1
					-14.0055 	 30.7829 	 -12.7139
				}
			}
			{bone "emit2"
				{matrix34
					0 	 1 	 0
					-1 	 0 	 0
					0 	 0 	 1
					-14.0055 	 -29.8537 	 -12.7139
				}
			}
			{bone "emit3"
				{matrix34
					0 	 -1 	 0
					1 	 0 	 0
					0 	 0 	 1
					-53.564 	 49.4837 	 -12.7139
				}
			}
			{bone "emit4"
				{matrix34
					0 	 1 	 0
					-1 	 0 	 0
					0 	 0 	 1
					-53.564 	 -48.5545 	 -12.7139
				}
			}
			{bone "pivot_front"
				{Position 2.2179 	 0 	 -2.6308}
				{bone revolute "wheelr"
					{parameters "id=wheelright;support=1;radius=0.66;"}
					{matrix34
						1 	 0 	 0
						0 	 0 	 1
						0 	 -1 	 0
						0.3978 	 -21.6444 	 2.614
					}
					{LODView
						{poly "wheelr"}
						{poly "wheelr_lod1"}
						{poly "wheelr_lod2"}
						{poly "wheelr_lod3"}
					}
				}
				{bone revolute "wheell"
					{parameters "id=wheelleft;support=1;radius=0.66;"}
					{matrix34
						1 	 0 	 0
						0 	 0 	 1
						0 	 -1 	 0
						0.3978 	 21.6444 	 2.614
					}
					{LODView
						{poly "wheell"}
						{poly "wheell_lod1"}
						{poly "wheell_lod2"}
						{poly "wheell_lod3"}
					}
				}
			}
			{bone "pivot_back"
				{Position -50.3023 	 0 	 -12.7139}
			}
		}
		{bone "commander"
			{matrix34
				0.9397 	 0.342 	 0
				-0.342 	 0.9397 	 0
				0 	 0 	 1
				-31.5287 	 -12.2114 	 0
			}
		}
		{bone "driver1"
			{Position -20.2771 	 -14.11 	 0}
		}
		{bone "driver2"
			{Position -20.2771 	 13.1098 	 0}
		}
		{bone "gunner"
			{matrix34
				0.9962 	 -0.0872 	 0
				0.0872 	 0.9962 	 0
				0 	 0 	 1
				-36.5598 	 9.1467 	 0
			}
		}
		{bone "link1"
			{Position -76.6413 	 0 	 3.1381}
		}
	}
}
{obstacle "close"
	{obb2
		{center -38.3484 4.54747e-13}
		{extent 29.1821 10.8984}
		{axis -0.999959 0}
	}
	{Tags "close"}
	{rotate}
}
{obstacle "obstacle"
	{obb2
		{center -0.471682 0}
		{extent 10.0938 20.3585}
		{axis -0.999959 0}
	}
	{rotate}
}
{obstacle "openl"
	{obb2
		{center -37.1765 -21.0027}
		{extent 35.2107 2.63619}
		{axis -0.906271 -0.422618}
	}
	{Tags "open"}
	{rotate}
}
{obstacle "openr"
	{obb2
		{center -38.2795 21.8083}
		{extent 35.9185 2.55866}
		{axis -0.906271 0.422618}
	}
	{Tags "open"}
	{rotate}
}
{volume "wheell"
	{polyhedron}
	{bone "wheell"}
	{Position 0 	 0 	 3.6592}
}
{volume "wheelr"
	{polyhedron}
	{bone "wheelr"}
	{Position -0.2258 	 0 	 -3.5342}
}
{volume "body01"
	{polyhedron}
	{bone "body"}
	{Position 1.2813 	 0 	 -3.7722}
}
{volume "body02"
	{polyhedron}
	{bone "shield"}
	{Position 0.0227 	 -5.3025 	 -6.4073}
}
{volume "body03"
	{polyhedron}
	{bone "standl"}
	{matrix34
		0.9903 	 0 	 0.1392
		0 	 1 	 0
		-0.1392 	 0 	 0.9903
		-27.8448 	 0.2033 	 -5.8634
	}
}
{volume "body04"
	{polyhedron}
	{bone "standl"}
	{matrix34
		0.5 	 0 	 0.866
		0 	 1 	 0
		-0.866 	 0 	 0.5
		-58.7497 	 0.0051 	 -8.6466
	}
}
{volume "body05"
	{polyhedron}
	{bone "standl"}
	{matrix34
		-0.0349 	 -0.0006 	 0.9994
		-0.0175 	 0.9998 	 0
		-0.9992 	 -0.0174 	 -0.0349
		-58.4008 	 0.0197 	 -10.9423
	}
}
{volume "body06"
	{polyhedron}
	{bone "standr"}
	{matrix34
		0.9903 	 0.0002 	 0.1392
		0.0002 	 1 	 -0.0024
		-0.1392 	 0.0024 	 0.9903
		-27.8515 	 -0.1428 	 -6.1471
	}
}
{volume "body07"
	{polyhedron}
	{bone "standr"}
	{matrix34
		0.4999 	 -0.0087 	 0.866
		0.0175 	 0.9998 	 0
		-0.8659 	 0.0151 	 0.5
		-60.7604 	 -0.0498 	 -8.9303
	}
}
{volume "body08"
	{polyhedron}
	{bone "standr"}
	{matrix34
		-0.0349 	 0 	 0.9994
		0 	 1 	 0
		-0.9994 	 0 	 -0.0349
		-60.1738 	 0.0428 	 -11.2261
	}
}
{volume "gun01"
	{polyhedron}
	{bone "gun"}
	{matrix34
		0 	 -1 	 0
		0 	 0 	 1
		-1 	 0 	 0
		105.625 	 0 	 -0.4049
	}
}
{volume "gun02"
	{polyhedron}
	{bone "gun"}
	{matrix34
		0 	 0 	 1
		0 	 1 	 0
		-1 	 0 	 0
		53.2417 	 0 	 -0.424
	}
}
{volume "gun03"
	{polyhedron}
	{bone "gun"}
	{Position -13.8627 	 0 	 -3.4498}
}
{volume "gun_rot01"
	{polyhedron}
	{bone "gun_rot"}
	{matrix34
		1 	 0 	 0
		0 	 0 	 -1
		0 	 1 	 0
		4.3788 	 -6.3866 	 0
	}
}
{volume "gun_rot02"
	{polyhedron}
	{bone "gun_rot"}
	{matrix34
		1 	 0 	 0
		0 	 0 	 -1
		0 	 1 	 0
		15.5656 	 -10.4896 	 0
	}
}
{volume "gun_rot03"
	{polyhedron}
	{bone "gun_rot"}
	{matrix34
		0.9903 	 0.1392 	 0
		0 	 0 	 -1
		-0.1392 	 0.9903 	 0
		11.4982 	 1.1675 	 0
	}
}
{volume "gun_rot04"
	{polyhedron}
	{bone "gun_rot"}
	{matrix34
		0.9135 	 0.4067 	 0
		0 	 0 	 -1
		-0.4067 	 0.9135 	 0
		11.0895 	 4.0907 	 0
	}
}
{volume "gun_rot05"
	{polyhedron}
	{bone "gun_rot"}
	{matrix34
		0.7986 	 0.6018 	 0
		0 	 0 	 -1
		-0.6018 	 0.7986 	 0
		9.8751 	 6.7804 	 0
	}
}
{volume "gun_rot06"
	{polyhedron}
	{bone "gun_rot"}
	{matrix34
		0.6157 	 0.788 	 0
		0 	 0 	 -1
		-0.788 	 0.6157 	 0
		8.0811 	 9.1316 	 0
	}
}
{volume "gun_rot07"
	{polyhedron}
	{bone "gun_rot"}
	{matrix34
		0 	 1 	 0
		0 	 0 	 -1
		-1 	 0 	 0
		10.2828 	 4.4335 	 0
	}
}
{volume "gun_rot08"
	{polyhedron}
	{bone "gun_rot"}
	{matrix34
		1 	 0 	 0
		0 	 0 	 -1
		0 	 1 	 0
		0.0274 	 -2.7696 	 -7.0068
	}
}
{volume "turret01"
	{polyhedron}
	{bone "turret"}
	{Position 12.0919 	 0.0413 	 -0.6164}
}
{volume "turret02"
	{polyhedron}
	{bone "turret"}
	{matrix34
		0.8267 	 0.5469 	 0.1324
		-0.4898 	 0.8152 	 -0.309
		-0.2769 	 0.1906 	 0.9418
		4.8734 	 -10.6909 	 4.4742
	}
}
{volume "turret03"
	{polyhedron}
	{bone "turret"}
	{Position 1.521 	 9.3866 	 11.7323}
}
