;Exported by:	 tolokolnikova
;Date:			 27.08.2015 14:56:57
;File:			 D:\gem2\gem2-mdl-soldiers\entity\models\entourage\linen_g\linen_animation.max
{skeleton
	{animation
		{sequence "flattern" {speed 0.5}}
	}
	{bone "linen1"
		{parameters "commonmesh;"}
		{Orientation
			1 	 0 	 0
			0 	 -1 	 0
			0 	 0 	 1
		}
		{poly "linen1"}
	}
}
{Obstacle "body1"
	{Obb2
		{Center 30.0845 -0.0181494}
		{Extent 0.885826 0.885827}
		{Axis 1 0}
	}
	{Rotate}
	{Tags "body"}
}
{Obstacle "body2"
	{Obb2
		{Center -30.1333 -0.0181494}
		{Extent 0.885826 0.885827}
		{Axis 1 0}
	}
	{Rotate}
	{Tags "body"}
}
{Volume "body1"
	{Box 1.77165 1.77165 43.7733}
	{Bone "linen1"}
	{Position 30.0845 	 0.0181 	 20.1491}
}
{Volume "body2"
	{Box 1.77165 1.77165 43.7733}
	{Bone "linen1"}
	{Position -30.1333 	 0.0181 	 20.1491}
}
{Volume "fire1"
	{Box 1.77165 1.77165 43.7733}
	{Bone "linen1"}
	{Position 30.0293 	 0.0181 	 20.1491}
}
{Volume "fire2"
	{Box 1.77165 1.77165 43.7733}
	{Bone "linen1"}
	{Position -29.9741 	 0.0181 	 20.1491}
}
{Volume "fire3"
	{Box 1.77165 1.77165 15.7584}
	{Bone "linen1"}
	{Matrix34
		1 	 0 	 0
		0 	 0.873 	 -0.4878
		0 	 0.4878 	 0.873
		-29.9741 	 -3.7802 	 5.1406
	}
}
{Volume "fire4"
	{Box 1.77165 1.77165 15.7584}
	{Bone "linen1"}
	{Matrix34
		1 	 0 	 0
		0 	 0.873 	 -0.4878
		0 	 0.4878 	 0.873
		29.992 	 -3.7802 	 5.1406
	}
}
{Volume "fire5"
	{Box 1.77165 1.77165 15.7584}
	{Bone "linen1"}
	{Matrix34
		1 	 0 	 0
		0 	 0.8795 	 0.4759
		0 	 -0.4759 	 0.8795
		29.9805 	 3.7002 	 5.1922
	}
}
{Volume "fire6"
	{Box 1.77165 1.77165 15.7584}
	{Bone "linen1"}
	{Matrix34
		1 	 0 	 0
		0 	 0.8795 	 0.4759
		0 	 -0.4759 	 0.8795
		-30.1144 	 3.7002 	 5.1922
	}
}
{Volume "fire7"
	{Box 34.1221 2.25778 27.8518}
	{Bone "linen1"}
	{Position -10.7831 	 0.3956 	 25.3639}
}
{Volume "fire8"
	{Box 11.8677 2.25778 13.2799}
	{Bone "linen1"}
	{Position 13.4294 	 0.3956 	 32.1995}
}
