;Exported by: sana
;Date:        Mon Jul 03 10:28:26 2006
;File:        D:\-Project-\-3DWork-\Entourage\e-house3a\farm_construction_x04.max
{Skeleton
	{bone "ch_farm_corner06"
		{Orientation
			1	0	0
			0	-1	0
			0	0	1
		}
		{poly "ch_farm_corner06"}
		{bone "piece01"
			{Position -27.5802	-5.60712	32.0928}
			{poly "piece01"}
		}
		{bone "piece02"
			{Position -12.3322	-5.60712	33.0483}
			{poly "piece02"}
			{bone "sub_piece02"
				{Position -0.398193	0	-8.63919}
				{poly "sub_piece02"}
			}
		}
		{bone "piece03"
			{Position 9.88293	-5.60712	28.3106}
			{poly "piece03"}
			{bone "sub_piece03"
				{Position -0.83606	0	-10.1122}
				{poly "sub_piece03"}
			}
		}
		{bone "piece04"
			{Position 28.0372	-5.60712	36.1138}
			{poly "piece04"}
			{bone "sub_piece04"
				{Position -0.398193	0	-9.87335}
				{poly "sub_piece04"}
			}
		}
		{bone "fx_wood2"
			{Position -14.2848	3.29608	7.61807}
		}
		{bone "fx_wood1"
			{Position 9.74805	3.29608	7.61807}
		}
	}
}
{Volume "piece01"
	{Box 9.23633 7.87402 12.4014}
	{Bone "piece01"}
	{Matrix34
		0.935672	0	0.352871
		0	1	0
		-0.352871	0	0.935672
		0.385441	0	0.618063
	}
}
{Volume "piece02"
	{Box 18.8708 7.87402 11.6569}
	{Bone "piece02"}
	{Matrix34
		0.946412	0	-0.322962
		0	1	0
		0.322962	0	0.946412
		-0.224621	0	0.0429353
	}
}
{Volume "piece03"
	{Box 16.2671 7.87402 11.8958}
	{Bone "piece03"}
	{Matrix34
		0.931573	0	0.363553
		0	1	0
		-0.363553	0	0.931573
		0.517375	0	-1.22301
	}
}
{Volume "piece04"
	{Box 15.2081 7.87402 15.5298}
	{Bone "piece04"}
	{Matrix34
		0.990992	0	0.13392
		0	1	0
		-0.13392	0	0.990992
		0.0800222	0	0.351632
	}
}
{Volume "sub_piece02"
	{Box 13.3681 7.87402 7.62478}
	{Bone "sub_piece02"}
	{Matrix34
		0.954561	0	-0.298016
		0	1	0
		0.298016	0	0.954561
		-0.528698	0	-0.615482
	}
}
{Volume "sub_piece03"
	{Box 10.4626 7.87402 9.78417}
	{Bone "sub_piece03"}
	{Matrix34
		0.926681	0	0.375849
		0	1	0
		-0.375849	0	0.926681
		0.0722849	0	0.452857
	}
}
{Volume "sub_piece04"
	{Box 12.9787 7.87402 8.19488}
	{Bone "sub_piece04"}
	{Matrix34
		0.956392	0	-0.292085
		0	1	0
		0.292085	0	0.956392
		-0.415142	0	-0.408116
	}
}
