;Exported by	: KobaA
;Date			: 02.03.2023 10:34:07
;File			: D:\git\gem2-mdl-soldiers\models\building\greenhouse\greenhouse_cut.max
{skeleton
	{bone "greenhouse_piece03"
		{orientation
			1 	 0 	 0
			0 	 -1 	 0
			0 	 0 	 1
		}
		{poly "greenhouse_piece03"}
		{bone "window6"
			{matrix34
				1 	 0 	 0
				0 	 0.8856 	 0.4645
				0 	 -0.4645 	 0.8856
				-22.4277 	 13.7294 	 34.0456
			}
			{poly "window6"}
		}
		{bone "window2"
			{matrix34
				-1 	 0 	 0
				0 	 0 	 1
				0 	 1 	 0
				-22.4743 	 23.3266 	 -1.3559
			}
			{poly "window2"}
		}
		{bone "window7"
			{matrix34
				0 	 -1 	 0
				0 	 0 	 1
				-1 	 0 	 0
				-41.6557 	 5.9708 	 -1.3559
			}
			{poly "window7"}
		}
		{bone "window4"
			{matrix34
				-1 	 0 	 0
				0 	 -0.8856 	 0.4645
				0 	 0.4645 	 0.8856
				-22.4548 	 13.8274 	 21.0629
			}
			{poly "window4"}
		}
		{bone "window1"
			{matrix34
				-1 	 0 	 0
				0 	 0 	 1
				0 	 1 	 0
				16.0427 	 23.3266 	 -1.3559
			}
			{poly "window1"}
		}
		{bone "window5"
			{matrix34
				-1 	 0 	 0
				0 	 -0.8856 	 0.4645
				0 	 0.4645 	 0.8856
				16.0622 	 -10.8859 	 34.0456
			}
			{poly "window5"}
		}
		{bone "window8"
			{matrix34
				0 	 -1 	 0
				0 	 0 	 1
				-1 	 0 	 0
				-41.6557 	 5.9708 	 27.1897
			}
			{poly "window8"}
		}
		{bone "window3"
			{matrix34
				1 	 0 	 0
				0 	 0.8856 	 0.4645
				0 	 -0.4645 	 0.8856
				16.075 	 -10.1253 	 21.0629
			}
			{poly "window3"}
		}
		{bone "window8_x"
			{matrix34
				0 	 -1 	 0
				0 	 0 	 1
				-1 	 0 	 0
				-41.6557 	 5.9708 	 27.1897
			}
			{poly "window8_x"}
		}
		{bone "window7_x"
			{matrix34
				0 	 -1 	 0
				0 	 0 	 1
				-1 	 0 	 0
				-41.6557 	 5.9708 	 -1.3559
			}
			{poly "window7_x"}
		}
		{bone "window6_x"
			{matrix34
				1 	 0 	 0
				0 	 0.8856 	 0.4645
				0 	 -0.4645 	 0.8856
				-22.4277 	 13.7294 	 34.0456
			}
			{poly "window6_x"}
		}
		{bone "window5_x"
			{matrix34
				-1 	 0 	 0
				0 	 -0.8856 	 0.4645
				0 	 0.4645 	 0.8856
				16.0622 	 -10.8859 	 34.0456
			}
			{poly "window5_x"}
		}
		{bone "window4_x"
			{matrix34
				-1 	 0 	 0
				0 	 -0.8856 	 0.4645
				0 	 0.4645 	 0.8856
				-22.4548 	 13.8274 	 21.0629
			}
			{poly "window4_x"}
		}
		{bone "window3_x"
			{matrix34
				1 	 0 	 0
				0 	 0.8856 	 0.4645
				0 	 -0.4645 	 0.8856
				16.075 	 -10.1253 	 21.0629
			}
			{poly "window3_x"}
		}
		{bone "window2_x"
			{matrix34
				-1 	 0 	 0
				0 	 0 	 1
				0 	 1 	 0
				-22.4743 	 23.3266 	 -1.3559
			}
			{poly "window2_x"}
		}
		{bone "window1_x"
			{matrix34
				-1 	 0 	 0
				0 	 0 	 1
				0 	 1 	 0
				16.0427 	 23.3266 	 -1.3559
			}
			{poly "window1_x"}
		}
	}
}
{obstacle "obstacle01"
	{obb2
		{center -41.807 -7.15823}
		{extent 3.93701 20.6851}
		{axis -1 0}
	}
	{rotate}
}
{obstacle "obstacle02"
	{obb2
		{center 0.270966 -23.359}
		{extent 3.93701 46.5993}
		{axis 4.54187e-08 1}
	}
	{rotate}
}
{"volumes"
	{"body01"
		{box 5.51181 89.3176 14.7638}
		{bone "greenhouse_piece03"}
		{matrix34
			0 	 1 	 0
			-1 	 0 	 0
			0 	 0 	 1
			-1.5957 	 23.359 	 -23.6415
		}
	}
	{"body02"
		{box 5.51181 40.6712 14.7638}
		{bone "greenhouse_piece03"}
		{matrix34
			-1 	 0 	 0
			0 	 -1 	 0
			0 	 0 	 1
			-41.807 	 7.317 	 -23.6415
		}
	}
	{"body03"
		{box 85.4051 0.984252 30.6424}
		{bone "greenhouse_piece03"}
		{Position -0.2448 	 23.4294 	 -0.8455}
	}
	{"body04"
		{box 37.9464 0.984252 30.6424}
		{bone "greenhouse_piece03"}
		{matrix34
			0 	 1 	 0
			-1 	 0 	 0
			0 	 0 	 1
			-41.7309 	 5.707 	 -0.8455
		}
	}
	{"body05"
		{box 85.1095 0.984252 49.0278}
		{bone "greenhouse_piece03"}
		{matrix34
			1 	 0 	 0
			0 	 0.4772 	 0.8788
			0 	 -0.8788 	 0.4772
			-0.0375 	 4.8163 	 26.2898
		}
	}
	{"body06"
		{polyhedron}
		{bone "greenhouse_piece03"}
		{matrix34
			0 	 1 	 0
			-1 	 0 	 0
			0 	 0 	 1
			-42.0394 	 -2.9735 	 13.9354
		}
	}
	{"hole01"
		{box 44.0554 11.811 29.4252}
		{bone "greenhouse_piece03"}
		{Position 19.8869 	 23.5087 	 0.1113}
	}
	{"hole02"
		{box 35.7677 11.811 29.1339}
		{bone "greenhouse_piece03"}
		{Position -22.3935 	 23.5088 	 -0.0344}
	}
	{"hole03"
		{box 32.3477 11.811 29.1339}
		{bone "greenhouse_piece03"}
		{matrix34
			0 	 1 	 0
			-1 	 0 	 0
			0 	 0 	 1
			-41.9217 	 5.9733 	 -0.0344
		}
	}
	{"hole04"
		{polyhedron}
		{bone "greenhouse_piece03"}
		{matrix34
			0 	 1 	 0
			-1 	 0 	 0
			0 	 0 	 1
			-42.0394 	 -2.9735 	 13.9354
		}
	}
	{"hole05"
		{box 36.4961 11.811 25.8238}
		{bone "greenhouse_piece03"}
		{matrix34
			1 	 0 	 0
			0 	 0.4772 	 0.8788
			0 	 -0.8788 	 0.4772
			-22.4057 	 13.6456 	 21.5174
		}
	}
	{"hole06"
		{box 45.0018 11.811 25.3099}
		{bone "greenhouse_piece03"}
		{matrix34
			1 	 0 	 0
			0 	 0.4772 	 0.8788
			0 	 -0.8788 	 0.4772
			20.12 	 13.8714 	 21.3948
		}
	}
	{"hole07"
		{box 29.9923 11.811 20.9173}
		{bone "greenhouse_piece03"}
		{matrix34
			1 	 0 	 0
			0 	 0.4772 	 0.8788
			0 	 -0.8788 	 0.4772
			12.8744 	 -8.3275 	 33.4479
		}
	}
	{"hole08"
		{box 36.4961 11.811 20.9173}
		{bone "greenhouse_piece03"}
		{matrix34
			1 	 0 	 0
			0 	 0.4772 	 0.8788
			0 	 -0.8788 	 0.4772
			-22.4351 	 -8.3275 	 33.4479
		}
	}
	{"window1"
		{box 44.0554 1.37795 29.4252}
		{bone "window1"}
		{matrix34
			-1 	 0 	 0
			0 	 0 	 1
			0 	 1 	 0
			-3.8442 	 1.4672 	 0.1821
		}
	}
	{"window2"
		{box 35.7677 1.37795 29.1339}
		{bone "window2"}
		{matrix34
			-1 	 0 	 0
			0 	 0 	 1
			0 	 1 	 0
			-0.0808 	 1.3215 	 0.1821
		}
	}
	{"window3"
		{box 45.0018 1.37795 25.3099}
		{bone "window3"}
		{matrix34
			1 	 0 	 0
			0 	 0.8308 	 0.5566
			0 	 -0.5566 	 0.8308
			4.045 	 21.4051 	 -10.8525
		}
	}
	{"window4"
		{box 36.4961 1.37795 25.8238}
		{bone "window4"}
		{matrix34
			-1 	 0 	 0
			0 	 -0.0143 	 0.9999
			0 	 0.9999 	 0.0143
			-0.0491 	 0.3721 	 0.3181
		}
	}
	{"window5"
		{box 29.9923 1.37795 20.9173}
		{bone "window5"}
		{matrix34
			-1 	 0 	 0
			0 	 -0.0143 	 0.9999
			0 	 0.9999 	 0.0143
			3.1878 	 -2.5433 	 0.659
		}
	}
	{"window6"
		{box 36.4961 1.37795 20.9173}
		{bone "window6"}
		{matrix34
			1 	 0 	 0
			0 	 0.8308 	 0.5566
			0 	 -0.5566 	 0.8308
			-0.0073 	 -19.8107 	 9.7161
		}
	}
	{"window7"
		{box 32.3477 1.37795 29.1339}
		{bone "window7"}
		{matrix34
			-1 	 0 	 0
			0 	 0 	 1
			0 	 1 	 0
			-0.0024 	 1.3215 	 0.2659
		}
	}
	{"window8"
		{polyhedron}
		{bone "window8"}
		{matrix34
			-1 	 0 	 0
			0 	 0 	 1
			0 	 1 	 0
			8.9444 	 -13.2543 	 0.3837
		}
	}
}
