;Exported by:	 Oleksandr Tsaprylov
;Date:			 19.07.2022 21:43:04
;File:			 E:\projects\gem2-mdl-soldiers\models\entourage\bridge_wood\bridge_wood_01.max
{skeleton
	{bone "bridge_wood_01_piece_002_x"
		{orientation
			1 	 0 	 0
			0 	 -1 	 0
			0 	 0 	 1
		}
		{bone "piece01"
			{matrix34
				0.2624 	 0.9604 	 -0.0939
				0.5255 	 -0.2239 	 -0.8208
				-0.8093 	 0.166 	 -0.5635
				-7.4762 	 -5.8349 	 17.9304
			}
			{poly "piece01"}
		}
		{bone "piece02"
			{matrix34
				0.8934 	 0.234 	 -0.3834
				-0.2028 	 -0.5515 	 -0.8092
				-0.4008 	 0.8007 	 -0.4452
				5.1393 	 45.0828 	 9.5355
			}
			{poly "piece02"}
		}
		{bone "piece03"
			{matrix34
				-0.3559 	 0.6049 	 0.7123
				-0.8633 	 0.079 	 -0.4985
				-0.3578 	 -0.7923 	 0.4941
				3.5155 	 -29.6576 	 13.925
			}
			{poly "piece03"}
		}
		{bone "piece04"
			{matrix34
				0.8945 	 -0.1199 	 -0.4308
				-0.3954 	 0.2381 	 -0.8871
				0.2089 	 0.9638 	 0.1656
				3.2228 	 -47.8909 	 6.346
			}
			{poly "piece04"}
		}
		{bone "piece05"
			{matrix34
				0.6505 	 -0.5424 	 -0.5316
				0.5829 	 0.8053 	 -0.1083
				0.4868 	 -0.2395 	 0.84
				-3.6022 	 -63.7587 	 14.5421
			}
			{poly "piece05"}
		}
		{bone "piece06"
			{matrix34
				0.8805 	 -0.4325 	 -0.1943
				0.465 	 0.8676 	 0.1763
				0.0923 	 -0.2455 	 0.965
				-3.4969 	 65.33 	 9.4892
			}
			{poly "piece06"}
		}
	}
}
{volume "piece01"
	{box 2.84877 42.8177 2.0092}
	{bone "piece01"}
	{matrix34
		0.2624 	 0.5255 	 -0.8093
		0.9604 	 -0.2239 	 0.166
		-0.0939 	 -0.8208 	 -0.5635
		9.3553 	 2.1512 	 -4.7098
	}
}
{volume "piece02"
	{box 1.87913 1.78195 19.7701}
	{bone "piece02"}
	{matrix34
		0.8934 	 -0.2028 	 -0.4008
		0.4435 	 0.5403 	 0.7151
		0.0715 	 -0.8167 	 0.5727
		-3.8359 	 -1.0658 	 5.2575
	}
}
{volume "piece03"
	{box 4.33737 4.26963 20.092}
	{bone "piece03"}
	{matrix34
		-0.3559 	 -0.8633 	 -0.3578
		0.6049 	 0.079 	 -0.7923
		0.7123 	 -0.4985 	 0.4941
		-0.7853 	 4.6902 	 -0.1206
	}
}
{volume "piece04"
	{box 1.87913 1.78195 20.3081}
	{bone "piece04"}
	{matrix34
		0.8945 	 -0.3954 	 0.2089
		-0.4434 	 -0.7235 	 0.5291
		-0.058 	 -0.5659 	 -0.8224
		-4.3197 	 -1.3337 	 -0.3127
	}
}
{volume "piece05"
	{box 1.87913 1.78195 13.4491}
	{bone "piece05"}
	{matrix34
		0.6505 	 0.5829 	 0.4868
		-0.5424 	 0.8053 	 -0.2395
		-0.5316 	 -0.1083 	 0.84
		4.8174 	 2.5513 	 -2.4606
	}
}
{volume "piece06"
	{box 1.87913 1.78195 13.4491}
	{bone "piece06"}
	{matrix34
		0.8805 	 0.465 	 0.0923
		-0.4325 	 0.8676 	 -0.2455
		-0.1943 	 0.1763 	 0.965
		3.5606 	 0.3492 	 0.852
	}
}
