;Exported by:	 tolokolnikova
;Date:			 27.06.2017 14:38:45
;File:			 D:\gem2\gem2-mdl-soldiers\models\building\house_D\D_004_x_fort.max
{skeleton
	{bone "d004_piece09_point"
		{orientation
			1 	 0 	 0
			0 	 -1 	 0
			0 	 0 	 1
		}
		{bone "sub_piece02"
			{Position -20.5244 	 6.2015 	 -5.4808}
			{poly "sub_piece02"}
		}
		{bone "piece01"
			{Position -7.6179 	 -37.5292 	 9.4852}
			{poly "piece01"}
		}
		{bone "piece02"
			{Position -12.9312 	 -37.4511 	 -13.4327}
			{poly "piece02"}
		}
		{bone "sub_piece01"
			{Position -20.5244 	 -33.8688 	 -6.4152}
			{poly "sub_piece01"}
		}
		{bone "piece03"
			{Position -20.5244 	 -0.4874 	 14.2412}
			{poly "piece03"}
		}
		{bone "piece04"
			{Position -20.5244 	 -15.6173 	 -3.6469}
			{poly "piece04"}
		}
		{bone "piece05"
			{Position -20.5244 	 -29.3664 	 15.3249}
			{poly "piece05"}
		}
	}
}
{volume "piece01"
	{box 5.90551 28.7708 17.978}
	{bone "piece01"}
	{matrix34
		0 	 -1 	 0
		0.8192 	 0 	 -0.5736
		0.5736 	 0 	 0.8192
		-1.4035 	 -0.4263 	 -0.0924
	}
}
{volume "piece02"
	{box 5.90551 13.9966 17.4548}
	{bone "piece02"}
	{matrix34
		0 	 1 	 0
		-0.766 	 0 	 -0.6428
		-0.6428 	 0 	 0.766
		1.4231 	 0 	 1.2337
	}
}
{volume "piece03"
	{box 5.90551 20.855 16.0112}
	{bone "piece03"}
	{Position 0 	 -0.3544 	 0.3945}
}
{volume "piece04"
	{box 5.90551 13.9966 17.4548}
	{bone "piece04"}
	{matrix34
		1 	 0 	 0
		0 	 0.8192 	 0.5736
		0 	 -0.5736 	 0.8192
		0 	 1.2507 	 1.6728
	}
}
{volume "piece05"
	{box 5.90551 13.9966 13.1239}
	{bone "piece05"}
	{Position 0 	 0.2837 	 -0.0234}
}
{volume "sub_piece01"
	{box 5.90551 13.1344 12.5654}
	{bone "sub_piece01"}
	{Position 0 	 0.1492 	 2.6823}
}
{volume "sub_piece02"
	{box 5.90551 13.9966 13.1239}
	{bone "sub_piece02"}
	{Position 0 	 0.2837 	 -0.0234}
}
