;Exported by: klimenko
;Date:        Mon Sep 26 12:19:42 2005
;File:        D:\-Project-\-3DWork-\Elevator\eskalator1_x1.max
{Skeleton
	{bone "elevator"
		{Orientation
			1	0	0
			0	-1	0
			0	0	1
		}
		{poly "elevator"}
		{bone "piece1"
			{Position -26.8979	27.3321	26.8336}
			{poly "piece1"}
		}
		{bone "piece2"
			{Matrix34
				-1	0	0
				0	-1	0
				0	0	-1
				24.7404	14.7787	14.5551
			}
			{poly "piece2"}
		}
		{bone "piece3"
			{Matrix34
				-1	0	0
				0	-1	0
				0	0	-1
				-18.9491	15.0934	23.0416
			}
			{poly "piece3"}
		}
		{bone "piece4"
			{Position -9.99857	26.4724	54.0255}
			{poly "piece4"}
		}
		{bone "piece5"
			{Position 44.0655	0	11.3876}
			{poly "piece5"}
		}
		{bone "piece7"
			{Position -88.8864	-14.4178	41.7093}
			{poly "piece7"}
		}
		{bone "piece8"
			{Position -110.324	14.4007	46.1266}
			{poly "piece8"}
		}
		{bone "piece9"
			{Position -44.9526	15.8878	57.4719}
			{poly "piece9"}
		}
		{bone "piece10"
			{Position -44.941	-14.7194	57.4907}
			{poly "piece10"}
		}
		{bone "piece12"
			{Position -24.0309	0.00735474	22.5067}
			{poly "piece12"}
		}
		{bone "piece13"
			{Position -63.6304	1.21909	41.7953}
			{poly "piece13"}
		}
		{bone "piece14"
			{Position 22.3579	0.00735474	22.6846}
			{poly "piece14"}
		}
		{bone "piece15"
			{Position -107.937	0.00735474	63.7276}
			{poly "piece15"}
		}
		{bone "piece6"
			{Position 22.6524	-14.8288	14.555}
			{poly "piece6"}
		}
		{bone "piece11"
			{Position -73.8503	-4.55173	52.5479}
			{poly "piece11"}
		}
	}
}
{Volume "piece11"
	{Box 4.54199 20.0903 4.67706}
	{Bone "piece11"}
	{Position 0	0	1.26545}
}
{Volume "piece6"
	{Box 39.4552 2.06694 23.2679}
	{Bone "piece6"}
	{Position 0	0	0}
}
{Volume "piece15"
	{Box 50.7866 23.6368 1.42973}
	{Bone "piece15"}
	{Matrix34
		0.894861	-0.000786412	-0.446344
		-0.103097	0.972593	-0.20841
		0.434275	0.232514	0.870254
		-0.165132	0.000187619	-0.923897
	}
}
{Volume "piece14"
	{Box 45.2285 23.6368 2.99989}
	{Bone "piece14"}
	{Position 0	0	0}
}
{Volume "piece13"
	{Box 2.03888 21.2133 47.9145}
	{Bone "piece13"}
	{Matrix34
		0.756344	0	0.654174
		0	1	0
		-0.654174	0	0.756344
		-1.27899	0	0.631754
	}
}
{Volume "piece12"
	{Box 47.85 23.6368 3.35579}
	{Bone "piece12"}
}
{Volume "piece10"
	{Box 5.18004 2.28828 109.203}
	{Bone "piece10"}
	{Position 0	0	0}
}
{Volume "piece9"
	{Box 5.05975 4.17223 109.203}
	{Bone "piece9"}
	{Position -1.52588e-005	0	0}
}
{Volume "piece8"
	{polyhedron}
	{Bone "piece8"}
	{Position 0	3.05176e-005	0}
}
{Volume "piece7"
	{polyhedron}
	{Bone "piece7"}
	{Position 0	3.05176e-005	0}
}
{Volume "piece5"
	{Box 1.17134 27.578 11.8579}
	{Bone "piece5"}
}
{Volume "piece4a"
	{Box 8.01229 7.95918 3.32122}
	{Bone "piece4"}
	{Matrix34
		0.982544	-0.0239509	-0.184484
		-0.00829808	0.985048	-0.17208
		0.185847	0.170607	0.967654
		5.9812	1.30816	8.94258
	}
}
{Volume "piece4"
	{Box 1.65615 1.76479 35.4831}
	{Bone "piece4"}
	{Matrix34
		0.987494	-0.023951	-0.155826
		-0.00328908	0.985048	-0.172249
		0.157622	0.170607	0.97265
		-9.42773	-0.630189	-2.3865
	}
}
{Volume "piece3"
	{polyhedron}
	{Bone "piece3"}
	{Matrix34
		-1	0	0
		0	-1	0
		0	0	-1
		0	-1.12301e-005	0
	}
}
{Volume "piece2"
	{Box 39.8873 2.06694 23.268}
	{Bone "piece2"}
	{Matrix34
		-1	0	0
		0	-1	0
		0	0	-1
		0	1.78037e-005	0
	}
}
{Volume "piece1"
	{Box 22.0235 12.8996 42.8363}
	{Bone "piece1"}
	{Matrix34
		0.990711	0	-0.135981
		-0.0330719	0.969974	-0.240951
		0.131898	0.24321	0.960964
		-1.89391	-0.604552	0.953142
	}
}
{Volume "elevator"
	{Box 96.3632 33.6782 2.95276}
	{Bone "elevator"}
	{Position 0	0	1.47638}
}
