;Exported by:	 tolokolnikova
;Date:			 11.06.2018 12:51:43
;File:			 D:\gem2\gem2-mdl-soldiers\models\building\house_uk\house_uk_001_x.max
{skeleton
	{bone "hs_ua_piece_09_x_point"
		{orientation
			1 	 0 	 0
			0 	 -1 	 0
			0 	 0 	 1
		}
		{bone "piece11"
			{matrix34
				1 	 0 	 0
				0 	 0.5736 	 -0.8192
				0 	 0.8192 	 0.5736
				-13.501 	 0.2207 	 10.4052
			}
			{poly "piece11"}
		}
		{bone "piece10"
			{matrix34
				-1 	 0 	 0
				0 	 -0.5878 	 -0.809
				0 	 -0.809 	 0.5878
				-12.4055 	 12.7816 	 11.8991
			}
			{poly "piece10"}
		}
		{bone "piece07"
			{matrix34
				0 	 0 	 -1
				0 	 1 	 0
				1 	 0 	 0
				-9.0006 	 7.7309 	 12.9626
			}
			{poly "piece07"}
		}
		{bone "piece08"
			{matrix34
				0 	 0 	 1
				0 	 1 	 0
				-1 	 0 	 0
				-14.0611 	 7.7309 	 8.5173
			}
			{poly "piece08"}
		}
		{bone "piece04"
			{matrix34
				1 	 0 	 0
				0 	 -0.766 	 0.6428
				0 	 0.6428 	 0.766
				-6.6446 	 -3.0726 	 0.1225
			}
			{poly "piece04"}
		}
		{bone "piece03"
			{matrix34
				0.8572 	 -0.5138 	 -0.0359
				0.4059 	 0.6309 	 0.6613
				-0.3171 	 -0.5814 	 0.7493
				8.7016 	 17.5847 	 0.0849
			}
			{poly "piece03"}
		}
		{bone "piece09"
			{Position 3.5804 	 7.7309 	 -4.3751}
			{poly "piece09"}
		}
		{bone "piece06"
			{matrix34
				-1 	 0 	 0
				0 	 0.766 	 0.6428
				0 	 -0.6428 	 0.766
				-6.6445 	 19.5437 	 -1.2154
			}
			{poly "piece06"}
		}
		{bone "piece02"
			{matrix34
				-0.8199 	 -0.4407 	 -0.3655
				0.0709 	 0.5554 	 -0.8285
				-0.5681 	 0.7052 	 0.4241
				10.1042 	 -6.5545 	 4.4118
			}
			{poly "piece02"}
		}
		{bone "piece01"
			{matrix34
				-0.8571 	 0.3631 	 -0.3655
				0.1218 	 -0.5465 	 -0.8285
				-0.5006 	 -0.7547 	 0.4241
				11.852 	 22.2245 	 3.6375
			}
			{poly "piece01"}
		}
		{bone "piece05"
			{matrix34
				0.8572 	 0.5138 	 -0.0359
				0.4059 	 -0.6309 	 0.6613
				-0.3171 	 0.5814 	 0.7493
				10.1998 	 -4.9839 	 -2.4455
			}
			{poly "piece05"}
		}
	}
}
{volume "piece01"
	{cylinder 1.08528 34.6946}
	{bone "piece01"}
	{matrix34
		-0.5828 	 -0.8115 	 -0.0425
		-0.8105 	 0.5842 	 -0.0415
		0.0586 	 0.0103 	 -0.9982
		-0.3175 	 0.1341 	 2.1283
	}
}
{volume "piece02"
	{cylinder 1.2379 24.9269}
	{bone "piece02"}
	{matrix34
		-0.9785 	 -0.2062 	 -0.0009
		0.2062 	 -0.9784 	 0.0154
		0.0041 	 -0.0149 	 -0.9999
		-0.1239 	 0.1276 	 -1.4155
	}
}
{volume "piece03"
	{cylinder 1.69575 34.3511}
	{bone "piece03"}
	{matrix34
		0.3003 	 0.9393 	 0.166
		0.9253 	 -0.3291 	 0.1883
		0.2315 	 0.0971 	 -0.968
		-0.0771 	 -0.1783 	 1.5373
	}
}
{volume "piece04"
	{cylinder 1.69575 25.1656}
	{bone "piece04"}
	{matrix34
		1 	 0 	 0
		0 	 1 	 0
		0 	 0 	 -1
		-0.066 	 0.1806 	 1.3605
	}
}
{volume "piece05"
	{cylinder 1.69575 34.3511}
	{bone "piece05"}
	{matrix34
		0.014 	 0.994 	 0.1084
		-0.9743 	 0.0379 	 -0.2219
		0.2247 	 0.1025 	 -0.969
		0.1181 	 -1.0929 	 5.8004
	}
}
{volume "piece06"
	{cylinder 1.64393 23.6112}
	{bone "piece06"}
	{matrix34
		-1 	 0 	 0
		0 	 1 	 -0.0003
		0 	 0.0003 	 1
		-0.0217 	 0.0198 	 5.4059
	}
}
{volume "piece07"
	{cylinder 1.23959 25.6722}
	{bone "piece07"}
	{matrix34
		1 	 0 	 -0.0049
		0 	 1 	 0
		0.0049 	 0 	 1
		-0.0013 	 0 	 -0.0862
	}
}
{volume "piece08"
	{cylinder 2.03212 36.3798}
	{bone "piece08"}
	{matrix34
		-1 	 0 	 0.0049
		0 	 1 	 0
		-0.0049 	 0 	 -1
		-0.0685 	 0 	 -1.1193
	}
}
{volume "piece09"
	{cylinder 1.95706 21.5101}
	{bone "piece09"}
	{Position 0.2057 	 0.0792 	 0.8669}
}
{volume "piece10"
	{cylinder 0.77515 20.1927}
	{bone "piece10"}
	{matrix34
		0 	 0.9961 	 0.0883
		-1 	 0 	 0
		0 	 -0.0883 	 0.9961
		0.0744 	 -0.6256 	 0.3123
	}
}
{volume "piece11"
	{cylinder 0.970637 21.021}
	{bone "piece11"}
	{matrix34
		0 	 0.9999 	 0.014
		-1 	 0 	 0
		0 	 -0.014 	 0.9999
		0.2017 	 -0.1654 	 1.1768
	}
}
