;Exported by:	 kobaa
;Date:			 01.04.2020 17:22:00
;File:			 G:\_GIT_\gem2\gem2-mdl-soldiers\models\fence\Fence_wood_ua\fence_wood_ru_001.max
{skeleton
	{bone "fence01b"
		{orientation
			1 	 0 	 0
			0 	 -1 	 0
			0 	 0 	 1
		}
		{bone "cylinder076"
			{matrix34
				0.9848 	 0.1736 	 0
				-0.1736 	 0.9848 	 0
				0 	 0 	 1
				-40.8909 	 3.1692 	 -2.4934
			}
			{poly "cylinder076"}
		}
		{bone "cylinder078"
			{matrix34
				0.1204 	 -0.1564 	 -0.9803
				0.0191 	 0.9877 	 -0.1553
				0.9925 	 0 	 0.1219
				37.3725 	 0.7326 	 2.8045
			}
			{poly "cylinder078"}
		}
		{bone "cylinder079"
			{matrix34
				0.9659 	 0.2588 	 0
				-0.2588 	 0.9659 	 0
				0 	 0 	 1
				36.0112 	 3.237 	 14.4918
			}
			{poly "cylinder079"}
		}
		{bone "object032"
			{matrix34
				-0.644 	 -0.1908 	 -0.7408
				-0.1252 	 0.9816 	 -0.144
				0.7547 	 0 	 -0.6561
				-42.1831 	 0.2228 	 20.875
			}
			{poly "object032"}
		}
		{bone "object033"
			{matrix34
				-0.1185 	 -0.2445 	 -0.9624
				-0.5096 	 0.8468 	 -0.1524
				0.8522 	 0.4724 	 -0.225
				-41.2438 	 0.7325 	 6.8816
			}
			{poly "object033"}
		}
		{bone "cylinder077"
			{matrix34
				0.3754 	 -0.2599 	 -0.8897
				0.2499 	 0.9527 	 -0.1729
				0.8925 	 -0.1574 	 0.4226
				36.3707 	 0.5896 	 22.7612
			}
			{poly "cylinder077"}
		}
	}
}
{volume "body01"
	{cylinder 1.9685 32.1818}
	{bone "fence01b"}
	{matrix34
		-0.5856 	 0.3318 	 -0.7396
		0.144 	 0.9404 	 0.3079
		0.7977 	 0.0739 	 -0.5985
		-30.2224 	 0.4733 	 11.2455
	}
}
{volume "body02"
	{cylinder 1.9685 41.7921}
	{bone "fence01b"}
	{matrix34
		-0.288 	 0.0538 	 -0.9561
		-0.4138 	 0.8934 	 0.175
		0.8636 	 0.446 	 -0.235
		-25.8398 	 8.5881 	 2.2281
	}
}
{volume "body03"
	{cylinder 1.9685 39.3701}
	{bone "fence01b"}
	{matrix34
		-0.1089 	 0.1787 	 0.9779
		0.0252 	 0.9839 	 -0.177
		-0.9937 	 0.0054 	 -0.1116
		18.8617 	 0.8265 	 0.5781
	}
}
{volume "body04"
	{cylinder 1.9685 28.7446}
	{bone "fence01b"}
	{matrix34
		0.9839 	 0.1787 	 0.006
		-0.1787 	 0.9839 	 -0.0065
		-0.0071 	 0.0054 	 1
		-40.8701 	 3.3452 	 14.3717
	}
}
{volume "body05"
	{cylinder 1.9685 31.4658}
	{bone "fence01b"}
	{matrix34
		0.9839 	 0.1787 	 0.006
		-0.1787 	 0.9839 	 -0.0065
		-0.0071 	 0.0054 	 1
		36.1057 	 3.3525 	 15.7323
	}
}
{volume "body06"
	{cylinder 1.9685 48.5194}
	{bone "fence01b"}
	{matrix34
		-0.4213 	 -0.1362 	 0.8966
		0.0814 	 0.979 	 0.1869
		-0.9033 	 0.1518 	 -0.4013
		16.5106 	 4.4032 	 11.4128
	}
}
