;Exported by:	 tolokolnikova
;Date:			 27.06.2017 14:57:06
;File:			 D:\gem2\gem2-mdl-soldiers\models\building\house_D\D_005_cut_x_fort.max
{skeleton
	{bone "d005_piece11b_point"
		{orientation
			1 	 0 	 0
			0 	 -1 	 0
			0 	 0 	 1
		}
		{bone "piece02"
			{matrix34
				-0.8192 	 0 	 -0.5736
				0 	 1 	 0
				0.5736 	 0 	 -0.8192
				-3.0608 	 14.9908 	 24.9791
			}
			{poly "piece02"}
		}
		{bone "piece03"
			{Position -16.903 	 14.9638 	 8.061}
			{poly "piece03"}
		}
		{bone "piece04"
			{matrix34
				-0.0872 	 0 	 0.9962
				0 	 1 	 0
				-0.9962 	 0 	 -0.0872
				3.0144 	 14.9392 	 -7.2629
			}
			{poly "piece04"}
		}
		{bone "piece05"
			{Position -26.375 	 -0.2211 	 1.4897}
			{poly "piece05"}
		}
		{bone "sub_piece01"
			{Position -26.3349 	 -16.421 	 27.0027}
			{poly "sub_piece01"}
		}
		{bone "piece06"
			{matrix34
				1 	 0 	 0
				0 	 -0.9848 	 -0.1736
				0 	 0.1736 	 -0.9848
				-26.4651 	 4.011 	 19.2939
			}
			{poly "piece06"}
		}
		{bone "sub_piece02"
			{matrix34
				0.4226 	 0 	 -0.9063
				0 	 1 	 0
				0.9063 	 0 	 0.4226
				2.7677 	 14.9963 	 7.8737
			}
			{poly "sub_piece02"}
		}
		{bone "sub_piece03"
			{Position -26.4976 	 -21.4398 	 9.0716}
			{poly "sub_piece03"}
		}
		{bone "piece01"
			{Position -6.5145 	 24.6391 	 7.4491}
			{poly "piece01"}
		}
		{bone "d005_piece11b"
			{Position 0 	 0 	 0}
			{poly "d005_piece11b"}
		}
		{bone revolute "attach1"
			{matrix34
				0 	 1 	 0
				-1 	 0 	 0
				0 	 0 	 1
				-0.3345 	 1.3762 	 -25.4092
			}
		}
		{bone "debris_land_001"
			{parameters "commonmesh;land;ground;"}
			{matrix34
				0 	 -1 	 0
				1 	 0 	 0
				0 	 0 	 1
				-5.4165 	 27.5846 	 -31.0391
			}
			{poly "debris_land_001" {ground}}
		}
		{bone "fort_wall"
			{Position -0.1411 	 23.6342 	 -25.4238}
		}
		{bone "stones_001"
			{parameters "commonmesh;land;ground;"}
			{matrix34
				0 	 -1 	 0
				1 	 0 	 0
				0 	 0 	 1
				-5.4165 	 27.5712 	 -31.0391
			}
			{poly "stones_001" {ground}}
		}
	}
}
{volume "piece01"
	{box 4.20193 12.8649 16.9616}
	{bone "piece01"}
	{Position 0 	 0 	 -0.2059}
}
{volume "piece02"
	{box 5.90551 15.0377 17.9705}
	{bone "piece02"}
	{matrix34
		0 	 1 	 0
		-0.788 	 0 	 -0.6157
		-0.6157 	 0 	 0.788
		-1.2337 	 0.2475 	 -0.0424
	}
}
{volume "piece03"
	{box 5.90551 23.4965 13.6328}
	{bone "piece03"}
	{matrix34
		0 	 1 	 0
		-0.5446 	 0 	 0.8387
		0.8387 	 0 	 0.5446
		-0.3648 	 -0.1009 	 1.418
	}
}
{volume "piece04"
	{box 10.2083 5.90551 16.5012}
	{bone "piece04"}
	{Position -0.6372 	 -0.3641 	 0.4058}
}
{volume "piece05"
	{box 5.90551 19.0321 10.6336}
	{bone "piece05"}
	{matrix34
		1 	 0 	 0
		0 	 0.9994 	 0.0349
		0 	 -0.0349 	 0.9994
		-0.1253 	 -3.5176 	 0.5801
	}
}
{volume "piece06"
	{box 5.90551 23.4965 13.6328}
	{bone "piece06"}
	{matrix34
		0.9993 	 -0.0254 	 0.0256
		0.0344 	 0.8843 	 -0.4657
		-0.0108 	 0.4662 	 0.8846
		0.005 	 0.5061 	 -0.7976
	}
}
{volume "sub_piece01"
	{polyhedron}
	{bone "sub_piece01"}
	{Position 0.0715 	 4.3658 	 -8.6555}
}
{volume "sub_piece02"
	{box 5.90551 12.7925 10.4432}
	{bone "sub_piece02"}
	{matrix34
		0 	 1 	 0
		-1 	 0 	 0
		0 	 0 	 1
		0.3003 	 0.05 	 -0.409
	}
}
{volume "sub_piece03"
	{box 5.90551 12.7925 7.81415}
	{bone "sub_piece03"}
	{matrix34
		1 	 0 	 0
		0 	 0.9848 	 0.1736
		0 	 -0.1736 	 0.9848
		2.2669 	 -2.35 	 2.1114
	}
}
{volume "target_vol_001"
	{box 9.84252 11.811 15.6501}
	{bone "d005_piece11b_point"}
	{matrix34
		0 	 1 	 0
		-1 	 0 	 0
		0 	 0 	 1
		-0.3345 	 14.5761 	 -0.2079
	}
}
{volume "vol_01"
	{box 38.998 6.17902 16.5542}
	{bone "d005_piece11b"}
	{Position -9.8151 	 14.7311 	 -22.762}
}
{volume "vol_02"
	{box 10.1395 6.17902 14.071}
	{bone "d005_piece11b"}
	{Position -24.2238 	 14.7311 	 -7.5103}
}
{volume "vol_03"
	{box 49.5274 6.17902 20.7589}
	{bone "d005_piece11b"}
	{matrix34
		0 	 1 	 0
		-1 	 0 	 0
		0 	 0 	 1
		-26.3801 	 -6.939 	 -20.6596
	}
}
