;Exported by:	 Oleksandr Tsaprylov
;Date:			 19.07.2022 18:19:06
;File:			 E:\projects\gem2-mdl-soldiers\models\entourage\bridge_wood\bridge_wood_02.max
{skeleton
	{bone "bridge_wood_05_piece_005_x"
		{orientation
			1 	 0 	 0
			0 	 -1 	 0
			0 	 0 	 1
		}
		{bone "piece03"
			{matrix34
				0.3389 	 0.265 	 -0.9027
				0.0725 	 -0.964 	 -0.2558
				-0.938 	 0.0213 	 -0.3459
				-5.1487 	 -17.4111 	 2.0939
			}
			{poly "piece03"}
		}
		{bone "piece01"
			{matrix34
				0.5122 	 0.815 	 0.2709
				-0.5159 	 0.5442 	 -0.6616
				-0.6866 	 0.1991 	 0.6992
				0.3874 	 -1.3387 	 3.6044
			}
			{poly "piece01"}
		}
		{bone "piece02"
			{matrix34
				0.8805 	 -0.4494 	 -0.151
				0.1262 	 0.5292 	 -0.8391
				0.457 	 0.7197 	 0.5227
				1.8049 	 16.2575 	 3.8706
			}
			{poly "piece02"}
		}
	}
}
{volume "piece01"
	{box 1.87913 1.78195 13.4491}
	{bone "piece01"}
	{matrix34
		0.5122 	 -0.5159 	 -0.6866
		0.815 	 0.5442 	 0.1991
		0.2709 	 -0.6616 	 0.6992
		-1.4398 	 2.6615 	 1.4083
	}
}
{volume "piece02"
	{box 1.87913 1.78195 19.7701}
	{bone "piece02"}
	{matrix34
		0.8805 	 0.1262 	 0.457
		-0.0128 	 0.9699 	 -0.2432
		-0.4739 	 0.2083 	 0.8556
		-3.5135 	 0.5522 	 -3.2194
	}
}
{volume "piece03"
	{box 1.87913 1.78195 19.7701}
	{bone "piece03"}
	{matrix34
		0.3389 	 0.0725 	 -0.938
		0.7166 	 0.6262 	 0.3073
		0.6097 	 -0.7763 	 0.1603
		0.0446 	 -0.409 	 -2.6461
	}
}
