;Exported by	: KobaA
;Date			: 05.03.2024 10:29:14
;File			: d:\git\gem2-mdl-soldiers\models\building\house_40\house_40_new_cut_x.max
{skeleton
	{bone "house_40_g2_piece_015_x"
		{orientation
			1 	 0 	 0
			0 	 -1 	 0
			0 	 0 	 1
		}
		{bone "sub_piece02"
			{matrix34
				0 	 1 	 0
				-0.2588 	 0 	 -0.9659
				-0.9659 	 0 	 0.2588
				0.7198 	 -20.6693 	 -6.9043
			}
			{poly "sub_piece02"}
		}
		{bone "sub_piece01"
			{matrix34
				0 	 1 	 0
				0.766 	 0 	 0.6428
				0.6428 	 0 	 -0.766
				-11.3448 	 -20.6693 	 1.2116
			}
			{poly "sub_piece01"}
		}
		{bone "piece01"
			{matrix34
				-0.5736 	 0 	 0.8192
				0 	 -1 	 0
				0.8192 	 0 	 0.5736
				1.5671 	 -20.6692 	 3.1801
			}
			{poly "piece01"}
		}
		{bone "sub_piece03"
			{matrix34
				0 	 -1 	 0
				-0.4226 	 0 	 0.9063
				-0.9063 	 0 	 -0.4226
				-8.5629 	 -20.6692 	 10.0004
			}
			{poly "sub_piece03"}
		}
		{bone "sub_piece05"
			{matrix34
				-1 	 0 	 0
				0 	 -1 	 0
				0 	 0 	 1
				14.1682 	 -20.6693 	 5.3307
			}
			{poly "sub_piece05"}
		}
		{bone "sub_piece04"
			{matrix34
				0 	 -1 	 0
				-0.4226 	 0 	 0.9063
				-0.9063 	 0 	 -0.4226
				-0.5132 	 -20.6692 	 13.7617
			}
			{poly "sub_piece04"}
		}
	}
}
{"volumes"
	{"piece01"
		{box 5.9055 9.34848 10.8661}
		{bone "piece01"}
		{matrix34
			0 	 -1 	 0
			0.9397 	 0 	 0.342
			-0.342 	 0 	 0.9397
			-0.4803 	 0 	 -0.259
		}
	}
	{"sub_piece02"
		{box 5.9055 4.38444 5.55118}
		{bone "sub_piece02"}
		{Position 0 	 0.0437 	 0.1881}
	}
	{"sub_piece03"
		{box 5.9055 4.38444 5.55118}
		{bone "sub_piece03"}
		{Position 0 	 0.0437 	 0.1881}
	}
	{"sub_piece04"
		{box 5.9055 4.38444 5.55118}
		{bone "sub_piece04"}
		{Position 0 	 0.0437 	 0.1881}
	}
	{"sub_piece05"
		{box 5.9055 7.19114 5.55118}
		{bone "sub_piece05"}
		{matrix34
			0 	 -1 	 0
			0.9397 	 0 	 0.342
			-0.342 	 0 	 0.9397
			0.4581 	 0 	 0.1528
		}
	}
	{"sup_piece01"
		{box 5.9055 4.02704 6.49158}
		{bone "sub_piece01"}
		{Position 0 	 -0.4081 	 -0.0536}
	}
}
