;Exported by	: joomb
;Date			: 17.04.2024 15:16:28
;File			: h:\git\gem2-mdl-soldiers\models\building\buildings_ru\barn_ru001_x.max
{skeleton
	{bone "barn_ru_001_piece17_point"
		{orientation
			1 	 0 	 0
			0 	 -1 	 0
			0 	 0 	 1
		}
		{bone "piece02"
			{matrix34
				-1 	 0 	 0
				0 	 0.5736 	 -0.8192
				0 	 -0.8192 	 -0.5736
				5.9892 	 11.5034 	 10.8022
			}
			{poly "piece02"}
		}
		{bone "piece01"
			{matrix34
				1 	 0 	 0
				0 	 0.8192 	 0.5736
				0 	 -0.5736 	 0.8192
				-5.3129 	 -6.7419 	 13.8443
			}
			{poly "piece01"}
		}
		{bone "sub_piece01"
			{matrix34
				-0.0095 	 -0.5728 	 0.8196
				0.9978 	 -0.0586 	 -0.0294
				0.0649 	 0.8176 	 0.5721
				-22.2128 	 -7.0135 	 13.4603
			}
			{poly "sub_piece01"}
		}
		{bone "sub_piece02"
			{matrix34
				-1 	 0 	 0
				0 	 0.5736 	 -0.8192
				0 	 -0.8192 	 -0.5736
				-76.9961 	 2.4136 	 -43.0466
			}
			{poly "sub_piece02"}
		}
	}
}
{"volumes"
	{"piece01"
		{box 16.087 1.19677 16.6552}
		{bone "piece01"}
		{matrix34
			1 	 -0.006 	 -0.0011
			0.0011 	 0 	 1
			-0.006 	 -1 	 0
			-0.0498 	 -0.2478 	 -0.1269
		}
	}
	{"piece02"
		{box 21.5628 3.18605 2.07185}
		{bone "piece02"}
		{matrix34
			0 	 -0.9397 	 0.342
			0 	 -0.342 	 -0.9397
			1 	 0 	 0
			-4.1636 	 -0.3972 	 0
		}
	}
	{"sub_piece01"
		{box 4.68142 1.19677 15.069}
		{bone "sub_piece01"}
		{matrix34
			-0.0105 	 0.9955 	 0.0937
			0.9999 	 0.0105 	 -0.0003
			-0.0013 	 0.0937 	 -0.9956
			0.0501 	 -0.037 	 0.1686
		}
	}
	{"sub_piece02"
		{box 11.2126 3.18605 2.07185}
		{bone "sub_piece02"}
		{matrix34
			0 	 -0.9397 	 0.342
			0 	 -0.342 	 -0.9397
			1 	 0 	 0
			-58.0192 	 -44.2312 	 -36.5353
		}
	}
}
