;Exported by:	 tolokolnikova
;Date:			 27.06.2017 14:57:05
;File:			 D:\gem2\gem2-mdl-soldiers\models\building\house_D\D_005_cut_x_fort.max
{skeleton
	{bone "d005_piece23_point"
		{orientation
			1 	 0 	 0
			0 	 -1 	 0
			0 	 0 	 1
		}
		{bone "piece02"
			{Position -53.8085 	 8.7306 	 6.9711}
			{poly "piece02"}
		}
		{bone "piece03"
			{matrix34
				1 	 0 	 0
				0 	 0.8192 	 -0.5736
				0 	 0.5736 	 0.8192
				-53.8538 	 -7.8515 	 -10.003
			}
			{poly "piece03"}
		}
		{bone "piece04"
			{matrix34
				0 	 1 	 0
				-0.2588 	 0 	 -0.9659
				-0.9659 	 0 	 0.2588
				-11.8002 	 -51.6083 	 -10.2366
			}
			{poly "piece04"}
		}
		{bone "sub_piece05"
			{matrix34
				0 	 1 	 0
				-0.2588 	 0 	 -0.9659
				-0.9659 	 0 	 0.2588
				-37.8887 	 -51.6083 	 -8.0155
			}
			{poly "sub_piece05"}
		}
		{bone "sub_piece06"
			{matrix34
				1 	 0 	 0
				0 	 0.5 	 -0.866
				0 	 0.866 	 0.5
				-53.8009 	 -9.2082 	 5.8117
			}
			{poly "sub_piece06"}
		}
		{bone "piece01"
			{matrix34
				1 	 0 	 0
				0 	 0.5 	 -0.866
				0 	 0.866 	 0.5
				-53.8009 	 -26.5759 	 -3.8838
			}
			{poly "piece01"}
		}
		{bone "sub_piece04"
			{Position -28.109 	 17.7751 	 11.9179}
			{poly "sub_piece04"}
		}
		{bone "sub_piece07"
			{Position -51.4789 	 5.6129 	 17.5476}
			{poly "sub_piece07"}
		}
		{bone "sub_piece02"
			{Position -29.5587 	 -45.6787 	 0.5957}
			{poly "sub_piece02"}
		}
		{bone "sub_piece01"
			{Position -1.413 	 -30.1393 	 6.7161}
			{poly "sub_piece01"}
		}
		{bone "sub_piece03"
			{Position -35.6099 	 -18.598 	 11.8891}
			{poly "sub_piece03"}
		}
	}
}
{volume "piece01"
	{box 5.90551 10.1793 17.343}
	{bone "piece01"}
	{Position 0.1324 	 -1.0271 	 0.5529}
}
{volume "piece02"
	{box 5.90551 17.9054 10.5179}
	{bone "piece02"}
	{matrix34
		1 	 0 	 0
		0 	 0.9563 	 0.2924
		0 	 -0.2924 	 0.9563
		0.1324 	 -0.2612 	 0.5455
	}
}
{volume "piece03"
	{box 5.90551 19.7528 9.576}
	{bone "piece03"}
	{matrix34
		1 	 0 	 0
		0 	 0.3907 	 0.9205
		0 	 -0.9205 	 0.3907
		0.1324 	 -0.7674 	 -0.8005
	}
}
{volume "piece04"
	{box 5.90551 19.7528 9.576}
	{bone "piece04"}
	{matrix34
		1 	 0 	 0
		0 	 0.3907 	 0.9205
		0 	 -0.9205 	 0.3907
		0.1324 	 -0.7674 	 -0.8005
	}
}
{volume "sub_piece01"
	{box 26.6898 13.1892 1.09166}
	{bone "sub_piece01"}
	{matrix34
		1 	 0 	 0
		0 	 0.9397 	 0.342
		0 	 -0.342 	 0.9397
		-0.0038 	 -0.0684 	 0.0792
	}
}
{volume "sub_piece02"
	{box 19.2166 14.5671 1.09166}
	{bone "sub_piece02"}
	{matrix34
		1 	 0 	 0
		0 	 0.9397 	 0.342
		0 	 -0.342 	 0.9397
		-1.8191 	 0.0893 	 0.3287
	}
}
{volume "sub_piece03"
	{box 26.6898 19.6853 1.09166}
	{bone "sub_piece03"}
	{matrix34
		1 	 0 	 0
		0 	 0.9397 	 0.342
		0 	 -0.342 	 0.9397
		0 	 -0.1252 	 0.0642
	}
}
{volume "sub_piece04"
	{box 18.209 17.8255 1.09166}
	{bone "sub_piece04"}
	{matrix34
		-1 	 0 	 0
		0 	 -0.9397 	 0.342
		0 	 0.342 	 0.9397
		1.7532 	 -1.2839 	 2.3265
	}
}
{volume "sub_piece05"
	{box 5.90551 10.469 6.12864}
	{bone "sub_piece05"}
	{matrix34
		1 	 0 	 0
		0 	 0.3907 	 0.9205
		0 	 -0.9205 	 0.3907
		0.1324 	 0.4094 	 -0.9106
	}
}
{volume "sub_piece06"
	{box 5.90551 8.33686 9.71209}
	{bone "sub_piece06"}
	{matrix34
		1 	 0 	 0
		0 	 0.866 	 0.5
		0 	 -0.5 	 0.866
		0.1324 	 -1.0605 	 -0.0466
	}
}
{volume "sub_piece07"
	{box 18.209 11.7434 0.534911}
	{bone "sub_piece07"}
	{matrix34
		-1 	 0 	 0
		0 	 -0.9397 	 0.342
		0 	 0.342 	 0.9397
		-0.4513 	 -0.0104 	 0.3637
	}
}
