;Exported by:	 tolokolnikova
;Date:			 10.05.2016 14:47:18
;File:			 D:\gem2\gem2-mdl-soldiers\models\entourage\barricade_cobl_g2\barricade_new.max
{skeleton
	{bone "barricade1_a_c3"
		{orientation
			1 	 0 	 0
			0 	 -1 	 0
			0 	 0 	 1
		}
		{poly "barricade1_a_c3"}
	}
}
{obstacle "body01"
	{obb2
		{center 4.81874 12.101}
		{extent 5.6807 9.66533}
		{axis 0.25946 0.965754}
	}
	{rotate}
	{Tags "body" "fire"}
}
{obstacle "body02"
	{obb2
		{center 23.4249 -6.43692}
		{extent 5.46857 5.94579}
		{axis 0.992554 0.121808}
	}
	{rotate}
	{Tags "body" "fire"}
}
{obstacle "body03"
	{obb2
		{center 24.5063 20.1104}
		{extent 5.75819 8.68686}
		{axis 0.616024 0.787727}
	}
	{rotate}
	{Tags "body" "fire"}
}
{obstacle "body04"
	{obb2
		{center 7.41307 25.4088}
		{extent 8.41993 8.71725}
		{axis 0.643126 0.76576}
	}
	{rotate}
	{Tags "body" "fire"}
}
{obstacle "body05"
	{obb2
		{center 18.9245 -0.710328}
		{extent 5.57628 8.60316}
		{axis 0.573975 0.818873}
	}
	{rotate}
	{Tags "body" "fire"}
}
{obstacle "body06"
	{obb2
		{center 31.4706 0.44744}
		{extent 5.84126 8.93976}
		{axis 0.866158 0.49977}
	}
	{rotate}
	{Tags "body" "fire"}
}
{obstacle "body07"
	{obb2
		{center 17.7635 5.24042}
		{extent 11.5048 8.09031}
		{axis 0.573975 0.818873}
	}
	{rotate}
	{Tags "body" "fire"}
}
{volume "body01"
	{cylinder 5.68724 17.0806}
	{bone "barricade1_a_c3"}
	{matrix34
		-0.3021 	 0.9409 	 0.1534
		-0.1955 	 -0.2186 	 0.956
		0.933 	 0.2588 	 0.25
		4.8188 	 -12.101 	 5.2485
	}
}
{volume "body02"
	{cylinder 5.88196 17.0252}
	{bone "barricade1_a_c3"}
	{matrix34
		0.9229 	 0.383 	 0.04
		-0.3828 	 0.9237 	 -0.014
		-0.0423 	 -0.0024 	 0.9991
		23.4249 	 6.4369 	 9.1806
	}
}
{volume "body03"
	{cylinder 5.70577 17.0252}
	{bone "barricade1_a_c3"}
	{matrix34
		-0.4467 	 0.533 	 -0.7186
		-0.427 	 0.5787 	 0.6948
		0.7862 	 0.6172 	 -0.0309
		24.4614 	 -20.0528 	 5.435
	}
}
{volume "body04"
	{box 15.748 15.8806 5.59307}
	{bone "barricade1_a_c3"}
	{matrix34
		-0.7493 	 -0.6262 	 -0.2156
		0.6621 	 -0.7009 	 -0.2652
		0.0149 	 -0.3415 	 0.9398
		7.4131 	 -25.4087 	 4.4397
	}
}
{volume "body05"
	{cylinder 5.68725 17.0806}
	{bone "barricade1_a_c3"}
	{matrix34
		0.1262 	 -0.1606 	 -0.9789
		-0.5609 	 0.8024 	 -0.2039
		0.8182 	 0.5748 	 0.0112
		18.9245 	 0.7103 	 21.8148
	}
}
{volume "body06"
	{cylinder 5.99442 17.8764}
	{bone "barricade1_a_c3"}
	{matrix34
		-0.196 	 0.1132 	 -0.9741
		-0.8436 	 0.487 	 0.2263
		0.5 	 0.866 	 0
		31.4706 	 -0.4474 	 5.3916
	}
}
{volume "body07"
	{box 16.1073 22.9581 18.8201}
	{bone "barricade1_a_c3"}
	{matrix34
		0.8207 	 0.5714 	 0
		-0.5714 	 0.8207 	 0
		0 	 0 	 1
		17.7635 	 -5.2404 	 9.4101
	}
}
