;Exported by: garry
;Date:        Fri Feb 10 19:30:39 2006
;File:        D:\-Projects-\-3DWork-\Model\Корабли\torpeda\01.max
{Skeleton
	{animation
		{sequence "drift" {speed 0.7}}
	}
	{bone "basis"
		{Orientation
			1	0	0
			0	-1	0
			0	0	1
		}
		{bone "emit1"
			{Position -32.9378	-0.0915751	0}
			{visibility 0}
		}
		{bone "body"
			{parameters "ID=body;"}
			{Position -2.2697	-0.398744	1.61301}
			{poly "body"}
			{bone "detail2"
				{Matrix34
					-0.266393	-0.961218	-0.0713797
					0.48082	-0.196707	0.85447
					-0.835373	0.193304	0.514574
					16.6684	-8.37301	2.18662
				}
				{poly "detail2"}
			}
			{bone "detail1"
				{Matrix34
					-0.38546	-0.185673	0.903851
					0.359983	0.871666	0.332582
					-0.849607	0.453568	-0.269153
					17.5699	10.8279	3.39268
				}
				{poly "detail1"}
			}
			{bone revolute "steer_r1"
				{limits -40 40}
				{Position -31.3347	-7.69046	-1.52321}
				{poly "steer_r1"}
			}
			{bone revolute "steer_l1"
				{limits -40 40}
				{Position -31.3347	7.69046	-1.52322}
				{poly "steer_l1"}
			}
			{bone "driver"
				{Position 11.6562	0.188944	0.627802}
			}
			{bone "pivot_front"
				{Position 36.7677	0.398747	-1.613}
			}
			{bone "pivot_back"
				{Position -30.6336	0.308049	-1.61301}
			}
			{bone "visor"
				{Position 19.0916	0.399628	7.28541}
			}
			{bone revolute "wheelr"
				{speed 0.001}
				{Matrix34
					0	-0.819152	-0.573576
					0	-0.573576	0.819152
					-1	0	0
					-29.153	-7.71642	-1.56412
				}
				{poly "wheelr"}
			}
			{bone revolute "wheell2"
				{speed 0.001}
				{Matrix34
					0	-0.642788	0.766044
					0	0.766044	0.642788
					-1	0	0
					-29.153	7.76423	-1.56412
				}
				{poly "wheell2"}
			}
			{bone "fx_bulb_small_center1"
				{Matrix34
					-0.00173316	0.999999	0
					-0.999999	-0.00173316	0
					0	0	1
					0.0733653	7.73414	-1.49706
				}
			}
			{bone "fx_bulb_small_center2"
				{Matrix34
					0.00173284	-0.999999	0
					0.999999	0.00173284	0
					0	0	1
					0.0733645	-7.74595	-1.49706
				}
			}
		}
	}
}
{Volume "ballast"
	{Box 55.4858 26.6452 8.68255}
	{Bone "body"}
	{Position 8.82132	-0.282983	-1.07228}
}
{Volume "body"
	{Box 49.1025 23.7904 7.75227}
	{Bone "body"}
	{Position 8.82132	-0.282983	-1.53741}
}
