;Exported by	: joomb
;Date			: 08.08.2023 15:31:28
;File			: H:\git\gem2-mdl-soldiers\models\building\house_D\D_004_cup2.max
{skeleton
	{bone "d004_piece18"
		{orientation
			1 	 0 	 0
			0 	 -1 	 0
			0 	 0 	 1
		}
		{poly "d004_piece18"}
		{bone "window1"
			{matrix34
				0 	 1 	 0
				-1 	 0 	 0
				0 	 0 	 1
				29.1073 	 11.325 	 -4.6702
			}
			{poly "window1"}
		}
		{bone "window1_x"
			{matrix34
				0 	 1 	 0
				-1 	 0 	 0
				0 	 0 	 1
				29.1073 	 11.325 	 -4.6702
			}
			{poly "window1_x"}
		}
		{bone "attach1"
			{matrix34
				0 	 1 	 0
				-1 	 0 	 0
				0 	 0 	 1
				29.9289 	 -3.1253 	 -33.8385
			}
		}
		{bone "fort_window"
			{matrix34
				0 	 -1 	 0
				1 	 0 	 0
				0 	 0 	 1
				29.929 	 17.7452 	 -4.1066
			}
		}
		{bone "fort_wall"
			{Position -23.7206 	 20.7263 	 -26.9554}
		}
		{bone revolute "attach2"
			{matrix34
				0 	 1 	 0
				-1 	 0 	 0
				0 	 0 	 1
				12.6314 	 -1.5317 	 -34.0026
			}
		}
	}
}
{"volumes"
	{"body01"
		{box 64.0945 5.90551 33.2087}
		{bone "d004_piece18"}
		{Position 12.411 	 12.0947 	 -32.4198}
	}
	{"body02"
		{box 42.7254 5.90551 20.0647}
		{bone "d004_piece18"}
		{Position 1.5638 	 12.0947 	 -5.8985}
	}
	{"body03"
		{polyhedron}
		{bone "d004_piece18"}
		{Position 12.411 	 12.0947 	 2.1953}
	}
	{"body04"
		{polyhedron}
		{bone "d004_piece18"}
		{Position -29.2362 	 12.0947 	 12.469}
	}
	{"body05"
		{box 1.9685 1.9685 44.1675}
		{bone "d004_piece18"}
		{Position -6.7766 	 29.8479 	 -5.7983}
	}
	{"hole1"
		{box 14.1147 11.811 17.156}
		{bone "d004_piece18"}
		{Position 29.9289 	 11.9441 	 -6.9731}
	}
	{"roof1"
		{box 43.1813 0.984252 38.3705}
		{bone "d004_piece18"}
		{matrix34
			1 	 0 	 0
			0 	 -0.3584 	 -0.9336
			0 	 0.9336 	 -0.3584
			26.9468 	 0.5789 	 37.1565
		}
	}
	{"roof2"
		{box 20.9431 0.984252 20.3364}
		{bone "d004_piece18"}
		{matrix34
			1 	 0 	 0
			0 	 -0.3584 	 -0.9336
			0 	 0.9336 	 -0.3584
			-3.829 	 8.8951 	 33.9642
		}
	}
	{"roof3"
		{polyhedron}
		{bone "d004_piece18"}
		{matrix34
			1 	 0 	 0
			0 	 -0.3584 	 -0.9336
			0 	 0.9336 	 -0.3584
			-35.164 	 -13.9059 	 42.7167
		}
	}
	{"roof4"
		{box 20.9431 0.984252 29.6911}
		{bone "d004_piece18"}
		{matrix34
			0 	 -1 	 0
			-0.3584 	 0 	 -0.9336
			0.9336 	 0 	 -0.3584
			-15.4239 	 24.2581 	 21.9074
		}
	}
	{"roof5"
		{box 20.9431 0.984252 17.2208}
		{bone "d004_piece18"}
		{matrix34
			0 	 1 	 0
			0.3584 	 0 	 -0.9336
			-0.9336 	 0 	 -0.3584
			-37.322 	 24.2581 	 24.1418
		}
	}
	{"window1"
		{box 14.1147 1.9685 17.156}
		{bone "window1"}
		{matrix34
			0 	 -1 	 0
			1 	 0 	 0
			0 	 0 	 1
			0.8938 	 -0.8217 	 -2.303
		}
	}
}
