;Exported by:	 Evhen
;Date:			 31.03.2020 11:37:31
;File:			 D:\gem2-mdl-soldiers\models\entourage\bracket_post_01\bracket_post_01.max
{skeleton
	{bone "bracket_post_03"
		{orientation
			1 	 0 	 0
			0 	 -1 	 0
			0 	 0 	 1
		}
		{bone "power_box_006"
			{Position -5.7193 	 8.4974 	 23.0796}
			{poly "power_box_006"}
		}
		{bone "concrete002"
			{parameters "land;ground;"}
			{Position 0 	 0 	 0.8547}
			{poly "concrete002" {ground}}
		}
		{bone "tower005"
			{matrix34
				0 	 0 	 -1
				0 	 -1 	 0
				-1 	 0 	 0
				-0.0333 	 0.0379 	 56.6874
			}
			{poly "tower005"}
		}
		{bone "tower006"
			{matrix34
				-0.6428 	 -0.766 	 0
				0 	 0 	 -1
				0.766 	 -0.6428 	 0
				-0.0039 	 0.0379 	 115.692
			}
			{poly "tower006"}
		}
		{bone "isolator"
			{matrix34
				0 	 -1 	 0
				1 	 0 	 0
				0 	 0 	 1
				-0.1868 	 5.7319 	 104.267
			}
			{poly "isolator"}
		}
	}
}
{area "obstacle02"
	{obb2
		{center 0 0}
		{extent 13.3366 13.3366}
		{axis -1 0}
	}
	{rotate}
}
{volume "box01"
	{box 6.13929 3.61516 8.84091}
	{bone "power_box_006"}
	{Position 0 	 0.1555 	 -1.4497}
}
{volume "concrete01"
	{box 22.611 22.6927 6.2731}
	{bone "concrete002"}
	{Position -0.018 	 0 	 0.7802}
}
{volume "tower01"
	{box 1.5748 1.57801 104.331}
	{bone "tower005"}
	{matrix34
		0 	 0 	 -1
		0 	 -1 	 0
		-1 	 0 	 0
		-0.2087 	 -5.7291 	 -5.7738
	}
}
{volume "tower02"
	{box 1.5748 1.57801 104.331}
	{bone "tower005"}
	{matrix34
		0 	 0 	 -1
		0 	 -1 	 0
		-1 	 0 	 0
		-0.2087 	 -5.8429 	 5.713
	}
}
{volume "tower03"
	{box 1.5748 1.57801 104.331}
	{bone "tower005"}
	{matrix34
		0 	 0 	 -1
		0 	 -1 	 0
		-1 	 0 	 0
		-0.2087 	 5.5777 	 5.713
	}
}
{volume "tower04"
	{box 1.5748 1.57801 104.331}
	{bone "tower005"}
	{matrix34
		0 	 0 	 -1
		0 	 -1 	 0
		-1 	 0 	 0
		-0.2087 	 5.6915 	 -5.7738
	}
}
{volume "tower05"
	{box 1.5748 1.57801 97.4409}
	{bone "tower006"}
	{matrix34
		0 	 1 	 0
		-0.766 	 0 	 -0.6428
		-0.6428 	 0 	 0.766
		-4.4054 	 5.6785 	 -3.6627
	}
}
{volume "tower06"
	{box 1.5748 1.57801 97.4409}
	{bone "tower006"}
	{matrix34
		0 	 1 	 0
		-0.766 	 0 	 -0.6428
		-0.6428 	 0 	 0.766
		4.3433 	 5.6785 	 3.6783
	}
}
{volume "tower07"
	{box 1.5748 1.57801 97.4409}
	{bone "tower006"}
	{matrix34
		0 	 1 	 0
		-0.766 	 0 	 -0.6428
		-0.6428 	 0 	 0.766
		-4.4926 	 -5.8083 	 -3.7359
	}
}
{volume "tower08"
	{box 1.5748 1.57801 97.4409}
	{bone "tower006"}
	{matrix34
		0 	 1 	 0
		-0.766 	 0 	 -0.6428
		-0.6428 	 0 	 0.766
		4.2561 	 -5.8083 	 3.6051
	}
}
