;Exported by:	 Oleksandr Tsaprylov
;Date:			 19.07.2022 21:43:03
;File:			 E:\projects\gem2-mdl-soldiers\models\entourage\bridge_wood\bridge_wood_01.max
{skeleton
	{bone "bridge_wood_02_piece_001_x"
		{orientation
			1 	 0 	 0
			0 	 -1 	 0
			0 	 0 	 1
		}
		{bone "piece01"
			{matrix34
				-0.9658 	 -0.257 	 -0.0353
				0.2357 	 -0.9262 	 0.2943
				-0.1084 	 0.2759 	 0.955
				-0.0792 	 -4.0197 	 15.1863
			}
			{poly "piece01"}
		}
		{bone "piece02"
			{matrix34
				0.9824 	 -0.1819 	 0.0418
				0.1335 	 0.5285 	 -0.8384
				0.1304 	 0.8292 	 0.5435
				0.0056 	 -13.4505 	 14.3444
			}
			{poly "piece02"}
		}
		{bone "piece03"
			{matrix34
				0.8773 	 -0.4758 	 -0.0624
				0.4729 	 0.835 	 0.2814
				-0.0818 	 -0.2764 	 0.9576
				-7.5474 	 33.6534 	 9.4892
			}
			{poly "piece03"}
		}
		{bone "piece04"
			{matrix34
				0.8773 	 -0.4758 	 -0.0624
				0.0847 	 0.2815 	 -0.9558
				0.4724 	 0.8333 	 0.2873
				5.9388 	 22.3245 	 17.8903
			}
			{poly "piece04"}
		}
		{bone "piece05"
			{matrix34
				0.6038 	 -0.7084 	 -0.3655
				0.7963 	 0.5572 	 0.2355
				0.0368 	 -0.4332 	 0.9006
				0.0056 	 -35.3325 	 16.8647
			}
			{poly "piece05"}
		}
	}
}
{volume "piece01"
	{box 4.33737 4.26963 20.092}
	{bone "piece01"}
	{matrix34
		-0.9658 	 0.2357 	 -0.1084
		-0.257 	 -0.9262 	 0.2759
		-0.0353 	 0.2943 	 0.955
		-1.1104 	 -5.8021 	 -2.7228
	}
}
{volume "piece02"
	{box 1.87913 1.78195 20.3081}
	{bone "piece02"}
	{matrix34
		0.9824 	 0.1335 	 0.1304
		-0.0326 	 -0.5651 	 0.8243
		0.1837 	 -0.8141 	 -0.5509
		0.4455 	 2.3463 	 -5.7597
	}
}
{volume "piece03"
	{box 1.87913 1.78195 13.4491}
	{bone "piece03"}
	{matrix34
		0.8773 	 0.4729 	 -0.0818
		-0.4758 	 0.835 	 -0.2764
		-0.0624 	 0.2814 	 0.9576
		6.2225 	 4.3553 	 -0.4185
	}
}
{volume "piece04"
	{box 2.23617 2.0136 19.7701}
	{bone "piece04"}
	{matrix34
		0.8773 	 0.0847 	 0.4724
		0.0672 	 0.9529 	 -0.2957
		-0.4752 	 0.2912 	 0.8303
		-3.7898 	 -1.3482 	 -5.2799
	}
}
{volume "piece05"
	{box 1.87913 1.78195 13.4491}
	{bone "piece05"}
	{matrix34
		0.6038 	 0.7963 	 0.0368
		-0.7084 	 0.5572 	 -0.4332
		-0.3655 	 0.2355 	 0.9006
		1.2142 	 -0.5851 	 -7.251
	}
}
