;Exported by:	 tolokolnikova
;Date:			 13.12.2017 19:51:20
;File:			 D:\gem2\gem2-mdl-soldiers\models\building\building_ua01\building_ua01_2v_x.max
{skeleton
	{bone "b_ua_01_piece10_point"
		{orientation
			1 	 0 	 0
			0 	 -1 	 0
			0 	 0 	 1
		}
		{bone "sub_piece03"
			{matrix34
				-1 	 0 	 0
				0 	 0.766 	 0.6428
				0 	 -0.6428 	 0.766
				1.3897 	 43.6073 	 -10.0353
			}
			{poly "sub_piece03"}
		}
		{bone "sub_piece01"
			{matrix34
				0.8458 	 -0.5308 	 -0.0548
				0.3944 	 0.5527 	 0.7342
				-0.3593 	 -0.6425 	 0.6768
				19.0368 	 33.5806 	 -8.7757
			}
			{poly "sub_piece01"}
		}
		{bone "sub_piece02"
			{matrix34
				1 	 0 	 0
				0 	 0.766 	 -0.6428
				0 	 0.6428 	 0.766
				0.1272 	 -43.1047 	 -9.8736
			}
			{poly "sub_piece02"}
		}
		{bone "sub_piece04"
			{matrix34
				-1 	 0 	 0
				0 	 0.766 	 0.6428
				0 	 -0.6428 	 0.766
				-32.9888 	 54.516 	 -23.0775
			}
			{poly "sub_piece04"}
		}
		{bone "sub_piece05"
			{matrix34
				0 	 1 	 0
				0.766 	 0 	 0.6428
				-0.6428 	 0 	 0.766
				24.9962 	 -2.773 	 -15.589
			}
			{poly "sub_piece05"}
		}
		{bone "sub_piece06"
			{matrix34
				1 	 0 	 0
				0 	 -0.766 	 0.6428
				0 	 0.6428 	 0.766
				-35.0174 	 -48.3615 	 -12.4841
			}
			{poly "sub_piece06"}
		}
	}
}
{volume "sub_piece01"
	{box 3.90245 3.93701 42.9236}
	{bone "sub_piece01"}
	{matrix34
		0.9997 	 -0.0161 	 -0.0184
		-0.0157 	 -0.9996 	 0.0251
		-0.0188 	 -0.0248 	 -0.9995
		0.0343 	 0.247 	 2.8716
	}
}
{volume "sub_piece02"
	{box 3.93701 3.93701 37.7727}
	{bone "sub_piece02"}
	{Position 0.0542 	 0.146 	 1.0437}
}
{volume "sub_piece03"
	{box 8.30309 3.93701 42.9236}
	{bone "sub_piece03"}
	{matrix34
		1 	 0 	 0
		0 	 -1 	 0
		0 	 0 	 1
		1.3042 	 0.0026 	 1.9038
	}
}
{volume "sub_piece04"
	{box 8.30309 3.93701 29.188}
	{bone "sub_piece04"}
	{matrix34
		1 	 0 	 0
		0 	 -1 	 0
		0 	 0 	 1
		-0.7551 	 0.4406 	 0.8269
	}
}
{volume "sub_piece05"
	{box 8.30309 3.93701 38.6312}
	{bone "sub_piece05"}
	{matrix34
		1 	 0 	 0
		0 	 -1 	 0
		0 	 0 	 1
		0.6751 	 0.2386 	 1.1748
	}
}
{volume "sub_piece06"
	{box 8.30309 3.93701 42.9236}
	{bone "sub_piece06"}
	{matrix34
		1 	 0 	 0
		0 	 -1 	 0
		0 	 0 	 1
		1.0053 	 0.6911 	 -0.7761
	}
}
