;Exported by	: Inna
;Date			: 25.10.2023 11:52:01
;File			: F:\GIT\gem2-mdl-soldiers\models\entourage\plough\plough_1.max
{skeleton
	{bone "plough01"
		{orientation
			1 	 0 	 0
			0 	 -1 	 0
			0 	 0 	 1
		}
		{bone "body"
			{matrix34
				-0.9511 	 0 	 0.309
				0 	 -1 	 0
				0.309 	 0 	 0.9511
				20.7873 	 0.8324 	 9.7536
			}
			{poly "body"}
		}
	}
}
{obstacle "obstacle01"
	{obb2
		{center 21.2584 -0.726653}
		{extent 10.9278 30.253}
		{axis 1 -3.27265e-07}
	}
	{rotate}
}
{obstacle "obstacle02"
	{obb2
		{center -18.9728 -1.50985}
		{extent 29.4615 21.2232}
		{axis 1 -3.27748e-07}
	}
	{rotate}
}
{"volumes"
	{"body01"
		{box 19.3863 1.26297 1.51798}
		{bone "body"}
		{matrix34
			-0.4104 	 0.9021 	 0.1333
			-0.858 	 -0.4315 	 0.2788
			0.309 	 0 	 0.9511
			20.9169 	 -8.9908 	 -6.7623
		}
	}
	{"body02"
		{box 67.0411 1.26297 1.51798}
		{bone "body"}
		{matrix34
			-0.9511 	 0 	 0.309
			0 	 -1 	 0
			0.309 	 0 	 0.9511
			32.4201 	 -0.1283 	 -10.4999
		}
	}
	{"body03"
		{box 67.0411 1.26297 1.51798}
		{bone "body"}
		{matrix34
			-0.9511 	 0 	 0.309
			0 	 -1 	 0
			0.309 	 0 	 0.9511
			32.4201 	 17.5901 	 -10.4999
		}
	}
	{"body04"
		{cylinder 1.14574 55.7264}
		{bone "body"}
		{matrix34
			-0.9511 	 0 	 0.309
			-0.309 	 0 	 -0.9511
			0 	 -1 	 0
			-0.1329 	 0.0217 	 0.0346
		}
	}
	{"body05"
		{box 31.3778 1.74016 1.4007}
		{bone "body"}
		{matrix34
			-0.6986 	 -0.7155 	 -0.0046
			0.7154 	 -0.6986 	 0.0047
			-0.0065 	 0 	 1
			-12.3362 	 12.9936 	 -0.1909
		}
	}
	{"body06"
		{box 67.0411 1.26297 1.51798}
		{bone "body"}
		{matrix34
			-0.9511 	 0 	 0.309
			0 	 -1 	 0
			0.309 	 0 	 0.9511
			32.4201 	 -17.792 	 -10.4999
		}
	}
	{"body07"
		{box 19.3863 1.26297 1.51798}
		{bone "body"}
		{matrix34
			-0.4104 	 0.9021 	 0.1333
			-0.858 	 -0.4315 	 0.2788
			0.309 	 0 	 0.9511
			45.8508 	 8.7444 	 -14.8638
		}
	}
	{"body08"
		{box 19.3863 1.26297 1.51798}
		{bone "body"}
		{matrix34
			-0.4104 	 0.9021 	 0.1333
			-0.858 	 -0.4315 	 0.2788
			0.309 	 0 	 0.9511
			29.5871 	 8.7444 	 -9.5794
		}
	}
	{"body09"
		{box 31.3778 1.74016 1.3867}
		{bone "body"}
		{matrix34
			-0.7005 	 0.7136 	 -0.0046
			-0.7136 	 -0.7005 	 -0.0047
			-0.0065 	 0 	 1
			-12.1231 	 -12.9267 	 -0.2671
		}
	}
	{"body10"
		{polyhedron}
		{bone "body"}
		{matrix34
			1 	 0 	 0.0065
			0 	 1 	 0
			-0.0065 	 0 	 1
			-25.1021 	 0.1123 	 -0.8547
		}
	}
	{"body11"
		{box 19.3863 1.26297 1.51798}
		{bone "body"}
		{matrix34
			-0.3974 	 0.9085 	 0.1291
			-0.864 	 -0.4179 	 0.2807
			0.309 	 0 	 0.9511
			37.2802 	 -8.8662 	 -12.079
		}
	}
	{"body12"
		{box 47.9623 4.40125 8.23813}
		{bone "body"}
		{matrix34
			-0.9511 	 0 	 0.309
			0 	 -1 	 0
			0.309 	 0 	 0.9511
			31.0068 	 -18.347 	 -15.9992
		}
	}
	{"body13"
		{box 47.9623 4.40125 8.23813}
		{bone "body"}
		{matrix34
			-0.9511 	 0 	 0.309
			0 	 -1 	 0
			0.309 	 0 	 0.9511
			31.0069 	 16.8974 	 -15.9992
		}
	}
	{"body14"
		{box 47.9623 4.40125 8.23813}
		{bone "body"}
		{matrix34
			-0.9511 	 0 	 0.309
			0 	 -1 	 0
			0.309 	 0 	 0.9511
			23.269 	 -0.4961 	 -13.485
		}
	}
	{"body15"
		{cylinder 2.84876 1.53805}
		{bone "body"}
		{matrix34
			-0.9511 	 0 	 0.309
			-0.309 	 0 	 -0.9511
			0 	 -1 	 0
			-0.052 	 -28.7593 	 0.0083
		}
	}
	{"body16"
		{cylinder 2.74701 1.53805}
		{bone "body"}
		{matrix34
			-0.9511 	 0 	 0.309
			-0.309 	 0 	 -0.9511
			0 	 -1 	 0
			-0.0537 	 28.7405 	 0.0088
		}
	}
	{"body17"
		{cylinder 2.49785 1.57428}
		{bone "body"}
		{matrix34
			-0.9511 	 0 	 0.309
			-0.309 	 0 	 -0.9511
			0 	 -1 	 0
			58.0178 	 18.1399 	 -26.4727
		}
	}
	{"body18"
		{cylinder 2.49785 1.57428}
		{bone "body"}
		{matrix34
			-0.9511 	 0 	 0.309
			-0.309 	 0 	 -0.9511
			0 	 -1 	 0
			58.0179 	 0.6514 	 -26.4727
		}
	}
	{"body19"
		{cylinder 2.49785 1.57428}
		{bone "body"}
		{matrix34
			-0.9511 	 0 	 0.309
			-0.309 	 0 	 -0.9511
			0 	 -1 	 0
			58.0178 	 -17.2277 	 -26.4727
		}
	}
}
