;Exported by	: joomb
;Date			: 18.05.2023 17:10:37
;File			: H:\git\gem2-mdl-soldiers\models\building\house_D\D_004_cup2.max
{skeleton
	{bone "d004_piece24"
		{orientation
			1 	 0 	 0
			0 	 -1 	 0
			0 	 0 	 1
		}
		{poly "d004_piece24"}
	}
}
{"volumes"
	{"body01"
		{polyhedron}
		{bone "d004_piece24"}
		{matrix34
			0 	 1 	 0
			-1 	 0 	 0
			0 	 0 	 1
			-2.4109 	 24.8745 	 6.0812
		}
	}
	{"body02"
		{box 11.0817 4.45949 84.7317}
		{bone "d004_piece24"}
		{matrix34
			0 	 1 	 0
			-1 	 0 	 0
			0 	 0 	 1
			-2.4109 	 8.227 	 -2.614
		}
	}
	{"body03"
		{box 34.6562 4.45949 86.3304}
		{bone "d004_piece24"}
		{Position 13.0711 	 0.9406 	 -1.8147}
	}
	{"roof1"
		{polyhedron}
		{bone "d004_piece24"}
		{matrix34
			1 	 0 	 0
			0 	 -0.3584 	 -0.9336
			0 	 0.9336 	 -0.3584
			0.4163 	 3.9135 	 43.9001
		}
	}
	{"roof2"
		{box 33.6419 0.984252 13.7917}
		{bone "d004_piece24"}
		{matrix34
			1 	 0 	 0
			0 	 -0.3584 	 -0.9336
			0 	 0.9336 	 -0.3584
			0.872 	 29.751 	 33.9819
		}
	}
	{"roof3"
		{box 38.3755 0.984252 23.3451}
		{bone "d004_piece24"}
		{matrix34
			-1 	 0 	 0
			0 	 0.342 	 -0.9397
			0 	 -0.9397 	 -0.342
			0.3144 	 -8.9698 	 39.5387
		}
	}
}
