;Exported by	: KobaA
;Date			: 02.05.2024 11:00:08
;File			: d:\git\gem2-mdl-soldiers\models\entourage\bench\bench[max2012]_edits.max
{skeleton
	{bone "bench_wood_1_basis"
		{orientation
			1 	 0 	 0
			0 	 -1 	 0
			0 	 0 	 1
		}
		{bone "bench_wood"
			{Position -0.0016 	 -0.0045 	 0}
			{poly "bench_wood"}
		}
	}
}
{obstacle "obstacle01"
	{obb2
		{center -0.0335121 0.36693}
		{extent 20.6189 9.16395}
		{axis -1 0}
	}
	{rotate}
}
{"volumes"
	{"body1"
		{box 39.8425 5.19077 2.69196}
		{bone "bench_wood_1_basis"}
		{Position -0.0016 	 -0.7897 	 7.2974}
	}
	{"body2"
		{box 39.8425 5.19077 2.69196}
		{bone "bench_wood_1_basis"}
		{matrix34
			1 	 0 	 0
			0 	 0.9397 	 -0.342
			0 	 0.342 	 0.9397
			-0.0016 	 -5.2244 	 7.9692
		}
	}
	{"body3"
		{box 39.8425 9.63472 2.20741}
		{bone "bench_wood_1_basis"}
		{matrix34
			1 	 0 	 0
			0 	 0.5 	 0.866
			0 	 -0.866 	 0.5
			-0.0016 	 4.6734 	 11.9477
		}
	}
	{"body4"
		{box 0.916671 2.99213 8.4716}
		{bone "bench_wood_1_basis"}
		{matrix34
			1 	 0 	 0
			0 	 0.9962 	 0.0872
			0 	 -0.0872 	 0.9962
			-19.5364 	 -6.5684 	 4.2242
		}
	}
	{"body5"
		{box 0.916671 2.99213 8.4716}
		{bone "bench_wood_1_basis"}
		{matrix34
			1 	 0 	 0
			0 	 0.9962 	 0.0872
			0 	 -0.0872 	 0.9962
			19.5602 	 -6.5684 	 4.2242
		}
	}
	{"body6"
		{box 0.916671 2.0125 8.4716}
		{bone "bench_wood_1_basis"}
		{matrix34
			1 	 0 	 0
			0 	 0.9848 	 0.1736
			0 	 -0.1736 	 0.9848
			-19.5364 	 3.2574 	 4.176
		}
	}
	{"body7"
		{box 0.916671 2.0125 8.4716}
		{bone "bench_wood_1_basis"}
		{matrix34
			1 	 0 	 0
			0 	 0.9848 	 0.1736
			0 	 -0.1736 	 0.9848
			19.5625 	 3.2574 	 4.176
		}
	}
}
