;Exported by	: KobaA
;Date			: 12.03.2024 10:10:28
;File			: d:\git\gem2-mdl-soldiers\models\entourage\railway\trainstation\station001_x.max
{skeleton
	{bone "station001_piece_031_x"
		{orientation
			1 	 0 	 0
			0 	 -1 	 0
			0 	 0 	 1
		}
		{bone "sub_piece01"
			{matrix34
				0 	 0.866 	 -0.5
				-1 	 0 	 0
				0 	 0.5 	 0.866
				-29.8573 	 15.7466 	 4.8712
			}
			{poly "sub_piece01"}
		}
		{bone "sub_piece02"
			{matrix34
				0 	 0.866 	 -0.5
				-1 	 0 	 0
				0 	 0.5 	 0.866
				57.5956 	 15.7466 	 4.8712
			}
			{poly "sub_piece02"}
		}
		{bone "sub_piece03"
			{matrix34
				0 	 -0.866 	 -0.5
				1 	 0 	 0
				0 	 -0.5 	 0.866
				-29.8573 	 -22.0625 	 4.8712
			}
			{poly "sub_piece03"}
		}
		{bone "sub_piece04"
			{matrix34
				0 	 -0.866 	 -0.5
				1 	 0 	 0
				0 	 -0.5 	 0.866
				31.2238 	 -22.0625 	 4.8712
			}
			{poly "sub_piece04"}
		}
		{bone "sub_piece05"
			{matrix34
				-1 	 0 	 0
				0 	 -1 	 0
				0 	 0 	 1
				-25.7851 	 -3.1425 	 16.1757
			}
			{poly "sub_piece05"}
		}
		{bone "piece06"
			{matrix34
				0 	 1 	 0
				1 	 0 	 0
				0 	 0 	 -1
				0 	 0 	 0
			}
			{poly "piece06"}
		}
		{bone "piece05"
			{matrix34
				0 	 1 	 0
				1 	 0 	 0
				0 	 0 	 -1
				-56.1461 	 -3.1425 	 -10.7923
			}
			{poly "piece05"}
		}
		{bone "piece01"
			{Position -58.7469 	 -44.7572 	 -5.9884}
			{poly "piece01"}
		}
		{bone "piece02"
			{matrix34
				1 	 0 	 0
				0 	 0.866 	 0.5
				0 	 -0.5 	 0.866
				10.8469 	 -18.4498 	 9.2485
			}
			{poly "piece02"}
		}
		{bone "piece04"
			{matrix34
				-1 	 0 	 0
				0 	 -0.866 	 0.5
				0 	 0.5 	 0.866
				67.1497 	 31.7153 	 -2.1299
			}
			{poly "piece04"}
		}
		{bone "piece03"
			{matrix34
				-1 	 0 	 0
				0 	 -0.866 	 0.5
				0 	 0.5 	 0.866
				0.8444 	 39.045 	 -6.4438
			}
			{poly "piece03"}
		}
	}
}
{"volumes"
	{"piece01"
		{box 19.9968 25.5677 0.904777}
		{bone "piece01"}
		{matrix34
			1 	 0 	 0
			0 	 0.866 	 0.5
			0 	 -0.5 	 0.866
			-0.0029 	 0.3506 	 0.2199
		}
	}
	{"piece02"
		{box 19.8357 25.5677 0.904777}
		{bone "piece02"}
		{matrix34
			1 	 0 	 0
			0 	 1 	 0.0052
			0 	 -0.0052 	 1
			0.0326 	 0.2941 	 0.1517
		}
	}
	{"piece03"
		{box 19.8883 25.5677 0.904777}
		{bone "piece03"}
		{matrix34
			1 	 0 	 0
			0 	 1 	 0.0052
			0 	 -0.0052 	 1
			-0.0112 	 1.7293 	 0.0348
		}
	}
	{"piece04"
		{box 19.8158 25.5677 0.904777}
		{bone "piece04"}
		{matrix34
			1 	 0 	 0
			0 	 1 	 0.0052
			0 	 -0.0052 	 1
			0.0017 	 -1.2083 	 -0.0071
		}
	}
	{"piece05"
		{box 2.95275 2.95276 15.4294}
		{bone "piece05"}
		{matrix34
			0 	 1 	 0
			1 	 0 	 0
			0 	 0 	 -1
			0 	 0 	 -0.4744
		}
	}
	{"piece06"
		{box 2.95275 2.95276 22.6813}
		{bone "piece06"}
		{matrix34
			0 	 1 	 0
			1 	 0 	 0
			0 	 0 	 -1
			-3.1425 	 57.5066 	 13.4918
		}
	}
	{"sub_piece01"
		{box 31.2127 0.984261 2.95276}
		{bone "sub_piece01"}
		{Position 0.3157 	 0 	 0}
	}
	{"sub_piece02"
		{box 31.2127 0.984261 2.95276}
		{bone "sub_piece02"}
		{Position 0.3157 	 0 	 0}
	}
	{"sub_piece03"
		{box 31.2127 0.984261 2.95276}
		{bone "sub_piece03"}
		{Position 0.3157 	 0 	 0}
	}
	{"sub_piece04"
		{box 31.2127 0.984261 2.95276}
		{bone "sub_piece04"}
		{Position 0.3157 	 0 	 0}
	}
	{"sub_piece05"
		{box 31.2127 0.984261 2.95276}
		{bone "sub_piece05"}
		{Position 0.3157 	 0 	 0}
	}
}
