;Exported by	: KobaA
;Date			: 11.04.2024 16:37:55
;File			: d:\git\gem2-mdl-soldiers\models\entourage\wooden_box\crate_compose.max
{skeleton
	{bone "crate_x"
		{orientation
			1 	 0 	 0
			0 	 -1 	 0
			0 	 0 	 1
		}
		{bone "piece01"
			{matrix34
				0 	 1 	 0
				-1 	 0 	 0
				0 	 0 	 1
				-26.1396 	 -17.152 	 11.3527
			}
			{poly "piece01"}
		}
		{bone "piece02"
			{matrix34
				0 	 1 	 0
				-1 	 0 	 0
				0 	 0 	 1
				-26.304 	 -25.1177 	 5.7213
			}
			{poly "piece02"}
		}
		{bone "piece04"
			{matrix34
				0 	 1 	 0
				-1 	 0 	 0
				0 	 0 	 1
				-31.2236 	 -17.4996 	 5.824
			}
			{poly "piece04"}
		}
		{bone "piece05"
			{matrix34
				0 	 1 	 0
				-1 	 0 	 0
				0 	 0 	 1
				-7.9311 	 1.4183 	 5.8477
			}
			{poly "piece05"}
		}
		{bone "piece06"
			{matrix34
				0 	 1 	 0
				-1 	 0 	 0
				0 	 0 	 1
				15.1646 	 13.405 	 21.3242
			}
			{poly "piece06"}
		}
		{bone "piece07"
			{matrix34
				0 	 1 	 0
				-1 	 0 	 0
				0 	 0 	 1
				15.1819 	 -16.1794 	 21.3857
			}
			{poly "piece07"}
		}
		{bone "piece08"
			{matrix34
				0 	 1 	 0
				-1 	 0 	 0
				0 	 0 	 1
				25.9833 	 -7.4343 	 12.7607
			}
			{poly "piece08"}
		}
		{bone "piece09"
			{matrix34
				0 	 1 	 0
				-1 	 0 	 0
				0 	 0 	 1
				-25.7704 	 -6.2669 	 5.4642
			}
			{poly "piece09"}
		}
		{bone "piece10"
			{matrix34
				0 	 1 	 0
				-1 	 0 	 0
				0 	 0 	 1
				-7.9311 	 -25.6765 	 5.8477
			}
			{poly "piece10"}
		}
		{bone "piece11"
			{matrix34
				0 	 1 	 0
				-1 	 0 	 0
				0 	 0 	 1
				-19.0639 	 -4.5174 	 22.8808
			}
			{poly "piece11"}
		}
		{bone "piece12"
			{matrix34
				0 	 1 	 0
				-1 	 0 	 0
				0 	 0 	 1
				-22.9927 	 2.343 	 17.2495
			}
			{poly "piece12"}
		}
		{bone "piece13"
			{matrix34
				0 	 1 	 0
				-1 	 0 	 0
				0 	 0 	 1
				-11.881 	 -18.3204 	 22.521
			}
			{poly "piece13"}
		}
		{bone "piece14"
			{matrix34
				0 	 1 	 0
				-1 	 0 	 0
				0 	 0 	 1
				-6.4317 	 -15.8677 	 22.5636
			}
			{poly "piece14"}
		}
		{bone "piece15"
			{matrix34
				0 	 1 	 0
				-1 	 0 	 0
				0 	 0 	 1
				-14.9066 	 -1.5616 	 17.3522
			}
			{poly "piece15"}
		}
		{bone "piece03"
			{matrix34
				0 	 1 	 0
				-1 	 0 	 0
				0 	 0 	 1
				-7.5739 	 8.4384 	 10.139
			}
			{poly "piece03"}
		}
		{bone "sub_piece01"
			{matrix34
				0 	 1 	 0
				-1 	 0 	 0
				0 	 0 	 1
				-8.3997 	 12.8195 	 5.9565
			}
			{poly "sub_piece01"}
		}
		{bone "sub_piece03"
			{matrix34
				0 	 1 	 0
				-1 	 0 	 0
				0 	 0 	 1
				-8.3997 	 -14.2753 	 5.9565
			}
			{poly "sub_piece03"}
		}
		{bone "sub_piece02"
			{matrix34
				0 	 1 	 0
				-1 	 0 	 0
				0 	 0 	 1
				-7.5739 	 -4.8963 	 10.139
			}
			{poly "sub_piece02"}
		}
	}
}
{"volumes"
	{"piece01"
		{box 16.3802 5.9781 0.859848}
		{bone "piece01"}
		{matrix34
			0.1014 	 -0.9948 	 0
			0.9948 	 0.1014 	 0
			0 	 0 	 1
			-0.0353 	 0.1584 	 0.0443
		}
	}
	{"piece02"
		{box 12.8739 0.588216 11.3457}
		{bone "piece02"}
		{matrix34
			0.0462 	 -0.9989 	 -0.0021
			0.9979 	 0.0462 	 -0.046
			0.0461 	 0 	 0.9989
			0.2362 	 0.024 	 -0.1464
		}
	}
	{"piece03"
		{box 8.66544 2.96852 0.451844}
		{bone "piece03"}
		{matrix34
			-0.0242 	 0.9978 	 -0.0616
			-0.9976 	 -0.0281 	 -0.0632
			-0.0648 	 0.0599 	 0.9961
			0 	 0.0347 	 0.0496
		}
	}
	{"piece04"
		{box 11.3643 6.16673 0.618016}
		{bone "piece04"}
		{matrix34
			0.9613 	 0.1403 	 0.2372
			-0.2639 	 0.2209 	 0.9389
			0.0793 	 -0.9652 	 0.2494
			0.3384 	 -0.2754 	 -0.2228
		}
	}
	{"piece05"
		{box 11.0709 0.464159 2.39904}
		{bone "piece05"}
		{matrix34
			0.0231 	 -0.9994 	 -0.0269
			0.9997 	 0.023 	 0.0027
			-0.002 	 -0.027 	 0.9996
			-0.0113 	 0.1563 	 0.1029
		}
	}
	{"piece06"
		{box 23.1962 5.40836 1.25952}
		{bone "piece06"}
		{matrix34
			-0.0504 	 -0.9987 	 0
			0.9987 	 -0.0504 	 0
			0 	 0 	 1
			0.0013 	 -0.0169 	 0.0024
		}
	}
	{"piece07"
		{box 0.685231 15.3796 24.9821}
		{bone "piece07"}
		{matrix34
			-0.0077 	 0.0411 	 -0.9991
			-0.9961 	 0.0875 	 0.0113
			0.0879 	 0.9953 	 0.0403
			0.22 	 -0.9017 	 0.261
		}
	}
	{"piece08"
		{box 0.685231 14.6472 25.3024}
		{bone "piece08"}
		{matrix34
			-0.0804 	 -0.9354 	 0.3443
			0.9963 	 -0.0856 	 0
			0.0295 	 0.3431 	 0.9388
			0.1576 	 0.8106 	 -1.2163
		}
	}
	{"piece09"
		{box 11.5178 6.02082 0.765674}
		{bone "piece09"}
		{matrix34
			-0.036 	 -0.9784 	 -0.2038
			-0.2483 	 -0.1887 	 0.9501
			-0.968 	 0.0848 	 -0.2361
			0.0436 	 -0.2386 	 -0.1023
		}
	}
	{"piece10"
		{box 11.0709 0.464159 2.39904}
		{bone "piece10"}
		{matrix34
			0.0318 	 -0.9991 	 -0.0269
			0.9995 	 0.0317 	 0.0027
			-0.0018 	 -0.027 	 0.9996
			-0.1347 	 0.1563 	 0.1029
		}
	}
	{"piece11"
		{box 16.4061 5.76367 0.649079}
		{bone "piece11"}
		{matrix34
			0.6193 	 -0.7852 	 0
			0.7852 	 0.6193 	 0
			0 	 0 	 1
			-0.119 	 0.1111 	 0.1396
		}
	}
	{"piece12"
		{box 13.1099 0.752749 11.2446}
		{bone "piece12"}
		{matrix34
			0.5624 	 -0.8269 	 -0.0072
			0.8263 	 0.5616 	 0.0434
			-0.0319 	 -0.0304 	 0.999
			-0.2574 	 0.0519 	 -0.134
		}
	}
	{"piece13"
		{box 16.2017 5.80398 0.704001}
		{bone "piece13"}
		{matrix34
			0.9009 	 0.4331 	 0.0282
			-0.4332 	 0.9013 	 0
			-0.0254 	 -0.0122 	 0.9996
			-0.0084 	 -0.2176 	 -0.1484
		}
	}
	{"piece14"
		{box 15.9665 1.5039 0.376184}
		{bone "piece14"}
		{matrix34
			0.9146 	 0.4 	 0.0601
			-0.3963 	 0.9159 	 -0.0643
			-0.0808 	 0.035 	 0.9961
			0.0277 	 0.0097 	 0.1712
		}
	}
	{"piece15"
		{box 11.2134 6.16673 0.8864}
		{bone "piece15"}
		{matrix34
			0.718 	 0.6547 	 -0.2362
			0.3185 	 -0.0074 	 0.9479
			0.6189 	 -0.7558 	 -0.2138
			-0.0325 	 0.2128 	 0.0427
		}
	}
	{"sub_piece01"
		{box 9.85314 0.464159 4.53381}
		{bone "sub_piece01"}
		{matrix34
			0.0119 	 0.9991 	 0.0401
			-0.9988 	 0.01 	 0.0488
			0.0484 	 -0.0406 	 0.998
			0.1082 	 -0.0204 	 -0.2668
		}
	}
	{"sub_piece02"
		{box 8.66544 2.96852 0.451844}
		{bone "sub_piece02"}
		{matrix34
			0.0456 	 0.9988 	 -0.0165
			-0.9988 	 0.0453 	 -0.0177
			-0.017 	 0.0173 	 0.9997
			-0.0001 	 0.0347 	 0.0496
		}
	}
	{"sub_piece03"
		{box 9.85314 0.464159 4.53381}
		{bone "sub_piece03"}
		{matrix34
			0.0178 	 0.999 	 0.0408
			-0.9996 	 0.0187 	 -0.0201
			-0.0208 	 -0.0404 	 0.999
			-0.0055 	 -0.0204 	 -0.0719
		}
	}
}
