;Exported by	: KobaA
;Date			: 20.11.2023 14:13:34
;File			: D:\git\gem2-mdl-soldiers\models\flora\snag_tree\snag_tree.max
{skeleton
	{bone "snag_tree_07_basis"
		{orientation
			1 	 0 	 0
			0 	 -1 	 0
			0 	 0 	 1
		}
		{bone "snag_tree_07"
			{matrix34
				-0.0407 	 0.9319 	 0.3605
				0.0746 	 0.3626 	 -0.9289
				-0.9964 	 -0.0109 	 -0.0843
				3.2379 	 5.709 	 6.333
			}
			{poly "snag_tree_07"}
		}
	}
}
{obstacle "obstacle1"
	{obb2
		{center -25.5341 -0.598267}
		{extent 14.9187 4.47031}
		{axis -0.97437 -0.224951}
	}
	{rotate}
}
{obstacle "obstacle2"
	{obb2
		{center 23.5334 -2.95013}
		{extent 17.8109 4.47031}
		{axis -0.965926 0.258819}
	}
	{rotate}
}
{"volumes"
	{"body01"
		{cylinder 4.82988 33.6741}
		{bone "snag_tree_07"}
		{matrix34
			0.8696 	 0.4174 	 -0.2638
			0.4078 	 -0.9083 	 -0.0929
			-0.2784 	 -0.0268 	 -0.9601
			-4.6606 	 -2.3516 	 26.0655
		}
	}
	{"body02"
		{cylinder 4.82988 54.6178}
		{bone "snag_tree_07"}
		{matrix34
			0.9025 	 0.3896 	 0.1834
			0.4073 	 -0.9107 	 -0.0695
			0.14 	 0.1374 	 -0.9806
			-5.2931 	 0.7994 	 -12.0345
		}
	}
}
