;Exported by: sergienko
;Date:        Sun Jul 10 15:56:22 2005
;File:        D:\tmp\balloon\Balloon_camera.max
{Skeleton
	{bone "balloon"
		{Orientation
			1	0	0
			0	-1	0
			0	0	1
		}
		{LODView
			{VolumeView "balloon.ply"}
			{VolumeView "balloon_lod1.ply"}
		}
		{bone "handle"
			{Matrix34
				-0.996053	-0.0887149	0.00300287
				-0.0885295	0.990359	-0.106545
				0.00647843	-0.10639	-0.994303
				13.2497	3.29596	0.111273
			}
		}
	}
}
{Volume "select"
	{Cylinder 5.22306 21.0361}
	{Bone "balloon"}
	{Matrix34
		0.00647836	-0.10639	-0.994303
		-0.0885295	0.990359	-0.106544
		0.996053	0.0887155	-0.00300274
		6.89428	2.82288	1.02176
	}
}
{Volume "body"
	{Cylinder 2.19125 8.9867}
	{Bone "balloon"}
	{Matrix34
		0.00647836	-0.10639	-0.994303
		-0.0885295	0.990359	-0.106544
		0.996053	0.0887155	-0.00300274
		6.89317	2.82279	1.02177
	}
}
{Extender "preview"
	{"Stuff"
		{camera
			{origin 8.117	-1.22323	11.5255}
			{lookat 4.84875	-3.20144	-11.6737}
			{fov 45}
			{horizon 143.375}
		}
		{lights
			{"0"
				{type directional}
				{direction -0.31699	0.11106	-0.370383}
			}
			{"1"
				{type directional}
				{direction -0.476596	0.0840451	-0.12567}
			}
			{"2"
				{type directional}
				{direction -0.456369	0.0874186	-0.184621}
			}
		}
	}
	{"Stuff_primary"
		{camera
			{origin 10.0519	0.147033	25.6952}
			{lookat 4.78671	-3.03985	-11.6788}
			{fov 45}
			{horizon -111.625}
		}
		{lights
			{"0"
				{type directional}
				{direction -0.31699	0.11106	-0.370383}
			}
			{"1"
				{type directional}
				{direction -0.476596	0.0840451	-0.12567}
			}
			{"2"
				{type directional}
				{direction -0.456369	0.0874186	-0.184621}
			}
		}
	}
	{"Stuff_secondary"
		{camera
			{origin 8.84879	-0.909706	17.5096}
			{lookat 4.74198	-3.39547	-11.6421}
			{fov 45}
			{horizon -111.625}
		}
		{lights
			{"0"
				{type directional}
				{direction -0.31699	0.11106	-0.370383}
			}
			{"1"
				{type directional}
				{direction -0.476596	0.0840451	-0.12567}
			}
			{"2"
				{type directional}
				{direction -0.456369	0.0874186	-0.184621}
			}
		}
	}
}
