;Exported by	: KobaA
;Date			: 11.03.2024 10:34:16
;File			: d:\git\gem2-mdl-soldiers\models\building\ger_build_01\barn_ger_01_cut_x.max
{skeleton
	{bone "barn_ger01_piece15_point"
		{orientation
			1 	 0 	 0
			0 	 -1 	 0
			0 	 0 	 1
		}
		{bone "barn_ger01_piece15"
			{orientation
				-1 	 0 	 0
				0 	 -1 	 0
				0 	 0 	 1
			}
			{poly "barn_ger01_piece15"}
		}
		{bone "sub_piece01"
			{matrix34
				0 	 1 	 0
				-0.866 	 0 	 0.5
				0.5 	 0 	 0.866
				-18.9031 	 25.8792 	 31.1964
			}
			{poly "sub_piece01"}
		}
		{bone "piece03"
			{matrix34
				0 	 1 	 0
				-0.866 	 0 	 0.5
				0.5 	 0 	 0.866
				-12.7684 	 -4.6563 	 33.8488
			}
			{poly "piece03"}
		}
		{bone "sub_piece02"
			{matrix34
				0 	 1 	 0
				-0.866 	 0 	 0.5
				0.5 	 0 	 0.866
				-22.7035 	 -29.3333 	 30.1656
			}
			{poly "sub_piece02"}
		}
		{bone "piece02"
			{matrix34
				0 	 1 	 0
				-0.866 	 0 	 0.5
				0.5 	 0 	 0.866
				15.4359 	 -8.8917 	 44.1478
			}
			{poly "piece02"}
		}
		{bone "piece04"
			{matrix34
				0 	 1 	 0
				-0.866 	 0 	 0.5
				0.5 	 0 	 0.866
				0.7252 	 -39.0472 	 39.0862
			}
			{poly "piece04"}
		}
		{bone "piece01"
			{matrix34
				0 	 1 	 0
				-0.866 	 0 	 0.5
				0.5 	 0 	 0.866
				7.4442 	 29.9045 	 41.412
			}
			{poly "piece01"}
		}
	}
}
{"volumes"
	{"body01"
		{box 4.50742 4.61354 30.0235}
		{bone "barn_ger01_piece15"}
		{Position 14.5869 	 -39.924 	 -14.3556}
	}
	{"body02"
		{box 4.50742 4.61354 39.8388}
		{bone "barn_ger01_piece15"}
		{Position 14.5869 	 48.2276 	 -9.448}
	}
	{"piece01"
		{box 38.9293 41.7692 1.35682}
		{bone "piece01"}
		{matrix34
			-1 	 -0.001 	 0
			0.0006 	 -0.6403 	 0.7681
			-0.0008 	 0.7681 	 0.6403
			0.1763 	 0.1077 	 -0.2493
		}
	}
	{"piece02"
		{box 37.9872 22.367 1.35682}
		{bone "piece02"}
		{matrix34
			-1 	 -0.001 	 0
			0.0006 	 -0.6403 	 0.7681
			-0.0008 	 0.7681 	 0.6403
			0.1043 	 -0.126 	 -0.0307
		}
	}
	{"piece03"
		{box 31.922 31.6092 1.35682}
		{bone "piece03"}
		{matrix34
			-1 	 -0.001 	 0
			0.0006 	 -0.6403 	 0.7681
			-0.0008 	 0.7681 	 0.6403
			-0.6293 	 -0.1198 	 -0.1349
		}
	}
	{"piece04"
		{box 35.4335 35.7184 1.35682}
		{bone "piece04"}
		{matrix34
			-1 	 -0.001 	 0
			0.0006 	 -0.6403 	 0.7681
			-0.0008 	 0.7681 	 0.6403
			-0.1207 	 -0.1409 	 0.0407
		}
	}
	{"sub_piece01"
		{box 27.2505 23.3908 1.35682}
		{bone "sub_piece01"}
		{matrix34
			-1 	 -0.001 	 0
			0.0006 	 -0.6403 	 0.7681
			-0.0008 	 0.7681 	 0.6403
			0.3969 	 0.3326 	 0.1461
		}
	}
	{"sub_piece02"
		{box 28.8243 15.3306 1.35682}
		{bone "sub_piece02"}
		{matrix34
			-1 	 -0.001 	 0
			0.0006 	 -0.6403 	 0.7681
			-0.0008 	 0.7681 	 0.6403
			-0.3079 	 0.0284 	 0.0039
		}
	}
}
