;Exported by	: KobaA
;Date			: 11.04.2024 16:38:10
;File			: d:\git\gem2-mdl-soldiers\models\entourage\wooden_box\crate_compose.max
{skeleton
	{bone "basis05_x"
		{orientation
			1 	 0 	 0
			0 	 -1 	 0
			0 	 0 	 1
		}
		{bone "piece04"
			{matrix34
				-0.1962 	 -0.9458 	 -0.2588
				-0.98 	 0.1803 	 0.0842
				-0.033 	 0.2702 	 -0.9623
				-5.4674 	 26.658 	 51.4954
			}
			{poly "piece04"}
		}
		{bone "piece03"
			{matrix34
				0 	 1 	 0
				-1 	 0 	 0
				0 	 0 	 1
				3.2007 	 16.5203 	 57.4302
			}
			{poly "piece03"}
		}
		{bone "piece02"
			{matrix34
				0.1909 	 0.9201 	 -0.342
				-0.9791 	 0.2031 	 0
				0.0695 	 0.3349 	 0.9397
				5.6432 	 0.4491 	 52.5852
			}
			{poly "piece02"}
		}
		{bone "piece01"
			{matrix34
				0.2031 	 0.9791 	 0
				-0.9791 	 0.2031 	 0
				0 	 0 	 1
				-18.1091 	 14.1192 	 56.911
			}
			{poly "piece01"}
		}
		{bone "piece15"
			{matrix34
				-0.2211 	 0.9753 	 0
				-0.9753 	 -0.2211 	 0
				0 	 0 	 1
				-9.75 	 -14.5393 	 35.6326
			}
			{poly "piece15"}
		}
		{bone "piece14"
			{matrix34
				-0.2211 	 0.9753 	 0
				-0.9753 	 -0.2211 	 0
				0 	 0 	 1
				5.9417 	 -10.9821 	 35.629
			}
			{poly "piece14"}
		}
		{bone "piece13"
			{matrix34
				-0.029 	 -0.9655 	 -0.2588
				-0.9964 	 0.0074 	 0.0842
				-0.0794 	 0.2603 	 -0.9623
				-7.3304 	 0.0137 	 21.7751
			}
			{poly "piece13"}
		}
		{bone "piece12"
			{matrix34
				-0.0026 	 -0.0871 	 -0.9962
				-0.9995 	 0.03 	 0
				0.0299 	 0.9957 	 -0.0872
				7.2396 	 -9.9755 	 27.7041
			}
			{poly "piece12"}
		}
		{bone "piece11"
			{matrix34
				0.023 	 0.9995 	 -0.0193
				-0.7657 	 0.03 	 0.6425
				0.6428 	 0 	 0.766
				19.6699 	 -5.5604 	 24.6922
			}
			{poly "piece11"}
		}
		{bone "piece10"
			{matrix34
				0.0282 	 0.9393 	 -0.342
				-0.9995 	 0.03 	 0
				0.0103 	 0.3419 	 0.9397
				8.4194 	 -25.3238 	 22.8649
			}
			{poly "piece10"}
		}
		{bone "piece09"
			{matrix34
				0.03 	 0.9995 	 0
				-0.9995 	 0.03 	 0
				0 	 0 	 1
				-17.3458 	 -15.9859 	 27.1907
			}
			{poly "piece09"}
		}
		{bone "piece08"
			{matrix34
				-0.0553 	 0.9643 	 -0.2588
				0.9933 	 0.0795 	 0.0842
				0.1018 	 -0.2524 	 -0.9623
				10.0538 	 7.6216 	 21.7751
			}
			{poly "piece08"}
		}
		{bone "piece07"
			{matrix34
				0.0286 	 -0.9984 	 0.0495
				0.4992 	 0.0572 	 0.8646
				-0.866 	 0 	 0.5
				-17.7339 	 17.8219 	 24.6922
			}
			{poly "piece07"}
		}
		{bone "piece06"
			{matrix34
				0.0538 	 -0.9382 	 -0.342
				0.9984 	 0.0572 	 0
				0.0196 	 -0.3415 	 0.9397
				1.3676 	 28.8003 	 22.8649
			}
			{poly "piece06"}
		}
		{bone "piece05"
			{matrix34
				0.0572 	 -0.9984 	 0
				0.9984 	 0.0572 	 0
				0 	 0 	 1
				18.6367 	 24.4331 	 27.1907
			}
			{poly "piece05"}
		}
	}
}
{"volumes"
	{"piece01_vol014"
		{box 11.6564 3.07534 1.25952}
		{bone "piece01"}
		{Position -1.0608 	 -0.2919 	 -0.3301}
	}
	{"piece01_vol020"
		{box 11.6564 3.07534 1.25952}
		{bone "piece05"}
		{Position -1.0608 	 -0.2919 	 -0.3301}
	}
	{"piece01_vol021"
		{box 11.6564 3.07534 1.25952}
		{bone "piece09"}
		{Position -1.0608 	 -0.2919 	 -0.3301}
	}
	{"piece01_vol023"
		{box 7.12468 3.95038 0.20916}
		{bone "piece14"}
		{Position 0.0011 	 -0.3054 	 0.2323}
	}
	{"piece02_vol014"
		{box 0.685231 12.9164 12.7097}
		{bone "piece02"}
		{Position -0.031 	 -0.6312 	 -1.6799}
	}
	{"piece02_vol020"
		{box 0.685231 12.9164 12.7097}
		{bone "piece06"}
		{Position -0.031 	 -0.6313 	 -1.6799}
	}
	{"piece02_vol021"
		{box 0.685231 12.9164 12.7097}
		{bone "piece10"}
		{Position -0.031 	 -0.6313 	 -1.6799}
	}
	{"piece04_vol018"
		{box 11.3698 0.896632 4.77911}
		{bone "piece07"}
		{matrix34
			0.9984 	 -0.0286 	 -0.0495
			-0.0286 	 0.5016 	 -0.8646
			0.0495 	 0.8646 	 0.5
			2.3321 	 -1.2791 	 -0.6739
		}
	}
	{"piece04_vol019"
		{box 11.3698 0.896632 4.77911}
		{bone "piece11"}
		{matrix34
			0.9998 	 0.007 	 0.0193
			0.007 	 0.7663 	 -0.6425
			-0.0193 	 0.6425 	 0.766
			-4.5884 	 -0.9839 	 -1.0231
		}
	}
	{"piece04_vol021"
		{box 7.12468 3.95038 0.20916}
		{bone "piece15"}
		{Position 0.001 	 0.1269 	 0.3108}
	}
	{"piece06_vol004"
		{box 0.685231 8.13736 12.7097}
		{bone "piece03"}
		{matrix34
			-0.0853 	 0.0177 	 -0.9962
			0.2031 	 0.9791 	 0
			0.9754 	 -0.2024 	 -0.0872
			-1.6834 	 -0.2143 	 0.1715
		}
	}
	{"piece06_vol006"
		{box 0.685231 8.13736 12.7097}
		{bone "piece12"}
		{Position -0.031 	 3.4644 	 -1.6799}
	}
	{"piece07_vol004"
		{box 0.685231 8.13736 12.7097}
		{bone "piece04"}
		{Position -0.031 	 3.4644 	 -1.6799}
	}
	{"piece07_vol005"
		{box 0.685231 8.13736 12.7097}
		{bone "piece08"}
		{Position -0.031 	 3.4644 	 -1.6799}
	}
	{"piece07_vol006"
		{box 0.685231 8.13736 12.7097}
		{bone "piece13"}
		{Position -0.031 	 3.4644 	 -1.6799}
	}
}
