;Exported by	: joomb
;Date			: 12.04.2023 15:39:05
;File			: H:\git\gem2-mdl-soldiers\models\building\building_ua01\building_ua01_2v.max
{skeleton
	{bone "b_ua_02_piece07"
		{orientation
			1 	 0 	 0
			0 	 -1 	 0
			0 	 0 	 1
		}
		{poly "b_ua_02_piece07"}
		{bone "fort_wall"
			{matrix34
				0 	 1 	 0
				-1 	 0 	 0
				0 	 0 	 1
				-21.305 	 19.2345 	 -50.8255
			}
		}
		{bone revolute "attach1"
			{matrix34
				-1 	 0 	 0
				0 	 -1 	 0
				0 	 0 	 1
				0.9529 	 16.3083 	 -50.9712
			}
		}
		{bone revolute "attach2"
			{matrix34
				-1 	 0 	 0
				0 	 -1 	 0
				0 	 0 	 1
				0.9529 	 -36.8762 	 -50.9712
			}
		}
	}
}
{"volumes"
	{"body01"
		{box 91.2993 5.90551 39.7044}
		{bone "b_ua_02_piece07"}
		{matrix34
			0 	 -1 	 0
			1 	 0 	 0
			0 	 0 	 1
			-12.3295 	 -2.7902 	 -30.2693
		}
	}
	{"body02"
		{polyhedron}
		{bone "b_ua_02_piece07"}
		{matrix34
			-1 	 0 	 0
			0 	 -1 	 0
			0 	 0 	 1
			-4.2831 	 40.6003 	 -50.6903
		}
	}
	{"body03"
		{box 12.8101 5.90551 25.1181}
		{bone "b_ua_02_piece07"}
		{matrix34
			-1 	 0 	 0
			0 	 -1 	 0
			0 	 0 	 1
			-3.8814 	 40.6003 	 -38.1312
		}
	}
	{"body04"
		{box 13.8645 11.1625 17.114}
		{bone "b_ua_02_piece07"}
		{matrix34
			-1 	 0 	 0
			0 	 -1 	 0
			0 	 0 	 1
			-5.3211 	 44.6357 	 -58.9423
		}
	}
	{"body05"
		{box 97.1371 11.1625 17.114}
		{bone "b_ua_02_piece07"}
		{matrix34
			0 	 -1 	 0
			1 	 0 	 0
			0 	 0 	 1
			-15.7453 	 2.5088 	 -58.9423
		}
	}
	{"roof01"
		{polyhedron}
		{bone "b_ua_02_piece07"}
		{matrix34
			1 	 0 	 0
			0 	 0.7478 	 0.6639
			0 	 -0.6639 	 0.7478
			5.5657 	 56.3243 	 -5.8862
		}
	}
	{"roof02"
		{polyhedron}
		{bone "b_ua_02_piece07"}
		{matrix34
			0 	 -1 	 0
			0.9397 	 0 	 -0.342
			0.342 	 0 	 0.9397
			-25.4397 	 4.6108 	 -6.6279
		}
	}
	{"roof03"
		{polyhedron}
		{bone "b_ua_02_piece07"}
		{matrix34
			0 	 -1 	 0
			0.9397 	 0 	 -0.342
			0.342 	 0 	 0.9397
			-25.4397 	 -38.627 	 -6.6279
		}
	}
	{"roof04"
		{polyhedron}
		{bone "b_ua_02_piece07"}
		{matrix34
			0.1368 	 -0.9906 	 0
			0.9309 	 0.1286 	 -0.342
			0.3388 	 0.0468 	 0.9397
			-20.5553 	 -57.5597 	 -8.4226
		}
	}
}
