;Exported by:	 stentsel
;Date:			 27.10.2016 09:41:31
;File:			 G:\_GIT_\gem2\gem2-mdl-soldiers\models\unit\vehicle\sGrW_42\sGrW42_LP_mat01_x.max
{skeleton
	{bone "turret"
		{orientation
			1 	 0 	 0
			0 	 -1 	 0
			0 	 0 	 1
		}
		{bone "body"
			{parameters "commonmesh;id=body;"}
			{matrix34
				0.9379 	 0 	 -0.347
				0.004 	 0.9999 	 0.0107
				0.3469 	 -0.0114 	 0.9378
				0.6276 	 -0.0189 	 1.9536
			}
			{LODView
				{poly "body"}
				{poly "body_lod1"}
				{poly "body_lod2"}
				{poly "body_lod3"}
			}
			{bone "gun"
				{parameters "commonmesh;id=gun;"}
				{matrix34
					0.9664 	 0.0041 	 -0.257
					-0.0074 	 0.9999 	 -0.0118
					0.257 	 0.0133 	 0.9663
					0 	 0.0909 	 -0.001
				}
				{LODView
					{poly "gun"}
					{poly "gun_lod1"}
					{poly "gun_lod2"}
					{poly "gun_lod3"}
				}
			}
			{bone "stan"
				{parameters "commonmesh;id=body;"}
				{matrix34
					0.9379 	 0.004 	 0.3469
					0 	 0.9999 	 -0.0114
					-0.347 	 0.0107 	 0.9378
					9.0023 	 0.2808 	 22.9128
				}
				{LODView
					{poly "stan"}
					{poly "stan_lod1"}
					{poly "stan_lod2"}
					{poly "stan_lod3"}
				}
				{bone "stan_l"
					{parameters "commonmesh;id=body;"}
					{matrix34
						0.9826 	 0 	 0.1856
						-0.0043 	 0.9997 	 0.0228
						-0.1855 	 -0.0232 	 0.9824
						1.6749 	 0 	 -4.0387
					}
					{LODView
						{poly "stan_l"}
						{poly "stan_l_lod1"}
						{poly "stan_l_lod2"}
						{poly "stan_l_lod3"}
					}
					{bone "s"
						{parameters "commonmesh;id=body;"}
						{matrix34
							0.9981 	 -0.0138 	 0.0601
							0.0589 	 0.5015 	 -0.8631
							-0.0182 	 0.865 	 0.5014
							0.1602 	 -4.4714 	 -7.1387
						}
						{LODView
							{poly "s"}
							{poly "s_lod1"}
							{poly "s_lod2"}
							{poly "s_lod3"}
						}
					}
				}
				{bone "stan_r"
					{parameters "commonmesh;id=body;"}
					{matrix34
						0.9876 	 -0.0326 	 0.1536
						0.0322 	 0.9995 	 0.0053
						-0.1537 	 -0.0003 	 0.9881
						1.6345 	 0 	 -4.0463
					}
					{LODView
						{poly "stan_r"}
						{poly "stan_r_lod1"}
						{poly "stan_r_lod2"}
						{poly "stan_r_lod3"}
					}
				}
			}
		}
	}
}
{volume "body"
	{cylinder 8.55182 5.81132}
	{bone "body"}
	{matrix34
		0.9966 	 -0.0009 	 -0.0819
		0 	 0.9999 	 -0.0114
		0.0819 	 0.0114 	 0.9966
		0.6917 	 -0.202 	 1.1337
	}
}
{volume "gun"
	{cylinder 1.37795 29.7887}
	{bone "gun"}
	{matrix34
		-0.9668 	 0 	 0.2555
		0 	 -1 	 0
		0.2555 	 0 	 0.9668
		3.8952 	 -0.0573 	 16.0906
	}
}
