;Exported by	: Oleksandr Tsaprylov
;Date			: 27.01.2023 12:44:50
;File			: E:\projects\gem2-mdl-soldiers\models\entourage\shed_wood_destroyed\shed_wood_destroyed.max
{skeleton
	{bone "shed_wood_destroyed_c_piece_005_x"
		{orientation
			1 	 0 	 0
			0 	 -1 	 0
			0 	 0 	 1
		}
		{bone "piece07"
			{matrix34
				0.9764 	 -0.145 	 -0.1604
				0.0719 	 0.9174 	 -0.3915
				0.2039 	 0.3707 	 0.9061
				28.4118 	 -9.2359 	 97.5819
			}
			{poly "piece07"}
		}
		{bone "piece02"
			{Position -21.523 	 13.943 	 69.2335}
			{poly "piece02"}
		}
		{bone "piece03"
			{Position 10.0177 	 25.5454 	 112.028}
			{poly "piece03"}
		}
		{bone "piece04"
			{Position 29.8567 	 13.8757 	 120.433}
			{poly "piece04"}
		}
		{bone "piece05"
			{Position 30.1004 	 -25.4177 	 123.4}
			{poly "piece05"}
		}
		{bone "piece06"
			{matrix34
				0.9648 	 0.253 	 -0.0714
				-0.2304 	 0.9445 	 0.2341
				0.1267 	 -0.2094 	 0.9696
				-22.5679 	 -9.5464 	 69.0131
			}
			{poly "piece06"}
		}
		{bone "piece08"
			{matrix34
				0.9885 	 -0.1218 	 0.0897
				0.135 	 0.9778 	 -0.1604
				-0.0682 	 0.1707 	 0.983
				30.1211 	 -7.2145 	 36.4148
			}
			{poly "piece08"}
		}
		{bone "piece09"
			{Position -4.8514 	 -37.6134 	 117.318}
			{poly "piece09"}
		}
		{bone "piece10"
			{Position 5.2468 	 -8.3818 	 135.373}
			{poly "piece10"}
		}
		{bone "piece11"
			{Position 30.154 	 -5.6157 	 69.2207}
			{poly "piece11"}
		}
		{bone "piece12"
			{Position -13.2497 	 -24.2855 	 123.872}
			{poly "piece12"}
		}
		{bone "piece01"
			{Position -26.1484 	 9.1709 	 124.317}
			{poly "piece01"}
		}
	}
}
{"volumes"
	{"piece01"
		{box 1.58472 13.351 48.6203}
		{bone "piece01"}
		{matrix34
			0 	 -0.5736 	 -0.8192
			0 	 -0.8192 	 0.5736
			-1 	 0 	 0
			-1.9553 	 -0.2473 	 -0.4449
		}
	}
	{"piece02"
		{box 2.3622 2.98768 34.8591}
		{bone "piece02"}
		{matrix34
			-1 	 0 	 0
			0 	 0 	 1
			0 	 1 	 0
			0.0042 	 0.1599 	 0.0913
		}
	}
	{"piece03"
		{box 1.58472 13.351 34.0002}
		{bone "piece03"}
		{matrix34
			0 	 -0.5736 	 -0.8192
			0 	 -0.8192 	 0.5736
			-1 	 0 	 0
			0.7486 	 0.1378 	 0.2799
		}
	}
	{"piece04"
		{box 2.3622 2.98768 49.5}
		{bone "piece04"}
		{matrix34
			1 	 0 	 0
			0 	 0.5704 	 0.8213
			0 	 -0.8213 	 0.5704
			0.2046 	 -0.2519 	 0.3113
		}
	}
	{"piece05"
		{box 2.3622 2.98768 34.8591}
		{bone "piece05"}
		{matrix34
			-1 	 0 	 0
			0 	 -0.5736 	 0.8192
			0 	 0.8192 	 0.5736
			0.0042 	 0.0786 	 0.1665
		}
	}
	{"piece06"
		{cylinder 2.0525 50.1884}
		{bone "piece06"}
		{matrix34
			0.9648 	 -0.2304 	 0.1267
			0.253 	 0.9445 	 -0.2094
			-0.0714 	 0.2341 	 0.9696
			1.0985 	 0.9374 	 0.2796
		}
	}
	{"piece07"
		{cylinder 2.0525 48.2108}
		{bone "piece07"}
		{matrix34
			0.9764 	 0.0719 	 0.2039
			-0.145 	 0.9174 	 0.3707
			-0.1604 	 -0.3915 	 0.9061
			1.1253 	 0.9167 	 0.3146
		}
	}
	{"piece08"
		{cylinder 2.0525 27.1017}
		{bone "piece08"}
		{matrix34
			0.9885 	 0.135 	 -0.0682
			-0.1218 	 0.9778 	 0.1707
			0.0897 	 -0.1604 	 0.983
			-0.3712 	 -1.3109 	 -0.1032
		}
	}
	{"piece09"
		{box 1.41732 2.09138 50.702}
		{bone "piece09"}
		{matrix34
			0 	 -0.5736 	 0.8192
			0 	 -0.8192 	 -0.5736
			1 	 0 	 0
			-0.1058 	 -0.035 	 0.0295
		}
	}
	{"piece10"
		{box 2.3622 2.98768 62.6366}
		{bone "piece10"}
		{matrix34
			0 	 1 	 0
			0 	 0 	 1
			1 	 0 	 0
			0.6033 	 -0.0174 	 0.1016
		}
	}
	{"piece11"
		{box 2.3622 2.98768 62.6366}
		{bone "piece11"}
		{matrix34
			-1 	 0 	 0
			0 	 0 	 1
			0 	 1 	 0
			0.0175 	 0.6034 	 0.1016
		}
	}
	{"piece12"
		{box 2.3622 2.98768 34.8591}
		{bone "piece12"}
		{matrix34
			-1 	 0 	 0
			0 	 -0.5736 	 0.8192
			0 	 0.8192 	 0.5736
			0.0042 	 0.0786 	 0.1665
		}
	}
}
