;Exported by:	 tolokolnikova
;Date:			 27.06.2017 14:57:09
;File:			 D:\gem2\gem2-mdl-soldiers\models\building\house_D\D_005_cut_x_fort.max
{skeleton
	{bone "d005_piece05_point"
		{orientation
			1 	 0 	 0
			0 	 -1 	 0
			0 	 0 	 1
		}
		{bone "sub_piece01"
			{Position 8.9292 	 -1.1096 	 23.013}
			{poly "sub_piece01"}
		}
		{bone "sub_piece02"
			{Position 8.4281 	 -22.7404 	 16.9377}
			{poly "sub_piece02"}
		}
		{bone "piece01"
			{matrix34
				1 	 0 	 0
				0 	 0.9063 	 -0.4226
				0 	 0.4226 	 0.9063
				23.9646 	 -7.062 	 11.6699
			}
			{poly "piece01"}
		}
		{bone "piece02"
			{Position 23.9646 	 13.4073 	 21.2252}
			{poly "piece02"}
		}
		{bone "d005_piece05"
			{Position 0 	 0 	 0}
			{poly "d005_piece05"}
		}
		{bone revolute "attach1"
			{Position 10.3711 	 0.3101 	 -20.6359}
		}
		{bone "debris_land_001"
			{parameters "commonmesh;land;ground;"}
			{matrix34
				-1 	 0 	 0
				0 	 -1 	 0
				0 	 0 	 1
				36.5794 	 5.392 	 -22.6044
			}
			{poly "debris_land_001" {ground}}
		}
		{bone "fort_wall"
			{matrix34
				0 	 -1 	 0
				1 	 0 	 0
				0 	 0 	 1
				32.629 	 -2.6161 	 -16.9892
			}
		}
		{bone "stones_001"
			{parameters "commonmesh;land;ground;"}
			{matrix34
				-1 	 0 	 0
				0 	 -1 	 0
				0 	 0 	 1
				36.566 	 5.392 	 -22.6044
			}
			{poly "stones_001" {ground}}
		}
	}
}
{volume "piece01"
	{box 5.90551 15.7426 9.05547}
	{bone "piece01"}
	{matrix34
		1 	 0 	 0
		0 	 0.9205 	 -0.3907
		0 	 0.3907 	 0.9205
		0.1324 	 1.0854 	 1.3236
	}
}
{volume "piece02"
	{box 5.90551 12.432 15.0046}
	{bone "piece02"}
	{matrix34
		1 	 0 	 0
		0 	 0.9659 	 -0.2588
		0 	 0.2588 	 0.9659
		0.1324 	 -0.2377 	 0.7539
	}
}
{volume "sub_piece01"
	{box 19.2166 14.5671 1.09166}
	{bone "sub_piece01"}
	{matrix34
		1 	 0 	 0
		0 	 0.9397 	 0.342
		0 	 -0.342 	 0.9397
		-1.8191 	 0.0893 	 0.3287
	}
}
{volume "sub_piece02"
	{box 22.5235 14.2049 1.09166}
	{bone "sub_piece02"}
	{matrix34
		1 	 0 	 0
		0 	 0.9397 	 0.342
		0 	 -0.342 	 0.9397
		-0.0924 	 0.1142 	 0.182
	}
}
{volume "target_vol_001"
	{box 9.84252 11.811 15.6501}
	{bone "d005_piece05_point"}
	{matrix34
		1 	 0 	 0
		0 	 1 	 0
		0 	 0 	 1
		23.2898 	 0.3101 	 7.3073
	}
}
{volume "vol_01"
	{box 44.334 6.17902 19.8909}
	{bone "d005_piece05"}
	{matrix34
		0 	 -1 	 0
		1 	 0 	 0
		0 	 0 	 1
		23.9764 	 -4.1617 	 -12.659
	}
}
{volume "vol_02"
	{box 12.4135 6.17902 13.9236}
	{bone "d005_piece05"}
	{matrix34
		0 	 -1 	 0
		1 	 0 	 0
		0 	 0 	 1
		23.9764 	 -20.0269 	 4.2405
	}
}
{volume "vol_03"
	{box 10.3032 6.17902 10.1642}
	{bone "d005_piece05"}
	{matrix34
		0 	 -1 	 0
		1 	 0 	 0
		0 	 0 	 1
		23.9764 	 11.1022 	 2.3608
	}
}
{volume "vol_04"
	{box 37.6839 6.17902 19.8909}
	{bone "d005_piece05"}
	{matrix34
		-1 	 0 	 0
		0 	 -1 	 0
		0 	 0 	 1
		8.0132 	 -23.133 	 -12.659
	}
}
{volume "vol_05"
	{polyhedron}
	{bone "d005_piece05"}
	{matrix34
		-1 	 0 	 0
		0 	 -1 	 0
		0 	 0 	 1
		8.1385 	 -23.133 	 -2.9166
	}
}
