;Exported by:	 Oleksandr Tsaprylov
;Date:			 31.12.2020 17:37:49
;File:			 E:\projects\gem2-mdl-soldiers\models\entourage\beam_wood\new_wood_updateX.max
{skeleton
	{bone "beam2_g2_x_basis"
		{orientation
			1 	 0 	 0
			0 	 -1 	 0
			0 	 0 	 1
		}
		{bone "piece08"
			{Position -1.186 	 -37.2381 	 11.7834}
			{poly "piece08"}
		}
		{bone "piece09"
			{matrix34
				0.9867 	 -0.1624 	 0
				0.1624 	 0.9867 	 0
				0 	 0 	 1
				12.6441 	 -35.5758 	 10.2097
			}
			{poly "piece09"}
		}
		{bone "piece05"
			{matrix34
				1 	 0 	 0
				0 	 0.9982 	 -0.0598
				0 	 0.0598 	 0.9982
				4.9777 	 -5.0984 	 20.266
			}
			{poly "piece05"}
		}
		{bone "piece06"
			{Position -6.2796 	 -30.1774 	 17.0359}
			{poly "piece06"}
		}
		{bone "piece03"
			{Position -2.0431 	 8.8325 	 9.7424}
			{poly "piece03"}
		}
		{bone "piece07"
			{Position -5.021 	 15.7179 	 26.835}
			{poly "piece07"}
		}
		{bone "piece02"
			{Position -6.4221 	 22.9385 	 20.2531}
			{poly "piece02"}
		}
		{bone "fx_wood"
			{parameters "lastpose=undefined;"}
		}
		{bone "fx_wood1"
		}
		{bone "fx_dust1"
			{parameters "lastpose=undefined;"}
		}
		{bone "piece04"
			{Position 7.0273 	 7.9202 	 13.5384}
			{poly "piece04"}
		}
		{bone "piece01"
			{Position -10.8297 	 -0.6382 	 8.8143}
			{poly "piece01"}
		}
	}
}
{volume "piece01"
	{box 5.73198 92.2651 4.72852}
	{bone "piece01"}
	{matrix34
		0.997 	 -0.0773 	 -0.0062
		0.0774 	 0.9967 	 0.026
		0.0041 	 -0.0264 	 0.9996
		0.0098 	 -0.0625 	 0.4109
	}
}
{volume "piece02_"
	{box 3.54733 22.6925 3.13891}
	{bone "piece02"}
	{matrix34
		0.983 	 0.1838 	 -0.0042
		-0.1839 	 0.9828 	 -0.016
		0.0012 	 0.0165 	 0.9999
		-0.5111 	 0.2016 	 0.2022
	}
}
{volume "piece03"
	{box 3.54733 55.3905 3.31509}
	{bone "piece03"}
	{matrix34
		0.9951 	 -0.0982 	 0.0084
		0.0979 	 0.9948 	 0.0285
		-0.0112 	 -0.0275 	 0.9996
		0.0783 	 0.444 	 0.1683
	}
}
{volume "piece04"
	{box 6.36887 92.2651 4.72852}
	{bone "piece04"}
	{matrix34
		1 	 0 	 0
		0 	 0.9968 	 0.0795
		0 	 -0.0795 	 0.9968
		0.2579 	 -0.188 	 0.6826
	}
}
{volume "piece05_"
	{box 5.25004 35.4121 5.13549}
	{bone "piece05"}
	{matrix34
		0.9999 	 -0.0127 	 0.0026
		0.0122 	 0.9914 	 0.1305
		-0.0043 	 -0.1305 	 0.9914
		1.5927 	 1.2577 	 -0.1108
	}
}
{volume "piece06_"
	{box 4.68247 39.4664 4.30364}
	{bone "piece06"}
	{matrix34
		0.9993 	 -0.0383 	 -0.0006
		0.0383 	 0.9991 	 0.0163
		0 	 -0.0163 	 0.9999
		0.9095 	 1.207 	 -0.9589
	}
}
{volume "piece07"
	{box 16.0765 2.80014 2.90716}
	{bone "piece07"}
	{matrix34
		0.6587 	 0.4099 	 0.631
		-0.294 	 0.9121 	 -0.2857
		-0.6926 	 0.0027 	 0.7213
		-0.1078 	 1.2106 	 -0.3952
	}
}
{volume "piece08"
	{box 3.96307 20.2165 3.61838}
	{bone "piece08"}
	{matrix34
		0.9905 	 0.1365 	 0.0158
		-0.1366 	 0.9906 	 0.0009
		-0.0156 	 -0.0031 	 0.9999
		0.3581 	 0.0486 	 0.1207
	}
}
{volume "piece09_"
	{box 4.52923 34.8416 3.30279}
	{bone "piece09"}
	{matrix34
		0.9823 	 0.1156 	 0.1476
		-0.1435 	 0.9703 	 0.1946
		-0.1207 	 -0.2123 	 0.9697
		0.0214 	 3.1433 	 0.2888
	}
}
