;Exported by	: joomb
;Date			: 25.03.2023 10:32:56
;File			: H:\git\gem2-mdl-soldiers\models\unit\vehicle\dc_47\C47_rus.max
{skeleton
	{animation
		{sequence "engine_start"}
		{sequence "engine_work" {speed 0.5}}
		{sequence "engine_stop"}
		{sequence "open" {speed 0.3}}
		{sequence "open1" {speed 0.3}}
	}
	{bone "basis"
		{orientation
			1 	 0 	 0
			0 	 -1 	 0
			0 	 0 	 1
		}
		{bone "body"
			{parameters "id=body;"}
			{Position 0 	 0 	 12.4394}
			{poly "body" {lod 0}}
			{poly "body_lod1" {lod 1}}
			{poly "body_lod2" {lod 2}}
			{poly "body_lod3" {lod 3 {last}}}
			{bone "door1"
				{parameters "id=body;"}
				{matrix34
					0.1415 	 0.9409 	 -0.3079
					-0.0007 	 0.3111 	 0.9504
					0.9899 	 -0.1343 	 0.0446
					73.1683 	 19.7333 	 46.4997
				}
				{poly "door1" {lod 0}}
				{poly "door1_lod1" {lod 1}}
				{poly "door1_lod2" {lod 2}}
				{poly "door1_lod3" {lod 3 {last}}}
			}
			{bone "door2"
				{parameters "id=body;"}
				{matrix34
					0 	 1 	 0
					-1 	 0 	 0
					0 	 0 	 1
					-94.67 	 23.4208 	 54.3531
				}
				{poly "door2" {lod 0}}
				{poly "door2_lod1" {lod 1}}
				{poly "door2_lod2" {lod 2}}
				{poly "door2_lod3" {lod 3 {last}}}
			}
			{bone "pivot_back"
				{Position -215.66 	 0.0118 	 33.9024}
			}
			{bone "seat01"
				{Position -76.7286 	 5.579 	 48.1784}
			}
			{bone "seat02"
				{Position -76.5159 	 -9.5271 	 48.1784}
			}
			{bone "seat03"
				{Position -119.361 	 5.579 	 48.1783}
			}
			{bone "seat04"
				{Position -119.899 	 -9.5271 	 48.1783}
			}
			{bone "seat05"
				{Position -139.066 	 5.579 	 48.1781}
			}
			{bone "seat06"
				{Position -139.107 	 -9.5271 	 48.1781}
			}
			{bone "visor1"
				{Position 91.0268 	 5.6212 	 67.3318}
			}
			{bone "body_back"
				{parameters "id=body_back;"}
				{Position -219.659 	 0 	 64.5911}
				{poly "body_back" {lod 0}}
				{poly "body_back_lod1" {lod 1}}
				{poly "body_back_lod2" {lod 2}}
				{poly "body_back_lod3" {lod 3 {last}}}
				{bone "rudder"
					{parameters "id=body_back;"}
					{Position -16.4401 	 -0.0253 	 43.4166}
					{poly "rudder" {lod 0}}
					{poly "rudder_lod1" {lod 1}}
					{poly "rudder_lod2" {lod 2}}
					{poly "rudder_lod3" {lod 3 {last}}}
				}
				{bone "elevator2"
					{parameters "id=body_back;"}
					{Position -27.8227 	 -44.7145 	 -1.7234}
					{poly "elevator2" {lod 0}}
					{poly "elevator2_lod1" {lod 1}}
					{poly "elevator2_lod2" {lod 2}}
					{poly "elevator2_lod3" {lod 3 {last}}}
				}
				{bone "elevator1"
					{parameters "id=body_back;"}
					{Position -27.8239 	 44.714 	 -1.7234}
					{poly "elevator1" {lod 0}}
					{poly "elevator1_lod1" {lod 1}}
					{poly "elevator1_lod2" {lod 2}}
					{poly "elevator1_lod3" {lod 3 {last}}}
				}
				{bone "susp"
					{parameters "id=body_back;"}
					{matrix34
						0.967 	 0 	 -0.2547
						0 	 1 	 0
						0.2547 	 0 	 0.967
						20.8799 	 0 	 -17.1537
					}
					{poly "susp" {lod 0}}
					{poly "susp_lod1" {lod 1}}
					{poly "susp_lod2" {lod 2}}
					{poly "susp_lod3" {lod 3 {last}}}
					{bone revolute "wheel_back"
						{parameters "id=wheel_back;radius=0.32;support;"}
						{matrix34
							0.967 	 0 	 0.2547
							0.2547 	 0 	 -0.967
							0 	 1 	 0
							-12.8774 	 0.0117 	 -17.3878
						}
						{poly "wheel_back" {lod 0}}
						{poly "wheel_back_lod1" {lod 1}}
						{poly "wheel_back_lod2" {lod 2}}
						{poly "wheel_back_lod3" {lod 3 {last}}}
					}
				}
				{bone "enumerator"
					{parameters "id=body_back;"}
					{matrix34
						-0.9945 	 0.1045 	 0
						-0.1045 	 -0.9945 	 0
						0 	 0 	 1
						37.5439 	 -17.2487 	 -3.4937
					}
					{poly "enumerator"}
				}
			}
			{bone "glass"
				{parameters "id=body;"}
				{matrix34
					0 	 1 	 0
					-1 	 0 	 0
					0 	 0 	 1
					0 	 0 	 0
				}
				{poly "glass"}
			}
			{bone "passengers"
				{matrix34
					0.9986 	 0 	 -0.0523
					0 	 1 	 0
					0.0523 	 0 	 0.9986
					88.2881 	 -7.4189 	 50.6947
				}
			}
			{bone "driver"
				{matrix34
					0.9986 	 0 	 -0.0523
					0 	 1 	 0
					0.0523 	 0 	 0.9986
					88.2881 	 8.0459 	 50.6947
				}
			}
		}
		{bone "pivot_front"
			{Position 0 	 0 	 12.4394}
			{bone "wingl1"
				{parameters "id=wingleft;"}
				{Position -31.7513 	 101.26 	 38.5055}
				{poly "wingl1" {lod 0}}
				{poly "wingl1_lod1" {lod 1}}
				{poly "wingl1_lod2" {lod 2}}
				{poly "wingl1_lod3" {lod 3 {last}}}
				{bone "engine1"
					{parameters "id=engine2;"}
					{Position 40.958 	 -45.2165 	 -5.2756}
					{poly "engine1" {lod 0}}
					{poly "engine1_lod1" {lod 1}}
					{poly "engine1_lod2" {lod 2}}
					{poly "engine1_lod3" {lod 3 {last}}}
					{bone "suspl1"
						{parameters "id=wheelleft;"}
						{Position -9.2316 	 0.3412 	 4.8897}
						{poly "suspl1" {lod 0}}
						{poly "suspl1_lod1" {lod 1}}
						{poly "suspl1_lod2" {lod 2}}
						{poly "suspl1_lod3" {lod 3 {last}}}
						{bone "suspl2"
							{parameters "id=wheelleft;"}
							{Position 0 	 0 	 -17.4683}
							{poly "suspl2" {lod 0}}
							{poly "suspl2_lod1" {lod 1}}
							{poly "suspl2_lod2" {lod 2}}
							{poly "suspl2_lod3" {lod 3 {last}}}
							{bone "suspl3"
								{parameters "id=wheelleft;"}
								{Position 0.017 	 -0.2236 	 -20.608}
								{poly "suspl3" {lod 0}}
								{poly "suspl3_lod1" {lod 1}}
								{poly "suspl3_lod2" {lod 2}}
								{poly "suspl3_lod3" {lod 3 {last}}}
							}
							{bone revolute "wheell"
								{parameters "id=wheelleft;radius=0.65;support;"}
								{matrix34
									1 	 0 	 0
									0 	 0 	 1
									0 	 -1 	 0
									0.0251 	 0.1018 	 -20.6515
								}
								{poly "wheell" {lod 0}}
								{poly "wheell_lod1" {lod 1}}
								{poly "wheell_lod2" {lod 2}}
								{poly "wheell_lod3" {lod 3 {last}}}
							}
						}
					}
					{bone "fxsmoke1"
						{matrix34
							0 	 0.6428 	 -0.766
							0 	 0.766 	 0.6428
							1 	 0 	 0
							-4.07 	 12.4198 	 -12.8828
						}
					}
					{bone revolute "propeller1"
						{parameters "id=engine1;"}
						{matrix34
							0 	 0 	 1
							0 	 -1 	 0
							1 	 0 	 0
							46.0842 	 0.4468 	 0.158
						}
						{poly "propeller1" {lod 0}}
						{poly "propeller1_lod1" {lod 1}}
						{poly "propeller1_lod2" {lod 2}}
						{poly "propeller1_lod3" {lod 3 {last}}}
						{bone revolute "vane1"
							{parameters "id=engine1;"}
							{Position 0 	 0 	 0}
							{poly "vane1" {lod 0}}
							{poly "vane1_lod1" {lod 1}}
							{poly "vane1_lod2" {lod 2}}
							{poly "vane1_lod3" {lod 3 {last}}}
						}
						{bone "vane_work1"
							{parameters "id=propeller;"}
							{Position 0 	 0.4712 	 2.101}
							{visibility 0}
							{poly "vane_work1"}
						}
					}
				}
				{bone "flap1"
					{parameters "id=wingleft;"}
					{matrix34
						0.994 	 0.1094 	 -0.0075
						-0.1083 	 0.9899 	 0.0914
						0.0174 	 -0.09 	 0.9958
						-9.0016 	 -3.4063 	 -6.4725
					}
					{poly "flap1" {lod 0}}
					{poly "flap1_lod1" {lod 1}}
					{poly "flap1_lod2" {lod 2}}
					{poly "flap1_lod3" {lod 3 {last}}}
				}
				{bone "flap2"
					{parameters "id=wingleft;"}
					{Position -3.5959 	 -66.6213 	 -12.9465}
					{poly "flap2" {lod 0}}
					{poly "flap2_lod1" {lod 1}}
					{poly "flap2_lod2" {lod 2}}
					{poly "flap2_lod3" {lod 3 {last}}}
				}
				{bone "wingl2"
					{parameters "id=wingleft;"}
					{Position 0 	 100.641 	 4.9412}
					{poly "wingl2" {lod 0}}
					{poly "wingl2_lod1" {lod 1}}
					{poly "wingl2_lod2" {lod 2}}
					{poly "wingl2_lod3" {lod 3 {last}}}
					{bone "aileron1"
						{parameters "id=wingleft;"}
						{matrix34
							0.9977 	 0.0638 	 -0.023
							-0.0616 	 0.9942 	 0.0883
							0.0285 	 -0.0867 	 0.9958
							-24.8235 	 -0.0699 	 0.0239
						}
						{poly "aileron1" {lod 0}}
						{poly "aileron1_lod1" {lod 1}}
						{poly "aileron1_lod2" {lod 2}}
						{poly "aileron1_lod3" {lod 3 {last}}}
					}
				}
			}
			{bone "wingr1"
				{parameters "id=wingright;"}
				{Position -31.7514 	 -101.26 	 38.5054}
				{poly "wingr1" {lod 0}}
				{poly "wingr1_lod1" {lod 1}}
				{poly "wingr1_lod2" {lod 2}}
				{poly "wingr1_lod3" {lod 3 {last}}}
				{bone "engine2"
					{parameters "id=engine2;"}
					{Position 40.9581 	 45.2163 	 -5.2754}
					{poly "engine2" {lod 0}}
					{poly "engine2_lod1" {lod 1}}
					{poly "engine2_lod2" {lod 2}}
					{poly "engine2_lod3" {lod 3 {last}}}
					{bone "suspr1"
						{parameters "id=wheelright;"}
						{Position -9.2316 	 -0.341 	 4.8895}
						{poly "suspr1" {lod 0}}
						{poly "suspr1_lod1" {lod 1}}
						{poly "suspr1_lod2" {lod 2}}
						{poly "suspr1_lod3" {lod 3 {last}}}
						{bone "suspr2"
							{parameters "id=wheelright;"}
							{Position 0 	 0 	 -17.4683}
							{poly "suspr2" {lod 0}}
							{poly "suspr2_lod1" {lod 1}}
							{poly "suspr2_lod2" {lod 2}}
							{poly "suspr2_lod3" {lod 3 {last}}}
							{bone revolute "wheelr"
								{parameters "id=wheelright;radius=0.65;support;"}
								{matrix34
									1 	 0 	 0
									0 	 0 	 1
									0 	 -1 	 0
									0.0251 	 -0.1018 	 -20.6515
								}
								{poly "wheelr" {lod 0}}
								{poly "wheelr_lod1" {lod 1}}
								{poly "wheelr_lod2" {lod 2}}
								{poly "wheelr_lod3" {lod 3 {last}}}
							}
							{bone "suspr3"
								{parameters "id=wheelright;"}
								{Position 0.017 	 0.2236 	 -20.608}
								{poly "suspr3" {lod 0}}
								{poly "suspr3_lod1" {lod 1}}
								{poly "suspr3_lod2" {lod 2}}
								{poly "suspr3_lod3" {lod 3 {last}}}
							}
						}
					}
					{bone "fxsmoke2"
						{matrix34
							0 	 -0.5736 	 -0.8192
							0 	 0.8192 	 -0.5736
							1 	 0 	 0
							-4.07 	 -12.4901 	 -12.883
						}
					}
					{bone revolute "propeller2"
						{parameters "id=engine2;"}
						{matrix34
							0 	 0 	 1
							0 	 -1 	 0
							1 	 0 	 0
							46.0844 	 -0.4523 	 0.1637
						}
						{poly "propeller2" {lod 0}}
						{poly "propeller2_lod1" {lod 1}}
						{poly "propeller2_lod2" {lod 2}}
						{poly "propeller2_lod3" {lod 3 {last}}}
						{bone revolute "vane2"
							{parameters "id=engine2;"}
							{Position 0 	 0 	 0}
							{poly "vane2" {lod 0}}
							{poly "vane2_lod1" {lod 1}}
							{poly "vane2_lod2" {lod 2}}
							{poly "vane2_lod3" {lod 3 {last}}}
						}
						{bone "vane_work2"
							{parameters "id=propeller;"}
							{matrix34
								0 	 -1 	 0
								1 	 0 	 0
								0 	 0 	 1
								-0.0058 	 -0.4323 	 2.1007
							}
							{visibility 0}
							{poly "vane_work2"}
						}
					}
				}
				{bone "flap3"
					{parameters "id=wingright;"}
					{matrix34
						0.9897 	 -0.1425 	 0.0113
						0.143 	 0.9852 	 -0.0946
						0.0024 	 0.0953 	 0.9954
						-9.0016 	 3.4059 	 -6.4721
					}
					{poly "flap3" {lod 0}}
					{poly "flap3_lod1" {lod 1}}
					{poly "flap3_lod2" {lod 2}}
					{poly "flap3_lod3" {lod 3 {last}}}
				}
				{bone "flap4"
					{parameters "id=wingright;"}
					{Position -3.5959 	 66.6216 	 -12.9462}
					{poly "flap4" {lod 0}}
					{poly "flap4_lod1" {lod 1}}
					{poly "flap4_lod2" {lod 2}}
					{poly "flap4_lod3" {lod 3 {last}}}
				}
				{bone "wingr2"
					{parameters "id=wingright;"}
					{Position 0 	 -100.639 	 4.9412}
					{poly "wingr2" {lod 0}}
					{poly "wingr2_lod1" {lod 1}}
					{poly "wingr2_lod2" {lod 2}}
					{poly "wingr2_lod3" {lod 3 {last}}}
					{bone "aileron2"
						{parameters "id=wingright;"}
						{matrix34
							0.9983 	 -0.059 	 0
							0.0588 	 0.9949 	 -0.0822
							0.0049 	 0.0821 	 0.9966
							-24.8233 	 0.0675 	 0.0247
						}
						{poly "aileron2" {lod 0}}
						{poly "aileron2_lod1" {lod 1}}
						{poly "aileron2_lod2" {lod 2}}
						{poly "aileron2_lod3" {lod 3 {last}}}
					}
				}
			}
		}
		{bone "emit1"
			{matrix34
				0 	 -1 	 0
				0.9962 	 0 	 -0.0872
				0.0872 	 0 	 0.9962
				58.4108 	 40.4362 	 -10.8258
			}
		}
		{bone "emit2"
			{matrix34
				0 	 -1 	 0
				0.9962 	 0 	 -0.0872
				0.0872 	 0 	 0.9962
				-120.83 	 48.0302 	 18.2248
			}
		}
	}
}
{obstacle "obstacle1"
	{obb2
		{center -34.3444 -0.480529}
		{extent 30.9278 268.964}
		{axis -1 0}
	}
	{rotate}
}
{obstacle "obstacle2"
	{obb2
		{center -77.3924 1.90735e-06}
		{extent 26.59 195.053}
		{axis 0 1}
	}
	{rotate}
}
{obstacle "obstacle3"
	{obb2
		{center -240.007 1.15832e-06}
		{extent 26.3241 79.9511}
		{axis 1 -3.25841e-07}
	}
	{rotate}
}
{"volumes"
	{"body01"
		{polyhedron}
		{bone "body"}
		{matrix34
			0 	 1 	 0
			0 	 0 	 1
			1 	 0 	 0
			95.0262 	 -0.0002 	 50.5076
		}
	}
	{"body02"
		{polyhedron}
		{bone "body"}
		{matrix34
			0 	 1 	 0
			0 	 0 	 -1
			-1 	 0 	 0
			95.0265 	 -0.0002 	 53.3006
		}
	}
	{"body_back01"
		{polyhedron}
		{bone "body_back"}
		{matrix34
			0 	 -1 	 0
			0 	 0 	 1
			-1 	 0 	 0
			29.2608 	 0 	 -3.9131
		}
	}
	{"body_back02"
		{polyhedron}
		{bone "body_back"}
		{matrix34
			1 	 0 	 0
			0 	 0 	 1
			0 	 -1 	 0
			6.4069 	 -0.001 	 42.0576
		}
	}
	{"body_back03"
		{polyhedron}
		{bone "body_back"}
		{Position -3.3942 	 47.6252 	 -1.4645}
	}
	{"body_back04"
		{polyhedron}
		{bone "body_back"}
		{matrix34
			1 	 0 	 0
			0 	 -1 	 0
			0 	 0 	 -1
			-3.393 	 -47.244 	 -1.8646
		}
	}
	{"elevator1"
		{polyhedron}
		{bone "elevator1"}
		{Position -6.337 	 -0.5961 	 1.4353}
	}
	{"elevator2"
		{polyhedron}
		{bone "elevator2"}
		{Position -6.3382 	 2.1035 	 1.4353}
	}
	{"engine1"
		{polyhedron}
		{bone "engine1"}
		{matrix34
			0 	 0 	 -1
			0 	 1 	 0
			1 	 0 	 0
			-43.9948 	 0.4605 	 0.1622
		}
	}
	{"engine2"
		{polyhedron}
		{bone "engine2"}
		{matrix34
			0 	 0 	 -1
			0 	 1 	 0
			1 	 0 	 0
			-43.9948 	 -0.2173 	 0.162
		}
	}
	{"propeller1_01"
		{box 0.783474 4.03135 32.1719}
		{bone "propeller1"}
		{matrix34
			0 	 -0.4618 	 0.887
			0.0272 	 -0.8867 	 -0.4616
			0.9996 	 0.0241 	 0.0125
			-18.6458 	 -0.2782 	 0.0096
		}
	}
	{"propeller1_02"
		{box 0.783474 4.03135 32.1719}
		{bone "propeller1"}
		{matrix34
			-0.3999 	 0.2309 	 0.887
			-0.7815 	 0.4198 	 -0.4616
			-0.4789 	 -0.8778 	 0.0125
			9.082 	 16.2868 	 0.0096
		}
	}
	{"propeller1_03"
		{box 0.783474 4.03135 32.1719}
		{bone "propeller1"}
		{matrix34
			0.3999 	 0.2309 	 0.887
			0.7543 	 0.4669 	 -0.4616
			-0.5207 	 0.8537 	 0.0125
			9.5638 	 -16.0086 	 0.0096
		}
	}
	{"propeller2_01"
		{box 0.783474 4.03135 32.1719}
		{bone "propeller2"}
		{matrix34
			0.0107 	 -0.5373 	 0.8433
			-0.0065 	 0.8433 	 0.5374
			-0.9999 	 -0.0113 	 0.0055
			18.6413 	 -0.0212 	 -0.1303
		}
	}
	{"propeller2_02"
		{box 0.783474 4.03135 32.1719}
		{bone "propeller2"}
		{matrix34
			-0.3885 	 0.2238 	 0.8938
			0.7674 	 -0.4584 	 0.4483
			0.5101 	 0.8601 	 0.0064
			-9.1394 	 -16.2007 	 0.4338
		}
	}
	{"propeller2_03"
		{box 0.783474 4.03135 32.1719}
		{bone "propeller2"}
		{matrix34
			0.3244 	 0.2032 	 0.9239
			-0.814 	 -0.4375 	 0.382
			0.4818 	 -0.876 	 0.0235
			-9.2688 	 16.2648 	 0.3463
		}
	}
	{"rudder"
		{polyhedron}
		{bone "rudder"}
		{matrix34
			-1 	 0 	 0
			0 	 0 	 1
			0 	 1 	 0
			-22.7249 	 0.024 	 -1.3589
		}
	}
	{"wheel_back"
		{cylinder 6.29921 4.64385}
		{bone "wheel_back"}
		{matrix34
			1 	 0 	 0
			0 	 -1 	 0
			0 	 0 	 -1
			-0.0006 	 0 	 -0.0101
		}
	}
	{"wheell"
		{cylinder 12.8649 9.01544}
		{bone "wheell"}
		{Position 0 	 0 	 -0.1003}
	}
	{"wheelr"
		{cylinder 12.8649 9.01544}
		{bone "wheelr"}
		{Position 0 	 0 	 0.1052}
	}
	{"wingl1"
		{polyhedron}
		{bone "wingl1"}
		{Position 0.2447 	 -20.9307 	 -9.5889}
	}
	{"wingl2"
		{polyhedron}
		{bone "wingl2"}
		{Position 0.7198 	 -76.242 	 -12.8163}
	}
	{"wingr1"
		{polyhedron}
		{bone "wingr1"}
		{Position 0.2445 	 20.9739 	 -9.589}
	}
	{"wingr2"
		{polyhedron}
		{bone "wingr2"}
		{Position 0.7198 	 76.283 	 -12.8165}
	}
}
