;Exported by	: KobaA
;Date			: 12.03.2024 14:51:46
;File			: d:\git\gem2-mdl-soldiers\models\entourage\railway\trainstation\station004_x.max
{skeleton
	{bone "station004_piece_003_x"
		{orientation
			1 	 0 	 0
			0 	 -1 	 0
			0 	 0 	 1
		}
		{bone "station004_piece_003"
			{poly "station004_piece_003"}
			{bone "attach1"
				{matrix34
					0 	 1 	 0
					-1 	 0 	 0
					0 	 0 	 1
					23.9024 	 16.0269 	 -42.4125
				}
			}
			{bone "attach2"
				{matrix34
					-0.766 	 0.6428 	 0
					-0.6428 	 -0.766 	 0
					0 	 0 	 1
					-6.5733 	 14.5959 	 -42.4125
				}
			}
			{bone "attach3"
				{matrix34
					0 	 1 	 0
					-1 	 0 	 0
					0 	 0 	 1
					-8.3981 	 -4.5961 	 -42.4125
				}
			}
			{bone "fort_wall"
				{Position 16.5562 	 38.841 	 -35.3728}
			}
		}
		{bone "sub_piece04"
			{matrix34
				-0.3828 	 0.9238 	 0
				-0.9238 	 -0.3828 	 0
				0 	 0 	 1
				5.578 	 26.5603 	 -5.3314
			}
			{poly "sub_piece04"}
		}
		{bone "sub_piece03"
			{matrix34
				-0.3828 	 0.9238 	 0
				-0.9238 	 -0.3828 	 0
				0 	 0 	 1
				2.3969 	 30.5626 	 17.338
			}
			{poly "sub_piece03"}
		}
		{bone "piece02"
			{matrix34
				-0.3828 	 0.9238 	 0
				-0.9238 	 -0.3828 	 0
				0 	 0 	 1
				-12.3214 	 26.594 	 8.0808
			}
			{poly "piece02"}
		}
		{bone "sub_piece05"
			{matrix34
				0.9238 	 0.3828 	 0
				-0.3828 	 0.9238 	 0
				0 	 0 	 1
				-10.0432 	 26.0048 	 -10.9099
			}
			{poly "sub_piece05"}
		}
		{bone "piece01"
			{matrix34
				-0.9238 	 -0.3828 	 0
				0.3828 	 -0.9238 	 0
				0 	 0 	 1
				-19.8706 	 5.5476 	 -5.4254
			}
			{poly "piece01"}
		}
		{bone "sub_piece02"
			{matrix34
				-0.3828 	 0.9238 	 0
				-0.9238 	 -0.3828 	 0
				0 	 0 	 1
				-23.3295 	 11.2177 	 17.4937
			}
			{poly "sub_piece02"}
		}
		{bone "piece03"
			{matrix34
				1 	 0 	 0
				0 	 0.9593 	 0.2823
				0 	 -0.2823 	 0.9593
				3.5379 	 17.6479 	 28.9383
			}
			{poly "piece03"}
		}
		{bone "sub_piece01"
			{matrix34
				0 	 0.9522 	 0.3053
				-1 	 0 	 0
				0 	 -0.3053 	 0.9522
				4.336 	 14.0213 	 30.2488
			}
			{poly "sub_piece01"}
		}
		{bone "stones_x016"
			{parameters "land;ground;"}
			{matrix34
				-0.7071 	 0.7071 	 0
				-0.7071 	 -0.7071 	 0
				0 	 0 	 1
				16.5562 	 38.841 	 -45.2153
			}
			{poly "stones_x016" {ground}}
		}
	}
}
{"volumes"
	{"body01"
		{polyhedron}
		{bone "station004_piece_003"}
		{matrix34
			-1 	 0 	 0
			0 	 -1 	 0
			0 	 0 	 1
			-5.8578 	 25.4335 	 -35.536
		}
	}
	{"body02"
		{polyhedron}
		{bone "station004_piece_003"}
		{matrix34
			0 	 1 	 0
			-1 	 0 	 0
			0 	 0 	 1
			-22.2961 	 3.3354 	 -33.4043
		}
	}
	{"piece01"
		{box 16.8554 5.90551 12.8104}
		{bone "piece01"}
		{matrix34
			0.3828 	 0.9238 	 0
			-0.9238 	 0.3828 	 0
			0 	 0 	 1
			0 	 0 	 0.0261
		}
	}
	{"piece02"
		{box 16.8554 5.90551 12.8104}
		{bone "piece02"}
		{matrix34
			0.3828 	 0.9238 	 0
			-0.9238 	 0.3828 	 0
			0 	 0 	 1
			0 	 0 	 0.0261
		}
	}
	{"piece03"
		{box 9.86176 31.9857 0.834458}
		{bone "piece03"}
		{matrix34
			1 	 0 	 0
			0 	 0.8625 	 -0.506
			0 	 0.506 	 0.8625
			-19.8859 	 3.488 	 -1.9549
		}
	}
	{"sub_piece01"
		{box 9.8222 21.874 0.843178}
		{bone "sub_piece01"}
		{matrix34
			0 	 -1 	 0
			0.8501 	 0 	 -0.5266
			0.5266 	 0 	 0.8501
			-0.2824 	 -0.0286 	 0.0659
		}
	}
	{"sub_piece02"
		{box 11.0764 5.90551 10.9079}
		{bone "sub_piece02"}
		{matrix34
			-0.9238 	 0.3828 	 0
			-0.3828 	 -0.9238 	 0
			0 	 0 	 1
			0 	 0 	 -0.2511
		}
	}
	{"sub_piece03"
		{box 9.27048 5.90551 9.59499}
		{bone "sub_piece03"}
		{matrix34
			0.3828 	 0.9238 	 0
			-0.9238 	 0.3828 	 0
			0 	 0 	 1
			0 	 0 	 0.3423
		}
	}
	{"sub_piece04"
		{box 9.27048 5.90551 9.59499}
		{bone "sub_piece04"}
		{matrix34
			0.3828 	 0.9238 	 0
			-0.9238 	 0.3828 	 0
			0 	 0 	 1
			0 	 0 	 0.3423
		}
	}
	{"sub_piece05"
		{box 11.0764 5.90551 10.9079}
		{bone "sub_piece05"}
		{matrix34
			-0.9238 	 0.3828 	 0
			-0.3828 	 -0.9238 	 0
			0 	 0 	 1
			0 	 0 	 -0.2511
		}
	}
	{"target_vol_01"
		{box 11.811 11.811 19.685}
		{bone "station004_piece_003"}
		{matrix34
			0 	 1 	 0
			-1 	 0 	 0
			0 	 0 	 1
			23.9024 	 16.0269 	 -25.5303
		}
	}
	{"target_vol_02"
		{box 11.811 11.811 19.685}
		{bone "station004_piece_003"}
		{matrix34
			-0.766 	 0.6428 	 0
			-0.6428 	 -0.766 	 0
			0 	 0 	 1
			-6.5733 	 14.5959 	 -25.5303
		}
	}
	{"target_vol_03"
		{box 11.811 11.811 19.685}
		{bone "station004_piece_003"}
		{matrix34
			0 	 1 	 0
			-1 	 0 	 0
			0 	 0 	 1
			-8.3981 	 -4.5961 	 -25.5303
		}
	}
}
