;Exported by:	 tolokolnikova
;Date:			 10.06.2018 11:26:21
;File:			 D:\gem2\gem2-mdl-soldiers\models\building\b3\vil_build_004_x.max
{skeleton
	{bone "b4_vil_piece_04_point"
		{orientation
			1 	 0 	 0
			0 	 -1 	 0
			0 	 0 	 1
		}
		{bone "piece11"
			{matrix34
				-1 	 0 	 0
				0 	 -1 	 0
				0 	 0 	 1
				24.6125 	 -39.4138 	 -8.8445
			}
			{poly "piece11"}
		}
		{bone "piece09"
			{matrix34
				-0.9999 	 -0.0155 	 0
				0.0155 	 -0.9999 	 0
				0 	 0 	 1
				24.0657 	 0.421 	 -3.2585
			}
			{poly "piece09"}
		}
		{bone "piece10"
			{matrix34
				-1 	 0 	 0
				0 	 -1 	 0
				0 	 0 	 1
				24.6125 	 -5.7173 	 -21.4187
			}
			{poly "piece10"}
		}
		{bone "piece12"
			{matrix34
				-1 	 0 	 0
				0 	 -1 	 0
				0 	 0 	 1
				24.6125 	 39.2066 	 -16.2363
			}
			{poly "piece12"}
		}
		{bone "piece13"
			{matrix34
				0 	 1 	 0
				-1 	 0 	 0
				0 	 0 	 1
				13.6078 	 -49.0473 	 -18.3512
			}
			{poly "piece13"}
		}
		{bone "piece14"
			{matrix34
				-0.0214 	 0.9989 	 0.0423
				-0.9978 	 -0.024 	 0.0615
				0.0625 	 -0.0409 	 0.9972
				6.1364 	 -49.1213 	 -5.1764
			}
			{poly "piece14"}
		}
		{bone "piece05"
			{Position 3.2042 	 0.7951 	 34.2964}
			{poly "piece05"}
		}
		{bone "b4_vil_piece_04"
			{Position -25.7132 	 67.7366 	 -65.3502}
			{poly "b4_vil_piece_04"}
		}
		{bone "piece06"
			{Position 2.608 	 -51.758 	 3.9242}
			{poly "piece06"}
		}
		{bone "piece15"
			{Position 27.8882 	 3.3279 	 10.0147}
			{poly "piece15"}
		}
		{bone "piece07"
			{Position -20.1222 	 27.1081 	 59.0816}
			{poly "piece07"}
		}
		{bone "piece08"
			{matrix34
				-0.7071 	 0 	 0.7071
				0.7071 	 0 	 0.7071
				0 	 1 	 0
				-25.2158 	 18.3285 	 61.9333
			}
			{poly "piece08"}
		}
		{bone "piece03"
			{matrix34
				0.0127 	 0.9998 	 0.012
				0.7268 	 -0.0175 	 0.6866
				0.6867 	 0 	 -0.7269
				0.6396 	 -11.9282 	 37.9108
			}
			{poly "piece03"}
		}
		{bone "piece01"
			{matrix34
				0.0127 	 0.9998 	 0.012
				0.7268 	 -0.0175 	 0.6866
				0.6867 	 0 	 -0.7269
				-18.9642 	 -24.6139 	 57.6538
			}
			{poly "piece01"}
		}
		{bone "piece02"
			{matrix34
				0.0127 	 0.9998 	 0.012
				0.7268 	 -0.0175 	 0.6866
				0.6867 	 0 	 -0.7269
				4.7135 	 -48.9362 	 32.2182
			}
			{poly "piece02"}
		}
		{bone "piece04"
			{matrix34
				0.0368 	 0.9986 	 0.0372
				0.7015 	 -0.0523 	 0.7107
				0.7117 	 0 	 -0.7025
				23.1045 	 -32.1797 	 15.1277
			}
			{poly "piece04"}
		}
		{bone revolute "attach1"
			{Position 4.1157 	 -22.7135 	 -53.4458}
		}
		{bone "fort_wall"
			{matrix34
				0 	 -1 	 0
				1 	 0 	 0
				0 	 0 	 1
				31.9932 	 -31.492 	 -56.2702
			}
		}
		{bone revolute "attach2"
			{Position 4.1157 	 23.2625 	 -53.4458}
		}
		{bone "debris_land_001"
			{parameters "commonmesh;land;ground;"}
			{matrix34
				-1 	 0 	 0
				0 	 -1 	 0
				0 	 0 	 1
				35.9436 	 -23.4839 	 -61.8854
			}
			{poly "debris_land_001" {ground}}
		}
		{bone "stones_001"
			{parameters "commonmesh;land;ground;"}
			{matrix34
				-1 	 0 	 0
				0 	 -1 	 0
				0 	 0 	 1
				35.9302 	 -23.4839 	 -61.8854
			}
			{poly "stones_001" {ground}}
		}
	}
}
{volume "body01"
	{box 52.6592 5.90551 18.3664}
	{bone "b4_vil_piece_04"}
	{matrix34
		-1 	 0 	 0
		0 	 -1 	 0
		0 	 0 	 1
		26.0732 	 -119.188 	 18.0335
	}
}
{volume "body02"
	{polyhedron}
	{bone "b4_vil_piece_04"}
	{matrix34
		-1 	 0 	 0
		0 	 -1 	 0
		0 	 0 	 1
		41.2641 	 -119.188 	 25.9954
	}
}
{volume "body03"
	{box 6.8457 5.90551 9.36686}
	{bone "b4_vil_piece_04"}
	{matrix34
		-1 	 0 	 0
		0 	 -1 	 0
		0 	 0 	 1
		10.6877 	 -119.189 	 31.418
	}
}
{volume "body04"
	{box 103.212 5.90551 18.3664}
	{bone "b4_vil_piece_04"}
	{matrix34
		0 	 -1 	 0
		1 	 0 	 0
		0 	 0 	 1
		49.1128 	 -69.3 	 18.0335
	}
}
{volume "body05"
	{box 28.8994 5.90551 9.70347}
	{bone "b4_vil_piece_04"}
	{matrix34
		0 	 -1 	 0
		1 	 0 	 0
		0 	 0 	 1
		49.1128 	 -69.3 	 32.0028
	}
}
{volume "body06"
	{box 22.2525 5.90551 8.78832}
	{bone "b4_vil_piece_04"}
	{matrix34
		0 	 -1 	 0
		1 	 0 	 0
		0 	 0 	 1
		49.1129 	 -110.499 	 31.5452
	}
}
{volume "body07"
	{box 11.5713 5.90551 6.06394}
	{bone "b4_vil_piece_04"}
	{matrix34
		0 	 -1 	 0
		1 	 0 	 0
		0 	 0 	 1
		49.1128 	 -33.3294 	 30.183
	}
}
{volume "piece01"
	{box 15.3892 1.00394 20.2112}
	{bone "piece01"}
	{matrix34
		-0.9996 	 0.0213 	 0.0185
		0.0212 	 0.9997 	 -0.008
		-0.0186 	 -0.0076 	 -0.9998
		0.0543 	 -0.0235 	 0.1351
	}
}
{volume "piece02"
	{box 10.9923 1.00394 11.1912}
	{bone "piece02"}
	{matrix34
		-0.9996 	 0.0213 	 0.0185
		0.0208 	 0.9994 	 -0.0272
		-0.019 	 -0.0268 	 -0.9995
		-0.0324 	 -0.0439 	 0.0921
	}
}
{volume "piece03"
	{box 10.9923 1.00394 24.061}
	{bone "piece03"}
	{matrix34
		-0.9996 	 0.0213 	 0.0185
		0.0208 	 0.9994 	 -0.0272
		-0.019 	 -0.0268 	 -0.9995
		-0.0023 	 -0.2012 	 -0.1206
	}
}
{volume "piece04"
	{box 10.9923 1.00394 26.6456}
	{bone "piece04"}
	{matrix34
		-0.9983 	 0.0555 	 0.0186
		0.0557 	 0.9984 	 0.0077
		-0.0181 	 0.0087 	 -0.9998
		-0.0682 	 -0.0882 	 -0.5507
	}
}
{volume "piece05"
	{box 4.30899 3.25276 49.0411}
	{bone "piece05"}
	{matrix34
		-0.0085 	 -0.9999 	 0.0133
		0.7103 	 0.0033 	 0.7039
		-0.7039 	 0.0154 	 0.7102
		-1.7755 	 0.1896 	 -0.0839
	}
}
{volume "piece06"
	{box 36.6411 5.90551 4.76751}
	{bone "piece06"}
	{matrix34
		-0.9984 	 -0.0235 	 0.0508
		0.0214 	 -0.9989 	 -0.0423
		0.0517 	 -0.0411 	 0.9978
		3.5034 	 2.6357 	 -9.089
	}
}
{volume "piece07"
	{box 45.0905 1.00394 4.34542}
	{bone "piece07"}
	{matrix34
		-0.0133 	 -0.9999 	 -0.0014
		0.7216 	 -0.0106 	 0.6923
		-0.6922 	 0.0082 	 0.7216
		-0.0252 	 -0.7429 	 -0.0523
	}
}
{volume "piece08"
	{box 60.4212 3.0315 3.34597}
	{bone "piece08"}
	{matrix34
		0.0084 	 -0.0104 	 -0.9999
		-0.0207 	 0.9997 	 -0.0106
		0.9998 	 0.0208 	 0.0082
		0.2593 	 -0.1676 	 0.0712
	}
}
{volume "piece09"
	{box 36.6411 5.90551 4.76751}
	{bone "piece09"}
	{matrix34
		0 	 0.9999 	 -0.0108
		-1 	 0 	 0
		0 	 0.0108 	 0.9999
		0 	 0.0257 	 0.0101
	}
}
{volume "piece10"
	{box 10.9923 5.90551 4.76751}
	{bone "piece10"}
	{matrix34
		0 	 0.9999 	 -0.0108
		-1 	 0 	 0
		0 	 0.0108 	 0.9999
		0 	 0.3264 	 0.0629
	}
}
{volume "piece11"
	{box 10.9923 5.90551 4.76751}
	{bone "piece11"}
	{matrix34
		0 	 0.9999 	 -0.0108
		-1 	 0 	 0
		0 	 0.0108 	 0.9999
		0 	 0.3264 	 0.0629
	}
}
{volume "piece12"
	{box 10.9923 5.90551 4.76751}
	{bone "piece12"}
	{matrix34
		0 	 0.9999 	 -0.0108
		-1 	 0 	 0
		0 	 0.0108 	 0.9999
		0 	 0.3264 	 0.0629
	}
}
{volume "piece13"
	{box 10.9923 5.90551 4.76751}
	{bone "piece13"}
	{matrix34
		0 	 0.9999 	 -0.0108
		-1 	 0 	 0
		0 	 0.0108 	 0.9999
		0 	 0.0257 	 0.0629
	}
}
{volume "piece14"
	{box 51.2975 4.78346 3.38493}
	{bone "piece14"}
	{matrix34
		0 	 0.9979 	 -0.0655
		-1 	 0 	 0
		0 	 0.0655 	 0.9979
		-2.2078 	 3.9612 	 8.7709
	}
}
{volume "piece15"
	{box 36.6411 1.00394 4.76751}
	{bone "piece15"}
	{matrix34
		0.0155 	 -0.9998 	 -0.0108
		0.7549 	 0.0046 	 0.6558
		-0.6556 	 -0.0183 	 0.7549
		0.1501 	 -2.9661 	 0.1093
	}
}
{volume "target_vol_01"
	{box 9.84252 9.84252 15.6501}
	{bone "b4_vil_piece_04_point"}
	{matrix34
		1 	 0 	 0
		0 	 1 	 0
		0 	 0 	 1
		4.1157 	 -22.7135 	 -35.2458
	}
}
{volume "target_vol_02"
	{box 9.84252 9.84252 15.6501}
	{bone "b4_vil_piece_04_point"}
	{matrix34
		1 	 0 	 0
		0 	 1 	 0
		0 	 0 	 1
		4.1157 	 23.2625 	 -35.2458
	}
}
