;Exported by:	 tolokolnikova
;Date:			 27.01.2016 10:39:34
;File:			 D:\gem2\gem2-mdl-soldiers\models\entourage\bench\bench[max2012].max
{skeleton
	{bone "bench_wood_basis_x"
		{orientation
			1 	 0 	 0
			0 	 -1 	 0
			0 	 0 	 1
		}
		{bone "piece01"
			{Position 19.5063 	 -0.2886 	 8.8663}
			{poly "piece01"}
		}
		{bone "piece02"
			{Position -19.5873 	 -0.2886 	 8.8663}
			{poly "piece02"}
		}
		{bone "piece08"
			{Position -4.7276 	 -2.4682 	 5.6192}
			{poly "piece08"}
		}
		{bone "piece04"
			{matrix34
				-1 	 0 	 0
				0 	 0.9063 	 -0.4226
				0 	 0.4226 	 0.9063
				12.715 	 0.3048 	 8.2703
			}
			{poly "piece04"}
		}
		{bone "piece05"
			{Position -8.6628 	 7.085 	 15.6399}
			{poly "piece05"}
		}
		{bone "piece06"
			{matrix34
				1 	 0 	 0
				0 	 -1 	 0
				0 	 0 	 1
				11.2979 	 -7.0554 	 7.851
			}
			{poly "piece06"}
		}
		{bone "piece07"
			{matrix34
				-1 	 0 	 0
				0 	 1 	 0
				0 	 0 	 1
				8.0524 	 4.7471 	 12.981
			}
			{poly "piece07"}
		}
		{bone "piece03"
			{Position -6.2782 	 -8.3927 	 4.8873}
			{poly "piece03"}
		}
		{bone "piece09"
			{matrix34
				-1 	 0 	 0
				0 	 1 	 0
				0 	 0 	 1
				-8.897 	 2.3194 	 8.4032
			}
			{poly "piece09"}
		}
		{bone "fx_wood2"
			{parameters "lastpose=undefined;"}
		}
		{bone "fx_wood1"
		}
	}
}
{volume "piece01"
	{box 1.19081 13.4845 7.97229}
	{bone "piece01"}
	{Position 0.0249 	 -1.6766 	 -3.436}
}
{volume "piece02"
	{box 1.19081 13.4845 8.33776}
	{bone "piece02"}
	{Position 0.1297 	 -1.7792 	 -3.2982}
}
{volume "piece04"
	{box 12.9977 0.626831 3.3331}
	{bone "piece04"}
	{matrix34
		-1 	 0 	 0
		0 	 0.866 	 -0.5
		0 	 0.5 	 0.866
		-0.1336 	 0.2901 	 0.3462
	}
}
{volume "piece05"
	{box 21.5551 0.626831 2.13318}
	{bone "piece05"}
	{matrix34
		1 	 0 	 0
		0 	 0.866 	 -0.5
		0 	 0.5 	 0.866
		0.3435 	 -0.4045 	 0.1956
	}
}
{volume "piece06"
	{box 12.9977 0.626831 3.3331}
	{bone "piece06"}
	{matrix34
		0.9848 	 0 	 0.1736
		0.173 	 -0.0872 	 -0.9811
		-0.0151 	 -0.9962 	 0.0858
		1.4332 	 -0.0943 	 -0.3932
	}
}
{volume "piece07"
	{box 21.5551 0.626831 2.13318}
	{bone "piece07"}
	{matrix34
		-1 	 0 	 0
		0 	 0.866 	 -0.5
		0 	 0.5 	 0.866
		0 	 0.0655 	 0.1135
	}
}
{volume "piece08"
	{box 21.5551 0.626831 3.3331}
	{bone "piece08"}
	{matrix34
		0.9848 	 0 	 -0.1736
		0.171 	 0.1736 	 0.9698
		0.0302 	 -0.9848 	 0.171
		-4.0364 	 -0.1789 	 0.7641
	}
}
{volume "piece09"
	{box 21.5551 0.626831 3.3331}
	{bone "piece09"}
	{matrix34
		-1 	 0 	 0
		0 	 0.9397 	 -0.342
		0 	 0.342 	 0.9397
		-0.5778 	 -0.1323 	 0.6683
	}
}
{volume "sub_piece03"
	{box 23.9261 0.626831 1.36657}
	{bone "piece03"}
	{matrix34
		0.9254 	 -0.1632 	 -0.342
		0.3619 	 0.1125 	 0.9254
		-0.1125 	 -0.9802 	 0.1632
		-1.9742 	 0.3102 	 -0.5191
	}
}
