;Exported by	: KobaA
;Date			: 23.05.2024 17:05:29
;File			: d:\git\gem2-mdl-soldiers\models\entourage\coaster_ship_crate\coaster_ship_crate.max
{skeleton
	{bone "basis_2_x"
		{orientation
			1 	 0 	 0
			0 	 -1 	 0
			0 	 0 	 1
		}
		{bone "fx_wood"
			{Position 0 	 0 	 0}
		}
		{bone "piece01"
			{Position -10.7585 	 21.4166 	 13.1426}
			{poly "piece01"}
		}
		{bone "piece02"
			{Position 21.3748 	 9.3239 	 19.7107}
			{poly "piece02"}
		}
		{bone "piece03"
			{matrix34
				-0.0872 	 0 	 -0.9962
				0 	 1 	 0
				0.9962 	 0 	 -0.0872
				2.7741 	 11.3552 	 20.13
			}
			{poly "piece03"}
		}
		{bone "piece04"
			{matrix34
				0.0871 	 -0.0023 	 -0.9962
				-0.0262 	 -0.9997 	 0
				-0.9959 	 0.0261 	 -0.0872
				21.4026 	 -14.617 	 20.13
			}
			{poly "piece04"}
		}
		{bone "piece05"
			{matrix34
				0.0871 	 -0.0023 	 -0.9962
				-0.0262 	 -0.9997 	 0
				-0.9959 	 0.0261 	 -0.0872
				-9.4562 	 -11.7473 	 20.13
			}
			{poly "piece05"}
		}
		{bone "piece06"
			{matrix34
				0.0851 	 0.0189 	 -0.9962
				0.2164 	 -0.9763 	 0
				-0.9726 	 -0.2156 	 -0.0872
				16.5616 	 0.9103 	 44.5112
			}
			{poly "piece06"}
		}
		{bone "piece07"
			{matrix34
				-0.9763 	 -0.2164 	 0
				0.2164 	 -0.9763 	 0
				0 	 0 	 1
				-21.5764 	 -14.2392 	 37.5238
			}
			{poly "piece07"}
		}
		{bone "piece08"
			{matrix34
				0.0047 	 -0.9998 	 -0.0185
				-1 	 -0.0047 	 0.0009
				-0.001 	 0.0185 	 -0.9998
				-24.2248 	 20.614 	 9.9014
			}
			{poly "piece08"}
		}
		{bone "piece09"
			{matrix34
				-0.9966 	 0.0261 	 -0.0785
				-0.0262 	 -0.9997 	 0
				-0.0784 	 0.0021 	 0.9969
				27.7784 	 -13.27 	 9.452
			}
			{poly "piece09"}
		}
		{bone "piece10"
			{matrix34
				0.996 	 -0.0435 	 -0.0785
				0.0436 	 0.999 	 0
				0.0784 	 -0.0034 	 0.9969
				-33.3696 	 -9.2349 	 9.452
			}
			{poly "piece10"}
		}
		{bone "piece11"
			{matrix34
				-0.9733 	 -0.2158 	 -0.0785
				0.2164 	 -0.9763 	 0
				-0.0766 	 -0.017 	 0.9969
				30.1675 	 4.8661 	 33.8332
			}
			{poly "piece11"}
		}
		{bone "piece12"
			{matrix34
				-0.9763 	 -0.2164 	 0
				0.2164 	 -0.9763 	 0
				0 	 0 	 1
				-24.9288 	 -4.7071 	 44.0919
			}
			{poly "piece12"}
		}
		{bone "piece13"
			{matrix34
				0.33 	 -0.9438 	 -0.0185
				-0.944 	 -0.33 	 0.0009
				-0.0069 	 0.0172 	 -0.9998
				-14.143 	 5.7569 	 34.2825
			}
			{poly "piece13"}
		}
		{bone "piece14"
			{Position -9.5486 	 11.3848 	 19.7107}
			{poly "piece14"}
		}
		{bone "piece15"
			{matrix34
				0.0215 	 0.9996 	 -0.0185
				0.9998 	 -0.0215 	 0.0009
				0.0005 	 -0.0185 	 -0.9998
				17.2911 	 -21.7097 	 9.9014
			}
			{poly "piece15"}
		}
		{bone "sub_piece01"
			{matrix34
				0.9969 	 0 	 -0.0785
				0 	 1 	 0
				0.0785 	 0 	 0.9969
				-34.4876 	 11.9027 	 9.452
			}
			{poly "sub_piece01"}
		}
		{bone "sub_piece02"
			{matrix34
				-0.0872 	 0 	 -0.9962
				0 	 1 	 0
				0.9962 	 0 	 -0.0872
				-28.1492 	 13.4162 	 20.13
			}
			{poly "sub_piece02"}
		}
		{bone "sub_piece03"
			{matrix34
				-0.9968 	 0.0174 	 -0.0785
				-0.0175 	 -0.9998 	 0
				-0.0784 	 0.0014 	 0.9969
				26.7452 	 9.4697 	 9.452
			}
			{poly "sub_piece03"}
		}
		{bone "sub_piece04"
			{Position 20.1649 	 19.3557 	 13.1426}
			{poly "sub_piece04"}
		}
		{bone "sub_piece05"
			{matrix34
				0.0047 	 -0.9998 	 -0.0185
				-1 	 -0.0047 	 0.0009
				-0.001 	 0.0185 	 -0.9998
				6.6985 	 18.553 	 9.9014
			}
			{poly "sub_piece05"}
		}
		{bone "sub_piece06"
			{matrix34
				-0.9997 	 0.0262 	 0
				-0.0262 	 -0.9997 	 0
				0 	 0 	 1
				2.8616 	 -12.0994 	 19.7107
			}
			{poly "sub_piece06"}
		}
		{bone "sub_piece07"
			{matrix34
				-0.9997 	 0.0262 	 0
				-0.0262 	 -0.9997 	 0
				0 	 0 	 1
				3.8084 	 -22.1595 	 13.1426
			}
			{poly "sub_piece07"}
		}
		{bone "sub_piece08"
			{matrix34
				-0.9997 	 0.0262 	 0
				-0.0262 	 -0.9997 	 0
				0 	 0 	 1
				-27.9973 	 -9.2297 	 19.7107
			}
			{poly "sub_piece08"}
		}
		{bone "sub_piece09"
			{matrix34
				-0.9997 	 0.0262 	 0
				-0.0262 	 -0.9997 	 0
				0 	 0 	 1
				-27.0505 	 -19.2897 	 13.1426
			}
			{poly "sub_piece09"}
		}
		{bone "sub_piece10"
			{matrix34
				0.0215 	 0.9996 	 -0.0185
				0.9998 	 -0.0215 	 0.0009
				0.0005 	 -0.0185 	 -0.9998
				-13.5677 	 -18.8399 	 9.9014
			}
			{poly "sub_piece10"}
		}
		{bone "sub_piece11"
			{matrix34
				-0.9763 	 -0.2164 	 0
				0.2164 	 -0.9763 	 0
				0 	 0 	 1
				-0.6497 	 5.7608 	 44.0919
			}
			{poly "sub_piece11"}
		}
		{bone "sub_piece12"
			{matrix34
				0.9848 	 0.1736 	 0
				-0.1736 	 0.9848 	 0
				0 	 0 	 1
				13.535 	 10.0074 	 37.5238
			}
			{poly "sub_piece12"}
		}
		{bone "sub_piece13"
			{matrix34
				-0.221 	 0.9751 	 -0.0185
				0.9753 	 0.221 	 0.0009
				0.0049 	 -0.0178 	 -0.9998
				22.0335 	 -5.86 	 34.2825
			}
			{poly "sub_piece13"}
		}
		{bone "sub_piece14"
			{matrix34
				0.9769 	 0.1988 	 -0.0785
				-0.1994 	 0.9799 	 0
				0.0769 	 0.0156 	 0.9969
				-30.1402 	 -6.0118 	 33.8332
			}
			{poly "sub_piece14"}
		}
		{bone "sub_piece15"
			{matrix34
				0.0851 	 0.0189 	 -0.9962
				0.2164 	 -0.9763 	 0
				-0.9726 	 -0.2156 	 -0.0872
				-6.3293 	 -2.6644 	 44.5112
			}
			{poly "sub_piece15"}
		}
	}
}
{"volumes"
	{"piece01"
		{box 11.3698 0.896632 4.77911}
		{bone "piece01"}
		{Position 0.0154 	 0.0069 	 -0.0398}
	}
	{"piece02"
		{box 11.6564 3.07534 1.25952}
		{bone "piece02"}
		{Position -0.6933 	 -0.1908 	 0.0024}
	}
	{"piece03"
		{box 0.685231 8.13736 12.7097}
		{bone "piece03"}
		{Position -0.0202 	 2.2643 	 1.1034}
	}
	{"piece04"
		{box 0.685231 8.13736 12.7097}
		{bone "piece04"}
		{Position -0.0202 	 2.2643 	 1.1034}
	}
	{"piece05"
		{box 0.685231 8.13736 12.7097}
		{bone "piece05"}
		{Position -0.0202 	 2.2643 	 1.1034}
	}
	{"piece06"
		{box 0.685231 8.13736 12.7097}
		{bone "piece06"}
		{Position -0.0202 	 2.2644 	 1.1034}
	}
	{"piece07"
		{box 11.3698 0.896632 4.77911}
		{bone "piece07"}
		{Position 0.0154 	 0.0069 	 -0.0398}
	}
	{"piece08"
		{box 0.685231 8.13736 12.7097}
		{bone "piece08"}
		{Position -0.0202 	 2.2643 	 1.1034}
	}
	{"piece09"
		{box 0.685231 12.9164 12.7097}
		{bone "piece09"}
		{Position -0.0202 	 -0.4126 	 1.1034}
	}
	{"piece10"
		{box 0.685231 12.9164 12.7097}
		{bone "piece10"}
		{Position -0.0202 	 -0.4126 	 1.1034}
	}
	{"piece11"
		{box 0.685231 12.9164 12.7097}
		{bone "piece11"}
		{Position -0.0202 	 -0.4126 	 1.1034}
	}
	{"piece12"
		{box 11.6564 3.07534 1.25952}
		{bone "piece12"}
		{Position -0.6934 	 -0.1908 	 0.0024}
	}
	{"piece13"
		{box 0.685231 8.13736 12.7097}
		{bone "piece13"}
		{Position -0.0202 	 2.2643 	 1.1034}
	}
	{"piece14"
		{box 11.6564 3.07534 1.25952}
		{bone "piece14"}
		{Position -0.6933 	 -0.1908 	 0.0024}
	}
	{"piece15"
		{box 0.685231 8.13736 12.7097}
		{bone "piece15"}
		{Position -0.0202 	 2.2643 	 1.1034}
	}
	{"sub_piece01"
		{box 0.685231 12.9164 12.7097}
		{bone "sub_piece01"}
		{Position -0.0202 	 -0.4126 	 1.1034}
	}
	{"sub_piece02"
		{box 0.685231 8.13736 12.7097}
		{bone "sub_piece02"}
		{Position -0.0202 	 2.2643 	 1.1034}
	}
	{"sub_piece03"
		{box 0.685231 12.9164 12.7097}
		{bone "sub_piece03"}
		{Position -0.0203 	 -0.4126 	 1.1034}
	}
	{"sub_piece04"
		{box 11.3698 0.896632 4.77911}
		{bone "sub_piece04"}
		{Position 0.0154 	 0.0069 	 -0.0398}
	}
	{"sub_piece05"
		{box 0.685231 8.13736 12.7097}
		{bone "sub_piece05"}
		{Position -0.0202 	 2.2644 	 1.1034}
	}
	{"sub_piece06"
		{box 11.6564 3.07534 1.25952}
		{bone "sub_piece06"}
		{Position -0.6933 	 -0.1908 	 0.0024}
	}
	{"sub_piece07"
		{box 11.3698 0.896632 4.77911}
		{bone "sub_piece07"}
		{Position 0.0154 	 0.0069 	 -0.0398}
	}
	{"sub_piece08"
		{box 11.6564 3.07534 1.25952}
		{bone "sub_piece08"}
		{Position -0.6933 	 -0.1908 	 0.0024}
	}
	{"sub_piece09"
		{box 11.3698 0.896632 4.77911}
		{bone "sub_piece09"}
		{Position 0.0154 	 0.0069 	 -0.0398}
	}
	{"sub_piece10"
		{box 0.685231 8.13736 12.7097}
		{bone "sub_piece10"}
		{Position -0.0202 	 2.2643 	 1.1034}
	}
	{"sub_piece11"
		{box 11.6564 3.07534 1.25952}
		{bone "sub_piece11"}
		{Position -0.6933 	 -0.1908 	 0.0024}
	}
	{"sub_piece12"
		{box 11.3698 0.896632 4.77911}
		{bone "sub_piece12"}
		{Position 0.0154 	 0.0069 	 -0.0398}
	}
	{"sub_piece13"
		{box 0.685231 8.13736 12.7097}
		{bone "sub_piece13"}
		{Position -0.0202 	 2.2643 	 1.1034}
	}
	{"sub_piece14"
		{box 0.685231 12.9164 12.7097}
		{bone "sub_piece14"}
		{Position -0.0202 	 -0.4125 	 1.1034}
	}
	{"sub_piece15"
		{box 0.685231 8.13736 12.7097}
		{bone "sub_piece15"}
		{Position -0.0202 	 2.2643 	 1.1034}
	}
}
