;Exported by	: KobaA
;Date			: 12.12.2023 17:17:34
;File			: d:\git\gem2-mdl-soldiers\models\landscape\rock\rock_m10_g2\rock_m10_g2.max
{skeleton
	{bone "rock_m10c_g2"
		{orientation
			1 	 0 	 0
			0 	 -1 	 0
			0 	 0 	 1
		}
		{poly "rock_m10c_g2"}
	}
}
{obstacle "obstacle00"
	{polygon2
		{radius 0}
		{vertex -33.0964 -51.801}
		{vertex -14.3907 -64.9567}
		{vertex 24.4597 -48.3065}
		{vertex 27.132 -26.3119}
		{vertex 17.4707 52.0056}
		{vertex -7.49917 65.1273}
		{vertex -54.379 41.6155}
		{vertex -54.6991 6.79058}
	}
	{rotate}
}
{obstacle "obstacle01"
	{polygon2
		{radius 0}
		{vertex 57.5805 -24.9907}
		{vertex 58.7878 -1.23389}
		{vertex 44.1932 26.5165}
		{vertex -55.2213 -7.20378}
		{vertex -58.7911 -21.7896}
		{vertex -47.2891 -38.9778}
		{vertex 42.7138 -30.5079}
	}
	{rotate}
}
{"volumes"
	{"rock01"
		{polyhedron}
		{bone "rock_m10c_g2"}
		{matrix34
			0.8996 	 0.3775 	 0.2196
			0.4332 	 -0.8352 	 -0.3389
			0.0554 	 0.4 	 -0.9149
			-20.6895 	 -26.6421 	 3.8185
		}
	}
	{"rock02"
		{polyhedron}
		{bone "rock_m10c_g2"}
		{matrix34
			-0.0528 	 0.9566 	 -0.2867
			0.3337 	 -0.2537 	 -0.9079
			-0.9412 	 -0.1436 	 -0.3059
			-38.6984 	 19.6453 	 -6.4973
		}
	}
	{"rock03"
		{polyhedron}
		{bone "rock_m10c_g2"}
		{matrix34
			0.9416 	 -0.3366 	 0
			0.3366 	 0.9416 	 0
			0 	 0 	 1
			29.4175 	 6.3248 	 18.3828
		}
	}
	{"rock04"
		{polyhedron}
		{bone "rock_m10c_g2"}
		{matrix34
			-0.365 	 -0.3618 	 0.8578
			0.6484 	 0.5624 	 0.5131
			-0.6681 	 0.7435 	 0.0293
			-0.0871 	 40.8384 	 10.1298
		}
	}
}
