;Exported by:	 kobaa
;Date:			 01.04.2020 16:27:42
;File:			 C:\Users\kobaa\Desktop\fence_wood_ru_001.max
{skeleton
	{bone "fence01"
		{orientation
			1 	 0 	 0
			0 	 -1 	 0
			0 	 0 	 1
		}
		{bone "cylinder012"
			{Position -119.527 	 2.3343 	 -2.4934}
			{poly "cylinder012"}
		}
		{bone "cylinder013"
			{matrix34
				0.9848 	 0.1736 	 0
				-0.1736 	 0.9848 	 0
				0 	 0 	 1
				-40.8909 	 3.1692 	 -2.4934
			}
			{poly "cylinder013"}
		}
		{bone "cylinder014"
			{matrix34
				0.9659 	 0.2588 	 0
				-0.2588 	 0.9659 	 0
				0 	 0 	 1
				36.0112 	 3.237 	 14.4918
			}
			{poly "cylinder014"}
		}
		{bone "cylinder015"
			{matrix34
				0 	 -0.2079 	 -0.9781
				0 	 0.9781 	 -0.2079
				1 	 0 	 0
				-113.801 	 0.0547 	 22.9615
			}
			{poly "cylinder015"}
		}
		{bone "cylinder016"
			{matrix34
				0 	 -0.1908 	 -0.9816
				0 	 0.9816 	 -0.1908
				1 	 0 	 0
				-6.7905 	 0.5896 	 23.1004
			}
			{poly "cylinder016"}
		}
		{bone "cylinder017"
			{matrix34
				0 	 -0.1564 	 -0.9877
				0 	 0.9877 	 -0.1564
				1 	 0 	 0
				-6.7905 	 0.7326 	 6.8816
			}
			{poly "cylinder017"}
		}
		{bone "cylinder018"
			{matrix34
				0 	 -0.1564 	 -0.9877
				0 	 0.9877 	 -0.1564
				1 	 0 	 0
				-113.799 	 0.8955 	 9.3897
			}
			{poly "cylinder018"}
		}
		{bone "cylinder019"
			{matrix34
				0.9848 	 0.1736 	 0
				-0.1736 	 0.9848 	 0
				0 	 0 	 1
				96.1896 	 3.1692 	 -2.4934
			}
			{poly "cylinder019"}
		}
		{bone "cylinder020"
			{matrix34
				0 	 -0.1908 	 -0.9816
				0 	 0.9816 	 -0.1908
				1 	 0 	 0
				61.1151 	 0.5896 	 26.0773
			}
			{poly "cylinder020"}
		}
		{bone "cylinder021"
			{matrix34
				0 	 -0.1564 	 -0.9877
				0 	 0.9877 	 -0.1564
				1 	 0 	 0
				61.8474 	 0.7326 	 11.0077
			}
			{poly "cylinder021"}
		}
		{bone "climb5"
			{matrix34
				0 	 -1 	 0
				1 	 0 	 0
				0 	 0 	 1
				-87.864 	 24.1954 	 0
			}
			{visibility 0}
		}
		{bone "climb4"
			{matrix34
				0 	 1 	 0
				-1 	 0 	 0
				0 	 0 	 1
				-87.864 	 -17.462 	 0
			}
			{visibility 0}
		}
		{bone "climb2"
			{matrix34
				0 	 -1 	 0
				1 	 0 	 0
				0 	 0 	 1
				-13.9825 	 24.1954 	 0
			}
			{visibility 0}
		}
		{bone "climb3"
			{matrix34
				0 	 1 	 0
				-1 	 0 	 0
				0 	 0 	 1
				-13.9825 	 -17.462 	 0
			}
			{visibility 0}
		}
		{bone "climb1"
			{matrix34
				0 	 -1 	 0
				1 	 0 	 0
				0 	 0 	 1
				61.2135 	 24.1954 	 0
			}
			{visibility 0}
		}
		{bone "climb6"
			{matrix34
				0 	 1 	 0
				-1 	 0 	 0
				0 	 0 	 1
				61.2135 	 -17.462 	 0
			}
			{visibility 0}
		}
	}
}
{obstacle "obstacle001"
	{obb2
		{center 85.3358 -2.80904}
		{extent 13.931 2.52119}
		{axis -0.999483 0.032152}
	}
	{rotate}
}
{obstacle "obstacle002"
	{obb2
		{center 23.9441 -3.70178}
		{extent 28.7908 2.52119}
		{axis -1 0}
	}
	{rotate}
}
{obstacle "obstacle003"
	{obb2
		{center -48.3987 -2.82574}
		{extent 27.5138 2.52119}
		{axis -1 0}
	}
	{rotate}
}
{obstacle "obstacle004"
	{obb2
		{center -113.729 -2.56238}
		{extent 13.6989 2.52119}
		{axis -0.999978 0.00657653}
	}
	{rotate}
}
{volume "body01"
	{cylinder 1.9685 33.0874}
	{bone "fence01"}
	{matrix34
		1 	 0 	 0
		0 	 1 	 0.0044
		0 	 -0.0044 	 1
		96.2005 	 3.2954 	 16.5436
	}
}
{volume "body02"
	{cylinder 1.9685 33.0874}
	{bone "fence01"}
	{matrix34
		1 	 0 	 0
		0 	 1 	 0.0044
		0 	 -0.0044 	 1
		35.8107 	 3.2954 	 16.5436
	}
}
{volume "body03"
	{cylinder 1.5748 87.4555}
	{bone "fence01"}
	{matrix34
		0.0698 	 0 	 0.9976
		-0.0044 	 1 	 0.0003
		-0.9976 	 -0.0044 	 0.0698
		-82.5161 	 0.3909 	 6.3331
	}
}
{volume "body04"
	{cylinder 1.5748 84.043}
	{bone "fence01"}
	{matrix34
		0 	 0 	 1
		-0.0044 	 1 	 0
		-1 	 -0.0044 	 0
		-80.0126 	 1.6489 	 23.2823
	}
}
{volume "body05"
	{cylinder 1.5748 86.6156}
	{bone "fence01"}
	{matrix34
		-0.0349 	 0 	 0.9994
		-0.0044 	 1 	 -0.0002
		-0.9994 	 -0.0044 	 -0.0349
		-3.8344 	 0.3927 	 21.1612
	}
}
{volume "body06"
	{cylinder 1.5748 83.2359}
	{bone "fence01"}
	{matrix34
		0 	 0 	 1
		-0.0044 	 1 	 0
		-1 	 -0.0044 	 0
		-2.9433 	 0.4002 	 7.1809
	}
}
{volume "body07"
	{cylinder 1.5748 66.1696}
	{bone "fence01"}
	{matrix34
		0 	 0 	 1
		-0.0044 	 1 	 0
		-1 	 -0.0044 	 0
		65.893 	 0.4378 	 25.8084
	}
}
{volume "body08"
	{cylinder 1.5748 68.8976}
	{bone "fence01"}
	{matrix34
		0 	 0 	 1
		-0.0044 	 1 	 0
		-1 	 -0.0044 	 0
		65.0645 	 0.4318 	 10.2378
	}
}
{volume "body09"
	{cylinder 1.9685 33.0874}
	{bone "fence01"}
	{matrix34
		1 	 0 	 0
		0 	 1 	 0.0044
		0 	 -0.0044 	 1
		-119.709 	 2.1581 	 16.5436
	}
}
{volume "body10"
	{cylinder 1.9685 33.0874}
	{bone "fence01"}
	{matrix34
		1 	 0 	 0
		0 	 1 	 0.0044
		0 	 -0.0044 	 1
		-41.436 	 3.2954 	 16.5436
	}
}
