;Exported by:	 KobaA
;Date:			 07.07.2022 10:44:28
;File:			 G:\_GIT_\gem2\gem2-mdl-soldiers\models\unit\vehicle\M1_mortar_81mm\M1_Mortar_81mm_xx.max
{skeleton
	{bone revolute "turret"
		{limits -180 180}
		{orientation
			1 	 0 	 0
			0 	 -1 	 0
			0 	 0 	 1
		}
		{bone "part1"
			{Position 0 	 0 	 0.7149}
			{LODView
				{poly "part1"}
				{poly "part1_lod1"}
				{poly "part1_lod2"}
				{poly "part1_lod3"}
			}
		}
		{bone "part3"
			{matrix34
				0.9397 	 0 	 0.342
				0 	 1 	 0
				-0.342 	 0 	 0.9397
				10.4569 	 0.0403 	 11.016
			}
			{LODView
				{poly "part3"}
				{poly "part3_lod1"}
				{poly "part3_lod2"}
				{poly "part3_lod3"}
			}
		}
		{bone "part2"
			{matrix34
				0.866 	 0 	 -0.5
				0 	 1 	 0
				0.5 	 0 	 0.866
				-0.1582 	 0 	 0.6079
			}
			{LODView
				{poly "part2"}
				{poly "part2_lod1"}
				{poly "part2_lod2"}
				{poly "part2_lod3"}
			}
		}
	}
}
{volume "part1"
	{box 6.73964 11.4623 1.80861}
	{bone "part1"}
	{matrix34
		0.9848 	 0 	 -0.1736
		0 	 1 	 0
		0.1736 	 0 	 0.9848
		-0.2239 	 0.0353 	 0.0485
	}
}
{volume "part2"
	{cylinder 0.984252 21.0802}
	{bone "part2"}
	{Position 0.1667 	 -0.466 	 10.6363}
}
{volume "part3_01"
	{cylinder 0.393701 11.6672}
	{bone "part3"}
	{matrix34
		-0.9959 	 -0.0298 	 -0.0859
		-0.0226 	 0.9962 	 -0.0842
		0.0881 	 -0.0819 	 -0.9927
		0.2304 	 -0.2004 	 -3.1402
	}
}
{volume "part3_02"
	{cylinder 0.393701 11.6672}
	{bone "part3"}
	{matrix34
		1 	 0 	 0
		0 	 -0.9063 	 -0.4226
		0 	 0.4226 	 -0.9063
		-0.3417 	 3.3127 	 -6.5974
	}
}
{volume "part3_03"
	{cylinder 0.393701 11.6672}
	{bone "part3"}
	{matrix34
		1 	 0 	 0
		0 	 -0.9063 	 0.4226
		0 	 -0.4226 	 -0.9063
		-0.1253 	 -3.5492 	 -6.6762
	}
}
