;Exported by:	 tolokolnikova
;Date:			 27.06.2017 14:57:07
;File:			 D:\gem2\gem2-mdl-soldiers\models\building\house_D\D_005_cut_x_fort.max
{skeleton
	{bone "d005_piece16_point"
		{orientation
			1 	 0 	 0
			0 	 -1 	 0
			0 	 0 	 1
		}
		{bone "piece01"
			{Position -26.7143 	 -46.8417 	 8.1431}
			{poly "piece01"}
		}
		{bone "piece02"
			{Position 10.7719 	 -46.8999 	 0.9463}
			{poly "piece02"}
		}
		{bone "sub_piece01"
			{Position -5.1336 	 -46.9098 	 9.3962}
			{poly "sub_piece01"}
		}
		{bone "sub_piece02"
			{Position -13.2096 	 -46.9098 	 -7.4545}
			{poly "sub_piece02"}
		}
		{bone "piece03"
			{Position -31.3958 	 -5.684 	 22.5467}
			{poly "piece03"}
		}
		{bone "piece04"
			{Position -31.4528 	 -35.72 	 11.8936}
			{poly "piece04"}
		}
		{bone "piece05"
			{Position -31.3914 	 -31.5756 	 -11.5486}
			{poly "piece05"}
		}
		{bone "piece06"
			{Position -31.3866 	 -6.5645 	 -24.3526}
			{poly "piece06"}
		}
		{bone "piece07"
			{Position -31.4724 	 -12.7305 	 -0.9674}
			{poly "piece07"}
		}
		{bone "piece08"
			{Position -31.4528 	 11.3515 	 -4.6405}
			{poly "piece08"}
		}
		{bone "piece09"
			{Position -31.3958 	 15.1139 	 -27.2748}
			{poly "piece09"}
		}
		{bone "sub_piece03"
			{Position -22.9052 	 -6.4168 	 32.5397}
			{poly "sub_piece03"}
		}
		{bone "sub_piece04"
			{Position 6.3773 	 -22.9872 	 27.3159}
			{poly "sub_piece04"}
		}
		{bone "sub_piece05"
			{Position -21.3938 	 -41.9279 	 21.3297}
			{poly "sub_piece05"}
		}
	}
}
{volume "piece01"
	{box 5.90551 9.17772 15.9504}
	{bone "piece01"}
	{matrix34
		0 	 1 	 0
		-0.9986 	 0 	 -0.0523
		-0.0523 	 0 	 0.9986
		-0.9279 	 -0.0991 	 0.151
	}
}
{volume "piece02"
	{box 5.90551 15.0377 28.5731}
	{bone "piece02"}
	{matrix34
		0 	 1 	 0
		-0.9986 	 0 	 -0.0523
		-0.0523 	 0 	 0.9986
		-0.1483 	 0.2475 	 0.18
	}
}
{volume "piece03"
	{box 5.90551 15.0377 17.9705}
	{bone "piece03"}
	{matrix34
		1 	 0 	 0
		0 	 0.788 	 -0.6157
		0 	 0.6157 	 0.788
		0 	 -0.2798 	 -0.2535
	}
}
{volume "piece04"
	{box 5.90551 23.4965 13.6328}
	{bone "piece04"}
	{matrix34
		1 	 0 	 0
		0 	 0.9557 	 0.2943
		0 	 -0.2943 	 0.9557
		0 	 0.2298 	 0.258
	}
}
{volume "piece05"
	{box 5.90551 23.4965 13.6328}
	{bone "piece05"}
	{matrix34
		1 	 0 	 0
		0 	 -0.8352 	 0.5499
		0 	 -0.5499 	 -0.8352
		0 	 -0.8722 	 -1.2715
	}
}
{volume "piece06"
	{box 5.90551 23.5382 13.8895}
	{bone "piece06"}
	{Position 1.2073 	 -0.1958 	 -0.7416}
}
{volume "piece07"
	{box 5.90551 21.7473 14.2028}
	{bone "piece07"}
	{Position 0 	 0.747 	 0.4631}
}
{volume "piece08"
	{box 5.90551 23.4965 13.6328}
	{bone "piece08"}
	{matrix34
		1 	 0 	 0
		0 	 0.0349 	 -0.9994
		0 	 0.9994 	 0.0349
		0 	 -0.0681 	 -0.1406
	}
}
{volume "piece09"
	{box 5.90551 15.0377 10.0635}
	{bone "piece09"}
	{matrix34
		1 	 0 	 0
		0 	 0.788 	 -0.6157
		0 	 0.6157 	 0.788
		0 	 -1.3607 	 0.6348
	}
}
{volume "sub_piece01"
	{box 5.90551 6.78004 10.4432}
	{bone "sub_piece01"}
	{matrix34
		0 	 1 	 0
		-1 	 0 	 0
		0 	 0 	 1
		0.1173 	 0.05 	 0.3572
	}
}
{volume "sub_piece02"
	{box 5.90551 18.4212 10.4432}
	{bone "sub_piece02"}
	{matrix34
		0 	 1 	 0
		-1 	 0 	 0
		0 	 0 	 1
		0.3384 	 0.05 	 -0.409
	}
}
{volume "sub_piece03"
	{box 0.984252 17.8328 14.2028}
	{bone "sub_piece03"}
	{matrix34
		0 	 -0.3098 	 0.9508
		1 	 0 	 0
		0 	 0.9508 	 0.3098
		-2.1211 	 -1.5801 	 0.0212
	}
}
{volume "sub_piece04"
	{box 0.984252 17.8328 14.2028}
	{bone "sub_piece04"}
	{matrix34
		0 	 -0.3016 	 0.9534
		1 	 0 	 0
		0 	 0.9534 	 0.3016
		0 	 0.0099 	 0.6072
	}
}
{volume "sub_piece05"
	{box 0.984252 17.8328 14.2028}
	{bone "sub_piece05"}
	{matrix34
		0 	 -0.3016 	 0.9534
		1 	 0 	 0
		0 	 0.9534 	 0.3016
		-1.7154 	 -1.5614 	 -0.1486
	}
}
